"Beatles_Her_Majesty"

# 
0.00000 57.00000 99.00000
0.07000 50.00000 99.00000
0.14000 50.00000 99.00000
0.21000 50.00000 99.00000
0.28000 50.00000 99.00000
0.35000 50.00000 99.00000
0.42000 50.00000 99.00000
0.49000 50.00000 99.00000
0.56000 50.00000 99.00000
0.63000 50.00000 99.00000
0.70000 50.00000 99.00000
0.77000 50.00000 99.00000
0.84000 50.00000 99.00000
0.91000 50.00000 99.00000
0.98000 50.00000 99.00000
1.05000 50.00000 99.00000
1.12000 50.00000 99.00000
1.19000 50.00000 99.00000
# 
0.00000 0.00000 0.00000
0.07000 0.00000 0.00000
0.14000 0.00000 0.00000
0.21000 0.00000 0.00000
0.28000 0.00000 0.00000
0.35000 0.00000 0.00000
0.42000 0.00000 0.00000
0.49000 0.00000 0.00000
0.56000 0.00000 0.00000
0.63000 0.00000 0.00000
0.70000 0.00000 0.00000
0.77000 0.00000 0.00000
0.84000 0.00000 0.00000
0.91000 0.00000 0.00000
0.98000 0.00000 0.00000
1.05000 0.00000 0.00000
1.12000 0.00000 0.00000
1.19000 0.00000 0.00000
1.26000 62.00000 99.00000
1.33000 62.00000 99.00000
1.40000 62.00000 99.00000
1.47000 62.00000 99.00000
1.54000 57.00000 99.00000
1.61000 0.00000 0.00000
1.68000 62.00000 99.00000
1.75000 62.00000 99.00000
1.82000 62.00000 99.00000
1.89000 0.00000 0.00000
1.96000 57.00000 99.00000
2.03000 57.00000 99.00000
2.10000 66.00000 99.00000
2.17000 66.00000 99.00000
2.24000 66.00000 99.00000
2.31000 66.00000 99.00000
2.38000 0.00000 0.00000
2.45000 57.00000 99.00000
2.52000 57.00000 99.00000
2.59000 57.00000 99.00000
2.66000 57.00000 99.00000
2.73000 66.00000 99.00000
2.80000 0.00000 0.00000
2.87000 0.00000 0.00000
2.94000 62.00000 99.00000
3.01000 62.00000 99.00000
3.08000 62.00000 99.00000
3.15000 62.00000 99.00000
3.22000 62.00000 99.00000
3.29000 62.00000 99.00000
3.36000 50.00000 99.00000
3.43000 50.00000 99.00000
3.50000 50.00000 99.00000
3.57000 50.00000 99.00000
3.64000 62.00000 99.00000
3.71000 62.00000 99.00000
3.78000 62.00000 99.00000
3.85000 62.00000 99.00000
3.92000 0.00000 0.00000
3.99000 0.00000 0.00000
4.06000 59.00000 99.00000
4.13000 59.00000 99.00000
4.20000 0.00000 0.00000
4.27000 0.00000 0.00000
4.34000 0.00000 0.00000
4.41000 0.00000 0.00000
4.48000 0.00000 0.00000
4.55000 61.00000 99.00000
4.62000 0.00000 0.00000
4.69000 0.00000 0.00000
4.76000 0.00000 0.00000
4.83000 57.00000 99.00000
4.90000 66.00000 99.00000
4.97000 66.00000 99.00000
5.04000 66.00000 99.00000
5.11000 66.00000 99.00000
5.18000 0.00000 0.00000
5.25000 0.00000 0.00000
5.32000 0.00000 0.00000
5.39000 0.00000 0.00000
5.46000 0.00000 0.00000
5.53000 0.00000 0.00000
5.60000 0.00000 0.00000
5.67000 0.00000 0.00000
5.74000 0.00000 0.00000
5.81000 0.00000 0.00000
5.88000 0.00000 0.00000
5.95000 0.00000 0.00000
6.02000 62.00000 99.00000
6.09000 62.00000 99.00000
6.16000 62.00000 99.00000
6.23000 62.00000 99.00000
6.30000 0.00000 0.00000
6.37000 57.00000 99.00000
6.44000 0.00000 0.00000
6.51000 57.00000 99.00000
6.58000 57.00000 99.00000
6.65000 57.00000 99.00000
6.72000 57.00000 99.00000
6.79000 57.00000 99.00000
6.86000 0.00000 0.00000
6.93000 57.00000 99.00000
7.00000 57.00000 99.00000
7.07000 57.00000 99.00000
7.14000 57.00000 99.00000
7.21000 57.00000 99.00000
7.28000 57.00000 99.00000
7.35000 57.00000 99.00000
7.42000 57.00000 99.00000
7.49000 0.00000 0.00000
7.56000 0.00000 0.00000
7.63000 0.00000 0.00000
7.70000 62.00000 99.00000
7.77000 62.00000 99.00000
7.84000 62.00000 99.00000
7.91000 62.00000 99.00000
7.98000 62.00000 99.00000
8.05000 0.00000 0.00000
8.12000 57.00000 99.00000
8.19000 57.00000 99.00000
8.26000 57.00000 99.00000
8.33000 57.00000 99.00000
8.40000 52.00000 99.00000
8.47000 52.00000 99.00000
8.54000 52.00000 99.00000
8.61000 62.00000 99.00000
8.68000 52.00000 99.00000
8.75000 52.00000 99.00000
8.82000 0.00000 0.00000
8.89000 62.00000 99.00000
8.96000 62.00000 99.00000
9.03000 62.00000 99.00000
9.10000 62.00000 99.00000
9.17000 62.00000 99.00000
9.24000 0.00000 0.00000
9.31000 0.00000 0.00000
9.38000 0.00000 0.00000
9.45000 0.00000 0.00000
9.52000 0.00000 0.00000
9.59000 0.00000 0.00000
9.66000 57.00000 99.00000
9.73000 57.00000 99.00000
9.80000 57.00000 99.00000
9.87000 57.00000 99.00000
9.94000 52.00000 99.00000
10.01000 0.00000 0.00000
10.08000 61.00000 99.00000
10.15000 61.00000 99.00000
10.22000 62.00000 99.00000
10.29000 62.00000 99.00000
10.36000 62.00000 99.00000
10.43000 52.00000 99.00000
10.50000 57.00000 99.00000
10.57000 57.00000 99.00000
10.64000 57.00000 99.00000
10.71000 57.00000 99.00000
10.78000 0.00000 0.00000
10.85000 62.00000 99.00000
10.92000 62.00000 99.00000
10.99000 62.00000 99.00000
11.06000 62.00000 99.00000
11.13000 54.00000 99.00000
11.20000 0.00000 0.00000
11.27000 62.00000 99.00000
11.34000 62.00000 99.00000
11.41000 62.00000 99.00000
11.48000 62.00000 99.00000
11.55000 0.00000 0.00000
11.62000 0.00000 0.00000
11.69000 0.00000 0.00000
11.76000 62.00000 99.00000
11.83000 62.00000 99.00000
11.90000 62.00000 99.00000
11.97000 0.00000 0.00000
12.04000 61.00000 99.00000
12.11000 61.00000 99.00000
12.18000 61.00000 99.00000
12.25000 61.00000 99.00000
12.32000 0.00000 0.00000
12.39000 59.00000 99.00000
12.46000 0.00000 0.00000
12.53000 61.00000 99.00000
12.60000 61.00000 99.00000
12.67000 61.00000 99.00000
12.74000 61.00000 99.00000
12.81000 61.00000 99.00000
12.88000 66.00000 99.00000
12.95000 0.00000 0.00000
13.02000 0.00000 0.00000
13.09000 0.00000 0.00000
13.16000 0.00000 0.00000
13.23000 57.00000 99.00000
13.30000 60.00000 99.00000
13.37000 60.00000 99.00000
13.44000 60.00000 99.00000
13.51000 60.00000 99.00000
13.58000 0.00000 0.00000
13.65000 0.00000 0.00000
13.72000 64.00000 99.00000
13.79000 64.00000 99.00000
13.86000 64.00000 99.00000
13.93000 64.00000 99.00000
14.00000 64.00000 99.00000
14.07000 64.00000 99.00000
14.14000 57.00000 99.00000
14.21000 0.00000 0.00000
14.28000 0.00000 0.00000
14.35000 0.00000 0.00000
14.42000 67.00000 99.00000
14.49000 67.00000 99.00000
14.56000 67.00000 99.00000
14.63000 67.00000 99.00000
14.70000 0.00000 0.00000
14.77000 0.00000 0.00000
14.84000 55.00000 99.00000
14.91000 59.00000 99.00000
14.98000 59.00000 99.00000
15.05000 59.00000 99.00000
15.12000 59.00000 99.00000
15.19000 55.00000 99.00000
15.26000 50.00000 99.00000
15.33000 59.00000 99.00000
15.40000 59.00000 99.00000
15.47000 59.00000 99.00000
15.54000 59.00000 99.00000
15.61000 0.00000 0.00000
15.68000 0.00000 0.00000
15.75000 0.00000 0.00000
15.82000 0.00000 0.00000
15.89000 0.00000 0.00000
15.96000 67.00000 99.00000
16.03000 0.00000 0.00000
16.10000 64.00000 99.00000
16.17000 64.00000 99.00000
16.24000 64.00000 99.00000
16.31000 64.00000 99.00000
16.38000 58.00000 99.00000
16.45000 0.00000 0.00000
16.52000 64.00000 99.00000
16.59000 58.00000 99.00000
16.66000 0.00000 0.00000
16.73000 0.00000 0.00000
16.80000 0.00000 0.00000
16.87000 57.00000 99.00000
16.94000 57.00000 99.00000
17.01000 57.00000 99.00000
17.08000 57.00000 99.00000
17.15000 0.00000 0.00000
17.22000 0.00000 0.00000
17.29000 0.00000 0.00000
17.36000 0.00000 0.00000
17.43000 0.00000 0.00000
17.50000 0.00000 0.00000
17.57000 57.00000 99.00000
17.64000 57.00000 99.00000
17.71000 0.00000 0.00000
17.78000 0.00000 0.00000
17.85000 0.00000 0.00000
17.92000 0.00000 0.00000
17.99000 52.00000 99.00000
18.06000 52.00000 99.00000
18.13000 52.00000 99.00000
18.20000 52.00000 99.00000
18.27000 62.00000 99.00000
18.34000 0.00000 0.00000
18.41000 0.00000 0.00000
18.48000 62.00000 99.00000
18.55000 0.00000 0.00000
18.62000 0.00000 0.00000
18.69000 0.00000 0.00000
18.76000 0.00000 0.00000
18.83000 0.00000 0.00000
18.90000 0.00000 0.00000
18.97000 52.00000 99.00000
19.04000 0.00000 0.00000
19.11000 0.00000 0.00000
19.18000 0.00000 0.00000
19.25000 66.00000 99.00000
19.32000 66.00000 99.00000
19.39000 66.00000 99.00000
19.46000 66.00000 99.00000
19.53000 0.00000 0.00000
19.60000 66.00000 99.00000
19.67000 57.00000 99.00000
19.74000 57.00000 99.00000
19.81000 57.00000 99.00000
19.88000 57.00000 99.00000
19.95000 0.00000 0.00000
20.02000 57.00000 99.00000
20.09000 0.00000 0.00000
20.16000 59.00000 99.00000
20.23000 59.00000 99.00000
20.30000 0.00000 0.00000
20.37000 0.00000 0.00000
20.44000 62.00000 99.00000
20.51000 62.00000 99.00000
20.58000 62.00000 99.00000
20.65000 0.00000 0.00000
20.72000 52.00000 99.00000
20.79000 0.00000 0.00000
20.86000 0.00000 0.00000
20.93000 67.00000 99.00000
21.00000 67.00000 99.00000
21.07000 0.00000 0.00000
21.14000 0.00000 0.00000
21.21000 52.00000 99.00000
21.28000 0.00000 0.00000
21.35000 0.00000 0.00000
21.42000 0.00000 0.00000
21.49000 0.00000 0.00000
21.56000 0.00000 0.00000
21.63000 66.00000 99.00000
21.70000 66.00000 99.00000
21.77000 66.00000 99.00000
21.84000 66.00000 99.00000
21.91000 66.00000 99.00000
21.98000 66.00000 99.00000
22.05000 66.00000 99.00000
22.12000 66.00000 99.00000
22.19000 0.00000 0.00000
# 
0.00000 57.00000 99.00000
0.07000 50.00000 99.00000
0.14000 50.00000 99.00000
0.21000 50.00000 99.00000
0.28000 50.00000 99.00000
0.35000 50.00000 99.00000
0.42000 50.00000 99.00000
0.49000 50.00000 99.00000
0.56000 50.00000 99.00000
0.63000 50.00000 99.00000
0.70000 50.00000 99.00000
0.77000 50.00000 99.00000
0.84000 50.00000 99.00000
0.91000 50.00000 99.00000
0.98000 50.00000 99.00000
1.05000 50.00000 99.00000
1.12000 50.00000 99.00000
1.19000 50.00000 99.00000
1.26000 0.00000 0.00000
1.33000 0.00000 0.00000
1.40000 0.00000 0.00000
1.47000 0.00000 0.00000
1.54000 0.00000 0.00000
1.61000 0.00000 0.00000
1.68000 0.00000 0.00000
1.75000 0.00000 0.00000
1.82000 49.00000 99.00000
1.89000 49.00000 99.00000
1.96000 49.00000 99.00000
2.03000 49.00000 99.00000
2.10000 49.00000 99.00000
2.17000 49.00000 99.00000
2.24000 49.00000 99.00000
2.31000 49.00000 99.00000
2.38000 0.00000 0.00000
2.45000 47.00000 99.00000
2.52000 47.00000 99.00000
2.59000 47.00000 99.00000
2.66000 47.00000 99.00000
2.73000 47.00000 99.00000
2.80000 47.00000 99.00000
2.87000 47.00000 99.00000
2.94000 47.00000 99.00000
3.01000 45.00000 99.00000
3.08000 45.00000 99.00000
3.15000 45.00000 99.00000
3.22000 45.00000 99.00000
3.29000 45.00000 99.00000
3.36000 45.00000 99.00000
3.43000 45.00000 99.00000
3.50000 45.00000 99.00000
3.57000 0.00000 0.00000
3.64000 40.00000 99.00000
3.71000 40.00000 99.00000
3.78000 40.00000 99.00000
3.85000 40.00000 99.00000
3.92000 40.00000 99.00000
3.99000 40.00000 99.00000
4.06000 40.00000 99.00000
4.13000 40.00000 99.00000
4.20000 45.00000 99.00000
4.27000 45.00000 99.00000
4.34000 45.00000 99.00000
4.41000 45.00000 99.00000
4.48000 45.00000 99.00000
4.55000 45.00000 99.00000
4.62000 45.00000 99.00000
4.69000 45.00000 99.00000
4.76000 0.00000 0.00000
4.83000 50.00000 99.00000
4.90000 50.00000 99.00000
4.97000 50.00000 99.00000
5.04000 50.00000 99.00000
5.11000 45.00000 99.00000
5.18000 45.00000 99.00000
5.25000 45.00000 99.00000
5.32000 45.00000 99.00000
5.39000 0.00000 0.00000
5.46000 47.00000 99.00000
5.53000 47.00000 99.00000
5.60000 47.00000 99.00000
5.67000 47.00000 99.00000
5.74000 49.00000 99.00000
5.81000 49.00000 99.00000
5.88000 49.00000 99.00000
5.95000 49.00000 99.00000
6.02000 50.00000 99.00000
6.09000 50.00000 99.00000
6.16000 50.00000 99.00000
6.23000 50.00000 99.00000
6.30000 50.00000 99.00000
6.37000 50.00000 99.00000
6.44000 50.00000 99.00000
6.51000 50.00000 99.00000
6.58000 0.00000 0.00000
6.65000 49.00000 99.00000
6.72000 49.00000 99.00000
6.79000 49.00000 99.00000
6.86000 49.00000 99.00000
6.93000 49.00000 99.00000
7.00000 49.00000 99.00000
7.07000 49.00000 99.00000
7.14000 49.00000 99.00000
7.21000 47.00000 99.00000
7.28000 47.00000 99.00000
7.35000 47.00000 99.00000
7.42000 47.00000 99.00000
7.49000 47.00000 99.00000
7.56000 47.00000 99.00000
7.63000 47.00000 99.00000
7.70000 47.00000 99.00000
7.77000 0.00000 0.00000
7.84000 45.00000 99.00000
7.91000 45.00000 99.00000
7.98000 45.00000 99.00000
8.05000 45.00000 99.00000
8.12000 45.00000 99.00000
8.19000 45.00000 99.00000
8.26000 45.00000 99.00000
8.33000 45.00000 99.00000
8.40000 0.00000 0.00000
8.47000 40.00000 99.00000
8.54000 40.00000 99.00000
8.61000 40.00000 99.00000
8.68000 40.00000 99.00000
8.75000 40.00000 99.00000
8.82000 40.00000 99.00000
8.89000 40.00000 99.00000
8.96000 40.00000 99.00000
9.03000 0.00000 0.00000
9.10000 0.00000 0.00000
9.17000 0.00000 0.00000
9.24000 0.00000 0.00000
9.31000 0.00000 0.00000
9.38000 0.00000 0.00000
9.45000 0.00000 0.00000
9.52000 0.00000 0.00000
9.59000 0.00000 0.00000
9.66000 45.00000 99.00000
9.73000 45.00000 99.00000
9.80000 45.00000 99.00000
9.87000 45.00000 99.00000
9.94000 45.00000 99.00000
10.01000 45.00000 99.00000
10.08000 57.00000 99.00000
10.15000 57.00000 99.00000
10.22000 57.00000 99.00000
10.29000 57.00000 99.00000
10.36000 57.00000 99.00000
10.43000 0.00000 0.00000
10.50000 0.00000 0.00000
10.57000 0.00000 0.00000
10.64000 0.00000 0.00000
10.71000 0.00000 0.00000
10.78000 0.00000 0.00000
10.85000 47.00000 99.00000
10.92000 47.00000 99.00000
10.99000 47.00000 99.00000
11.06000 47.00000 99.00000
11.13000 47.00000 99.00000
11.20000 47.00000 99.00000
11.27000 47.00000 99.00000
11.34000 47.00000 99.00000
11.41000 42.00000 99.00000
11.48000 42.00000 99.00000
11.55000 42.00000 99.00000
11.62000 42.00000 99.00000
11.69000 42.00000 99.00000
11.76000 42.00000 99.00000
11.83000 42.00000 99.00000
11.90000 42.00000 99.00000
11.97000 0.00000 0.00000
12.04000 47.00000 99.00000
12.11000 47.00000 99.00000
12.18000 47.00000 99.00000
12.25000 47.00000 99.00000
12.32000 47.00000 99.00000
12.39000 47.00000 99.00000
12.46000 47.00000 99.00000
12.53000 47.00000 99.00000
12.60000 42.00000 99.00000
12.67000 42.00000 99.00000
12.74000 0.00000 0.00000
12.81000 42.00000 99.00000
12.88000 42.00000 99.00000
12.95000 47.00000 99.00000
13.02000 47.00000 99.00000
13.09000 0.00000 0.00000
13.16000 0.00000 0.00000
13.23000 50.00000 99.00000
13.30000 50.00000 99.00000
13.37000 50.00000 99.00000
13.44000 50.00000 99.00000
13.51000 50.00000 99.00000
13.58000 50.00000 99.00000
13.65000 50.00000 99.00000
13.72000 50.00000 99.00000
13.79000 0.00000 0.00000
13.86000 50.00000 99.00000
13.93000 50.00000 99.00000
14.00000 50.00000 99.00000
14.07000 50.00000 99.00000
14.14000 50.00000 99.00000
14.21000 50.00000 99.00000
14.28000 50.00000 99.00000
14.35000 50.00000 99.00000
14.42000 43.00000 99.00000
14.49000 43.00000 99.00000
14.56000 43.00000 99.00000
14.63000 43.00000 99.00000
14.70000 43.00000 99.00000
14.77000 43.00000 99.00000
14.84000 43.00000 99.00000
14.91000 43.00000 99.00000
14.98000 0.00000 0.00000
15.05000 43.00000 99.00000
15.12000 43.00000 99.00000
15.19000 43.00000 99.00000
15.26000 43.00000 99.00000
15.33000 43.00000 99.00000
15.40000 43.00000 99.00000
15.47000 43.00000 99.00000
15.54000 43.00000 99.00000
15.61000 0.00000 0.00000
15.68000 55.00000 99.00000
15.75000 55.00000 99.00000
15.82000 55.00000 99.00000
15.89000 55.00000 99.00000
15.96000 55.00000 99.00000
16.03000 55.00000 99.00000
16.10000 55.00000 99.00000
16.17000 55.00000 99.00000
16.24000 0.00000 0.00000
16.31000 0.00000 0.00000
16.38000 0.00000 0.00000
16.45000 0.00000 0.00000
16.52000 0.00000 0.00000
16.59000 0.00000 0.00000
16.66000 0.00000 0.00000
16.73000 0.00000 0.00000
16.80000 50.00000 99.00000
16.87000 50.00000 99.00000
16.94000 50.00000 99.00000
17.01000 50.00000 99.00000
17.08000 50.00000 99.00000
17.15000 50.00000 99.00000
17.22000 0.00000 0.00000
17.29000 48.00000 99.00000
17.36000 48.00000 99.00000
17.43000 47.00000 99.00000
17.50000 47.00000 99.00000
17.57000 47.00000 99.00000
17.64000 47.00000 99.00000
17.71000 47.00000 99.00000
17.78000 47.00000 99.00000
17.85000 0.00000 0.00000
17.92000 0.00000 0.00000
17.99000 0.00000 0.00000
18.06000 40.00000 99.00000
18.13000 40.00000 99.00000
18.20000 40.00000 99.00000
18.27000 40.00000 99.00000
18.34000 40.00000 99.00000
18.41000 40.00000 99.00000
18.48000 40.00000 99.00000
18.55000 40.00000 99.00000
18.62000 45.00000 99.00000
18.69000 45.00000 99.00000
18.76000 45.00000 99.00000
18.83000 45.00000 99.00000
18.90000 45.00000 99.00000
18.97000 45.00000 99.00000
19.04000 0.00000 0.00000
19.11000 0.00000 0.00000
19.18000 0.00000 0.00000
19.25000 50.00000 99.00000
19.32000 50.00000 99.00000
19.39000 50.00000 99.00000
19.46000 50.00000 99.00000
19.53000 50.00000 99.00000
19.60000 50.00000 99.00000
19.67000 47.00000 99.00000
19.74000 47.00000 99.00000
19.81000 47.00000 99.00000
19.88000 47.00000 99.00000
19.95000 47.00000 99.00000
20.02000 47.00000 99.00000
20.09000 47.00000 99.00000
20.16000 47.00000 99.00000
20.23000 0.00000 0.00000
20.30000 0.00000 0.00000
20.37000 0.00000 0.00000
20.44000 40.00000 99.00000
20.51000 40.00000 99.00000
20.58000 40.00000 99.00000
20.65000 40.00000 99.00000
20.72000 40.00000 99.00000
20.79000 40.00000 99.00000
20.86000 40.00000 99.00000
20.93000 40.00000 99.00000
21.00000 45.00000 99.00000
21.07000 45.00000 99.00000
21.14000 45.00000 99.00000
21.21000 45.00000 99.00000
21.28000 45.00000 99.00000
21.35000 45.00000 99.00000
21.42000 0.00000 0.00000
21.49000 0.00000 0.00000
21.56000 0.00000 0.00000
21.63000 50.00000 99.00000
21.70000 50.00000 99.00000
21.77000 50.00000 99.00000
21.84000 50.00000 99.00000
21.91000 45.00000 99.00000
21.98000 45.00000 99.00000
22.05000 45.00000 99.00000
22.12000 45.00000 99.00000
22.19000 0.00000 0.00000
# 
0.00000 0.00000 0.00000
0.07000 0.00000 0.00000
0.14000 0.00000 0.00000
0.21000 0.00000 0.00000
0.28000 0.00000 0.00000
0.35000 0.00000 0.00000
0.42000 0.00000 0.00000
0.49000 0.00000 0.00000
0.56000 0.00000 0.00000
0.63000 0.00000 0.00000
0.70000 0.00000 0.00000
0.77000 0.00000 0.00000
0.84000 0.00000 0.00000
0.91000 0.00000 0.00000
0.98000 0.00000 0.00000
1.05000 0.00000 0.00000
1.12000 0.00000 0.00000
1.19000 0.00000 0.00000
1.26000 0.00000 0.00000
1.33000 0.00000 0.00000
1.40000 0.00000 0.00000
1.47000 0.00000 0.00000
1.54000 0.00000 0.00000
1.61000 0.00000 0.00000
1.68000 66.00000 99.00000
1.75000 66.00000 99.00000
1.82000 0.00000 0.00000
1.89000 0.00000 0.00000
1.96000 0.00000 0.00000
2.03000 0.00000 0.00000
2.10000 0.00000 0.00000
2.17000 0.00000 0.00000
2.24000 0.00000 0.00000
2.31000 0.00000 0.00000
2.38000 0.00000 0.00000
2.45000 71.00000 99.00000
2.52000 71.00000 99.00000
2.59000 69.00000 99.00000
2.66000 0.00000 0.00000
2.73000 65.00000 99.00000
2.80000 65.00000 99.00000
2.87000 64.00000 99.00000
2.94000 64.00000 99.00000
3.01000 64.00000 99.00000
3.08000 62.00000 99.00000
3.15000 62.00000 99.00000
3.22000 62.00000 99.00000
3.29000 62.00000 99.00000
3.36000 57.00000 99.00000
3.43000 57.00000 99.00000
3.50000 0.00000 0.00000
3.57000 0.00000 0.00000
3.64000 66.00000 99.00000
3.71000 66.00000 99.00000
3.78000 0.00000 0.00000
3.85000 0.00000 0.00000
3.92000 62.00000 99.00000
3.99000 62.00000 99.00000
4.06000 59.00000 99.00000
4.13000 59.00000 99.00000
4.20000 0.00000 0.00000
4.27000 64.00000 99.00000
4.34000 64.00000 99.00000
4.41000 64.00000 99.00000
4.48000 64.00000 99.00000
4.55000 61.00000 99.00000
4.62000 0.00000 0.00000
4.69000 62.00000 99.00000
4.76000 62.00000 99.00000
4.83000 62.00000 99.00000
4.90000 62.00000 99.00000
4.97000 62.00000 99.00000
5.04000 62.00000 99.00000
5.11000 0.00000 0.00000
5.18000 0.00000 0.00000
5.25000 0.00000 0.00000
5.32000 0.00000 0.00000
5.39000 0.00000 0.00000
5.46000 0.00000 0.00000
5.53000 0.00000 0.00000
5.60000 0.00000 0.00000
5.67000 0.00000 0.00000
5.74000 0.00000 0.00000
5.81000 0.00000 0.00000
5.88000 0.00000 0.00000
5.95000 0.00000 0.00000
6.02000 0.00000 0.00000
6.09000 0.00000 0.00000
6.16000 0.00000 0.00000
6.23000 0.00000 0.00000
6.30000 0.00000 0.00000
6.37000 0.00000 0.00000
6.44000 0.00000 0.00000
6.51000 66.00000 99.00000
6.58000 66.00000 99.00000
6.65000 66.00000 99.00000
6.72000 66.00000 99.00000
6.79000 66.00000 99.00000
6.86000 66.00000 99.00000
6.93000 0.00000 0.00000
7.00000 0.00000 0.00000
7.07000 66.00000 99.00000
7.14000 0.00000 0.00000
7.21000 0.00000 0.00000
7.28000 71.00000 99.00000
7.35000 0.00000 0.00000
7.42000 69.00000 99.00000
7.49000 69.00000 99.00000
7.56000 66.00000 99.00000
7.63000 0.00000 0.00000
7.70000 0.00000 0.00000
7.77000 0.00000 0.00000
7.84000 62.00000 99.00000
7.91000 62.00000 99.00000
7.98000 62.00000 99.00000
8.05000 62.00000 99.00000
8.12000 0.00000 0.00000
8.19000 0.00000 0.00000
8.26000 0.00000 0.00000
8.33000 0.00000 0.00000
8.40000 0.00000 0.00000
8.47000 66.00000 99.00000
8.54000 0.00000 0.00000
8.61000 66.00000 99.00000
8.68000 66.00000 99.00000
8.75000 62.00000 99.00000
8.82000 62.00000 99.00000
8.89000 0.00000 0.00000
8.96000 66.00000 99.00000
9.03000 66.00000 99.00000
9.10000 66.00000 99.00000
9.17000 62.00000 99.00000
9.24000 62.00000 99.00000
9.31000 64.00000 99.00000
9.38000 64.00000 99.00000
9.45000 64.00000 99.00000
9.52000 64.00000 99.00000
9.59000 64.00000 99.00000
9.66000 64.00000 99.00000
9.73000 0.00000 0.00000
9.80000 0.00000 0.00000
9.87000 0.00000 0.00000
9.94000 0.00000 0.00000
10.01000 0.00000 0.00000
10.08000 0.00000 0.00000
10.15000 0.00000 0.00000
10.22000 0.00000 0.00000
10.29000 0.00000 0.00000
10.36000 0.00000 0.00000
10.43000 0.00000 0.00000
10.50000 0.00000 0.00000
10.57000 0.00000 0.00000
10.64000 0.00000 0.00000
10.71000 0.00000 0.00000
10.78000 0.00000 0.00000
10.85000 0.00000 0.00000
10.92000 0.00000 0.00000
10.99000 57.00000 99.00000
11.06000 57.00000 99.00000
11.13000 66.00000 99.00000
11.20000 0.00000 0.00000
11.27000 66.00000 99.00000
11.34000 66.00000 99.00000
11.41000 66.00000 99.00000
11.48000 0.00000 0.00000
11.55000 0.00000 0.00000
11.62000 66.00000 99.00000
11.69000 66.00000 99.00000
11.76000 66.00000 99.00000
11.83000 0.00000 0.00000
11.90000 66.00000 99.00000
11.97000 66.00000 99.00000
12.04000 66.00000 99.00000
12.11000 66.00000 99.00000
12.18000 0.00000 0.00000
12.25000 0.00000 0.00000
12.32000 66.00000 99.00000
12.39000 66.00000 99.00000
12.46000 66.00000 99.00000
12.53000 0.00000 0.00000
12.60000 0.00000 0.00000
12.67000 0.00000 0.00000
12.74000 0.00000 0.00000
12.81000 0.00000 0.00000
12.88000 0.00000 0.00000
12.95000 64.00000 99.00000
13.02000 64.00000 99.00000
13.09000 0.00000 0.00000
13.16000 0.00000 0.00000
13.23000 0.00000 0.00000
13.30000 0.00000 0.00000
13.37000 0.00000 0.00000
13.44000 0.00000 0.00000
13.51000 0.00000 0.00000
13.58000 0.00000 0.00000
13.65000 0.00000 0.00000
13.72000 0.00000 0.00000
13.79000 71.00000 99.00000
13.86000 71.00000 99.00000
13.93000 0.00000 0.00000
14.00000 0.00000 0.00000
14.07000 0.00000 0.00000
14.14000 66.00000 99.00000
14.21000 66.00000 99.00000
14.28000 64.00000 99.00000
14.35000 64.00000 99.00000
14.42000 0.00000 0.00000
14.49000 62.00000 99.00000
14.56000 62.00000 99.00000
14.63000 62.00000 99.00000
14.70000 62.00000 99.00000
14.77000 62.00000 99.00000
14.84000 62.00000 99.00000
14.91000 62.00000 99.00000
14.98000 62.00000 99.00000
15.05000 0.00000 0.00000
15.12000 0.00000 0.00000
15.19000 0.00000 0.00000
15.26000 0.00000 0.00000
15.33000 0.00000 0.00000
15.40000 0.00000 0.00000
15.47000 0.00000 0.00000
15.54000 0.00000 0.00000
15.61000 0.00000 0.00000
15.68000 0.00000 0.00000
15.75000 0.00000 0.00000
15.82000 0.00000 0.00000
15.89000 0.00000 0.00000
15.96000 61.00000 99.00000
16.03000 61.00000 99.00000
16.10000 0.00000 0.00000
16.17000 0.00000 0.00000
16.24000 59.00000 99.00000
16.31000 59.00000 99.00000
16.38000 58.00000 99.00000
16.45000 58.00000 99.00000
16.52000 59.00000 99.00000
16.59000 0.00000 0.00000
16.66000 0.00000 0.00000
16.73000 0.00000 0.00000
16.80000 0.00000 0.00000
16.87000 62.00000 99.00000
16.94000 0.00000 0.00000
17.01000 0.00000 0.00000
17.08000 0.00000 0.00000
17.15000 62.00000 99.00000
17.22000 62.00000 99.00000
17.29000 62.00000 99.00000
17.36000 62.00000 99.00000
17.43000 65.00000 99.00000
17.50000 65.00000 99.00000
17.57000 66.00000 99.00000
17.64000 66.00000 99.00000
17.71000 59.00000 99.00000
17.78000 59.00000 99.00000
17.85000 0.00000 0.00000
17.92000 67.00000 99.00000
17.99000 67.00000 99.00000
18.06000 67.00000 99.00000
18.13000 67.00000 99.00000
18.20000 0.00000 0.00000
18.27000 0.00000 0.00000
18.34000 0.00000 0.00000
18.41000 0.00000 0.00000
18.48000 67.00000 99.00000
18.55000 0.00000 0.00000
18.62000 66.00000 99.00000
18.69000 66.00000 99.00000
18.76000 0.00000 0.00000
18.83000 0.00000 0.00000
18.90000 0.00000 0.00000
18.97000 0.00000 0.00000
19.04000 0.00000 0.00000
19.11000 62.00000 99.00000
19.18000 62.00000 99.00000
19.25000 62.00000 99.00000
19.32000 62.00000 99.00000
19.39000 66.00000 99.00000
19.46000 66.00000 99.00000
19.53000 66.00000 99.00000
19.60000 66.00000 99.00000
19.67000 59.00000 99.00000
19.74000 59.00000 99.00000
19.81000 59.00000 99.00000
19.88000 59.00000 99.00000
19.95000 0.00000 0.00000
20.02000 0.00000 0.00000
20.09000 0.00000 0.00000
20.16000 0.00000 0.00000
20.23000 59.00000 99.00000
20.30000 0.00000 0.00000
20.37000 0.00000 0.00000
20.44000 66.00000 99.00000
20.51000 66.00000 99.00000
20.58000 0.00000 0.00000
20.65000 66.00000 99.00000
20.72000 67.00000 99.00000
20.79000 67.00000 99.00000
20.86000 68.00000 99.00000
20.93000 0.00000 0.00000
21.00000 69.00000 99.00000
21.07000 69.00000 99.00000
21.14000 69.00000 99.00000
21.21000 66.00000 99.00000
21.28000 66.00000 99.00000
21.35000 0.00000 0.00000
21.42000 62.00000 99.00000
21.49000 62.00000 99.00000
21.56000 62.00000 99.00000
21.63000 62.00000 99.00000
21.70000 62.00000 99.00000
21.77000 62.00000 99.00000
21.84000 62.00000 99.00000
21.91000 62.00000 99.00000
