"Beatles_Wild_Honey_Pie"

# guitar1
0.00000 0.00000 0.00000
0.07000 0.00000 0.00000
0.14000 0.00000 0.00000
0.21000 0.00000 0.00000
0.28000 0.00000 0.00000
0.35000 0.00000 0.00000
0.42000 0.00000 0.00000
0.49000 0.00000 0.00000
0.56000 0.00000 0.00000
0.63000 0.00000 0.00000
0.70000 0.00000 0.00000
0.77000 0.00000 0.00000
0.84000 0.00000 0.00000
0.91000 0.00000 0.00000
0.98000 0.00000 0.00000
1.05000 0.00000 0.00000
1.12000 0.00000 0.00000
1.19000 0.00000 0.00000
1.26000 0.00000 0.00000
1.33000 0.00000 0.00000
1.40000 0.00000 0.00000
1.47000 0.00000 0.00000
1.54000 0.00000 0.00000
1.61000 0.00000 0.00000
1.68000 0.00000 0.00000
1.75000 0.00000 0.00000
1.82000 0.00000 0.00000
1.89000 0.00000 0.00000
1.96000 0.00000 0.00000
2.03000 0.00000 0.00000
2.10000 0.00000 0.00000
2.17000 0.00000 0.00000
2.24000 0.00000 0.00000
2.31000 0.00000 0.00000
2.38000 0.00000 0.00000
2.45000 71.00000 100.00000
2.52000 71.00000 100.00000
2.59000 71.00000 100.00000
2.66000 71.00000 100.00000
2.73000 0.00000 0.00000
2.80000 62.00000 100.00000
2.87000 62.00000 100.00000
2.94000 62.00000 100.00000
3.01000 62.00000 100.00000
3.08000 65.00000 100.00000
3.15000 65.00000 100.00000
3.22000 65.00000 100.00000
3.29000 65.00000 100.00000
3.36000 0.00000 0.00000
3.43000 62.00000 100.00000
3.50000 62.00000 100.00000
3.57000 62.00000 100.00000
3.64000 62.00000 100.00000
3.71000 71.00000 100.00000
3.78000 71.00000 100.00000
3.85000 71.00000 100.00000
3.92000 71.00000 100.00000
3.99000 62.00000 100.00000
4.06000 62.00000 100.00000
4.13000 62.00000 100.00000
4.20000 62.00000 100.00000
4.27000 0.00000 0.00000
4.34000 65.00000 100.00000
4.41000 65.00000 100.00000
4.48000 65.00000 100.00000
4.55000 65.00000 100.00000
4.62000 62.00000 100.00000
4.69000 62.00000 100.00000
4.76000 62.00000 100.00000
4.83000 62.00000 100.00000
4.90000 69.00000 100.00000
4.97000 69.00000 100.00000
5.04000 69.00000 100.00000
5.11000 69.00000 100.00000
5.18000 0.00000 0.00000
5.25000 60.00000 100.00000
5.32000 60.00000 100.00000
5.39000 60.00000 100.00000
5.46000 60.00000 100.00000
5.53000 63.00000 100.00000
5.60000 63.00000 100.00000
5.67000 63.00000 100.00000
5.74000 63.00000 100.00000
5.81000 0.00000 0.00000
5.88000 60.00000 100.00000
5.95000 60.00000 100.00000
6.02000 60.00000 100.00000
6.09000 60.00000 100.00000
6.16000 69.00000 100.00000
6.23000 69.00000 100.00000
6.30000 69.00000 100.00000
6.37000 69.00000 100.00000
6.44000 60.00000 100.00000
6.51000 60.00000 100.00000
6.58000 60.00000 100.00000
6.65000 60.00000 100.00000
6.72000 0.00000 0.00000
6.79000 63.00000 100.00000
6.86000 63.00000 100.00000
6.93000 63.00000 100.00000
7.00000 63.00000 100.00000
7.07000 60.00000 100.00000
7.14000 60.00000 100.00000
7.21000 60.00000 100.00000
7.28000 60.00000 100.00000
7.35000 62.00000 100.00000
7.42000 62.00000 100.00000
7.49000 62.00000 100.00000
7.56000 62.00000 100.00000
7.63000 0.00000 0.00000
7.70000 68.00000 100.00000
7.77000 68.00000 100.00000
7.84000 68.00000 100.00000
7.91000 68.00000 100.00000
7.98000 68.00000 100.00000
8.05000 68.00000 100.00000
8.12000 68.00000 100.00000
8.19000 68.00000 100.00000
8.26000 0.00000 0.00000
8.33000 68.00000 100.00000
8.40000 68.00000 100.00000
8.47000 68.00000 100.00000
8.54000 68.00000 100.00000
8.61000 61.00000 100.00000
8.68000 61.00000 100.00000
8.75000 61.00000 100.00000
8.82000 61.00000 100.00000
8.89000 67.00000 100.00000
8.96000 67.00000 100.00000
9.03000 67.00000 100.00000
9.10000 67.00000 100.00000
9.17000 0.00000 0.00000
9.24000 67.00000 100.00000
9.31000 67.00000 100.00000
9.38000 67.00000 100.00000
9.45000 67.00000 100.00000
9.52000 67.00000 100.00000
9.59000 67.00000 100.00000
9.66000 67.00000 100.00000
9.73000 67.00000 100.00000
9.80000 60.00000 100.00000
9.87000 60.00000 100.00000
9.94000 60.00000 100.00000
10.01000 60.00000 100.00000
10.08000 0.00000 0.00000
10.15000 66.00000 100.00000
10.22000 66.00000 100.00000
10.29000 66.00000 100.00000
10.36000 66.00000 100.00000
10.43000 66.00000 100.00000
10.50000 66.00000 100.00000
10.57000 66.00000 100.00000
10.64000 66.00000 100.00000
10.71000 0.00000 0.00000
10.78000 66.00000 100.00000
10.85000 66.00000 100.00000
10.92000 66.00000 100.00000
10.99000 66.00000 100.00000
11.06000 65.00000 100.00000
11.13000 65.00000 100.00000
11.20000 65.00000 100.00000
11.27000 65.00000 100.00000
11.34000 65.00000 100.00000
11.41000 65.00000 100.00000
11.48000 65.00000 100.00000
11.55000 65.00000 100.00000
11.62000 0.00000 0.00000
11.69000 65.00000 100.00000
11.76000 65.00000 100.00000
11.83000 65.00000 100.00000
11.90000 65.00000 100.00000
11.97000 59.00000 100.00000
12.04000 59.00000 100.00000
12.11000 59.00000 100.00000
12.18000 59.00000 100.00000
12.25000 65.00000 100.00000
12.32000 65.00000 100.00000
12.39000 65.00000 100.00000
12.46000 65.00000 100.00000
12.53000 65.00000 100.00000
12.60000 65.00000 100.00000
12.67000 65.00000 100.00000
12.74000 65.00000 100.00000
12.81000 0.00000 0.00000
12.88000 0.00000 0.00000
12.95000 0.00000 0.00000
13.02000 0.00000 0.00000
13.09000 0.00000 0.00000
13.16000 0.00000 0.00000
13.23000 0.00000 0.00000
13.30000 0.00000 0.00000
13.37000 0.00000 0.00000
13.44000 0.00000 0.00000
13.51000 65.00000 100.00000
13.58000 65.00000 100.00000
13.65000 65.00000 100.00000
13.72000 65.00000 100.00000
13.79000 65.00000 100.00000
13.86000 65.00000 100.00000
13.93000 65.00000 100.00000
14.00000 65.00000 100.00000
14.07000 0.00000 0.00000
14.14000 65.00000 100.00000
14.21000 65.00000 100.00000
14.28000 65.00000 100.00000
14.35000 65.00000 100.00000
14.42000 59.00000 100.00000
14.49000 59.00000 100.00000
14.56000 59.00000 100.00000
14.63000 59.00000 100.00000
14.70000 65.00000 100.00000
14.77000 65.00000 100.00000
14.84000 65.00000 100.00000
14.91000 65.00000 100.00000
14.98000 65.00000 100.00000
15.05000 65.00000 100.00000
15.12000 65.00000 100.00000
15.19000 65.00000 100.00000
15.26000 0.00000 0.00000
15.33000 0.00000 0.00000
15.40000 0.00000 0.00000
15.47000 0.00000 0.00000
15.54000 0.00000 0.00000
15.61000 0.00000 0.00000
15.68000 0.00000 0.00000
15.75000 0.00000 0.00000
15.82000 0.00000 0.00000
15.89000 0.00000 0.00000
15.96000 71.00000 100.00000
16.03000 71.00000 100.00000
16.10000 71.00000 100.00000
16.17000 71.00000 100.00000
16.24000 62.00000 100.00000
16.31000 62.00000 100.00000
16.38000 62.00000 100.00000
16.45000 62.00000 100.00000
16.52000 0.00000 0.00000
16.59000 65.00000 100.00000
16.66000 65.00000 100.00000
16.73000 65.00000 100.00000
16.80000 65.00000 100.00000
16.87000 62.00000 100.00000
16.94000 62.00000 100.00000
17.01000 62.00000 100.00000
17.08000 62.00000 100.00000
17.15000 71.00000 100.00000
17.22000 71.00000 100.00000
17.29000 71.00000 100.00000
17.36000 71.00000 100.00000
17.43000 0.00000 0.00000
17.50000 62.00000 100.00000
17.57000 62.00000 100.00000
17.64000 62.00000 100.00000
17.71000 62.00000 100.00000
17.78000 65.00000 100.00000
17.85000 65.00000 100.00000
17.92000 65.00000 100.00000
17.99000 65.00000 100.00000
18.06000 0.00000 0.00000
18.13000 62.00000 100.00000
18.20000 62.00000 100.00000
18.27000 62.00000 100.00000
18.34000 62.00000 100.00000
18.41000 69.00000 100.00000
18.48000 69.00000 100.00000
18.55000 69.00000 100.00000
18.62000 69.00000 100.00000
18.69000 60.00000 100.00000
18.76000 60.00000 100.00000
18.83000 60.00000 100.00000
18.90000 60.00000 100.00000
18.97000 0.00000 0.00000
19.04000 63.00000 100.00000
19.11000 63.00000 100.00000
19.18000 63.00000 100.00000
19.25000 63.00000 100.00000
19.32000 60.00000 100.00000
19.39000 60.00000 100.00000
19.46000 60.00000 100.00000
19.53000 60.00000 100.00000
19.60000 69.00000 100.00000
19.67000 69.00000 100.00000
19.74000 69.00000 100.00000
19.81000 69.00000 100.00000
19.88000 0.00000 0.00000
19.95000 60.00000 100.00000
20.02000 60.00000 100.00000
20.09000 60.00000 100.00000
20.16000 60.00000 100.00000
20.23000 63.00000 100.00000
20.30000 63.00000 100.00000
20.37000 63.00000 100.00000
20.44000 63.00000 100.00000
20.51000 0.00000 0.00000
20.58000 60.00000 100.00000
20.65000 60.00000 100.00000
20.72000 60.00000 100.00000
20.79000 60.00000 100.00000
20.86000 62.00000 100.00000
20.93000 62.00000 100.00000
21.00000 62.00000 100.00000
21.07000 62.00000 100.00000
21.14000 68.00000 100.00000
21.21000 68.00000 100.00000
21.28000 68.00000 100.00000
21.35000 68.00000 100.00000
21.42000 0.00000 0.00000
21.49000 68.00000 100.00000
21.56000 68.00000 100.00000
21.63000 68.00000 100.00000
21.70000 68.00000 100.00000
21.77000 68.00000 100.00000
21.84000 68.00000 100.00000
21.91000 68.00000 100.00000
21.98000 68.00000 100.00000
22.05000 61.00000 100.00000
22.12000 61.00000 100.00000
22.19000 61.00000 100.00000
22.26000 61.00000 100.00000
22.33000 0.00000 0.00000
22.40000 67.00000 100.00000
22.47000 67.00000 100.00000
22.54000 67.00000 100.00000
22.61000 67.00000 100.00000
22.68000 67.00000 100.00000
22.75000 67.00000 100.00000
22.82000 67.00000 100.00000
22.89000 67.00000 100.00000
22.96000 67.00000 100.00000
23.03000 67.00000 100.00000
23.10000 67.00000 100.00000
23.17000 67.00000 100.00000
23.24000 0.00000 0.00000
23.31000 60.00000 100.00000
23.38000 60.00000 100.00000
23.45000 60.00000 100.00000
23.52000 60.00000 100.00000
23.59000 66.00000 100.00000
23.66000 66.00000 100.00000
23.73000 66.00000 100.00000
23.80000 66.00000 100.00000
23.87000 0.00000 0.00000
23.94000 66.00000 100.00000
24.01000 66.00000 100.00000
24.08000 66.00000 100.00000
24.15000 66.00000 100.00000
24.22000 66.00000 100.00000
24.29000 66.00000 100.00000
24.36000 66.00000 100.00000
24.43000 66.00000 100.00000
24.50000 65.00000 100.00000
24.57000 65.00000 100.00000
24.64000 65.00000 100.00000
24.71000 65.00000 100.00000
24.78000 65.00000 100.00000
24.85000 65.00000 100.00000
24.92000 65.00000 100.00000
24.99000 65.00000 100.00000
25.06000 65.00000 100.00000
25.13000 65.00000 100.00000
25.20000 65.00000 100.00000
25.27000 65.00000 100.00000
25.34000 65.00000 100.00000
25.41000 65.00000 100.00000
25.48000 65.00000 100.00000
25.55000 65.00000 100.00000
25.62000 65.00000 100.00000
25.69000 65.00000 100.00000
25.76000 65.00000 100.00000
25.83000 65.00000 100.00000
25.90000 65.00000 100.00000
25.97000 65.00000 100.00000
26.04000 65.00000 100.00000
26.11000 65.00000 100.00000
26.18000 65.00000 100.00000
26.25000 65.00000 100.00000
26.32000 65.00000 100.00000
26.39000 65.00000 100.00000
26.46000 65.00000 100.00000
26.53000 65.00000 100.00000
26.60000 65.00000 100.00000
26.67000 65.00000 100.00000
26.74000 65.00000 100.00000
26.81000 65.00000 100.00000
26.88000 0.00000 0.00000
26.95000 65.00000 100.00000
27.02000 65.00000 100.00000
27.09000 65.00000 100.00000
27.16000 65.00000 100.00000
27.23000 65.00000 100.00000
27.30000 65.00000 100.00000
27.37000 65.00000 100.00000
27.44000 65.00000 100.00000
27.51000 65.00000 100.00000
27.58000 65.00000 100.00000
27.65000 65.00000 100.00000
27.72000 65.00000 100.00000
27.79000 65.00000 100.00000
27.86000 65.00000 100.00000
27.93000 65.00000 100.00000
28.00000 65.00000 100.00000
28.07000 65.00000 100.00000
28.14000 65.00000 100.00000
28.21000 65.00000 100.00000
28.28000 65.00000 100.00000
28.35000 65.00000 100.00000
28.42000 65.00000 100.00000
28.49000 65.00000 100.00000
28.56000 65.00000 100.00000
28.63000 65.00000 100.00000
28.70000 65.00000 100.00000
28.77000 65.00000 100.00000
28.84000 65.00000 100.00000
28.91000 65.00000 100.00000
28.98000 65.00000 100.00000
29.05000 65.00000 100.00000
29.12000 65.00000 100.00000
29.19000 65.00000 100.00000
29.26000 65.00000 100.00000
29.33000 0.00000 0.00000
29.40000 71.00000 100.00000
29.47000 71.00000 100.00000
29.54000 71.00000 100.00000
29.61000 71.00000 100.00000
29.68000 0.00000 0.00000
29.75000 62.00000 100.00000
29.82000 62.00000 100.00000
29.89000 62.00000 100.00000
29.96000 62.00000 100.00000
30.03000 65.00000 100.00000
30.10000 65.00000 100.00000
30.17000 65.00000 100.00000
30.24000 65.00000 100.00000
30.31000 62.00000 100.00000
30.38000 62.00000 100.00000
30.45000 62.00000 100.00000
30.52000 62.00000 100.00000
30.59000 0.00000 0.00000
30.66000 71.00000 100.00000
30.73000 71.00000 100.00000
30.80000 71.00000 100.00000
30.87000 71.00000 100.00000
30.94000 62.00000 100.00000
31.01000 62.00000 100.00000
31.08000 62.00000 100.00000
31.15000 62.00000 100.00000
31.22000 0.00000 0.00000
31.29000 65.00000 100.00000
31.36000 65.00000 100.00000
31.43000 65.00000 100.00000
31.50000 65.00000 100.00000
31.57000 62.00000 100.00000
31.64000 62.00000 100.00000
31.71000 62.00000 100.00000
31.78000 62.00000 100.00000
31.85000 69.00000 100.00000
31.92000 69.00000 100.00000
31.99000 69.00000 100.00000
32.06000 69.00000 100.00000
32.13000 0.00000 0.00000
32.20000 60.00000 100.00000
32.27000 60.00000 100.00000
32.34000 60.00000 100.00000
32.41000 60.00000 100.00000
32.48000 63.00000 100.00000
32.55000 63.00000 100.00000
32.62000 63.00000 100.00000
32.69000 63.00000 100.00000
32.76000 60.00000 100.00000
32.83000 60.00000 100.00000
32.90000 60.00000 100.00000
32.97000 60.00000 100.00000
33.04000 0.00000 0.00000
33.11000 69.00000 100.00000
33.18000 69.00000 100.00000
33.25000 69.00000 100.00000
33.32000 69.00000 100.00000
33.39000 60.00000 100.00000
33.46000 60.00000 100.00000
33.53000 60.00000 100.00000
33.60000 60.00000 100.00000
33.67000 0.00000 0.00000
33.74000 63.00000 100.00000
33.81000 63.00000 100.00000
33.88000 63.00000 100.00000
33.95000 63.00000 100.00000
34.02000 60.00000 100.00000
34.09000 60.00000 100.00000
34.16000 60.00000 100.00000
34.23000 60.00000 100.00000
34.30000 62.00000 100.00000
34.37000 62.00000 100.00000
34.44000 62.00000 100.00000
34.51000 62.00000 100.00000
34.58000 0.00000 0.00000
34.65000 68.00000 100.00000
34.72000 68.00000 100.00000
34.79000 68.00000 100.00000
34.86000 68.00000 100.00000
34.93000 68.00000 100.00000
35.00000 68.00000 100.00000
35.07000 68.00000 100.00000
35.14000 68.00000 100.00000
35.21000 68.00000 100.00000
35.28000 68.00000 100.00000
35.35000 68.00000 100.00000
35.42000 68.00000 100.00000
35.49000 0.00000 0.00000
35.56000 61.00000 100.00000
35.63000 61.00000 100.00000
35.70000 61.00000 100.00000
35.77000 61.00000 100.00000
35.84000 67.00000 100.00000
35.91000 67.00000 100.00000
35.98000 67.00000 100.00000
36.05000 67.00000 100.00000
36.12000 0.00000 0.00000
36.19000 67.00000 100.00000
36.26000 67.00000 100.00000
36.33000 67.00000 100.00000
36.40000 67.00000 100.00000
36.47000 67.00000 100.00000
36.54000 67.00000 100.00000
36.61000 67.00000 100.00000
36.68000 67.00000 100.00000
36.75000 60.00000 100.00000
36.82000 60.00000 100.00000
36.89000 60.00000 100.00000
36.96000 60.00000 100.00000
37.03000 0.00000 0.00000
37.10000 66.00000 100.00000
37.17000 66.00000 100.00000
37.24000 66.00000 100.00000
37.31000 66.00000 100.00000
37.38000 66.00000 100.00000
37.45000 66.00000 100.00000
37.52000 66.00000 100.00000
37.59000 66.00000 100.00000
37.66000 66.00000 100.00000
37.73000 66.00000 100.00000
37.80000 66.00000 100.00000
37.87000 66.00000 100.00000
37.94000 0.00000 0.00000
38.01000 65.00000 100.00000
38.08000 65.00000 100.00000
38.15000 65.00000 100.00000
38.22000 65.00000 100.00000
38.29000 59.00000 100.00000
38.36000 59.00000 100.00000
38.43000 59.00000 100.00000
38.50000 59.00000 100.00000
38.57000 0.00000 0.00000
38.64000 71.00000 100.00000
38.71000 71.00000 100.00000
38.78000 71.00000 100.00000
38.85000 71.00000 100.00000
38.92000 71.00000 100.00000
38.99000 71.00000 100.00000
39.06000 71.00000 100.00000
39.13000 71.00000 100.00000
39.20000 71.00000 100.00000
39.27000 71.00000 100.00000
39.34000 71.00000 100.00000
39.41000 71.00000 100.00000
39.48000 0.00000 0.00000
39.55000 71.00000 100.00000
39.62000 71.00000 100.00000
39.69000 71.00000 100.00000
39.76000 71.00000 100.00000
39.83000 71.00000 100.00000
39.90000 71.00000 100.00000
39.97000 71.00000 100.00000
40.04000 71.00000 100.00000
40.11000 71.00000 100.00000
40.18000 71.00000 100.00000
40.25000 71.00000 100.00000
40.32000 71.00000 100.00000
40.39000 0.00000 0.00000
40.46000 63.00000 100.00000
40.53000 63.00000 100.00000
40.60000 63.00000 100.00000
40.67000 63.00000 100.00000
40.74000 57.00000 100.00000
40.81000 57.00000 100.00000
40.88000 57.00000 100.00000
40.95000 57.00000 100.00000
41.02000 0.00000 0.00000
41.09000 57.00000 100.00000
41.16000 57.00000 100.00000
41.23000 57.00000 100.00000
41.30000 57.00000 100.00000
41.37000 57.00000 100.00000
41.44000 57.00000 100.00000
41.51000 57.00000 100.00000
41.58000 57.00000 100.00000
41.65000 57.00000 100.00000
41.72000 57.00000 100.00000
41.79000 57.00000 100.00000
41.86000 57.00000 100.00000
41.93000 0.00000 0.00000
42.00000 57.00000 100.00000
42.07000 57.00000 100.00000
42.14000 57.00000 100.00000
42.21000 57.00000 100.00000
42.28000 57.00000 100.00000
42.35000 57.00000 100.00000
42.42000 57.00000 100.00000
42.49000 57.00000 100.00000
42.56000 57.00000 100.00000
42.63000 57.00000 100.00000
42.70000 57.00000 100.00000
42.77000 57.00000 100.00000
42.84000 0.00000 0.00000
42.91000 65.00000 100.00000
42.98000 65.00000 100.00000
43.05000 65.00000 100.00000
43.12000 65.00000 100.00000
43.19000 59.00000 100.00000
43.26000 59.00000 100.00000
43.33000 59.00000 100.00000
43.40000 59.00000 100.00000
43.47000 71.00000 100.00000
43.54000 71.00000 100.00000
43.61000 71.00000 100.00000
43.68000 71.00000 100.00000
43.75000 0.00000 0.00000
43.82000 71.00000 100.00000
43.89000 71.00000 100.00000
43.96000 71.00000 100.00000
44.03000 71.00000 100.00000
44.10000 71.00000 100.00000
44.17000 71.00000 100.00000
44.24000 71.00000 100.00000
44.31000 71.00000 100.00000
44.38000 0.00000 0.00000
44.45000 71.00000 100.00000
44.52000 71.00000 100.00000
44.59000 71.00000 100.00000
44.66000 71.00000 100.00000
44.73000 71.00000 100.00000
44.80000 71.00000 100.00000
44.87000 71.00000 100.00000
44.94000 71.00000 100.00000
45.01000 71.00000 100.00000
45.08000 71.00000 100.00000
45.15000 71.00000 100.00000
45.22000 71.00000 100.00000
45.29000 0.00000 0.00000
45.36000 63.00000 100.00000
45.43000 63.00000 100.00000
45.50000 63.00000 100.00000
45.57000 63.00000 100.00000
45.64000 57.00000 100.00000
45.71000 57.00000 100.00000
45.78000 57.00000 100.00000
45.85000 57.00000 100.00000
45.92000 57.00000 100.00000
45.99000 57.00000 100.00000
46.06000 57.00000 100.00000
46.13000 57.00000 100.00000
46.20000 0.00000 0.00000
46.27000 57.00000 100.00000
46.34000 57.00000 100.00000
46.41000 57.00000 100.00000
46.48000 57.00000 100.00000
46.55000 57.00000 100.00000
46.62000 57.00000 100.00000
46.69000 57.00000 100.00000
46.76000 57.00000 100.00000
46.83000 0.00000 0.00000
46.90000 57.00000 100.00000
46.97000 57.00000 100.00000
47.04000 57.00000 100.00000
47.11000 57.00000 100.00000
47.18000 57.00000 100.00000
47.25000 57.00000 100.00000
47.32000 57.00000 100.00000
47.39000 57.00000 100.00000
47.46000 57.00000 100.00000
47.53000 57.00000 100.00000
47.60000 57.00000 100.00000
47.67000 57.00000 100.00000
47.74000 0.00000 0.00000
47.81000 65.00000 100.00000
47.88000 65.00000 100.00000
47.95000 65.00000 100.00000
48.02000 65.00000 100.00000
48.09000 65.00000 100.00000
48.16000 65.00000 100.00000
48.23000 65.00000 100.00000
48.30000 65.00000 100.00000
48.37000 65.00000 100.00000
48.44000 65.00000 100.00000
48.51000 65.00000 100.00000
48.58000 65.00000 100.00000
48.65000 65.00000 100.00000
48.72000 65.00000 100.00000
48.79000 65.00000 100.00000
48.86000 65.00000 100.00000
48.93000 65.00000 100.00000
49.00000 65.00000 100.00000
49.07000 65.00000 100.00000
49.14000 65.00000 100.00000
49.21000 65.00000 100.00000
49.28000 65.00000 100.00000
49.35000 65.00000 100.00000
49.42000 65.00000 100.00000
49.49000 65.00000 100.00000
49.56000 65.00000 100.00000
49.63000 65.00000 100.00000
49.70000 65.00000 100.00000
49.77000 65.00000 100.00000
49.84000 65.00000 100.00000
49.91000 65.00000 100.00000
49.98000 65.00000 100.00000
50.05000 65.00000 100.00000
50.12000 65.00000 100.00000
50.19000 65.00000 100.00000
50.26000 65.00000 100.00000
50.33000 65.00000 100.00000
50.40000 65.00000 100.00000
50.47000 65.00000 100.00000
50.54000 65.00000 100.00000
50.61000 65.00000 100.00000
50.68000 65.00000 100.00000
50.75000 65.00000 100.00000
50.82000 65.00000 100.00000
50.89000 65.00000 100.00000
50.96000 65.00000 100.00000
51.03000 65.00000 100.00000
51.10000 65.00000 100.00000
51.17000 65.00000 100.00000
51.24000 65.00000 100.00000
51.31000 65.00000 100.00000
51.38000 65.00000 100.00000
# guitar2
0.00000 0.00000 0.00000
0.07000 0.00000 0.00000
0.14000 0.00000 0.00000
0.21000 0.00000 0.00000
0.28000 0.00000 0.00000
0.35000 0.00000 0.00000
0.42000 0.00000 0.00000
0.49000 0.00000 0.00000
0.56000 0.00000 0.00000
0.63000 0.00000 0.00000
0.70000 0.00000 0.00000
0.77000 0.00000 0.00000
0.84000 0.00000 0.00000
0.91000 0.00000 0.00000
0.98000 0.00000 0.00000
1.05000 0.00000 0.00000
1.12000 0.00000 0.00000
1.19000 0.00000 0.00000
1.26000 0.00000 0.00000
1.33000 0.00000 0.00000
1.40000 0.00000 0.00000
1.47000 0.00000 0.00000
1.54000 0.00000 0.00000
1.61000 0.00000 0.00000
1.68000 0.00000 0.00000
1.75000 0.00000 0.00000
1.82000 0.00000 0.00000
1.89000 0.00000 0.00000
1.96000 0.00000 0.00000
2.03000 0.00000 0.00000
2.10000 0.00000 0.00000
2.17000 0.00000 0.00000
2.24000 0.00000 0.00000
2.31000 0.00000 0.00000
2.38000 0.00000 0.00000
2.45000 77.00000 100.00000
2.52000 77.00000 100.00000
2.59000 77.00000 100.00000
2.66000 77.00000 100.00000
2.73000 0.00000 0.00000
2.80000 67.00000 100.00000
2.87000 67.00000 100.00000
2.94000 67.00000 100.00000
3.01000 67.00000 100.00000
3.08000 71.00000 100.00000
3.15000 71.00000 100.00000
3.22000 71.00000 100.00000
3.29000 71.00000 100.00000
3.36000 0.00000 0.00000
3.43000 67.00000 100.00000
3.50000 67.00000 100.00000
3.57000 67.00000 100.00000
3.64000 67.00000 100.00000
3.71000 77.00000 100.00000
3.78000 77.00000 100.00000
3.85000 77.00000 100.00000
3.92000 77.00000 100.00000
3.99000 67.00000 100.00000
4.06000 67.00000 100.00000
4.13000 67.00000 100.00000
4.20000 67.00000 100.00000
4.27000 0.00000 0.00000
4.34000 71.00000 100.00000
4.41000 71.00000 100.00000
4.48000 71.00000 100.00000
4.55000 71.00000 100.00000
4.62000 67.00000 100.00000
4.69000 67.00000 100.00000
4.76000 67.00000 100.00000
4.83000 67.00000 100.00000
4.90000 75.00000 100.00000
4.97000 75.00000 100.00000
5.04000 75.00000 100.00000
5.11000 75.00000 100.00000
5.18000 0.00000 0.00000
5.25000 65.00000 100.00000
5.32000 65.00000 100.00000
5.39000 65.00000 100.00000
5.46000 65.00000 100.00000
5.53000 69.00000 100.00000
5.60000 69.00000 100.00000
5.67000 69.00000 100.00000
5.74000 69.00000 100.00000
5.81000 0.00000 0.00000
5.88000 65.00000 100.00000
5.95000 65.00000 100.00000
6.02000 65.00000 100.00000
6.09000 65.00000 100.00000
6.16000 75.00000 100.00000
6.23000 75.00000 100.00000
6.30000 75.00000 100.00000
6.37000 75.00000 100.00000
6.44000 65.00000 100.00000
6.51000 65.00000 100.00000
6.58000 65.00000 100.00000
6.65000 65.00000 100.00000
6.72000 0.00000 0.00000
6.79000 69.00000 100.00000
6.86000 69.00000 100.00000
6.93000 69.00000 100.00000
7.00000 69.00000 100.00000
7.07000 65.00000 100.00000
7.14000 65.00000 100.00000
7.21000 65.00000 100.00000
7.28000 65.00000 100.00000
7.35000 71.00000 100.00000
7.42000 71.00000 100.00000
7.49000 71.00000 100.00000
7.56000 71.00000 100.00000
7.63000 0.00000 0.00000
7.70000 71.00000 100.00000
7.77000 71.00000 100.00000
7.84000 71.00000 100.00000
7.91000 71.00000 100.00000
7.98000 71.00000 100.00000
8.05000 71.00000 100.00000
8.12000 71.00000 100.00000
8.19000 71.00000 100.00000
8.26000 0.00000 0.00000
8.33000 64.00000 100.00000
8.40000 64.00000 100.00000
8.47000 64.00000 100.00000
8.54000 64.00000 100.00000
8.61000 70.00000 100.00000
8.68000 70.00000 100.00000
8.75000 70.00000 100.00000
8.82000 70.00000 100.00000
8.89000 70.00000 100.00000
8.96000 70.00000 100.00000
9.03000 70.00000 100.00000
9.10000 70.00000 100.00000
9.17000 0.00000 0.00000
9.24000 70.00000 100.00000
9.31000 70.00000 100.00000
9.38000 70.00000 100.00000
9.45000 70.00000 100.00000
9.52000 63.00000 100.00000
9.59000 63.00000 100.00000
9.66000 63.00000 100.00000
9.73000 63.00000 100.00000
9.80000 69.00000 100.00000
9.87000 69.00000 100.00000
9.94000 69.00000 100.00000
10.01000 69.00000 100.00000
10.08000 0.00000 0.00000
10.15000 69.00000 100.00000
10.22000 69.00000 100.00000
10.29000 69.00000 100.00000
10.36000 69.00000 100.00000
10.43000 69.00000 100.00000
10.50000 69.00000 100.00000
10.57000 69.00000 100.00000
10.64000 69.00000 100.00000
10.71000 0.00000 0.00000
10.78000 62.00000 100.00000
10.85000 62.00000 100.00000
10.92000 62.00000 100.00000
10.99000 62.00000 100.00000
11.06000 77.00000 100.00000
11.13000 77.00000 100.00000
11.20000 77.00000 100.00000
11.27000 77.00000 100.00000
11.34000 67.00000 100.00000
11.41000 67.00000 100.00000
11.48000 67.00000 100.00000
11.55000 67.00000 100.00000
11.62000 0.00000 0.00000
11.69000 71.00000 100.00000
11.76000 71.00000 100.00000
11.83000 71.00000 100.00000
11.90000 71.00000 100.00000
11.97000 67.00000 100.00000
12.04000 67.00000 100.00000
12.11000 67.00000 100.00000
12.18000 67.00000 100.00000
12.25000 77.00000 100.00000
12.32000 77.00000 100.00000
12.39000 77.00000 100.00000
12.46000 77.00000 100.00000
12.53000 0.00000 0.00000
12.60000 67.00000 100.00000
12.67000 67.00000 100.00000
12.74000 67.00000 100.00000
12.81000 67.00000 100.00000
12.88000 71.00000 100.00000
12.95000 71.00000 100.00000
13.02000 71.00000 100.00000
13.09000 71.00000 100.00000
13.16000 71.00000 100.00000
13.23000 71.00000 100.00000
13.30000 71.00000 100.00000
13.37000 71.00000 100.00000
13.44000 0.00000 0.00000
13.51000 77.00000 100.00000
13.58000 77.00000 100.00000
13.65000 77.00000 100.00000
13.72000 77.00000 100.00000
13.79000 67.00000 100.00000
13.86000 67.00000 100.00000
13.93000 67.00000 100.00000
14.00000 67.00000 100.00000
14.07000 0.00000 0.00000
14.14000 71.00000 100.00000
14.21000 71.00000 100.00000
14.28000 71.00000 100.00000
14.35000 71.00000 100.00000
14.42000 67.00000 100.00000
14.49000 67.00000 100.00000
14.56000 67.00000 100.00000
14.63000 67.00000 100.00000
14.70000 77.00000 100.00000
14.77000 77.00000 100.00000
14.84000 77.00000 100.00000
14.91000 77.00000 100.00000
14.98000 0.00000 0.00000
15.05000 67.00000 100.00000
15.12000 67.00000 100.00000
15.19000 67.00000 100.00000
15.26000 67.00000 100.00000
15.33000 71.00000 100.00000
15.40000 71.00000 100.00000
15.47000 71.00000 100.00000
15.54000 71.00000 100.00000
15.61000 71.00000 100.00000
15.68000 71.00000 100.00000
15.75000 71.00000 100.00000
15.82000 71.00000 100.00000
15.89000 0.00000 0.00000
15.96000 77.00000 100.00000
16.03000 77.00000 100.00000
16.10000 77.00000 100.00000
16.17000 77.00000 100.00000
16.24000 67.00000 100.00000
16.31000 67.00000 100.00000
16.38000 67.00000 100.00000
16.45000 67.00000 100.00000
16.52000 0.00000 0.00000
16.59000 71.00000 100.00000
16.66000 71.00000 100.00000
16.73000 71.00000 100.00000
16.80000 71.00000 100.00000
16.87000 67.00000 100.00000
16.94000 67.00000 100.00000
17.01000 67.00000 100.00000
17.08000 67.00000 100.00000
17.15000 77.00000 100.00000
17.22000 77.00000 100.00000
17.29000 77.00000 100.00000
17.36000 77.00000 100.00000
17.43000 0.00000 0.00000
17.50000 67.00000 100.00000
17.57000 67.00000 100.00000
17.64000 67.00000 100.00000
17.71000 67.00000 100.00000
17.78000 71.00000 100.00000
17.85000 71.00000 100.00000
17.92000 71.00000 100.00000
17.99000 71.00000 100.00000
18.06000 0.00000 0.00000
18.13000 67.00000 100.00000
18.20000 67.00000 100.00000
18.27000 67.00000 100.00000
18.34000 67.00000 100.00000
18.41000 75.00000 100.00000
18.48000 75.00000 100.00000
18.55000 75.00000 100.00000
18.62000 75.00000 100.00000
18.69000 65.00000 100.00000
18.76000 65.00000 100.00000
18.83000 65.00000 100.00000
18.90000 65.00000 100.00000
18.97000 0.00000 0.00000
19.04000 69.00000 100.00000
19.11000 69.00000 100.00000
19.18000 69.00000 100.00000
19.25000 69.00000 100.00000
19.32000 65.00000 100.00000
19.39000 65.00000 100.00000
19.46000 65.00000 100.00000
19.53000 65.00000 100.00000
19.60000 75.00000 100.00000
19.67000 75.00000 100.00000
19.74000 75.00000 100.00000
19.81000 75.00000 100.00000
19.88000 0.00000 0.00000
19.95000 65.00000 100.00000
20.02000 65.00000 100.00000
20.09000 65.00000 100.00000
20.16000 65.00000 100.00000
20.23000 69.00000 100.00000
20.30000 69.00000 100.00000
20.37000 69.00000 100.00000
20.44000 69.00000 100.00000
20.51000 0.00000 0.00000
20.58000 65.00000 100.00000
20.65000 65.00000 100.00000
20.72000 65.00000 100.00000
20.79000 65.00000 100.00000
20.86000 71.00000 100.00000
20.93000 71.00000 100.00000
21.00000 71.00000 100.00000
21.07000 71.00000 100.00000
21.14000 71.00000 100.00000
21.21000 71.00000 100.00000
21.28000 71.00000 100.00000
21.35000 71.00000 100.00000
21.42000 0.00000 0.00000
21.49000 71.00000 100.00000
21.56000 71.00000 100.00000
21.63000 71.00000 100.00000
21.70000 71.00000 100.00000
21.77000 64.00000 100.00000
21.84000 64.00000 100.00000
21.91000 64.00000 100.00000
21.98000 64.00000 100.00000
22.05000 70.00000 100.00000
22.12000 70.00000 100.00000
22.19000 70.00000 100.00000
22.26000 70.00000 100.00000
22.33000 0.00000 0.00000
22.40000 70.00000 100.00000
22.47000 70.00000 100.00000
22.54000 70.00000 100.00000
22.61000 70.00000 100.00000
22.68000 70.00000 100.00000
22.75000 70.00000 100.00000
22.82000 70.00000 100.00000
22.89000 70.00000 100.00000
22.96000 63.00000 100.00000
23.03000 63.00000 100.00000
23.10000 63.00000 100.00000
23.17000 63.00000 100.00000
23.24000 0.00000 0.00000
23.31000 69.00000 100.00000
23.38000 69.00000 100.00000
23.45000 69.00000 100.00000
23.52000 69.00000 100.00000
23.59000 69.00000 100.00000
23.66000 69.00000 100.00000
23.73000 69.00000 100.00000
23.80000 69.00000 100.00000
23.87000 0.00000 0.00000
23.94000 69.00000 100.00000
24.01000 69.00000 100.00000
24.08000 69.00000 100.00000
24.15000 69.00000 100.00000
24.22000 62.00000 100.00000
24.29000 62.00000 100.00000
24.36000 62.00000 100.00000
24.43000 62.00000 100.00000
24.50000 77.00000 100.00000
24.57000 77.00000 100.00000
24.64000 77.00000 100.00000
24.71000 77.00000 100.00000
24.78000 0.00000 0.00000
24.85000 67.00000 100.00000
24.92000 67.00000 100.00000
24.99000 67.00000 100.00000
25.06000 67.00000 100.00000
25.13000 71.00000 100.00000
25.20000 71.00000 100.00000
25.27000 71.00000 100.00000
25.34000 71.00000 100.00000
25.41000 67.00000 100.00000
25.48000 67.00000 100.00000
25.55000 67.00000 100.00000
25.62000 67.00000 100.00000
25.69000 0.00000 0.00000
25.76000 77.00000 100.00000
25.83000 77.00000 100.00000
25.90000 77.00000 100.00000
25.97000 77.00000 100.00000
26.04000 67.00000 100.00000
26.11000 67.00000 100.00000
26.18000 67.00000 100.00000
26.25000 67.00000 100.00000
26.32000 0.00000 0.00000
26.39000 71.00000 100.00000
26.46000 71.00000 100.00000
26.53000 71.00000 100.00000
26.60000 71.00000 100.00000
26.67000 67.00000 100.00000
26.74000 67.00000 100.00000
26.81000 67.00000 100.00000
26.88000 67.00000 100.00000
26.95000 77.00000 100.00000
27.02000 77.00000 100.00000
27.09000 77.00000 100.00000
27.16000 77.00000 100.00000
27.23000 0.00000 0.00000
27.30000 67.00000 100.00000
27.37000 67.00000 100.00000
27.44000 67.00000 100.00000
27.51000 67.00000 100.00000
27.58000 71.00000 100.00000
27.65000 71.00000 100.00000
27.72000 71.00000 100.00000
27.79000 71.00000 100.00000
27.86000 67.00000 100.00000
27.93000 67.00000 100.00000
28.00000 67.00000 100.00000
28.07000 67.00000 100.00000
28.14000 0.00000 0.00000
28.21000 77.00000 100.00000
28.28000 77.00000 100.00000
28.35000 77.00000 100.00000
28.42000 77.00000 100.00000
28.49000 67.00000 100.00000
28.56000 67.00000 100.00000
28.63000 67.00000 100.00000
28.70000 67.00000 100.00000
28.77000 0.00000 0.00000
28.84000 71.00000 100.00000
28.91000 71.00000 100.00000
28.98000 71.00000 100.00000
29.05000 71.00000 100.00000
29.12000 67.00000 100.00000
29.19000 67.00000 100.00000
29.26000 67.00000 100.00000
29.33000 67.00000 100.00000
29.40000 77.00000 100.00000
29.47000 77.00000 100.00000
29.54000 77.00000 100.00000
29.61000 77.00000 100.00000
29.68000 0.00000 0.00000
29.75000 67.00000 100.00000
29.82000 67.00000 100.00000
29.89000 67.00000 100.00000
29.96000 67.00000 100.00000
30.03000 71.00000 100.00000
30.10000 71.00000 100.00000
30.17000 71.00000 100.00000
30.24000 71.00000 100.00000
30.31000 67.00000 100.00000
30.38000 67.00000 100.00000
30.45000 67.00000 100.00000
30.52000 67.00000 100.00000
30.59000 0.00000 0.00000
30.66000 77.00000 100.00000
30.73000 77.00000 100.00000
30.80000 77.00000 100.00000
30.87000 77.00000 100.00000
30.94000 67.00000 100.00000
31.01000 67.00000 100.00000
31.08000 67.00000 100.00000
31.15000 67.00000 100.00000
31.22000 0.00000 0.00000
31.29000 71.00000 100.00000
31.36000 71.00000 100.00000
31.43000 71.00000 100.00000
31.50000 71.00000 100.00000
31.57000 67.00000 100.00000
31.64000 67.00000 100.00000
31.71000 67.00000 100.00000
31.78000 67.00000 100.00000
31.85000 75.00000 100.00000
31.92000 75.00000 100.00000
31.99000 75.00000 100.00000
32.06000 75.00000 100.00000
32.13000 0.00000 0.00000
32.20000 65.00000 100.00000
32.27000 65.00000 100.00000
32.34000 65.00000 100.00000
32.41000 65.00000 100.00000
32.48000 69.00000 100.00000
32.55000 69.00000 100.00000
32.62000 69.00000 100.00000
32.69000 69.00000 100.00000
32.76000 65.00000 100.00000
32.83000 65.00000 100.00000
32.90000 65.00000 100.00000
32.97000 65.00000 100.00000
33.04000 0.00000 0.00000
33.11000 75.00000 100.00000
33.18000 75.00000 100.00000
33.25000 75.00000 100.00000
33.32000 75.00000 100.00000
33.39000 65.00000 100.00000
33.46000 65.00000 100.00000
33.53000 65.00000 100.00000
33.60000 65.00000 100.00000
33.67000 0.00000 0.00000
33.74000 69.00000 100.00000
33.81000 69.00000 100.00000
33.88000 69.00000 100.00000
33.95000 69.00000 100.00000
34.02000 65.00000 100.00000
34.09000 65.00000 100.00000
34.16000 65.00000 100.00000
34.23000 65.00000 100.00000
34.30000 71.00000 100.00000
34.37000 71.00000 100.00000
34.44000 71.00000 100.00000
34.51000 71.00000 100.00000
34.58000 0.00000 0.00000
34.65000 71.00000 100.00000
34.72000 71.00000 100.00000
34.79000 71.00000 100.00000
34.86000 71.00000 100.00000
34.93000 71.00000 100.00000
35.00000 71.00000 100.00000
35.07000 71.00000 100.00000
35.14000 71.00000 100.00000
35.21000 0.00000 0.00000
35.28000 0.00000 0.00000
35.35000 0.00000 0.00000
35.42000 0.00000 0.00000
35.49000 0.00000 0.00000
35.56000 63.00000 100.00000
35.63000 63.00000 100.00000
35.70000 63.00000 100.00000
35.77000 63.00000 100.00000
35.84000 70.00000 100.00000
35.91000 70.00000 100.00000
35.98000 70.00000 100.00000
36.05000 70.00000 100.00000
36.12000 0.00000 0.00000
36.19000 63.00000 100.00000
36.26000 63.00000 100.00000
36.33000 63.00000 100.00000
36.40000 63.00000 100.00000
36.47000 0.00000 0.00000
36.54000 0.00000 0.00000
36.61000 0.00000 0.00000
36.68000 0.00000 0.00000
36.75000 69.00000 100.00000
36.82000 69.00000 100.00000
36.89000 69.00000 100.00000
36.96000 69.00000 100.00000
37.03000 0.00000 0.00000
37.10000 69.00000 100.00000
37.17000 69.00000 100.00000
37.24000 69.00000 100.00000
37.31000 69.00000 100.00000
37.38000 69.00000 100.00000
37.45000 69.00000 100.00000
37.52000 69.00000 100.00000
37.59000 69.00000 100.00000
37.66000 0.00000 0.00000
37.73000 0.00000 0.00000
37.80000 0.00000 0.00000
37.87000 0.00000 0.00000
37.94000 0.00000 0.00000
38.01000 77.00000 100.00000
38.08000 77.00000 100.00000
38.15000 77.00000 100.00000
38.22000 77.00000 100.00000
38.29000 67.00000 100.00000
38.36000 67.00000 100.00000
38.43000 67.00000 100.00000
38.50000 67.00000 100.00000
38.57000 0.00000 0.00000
38.64000 71.00000 100.00000
38.71000 71.00000 100.00000
38.78000 71.00000 100.00000
38.85000 71.00000 100.00000
38.92000 67.00000 100.00000
38.99000 67.00000 100.00000
39.06000 67.00000 100.00000
39.13000 67.00000 100.00000
39.20000 77.00000 100.00000
39.27000 77.00000 100.00000
39.34000 77.00000 100.00000
39.41000 77.00000 100.00000
39.48000 0.00000 0.00000
39.55000 67.00000 100.00000
39.62000 67.00000 100.00000
39.69000 67.00000 100.00000
39.76000 67.00000 100.00000
39.83000 71.00000 100.00000
39.90000 71.00000 100.00000
39.97000 71.00000 100.00000
40.04000 71.00000 100.00000
40.11000 67.00000 100.00000
40.18000 67.00000 100.00000
40.25000 67.00000 100.00000
40.32000 67.00000 100.00000
40.39000 0.00000 0.00000
40.46000 75.00000 100.00000
40.53000 75.00000 100.00000
40.60000 75.00000 100.00000
40.67000 75.00000 100.00000
40.74000 65.00000 100.00000
40.81000 65.00000 100.00000
40.88000 65.00000 100.00000
40.95000 65.00000 100.00000
41.02000 0.00000 0.00000
41.09000 69.00000 100.00000
41.16000 69.00000 100.00000
41.23000 69.00000 100.00000
41.30000 69.00000 100.00000
41.37000 65.00000 100.00000
41.44000 65.00000 100.00000
41.51000 65.00000 100.00000
41.58000 65.00000 100.00000
41.65000 75.00000 100.00000
41.72000 75.00000 100.00000
41.79000 75.00000 100.00000
41.86000 75.00000 100.00000
41.93000 0.00000 0.00000
42.00000 65.00000 100.00000
42.07000 65.00000 100.00000
42.14000 65.00000 100.00000
42.21000 65.00000 100.00000
42.28000 69.00000 100.00000
42.35000 69.00000 100.00000
42.42000 69.00000 100.00000
42.49000 69.00000 100.00000
42.56000 65.00000 100.00000
42.63000 65.00000 100.00000
42.70000 65.00000 100.00000
42.77000 65.00000 100.00000
42.84000 0.00000 0.00000
42.91000 77.00000 100.00000
42.98000 77.00000 100.00000
43.05000 77.00000 100.00000
43.12000 77.00000 100.00000
43.19000 67.00000 100.00000
43.26000 67.00000 100.00000
43.33000 67.00000 100.00000
43.40000 67.00000 100.00000
43.47000 71.00000 100.00000
43.54000 71.00000 100.00000
43.61000 71.00000 100.00000
43.68000 71.00000 100.00000
43.75000 0.00000 0.00000
43.82000 67.00000 100.00000
43.89000 67.00000 100.00000
43.96000 67.00000 100.00000
44.03000 67.00000 100.00000
44.10000 77.00000 100.00000
44.17000 77.00000 100.00000
44.24000 77.00000 100.00000
44.31000 77.00000 100.00000
44.38000 0.00000 0.00000
44.45000 67.00000 100.00000
44.52000 67.00000 100.00000
44.59000 67.00000 100.00000
44.66000 67.00000 100.00000
44.73000 71.00000 100.00000
44.80000 71.00000 100.00000
44.87000 71.00000 100.00000
44.94000 71.00000 100.00000
45.01000 67.00000 100.00000
45.08000 67.00000 100.00000
45.15000 67.00000 100.00000
45.22000 67.00000 100.00000
45.29000 0.00000 0.00000
45.36000 75.00000 100.00000
45.43000 75.00000 100.00000
45.50000 75.00000 100.00000
45.57000 75.00000 100.00000
45.64000 65.00000 100.00000
45.71000 65.00000 100.00000
45.78000 65.00000 100.00000
45.85000 65.00000 100.00000
45.92000 69.00000 100.00000
45.99000 69.00000 100.00000
46.06000 69.00000 100.00000
46.13000 69.00000 100.00000
46.20000 0.00000 0.00000
46.27000 65.00000 100.00000
46.34000 65.00000 100.00000
46.41000 65.00000 100.00000
46.48000 65.00000 100.00000
46.55000 75.00000 100.00000
46.62000 75.00000 100.00000
46.69000 75.00000 100.00000
46.76000 75.00000 100.00000
46.83000 0.00000 0.00000
46.90000 65.00000 100.00000
46.97000 65.00000 100.00000
47.04000 65.00000 100.00000
47.11000 65.00000 100.00000
47.18000 69.00000 100.00000
47.25000 69.00000 100.00000
47.32000 69.00000 100.00000
47.39000 69.00000 100.00000
47.46000 65.00000 100.00000
47.53000 65.00000 100.00000
47.60000 65.00000 100.00000
47.67000 65.00000 100.00000
47.74000 0.00000 0.00000
# guitar3
0.00000 0.00000 0.00000
0.07000 0.00000 0.00000
0.14000 0.00000 0.00000
0.21000 0.00000 0.00000
0.28000 0.00000 0.00000
0.35000 0.00000 0.00000
0.42000 0.00000 0.00000
0.49000 0.00000 0.00000
0.56000 0.00000 0.00000
0.63000 0.00000 0.00000
0.70000 0.00000 0.00000
0.77000 0.00000 0.00000
0.84000 0.00000 0.00000
0.91000 0.00000 0.00000
0.98000 0.00000 0.00000
1.05000 0.00000 0.00000
1.12000 0.00000 0.00000
1.19000 0.00000 0.00000
1.26000 0.00000 0.00000
1.33000 0.00000 0.00000
1.40000 0.00000 0.00000
1.47000 0.00000 0.00000
1.54000 0.00000 0.00000
1.61000 0.00000 0.00000
1.68000 0.00000 0.00000
1.75000 0.00000 0.00000
1.82000 0.00000 0.00000
1.89000 0.00000 0.00000
1.96000 0.00000 0.00000
2.03000 0.00000 0.00000
2.10000 0.00000 0.00000
2.17000 0.00000 0.00000
2.24000 0.00000 0.00000
2.31000 0.00000 0.00000
2.38000 0.00000 0.00000
2.45000 0.00000 0.00000
2.52000 0.00000 0.00000
2.59000 0.00000 0.00000
2.66000 0.00000 0.00000
2.73000 0.00000 0.00000
2.80000 0.00000 0.00000
2.87000 0.00000 0.00000
2.94000 0.00000 0.00000
3.01000 0.00000 0.00000
3.08000 0.00000 0.00000
3.15000 0.00000 0.00000
3.22000 0.00000 0.00000
3.29000 0.00000 0.00000
3.36000 0.00000 0.00000
3.43000 0.00000 0.00000
3.50000 0.00000 0.00000
3.57000 0.00000 0.00000
3.64000 0.00000 0.00000
3.71000 0.00000 0.00000
3.78000 0.00000 0.00000
3.85000 0.00000 0.00000
3.92000 0.00000 0.00000
3.99000 0.00000 0.00000
4.06000 0.00000 0.00000
4.13000 0.00000 0.00000
4.20000 0.00000 0.00000
4.27000 0.00000 0.00000
4.34000 0.00000 0.00000
4.41000 0.00000 0.00000
4.48000 0.00000 0.00000
4.55000 0.00000 0.00000
4.62000 0.00000 0.00000
4.69000 0.00000 0.00000
4.76000 0.00000 0.00000
4.83000 0.00000 0.00000
4.90000 0.00000 0.00000
4.97000 0.00000 0.00000
5.04000 0.00000 0.00000
5.11000 0.00000 0.00000
5.18000 0.00000 0.00000
5.25000 0.00000 0.00000
5.32000 0.00000 0.00000
5.39000 0.00000 0.00000
5.46000 0.00000 0.00000
5.53000 0.00000 0.00000
5.60000 0.00000 0.00000
5.67000 0.00000 0.00000
5.74000 0.00000 0.00000
5.81000 0.00000 0.00000
5.88000 0.00000 0.00000
5.95000 0.00000 0.00000
6.02000 0.00000 0.00000
6.09000 0.00000 0.00000
6.16000 0.00000 0.00000
6.23000 0.00000 0.00000
6.30000 0.00000 0.00000
6.37000 0.00000 0.00000
6.44000 0.00000 0.00000
6.51000 0.00000 0.00000
6.58000 0.00000 0.00000
6.65000 0.00000 0.00000
6.72000 0.00000 0.00000
6.79000 0.00000 0.00000
6.86000 0.00000 0.00000
6.93000 0.00000 0.00000
7.00000 0.00000 0.00000
7.07000 0.00000 0.00000
7.14000 0.00000 0.00000
7.21000 0.00000 0.00000
7.28000 0.00000 0.00000
7.35000 0.00000 0.00000
7.42000 0.00000 0.00000
7.49000 0.00000 0.00000
7.56000 0.00000 0.00000
7.63000 0.00000 0.00000
7.70000 0.00000 0.00000
7.77000 0.00000 0.00000
7.84000 0.00000 0.00000
7.91000 0.00000 0.00000
7.98000 0.00000 0.00000
8.05000 0.00000 0.00000
8.12000 0.00000 0.00000
8.19000 0.00000 0.00000
8.26000 0.00000 0.00000
8.33000 0.00000 0.00000
8.40000 0.00000 0.00000
8.47000 0.00000 0.00000
8.54000 0.00000 0.00000
8.61000 0.00000 0.00000
8.68000 0.00000 0.00000
8.75000 0.00000 0.00000
8.82000 0.00000 0.00000
8.89000 0.00000 0.00000
8.96000 0.00000 0.00000
9.03000 0.00000 0.00000
9.10000 0.00000 0.00000
9.17000 0.00000 0.00000
9.24000 0.00000 0.00000
9.31000 0.00000 0.00000
9.38000 0.00000 0.00000
9.45000 0.00000 0.00000
9.52000 0.00000 0.00000
9.59000 0.00000 0.00000
9.66000 0.00000 0.00000
9.73000 0.00000 0.00000
9.80000 0.00000 0.00000
9.87000 0.00000 0.00000
9.94000 0.00000 0.00000
10.01000 0.00000 0.00000
10.08000 0.00000 0.00000
10.15000 0.00000 0.00000
10.22000 0.00000 0.00000
10.29000 0.00000 0.00000
10.36000 0.00000 0.00000
10.43000 0.00000 0.00000
10.50000 0.00000 0.00000
10.57000 0.00000 0.00000
10.64000 0.00000 0.00000
10.71000 0.00000 0.00000
10.78000 0.00000 0.00000
10.85000 0.00000 0.00000
10.92000 0.00000 0.00000
10.99000 0.00000 0.00000
11.06000 0.00000 0.00000
11.13000 0.00000 0.00000
11.20000 0.00000 0.00000
11.27000 0.00000 0.00000
11.34000 0.00000 0.00000
11.41000 0.00000 0.00000
11.48000 0.00000 0.00000
11.55000 0.00000 0.00000
11.62000 0.00000 0.00000
11.69000 0.00000 0.00000
11.76000 0.00000 0.00000
11.83000 0.00000 0.00000
11.90000 0.00000 0.00000
11.97000 0.00000 0.00000
12.04000 0.00000 0.00000
12.11000 0.00000 0.00000
12.18000 0.00000 0.00000
12.25000 0.00000 0.00000
12.32000 0.00000 0.00000
12.39000 0.00000 0.00000
12.46000 0.00000 0.00000
12.53000 0.00000 0.00000
12.60000 0.00000 0.00000
12.67000 0.00000 0.00000
12.74000 0.00000 0.00000
12.81000 0.00000 0.00000
12.88000 0.00000 0.00000
12.95000 0.00000 0.00000
13.02000 0.00000 0.00000
13.09000 0.00000 0.00000
13.16000 0.00000 0.00000
13.23000 0.00000 0.00000
13.30000 0.00000 0.00000
13.37000 0.00000 0.00000
13.44000 0.00000 0.00000
13.51000 0.00000 0.00000
13.58000 0.00000 0.00000
13.65000 0.00000 0.00000
13.72000 0.00000 0.00000
13.79000 0.00000 0.00000
13.86000 0.00000 0.00000
13.93000 0.00000 0.00000
14.00000 0.00000 0.00000
14.07000 0.00000 0.00000
14.14000 0.00000 0.00000
14.21000 0.00000 0.00000
14.28000 0.00000 0.00000
14.35000 0.00000 0.00000
14.42000 0.00000 0.00000
14.49000 0.00000 0.00000
14.56000 0.00000 0.00000
14.63000 0.00000 0.00000
14.70000 0.00000 0.00000
14.77000 0.00000 0.00000
14.84000 0.00000 0.00000
14.91000 0.00000 0.00000
14.98000 0.00000 0.00000
15.05000 0.00000 0.00000
15.12000 0.00000 0.00000
15.19000 0.00000 0.00000
15.26000 0.00000 0.00000
15.33000 0.00000 0.00000
15.40000 0.00000 0.00000
15.47000 0.00000 0.00000
15.54000 0.00000 0.00000
15.61000 0.00000 0.00000
15.68000 0.00000 0.00000
15.75000 0.00000 0.00000
15.82000 0.00000 0.00000
15.89000 0.00000 0.00000
15.96000 0.00000 0.00000
16.03000 0.00000 0.00000
16.10000 0.00000 0.00000
16.17000 0.00000 0.00000
16.24000 0.00000 0.00000
16.31000 0.00000 0.00000
16.38000 0.00000 0.00000
16.45000 0.00000 0.00000
16.52000 0.00000 0.00000
16.59000 0.00000 0.00000
16.66000 0.00000 0.00000
16.73000 0.00000 0.00000
16.80000 0.00000 0.00000
16.87000 0.00000 0.00000
16.94000 0.00000 0.00000
17.01000 0.00000 0.00000
17.08000 0.00000 0.00000
17.15000 0.00000 0.00000
17.22000 0.00000 0.00000
17.29000 0.00000 0.00000
17.36000 0.00000 0.00000
17.43000 0.00000 0.00000
17.50000 0.00000 0.00000
17.57000 0.00000 0.00000
17.64000 0.00000 0.00000
17.71000 0.00000 0.00000
17.78000 0.00000 0.00000
17.85000 0.00000 0.00000
17.92000 0.00000 0.00000
17.99000 0.00000 0.00000
18.06000 0.00000 0.00000
18.13000 0.00000 0.00000
18.20000 0.00000 0.00000
18.27000 0.00000 0.00000
18.34000 0.00000 0.00000
18.41000 0.00000 0.00000
18.48000 0.00000 0.00000
18.55000 0.00000 0.00000
18.62000 0.00000 0.00000
18.69000 0.00000 0.00000
18.76000 0.00000 0.00000
18.83000 0.00000 0.00000
18.90000 0.00000 0.00000
18.97000 0.00000 0.00000
19.04000 0.00000 0.00000
19.11000 0.00000 0.00000
19.18000 0.00000 0.00000
19.25000 0.00000 0.00000
19.32000 0.00000 0.00000
19.39000 0.00000 0.00000
19.46000 0.00000 0.00000
19.53000 0.00000 0.00000
19.60000 0.00000 0.00000
19.67000 0.00000 0.00000
19.74000 0.00000 0.00000
19.81000 0.00000 0.00000
19.88000 0.00000 0.00000
19.95000 0.00000 0.00000
20.02000 0.00000 0.00000
20.09000 0.00000 0.00000
20.16000 0.00000 0.00000
20.23000 0.00000 0.00000
20.30000 0.00000 0.00000
20.37000 0.00000 0.00000
20.44000 0.00000 0.00000
20.51000 0.00000 0.00000
20.58000 0.00000 0.00000
20.65000 0.00000 0.00000
20.72000 0.00000 0.00000
20.79000 0.00000 0.00000
20.86000 0.00000 0.00000
20.93000 0.00000 0.00000
21.00000 0.00000 0.00000
21.07000 0.00000 0.00000
21.14000 0.00000 0.00000
21.21000 0.00000 0.00000
21.28000 0.00000 0.00000
21.35000 0.00000 0.00000
21.42000 0.00000 0.00000
21.49000 0.00000 0.00000
21.56000 0.00000 0.00000
21.63000 0.00000 0.00000
21.70000 0.00000 0.00000
21.77000 0.00000 0.00000
21.84000 0.00000 0.00000
21.91000 0.00000 0.00000
21.98000 0.00000 0.00000
22.05000 0.00000 0.00000
22.12000 0.00000 0.00000
22.19000 0.00000 0.00000
22.26000 0.00000 0.00000
22.33000 0.00000 0.00000
22.40000 0.00000 0.00000
22.47000 0.00000 0.00000
22.54000 0.00000 0.00000
22.61000 0.00000 0.00000
22.68000 0.00000 0.00000
22.75000 0.00000 0.00000
22.82000 0.00000 0.00000
22.89000 0.00000 0.00000
22.96000 0.00000 0.00000
23.03000 0.00000 0.00000
23.10000 0.00000 0.00000
23.17000 0.00000 0.00000
23.24000 0.00000 0.00000
23.31000 0.00000 0.00000
23.38000 0.00000 0.00000
23.45000 0.00000 0.00000
23.52000 0.00000 0.00000
23.59000 0.00000 0.00000
23.66000 0.00000 0.00000
23.73000 0.00000 0.00000
23.80000 0.00000 0.00000
23.87000 0.00000 0.00000
23.94000 0.00000 0.00000
24.01000 0.00000 0.00000
24.08000 0.00000 0.00000
24.15000 0.00000 0.00000
24.22000 0.00000 0.00000
24.29000 0.00000 0.00000
24.36000 0.00000 0.00000
24.43000 0.00000 0.00000
24.50000 0.00000 0.00000
24.57000 0.00000 0.00000
24.64000 0.00000 0.00000
24.71000 0.00000 0.00000
24.78000 0.00000 0.00000
24.85000 0.00000 0.00000
24.92000 0.00000 0.00000
24.99000 0.00000 0.00000
25.06000 0.00000 0.00000
25.13000 0.00000 0.00000
25.20000 0.00000 0.00000
25.27000 0.00000 0.00000
25.34000 0.00000 0.00000
25.41000 0.00000 0.00000
25.48000 0.00000 0.00000
25.55000 0.00000 0.00000
25.62000 0.00000 0.00000
25.69000 0.00000 0.00000
25.76000 0.00000 0.00000
25.83000 0.00000 0.00000
25.90000 0.00000 0.00000
25.97000 0.00000 0.00000
26.04000 0.00000 0.00000
26.11000 0.00000 0.00000
26.18000 0.00000 0.00000
26.25000 0.00000 0.00000
26.32000 0.00000 0.00000
26.39000 0.00000 0.00000
26.46000 0.00000 0.00000
26.53000 0.00000 0.00000
26.60000 0.00000 0.00000
26.67000 0.00000 0.00000
26.74000 0.00000 0.00000
26.81000 0.00000 0.00000
26.88000 0.00000 0.00000
26.95000 0.00000 0.00000
27.02000 0.00000 0.00000
27.09000 0.00000 0.00000
27.16000 0.00000 0.00000
27.23000 0.00000 0.00000
27.30000 0.00000 0.00000
27.37000 0.00000 0.00000
27.44000 0.00000 0.00000
27.51000 0.00000 0.00000
27.58000 0.00000 0.00000
27.65000 0.00000 0.00000
27.72000 0.00000 0.00000
27.79000 0.00000 0.00000
27.86000 0.00000 0.00000
27.93000 0.00000 0.00000
28.00000 0.00000 0.00000
28.07000 0.00000 0.00000
28.14000 0.00000 0.00000
28.21000 0.00000 0.00000
28.28000 0.00000 0.00000
28.35000 0.00000 0.00000
28.42000 0.00000 0.00000
28.49000 0.00000 0.00000
28.56000 0.00000 0.00000
28.63000 0.00000 0.00000
28.70000 0.00000 0.00000
28.77000 0.00000 0.00000
28.84000 0.00000 0.00000
28.91000 0.00000 0.00000
28.98000 0.00000 0.00000
29.05000 0.00000 0.00000
29.12000 0.00000 0.00000
29.19000 0.00000 0.00000
29.26000 0.00000 0.00000
29.33000 0.00000 0.00000
29.40000 0.00000 0.00000
29.47000 0.00000 0.00000
29.54000 0.00000 0.00000
29.61000 0.00000 0.00000
29.68000 0.00000 0.00000
29.75000 77.00000 100.00000
29.82000 77.00000 100.00000
29.89000 77.00000 100.00000
29.96000 77.00000 100.00000
30.03000 77.00000 100.00000
30.10000 77.00000 100.00000
30.17000 71.00000 100.00000
30.24000 71.00000 100.00000
30.31000 71.00000 100.00000
30.38000 71.00000 100.00000
30.45000 71.00000 100.00000
30.52000 71.00000 100.00000
30.59000 0.00000 0.00000
30.66000 71.00000 100.00000
30.73000 71.00000 100.00000
30.80000 71.00000 100.00000
30.87000 71.00000 100.00000
30.94000 71.00000 100.00000
31.01000 71.00000 100.00000
31.08000 77.00000 100.00000
31.15000 77.00000 100.00000
31.22000 77.00000 100.00000
31.29000 77.00000 100.00000
31.36000 77.00000 100.00000
31.43000 77.00000 100.00000
31.50000 0.00000 0.00000
31.57000 71.00000 100.00000
31.64000 71.00000 100.00000
31.71000 71.00000 100.00000
31.78000 71.00000 100.00000
31.85000 0.00000 0.00000
31.92000 0.00000 0.00000
31.99000 0.00000 0.00000
32.06000 0.00000 0.00000
32.13000 0.00000 0.00000
32.20000 75.00000 100.00000
32.27000 75.00000 100.00000
32.34000 75.00000 100.00000
32.41000 75.00000 100.00000
32.48000 75.00000 100.00000
32.55000 75.00000 100.00000
32.62000 69.00000 100.00000
32.69000 69.00000 100.00000
32.76000 69.00000 100.00000
32.83000 69.00000 100.00000
32.90000 69.00000 100.00000
32.97000 69.00000 100.00000
33.04000 0.00000 0.00000
33.11000 75.00000 100.00000
33.18000 75.00000 100.00000
33.25000 75.00000 100.00000
33.32000 75.00000 100.00000
33.39000 75.00000 100.00000
33.46000 75.00000 100.00000
33.53000 69.00000 100.00000
33.60000 69.00000 100.00000
33.67000 69.00000 100.00000
33.74000 69.00000 100.00000
33.81000 69.00000 100.00000
33.88000 69.00000 100.00000
33.95000 0.00000 0.00000
34.02000 75.00000 100.00000
34.09000 75.00000 100.00000
34.16000 75.00000 100.00000
34.23000 75.00000 100.00000
# drum
0.00000 0.00000 0.00000
0.07000 0.00000 0.00000
0.14000 0.00000 0.00000
0.21000 0.00000 0.00000
0.28000 0.00000 0.00000
0.35000 0.00000 0.00000
0.42000 0.00000 0.00000
0.49000 0.00000 0.00000
0.56000 0.00000 0.00000
0.63000 0.00000 0.00000
0.70000 0.00000 0.00000
0.77000 0.00000 0.00000
0.84000 0.00000 0.00000
0.91000 0.00000 0.00000
0.98000 0.00000 0.00000
1.05000 0.00000 0.00000
1.12000 0.00000 0.00000
1.19000 0.00000 0.00000
1.26000 0.00000 0.00000
1.33000 0.00000 0.00000
1.40000 0.00000 0.00000
1.47000 0.00000 0.00000
1.54000 0.00000 0.00000
1.61000 0.00000 0.00000
1.68000 0.00000 0.00000
1.75000 0.00000 0.00000
1.82000 0.00000 0.00000
1.89000 0.00000 0.00000
1.96000 0.00000 0.00000
2.03000 0.00000 0.00000
2.10000 0.00000 0.00000
2.17000 0.00000 0.00000
2.24000 0.00000 0.00000
2.31000 0.00000 0.00000
2.38000 0.00000 0.00000
2.45000 64.00000 100.00000
2.52000 64.00000 100.00000
2.59000 64.00000 100.00000
2.66000 64.00000 100.00000
2.73000 64.00000 100.00000
2.80000 64.00000 100.00000
2.87000 64.00000 100.00000
2.94000 64.00000 100.00000
3.01000 0.00000 0.00000
3.08000 60.00000 100.00000
3.15000 60.00000 100.00000
3.22000 60.00000 100.00000
3.29000 60.00000 100.00000
3.36000 60.00000 100.00000
3.43000 60.00000 100.00000
3.50000 60.00000 100.00000
3.57000 60.00000 100.00000
3.64000 0.00000 0.00000
3.71000 64.00000 100.00000
3.78000 64.00000 100.00000
3.85000 64.00000 100.00000
3.92000 64.00000 100.00000
3.99000 64.00000 100.00000
4.06000 64.00000 100.00000
4.13000 64.00000 100.00000
4.20000 64.00000 100.00000
4.27000 0.00000 0.00000
4.34000 60.00000 100.00000
4.41000 60.00000 100.00000
4.48000 60.00000 100.00000
4.55000 60.00000 100.00000
4.62000 60.00000 100.00000
4.69000 60.00000 100.00000
4.76000 60.00000 100.00000
4.83000 60.00000 100.00000
4.90000 64.00000 100.00000
4.97000 64.00000 100.00000
5.04000 64.00000 100.00000
5.11000 64.00000 100.00000
5.18000 64.00000 100.00000
5.25000 64.00000 100.00000
5.32000 64.00000 100.00000
5.39000 64.00000 100.00000
5.46000 0.00000 0.00000
5.53000 60.00000 100.00000
5.60000 60.00000 100.00000
5.67000 60.00000 100.00000
5.74000 60.00000 100.00000
5.81000 60.00000 100.00000
5.88000 60.00000 100.00000
5.95000 60.00000 100.00000
6.02000 60.00000 100.00000
6.09000 0.00000 0.00000
6.16000 64.00000 100.00000
6.23000 64.00000 100.00000
6.30000 64.00000 100.00000
6.37000 64.00000 100.00000
6.44000 64.00000 100.00000
6.51000 64.00000 100.00000
6.58000 64.00000 100.00000
6.65000 64.00000 100.00000
6.72000 0.00000 0.00000
6.79000 60.00000 100.00000
6.86000 60.00000 100.00000
6.93000 60.00000 100.00000
7.00000 60.00000 100.00000
7.07000 60.00000 100.00000
7.14000 60.00000 100.00000
7.21000 60.00000 100.00000
7.28000 60.00000 100.00000
7.35000 64.00000 100.00000
7.42000 64.00000 100.00000
7.49000 64.00000 100.00000
7.56000 64.00000 100.00000
7.63000 64.00000 100.00000
7.70000 64.00000 100.00000
7.77000 64.00000 100.00000
7.84000 64.00000 100.00000
7.91000 0.00000 0.00000
7.98000 60.00000 100.00000
8.05000 60.00000 100.00000
8.12000 60.00000 100.00000
8.19000 60.00000 100.00000
8.26000 60.00000 100.00000
8.33000 60.00000 100.00000
8.40000 60.00000 100.00000
8.47000 60.00000 100.00000
8.54000 0.00000 0.00000
8.61000 64.00000 100.00000
8.68000 64.00000 100.00000
8.75000 64.00000 100.00000
8.82000 64.00000 100.00000
8.89000 64.00000 100.00000
8.96000 64.00000 100.00000
9.03000 64.00000 100.00000
9.10000 64.00000 100.00000
9.17000 0.00000 0.00000
9.24000 60.00000 100.00000
9.31000 60.00000 100.00000
9.38000 60.00000 100.00000
9.45000 60.00000 100.00000
9.52000 60.00000 100.00000
9.59000 60.00000 100.00000
9.66000 60.00000 100.00000
9.73000 60.00000 100.00000
9.80000 64.00000 100.00000
9.87000 64.00000 100.00000
9.94000 64.00000 100.00000
10.01000 64.00000 100.00000
10.08000 64.00000 100.00000
10.15000 64.00000 100.00000
10.22000 64.00000 100.00000
10.29000 64.00000 100.00000
10.36000 0.00000 0.00000
10.43000 60.00000 100.00000
10.50000 60.00000 100.00000
10.57000 60.00000 100.00000
10.64000 60.00000 100.00000
10.71000 60.00000 100.00000
10.78000 60.00000 100.00000
10.85000 60.00000 100.00000
10.92000 60.00000 100.00000
10.99000 0.00000 0.00000
11.06000 64.00000 100.00000
11.13000 64.00000 100.00000
11.20000 64.00000 100.00000
11.27000 64.00000 100.00000
11.34000 64.00000 100.00000
11.41000 64.00000 100.00000
11.48000 64.00000 100.00000
11.55000 64.00000 100.00000
11.62000 0.00000 0.00000
11.69000 60.00000 100.00000
11.76000 60.00000 100.00000
11.83000 60.00000 100.00000
11.90000 60.00000 100.00000
11.97000 60.00000 100.00000
12.04000 60.00000 100.00000
12.11000 60.00000 100.00000
12.18000 60.00000 100.00000
12.25000 64.00000 100.00000
12.32000 64.00000 100.00000
12.39000 64.00000 100.00000
12.46000 64.00000 100.00000
12.53000 64.00000 100.00000
12.60000 64.00000 100.00000
12.67000 64.00000 100.00000
12.74000 64.00000 100.00000
12.81000 0.00000 0.00000
12.88000 60.00000 100.00000
12.95000 60.00000 100.00000
13.02000 60.00000 100.00000
13.09000 60.00000 100.00000
13.16000 60.00000 100.00000
13.23000 60.00000 100.00000
13.30000 60.00000 100.00000
13.37000 60.00000 100.00000
13.44000 0.00000 0.00000
13.51000 64.00000 100.00000
13.58000 64.00000 100.00000
13.65000 64.00000 100.00000
13.72000 64.00000 100.00000
13.79000 64.00000 100.00000
13.86000 64.00000 100.00000
13.93000 64.00000 100.00000
14.00000 64.00000 100.00000
14.07000 0.00000 0.00000
14.14000 60.00000 100.00000
14.21000 60.00000 100.00000
14.28000 60.00000 100.00000
14.35000 60.00000 100.00000
14.42000 60.00000 100.00000
14.49000 60.00000 100.00000
14.56000 60.00000 100.00000
14.63000 60.00000 100.00000
14.70000 64.00000 100.00000
14.77000 64.00000 100.00000
14.84000 64.00000 100.00000
14.91000 64.00000 100.00000
14.98000 64.00000 100.00000
15.05000 64.00000 100.00000
15.12000 64.00000 100.00000
15.19000 64.00000 100.00000
15.26000 0.00000 0.00000
15.33000 60.00000 100.00000
15.40000 60.00000 100.00000
15.47000 60.00000 100.00000
15.54000 60.00000 100.00000
15.61000 60.00000 100.00000
15.68000 60.00000 100.00000
15.75000 60.00000 100.00000
15.82000 60.00000 100.00000
15.89000 0.00000 0.00000
15.96000 64.00000 100.00000
16.03000 64.00000 100.00000
16.10000 64.00000 100.00000
16.17000 64.00000 100.00000
16.24000 64.00000 100.00000
16.31000 64.00000 100.00000
16.38000 64.00000 100.00000
16.45000 64.00000 100.00000
16.52000 0.00000 0.00000
16.59000 64.00000 100.00000
16.66000 64.00000 100.00000
16.73000 64.00000 100.00000
16.80000 64.00000 100.00000
16.87000 64.00000 100.00000
16.94000 64.00000 100.00000
17.01000 64.00000 100.00000
17.08000 64.00000 100.00000
17.15000 64.00000 100.00000
17.22000 64.00000 100.00000
17.29000 64.00000 100.00000
17.36000 64.00000 100.00000
17.43000 64.00000 100.00000
17.50000 64.00000 100.00000
17.57000 64.00000 100.00000
17.64000 64.00000 100.00000
17.71000 60.00000 100.00000
17.78000 64.00000 100.00000
17.85000 64.00000 100.00000
17.92000 64.00000 100.00000
17.99000 64.00000 100.00000
18.06000 64.00000 100.00000
18.13000 64.00000 100.00000
18.20000 64.00000 100.00000
18.27000 64.00000 100.00000
18.34000 0.00000 0.00000
18.41000 64.00000 100.00000
18.48000 64.00000 100.00000
18.55000 64.00000 100.00000
18.62000 64.00000 100.00000
18.69000 64.00000 100.00000
18.76000 64.00000 100.00000
18.83000 64.00000 100.00000
18.90000 64.00000 100.00000
18.97000 0.00000 0.00000
19.04000 64.00000 100.00000
19.11000 64.00000 100.00000
19.18000 64.00000 100.00000
19.25000 64.00000 100.00000
19.32000 64.00000 100.00000
19.39000 64.00000 100.00000
19.46000 64.00000 100.00000
19.53000 64.00000 100.00000
19.60000 64.00000 100.00000
19.67000 64.00000 100.00000
19.74000 64.00000 100.00000
19.81000 64.00000 100.00000
19.88000 64.00000 100.00000
19.95000 64.00000 100.00000
20.02000 64.00000 100.00000
20.09000 64.00000 100.00000
20.16000 60.00000 100.00000
20.23000 60.00000 100.00000
20.30000 60.00000 100.00000
20.37000 60.00000 100.00000
20.44000 60.00000 100.00000
20.51000 60.00000 100.00000
20.58000 60.00000 100.00000
20.65000 60.00000 100.00000
20.72000 60.00000 100.00000
20.79000 0.00000 0.00000
20.86000 64.00000 100.00000
20.93000 64.00000 100.00000
21.00000 64.00000 100.00000
21.07000 64.00000 100.00000
21.14000 64.00000 100.00000
21.21000 64.00000 100.00000
21.28000 64.00000 100.00000
21.35000 64.00000 100.00000
21.42000 0.00000 0.00000
21.49000 64.00000 100.00000
21.56000 64.00000 100.00000
21.63000 64.00000 100.00000
21.70000 64.00000 100.00000
21.77000 64.00000 100.00000
21.84000 64.00000 100.00000
21.91000 64.00000 100.00000
21.98000 64.00000 100.00000
22.05000 64.00000 100.00000
22.12000 64.00000 100.00000
22.19000 64.00000 100.00000
22.26000 64.00000 100.00000
22.33000 64.00000 100.00000
22.40000 64.00000 100.00000
22.47000 64.00000 100.00000
22.54000 64.00000 100.00000
22.61000 60.00000 100.00000
22.68000 64.00000 100.00000
22.75000 64.00000 100.00000
22.82000 64.00000 100.00000
22.89000 64.00000 100.00000
22.96000 64.00000 100.00000
23.03000 64.00000 100.00000
23.10000 64.00000 100.00000
23.17000 64.00000 100.00000
23.24000 0.00000 0.00000
23.31000 64.00000 100.00000
23.38000 64.00000 100.00000
23.45000 64.00000 100.00000
23.52000 64.00000 100.00000
23.59000 64.00000 100.00000
23.66000 64.00000 100.00000
23.73000 64.00000 100.00000
23.80000 64.00000 100.00000
23.87000 0.00000 0.00000
23.94000 64.00000 100.00000
24.01000 64.00000 100.00000
24.08000 64.00000 100.00000
24.15000 64.00000 100.00000
24.22000 64.00000 100.00000
24.29000 64.00000 100.00000
24.36000 64.00000 100.00000
24.43000 64.00000 100.00000
24.50000 64.00000 100.00000
24.57000 64.00000 100.00000
24.64000 64.00000 100.00000
24.71000 64.00000 100.00000
24.78000 64.00000 100.00000
24.85000 64.00000 100.00000
24.92000 64.00000 100.00000
24.99000 64.00000 100.00000
25.06000 0.00000 0.00000
25.13000 64.00000 100.00000
25.20000 64.00000 100.00000
25.27000 64.00000 100.00000
25.34000 64.00000 100.00000
25.41000 64.00000 100.00000
25.48000 64.00000 100.00000
25.55000 64.00000 100.00000
25.62000 64.00000 100.00000
25.69000 0.00000 0.00000
25.76000 64.00000 100.00000
25.83000 64.00000 100.00000
25.90000 64.00000 100.00000
25.97000 64.00000 100.00000
26.04000 64.00000 100.00000
26.11000 64.00000 100.00000
26.18000 64.00000 100.00000
26.25000 64.00000 100.00000
26.32000 0.00000 0.00000
26.39000 64.00000 100.00000
26.46000 64.00000 100.00000
26.53000 64.00000 100.00000
26.60000 64.00000 100.00000
26.67000 64.00000 100.00000
26.74000 64.00000 100.00000
26.81000 64.00000 100.00000
26.88000 64.00000 100.00000
26.95000 64.00000 100.00000
27.02000 64.00000 100.00000
27.09000 0.00000 0.00000
27.16000 0.00000 0.00000
27.23000 0.00000 0.00000
27.30000 0.00000 0.00000
27.37000 0.00000 0.00000
27.44000 0.00000 0.00000
27.51000 0.00000 0.00000
27.58000 60.00000 100.00000
27.65000 60.00000 100.00000
27.72000 0.00000 0.00000
27.79000 0.00000 0.00000
27.86000 0.00000 0.00000
27.93000 0.00000 0.00000
28.00000 0.00000 0.00000
28.07000 0.00000 0.00000
28.14000 0.00000 0.00000
28.21000 64.00000 100.00000
28.28000 64.00000 100.00000
28.35000 0.00000 0.00000
28.42000 0.00000 0.00000
28.49000 0.00000 0.00000
28.56000 0.00000 0.00000
28.63000 0.00000 0.00000
28.70000 0.00000 0.00000
28.77000 0.00000 0.00000
28.84000 60.00000 100.00000
28.91000 60.00000 100.00000
28.98000 0.00000 0.00000
29.05000 0.00000 0.00000
29.12000 0.00000 0.00000
29.19000 0.00000 0.00000
29.26000 0.00000 0.00000
29.33000 0.00000 0.00000
29.40000 64.00000 100.00000
29.47000 64.00000 100.00000
29.54000 64.00000 100.00000
29.61000 64.00000 100.00000
29.68000 64.00000 100.00000
29.75000 64.00000 100.00000
29.82000 64.00000 100.00000
29.89000 64.00000 100.00000
29.96000 60.00000 100.00000
30.03000 60.00000 100.00000
30.10000 60.00000 100.00000
30.17000 60.00000 100.00000
30.24000 60.00000 100.00000
30.31000 60.00000 100.00000
30.38000 60.00000 100.00000
30.45000 60.00000 100.00000
30.52000 60.00000 100.00000
30.59000 0.00000 0.00000
30.66000 64.00000 100.00000
30.73000 64.00000 100.00000
30.80000 64.00000 100.00000
30.87000 64.00000 100.00000
30.94000 64.00000 100.00000
31.01000 64.00000 100.00000
31.08000 64.00000 100.00000
31.15000 64.00000 100.00000
31.22000 0.00000 0.00000
31.29000 60.00000 100.00000
31.36000 60.00000 100.00000
31.43000 60.00000 100.00000
31.50000 60.00000 100.00000
31.57000 60.00000 100.00000
31.64000 60.00000 100.00000
31.71000 60.00000 100.00000
31.78000 60.00000 100.00000
31.85000 64.00000 100.00000
31.92000 64.00000 100.00000
31.99000 64.00000 100.00000
32.06000 64.00000 100.00000
32.13000 64.00000 100.00000
32.20000 64.00000 100.00000
32.27000 64.00000 100.00000
32.34000 64.00000 100.00000
32.41000 60.00000 100.00000
32.48000 60.00000 100.00000
32.55000 60.00000 100.00000
32.62000 60.00000 100.00000
32.69000 60.00000 100.00000
32.76000 60.00000 100.00000
32.83000 60.00000 100.00000
32.90000 60.00000 100.00000
32.97000 60.00000 100.00000
33.04000 0.00000 0.00000
33.11000 64.00000 100.00000
33.18000 64.00000 100.00000
33.25000 64.00000 100.00000
33.32000 64.00000 100.00000
33.39000 64.00000 100.00000
33.46000 64.00000 100.00000
33.53000 64.00000 100.00000
33.60000 64.00000 100.00000
33.67000 0.00000 0.00000
33.74000 60.00000 100.00000
33.81000 60.00000 100.00000
33.88000 60.00000 100.00000
33.95000 60.00000 100.00000
34.02000 60.00000 100.00000
34.09000 60.00000 100.00000
34.16000 60.00000 100.00000
34.23000 60.00000 100.00000
34.30000 64.00000 100.00000
34.37000 64.00000 100.00000
34.44000 0.00000 0.00000
34.51000 0.00000 0.00000
34.58000 0.00000 0.00000
34.65000 0.00000 0.00000
34.72000 0.00000 0.00000
34.79000 0.00000 0.00000
34.86000 0.00000 0.00000
34.93000 60.00000 100.00000
35.00000 60.00000 100.00000
35.07000 0.00000 0.00000
35.14000 0.00000 0.00000
35.21000 0.00000 0.00000
35.28000 0.00000 0.00000
35.35000 0.00000 0.00000
35.42000 0.00000 0.00000
35.49000 0.00000 0.00000
35.56000 64.00000 100.00000
35.63000 64.00000 100.00000
35.70000 0.00000 0.00000
35.77000 0.00000 0.00000
35.84000 0.00000 0.00000
35.91000 0.00000 0.00000
35.98000 0.00000 0.00000
36.05000 0.00000 0.00000
36.12000 0.00000 0.00000
36.19000 60.00000 100.00000
36.26000 60.00000 100.00000
36.33000 0.00000 0.00000
36.40000 0.00000 0.00000
36.47000 0.00000 0.00000
36.54000 0.00000 0.00000
36.61000 0.00000 0.00000
36.68000 0.00000 0.00000
36.75000 64.00000 100.00000
36.82000 64.00000 100.00000
36.89000 0.00000 0.00000
36.96000 0.00000 0.00000
37.03000 0.00000 0.00000
37.10000 0.00000 0.00000
37.17000 0.00000 0.00000
37.24000 0.00000 0.00000
37.31000 0.00000 0.00000
37.38000 60.00000 100.00000
37.45000 60.00000 100.00000
37.52000 0.00000 0.00000
37.59000 0.00000 0.00000
37.66000 0.00000 0.00000
37.73000 0.00000 0.00000
37.80000 0.00000 0.00000
37.87000 0.00000 0.00000
37.94000 0.00000 0.00000
38.01000 64.00000 100.00000
38.08000 64.00000 100.00000
38.15000 0.00000 0.00000
38.22000 0.00000 0.00000
38.29000 0.00000 0.00000
38.36000 0.00000 0.00000
38.43000 0.00000 0.00000
38.50000 0.00000 0.00000
38.57000 0.00000 0.00000
38.64000 60.00000 100.00000
38.71000 60.00000 100.00000
38.78000 0.00000 0.00000
38.85000 0.00000 0.00000
38.92000 0.00000 0.00000
38.99000 0.00000 0.00000
39.06000 0.00000 0.00000
39.13000 0.00000 0.00000
39.20000 64.00000 100.00000
39.27000 64.00000 100.00000
39.34000 0.00000 0.00000
39.41000 0.00000 0.00000
39.48000 0.00000 0.00000
39.55000 0.00000 0.00000
39.62000 0.00000 0.00000
39.69000 0.00000 0.00000
39.76000 0.00000 0.00000
39.83000 60.00000 100.00000
39.90000 60.00000 100.00000
39.97000 0.00000 0.00000
40.04000 0.00000 0.00000
40.11000 0.00000 0.00000
40.18000 0.00000 0.00000
40.25000 0.00000 0.00000
40.32000 0.00000 0.00000
40.39000 0.00000 0.00000
40.46000 64.00000 100.00000
40.53000 64.00000 100.00000
40.60000 0.00000 0.00000
40.67000 0.00000 0.00000
40.74000 0.00000 0.00000
40.81000 0.00000 0.00000
40.88000 0.00000 0.00000
40.95000 0.00000 0.00000
41.02000 0.00000 0.00000
41.09000 60.00000 100.00000
41.16000 60.00000 100.00000
41.23000 0.00000 0.00000
41.30000 0.00000 0.00000
41.37000 0.00000 0.00000
41.44000 0.00000 0.00000
41.51000 0.00000 0.00000
41.58000 0.00000 0.00000
41.65000 64.00000 100.00000
41.72000 64.00000 100.00000
41.79000 0.00000 0.00000
41.86000 0.00000 0.00000
41.93000 0.00000 0.00000
42.00000 0.00000 0.00000
42.07000 0.00000 0.00000
42.14000 0.00000 0.00000
42.21000 0.00000 0.00000
42.28000 60.00000 100.00000
42.35000 60.00000 100.00000
42.42000 0.00000 0.00000
42.49000 0.00000 0.00000
42.56000 0.00000 0.00000
42.63000 0.00000 0.00000
42.70000 0.00000 0.00000
42.77000 0.00000 0.00000
42.84000 0.00000 0.00000
42.91000 64.00000 100.00000
42.98000 64.00000 100.00000
43.05000 0.00000 0.00000
43.12000 0.00000 0.00000
43.19000 0.00000 0.00000
43.26000 0.00000 0.00000
43.33000 0.00000 0.00000
43.40000 0.00000 0.00000
43.47000 60.00000 100.00000
43.54000 60.00000 100.00000
43.61000 0.00000 0.00000
43.68000 0.00000 0.00000
43.75000 0.00000 0.00000
43.82000 0.00000 0.00000
43.89000 0.00000 0.00000
43.96000 0.00000 0.00000
44.03000 0.00000 0.00000
44.10000 64.00000 100.00000
44.17000 64.00000 100.00000
44.24000 0.00000 0.00000
44.31000 0.00000 0.00000
44.38000 0.00000 0.00000
44.45000 0.00000 0.00000
44.52000 0.00000 0.00000
44.59000 0.00000 0.00000
44.66000 0.00000 0.00000
44.73000 60.00000 100.00000
44.80000 60.00000 100.00000
44.87000 0.00000 0.00000
44.94000 0.00000 0.00000
45.01000 0.00000 0.00000
45.08000 0.00000 0.00000
45.15000 0.00000 0.00000
45.22000 0.00000 0.00000
45.29000 0.00000 0.00000
45.36000 64.00000 100.00000
45.43000 64.00000 100.00000
45.50000 0.00000 0.00000
45.57000 0.00000 0.00000
45.64000 0.00000 0.00000
45.71000 0.00000 0.00000
45.78000 0.00000 0.00000
45.85000 0.00000 0.00000
45.92000 60.00000 100.00000
45.99000 60.00000 100.00000
46.06000 0.00000 0.00000
46.13000 0.00000 0.00000
46.20000 0.00000 0.00000
46.27000 0.00000 0.00000
46.34000 0.00000 0.00000
46.41000 0.00000 0.00000
46.48000 0.00000 0.00000
46.55000 64.00000 100.00000
46.62000 64.00000 100.00000
46.69000 0.00000 0.00000
46.76000 0.00000 0.00000
46.83000 0.00000 0.00000
46.90000 0.00000 0.00000
46.97000 0.00000 0.00000
47.04000 0.00000 0.00000
47.11000 0.00000 0.00000
47.18000 60.00000 100.00000
47.25000 60.00000 100.00000
47.32000 0.00000 0.00000
47.39000 0.00000 0.00000
47.46000 0.00000 0.00000
47.53000 0.00000 0.00000
47.60000 0.00000 0.00000
47.67000 0.00000 0.00000
47.74000 0.00000 0.00000
47.81000 64.00000 100.00000
47.88000 64.00000 100.00000
47.95000 0.00000 0.00000
48.02000 0.00000 0.00000
48.09000 0.00000 0.00000
48.16000 0.00000 0.00000
48.23000 0.00000 0.00000
48.30000 0.00000 0.00000
48.37000 0.00000 0.00000
48.44000 0.00000 0.00000
48.51000 0.00000 0.00000
48.58000 0.00000 0.00000
48.65000 0.00000 0.00000
48.72000 0.00000 0.00000
48.79000 0.00000 0.00000
48.86000 0.00000 0.00000
48.93000 0.00000 0.00000
49.00000 0.00000 0.00000
49.07000 0.00000 0.00000
49.14000 0.00000 0.00000
49.21000 0.00000 0.00000
49.28000 0.00000 0.00000
49.35000 0.00000 0.00000
49.42000 0.00000 0.00000
49.49000 0.00000 0.00000
49.56000 0.00000 0.00000
49.63000 0.00000 0.00000
49.70000 0.00000 0.00000
49.77000 60.00000 100.00000
49.84000 60.00000 100.00000
49.91000 60.00000 100.00000
49.98000 60.00000 100.00000
50.05000 0.00000 0.00000
50.12000 60.00000 100.00000
50.19000 60.00000 100.00000
# vocal
0.00000 0.00000 0.00000
0.07000 0.00000 0.00000
0.14000 0.00000 0.00000
0.21000 0.00000 0.00000
0.28000 0.00000 0.00000
0.35000 0.00000 0.00000
0.42000 0.00000 0.00000
0.49000 0.00000 0.00000
0.56000 0.00000 0.00000
0.63000 0.00000 0.00000
0.70000 0.00000 0.00000
0.77000 0.00000 0.00000
0.84000 0.00000 0.00000
0.91000 0.00000 0.00000
0.98000 0.00000 0.00000
1.05000 0.00000 0.00000
1.12000 0.00000 0.00000
1.19000 0.00000 0.00000
1.26000 0.00000 0.00000
1.33000 0.00000 0.00000
1.40000 0.00000 0.00000
1.47000 0.00000 0.00000
1.54000 0.00000 0.00000
1.61000 0.00000 0.00000
1.68000 0.00000 0.00000
1.75000 0.00000 0.00000
1.82000 0.00000 0.00000
1.89000 0.00000 0.00000
1.96000 0.00000 0.00000
2.03000 0.00000 0.00000
2.10000 0.00000 0.00000
2.17000 0.00000 0.00000
2.24000 0.00000 0.00000
2.31000 0.00000 0.00000
2.38000 0.00000 0.00000
2.45000 0.00000 0.00000
2.52000 0.00000 0.00000
2.59000 0.00000 0.00000
2.66000 0.00000 0.00000
2.73000 0.00000 0.00000
2.80000 0.00000 0.00000
2.87000 0.00000 0.00000
2.94000 0.00000 0.00000
3.01000 0.00000 0.00000
3.08000 0.00000 0.00000
3.15000 0.00000 0.00000
3.22000 0.00000 0.00000
3.29000 0.00000 0.00000
3.36000 0.00000 0.00000
3.43000 0.00000 0.00000
3.50000 0.00000 0.00000
3.57000 0.00000 0.00000
3.64000 0.00000 0.00000
3.71000 0.00000 0.00000
3.78000 0.00000 0.00000
3.85000 0.00000 0.00000
3.92000 0.00000 0.00000
3.99000 0.00000 0.00000
4.06000 0.00000 0.00000
4.13000 0.00000 0.00000
4.20000 0.00000 0.00000
4.27000 0.00000 0.00000
4.34000 0.00000 0.00000
4.41000 0.00000 0.00000
4.48000 0.00000 0.00000
4.55000 0.00000 0.00000
4.62000 0.00000 0.00000
4.69000 0.00000 0.00000
4.76000 0.00000 0.00000
4.83000 0.00000 0.00000
4.90000 0.00000 0.00000
4.97000 0.00000 0.00000
5.04000 0.00000 0.00000
5.11000 0.00000 0.00000
5.18000 0.00000 0.00000
5.25000 0.00000 0.00000
5.32000 0.00000 0.00000
5.39000 0.00000 0.00000
5.46000 0.00000 0.00000
5.53000 0.00000 0.00000
5.60000 0.00000 0.00000
5.67000 0.00000 0.00000
5.74000 0.00000 0.00000
5.81000 0.00000 0.00000
5.88000 0.00000 0.00000
5.95000 0.00000 0.00000
6.02000 0.00000 0.00000
6.09000 0.00000 0.00000
6.16000 0.00000 0.00000
6.23000 0.00000 0.00000
6.30000 0.00000 0.00000
6.37000 0.00000 0.00000
6.44000 0.00000 0.00000
6.51000 0.00000 0.00000
6.58000 0.00000 0.00000
6.65000 0.00000 0.00000
6.72000 0.00000 0.00000
6.79000 0.00000 0.00000
6.86000 0.00000 0.00000
6.93000 0.00000 0.00000
7.00000 0.00000 0.00000
7.07000 0.00000 0.00000
7.14000 0.00000 0.00000
7.21000 0.00000 0.00000
7.28000 0.00000 0.00000
7.35000 0.00000 0.00000
7.42000 0.00000 0.00000
7.49000 0.00000 0.00000
7.56000 0.00000 0.00000
7.63000 0.00000 0.00000
7.70000 0.00000 0.00000
7.77000 0.00000 0.00000
7.84000 0.00000 0.00000
7.91000 0.00000 0.00000
7.98000 0.00000 0.00000
8.05000 0.00000 0.00000
8.12000 0.00000 0.00000
8.19000 0.00000 0.00000
8.26000 0.00000 0.00000
8.33000 0.00000 0.00000
8.40000 0.00000 0.00000
8.47000 0.00000 0.00000
8.54000 0.00000 0.00000
8.61000 0.00000 0.00000
8.68000 0.00000 0.00000
8.75000 0.00000 0.00000
8.82000 0.00000 0.00000
8.89000 0.00000 0.00000
8.96000 0.00000 0.00000
9.03000 0.00000 0.00000
9.10000 0.00000 0.00000
9.17000 0.00000 0.00000
9.24000 0.00000 0.00000
9.31000 0.00000 0.00000
9.38000 0.00000 0.00000
9.45000 0.00000 0.00000
9.52000 0.00000 0.00000
9.59000 0.00000 0.00000
9.66000 0.00000 0.00000
9.73000 0.00000 0.00000
9.80000 0.00000 0.00000
9.87000 0.00000 0.00000
9.94000 0.00000 0.00000
10.01000 0.00000 0.00000
10.08000 0.00000 0.00000
10.15000 0.00000 0.00000
10.22000 0.00000 0.00000
10.29000 0.00000 0.00000
10.36000 0.00000 0.00000
10.43000 0.00000 0.00000
10.50000 0.00000 0.00000
10.57000 0.00000 0.00000
10.64000 0.00000 0.00000
10.71000 0.00000 0.00000
10.78000 0.00000 0.00000
10.85000 0.00000 0.00000
10.92000 0.00000 0.00000
10.99000 0.00000 0.00000
11.06000 74.00000 100.00000
11.13000 74.00000 100.00000
11.20000 74.00000 100.00000
11.27000 74.00000 100.00000
11.34000 74.00000 100.00000
11.41000 74.00000 100.00000
11.48000 74.00000 100.00000
11.55000 74.00000 100.00000
11.62000 0.00000 0.00000
11.69000 74.00000 100.00000
11.76000 74.00000 100.00000
11.83000 74.00000 100.00000
11.90000 74.00000 100.00000
11.97000 74.00000 100.00000
12.04000 74.00000 100.00000
12.11000 74.00000 100.00000
12.18000 74.00000 100.00000
12.25000 74.00000 100.00000
12.32000 74.00000 100.00000
12.39000 74.00000 100.00000
12.46000 74.00000 100.00000
12.53000 74.00000 100.00000
12.60000 74.00000 100.00000
12.67000 74.00000 100.00000
12.74000 74.00000 100.00000
12.81000 74.00000 100.00000
12.88000 0.00000 0.00000
12.95000 0.00000 0.00000
13.02000 0.00000 0.00000
13.09000 0.00000 0.00000
13.16000 0.00000 0.00000
13.23000 0.00000 0.00000
13.30000 0.00000 0.00000
13.37000 0.00000 0.00000
13.44000 0.00000 0.00000
13.51000 74.00000 100.00000
13.58000 74.00000 100.00000
13.65000 74.00000 100.00000
13.72000 74.00000 100.00000
13.79000 74.00000 100.00000
13.86000 74.00000 100.00000
13.93000 74.00000 100.00000
14.00000 74.00000 100.00000
14.07000 0.00000 0.00000
14.14000 74.00000 100.00000
14.21000 74.00000 100.00000
14.28000 74.00000 100.00000
14.35000 74.00000 100.00000
14.42000 74.00000 100.00000
14.49000 74.00000 100.00000
14.56000 74.00000 100.00000
14.63000 74.00000 100.00000
14.70000 74.00000 100.00000
14.77000 74.00000 100.00000
14.84000 74.00000 100.00000
14.91000 74.00000 100.00000
14.98000 74.00000 100.00000
15.05000 74.00000 100.00000
15.12000 74.00000 100.00000
15.19000 74.00000 100.00000
15.26000 74.00000 100.00000
15.33000 0.00000 0.00000
15.40000 0.00000 0.00000
15.47000 0.00000 0.00000
15.54000 0.00000 0.00000
15.61000 0.00000 0.00000
15.68000 0.00000 0.00000
15.75000 0.00000 0.00000
15.82000 0.00000 0.00000
15.89000 0.00000 0.00000
15.96000 0.00000 0.00000
16.03000 0.00000 0.00000
16.10000 0.00000 0.00000
16.17000 0.00000 0.00000
16.24000 0.00000 0.00000
16.31000 0.00000 0.00000
16.38000 0.00000 0.00000
16.45000 0.00000 0.00000
16.52000 0.00000 0.00000
16.59000 0.00000 0.00000
16.66000 0.00000 0.00000
16.73000 0.00000 0.00000
16.80000 0.00000 0.00000
16.87000 0.00000 0.00000
16.94000 0.00000 0.00000
17.01000 0.00000 0.00000
17.08000 0.00000 0.00000
17.15000 0.00000 0.00000
17.22000 0.00000 0.00000
17.29000 0.00000 0.00000
17.36000 0.00000 0.00000
17.43000 0.00000 0.00000
17.50000 0.00000 0.00000
17.57000 0.00000 0.00000
17.64000 0.00000 0.00000
17.71000 0.00000 0.00000
17.78000 0.00000 0.00000
17.85000 0.00000 0.00000
17.92000 0.00000 0.00000
17.99000 0.00000 0.00000
18.06000 0.00000 0.00000
18.13000 0.00000 0.00000
18.20000 0.00000 0.00000
18.27000 0.00000 0.00000
18.34000 0.00000 0.00000
18.41000 0.00000 0.00000
18.48000 0.00000 0.00000
18.55000 0.00000 0.00000
18.62000 0.00000 0.00000
18.69000 0.00000 0.00000
18.76000 0.00000 0.00000
18.83000 0.00000 0.00000
18.90000 0.00000 0.00000
18.97000 0.00000 0.00000
19.04000 0.00000 0.00000
19.11000 0.00000 0.00000
19.18000 0.00000 0.00000
19.25000 0.00000 0.00000
19.32000 0.00000 0.00000
19.39000 0.00000 0.00000
19.46000 0.00000 0.00000
19.53000 0.00000 0.00000
19.60000 0.00000 0.00000
19.67000 0.00000 0.00000
19.74000 0.00000 0.00000
19.81000 0.00000 0.00000
19.88000 0.00000 0.00000
19.95000 0.00000 0.00000
20.02000 0.00000 0.00000
20.09000 0.00000 0.00000
20.16000 0.00000 0.00000
20.23000 0.00000 0.00000
20.30000 0.00000 0.00000
20.37000 0.00000 0.00000
20.44000 0.00000 0.00000
20.51000 0.00000 0.00000
20.58000 0.00000 0.00000
20.65000 0.00000 0.00000
20.72000 0.00000 0.00000
20.79000 0.00000 0.00000
20.86000 0.00000 0.00000
20.93000 0.00000 0.00000
21.00000 0.00000 0.00000
21.07000 0.00000 0.00000
21.14000 0.00000 0.00000
21.21000 0.00000 0.00000
21.28000 0.00000 0.00000
21.35000 0.00000 0.00000
21.42000 0.00000 0.00000
21.49000 0.00000 0.00000
21.56000 0.00000 0.00000
21.63000 0.00000 0.00000
21.70000 0.00000 0.00000
21.77000 0.00000 0.00000
21.84000 0.00000 0.00000
21.91000 0.00000 0.00000
21.98000 0.00000 0.00000
22.05000 0.00000 0.00000
22.12000 0.00000 0.00000
22.19000 0.00000 0.00000
22.26000 0.00000 0.00000
22.33000 0.00000 0.00000
22.40000 0.00000 0.00000
22.47000 0.00000 0.00000
22.54000 0.00000 0.00000
22.61000 0.00000 0.00000
22.68000 0.00000 0.00000
22.75000 0.00000 0.00000
22.82000 0.00000 0.00000
22.89000 0.00000 0.00000
22.96000 0.00000 0.00000
23.03000 0.00000 0.00000
23.10000 0.00000 0.00000
23.17000 0.00000 0.00000
23.24000 0.00000 0.00000
23.31000 0.00000 0.00000
23.38000 0.00000 0.00000
23.45000 0.00000 0.00000
23.52000 0.00000 0.00000
23.59000 0.00000 0.00000
23.66000 0.00000 0.00000
23.73000 0.00000 0.00000
23.80000 0.00000 0.00000
23.87000 0.00000 0.00000
23.94000 0.00000 0.00000
24.01000 0.00000 0.00000
24.08000 0.00000 0.00000
24.15000 0.00000 0.00000
24.22000 0.00000 0.00000
24.29000 0.00000 0.00000
24.36000 0.00000 0.00000
24.43000 0.00000 0.00000
24.50000 74.00000 100.00000
24.57000 74.00000 100.00000
24.64000 74.00000 100.00000
24.71000 74.00000 100.00000
24.78000 74.00000 100.00000
24.85000 74.00000 100.00000
24.92000 74.00000 100.00000
24.99000 74.00000 100.00000
25.06000 0.00000 0.00000
25.13000 74.00000 100.00000
25.20000 74.00000 100.00000
25.27000 74.00000 100.00000
25.34000 74.00000 100.00000
25.41000 74.00000 100.00000
25.48000 74.00000 100.00000
25.55000 74.00000 100.00000
25.62000 74.00000 100.00000
25.69000 74.00000 100.00000
25.76000 74.00000 100.00000
25.83000 74.00000 100.00000
25.90000 74.00000 100.00000
25.97000 74.00000 100.00000
26.04000 74.00000 100.00000
26.11000 74.00000 100.00000
26.18000 74.00000 100.00000
26.25000 74.00000 100.00000
26.32000 0.00000 0.00000
26.39000 0.00000 0.00000
26.46000 0.00000 0.00000
26.53000 0.00000 0.00000
26.60000 0.00000 0.00000
26.67000 0.00000 0.00000
26.74000 0.00000 0.00000
26.81000 0.00000 0.00000
26.88000 0.00000 0.00000
26.95000 74.00000 100.00000
27.02000 74.00000 100.00000
27.09000 74.00000 100.00000
27.16000 74.00000 100.00000
27.23000 74.00000 100.00000
27.30000 74.00000 100.00000
27.37000 74.00000 100.00000
27.44000 74.00000 100.00000
27.51000 0.00000 0.00000
27.58000 74.00000 100.00000
27.65000 74.00000 100.00000
27.72000 74.00000 100.00000
27.79000 74.00000 100.00000
27.86000 74.00000 100.00000
27.93000 74.00000 100.00000
28.00000 74.00000 100.00000
28.07000 74.00000 100.00000
28.14000 74.00000 100.00000
28.21000 74.00000 100.00000
28.28000 74.00000 100.00000
28.35000 74.00000 100.00000
28.42000 74.00000 100.00000
28.49000 74.00000 100.00000
28.56000 74.00000 100.00000
28.63000 74.00000 100.00000
28.70000 74.00000 100.00000
28.77000 0.00000 0.00000
28.84000 0.00000 0.00000
28.91000 0.00000 0.00000
28.98000 0.00000 0.00000
29.05000 0.00000 0.00000
29.12000 0.00000 0.00000
29.19000 0.00000 0.00000
29.26000 0.00000 0.00000
29.33000 0.00000 0.00000
29.40000 0.00000 0.00000
29.47000 0.00000 0.00000
29.54000 0.00000 0.00000
29.61000 0.00000 0.00000
29.68000 0.00000 0.00000
29.75000 0.00000 0.00000
29.82000 0.00000 0.00000
29.89000 0.00000 0.00000
29.96000 0.00000 0.00000
30.03000 0.00000 0.00000
30.10000 0.00000 0.00000
30.17000 0.00000 0.00000
30.24000 0.00000 0.00000
30.31000 0.00000 0.00000
30.38000 0.00000 0.00000
30.45000 0.00000 0.00000
30.52000 0.00000 0.00000
30.59000 0.00000 0.00000
30.66000 0.00000 0.00000
30.73000 0.00000 0.00000
30.80000 0.00000 0.00000
30.87000 0.00000 0.00000
30.94000 0.00000 0.00000
31.01000 0.00000 0.00000
31.08000 0.00000 0.00000
31.15000 0.00000 0.00000
31.22000 0.00000 0.00000
31.29000 0.00000 0.00000
31.36000 0.00000 0.00000
31.43000 0.00000 0.00000
31.50000 0.00000 0.00000
31.57000 0.00000 0.00000
31.64000 0.00000 0.00000
31.71000 0.00000 0.00000
31.78000 0.00000 0.00000
31.85000 0.00000 0.00000
31.92000 0.00000 0.00000
31.99000 0.00000 0.00000
32.06000 0.00000 0.00000
32.13000 0.00000 0.00000
32.20000 0.00000 0.00000
32.27000 0.00000 0.00000
32.34000 0.00000 0.00000
32.41000 0.00000 0.00000
32.48000 0.00000 0.00000
32.55000 0.00000 0.00000
32.62000 0.00000 0.00000
32.69000 0.00000 0.00000
32.76000 0.00000 0.00000
32.83000 0.00000 0.00000
32.90000 0.00000 0.00000
32.97000 0.00000 0.00000
33.04000 0.00000 0.00000
33.11000 0.00000 0.00000
33.18000 0.00000 0.00000
33.25000 0.00000 0.00000
33.32000 0.00000 0.00000
33.39000 0.00000 0.00000
33.46000 0.00000 0.00000
33.53000 0.00000 0.00000
33.60000 0.00000 0.00000
33.67000 0.00000 0.00000
33.74000 0.00000 0.00000
33.81000 0.00000 0.00000
33.88000 0.00000 0.00000
33.95000 0.00000 0.00000
34.02000 0.00000 0.00000
34.09000 0.00000 0.00000
34.16000 0.00000 0.00000
34.23000 0.00000 0.00000
34.30000 0.00000 0.00000
34.37000 0.00000 0.00000
34.44000 0.00000 0.00000
34.51000 0.00000 0.00000
34.58000 0.00000 0.00000
34.65000 0.00000 0.00000
34.72000 0.00000 0.00000
34.79000 0.00000 0.00000
34.86000 0.00000 0.00000
34.93000 0.00000 0.00000
35.00000 0.00000 0.00000
35.07000 0.00000 0.00000
35.14000 0.00000 0.00000
35.21000 0.00000 0.00000
35.28000 0.00000 0.00000
35.35000 0.00000 0.00000
35.42000 0.00000 0.00000
35.49000 0.00000 0.00000
35.56000 0.00000 0.00000
35.63000 0.00000 0.00000
35.70000 0.00000 0.00000
35.77000 0.00000 0.00000
35.84000 0.00000 0.00000
35.91000 0.00000 0.00000
35.98000 0.00000 0.00000
36.05000 0.00000 0.00000
36.12000 0.00000 0.00000
36.19000 0.00000 0.00000
36.26000 0.00000 0.00000
36.33000 0.00000 0.00000
36.40000 0.00000 0.00000
36.47000 0.00000 0.00000
36.54000 0.00000 0.00000
36.61000 0.00000 0.00000
36.68000 0.00000 0.00000
36.75000 0.00000 0.00000
36.82000 0.00000 0.00000
36.89000 0.00000 0.00000
36.96000 0.00000 0.00000
37.03000 0.00000 0.00000
37.10000 0.00000 0.00000
37.17000 0.00000 0.00000
37.24000 0.00000 0.00000
37.31000 0.00000 0.00000
37.38000 0.00000 0.00000
37.45000 0.00000 0.00000
37.52000 0.00000 0.00000
37.59000 0.00000 0.00000
37.66000 0.00000 0.00000
37.73000 0.00000 0.00000
37.80000 0.00000 0.00000
37.87000 0.00000 0.00000
37.94000 0.00000 0.00000
38.01000 74.00000 100.00000
38.08000 74.00000 100.00000
38.15000 74.00000 100.00000
38.22000 74.00000 100.00000
38.29000 74.00000 100.00000
38.36000 74.00000 100.00000
38.43000 74.00000 100.00000
38.50000 74.00000 100.00000
38.57000 0.00000 0.00000
38.64000 74.00000 100.00000
38.71000 74.00000 100.00000
38.78000 74.00000 100.00000
38.85000 74.00000 100.00000
38.92000 74.00000 100.00000
38.99000 74.00000 100.00000
39.06000 74.00000 100.00000
39.13000 74.00000 100.00000
39.20000 74.00000 100.00000
39.27000 74.00000 100.00000
39.34000 74.00000 100.00000
39.41000 74.00000 100.00000
39.48000 74.00000 100.00000
39.55000 74.00000 100.00000
39.62000 74.00000 100.00000
39.69000 74.00000 100.00000
39.76000 74.00000 100.00000
39.83000 0.00000 0.00000
39.90000 0.00000 0.00000
39.97000 0.00000 0.00000
40.04000 0.00000 0.00000
40.11000 0.00000 0.00000
40.18000 0.00000 0.00000
40.25000 0.00000 0.00000
40.32000 0.00000 0.00000
40.39000 0.00000 0.00000
40.46000 74.00000 100.00000
40.53000 74.00000 100.00000
40.60000 74.00000 100.00000
40.67000 74.00000 100.00000
40.74000 74.00000 100.00000
40.81000 74.00000 100.00000
40.88000 74.00000 100.00000
40.95000 74.00000 100.00000
41.02000 0.00000 0.00000
41.09000 74.00000 100.00000
41.16000 74.00000 100.00000
41.23000 74.00000 100.00000
41.30000 74.00000 100.00000
41.37000 74.00000 100.00000
41.44000 74.00000 100.00000
41.51000 74.00000 100.00000
41.58000 74.00000 100.00000
41.65000 74.00000 100.00000
41.72000 74.00000 100.00000
41.79000 74.00000 100.00000
41.86000 74.00000 100.00000
41.93000 74.00000 100.00000
42.00000 74.00000 100.00000
42.07000 74.00000 100.00000
42.14000 74.00000 100.00000
42.21000 74.00000 100.00000
42.28000 0.00000 0.00000
42.35000 0.00000 0.00000
42.42000 0.00000 0.00000
42.49000 0.00000 0.00000
42.56000 0.00000 0.00000
42.63000 0.00000 0.00000
42.70000 0.00000 0.00000
42.77000 0.00000 0.00000
42.84000 0.00000 0.00000
42.91000 74.00000 100.00000
42.98000 74.00000 100.00000
43.05000 74.00000 100.00000
43.12000 74.00000 100.00000
43.19000 74.00000 100.00000
43.26000 74.00000 100.00000
43.33000 74.00000 100.00000
43.40000 74.00000 100.00000
43.47000 74.00000 100.00000
43.54000 74.00000 100.00000
43.61000 74.00000 100.00000
43.68000 74.00000 100.00000
43.75000 0.00000 0.00000
43.82000 74.00000 100.00000
43.89000 74.00000 100.00000
43.96000 74.00000 100.00000
44.03000 74.00000 100.00000
44.10000 74.00000 100.00000
44.17000 74.00000 100.00000
44.24000 74.00000 100.00000
44.31000 74.00000 100.00000
44.38000 74.00000 100.00000
44.45000 74.00000 100.00000
44.52000 74.00000 100.00000
44.59000 74.00000 100.00000
44.66000 74.00000 100.00000
44.73000 0.00000 0.00000
44.80000 0.00000 0.00000
44.87000 0.00000 0.00000
44.94000 0.00000 0.00000
45.01000 0.00000 0.00000
45.08000 0.00000 0.00000
45.15000 0.00000 0.00000
45.22000 0.00000 0.00000
45.29000 0.00000 0.00000
45.36000 74.00000 100.00000
45.43000 74.00000 100.00000
45.50000 74.00000 100.00000
45.57000 74.00000 100.00000
45.64000 74.00000 100.00000
45.71000 74.00000 100.00000
45.78000 74.00000 100.00000
45.85000 74.00000 100.00000
45.92000 74.00000 100.00000
45.99000 74.00000 100.00000
46.06000 74.00000 100.00000
46.13000 74.00000 100.00000
46.20000 0.00000 0.00000
46.27000 74.00000 100.00000
46.34000 74.00000 100.00000
46.41000 74.00000 100.00000
46.48000 74.00000 100.00000
46.55000 74.00000 100.00000
46.62000 74.00000 100.00000
46.69000 74.00000 100.00000
46.76000 74.00000 100.00000
46.83000 74.00000 100.00000
46.90000 74.00000 100.00000
46.97000 74.00000 100.00000
47.04000 74.00000 100.00000
47.11000 74.00000 100.00000
47.18000 65.00000 100.00000
47.25000 65.00000 100.00000
47.32000 65.00000 100.00000
47.39000 65.00000 100.00000
47.46000 65.00000 100.00000
47.53000 65.00000 100.00000
47.60000 65.00000 100.00000
47.67000 65.00000 100.00000
47.74000 0.00000 0.00000
47.81000 74.00000 100.00000
47.88000 74.00000 100.00000
47.95000 74.00000 100.00000
48.02000 74.00000 100.00000
48.09000 74.00000 100.00000
48.16000 74.00000 100.00000
48.23000 74.00000 100.00000
48.30000 74.00000 100.00000
48.37000 74.00000 100.00000
48.44000 74.00000 100.00000
48.51000 74.00000 100.00000
48.58000 74.00000 100.00000
48.65000 74.00000 100.00000
48.72000 74.00000 100.00000
48.79000 74.00000 100.00000
48.86000 74.00000 100.00000
48.93000 74.00000 100.00000
49.00000 74.00000 100.00000
49.07000 74.00000 100.00000
49.14000 74.00000 100.00000
49.21000 74.00000 100.00000
49.28000 74.00000 100.00000
49.35000 74.00000 100.00000
49.42000 74.00000 100.00000
49.49000 74.00000 100.00000
49.56000 74.00000 100.00000
49.63000 74.00000 100.00000
49.70000 74.00000 100.00000
49.77000 74.00000 100.00000
49.84000 74.00000 100.00000
49.91000 79.00000 100.00000
49.98000 79.00000 100.00000
50.05000 79.00000 100.00000
50.12000 79.00000 100.00000
50.19000 0.00000 0.00000
