"D.O.N.S - Pump Up The Jam (Kurd Maverick remix)"

# MIDI 01
0.00000 0.00000 0.00000
0.07000 0.00000 0.00000
0.14000 0.00000 0.00000
0.21000 0.00000 0.00000
0.28000 73.00000 100.00000
0.35000 76.00000 100.00000
0.42000 0.00000 0.00000
0.49000 0.00000 0.00000
0.56000 0.00000 0.00000
0.63000 0.00000 0.00000
0.70000 71.00000 100.00000
0.77000 0.00000 0.00000
0.84000 0.00000 0.00000
0.91000 73.00000 100.00000
0.98000 0.00000 0.00000
1.05000 0.00000 0.00000
1.12000 76.00000 100.00000
1.19000 0.00000 0.00000
1.26000 80.00000 100.00000
1.33000 0.00000 0.00000
1.40000 0.00000 0.00000
1.47000 0.00000 0.00000
1.54000 79.00000 100.00000
1.61000 0.00000 0.00000
