"beethoven_opus10_3"

# Piano right
0.000000 0 0
0.070000 0 0
0.140000 0 0
0.210000 0 0
0.280000 0 0
0.350000 0 0
0.420000 0 0
0.490000 60 40
0.560000 60 40
0.630000 59 45
0.700000 59 45
0.770000 60 40
0.840000 60 40
0.910000 65 45
0.980000 0 0
1.050000 65 38
1.120000 0 0
1.190000 0 0
1.260000 63 45
1.330000 63 45
1.400000 63 45
1.470000 63 45
1.540000 0 0
1.610000 0 0
1.680000 60 40
1.750000 60 40
1.820000 59 45
1.890000 59 45
1.960000 60 40
2.030000 60 40
2.100000 68 45
2.170000 0 0
2.240000 68 38
2.310000 0 0
2.380000 0 0
2.450000 67 45
2.520000 67 45
2.590000 67 45
2.660000 67 45
2.730000 0 0
2.800000 0 0
2.870000 60 40
2.940000 60 40
3.010000 59 45
3.080000 59 45
3.150000 60 40
3.220000 60 40
3.290000 72 45
3.360000 0 0
3.430000 72 38
3.500000 0 0
3.570000 0 0
3.640000 72 45
3.710000 72 45
3.780000 0 0
3.850000 0 0
3.920000 75 50
3.990000 75 50
4.060000 74 45
4.130000 74 45
4.200000 77 56
4.270000 77 56
4.340000 75 53
4.410000 75 53
4.480000 0 0
4.550000 74 50
4.620000 74 50
4.690000 72 47
4.760000 72 47
4.830000 71 51
4.900000 71 51
4.970000 71 51
5.040000 71 51
5.110000 0 0
5.180000 0 0
5.250000 55 40
5.320000 55 40
5.390000 54 45
5.460000 54 45
5.530000 0 0
5.600000 55 40
5.670000 55 40
5.740000 60 45
5.810000 0 0
5.880000 60 38
5.950000 0 0
6.020000 59 45
6.090000 59 45
6.160000 59 45
6.230000 59 45
6.300000 0 0
6.370000 0 0
6.440000 55 40
6.510000 55 40
6.580000 54 45
6.650000 54 45
6.720000 0 0
6.790000 55 40
6.860000 55 40
6.930000 63 45
7.000000 0 0
7.070000 63 38
7.140000 0 0
7.210000 62 45
7.280000 62 45
7.350000 62 45
7.420000 62 45
7.490000 0 0
7.560000 0 0
7.630000 0 0
7.700000 55 45
7.770000 0 0
7.840000 59 51
7.910000 0 0
7.980000 62 45
8.050000 0 0
8.120000 65 45
8.190000 0 0
8.260000 68 45
8.330000 0 0
8.400000 71 55
8.470000 0 0
8.540000 74 53
8.610000 0 0
8.680000 77 56
8.750000 0 0
8.820000 80 60
8.890000 0 0
8.960000 79 63
9.030000 0 0
9.100000 0 0
9.170000 77 59
9.240000 0 0
9.310000 75 55
9.380000 0 0
9.450000 74 54
9.520000 0 0
9.590000 72 62
9.660000 72 62
9.730000 72 62
9.800000 72 62
9.870000 0 0
9.940000 0 0
10.010000 72 50
10.080000 72 50
10.150000 0 0
10.220000 71 57
10.290000 71 57
10.360000 72 53
10.430000 72 53
10.500000 84 60
10.570000 0 0
10.640000 84 52
10.710000 0 0
10.780000 84 60
10.850000 84 60
10.920000 84 60
10.990000 84 60
11.060000 0 0
11.130000 0 0
11.200000 0 0
11.270000 89 59
11.340000 89 59
11.410000 87 65
11.480000 87 65
11.550000 86 60
11.620000 86 60
11.690000 84 66
11.760000 84 66
11.830000 83 60
11.900000 83 60
11.970000 86 69
12.040000 86 69
12.110000 84 60
12.180000 84 60
12.250000 0 0
12.320000 0 0
12.390000 72 50
12.460000 72 50
12.530000 0 0
12.600000 71 57
12.670000 71 57
12.740000 72 53
12.810000 72 53
12.880000 84 60
12.950000 0 0
13.020000 84 52
13.090000 0 0
13.160000 84 60
13.230000 84 60
13.300000 84 60
13.370000 84 60
13.440000 0 0
13.510000 0 0
13.580000 0 0
13.650000 89 59
13.720000 89 59
13.790000 87 65
13.860000 87 65
13.930000 86 60
14.000000 86 60
14.070000 84 66
14.140000 84 66
14.210000 83 60
14.280000 83 60
14.350000 84 69
14.420000 86 63
14.490000 84 63
14.560000 83 63
14.630000 84 69
14.700000 87 73
14.770000 86 72
14.840000 0 0
14.910000 84 71
14.980000 83 72
15.050000 84 65
15.120000 83 65
15.190000 80 65
15.260000 79 69
15.330000 77 63
15.400000 75 63
15.470000 74 63
15.540000 72 69
15.610000 0 0
15.680000 74 63
15.750000 72 63
15.820000 71 61
15.890000 72 66
15.960000 75 72
16.030000 74 70
16.100000 72 67
16.170000 71 69
16.240000 72 63
16.310000 71 63
16.380000 68 63
16.450000 67 69
16.520000 65 63
16.590000 63 63
16.660000 62 63
16.730000 0 0
16.800000 60 77
16.870000 62 69
16.940000 60 69
17.010000 59 69
17.080000 60 77
17.150000 63 69
17.220000 62 69
17.290000 60 69
17.360000 59 77
17.430000 67 69
17.500000 62 69
17.570000 0 0
17.640000 59 69
17.710000 55 79
17.780000 67 69
17.850000 63 69
17.920000 60 69
17.990000 55 81
18.060000 67 69
18.130000 62 69
18.200000 59 69
18.270000 55 80
18.340000 67 69
18.410000 63 69
18.480000 60 69
18.550000 55 80
18.620000 67 69
18.690000 0 0
18.760000 62 69
18.830000 59 69
18.900000 55 80
18.970000 67 69
19.040000 63 69
19.110000 60 69
19.180000 62 74
19.250000 62 74
19.320000 62 74
19.390000 62 74
19.460000 62 74
19.530000 62 74
19.600000 62 74
19.670000 62 74
19.740000 62 74
19.810000 62 74
19.880000 62 74
19.950000 62 74
20.020000 62 74
20.090000 62 74
20.160000 62 74
20.230000 0 0
20.300000 0 0
20.370000 0 0
20.440000 58 40
20.510000 0 0
20.580000 60 37
20.650000 0 0
20.720000 0 0
20.790000 62 37
20.860000 0 0
20.930000 55 39
21.000000 55 39
21.070000 55 39
21.140000 55 39
21.210000 55 39
21.280000 55 39
21.350000 55 39
21.420000 55 39
21.490000 55 39
21.560000 58 38
21.630000 0 0
21.700000 0 0
21.770000 0 0
21.840000 58 33
21.910000 0 0
21.980000 0 0
22.050000 0 0
22.120000 0 0
22.190000 62 37
22.260000 62 37
22.330000 62 37
22.400000 62 37
22.470000 62 37
22.540000 62 37
22.610000 62 37
22.680000 62 37
22.750000 62 37
22.820000 0 0
22.890000 0 0
22.960000 0 0
23.030000 58 40
23.100000 0 0
23.170000 60 37
23.240000 0 0
23.310000 62 37
23.380000 0 0
23.450000 55 39
23.520000 55 39
23.590000 55 39
23.660000 55 39
23.730000 55 39
23.800000 55 39
23.870000 55 39
23.940000 55 39
24.010000 55 39
24.080000 0 0
24.150000 53 38
24.220000 0 0
24.290000 0 0
24.360000 0 0
24.430000 60 33
24.500000 0 0
24.570000 0 0
24.640000 0 0
24.710000 0 0
24.780000 50 31
24.850000 50 31
24.920000 50 31
24.990000 50 31
25.060000 50 31
25.130000 50 31
25.200000 50 31
25.270000 50 31
25.340000 50 31
25.410000 0 0
25.480000 0 0
25.550000 0 0
25.620000 58 40
25.690000 0 0
25.760000 60 37
25.830000 0 0
25.900000 62 37
25.970000 0 0
26.040000 55 39
26.110000 55 39
26.180000 55 39
26.250000 55 39
26.320000 55 39
26.390000 55 39
26.460000 55 39
26.530000 55 39
26.600000 55 39
26.670000 58 38
26.740000 0 0
26.810000 0 0
26.880000 0 0
26.950000 0 0
27.020000 58 33
27.090000 0 0
27.160000 0 0
27.230000 0 0
27.300000 0 0
27.370000 72 72
27.440000 72 72
27.510000 72 72
27.580000 72 72
27.650000 72 72
27.720000 72 72
27.790000 72 72
27.860000 72 72
27.930000 72 72
28.000000 72 72
28.070000 72 72
28.140000 72 48
28.210000 0 0
28.280000 70 53
28.350000 0 0
28.420000 0 0
28.490000 68 50
28.560000 0 0
28.630000 67 53
28.700000 67 53
28.770000 65 48
28.840000 65 48
28.910000 0 0
28.980000 63 48
29.050000 0 0
29.120000 62 48
29.190000 0 0
29.260000 53 45
29.330000 53 45
29.400000 53 45
29.470000 53 45
29.540000 53 45
29.610000 53 45
29.680000 53 45
29.750000 53 45
29.820000 0 0
29.890000 51 41
29.960000 51 41
30.030000 51 41
30.100000 51 41
30.170000 51 41
30.240000 51 41
30.310000 51 41
30.380000 51 41
30.450000 0 0
30.520000 0 0
30.590000 0 0
30.660000 70 48
30.730000 0 0
30.800000 68 53
30.870000 0 0
30.940000 67 50
31.010000 0 0
31.080000 67 53
31.150000 67 53
31.220000 0 0
31.290000 65 48
31.360000 65 48
31.430000 63 48
31.500000 0 0
31.570000 62 48
31.640000 0 0
31.710000 53 45
31.780000 53 45
31.850000 53 45
31.920000 53 45
31.990000 53 45
32.060000 53 45
32.130000 53 45
32.200000 53 45
32.270000 58 49
32.340000 51 54
32.410000 51 54
32.480000 51 54
32.550000 51 54
32.620000 51 54
32.690000 51 54
32.760000 51 54
32.830000 51 54
32.900000 0 0
32.970000 0 0
33.040000 0 0
33.110000 82 48
33.180000 0 0
33.250000 80 53
33.320000 0 0
33.390000 79 50
33.460000 0 0
33.530000 0 0
33.600000 79 55
33.670000 79 55
33.740000 77 48
33.810000 77 48
33.880000 75 48
33.950000 0 0
34.020000 74 48
34.090000 0 0
34.160000 60 55
34.230000 0 0
34.300000 58 48
34.370000 0 0
34.440000 0 0
34.510000 60 48
34.580000 0 0
34.650000 62 48
34.720000 0 0
34.790000 63 48
34.860000 75 43
34.930000 63 48
35.000000 75 42
35.070000 63 49
35.140000 0 0
35.210000 75 43
35.280000 63 50
35.350000 75 45
35.420000 63 51
35.490000 75 44
35.560000 63 52
35.630000 75 47
35.700000 63 53
35.770000 75 47
35.840000 63 53
35.910000 0 0
35.980000 75 47
36.050000 63 54
36.120000 75 48
36.190000 63 55
36.260000 75 48
36.330000 63 55
36.400000 75 48
36.470000 63 56
36.540000 75 51
36.610000 63 57
36.680000 75 49
36.750000 0 0
36.820000 63 58
36.890000 75 53
36.960000 63 59
37.030000 75 54
37.100000 63 60
37.170000 75 54
37.240000 63 70
37.310000 63 70
37.380000 63 70
37.450000 63 70
37.520000 0 0
37.590000 0 0
37.660000 0 0
37.730000 75 74
37.800000 75 74
37.870000 74 84
37.940000 74 84
38.010000 75 77
38.080000 75 77
38.150000 84 86
38.220000 0 0
38.290000 0 0
38.360000 80 79
38.430000 0 0
38.500000 0 0
38.570000 84 92
38.640000 84 92
38.710000 84 92
38.780000 84 92
38.850000 84 92
38.920000 82 74
38.990000 0 0
39.060000 80 73
39.130000 79 72
39.200000 77 72
39.270000 75 72
39.340000 74 71
39.410000 72 70
39.480000 71 69
39.550000 70 68
39.620000 69 67
39.690000 68 66
39.760000 67 66
39.830000 0 0
39.900000 68 62
39.970000 70 62
40.040000 0 0
40.110000 68 66
40.180000 67 62
40.250000 0 0
40.320000 65 62
40.390000 63 66
40.460000 0 0
40.530000 62 62
40.600000 60 62
40.670000 0 0
40.740000 58 66
40.810000 56 60
40.880000 0 0
40.950000 55 63
41.020000 0 0
41.090000 53 59
41.160000 56 63
41.230000 60 67
41.300000 0 0
41.370000 65 72
41.440000 65 72
41.510000 0 0
41.580000 0 0
41.650000 0 0
41.720000 53 63
41.790000 56 66
41.860000 58 69
41.930000 62 72
42.000000 62 72
42.070000 0 0
42.140000 0 0
42.210000 0 0
42.280000 74 67
42.350000 86 60
42.420000 74 67
42.490000 86 60
42.560000 74 67
42.630000 86 59
42.700000 74 67
42.770000 0 0
42.840000 86 61
42.910000 74 67
42.980000 86 59
43.050000 74 67
43.120000 86 59
43.190000 74 67
43.260000 86 59
43.330000 74 67
43.400000 86 60
43.470000 75 67
43.540000 87 60
43.610000 75 69
43.680000 0 0
43.750000 87 62
43.820000 75 71
43.890000 87 63
43.960000 75 72
44.030000 87 67
44.100000 75 75
44.170000 87 67
44.240000 75 77
44.310000 87 69
44.380000 76 80
44.450000 88 71
44.520000 0 0
44.590000 76 81
44.660000 88 73
44.730000 0 0
44.800000 77 71
44.870000 80 76
44.940000 84 81
45.010000 89 86
45.080000 89 86
45.150000 0 0
45.220000 0 0
45.290000 0 0
45.360000 0 0
45.430000 74 75
45.500000 77 79
45.570000 80 82
45.640000 86 86
45.710000 86 86
45.780000 0 0
45.850000 0 0
45.920000 0 0
45.990000 79 80
46.060000 79 80
46.130000 79 80
46.200000 79 80
46.270000 82 63
46.340000 0 0
46.410000 82 63
46.480000 0 0
46.550000 82 70
46.620000 82 70
46.690000 0 0
46.760000 0 0
46.830000 0 0
46.900000 82 63
46.970000 0 0
47.040000 82 63
47.110000 0 0
47.180000 82 69
47.250000 82 69
47.320000 0 0
47.390000 0 0
47.460000 0 0
47.530000 53 60
47.600000 53 60
47.670000 0 0
47.740000 0 0
47.810000 0 0
47.880000 0 0
47.950000 0 0
48.020000 0 0
48.090000 53 33
48.160000 0 0
48.230000 0 0
48.300000 0 0
48.370000 0 0
48.440000 55 37
48.510000 0 0
48.580000 0 0
48.650000 0 0
48.720000 60 35
48.790000 0 0
48.860000 0 0
48.930000 0 0
49.000000 58 37
49.070000 0 0
49.140000 0 0
49.210000 0 0
49.280000 0 0
49.350000 56 33
49.420000 0 0
49.490000 0 0
49.560000 0 0
49.630000 55 37
49.700000 0 0
49.770000 0 0
49.840000 0 0
49.910000 82 63
49.980000 0 0
50.050000 84 59
50.120000 82 63
50.190000 81 59
50.260000 82 70
50.330000 82 70
50.400000 0 0
50.470000 0 0
50.540000 82 63
50.610000 84 58
50.680000 82 63
50.750000 81 57
50.820000 0 0
50.890000 82 69
50.960000 82 69
51.030000 0 0
51.100000 0 0
51.170000 53 60
51.240000 53 60
51.310000 0 0
51.380000 0 0
51.450000 0 0
51.520000 0 0
51.590000 0 0
51.660000 0 0
51.730000 0 0
51.800000 57 55
51.870000 57 55
51.940000 57 55
52.010000 57 55
52.080000 57 55
52.150000 57 55
52.220000 57 55
52.290000 57 55
52.360000 60 35
52.430000 0 0
52.500000 0 0
52.570000 0 0
52.640000 0 0
52.710000 58 37
52.780000 0 0
52.850000 0 0
52.920000 0 0
52.990000 56 33
53.060000 0 0
53.130000 0 0
53.200000 0 0
53.270000 0 0
53.340000 55 37
53.410000 55 37
53.480000 0 0
53.550000 0 0
53.620000 62 30
53.690000 62 30
53.760000 63 27
53.830000 63 27
53.900000 0 0
53.970000 0 0
54.040000 0 0
54.110000 0 0
54.180000 0 0
54.250000 68 31
54.320000 68 31
54.390000 67 27
54.460000 67 27
54.530000 0 0
54.600000 0 0
54.670000 0 0
54.740000 0 0
54.810000 80 37
54.880000 80 37
54.950000 75 27
55.020000 75 27
55.090000 0 0
55.160000 0 0
55.230000 0 0
55.300000 0 0
55.370000 0 0
55.440000 86 43
55.510000 86 43
55.580000 79 30
55.650000 79 30
55.720000 0 0
55.790000 0 0
55.860000 0 0
55.930000 0 0
56.000000 0 0
56.070000 55 48
56.140000 55 48
56.210000 55 48
56.280000 55 48
56.350000 0 0
56.420000 0 0
56.490000 0 0
56.560000 0 0
56.630000 0 0
56.700000 0 0
56.770000 0 0
56.840000 0 0
56.910000 0 0
56.980000 0 0
57.050000 0 0
57.120000 0 0
57.190000 0 0
57.260000 0 0
57.330000 0 0
57.400000 0 0
57.470000 60 40
57.540000 60 40
57.610000 59 45
57.680000 59 45
57.750000 60 40
57.820000 60 40
57.890000 65 45
57.960000 0 0
58.030000 65 38
58.100000 0 0
58.170000 0 0
58.240000 63 45
58.310000 63 45
58.380000 63 45
58.450000 63 45
58.520000 0 0
58.590000 0 0
58.660000 60 40
58.730000 60 40
58.800000 59 45
58.870000 59 45
58.940000 60 40
59.010000 60 40
59.080000 68 45
59.150000 0 0
59.220000 68 38
59.290000 0 0
59.360000 0 0
59.430000 67 45
59.500000 67 45
59.570000 67 45
59.640000 67 45
59.710000 0 0
59.780000 0 0
59.850000 60 40
59.920000 60 40
59.990000 59 45
60.060000 59 45
60.130000 60 40
60.200000 60 40
60.270000 72 45
60.340000 0 0
60.410000 72 38
60.480000 0 0
60.550000 0 0
60.620000 72 45
60.690000 72 45
60.760000 0 0
60.830000 0 0
60.900000 75 50
60.970000 75 50
61.040000 74 45
61.110000 74 45
61.180000 77 56
61.250000 77 56
61.320000 75 53
61.390000 75 53
61.460000 74 50
61.530000 74 50
61.600000 0 0
61.670000 72 47
61.740000 72 47
61.810000 71 51
61.880000 71 51
61.950000 71 51
62.020000 71 51
62.090000 0 0
62.160000 0 0
62.230000 55 40
62.300000 55 40
62.370000 54 45
62.440000 54 45
62.510000 55 40
62.580000 55 40
62.650000 0 0
62.720000 60 45
62.790000 0 0
62.860000 60 38
62.930000 0 0
63.000000 59 45
63.070000 59 45
63.140000 59 45
63.210000 59 45
63.280000 0 0
63.350000 0 0
63.420000 55 40
63.490000 55 40
63.560000 54 45
63.630000 54 45
63.700000 55 40
63.770000 55 40
63.840000 0 0
63.910000 63 45
63.980000 0 0
64.050000 63 38
64.120000 0 0
64.190000 62 45
64.260000 62 45
64.330000 62 45
64.400000 62 45
64.470000 0 0
64.540000 0 0
64.610000 55 45
64.680000 0 0
64.750000 0 0
64.820000 59 51
64.890000 0 0
64.960000 62 45
65.030000 0 0
65.100000 65 45
65.170000 0 0
65.240000 68 45
65.310000 0 0
65.380000 71 55
65.450000 0 0
65.520000 74 53
65.590000 0 0
65.660000 77 56
65.730000 0 0
65.800000 80 60
65.870000 0 0
65.940000 79 63
66.010000 0 0
66.080000 77 59
66.150000 0 0
66.220000 0 0
66.290000 75 55
66.360000 0 0
66.430000 74 54
66.500000 0 0
66.570000 72 62
66.640000 72 62
66.710000 72 62
66.780000 72 62
66.850000 0 0
66.920000 0 0
66.990000 72 50
67.060000 72 50
67.130000 0 0
67.200000 71 57
67.270000 71 57
67.340000 72 53
67.410000 72 53
67.480000 84 60
67.550000 0 0
67.620000 84 52
67.690000 0 0
67.760000 84 60
67.830000 84 60
67.900000 84 60
67.970000 84 60
68.040000 0 0
68.110000 0 0
68.180000 0 0
68.250000 89 59
68.320000 89 59
68.390000 87 65
68.460000 87 65
68.530000 86 60
68.600000 86 60
68.670000 84 66
68.740000 84 66
68.810000 83 60
68.880000 83 60
68.950000 86 69
69.020000 86 69
69.090000 84 60
69.160000 84 60
69.230000 0 0
69.300000 0 0
69.370000 72 50
69.440000 72 50
69.510000 71 57
69.580000 71 57
69.650000 0 0
69.720000 72 53
69.790000 72 53
69.860000 84 60
69.930000 0 0
70.000000 84 52
70.070000 0 0
70.140000 84 60
70.210000 84 60
70.280000 84 60
70.350000 84 60
70.420000 0 0
70.490000 0 0
70.560000 0 0
70.630000 89 59
70.700000 89 59
70.770000 87 65
70.840000 87 65
70.910000 86 60
70.980000 86 60
71.050000 84 66
71.120000 84 66
71.190000 83 60
71.260000 83 60
71.330000 84 69
71.400000 86 63
71.470000 84 63
71.540000 83 63
71.610000 84 69
71.680000 87 73
71.750000 86 72
71.820000 84 71
71.890000 0 0
71.960000 83 72
72.030000 84 65
72.100000 83 65
72.170000 80 65
72.240000 79 69
72.310000 77 63
72.380000 75 63
72.450000 74 63
72.520000 72 69
72.590000 74 63
72.660000 72 63
72.730000 0 0
72.800000 71 61
72.870000 72 66
72.940000 75 72
73.010000 74 70
73.080000 72 67
73.150000 71 69
73.220000 72 63
73.290000 71 63
73.360000 68 63
73.430000 67 69
73.500000 65 63
73.570000 63 63
73.640000 62 63
73.710000 0 0
73.780000 60 77
73.850000 62 69
73.920000 60 69
73.990000 59 69
74.060000 60 77
74.130000 63 69
74.200000 62 69
74.270000 60 69
74.340000 59 77
74.410000 67 69
74.480000 62 69
74.550000 59 69
74.620000 0 0
74.690000 55 79
74.760000 67 69
74.830000 63 69
74.900000 60 69
74.970000 55 81
75.040000 67 69
75.110000 62 69
75.180000 59 69
75.250000 55 80
75.320000 67 69
75.390000 63 69
75.460000 60 69
75.530000 55 80
75.600000 67 69
75.670000 62 69
75.740000 0 0
75.810000 59 69
75.880000 55 80
75.950000 67 69
76.020000 63 69
76.090000 60 69
76.160000 62 74
76.230000 62 74
76.300000 62 74
76.370000 62 74
76.440000 62 74
76.510000 62 74
76.580000 62 74
76.650000 62 74
76.720000 62 74
76.790000 62 74
76.860000 62 74
76.930000 62 74
77.000000 62 74
77.070000 62 74
77.140000 62 74
77.210000 0 0
77.280000 0 0
77.350000 0 0
77.420000 58 40
77.490000 0 0
77.560000 60 37
77.630000 0 0
77.700000 62 37
77.770000 0 0
77.840000 0 0
77.910000 55 39
77.980000 55 39
78.050000 55 39
78.120000 55 39
78.190000 55 39
78.260000 55 39
78.330000 55 39
78.400000 55 39
78.470000 55 39
78.540000 58 38
78.610000 0 0
78.680000 0 0
78.750000 0 0
78.820000 58 33
78.890000 0 0
78.960000 0 0
79.030000 0 0
79.100000 0 0
79.170000 62 37
79.240000 62 37
79.310000 62 37
79.380000 62 37
79.450000 62 37
79.520000 62 37
79.590000 62 37
79.660000 62 37
79.730000 62 37
79.800000 0 0
79.870000 0 0
79.940000 0 0
80.010000 58 40
80.080000 0 0
80.150000 60 37
80.220000 0 0
80.290000 62 37
80.360000 0 0
80.430000 55 39
80.500000 55 39
80.570000 55 39
80.640000 55 39
80.710000 55 39
80.780000 55 39
80.850000 55 39
80.920000 55 39
80.990000 55 39
81.060000 53 38
81.130000 0 0
81.200000 0 0
81.270000 0 0
81.340000 0 0
81.410000 60 33
81.480000 0 0
81.550000 0 0
81.620000 0 0
81.690000 0 0
81.760000 50 31
81.830000 50 31
81.900000 50 31
81.970000 50 31
82.040000 50 31
82.110000 50 31
82.180000 50 31
82.250000 50 31
82.320000 50 31
82.390000 0 0
82.460000 0 0
82.530000 0 0
82.600000 58 40
82.670000 0 0
82.740000 60 37
82.810000 0 0
82.880000 62 37
82.950000 0 0
83.020000 55 39
83.090000 55 39
83.160000 55 39
83.230000 55 39
83.300000 55 39
83.370000 55 39
83.440000 55 39
83.510000 55 39
83.580000 55 39
83.650000 58 38
83.720000 0 0
83.790000 0 0
83.860000 0 0
83.930000 0 0
84.000000 58 33
84.070000 0 0
84.140000 0 0
84.210000 0 0
84.280000 0 0
84.350000 72 72
84.420000 72 72
84.490000 72 72
84.560000 72 72
84.630000 72 72
84.700000 72 72
84.770000 72 72
84.840000 72 72
84.910000 72 72
84.980000 72 72
85.050000 72 72
85.120000 72 48
85.190000 0 0
85.260000 70 53
85.330000 0 0
85.400000 0 0
85.470000 68 50
85.540000 0 0
85.610000 67 53
85.680000 67 53
85.750000 65 48
85.820000 65 48
85.890000 63 48
85.960000 0 0
86.030000 0 0
86.100000 62 48
86.170000 0 0
86.240000 53 45
86.310000 53 45
86.380000 53 45
86.450000 53 45
86.520000 53 45
86.590000 53 45
86.660000 53 45
86.730000 53 45
86.800000 0 0
86.870000 51 41
86.940000 51 41
87.010000 51 41
87.080000 51 41
87.150000 51 41
87.220000 51 41
87.290000 51 41
87.360000 51 41
87.430000 0 0
87.500000 0 0
87.570000 0 0
87.640000 70 48
87.710000 0 0
87.780000 68 53
87.850000 0 0
87.920000 67 50
87.990000 0 0
88.060000 67 53
88.130000 67 53
88.200000 0 0
88.270000 65 48
88.340000 65 48
88.410000 63 48
88.480000 0 0
88.550000 62 48
88.620000 0 0
88.690000 53 45
88.760000 53 45
88.830000 53 45
88.900000 53 45
88.970000 53 45
89.040000 53 45
89.110000 53 45
89.180000 53 45
89.250000 58 49
89.320000 51 54
89.390000 51 54
89.460000 51 54
89.530000 51 54
89.600000 51 54
89.670000 51 54
89.740000 51 54
89.810000 51 54
89.880000 0 0
89.950000 0 0
90.020000 0 0
90.090000 82 48
90.160000 0 0
90.230000 80 53
90.300000 0 0
90.370000 79 50
90.440000 0 0
90.510000 79 55
90.580000 79 55
90.650000 0 0
90.720000 77 48
90.790000 77 48
90.860000 75 48
90.930000 0 0
91.000000 74 48
91.070000 0 0
91.140000 60 55
91.210000 0 0
91.280000 58 48
91.350000 0 0
91.420000 0 0
91.490000 60 48
91.560000 0 0
91.630000 62 48
91.700000 0 0
91.770000 63 48
91.840000 75 43
91.910000 63 48
91.980000 75 42
92.050000 63 49
92.120000 0 0
92.190000 75 43
92.260000 63 50
92.330000 75 45
92.400000 63 51
92.470000 75 44
92.540000 63 52
92.610000 75 47
92.680000 63 53
92.750000 75 47
92.820000 63 53
92.890000 75 47
92.960000 0 0
93.030000 63 54
93.100000 75 48
93.170000 63 55
93.240000 75 48
93.310000 63 55
93.380000 75 48
93.450000 63 56
93.520000 75 51
93.590000 63 57
93.660000 75 49
93.730000 0 0
93.800000 63 58
93.870000 75 53
93.940000 63 59
94.010000 75 54
94.080000 63 60
94.150000 75 54
94.220000 63 70
94.290000 63 70
94.360000 63 70
94.430000 63 70
94.500000 0 0
94.570000 0 0
94.640000 0 0
94.710000 75 74
94.780000 75 74
94.850000 74 84
94.920000 74 84
94.990000 75 77
95.060000 75 77
95.130000 84 86
95.200000 0 0
95.270000 0 0
95.340000 80 79
95.410000 0 0
95.480000 0 0
95.550000 84 92
95.620000 84 92
95.690000 84 92
95.760000 84 92
95.830000 84 92
95.900000 82 74
95.970000 80 73
96.040000 0 0
96.110000 79 72
96.180000 77 72
96.250000 75 72
96.320000 74 71
96.390000 72 70
96.460000 71 69
96.530000 70 68
96.600000 69 67
96.670000 68 66
96.740000 67 66
96.810000 0 0
96.880000 68 62
96.950000 70 62
97.020000 0 0
97.090000 68 66
97.160000 67 62
97.230000 0 0
97.300000 65 62
97.370000 63 66
97.440000 0 0
97.510000 62 62
97.580000 60 62
97.650000 0 0
97.720000 58 66
97.790000 56 60
97.860000 55 63
97.930000 0 0
98.000000 0 0
98.070000 53 59
98.140000 56 63
98.210000 60 67
98.280000 65 72
98.350000 65 72
98.420000 0 0
98.490000 0 0
98.560000 0 0
98.630000 0 0
98.700000 53 63
98.770000 56 66
98.840000 58 69
98.910000 62 72
98.980000 62 72
99.050000 0 0
99.120000 0 0
99.190000 0 0
99.260000 74 67
99.330000 86 60
99.400000 74 67
99.470000 86 60
99.540000 74 67
99.610000 86 59
99.680000 74 67
99.750000 86 61
99.820000 0 0
99.890000 74 67
99.960000 86 59
100.030000 74 67
100.100000 86 59
100.170000 74 67
100.240000 86 59
100.310000 74 67
100.380000 86 60
100.450000 75 67
100.520000 87 60
100.590000 75 69
100.660000 0 0
100.730000 87 62
100.800000 75 71
100.870000 87 63
100.940000 75 72
101.010000 87 67
101.080000 75 75
101.150000 87 67
101.220000 75 77
101.290000 87 69
101.360000 76 80
101.430000 88 71
101.500000 0 0
101.570000 76 81
101.640000 88 73
101.710000 0 0
101.780000 77 71
101.850000 80 76
101.920000 84 81
101.990000 89 86
102.060000 89 86
102.130000 0 0
102.200000 0 0
102.270000 0 0
102.340000 0 0
102.410000 74 75
102.480000 77 79
102.550000 80 82
102.620000 86 86
102.690000 86 86
102.760000 0 0
102.830000 0 0
102.900000 0 0
102.970000 79 80
103.040000 79 80
103.110000 79 80
103.180000 79 80
103.250000 82 63
103.320000 0 0
103.390000 82 63
103.460000 0 0
103.530000 82 70
103.600000 82 70
103.670000 0 0
103.740000 0 0
103.810000 0 0
103.880000 82 63
103.950000 0 0
104.020000 82 63
104.090000 0 0
104.160000 82 69
104.230000 82 69
104.300000 0 0
104.370000 0 0
104.440000 53 60
104.510000 53 60
104.580000 0 0
104.650000 0 0
104.720000 0 0
104.790000 0 0
104.860000 0 0
104.930000 0 0
105.000000 0 0
105.070000 53 33
105.140000 0 0
105.210000 0 0
105.280000 0 0
105.350000 0 0
105.420000 55 37
105.490000 0 0
105.560000 0 0
105.630000 0 0
105.700000 60 35
105.770000 0 0
105.840000 0 0
105.910000 0 0
105.980000 58 37
106.050000 0 0
106.120000 0 0
106.190000 0 0
106.260000 0 0
106.330000 56 33
106.400000 0 0
106.470000 0 0
106.540000 0 0
106.610000 55 37
106.680000 0 0
106.750000 0 0
106.820000 0 0
106.890000 82 63
106.960000 84 59
107.030000 0 0
107.100000 82 63
107.170000 81 59
107.240000 82 70
107.310000 82 70
107.380000 0 0
107.450000 0 0
107.520000 82 63
107.590000 84 58
107.660000 82 63
107.730000 81 57
107.800000 0 0
107.870000 82 69
107.940000 82 69
108.010000 0 0
108.080000 0 0
108.150000 53 60
108.220000 53 60
108.290000 0 0
108.360000 0 0
108.430000 0 0
108.500000 0 0
108.570000 0 0
108.640000 0 0
108.710000 0 0
108.780000 57 55
108.850000 57 55
108.920000 57 55
108.990000 57 55
109.060000 57 55
109.130000 57 55
109.200000 57 55
109.270000 57 55
109.340000 60 35
109.410000 0 0
109.480000 0 0
109.550000 0 0
109.620000 0 0
109.690000 58 37
109.760000 0 0
109.830000 0 0
109.900000 0 0
109.970000 56 33
110.040000 0 0
110.110000 0 0
110.180000 0 0
110.250000 0 0
110.320000 55 37
110.390000 55 37
110.460000 0 0
110.530000 0 0
110.600000 62 30
110.670000 62 30
110.740000 63 27
110.810000 63 27
110.880000 0 0
110.950000 0 0
111.020000 0 0
111.090000 0 0
111.160000 0 0
111.230000 68 31
111.300000 68 31
111.370000 67 27
111.440000 67 27
111.510000 0 0
111.580000 0 0
111.650000 0 0
111.720000 0 0
111.790000 80 37
111.860000 80 37
111.930000 75 27
112.000000 75 27
112.070000 0 0
112.140000 0 0
112.210000 0 0
112.280000 0 0
112.350000 0 0
112.420000 86 43
112.490000 86 43
112.560000 79 30
112.630000 79 30
112.700000 0 0
112.770000 0 0
112.840000 0 0
112.910000 0 0
112.980000 0 0
113.050000 55 48
113.120000 55 48
113.190000 55 48
113.260000 55 48
113.330000 0 0
113.400000 0 0
113.470000 0 0
113.540000 0 0
113.610000 0 0
113.680000 0 0
113.750000 0 0
113.820000 0 0
113.890000 0 0
113.960000 0 0
114.030000 0 0
114.100000 0 0
114.170000 0 0
114.240000 0 0
114.310000 0 0
114.380000 0 0
114.450000 0 0
114.520000 0 0
114.590000 0 0
114.660000 0 0
114.730000 0 0
114.800000 0 0
114.870000 0 0
114.940000 0 0
115.010000 0 0
115.080000 0 0
115.150000 0 0
115.220000 0 0
115.290000 0 0
115.360000 0 0
115.430000 0 0
115.500000 0 0
115.570000 0 0
115.640000 63 40
115.710000 63 40
115.780000 62 45
115.850000 62 45
115.920000 63 40
115.990000 63 40
116.060000 70 45
116.130000 0 0
116.200000 0 0
116.270000 70 38
116.340000 0 0
116.410000 61 45
116.480000 61 45
116.550000 62 40
116.620000 62 40
116.690000 70 45
116.760000 0 0
116.830000 70 38
116.900000 0 0
116.970000 0 0
117.040000 0 0
117.110000 0 0
117.180000 0 0
117.250000 0 0
117.320000 0 0
117.390000 0 0
117.460000 0 0
117.530000 0 0
117.600000 0 0
117.670000 0 0
117.740000 0 0
117.810000 0 0
117.880000 0 0
117.950000 0 0
118.020000 0 0
118.090000 65 40
118.160000 65 40
118.230000 64 45
118.300000 64 45
118.370000 65 40
118.440000 65 40
118.510000 70 45
118.580000 0 0
118.650000 70 38
118.720000 0 0
118.790000 0 0
118.860000 63 45
118.930000 63 45
119.000000 64 40
119.070000 64 40
119.140000 70 45
119.210000 0 0
119.280000 70 38
119.350000 0 0
119.420000 64 45
119.490000 64 45
119.560000 0 0
119.630000 65 41
119.700000 65 41
119.770000 73 46
119.840000 0 0
119.910000 73 40
119.980000 0 0
120.050000 66 47
120.120000 66 47
120.190000 67 43
120.260000 67 43
120.330000 73 48
120.400000 0 0
120.470000 73 41
120.540000 0 0
120.610000 0 0
120.680000 72 49
120.750000 72 49
120.820000 70 42
120.890000 70 42
120.960000 69 47
121.030000 69 47
121.100000 70 42
121.170000 70 42
121.240000 67 49
121.310000 67 49
121.380000 68 44
121.450000 68 44
121.520000 77 50
121.590000 0 0
121.660000 77 44
121.730000 0 0
121.800000 0 0
121.870000 71 52
121.940000 71 52
122.010000 72 47
122.080000 72 47
122.150000 80 54
122.220000 0 0
122.290000 80 47
122.360000 0 0
122.430000 76 56
122.500000 76 56
122.570000 77 50
122.640000 77 50
122.710000 83 57
122.780000 0 0
122.850000 83 50
122.920000 0 0
122.990000 0 0
123.060000 79 63
123.130000 79 63
123.200000 80 56
123.270000 80 56
123.340000 86 66
123.410000 0 0
123.480000 86 60
123.550000 0 0
123.620000 85 79
123.690000 85 79
123.760000 86 72
123.830000 86 72
123.900000 89 69
123.970000 0 0
124.040000 89 64
124.110000 0 0
124.180000 0 0
124.250000 89 76
124.320000 89 76
124.390000 89 76
124.460000 89 76
124.530000 89 76
124.600000 89 76
124.670000 89 76
124.740000 89 76
124.810000 0 0
124.880000 0 0
124.950000 68 65
125.020000 0 0
125.090000 68 65
125.160000 0 0
125.230000 68 65
125.300000 0 0
125.370000 59 74
125.440000 59 74
125.510000 59 74
125.580000 59 74
125.650000 59 74
125.720000 59 74
125.790000 59 74
125.860000 59 74
125.930000 0 0
126.000000 0 0
126.070000 0 0
126.140000 44 64
126.210000 0 0
126.280000 44 64
126.350000 0 0
126.420000 44 64
126.490000 44 64
126.560000 35 78
126.630000 35 78
126.700000 0 0
126.770000 44 70
126.840000 44 70
126.910000 44 70
126.980000 44 70
127.050000 44 70
127.120000 44 70
127.190000 44 70
127.260000 0 0
127.330000 35 86
127.400000 35 86
127.470000 35 86
127.540000 35 86
127.610000 35 86
127.680000 35 86
127.750000 35 86
127.820000 35 86
127.890000 35 86
127.960000 35 86
128.030000 35 86
128.100000 35 86
128.170000 35 86
128.240000 35 86
128.310000 35 86
128.380000 35 86
128.450000 35 86
128.520000 35 86
128.590000 0 0
128.660000 60 40
128.730000 60 40
128.800000 59 45
128.870000 59 45
128.940000 60 40
129.010000 60 40
129.080000 0 0
129.150000 65 45
129.220000 0 0
129.290000 65 38
129.360000 0 0
129.430000 63 45
129.500000 63 45
129.570000 63 45
129.640000 63 45
129.710000 0 0
129.780000 0 0
129.850000 60 40
129.920000 60 40
129.990000 59 45
130.060000 59 45
130.130000 0 0
130.200000 60 40
130.270000 60 40
130.340000 68 45
130.410000 0 0
130.480000 68 38
130.550000 0 0
130.620000 67 45
130.690000 67 45
130.760000 67 45
130.830000 67 45
130.900000 0 0
130.970000 0 0
131.040000 60 40
131.110000 60 40
131.180000 0 0
131.250000 59 45
131.320000 59 45
131.390000 60 40
131.460000 60 40
131.530000 72 45
131.600000 0 0
131.670000 72 38
131.740000 0 0
131.810000 72 45
131.880000 72 45
131.950000 0 0
132.020000 0 0
132.090000 0 0
132.160000 75 50
132.230000 75 50
132.300000 74 45
132.370000 74 45
132.440000 77 56
132.510000 77 56
132.580000 75 53
132.650000 75 53
132.720000 74 50
132.790000 74 50
132.860000 72 47
132.930000 72 47
133.000000 71 51
133.070000 71 51
133.140000 71 51
133.210000 71 51
133.280000 0 0
133.350000 0 0
133.420000 0 0
133.490000 55 40
133.560000 55 40
133.630000 54 45
133.700000 54 45
133.770000 55 40
133.840000 55 40
133.910000 60 45
133.980000 0 0
134.050000 60 38
134.120000 0 0
134.190000 0 0
134.260000 59 45
134.330000 59 45
134.400000 59 45
134.470000 59 45
134.540000 0 0
134.610000 0 0
134.680000 55 40
134.750000 55 40
134.820000 54 45
134.890000 54 45
134.960000 55 40
135.030000 55 40
135.100000 63 45
135.170000 0 0
135.240000 63 38
135.310000 0 0
135.380000 0 0
135.450000 62 45
135.520000 62 45
135.590000 62 45
135.660000 62 45
135.730000 0 0
135.800000 0 0
135.870000 55 45
135.940000 0 0
136.010000 59 51
136.080000 0 0
136.150000 62 45
136.220000 0 0
136.290000 65 45
136.360000 0 0
136.430000 68 45
136.500000 0 0
136.570000 71 55
136.640000 0 0
136.710000 0 0
136.780000 74 53
136.850000 0 0
136.920000 77 56
136.990000 0 0
137.060000 80 60
137.130000 0 0
137.200000 79 63
137.270000 0 0
137.340000 77 59
137.410000 0 0
137.480000 75 55
137.550000 0 0
137.620000 74 54
137.690000 0 0
137.760000 0 0
137.830000 72 62
137.900000 72 62
137.970000 72 62
138.040000 72 62
138.110000 0 0
138.180000 0 0
138.250000 72 50
138.320000 72 50
138.390000 71 57
138.460000 71 57
138.530000 72 53
138.600000 72 53
138.670000 84 60
138.740000 0 0
138.810000 84 52
138.880000 0 0
138.950000 0 0
139.020000 84 60
139.090000 84 60
139.160000 84 60
139.230000 84 60
139.300000 0 0
139.370000 0 0
139.440000 89 59
139.510000 89 59
139.580000 87 65
139.650000 87 65
139.720000 86 60
139.790000 86 60
139.860000 84 66
139.930000 84 66
140.000000 83 60
140.070000 83 60
140.140000 0 0
140.210000 86 69
140.280000 86 69
140.350000 84 60
140.420000 84 60
140.490000 0 0
140.560000 0 0
140.630000 72 50
140.700000 72 50
140.770000 0 0
140.840000 0 0
140.910000 0 0
140.980000 0 0
141.050000 76 57
141.120000 77 58
141.190000 78 59
141.260000 79 59
141.330000 0 0
141.400000 80 60
141.470000 81 61
141.540000 82 62
141.610000 83 62
141.680000 84 68
141.750000 84 68
141.820000 89 63
141.890000 89 63
141.960000 87 65
142.030000 87 65
142.100000 86 60
142.170000 86 60
142.240000 84 66
142.310000 84 66
142.380000 83 60
142.450000 83 60
142.520000 0 0
142.590000 84 69
142.660000 86 63
142.730000 84 63
142.800000 83 63
142.870000 84 69
142.940000 87 73
143.010000 86 72
143.080000 84 71
143.150000 83 72
143.220000 84 65
143.290000 83 65
143.360000 80 65
143.430000 79 69
143.500000 77 63
143.570000 0 0
143.640000 75 63
143.710000 74 63
143.780000 72 69
143.850000 74 63
143.920000 72 63
143.990000 71 61
144.060000 72 66
144.130000 75 72
144.200000 74 70
144.270000 72 67
144.340000 0 0
144.410000 71 69
144.480000 72 63
144.550000 71 63
144.620000 68 63
144.690000 67 69
144.760000 65 63
144.830000 63 63
144.900000 62 63
144.970000 60 77
145.040000 62 69
145.110000 60 69
145.180000 59 69
145.250000 60 77
145.320000 63 69
145.390000 62 69
145.460000 60 69
145.530000 0 0
145.600000 59 77
145.670000 67 69
145.740000 62 69
145.810000 59 69
145.880000 55 79
145.950000 67 69
146.020000 63 69
146.090000 60 69
146.160000 55 81
146.230000 67 69
146.300000 62 69
146.370000 59 69
146.440000 0 0
146.510000 55 80
146.580000 67 69
146.650000 63 69
146.720000 60 69
146.790000 55 80
146.860000 67 69
146.930000 62 69
147.000000 59 69
147.070000 55 80
147.140000 67 69
147.210000 63 69
147.280000 60 69
147.350000 0 0
147.420000 62 74
147.490000 62 74
147.560000 62 74
147.630000 62 74
147.700000 62 74
147.770000 62 74
147.840000 62 74
147.910000 62 74
147.980000 62 74
148.050000 62 74
148.120000 62 74
148.190000 62 74
148.260000 62 74
148.330000 62 74
148.400000 62 74
148.470000 62 74
148.540000 62 74
148.610000 0 0
148.680000 0 0
148.750000 0 0
148.820000 0 0
148.890000 67 40
148.960000 0 0
149.030000 69 37
149.100000 0 0
149.170000 71 37
149.240000 0 0
149.310000 0 0
149.380000 64 39
149.450000 64 39
149.520000 64 39
149.590000 64 39
149.660000 64 39
149.730000 64 39
149.800000 64 39
149.870000 64 39
149.940000 64 39
150.010000 62 38
150.080000 0 0
150.150000 0 0
150.220000 0 0
150.290000 64 33
150.360000 0 0
150.430000 0 0
150.500000 0 0
150.570000 0 0
150.640000 71 37
150.710000 71 37
150.780000 71 37
150.850000 71 37
150.920000 71 37
150.990000 71 37
151.060000 71 37
151.130000 71 37
151.200000 71 37
151.270000 0 0
151.340000 0 0
151.410000 0 0
151.480000 67 40
151.550000 0 0
151.620000 69 37
151.690000 0 0
151.760000 71 37
151.830000 0 0
151.900000 64 39
151.970000 64 39
152.040000 64 39
152.110000 64 39
152.180000 64 39
152.250000 64 39
152.320000 64 39
152.390000 64 39
152.460000 64 39
152.530000 62 38
152.600000 0 0
152.670000 0 0
152.740000 0 0
152.810000 0 0
152.880000 69 33
152.950000 0 0
153.020000 0 0
153.090000 0 0
153.160000 0 0
153.230000 59 31
153.300000 59 31
153.370000 59 31
153.440000 59 31
153.510000 59 31
153.580000 59 31
153.650000 59 31
153.720000 59 31
153.790000 59 31
153.860000 0 0
153.930000 0 0
154.000000 67 40
154.070000 0 0
154.140000 0 0
154.210000 69 37
154.280000 0 0
154.350000 71 37
154.420000 0 0
154.490000 64 39
154.560000 64 39
154.630000 64 39
154.700000 64 39
154.770000 64 39
154.840000 64 39
154.910000 64 39
154.980000 64 39
155.050000 64 39
155.120000 62 38
155.190000 0 0
155.260000 0 0
155.330000 0 0
155.400000 0 0
155.470000 64 33
155.540000 0 0
155.610000 0 0
155.680000 0 0
155.750000 0 0
155.820000 81 80
155.890000 81 80
155.960000 81 80
156.030000 81 80
156.100000 81 80
156.170000 81 80
156.240000 81 80
156.310000 81 80
156.380000 81 80
156.450000 81 80
156.520000 81 80
156.590000 81 48
156.660000 0 0
156.730000 79 53
156.800000 0 0
156.870000 77 50
156.940000 0 0
157.010000 0 0
157.080000 76 53
157.150000 76 53
157.220000 74 48
157.290000 74 48
157.360000 72 48
157.430000 0 0
157.500000 0 0
157.570000 71 48
157.640000 0 0
157.710000 62 45
157.780000 62 45
157.850000 62 45
157.920000 62 45
157.990000 62 45
158.060000 62 45
158.130000 62 45
158.200000 62 45
158.270000 0 0
158.340000 60 41
158.410000 60 41
158.480000 60 41
158.550000 60 41
158.620000 60 41
158.690000 60 41
158.760000 60 41
158.830000 60 41
158.900000 0 0
158.970000 0 0
159.040000 79 48
159.110000 0 0
159.180000 0 0
159.250000 77 53
159.320000 0 0
159.390000 76 50
159.460000 0 0
159.530000 76 53
159.600000 76 53
159.670000 74 48
159.740000 74 48
159.810000 0 0
159.880000 72 48
159.950000 0 0
160.020000 71 48
160.090000 0 0
160.160000 62 45
160.230000 62 45
160.300000 62 45
160.370000 62 45
160.440000 62 45
160.510000 62 45
160.580000 62 45
160.650000 62 45
160.720000 0 0
160.790000 60 54
160.860000 60 54
160.930000 60 54
161.000000 60 54
161.070000 60 54
161.140000 60 54
161.210000 60 54
161.280000 60 54
161.350000 0 0
161.420000 0 0
161.490000 0 0
161.560000 79 48
161.630000 0 0
161.700000 77 53
161.770000 0 0
161.840000 75 50
161.910000 0 0
161.980000 75 55
162.050000 75 55
162.120000 0 0
162.190000 74 48
162.260000 74 48
162.330000 72 48
162.400000 0 0
162.470000 71 48
162.540000 0 0
162.610000 56 55
162.680000 0 0
162.750000 55 48
162.820000 0 0
162.890000 57 48
162.960000 0 0
163.030000 0 0
163.100000 59 48
163.170000 0 0
163.240000 60 49
163.310000 60 49
163.380000 60 49
163.450000 60 49
163.520000 0 0
163.590000 0 0
163.660000 72 54
163.730000 72 54
163.800000 0 0
163.870000 71 60
163.940000 71 60
164.010000 72 55
164.080000 72 55
164.150000 74 52
164.220000 0 0
164.290000 74 48
164.360000 0 0
164.430000 72 55
164.500000 72 55
164.570000 72 55
164.640000 72 55
164.710000 0 0
164.780000 0 0
164.850000 0 0
164.920000 72 61
164.990000 72 61
165.060000 71 68
165.130000 71 68
165.200000 72 63
165.270000 72 63
165.340000 0 0
165.410000 77 58
165.480000 0 0
165.550000 77 54
165.620000 0 0
165.690000 75 70
165.760000 75 70
165.830000 75 70
165.900000 75 70
165.970000 0 0
166.040000 0 0
166.110000 0 0
166.180000 84 74
166.250000 84 74
166.320000 83 84
166.390000 83 84
166.460000 84 77
166.530000 84 77
166.600000 89 94
166.670000 0 0
166.740000 0 0
166.810000 86 86
166.880000 0 0
166.950000 0 0
167.020000 0 0
167.090000 89 101
167.160000 89 101
167.230000 89 101
167.300000 89 101
167.370000 89 101
167.440000 87 74
167.510000 0 0
167.580000 86 73
167.650000 84 72
167.720000 83 72
167.790000 84 72
167.860000 86 71
167.930000 84 70
168.000000 83 69
168.070000 80 68
168.140000 79 67
168.210000 77 66
168.280000 75 66
168.350000 0 0
168.420000 77 62
168.490000 79 62
168.560000 0 0
168.630000 77 66
168.700000 75 62
168.770000 0 0
168.840000 74 62
168.910000 72 66
168.980000 0 0
169.050000 70 62
169.120000 68 62
169.190000 0 0
169.260000 67 66
169.330000 65 60
169.400000 0 0
169.470000 63 63
169.540000 0 0
169.610000 62 59
169.680000 65 63
169.750000 68 67
169.820000 0 0
169.890000 74 72
169.960000 74 72
170.030000 0 0
170.100000 0 0
170.170000 0 0
170.240000 59 63
170.310000 62 66
170.380000 65 69
170.450000 71 72
170.520000 71 72
170.590000 0 0
170.660000 0 0
170.730000 0 0
170.800000 71 67
170.870000 83 60
170.940000 71 67
171.010000 83 60
171.080000 71 67
171.150000 83 59
171.220000 71 67
171.290000 0 0
171.360000 83 61
171.430000 71 67
171.500000 83 59
171.570000 71 67
171.640000 83 59
171.710000 71 67
171.780000 83 59
171.850000 71 67
171.920000 83 60
171.990000 72 67
172.060000 84 60
172.130000 72 69
172.200000 0 0
172.270000 84 62
172.340000 72 71
172.410000 84 63
172.480000 72 72
172.550000 84 67
172.620000 72 75
172.690000 84 67
172.760000 72 77
172.830000 84 69
172.900000 72 80
172.970000 84 71
173.040000 0 0
173.110000 72 81
173.180000 84 73
173.250000 0 0
173.320000 77 71
173.390000 80 76
173.460000 86 81
173.530000 89 86
173.600000 89 86
173.670000 0 0
173.740000 0 0
173.810000 0 0
173.880000 0 0
173.950000 74 75
174.020000 77 79
174.090000 83 82
174.160000 86 86
174.230000 86 86
174.300000 0 0
174.370000 0 0
174.440000 0 0
174.510000 75 80
174.580000 75 80
174.650000 75 80
174.720000 75 80
174.790000 79 63
174.860000 0 0
174.930000 79 63
175.000000 0 0
175.070000 79 70
175.140000 79 70
175.210000 0 0
175.280000 0 0
175.350000 0 0
175.420000 79 63
175.490000 0 0
175.560000 79 63
175.630000 0 0
175.700000 79 69
175.770000 79 69
175.840000 0 0
175.910000 0 0
175.980000 0 0
176.050000 50 60
176.120000 50 60
176.190000 0 0
176.260000 0 0
176.330000 0 0
176.400000 0 0
176.470000 0 0
176.540000 0 0
176.610000 50 33
176.680000 0 0
176.750000 0 0
176.820000 0 0
176.890000 0 0
176.960000 48 37
177.030000 0 0
177.100000 0 0
177.170000 0 0
177.240000 57 35
177.310000 0 0
177.380000 0 0
177.450000 0 0
177.520000 55 37
177.590000 0 0
177.660000 0 0
177.730000 0 0
177.800000 0 0
177.870000 53 33
177.940000 0 0
178.010000 0 0
178.080000 0 0
178.150000 51 37
178.220000 0 0
178.290000 0 0
178.360000 0 0
178.430000 79 63
178.500000 0 0
178.570000 80 59
178.640000 79 63
178.710000 78 59
178.780000 79 70
178.850000 79 70
178.920000 0 0
178.990000 0 0
179.060000 79 63
179.130000 80 58
179.200000 79 63
179.270000 78 57
179.340000 0 0
179.410000 79 69
179.480000 79 69
179.550000 0 0
179.620000 0 0
179.690000 50 60
179.760000 50 60
179.830000 0 0
179.900000 0 0
179.970000 0 0
180.040000 0 0
180.110000 0 0
180.180000 0 0
180.250000 0 0
180.320000 54 55
180.390000 54 55
180.460000 54 55
180.530000 54 55
180.600000 54 55
180.670000 54 55
180.740000 54 55
180.810000 54 55
180.880000 0 0
180.950000 57 35
181.020000 0 0
181.090000 0 0
181.160000 0 0
181.230000 55 37
181.300000 0 0
181.370000 0 0
181.440000 0 0
181.510000 0 0
181.580000 53 33
181.650000 0 0
181.720000 0 0
181.790000 0 0
181.860000 51 37
181.930000 51 37
182.000000 0 0
182.070000 0 0
182.140000 59 30
182.210000 59 30
182.280000 0 0
182.350000 60 27
182.420000 60 27
182.490000 0 0
182.560000 0 0
182.630000 0 0
182.700000 0 0
182.770000 65 31
182.840000 65 31
182.910000 63 27
182.980000 63 27
183.050000 0 0
183.120000 0 0
183.190000 0 0
183.260000 0 0
183.330000 0 0
183.400000 77 37
183.470000 77 37
183.540000 72 27
183.610000 72 27
183.680000 0 0
183.750000 0 0
183.820000 0 0
183.890000 0 0
183.960000 83 43
184.030000 83 43
184.100000 0 0
184.170000 75 30
184.240000 75 30
184.310000 0 0
184.380000 0 0
184.450000 0 0
184.520000 0 0
184.590000 60 36
184.660000 60 36
184.730000 61 33
184.800000 61 33
184.870000 0 0
184.940000 0 0
185.010000 0 0
185.080000 0 0
185.150000 0 0
185.220000 65 43
185.290000 65 43
185.360000 66 38
185.430000 66 38
185.500000 0 0
185.570000 0 0
185.640000 0 0
185.710000 0 0
185.780000 0 0
185.850000 77 65
185.920000 77 65
185.990000 72 47
186.060000 72 47
186.130000 0 0
186.200000 0 0
186.270000 0 0
186.340000 0 0
186.410000 0 0
186.480000 85 76
186.550000 85 76
186.620000 78 55
186.690000 78 55
186.760000 78 55
186.830000 87 84
186.900000 87 84
186.970000 87 84
187.040000 87 84
187.110000 87 84
187.180000 87 84
187.250000 87 84
187.320000 87 84
187.390000 87 84
187.460000 87 84
187.530000 87 84
187.600000 87 84
187.670000 87 84
187.740000 87 84
187.810000 87 84
187.880000 87 84
187.950000 87 84
188.020000 87 84
188.090000 75 40
188.160000 75 40
188.230000 75 40
188.300000 75 40
188.370000 75 40
188.440000 75 40
188.510000 75 40
188.580000 75 40
188.650000 75 40
188.720000 0 0
188.790000 72 40
188.860000 72 40
188.930000 72 40
189.000000 72 40
189.070000 72 40
189.140000 72 40
189.210000 72 40
189.280000 72 40
189.350000 72 40
189.420000 72 40
189.490000 72 40
189.560000 72 40
189.630000 72 40
189.700000 72 40
189.770000 72 40
189.840000 72 40
189.910000 72 40
189.980000 72 40
190.050000 72 40
190.120000 72 40
190.190000 72 40
190.260000 72 40
190.330000 72 40
190.400000 72 40
190.470000 72 40
190.540000 72 40
190.610000 72 40
190.680000 72 40
190.750000 72 40
190.820000 72 40
190.890000 72 40
190.960000 72 40
191.030000 72 40
191.100000 72 40
191.170000 72 40
191.240000 0 0
191.310000 0 0
191.380000 0 0
191.450000 0 0
191.520000 0 0
191.590000 0 0
191.660000 0 0
191.730000 56 34
191.800000 0 0
191.870000 58 31
191.940000 0 0
192.010000 0 0
192.080000 60 31
192.150000 0 0
192.220000 53 33
192.290000 53 33
192.360000 53 33
192.430000 53 33
192.500000 53 33
192.570000 53 33
192.640000 53 33
192.710000 53 33
192.780000 53 33
192.850000 53 33
192.920000 0 0
192.990000 56 32
193.060000 0 0
193.130000 0 0
193.200000 0 0
193.270000 0 0
193.340000 56 27
193.410000 0 0
193.480000 0 0
193.550000 0 0
193.620000 0 0
193.690000 0 0
193.760000 60 31
193.830000 60 31
193.900000 60 31
193.970000 60 31
194.040000 60 31
194.110000 60 31
194.180000 60 31
194.250000 60 31
194.320000 60 31
194.390000 60 31
194.460000 60 31
194.530000 60 31
194.600000 60 31
194.670000 60 31
194.740000 60 31
194.810000 56 34
194.880000 0 0
194.950000 58 31
195.020000 0 0
195.090000 0 0
195.160000 60 31
195.230000 0 0
195.300000 53 33
195.370000 53 33
195.440000 53 33
195.510000 53 33
195.580000 53 33
195.650000 53 33
195.720000 53 33
195.790000 53 33
195.860000 53 33
195.930000 53 33
196.000000 0 0
196.070000 51 32
196.140000 0 0
196.210000 0 0
196.280000 0 0
196.350000 0 0
196.420000 58 27
196.490000 0 0
196.560000 0 0
196.630000 0 0
196.700000 0 0
196.770000 0 0
196.840000 0 0
196.910000 48 26
196.980000 48 26
197.050000 48 26
197.120000 48 26
197.190000 48 26
197.260000 48 26
197.330000 48 26
197.400000 48 26
197.470000 48 26
197.540000 48 26
197.610000 48 26
197.680000 48 26
197.750000 0 0
197.820000 0 0
197.890000 0 0
197.960000 0 0
198.030000 56 34
198.100000 0 0
198.170000 58 31
198.240000 0 0
198.310000 0 0
198.380000 60 31
198.450000 0 0
198.520000 53 33
198.590000 53 33
198.660000 53 33
198.730000 53 33
198.800000 53 33
198.870000 53 33
198.940000 53 33
199.010000 53 33
199.080000 53 33
199.150000 53 33
199.220000 0 0
199.290000 56 32
199.360000 0 0
199.430000 0 0
199.500000 0 0
199.570000 0 0
199.640000 0 0
199.710000 56 27
199.780000 0 0
199.850000 0 0
199.920000 0 0
199.990000 0 0
200.060000 0 0
200.130000 0 0
200.200000 54 28
200.270000 54 28
200.340000 54 28
200.410000 54 28
200.480000 54 28
200.550000 54 28
200.620000 54 28
200.690000 54 28
200.760000 54 28
200.830000 54 28
200.900000 54 28
200.970000 54 28
201.040000 54 28
201.110000 54 28
201.180000 54 28
201.250000 54 28
201.320000 54 28
201.390000 54 28
201.460000 54 28
201.530000 54 28
201.600000 54 28
201.670000 54 28
201.740000 54 28
201.810000 54 28
201.880000 54 28
201.950000 54 28
202.020000 54 28
202.090000 54 28
202.160000 54 28
202.230000 54 28
202.300000 54 28
202.370000 0 0
202.440000 0 0
202.510000 0 0
202.580000 0 0
202.650000 0 0
202.720000 0 0
202.790000 0 0
202.860000 0 0
202.930000 0 0
203.000000 54 40
203.070000 54 40
203.140000 54 40
203.210000 54 40
203.280000 54 40
203.350000 54 40
203.420000 54 40
203.490000 54 40
203.560000 54 40
203.630000 54 40
203.700000 54 40
203.770000 54 40
203.840000 54 40
203.910000 54 40
203.980000 54 40
204.050000 54 40
204.120000 54 40
204.190000 54 40
204.260000 54 40
204.330000 54 40
204.400000 54 40
204.470000 54 40
204.540000 54 40
204.610000 54 40
204.680000 54 40
204.750000 54 40
204.820000 54 40
204.890000 54 40
204.960000 54 40
205.030000 54 40
205.100000 54 40
205.170000 54 40
205.240000 54 40
205.310000 54 40
205.380000 54 40
205.450000 54 40
205.520000 54 40
205.590000 54 40
205.660000 54 40
205.730000 54 40
205.800000 54 40
205.870000 54 40
205.940000 54 40
206.010000 54 40
206.080000 54 40
206.150000 54 40
206.220000 54 40
206.290000 57 43
206.360000 0 0
206.430000 0 0
206.500000 0 0
206.570000 0 0
206.640000 0 0
206.710000 0 0
206.780000 0 0
206.850000 0 0
206.920000 0 0
206.990000 67 70
207.060000 0 0
207.130000 63 63
207.200000 0 0
207.270000 60 67
207.340000 0 0
207.410000 55 63
207.480000 0 0
207.550000 0 0
207.620000 0 0
207.690000 0 0
207.760000 0 0
207.830000 0 0
207.900000 0 0
207.970000 0 0
208.040000 0 0
208.110000 0 0
208.180000 0 0
208.250000 0 0
208.320000 0 0
208.390000 0 0
208.460000 0 0
208.530000 0 0
208.600000 0 0
208.670000 0 0
208.740000 0 0
208.810000 0 0
208.880000 60 44
208.950000 0 0
209.020000 62 47
209.090000 0 0
209.160000 64 51
209.230000 0 0
209.300000 65 54
209.370000 0 0
209.440000 67 46
209.510000 0 0
209.580000 68 47
209.650000 0 0
209.720000 0 0
209.790000 84 56
209.860000 84 56
209.930000 83 65
210.000000 83 65
210.070000 84 55
210.140000 84 55
210.210000 89 66
210.280000 0 0
210.350000 89 54
210.420000 0 0
210.490000 88 66
210.560000 88 66
210.630000 88 66
210.700000 88 66
210.770000 0 0
210.840000 0 0
210.910000 0 0
210.980000 0 0
211.050000 0 0
211.120000 0 0
211.190000 0 0
211.260000 60 44
211.330000 0 0
211.400000 62 47
211.470000 0 0
211.540000 64 51
211.610000 0 0
211.680000 65 54
211.750000 0 0
211.820000 67 46
211.890000 0 0
211.960000 68 47
212.030000 0 0
212.100000 84 56
212.170000 84 56
212.240000 83 65
212.310000 83 65
212.380000 0 0
212.450000 84 55
212.520000 84 55
212.590000 89 66
212.660000 0 0
212.730000 89 54
212.800000 0 0
212.870000 88 66
212.940000 88 66
213.010000 88 66
213.080000 88 66
213.150000 0 0
213.220000 0 0
213.290000 0 0
213.360000 72 50
213.430000 72 50
213.500000 71 57
213.570000 71 57
213.640000 72 47
213.710000 72 47
213.780000 77 57
213.850000 0 0
213.920000 77 45
213.990000 0 0
214.060000 76 55
214.130000 76 55
214.200000 76 55
214.270000 76 55
214.340000 0 0
214.410000 0 0
214.480000 0 0
214.550000 60 45
214.620000 60 45
214.690000 59 51
214.760000 59 51
214.830000 60 43
214.900000 60 43
214.970000 65 51
215.040000 0 0
215.110000 65 40
215.180000 0 0
215.250000 0 0
215.320000 64 49
215.390000 64 49
215.460000 64 49
215.530000 64 49
215.600000 0 0
215.670000 0 0
215.740000 36 30
215.810000 36 30
215.880000 36 40
215.950000 36 40
216.020000 36 40
216.090000 36 40
216.160000 36 40
216.230000 0 0
216.300000 0 0
216.370000 0 0
216.440000 36 26
216.510000 36 26
216.580000 36 26
216.650000 36 33
216.720000 36 33
216.790000 36 33
216.860000 36 33
216.930000 36 33
# Piano left
0.000000 0 0
0.070000 0 0
0.140000 0 0
0.210000 0 0
0.280000 0 0
0.350000 0 0
0.420000 0 0
0.490000 48 36
0.560000 48 36
0.630000 47 38
0.700000 47 38
0.770000 48 35
0.840000 48 35
0.910000 53 38
0.980000 0 0
1.050000 53 34
1.120000 0 0
1.190000 0 0
1.260000 51 38
1.330000 51 38
1.400000 51 38
1.470000 51 38
1.540000 0 0
1.610000 0 0
1.680000 48 36
1.750000 48 36
1.820000 47 38
1.890000 47 38
1.960000 48 35
2.030000 48 35
2.100000 56 38
2.170000 0 0
2.240000 56 34
2.310000 0 0
2.380000 0 0
2.450000 55 38
2.520000 55 38
2.590000 55 38
2.660000 55 38
2.730000 0 0
2.800000 0 0
2.870000 0 0
2.940000 0 0
3.010000 0 0
3.080000 0 0
3.150000 0 0
3.220000 0 0
3.290000 0 0
3.360000 0 0
3.430000 0 0
3.500000 0 0
3.570000 0 0
3.640000 56 38
3.710000 56 38
3.780000 56 38
3.850000 56 38
3.920000 56 38
3.990000 56 38
4.060000 56 38
4.130000 56 38
4.200000 56 38
4.270000 56 38
4.340000 56 38
4.410000 56 38
4.480000 56 38
4.550000 56 38
4.620000 56 38
4.690000 56 38
4.760000 56 38
4.830000 67 38
4.900000 67 38
4.970000 67 38
5.040000 67 38
5.110000 0 0
5.180000 0 0
5.250000 43 36
5.320000 43 36
5.390000 42 38
5.460000 42 38
5.530000 0 0
5.600000 43 35
5.670000 43 35
5.740000 48 38
5.810000 0 0
5.880000 48 34
5.950000 0 0
6.020000 47 38
6.090000 47 38
6.160000 47 38
6.230000 47 38
6.300000 0 0
6.370000 0 0
6.440000 43 36
6.510000 43 36
6.580000 42 38
6.650000 42 38
6.720000 0 0
6.790000 43 35
6.860000 43 35
6.930000 51 38
7.000000 0 0
7.070000 51 34
7.140000 0 0
7.210000 50 38
7.280000 50 38
7.350000 50 38
7.420000 50 38
7.490000 0 0
7.560000 0 0
7.630000 0 0
7.700000 43 37
7.770000 0 0
7.840000 47 43
7.910000 0 0
7.980000 50 37
8.050000 0 0
8.120000 53 37
8.190000 0 0
8.260000 56 37
8.330000 0 0
8.400000 59 46
8.470000 0 0
8.540000 62 45
8.610000 0 0
8.680000 65 47
8.750000 0 0
8.820000 68 50
8.890000 0 0
8.960000 67 53
9.030000 0 0
9.100000 0 0
9.170000 65 50
9.240000 0 0
9.310000 63 46
9.380000 0 0
9.450000 62 45
9.520000 0 0
9.590000 60 42
9.660000 0 0
9.730000 63 32
9.800000 0 0
9.870000 63 32
9.940000 0 0
10.010000 63 32
10.080000 0 0
10.150000 0 0
10.220000 60 42
10.290000 0 0
10.360000 64 31
10.430000 0 0
10.500000 64 31
10.570000 0 0
10.640000 64 31
10.710000 0 0
10.780000 60 42
10.850000 0 0
10.920000 65 32
10.990000 0 0
11.060000 65 32
11.130000 0 0
11.200000 0 0
11.270000 65 32
11.340000 0 0
11.410000 60 42
11.480000 0 0
11.550000 65 31
11.620000 0 0
11.690000 65 31
11.760000 0 0
11.830000 65 31
11.900000 0 0
11.970000 60 42
12.040000 0 0
12.110000 63 32
12.180000 0 0
12.250000 63 32
12.320000 0 0
12.390000 63 32
12.460000 0 0
12.530000 0 0
12.600000 60 42
12.670000 0 0
12.740000 64 31
12.810000 0 0
12.880000 64 31
12.950000 0 0
13.020000 64 31
13.090000 0 0
13.160000 60 42
13.230000 0 0
13.300000 65 32
13.370000 0 0
13.440000 65 32
13.510000 0 0
13.580000 0 0
13.650000 65 32
13.720000 0 0
13.790000 60 42
13.860000 0 0
13.930000 65 31
14.000000 0 0
14.070000 65 31
14.140000 0 0
14.210000 65 31
14.280000 0 0
14.350000 72 44
14.420000 72 44
14.490000 72 44
14.560000 72 44
14.630000 0 0
14.700000 0 0
14.770000 66 42
14.840000 66 42
14.910000 0 0
14.980000 67 52
15.050000 67 52
15.120000 67 52
15.190000 67 52
15.260000 0 0
15.330000 0 0
15.400000 59 48
15.470000 59 48
15.540000 60 57
15.610000 60 57
15.680000 60 57
15.750000 60 57
15.820000 0 0
15.890000 0 0
15.960000 0 0
16.030000 54 54
16.100000 54 54
16.170000 55 63
16.240000 55 63
16.310000 55 63
16.380000 55 63
16.450000 0 0
16.520000 0 0
16.590000 47 57
16.660000 47 57
16.730000 0 0
16.800000 48 66
16.870000 48 66
16.940000 48 66
17.010000 48 66
17.080000 0 0
17.150000 0 0
17.220000 42 58
17.290000 42 58
17.360000 43 67
17.430000 43 67
17.500000 43 67
17.570000 43 67
17.640000 0 0
17.710000 36 82
17.780000 36 82
17.850000 0 0
17.920000 0 0
17.990000 31 55
18.060000 31 55
18.130000 0 0
18.200000 0 0
18.270000 36 82
18.340000 36 82
18.410000 0 0
18.480000 0 0
18.550000 31 57
18.620000 31 57
18.690000 0 0
18.760000 0 0
18.830000 0 0
18.900000 36 82
18.970000 36 82
19.040000 0 0
19.110000 0 0
19.180000 38 66
19.250000 38 66
19.320000 38 66
19.390000 38 66
19.460000 38 66
19.530000 38 66
19.600000 38 66
19.670000 38 66
19.740000 38 66
19.810000 38 66
19.880000 38 66
19.950000 38 66
20.020000 38 66
20.090000 38 66
20.160000 38 66
20.230000 0 0
20.300000 0 0
20.370000 0 0
20.440000 0 0
20.510000 0 0
20.580000 0 0
20.650000 0 0
20.720000 0 0
20.790000 0 0
20.860000 0 0
20.930000 39 26
21.000000 39 26
21.070000 39 26
21.140000 39 26
21.210000 39 26
21.280000 39 26
21.350000 39 26
21.420000 39 26
21.490000 39 26
21.560000 44 25
21.630000 0 0
21.700000 0 0
21.770000 0 0
21.840000 43 23
21.910000 0 0
21.980000 0 0
22.050000 0 0
22.120000 0 0
22.190000 46 27
22.260000 46 27
22.330000 46 27
22.400000 46 27
22.470000 46 27
22.540000 46 27
22.610000 46 27
22.680000 46 27
22.750000 46 27
22.820000 0 0
22.890000 0 0
22.960000 0 0
23.030000 0 0
23.100000 0 0
23.170000 0 0
23.240000 0 0
23.310000 0 0
23.380000 0 0
23.450000 39 26
23.520000 39 26
23.590000 39 26
23.660000 39 26
23.730000 39 26
23.800000 39 26
23.870000 39 26
23.940000 39 26
24.010000 39 26
24.080000 0 0
24.150000 32 25
24.220000 0 0
24.290000 0 0
24.360000 0 0
24.430000 33 23
24.500000 0 0
24.570000 0 0
24.640000 0 0
24.710000 0 0
24.780000 34 22
24.850000 34 22
24.920000 34 22
24.990000 34 22
25.060000 34 22
25.130000 34 22
25.200000 34 22
25.270000 34 22
25.340000 34 22
25.410000 0 0
25.480000 0 0
25.550000 0 0
25.620000 0 0
25.690000 0 0
25.760000 0 0
25.830000 0 0
25.900000 0 0
25.970000 0 0
26.040000 39 26
26.110000 39 26
26.180000 39 26
26.250000 39 26
26.320000 39 26
26.390000 39 26
26.460000 39 26
26.530000 39 26
26.600000 39 26
26.670000 44 25
26.740000 0 0
26.810000 0 0
26.880000 0 0
26.950000 0 0
27.020000 43 23
27.090000 0 0
27.160000 0 0
27.230000 0 0
27.300000 51 36
27.370000 51 36
27.440000 51 36
27.510000 51 36
27.580000 51 36
27.650000 56 40
27.720000 0 0
27.790000 0 0
27.860000 0 0
27.930000 0 0
28.000000 0 0
28.070000 0 0
28.140000 0 0
28.210000 0 0
28.280000 0 0
28.350000 0 0
28.420000 0 0
28.490000 0 0
28.560000 0 0
28.630000 46 80
28.700000 46 80
28.770000 46 80
28.840000 46 80
28.910000 46 80
28.980000 46 80
29.050000 46 80
29.120000 46 80
29.190000 46 80
29.260000 46 80
29.330000 46 80
29.400000 46 80
29.470000 46 80
29.540000 46 80
29.610000 46 80
29.680000 46 80
29.750000 46 80
29.820000 46 80
29.890000 46 80
29.960000 46 80
30.030000 46 80
30.100000 46 80
30.170000 46 80
30.240000 46 80
30.310000 46 80
30.380000 46 80
30.450000 46 80
30.520000 46 80
30.590000 46 80
30.660000 46 80
30.730000 46 80
30.800000 46 80
30.870000 46 80
30.940000 46 80
31.010000 46 80
31.080000 46 80
31.150000 46 80
31.220000 46 80
31.290000 46 80
31.360000 46 80
31.430000 46 80
31.500000 46 80
31.570000 46 80
31.640000 46 80
31.710000 46 80
31.780000 46 80
31.850000 46 80
31.920000 46 80
31.990000 46 80
32.060000 46 80
32.130000 46 80
32.200000 46 80
32.270000 46 80
32.340000 46 80
32.410000 46 80
32.480000 46 80
32.550000 46 80
32.620000 46 80
32.690000 46 80
32.760000 46 80
32.830000 46 80
32.900000 46 80
32.970000 46 80
33.040000 46 80
33.110000 46 80
33.180000 46 80
33.250000 46 80
33.320000 46 80
33.390000 46 80
33.460000 46 80
33.530000 0 0
33.600000 44 45
33.670000 44 45
33.740000 44 45
33.810000 44 45
33.880000 0 0
33.950000 0 0
34.020000 0 0
34.090000 0 0
34.160000 46 42
34.230000 46 42
34.300000 46 42
34.370000 46 42
34.440000 0 0
34.510000 0 0
34.580000 0 0
34.650000 0 0
34.720000 0 0
34.790000 55 58
34.860000 55 58
34.930000 55 58
35.000000 55 58
35.070000 0 0
35.140000 0 0
35.210000 0 0
35.280000 51 54
35.350000 51 54
35.420000 50 60
35.490000 50 60
35.560000 51 55
35.630000 51 55
35.700000 48 52
35.770000 0 0
35.840000 48 48
35.910000 0 0
35.980000 0 0
36.050000 55 65
36.120000 55 65
36.190000 55 65
36.260000 55 65
36.330000 0 0
36.400000 0 0
36.470000 51 61
36.540000 51 61
36.610000 50 68
36.680000 50 68
36.750000 0 0
36.820000 51 63
36.890000 51 63
36.960000 56 58
37.030000 0 0
37.100000 56 54
37.170000 0 0
37.240000 58 71
37.310000 58 71
37.380000 51 62
37.450000 63 54
37.520000 0 0
37.590000 51 63
37.660000 63 56
37.730000 51 63
37.800000 63 57
37.870000 51 63
37.940000 63 55
38.010000 51 64
38.080000 63 59
38.150000 51 65
38.220000 0 0
38.290000 63 58
38.360000 51 66
38.430000 63 61
38.500000 0 0
38.570000 62 66
38.640000 62 66
38.710000 62 66
38.780000 62 66
38.850000 62 66
38.920000 62 66
38.990000 62 66
39.060000 62 66
39.130000 62 66
39.200000 62 66
39.270000 62 66
39.340000 62 66
39.410000 62 66
39.480000 62 66
39.550000 62 66
39.620000 62 66
39.690000 62 66
39.760000 63 66
39.830000 63 66
39.900000 63 66
39.970000 63 66
40.040000 0 0
40.110000 0 0
40.180000 0 0
40.250000 0 0
40.320000 0 0
40.390000 0 0
40.460000 0 0
40.530000 0 0
40.600000 0 0
40.670000 0 0
40.740000 0 0
40.810000 0 0
40.880000 0 0
40.950000 0 0
41.020000 32 73
41.090000 32 73
41.160000 0 0
41.230000 0 0
41.300000 0 0
41.370000 0 0
41.440000 0 0
41.510000 32 63
41.580000 0 0
41.650000 34 70
41.720000 34 70
41.790000 0 0
41.860000 0 0
41.930000 0 0
42.000000 0 0
42.070000 0 0
42.140000 34 63
42.210000 0 0
42.280000 0 0
42.350000 0 0
42.420000 68 63
42.490000 70 65
42.560000 72 69
42.630000 70 67
42.700000 68 65
42.770000 0 0
42.840000 67 64
42.910000 65 67
42.980000 63 61
43.050000 62 61
43.120000 0 0
43.190000 60 67
43.260000 58 62
43.330000 0 0
43.400000 56 62
43.470000 55 67
43.540000 0 0
43.610000 56 63
43.680000 58 63
43.750000 0 0
43.820000 56 67
43.890000 55 60
43.960000 0 0
44.030000 53 60
44.100000 51 70
44.170000 50 63
44.240000 0 0
44.310000 48 66
44.380000 46 74
44.450000 0 0
44.520000 44 67
44.590000 43 67
44.660000 0 0
44.730000 32 73
44.800000 32 73
44.870000 0 0
44.940000 0 0
45.010000 0 0
45.080000 0 0
45.150000 32 63
45.220000 0 0
45.290000 0 0
45.360000 34 70
45.430000 34 70
45.500000 0 0
45.570000 0 0
45.640000 0 0
45.710000 0 0
45.780000 34 63
45.850000 0 0
45.920000 0 0
45.990000 46 59
46.060000 46 59
46.130000 46 59
46.200000 46 59
46.270000 64 53
46.340000 0 0
46.410000 64 53
46.480000 0 0
46.550000 65 59
46.620000 65 59
46.690000 0 0
46.760000 0 0
46.830000 0 0
46.900000 64 53
46.970000 0 0
47.040000 64 53
47.110000 0 0
47.180000 65 59
47.250000 65 59
47.320000 0 0
47.390000 0 0
47.460000 0 0
47.530000 34 63
47.600000 34 63
47.670000 0 0
47.740000 0 0
47.810000 0 0
47.880000 0 0
47.950000 0 0
48.020000 0 0
48.090000 35 30
48.160000 0 0
48.230000 0 0
48.300000 0 0
48.370000 0 0
48.440000 36 32
48.510000 0 0
48.580000 0 0
48.650000 0 0
48.720000 33 30
48.790000 0 0
48.860000 0 0
48.930000 0 0
49.000000 34 32
49.070000 0 0
49.140000 0 0
49.210000 0 0
49.280000 0 0
49.350000 34 27
49.420000 0 0
49.490000 0 0
49.560000 0 0
49.630000 39 32
49.700000 0 0
49.770000 0 0
49.840000 0 0
49.910000 64 53
49.980000 0 0
50.050000 0 0
50.120000 64 53
50.190000 0 0
50.260000 65 59
50.330000 65 59
50.400000 0 0
50.470000 0 0
50.540000 64 53
50.610000 0 0
50.680000 64 53
50.750000 0 0
50.820000 0 0
50.890000 65 59
50.960000 65 59
51.030000 0 0
51.100000 0 0
51.170000 34 63
51.240000 34 63
51.310000 0 0
51.380000 0 0
51.450000 0 0
51.520000 0 0
51.590000 0 0
51.660000 0 0
51.730000 0 0
51.800000 42 55
51.870000 42 55
51.940000 42 55
52.010000 42 55
52.080000 42 55
52.150000 42 55
52.220000 42 55
52.290000 42 55
52.360000 33 30
52.430000 0 0
52.500000 0 0
52.570000 0 0
52.640000 0 0
52.710000 34 32
52.780000 0 0
52.850000 0 0
52.920000 0 0
52.990000 34 27
53.060000 0 0
53.130000 0 0
53.200000 0 0
53.270000 0 0
53.340000 39 32
53.410000 39 32
53.480000 51 27
53.550000 51 27
53.620000 0 0
53.690000 0 0
53.760000 0 0
53.830000 0 0
53.900000 39 32
53.970000 39 32
54.040000 51 28
54.110000 51 28
54.180000 0 0
54.250000 0 0
54.320000 0 0
54.390000 0 0
54.460000 0 0
54.530000 39 32
54.600000 39 32
54.670000 51 28
54.740000 51 28
54.810000 0 0
54.880000 0 0
54.950000 0 0
55.020000 0 0
55.090000 0 0
55.160000 39 32
55.230000 39 32
55.300000 51 27
55.370000 51 27
55.440000 0 0
55.510000 0 0
55.580000 0 0
55.650000 0 0
55.720000 39 32
55.790000 39 32
55.860000 39 32
55.930000 39 32
56.000000 0 0
56.070000 0 0
56.140000 0 0
56.210000 0 0
56.280000 0 0
56.350000 0 0
56.420000 0 0
56.490000 0 0
56.560000 0 0
56.630000 0 0
56.700000 0 0
56.770000 0 0
56.840000 0 0
56.910000 0 0
56.980000 0 0
57.050000 0 0
57.120000 0 0
57.190000 0 0
57.260000 0 0
57.330000 0 0
57.400000 0 0
57.470000 48 36
57.540000 48 36
57.610000 47 38
57.680000 47 38
57.750000 48 35
57.820000 48 35
57.890000 53 38
57.960000 0 0
58.030000 53 34
58.100000 0 0
58.170000 0 0
58.240000 51 38
58.310000 51 38
58.380000 51 38
58.450000 51 38
58.520000 0 0
58.590000 0 0
58.660000 48 36
58.730000 48 36
58.800000 47 38
58.870000 47 38
58.940000 48 35
59.010000 48 35
59.080000 56 38
59.150000 0 0
59.220000 56 34
59.290000 0 0
59.360000 0 0
59.430000 55 38
59.500000 55 38
59.570000 55 38
59.640000 55 38
59.710000 0 0
59.780000 0 0
59.850000 0 0
59.920000 0 0
59.990000 0 0
60.060000 0 0
60.130000 0 0
60.200000 0 0
60.270000 0 0
60.340000 0 0
60.410000 0 0
60.480000 0 0
60.550000 0 0
60.620000 56 38
60.690000 56 38
60.760000 56 38
60.830000 56 38
60.900000 56 38
60.970000 56 38
61.040000 56 38
61.110000 56 38
61.180000 56 38
61.250000 56 38
61.320000 56 38
61.390000 56 38
61.460000 56 38
61.530000 56 38
61.600000 56 38
61.670000 56 38
61.740000 56 38
61.810000 67 38
61.880000 67 38
61.950000 67 38
62.020000 67 38
62.090000 0 0
62.160000 0 0
62.230000 43 36
62.300000 43 36
62.370000 42 38
62.440000 42 38
62.510000 43 35
62.580000 43 35
62.650000 0 0
62.720000 48 38
62.790000 0 0
62.860000 48 34
62.930000 0 0
63.000000 47 38
63.070000 47 38
63.140000 47 38
63.210000 47 38
63.280000 0 0
63.350000 0 0
63.420000 43 36
63.490000 43 36
63.560000 42 38
63.630000 42 38
63.700000 43 35
63.770000 43 35
63.840000 0 0
63.910000 51 38
63.980000 0 0
64.050000 51 34
64.120000 0 0
64.190000 50 38
64.260000 50 38
64.330000 50 38
64.400000 50 38
64.470000 0 0
64.540000 0 0
64.610000 43 37
64.680000 0 0
64.750000 0 0
64.820000 47 43
64.890000 0 0
64.960000 50 37
65.030000 0 0
65.100000 53 37
65.170000 0 0
65.240000 56 37
65.310000 0 0
65.380000 59 46
65.450000 0 0
65.520000 62 45
65.590000 0 0
65.660000 65 47
65.730000 0 0
65.800000 68 50
65.870000 0 0
65.940000 67 53
66.010000 0 0
66.080000 65 50
66.150000 0 0
66.220000 0 0
66.290000 63 46
66.360000 0 0
66.430000 62 45
66.500000 0 0
66.570000 60 42
66.640000 0 0
66.710000 63 32
66.780000 0 0
66.850000 63 32
66.920000 0 0
66.990000 63 32
67.060000 0 0
67.130000 0 0
67.200000 60 42
67.270000 0 0
67.340000 64 31
67.410000 0 0
67.480000 64 31
67.550000 0 0
67.620000 64 31
67.690000 0 0
67.760000 60 42
67.830000 0 0
67.900000 65 32
67.970000 0 0
68.040000 65 32
68.110000 0 0
68.180000 0 0
68.250000 65 32
68.320000 0 0
68.390000 60 42
68.460000 0 0
68.530000 65 31
68.600000 0 0
68.670000 65 31
68.740000 0 0
68.810000 65 31
68.880000 0 0
68.950000 60 42
69.020000 0 0
69.090000 63 32
69.160000 0 0
69.230000 63 32
69.300000 0 0
69.370000 63 32
69.440000 0 0
69.510000 60 42
69.580000 0 0
69.650000 0 0
69.720000 64 31
69.790000 0 0
69.860000 64 31
69.930000 0 0
70.000000 64 31
70.070000 0 0
70.140000 60 42
70.210000 0 0
70.280000 65 32
70.350000 0 0
70.420000 65 32
70.490000 0 0
70.560000 0 0
70.630000 65 32
70.700000 0 0
70.770000 60 42
70.840000 0 0
70.910000 65 31
70.980000 0 0
71.050000 65 31
71.120000 0 0
71.190000 65 31
71.260000 0 0
71.330000 72 44
71.400000 72 44
71.470000 72 44
71.540000 72 44
71.610000 0 0
71.680000 0 0
71.750000 66 42
71.820000 66 42
71.890000 0 0
71.960000 67 52
72.030000 67 52
72.100000 67 52
72.170000 67 52
72.240000 0 0
72.310000 0 0
72.380000 59 48
72.450000 59 48
72.520000 60 57
72.590000 60 57
72.660000 60 57
72.730000 60 57
72.800000 0 0
72.870000 0 0
72.940000 0 0
73.010000 54 54
73.080000 54 54
73.150000 55 63
73.220000 55 63
73.290000 55 63
73.360000 55 63
73.430000 0 0
73.500000 0 0
73.570000 47 57
73.640000 47 57
73.710000 0 0
73.780000 48 66
73.850000 48 66
73.920000 48 66
73.990000 48 66
74.060000 0 0
74.130000 0 0
74.200000 42 58
74.270000 42 58
74.340000 43 67
74.410000 43 67
74.480000 43 67
74.550000 43 67
74.620000 0 0
74.690000 36 82
74.760000 36 82
74.830000 0 0
74.900000 0 0
74.970000 31 55
75.040000 31 55
75.110000 0 0
75.180000 0 0
75.250000 36 82
75.320000 36 82
75.390000 0 0
75.460000 0 0
75.530000 31 57
75.600000 31 57
75.670000 0 0
75.740000 0 0
75.810000 0 0
75.880000 36 82
75.950000 36 82
76.020000 0 0
76.090000 0 0
76.160000 38 66
76.230000 38 66
76.300000 38 66
76.370000 38 66
76.440000 38 66
76.510000 38 66
76.580000 38 66
76.650000 38 66
76.720000 38 66
76.790000 38 66
76.860000 38 66
76.930000 38 66
77.000000 38 66
77.070000 38 66
77.140000 38 66
77.210000 0 0
77.280000 0 0
77.350000 0 0
77.420000 0 0
77.490000 0 0
77.560000 0 0
77.630000 0 0
77.700000 0 0
77.770000 0 0
77.840000 0 0
77.910000 39 26
77.980000 39 26
78.050000 39 26
78.120000 39 26
78.190000 39 26
78.260000 39 26
78.330000 39 26
78.400000 39 26
78.470000 39 26
78.540000 44 25
78.610000 0 0
78.680000 0 0
78.750000 0 0
78.820000 43 23
78.890000 0 0
78.960000 0 0
79.030000 0 0
79.100000 0 0
79.170000 46 27
79.240000 46 27
79.310000 46 27
79.380000 46 27
79.450000 46 27
79.520000 46 27
79.590000 46 27
79.660000 46 27
79.730000 46 27
79.800000 0 0
79.870000 0 0
79.940000 0 0
80.010000 0 0
80.080000 0 0
80.150000 0 0
80.220000 0 0
80.290000 0 0
80.360000 0 0
80.430000 39 26
80.500000 39 26
80.570000 39 26
80.640000 39 26
80.710000 39 26
80.780000 39 26
80.850000 39 26
80.920000 39 26
80.990000 39 26
81.060000 32 25
81.130000 0 0
81.200000 0 0
81.270000 0 0
81.340000 0 0
81.410000 33 23
81.480000 0 0
81.550000 0 0
81.620000 0 0
81.690000 0 0
81.760000 34 22
81.830000 34 22
81.900000 34 22
81.970000 34 22
82.040000 34 22
82.110000 34 22
82.180000 34 22
82.250000 34 22
82.320000 34 22
82.390000 0 0
82.460000 0 0
82.530000 0 0
82.600000 0 0
82.670000 0 0
82.740000 0 0
82.810000 0 0
82.880000 0 0
82.950000 0 0
83.020000 39 26
83.090000 39 26
83.160000 39 26
83.230000 39 26
83.300000 39 26
83.370000 39 26
83.440000 39 26
83.510000 39 26
83.580000 39 26
83.650000 44 25
83.720000 0 0
83.790000 0 0
83.860000 0 0
83.930000 0 0
84.000000 43 23
84.070000 0 0
84.140000 0 0
84.210000 0 0
84.280000 51 36
84.350000 51 36
84.420000 51 36
84.490000 51 36
84.560000 51 36
84.630000 56 40
84.700000 0 0
84.770000 0 0
84.840000 0 0
84.910000 0 0
84.980000 0 0
85.050000 0 0
85.120000 0 0
85.190000 0 0
85.260000 0 0
85.330000 0 0
85.400000 0 0
85.470000 0 0
85.540000 0 0
85.610000 46 80
85.680000 46 80
85.750000 46 80
85.820000 46 80
85.890000 46 80
85.960000 46 80
86.030000 46 80
86.100000 46 80
86.170000 46 80
86.240000 46 80
86.310000 46 80
86.380000 46 80
86.450000 46 80
86.520000 46 80
86.590000 46 80
86.660000 46 80
86.730000 46 80
86.800000 46 80
86.870000 46 80
86.940000 46 80
87.010000 46 80
87.080000 46 80
87.150000 46 80
87.220000 46 80
87.290000 46 80
87.360000 46 80
87.430000 46 80
87.500000 46 80
87.570000 46 80
87.640000 46 80
87.710000 46 80
87.780000 46 80
87.850000 46 80
87.920000 46 80
87.990000 46 80
88.060000 46 80
88.130000 46 80
88.200000 46 80
88.270000 46 80
88.340000 46 80
88.410000 46 80
88.480000 46 80
88.550000 46 80
88.620000 46 80
88.690000 46 80
88.760000 46 80
88.830000 46 80
88.900000 46 80
88.970000 46 80
89.040000 46 80
89.110000 46 80
89.180000 46 80
89.250000 46 80
89.320000 46 80
89.390000 46 80
89.460000 46 80
89.530000 46 80
89.600000 46 80
89.670000 46 80
89.740000 46 80
89.810000 46 80
89.880000 46 80
89.950000 46 80
90.020000 46 80
90.090000 46 80
90.160000 46 80
90.230000 46 80
90.300000 46 80
90.370000 46 80
90.440000 46 80
90.510000 44 45
90.580000 44 45
90.650000 44 45
90.720000 44 45
90.790000 0 0
90.860000 0 0
90.930000 0 0
91.000000 0 0
91.070000 0 0
91.140000 53 42
91.210000 53 42
91.280000 53 42
91.350000 53 42
91.420000 0 0
91.490000 0 0
91.560000 0 0
91.630000 0 0
91.700000 0 0
91.770000 51 49
91.840000 51 49
91.910000 51 49
91.980000 51 49
92.050000 0 0
92.120000 0 0
92.190000 0 0
92.260000 51 54
92.330000 51 54
92.400000 50 60
92.470000 50 60
92.540000 51 55
92.610000 51 55
92.680000 48 52
92.750000 0 0
92.820000 56 57
92.890000 0 0
92.960000 0 0
93.030000 55 65
93.100000 55 65
93.170000 55 65
93.240000 55 65
93.310000 0 0
93.380000 0 0
93.450000 51 61
93.520000 51 61
93.590000 50 68
93.660000 50 68
93.730000 0 0
93.800000 51 63
93.870000 51 63
93.940000 56 58
94.010000 0 0
94.080000 56 54
94.150000 0 0
94.220000 55 71
94.290000 55 71
94.360000 51 62
94.430000 63 54
94.500000 51 63
94.570000 0 0
94.640000 63 56
94.710000 51 63
94.780000 63 57
94.850000 51 63
94.920000 63 55
94.990000 51 64
95.060000 63 59
95.130000 51 65
95.200000 63 58
95.270000 0 0
95.340000 51 66
95.410000 63 61
95.480000 0 0
95.550000 62 66
95.620000 62 66
95.690000 62 66
95.760000 62 66
95.830000 62 66
95.900000 62 66
95.970000 62 66
96.040000 62 66
96.110000 62 66
96.180000 62 66
96.250000 62 66
96.320000 62 66
96.390000 62 66
96.460000 62 66
96.530000 62 66
96.600000 62 66
96.670000 62 66
96.740000 58 49
96.810000 58 49
96.880000 58 49
96.950000 58 49
97.020000 0 0
97.090000 0 0
97.160000 0 0
97.230000 0 0
97.300000 0 0
97.370000 0 0
97.440000 0 0
97.510000 0 0
97.580000 0 0
97.650000 0 0
97.720000 0 0
97.790000 0 0
97.860000 0 0
97.930000 0 0
98.000000 44 73
98.070000 44 73
98.140000 0 0
98.210000 0 0
98.280000 0 0
98.350000 0 0
98.420000 0 0
98.490000 44 63
98.560000 0 0
98.630000 34 70
98.700000 34 70
98.770000 0 0
98.840000 0 0
98.910000 0 0
98.980000 0 0
99.050000 0 0
99.120000 46 63
99.190000 0 0
99.260000 0 0
99.330000 0 0
99.400000 68 63
99.470000 70 65
99.540000 72 69
99.610000 70 67
99.680000 68 65
99.750000 67 64
99.820000 0 0
99.890000 65 67
99.960000 63 61
100.030000 62 61
100.100000 0 0
100.170000 60 67
100.240000 58 62
100.310000 0 0
100.380000 56 62
100.450000 55 67
100.520000 0 0
100.590000 56 63
100.660000 58 63
100.730000 0 0
100.800000 56 67
100.870000 55 60
100.940000 0 0
101.010000 53 60
101.080000 51 70
101.150000 50 63
101.220000 0 0
101.290000 48 66
101.360000 46 74
101.430000 0 0
101.500000 44 67
101.570000 43 67
101.640000 0 0
101.710000 44 73
101.780000 44 73
101.850000 0 0
101.920000 0 0
101.990000 0 0
102.060000 0 0
102.130000 32 63
102.200000 0 0
102.270000 0 0
102.340000 34 70
102.410000 34 70
102.480000 0 0
102.550000 0 0
102.620000 0 0
102.690000 0 0
102.760000 46 63
102.830000 0 0
102.900000 0 0
102.970000 43 59
103.040000 43 59
103.110000 43 59
103.180000 43 59
103.250000 67 63
103.320000 0 0
103.390000 64 53
103.460000 0 0
103.530000 68 70
103.600000 68 70
103.670000 0 0
103.740000 0 0
103.810000 0 0
103.880000 64 53
103.950000 0 0
104.020000 64 53
104.090000 0 0
104.160000 68 70
104.230000 68 70
104.300000 0 0
104.370000 0 0
104.440000 34 63
104.510000 34 63
104.580000 0 0
104.650000 0 0
104.720000 0 0
104.790000 0 0
104.860000 0 0
104.930000 0 0
105.000000 0 0
105.070000 47 36
105.140000 0 0
105.210000 0 0
105.280000 0 0
105.350000 0 0
105.420000 36 32
105.490000 0 0
105.560000 0 0
105.630000 0 0
105.700000 45 36
105.770000 0 0
105.840000 0 0
105.910000 0 0
105.980000 46 38
106.050000 0 0
106.120000 0 0
106.190000 0 0
106.260000 0 0
106.330000 34 27
106.400000 0 0
106.470000 0 0
106.540000 0 0
106.610000 39 32
106.680000 0 0
106.750000 0 0
106.820000 0 0
106.890000 67 63
106.960000 0 0
107.030000 0 0
107.100000 64 53
107.170000 0 0
107.240000 68 70
107.310000 68 70
107.380000 0 0
107.450000 0 0
107.520000 64 53
107.590000 0 0
107.660000 64 53
107.730000 0 0
107.800000 0 0
107.870000 68 70
107.940000 68 70
108.010000 0 0
108.080000 0 0
108.150000 46 74
108.220000 46 74
108.290000 0 0
108.360000 0 0
108.430000 0 0
108.500000 0 0
108.570000 0 0
108.640000 0 0
108.710000 0 0
108.780000 47 65
108.850000 47 65
108.920000 47 65
108.990000 47 65
109.060000 47 65
109.130000 47 65
109.200000 47 65
109.270000 47 65
109.340000 33 30
109.410000 0 0
109.480000 0 0
109.550000 0 0
109.620000 0 0
109.690000 46 38
109.760000 0 0
109.830000 0 0
109.900000 0 0
109.970000 34 27
110.040000 0 0
110.110000 0 0
110.180000 0 0
110.250000 0 0
110.320000 39 32
110.390000 39 32
110.460000 51 27
110.530000 51 27
110.600000 0 0
110.670000 0 0
110.740000 0 0
110.810000 0 0
110.880000 39 32
110.950000 39 32
111.020000 51 28
111.090000 51 28
111.160000 0 0
111.230000 0 0
111.300000 0 0
111.370000 0 0
111.440000 0 0
111.510000 39 32
111.580000 39 32
111.650000 51 28
111.720000 51 28
111.790000 0 0
111.860000 0 0
111.930000 0 0
112.000000 0 0
112.070000 0 0
112.140000 39 32
112.210000 39 32
112.280000 51 27
112.350000 51 27
112.420000 0 0
112.490000 0 0
112.560000 0 0
112.630000 0 0
112.700000 39 32
112.770000 39 32
112.840000 39 32
112.910000 39 32
112.980000 0 0
113.050000 0 0
113.120000 0 0
113.190000 0 0
113.260000 0 0
113.330000 0 0
113.400000 0 0
113.470000 0 0
113.540000 0 0
113.610000 0 0
113.680000 0 0
113.750000 0 0
113.820000 0 0
113.890000 0 0
113.960000 0 0
114.030000 0 0
114.100000 0 0
114.170000 0 0
114.240000 0 0
114.310000 0 0
114.380000 0 0
114.450000 48 36
114.520000 48 36
114.590000 47 42
114.660000 47 42
114.730000 48 35
114.800000 48 35
114.870000 58 45
114.940000 0 0
115.010000 58 42
115.080000 0 0
115.150000 0 0
115.220000 58 77
115.290000 58 77
115.360000 58 77
115.430000 58 77
115.500000 58 77
115.570000 58 77
115.640000 58 77
115.710000 58 77
115.780000 58 77
115.850000 58 77
115.920000 58 77
115.990000 58 77
116.060000 58 77
116.130000 58 77
116.200000 58 77
116.270000 58 77
116.340000 58 77
116.410000 58 38
116.480000 58 38
116.550000 58 38
116.620000 58 38
116.690000 0 0
116.760000 0 0
116.830000 46 36
116.900000 46 36
116.970000 45 42
117.040000 45 42
117.110000 46 35
117.180000 46 35
117.250000 0 0
117.320000 58 45
117.390000 0 0
117.460000 58 42
117.530000 0 0
117.600000 0 0
117.670000 58 77
117.740000 58 77
117.810000 58 77
117.880000 58 77
117.950000 58 77
118.020000 58 77
118.090000 58 77
118.160000 58 77
118.230000 58 77
118.300000 58 77
118.370000 58 77
118.440000 58 77
118.510000 58 77
118.580000 58 77
118.650000 58 77
118.720000 58 77
118.790000 58 77
118.860000 58 38
118.930000 58 38
119.000000 58 38
119.070000 58 38
119.140000 0 0
119.210000 0 0
119.280000 0 0
119.350000 0 0
119.420000 58 33
119.490000 58 33
119.560000 58 33
119.630000 58 33
119.700000 0 0
119.770000 0 0
119.840000 0 0
119.910000 0 0
119.980000 0 0
120.050000 60 40
120.120000 60 40
120.190000 60 40
120.260000 60 40
120.330000 0 0
120.400000 0 0
120.470000 0 0
120.540000 0 0
120.610000 0 0
120.680000 0 0
120.750000 0 0
120.820000 0 0
120.890000 0 0
120.960000 0 0
121.030000 0 0
121.100000 0 0
121.170000 0 0
121.240000 53 43
121.310000 53 43
121.380000 53 43
121.450000 53 43
121.520000 0 0
121.590000 0 0
121.660000 0 0
121.730000 0 0
121.800000 0 0
121.870000 56 45
121.940000 56 45
122.010000 56 45
122.080000 56 45
122.150000 0 0
122.220000 0 0
122.290000 0 0
122.360000 0 0
122.430000 56 49
122.500000 56 49
122.570000 56 49
122.640000 56 49
122.710000 0 0
122.780000 0 0
122.850000 0 0
122.920000 0 0
122.990000 0 0
123.060000 53 52
123.130000 53 52
123.200000 53 52
123.270000 53 52
123.340000 0 0
123.410000 0 0
123.480000 0 0
123.550000 0 0
123.620000 53 58
123.690000 53 58
123.760000 53 58
123.830000 53 58
123.900000 0 0
123.970000 0 0
124.040000 0 0
124.110000 0 0
124.180000 0 0
124.250000 0 0
124.320000 0 0
124.390000 80 65
124.460000 0 0
124.530000 80 65
124.600000 0 0
124.670000 80 65
124.740000 0 0
124.810000 71 69
124.880000 71 69
124.950000 71 69
125.020000 71 69
125.090000 71 69
125.160000 71 69
125.230000 71 69
125.300000 71 69
125.370000 0 0
125.440000 0 0
125.510000 56 65
125.580000 0 0
125.650000 56 65
125.720000 0 0
125.790000 56 65
125.860000 0 0
125.930000 0 0
126.000000 47 69
126.070000 47 69
126.140000 56 64
126.210000 0 0
126.280000 56 64
126.350000 0 0
126.420000 56 64
126.490000 56 64
126.560000 47 75
126.630000 47 75
126.700000 0 0
126.770000 56 69
126.840000 56 69
126.910000 56 69
126.980000 56 69
127.050000 56 69
127.120000 56 69
127.190000 56 69
127.260000 0 0
127.330000 47 88
127.400000 47 88
127.470000 47 88
127.540000 47 88
127.610000 47 88
127.680000 47 88
127.750000 47 88
127.820000 47 88
127.890000 47 88
127.960000 47 88
128.030000 47 88
128.100000 47 88
128.170000 47 88
128.240000 47 88
128.310000 47 88
128.380000 47 88
128.450000 47 88
128.520000 47 88
128.590000 0 0
128.660000 48 36
128.730000 48 36
128.800000 47 38
128.870000 47 38
128.940000 48 35
129.010000 48 35
129.080000 0 0
129.150000 53 38
129.220000 0 0
129.290000 53 34
129.360000 0 0
129.430000 51 38
129.500000 51 38
129.570000 51 38
129.640000 51 38
129.710000 0 0
129.780000 0 0
129.850000 48 36
129.920000 48 36
129.990000 47 38
130.060000 47 38
130.130000 0 0
130.200000 48 35
130.270000 48 35
130.340000 56 38
130.410000 0 0
130.480000 56 34
130.550000 0 0
130.620000 55 38
130.690000 55 38
130.760000 55 38
130.830000 55 38
130.900000 0 0
130.970000 0 0
131.040000 0 0
131.110000 0 0
131.180000 0 0
131.250000 0 0
131.320000 0 0
131.390000 0 0
131.460000 0 0
131.530000 0 0
131.600000 0 0
131.670000 0 0
131.740000 0 0
131.810000 56 38
131.880000 56 38
131.950000 56 38
132.020000 56 38
132.090000 56 38
132.160000 56 38
132.230000 56 38
132.300000 56 38
132.370000 56 38
132.440000 56 38
132.510000 56 38
132.580000 56 38
132.650000 56 38
132.720000 56 38
132.790000 56 38
132.860000 56 38
132.930000 56 38
133.000000 67 38
133.070000 67 38
133.140000 67 38
133.210000 67 38
133.280000 0 0
133.350000 0 0
133.420000 0 0
133.490000 43 36
133.560000 43 36
133.630000 42 38
133.700000 42 38
133.770000 43 35
133.840000 43 35
133.910000 48 38
133.980000 0 0
134.050000 48 34
134.120000 0 0
134.190000 0 0
134.260000 47 38
134.330000 47 38
134.400000 47 38
134.470000 47 38
134.540000 0 0
134.610000 0 0
134.680000 43 36
134.750000 43 36
134.820000 42 38
134.890000 42 38
134.960000 43 35
135.030000 43 35
135.100000 51 38
135.170000 0 0
135.240000 51 34
135.310000 0 0
135.380000 0 0
135.450000 50 38
135.520000 50 38
135.590000 50 38
135.660000 50 38
135.730000 0 0
135.800000 0 0
135.870000 43 37
135.940000 0 0
136.010000 47 43
136.080000 0 0
136.150000 50 37
136.220000 0 0
136.290000 53 37
136.360000 0 0
136.430000 56 37
136.500000 0 0
136.570000 59 46
136.640000 0 0
136.710000 0 0
136.780000 62 45
136.850000 0 0
136.920000 65 47
136.990000 0 0
137.060000 68 50
137.130000 0 0
137.200000 67 53
137.270000 0 0
137.340000 65 50
137.410000 0 0
137.480000 63 46
137.550000 0 0
137.620000 62 45
137.690000 0 0
137.760000 0 0
137.830000 60 42
137.900000 0 0
137.970000 63 32
138.040000 0 0
138.110000 63 32
138.180000 0 0
138.250000 63 32
138.320000 0 0
138.390000 60 42
138.460000 0 0
138.530000 64 31
138.600000 0 0
138.670000 64 31
138.740000 0 0
138.810000 64 31
138.880000 0 0
138.950000 0 0
139.020000 60 42
139.090000 0 0
139.160000 65 32
139.230000 0 0
139.300000 65 32
139.370000 0 0
139.440000 65 32
139.510000 0 0
139.580000 60 42
139.650000 0 0
139.720000 65 31
139.790000 0 0
139.860000 65 31
139.930000 0 0
140.000000 65 31
140.070000 0 0
140.140000 0 0
140.210000 60 42
140.280000 0 0
140.350000 63 32
140.420000 0 0
140.490000 63 32
140.560000 0 0
140.630000 63 32
140.700000 0 0
140.770000 60 42
140.840000 0 0
140.910000 64 31
140.980000 0 0
141.050000 64 31
141.120000 0 0
141.190000 64 31
141.260000 0 0
141.330000 0 0
141.400000 60 42
141.470000 0 0
141.540000 65 32
141.610000 0 0
141.680000 65 32
141.750000 0 0
141.820000 65 32
141.890000 0 0
141.960000 60 42
142.030000 0 0
142.100000 65 31
142.170000 0 0
142.240000 65 31
142.310000 0 0
142.380000 65 31
142.450000 0 0
142.520000 0 0
142.590000 72 44
142.660000 72 44
142.730000 72 44
142.800000 72 44
142.870000 0 0
142.940000 0 0
143.010000 66 42
143.080000 66 42
143.150000 67 52
143.220000 67 52
143.290000 67 52
143.360000 67 52
143.430000 0 0
143.500000 0 0
143.570000 0 0
143.640000 59 48
143.710000 59 48
143.780000 60 57
143.850000 60 57
143.920000 60 57
143.990000 60 57
144.060000 0 0
144.130000 0 0
144.200000 54 54
144.270000 54 54
144.340000 0 0
144.410000 55 63
144.480000 55 63
144.550000 55 63
144.620000 55 63
144.690000 0 0
144.760000 0 0
144.830000 47 57
144.900000 47 57
144.970000 48 66
145.040000 48 66
145.110000 48 66
145.180000 48 66
145.250000 0 0
145.320000 0 0
145.390000 42 58
145.460000 42 58
145.530000 0 0
145.600000 43 67
145.670000 43 67
145.740000 43 67
145.810000 43 67
145.880000 36 82
145.950000 36 82
146.020000 0 0
146.090000 0 0
146.160000 31 55
146.230000 31 55
146.300000 0 0
146.370000 0 0
146.440000 0 0
146.510000 36 82
146.580000 36 82
146.650000 0 0
146.720000 0 0
146.790000 31 57
146.860000 31 57
146.930000 0 0
147.000000 0 0
147.070000 36 82
147.140000 36 82
147.210000 0 0
147.280000 0 0
147.350000 0 0
147.420000 38 66
147.490000 38 66
147.560000 38 66
147.630000 38 66
147.700000 38 66
147.770000 38 66
147.840000 38 66
147.910000 38 66
147.980000 38 66
148.050000 38 66
148.120000 38 66
148.190000 38 66
148.260000 38 66
148.330000 38 66
148.400000 38 66
148.470000 38 66
148.540000 38 66
148.610000 0 0
148.680000 0 0
148.750000 0 0
148.820000 0 0
148.890000 0 0
148.960000 0 0
149.030000 0 0
149.100000 0 0
149.170000 0 0
149.240000 0 0
149.310000 0 0
149.380000 55 26
149.450000 55 26
149.520000 55 26
149.590000 55 26
149.660000 55 26
149.730000 55 26
149.800000 55 26
149.870000 55 26
149.940000 55 26
150.010000 55 25
150.080000 0 0
150.150000 0 0
150.220000 0 0
150.290000 52 23
150.360000 0 0
150.430000 0 0
150.500000 0 0
150.570000 0 0
150.640000 55 27
150.710000 55 27
150.780000 55 27
150.850000 55 27
150.920000 55 27
150.990000 55 27
151.060000 55 27
151.130000 55 27
151.200000 55 27
151.270000 0 0
151.340000 0 0
151.410000 0 0
151.480000 0 0
151.550000 0 0
151.620000 0 0
151.690000 0 0
151.760000 0 0
151.830000 0 0
151.900000 55 26
151.970000 55 26
152.040000 55 26
152.110000 55 26
152.180000 55 26
152.250000 55 26
152.320000 55 26
152.390000 55 26
152.460000 55 26
152.530000 53 25
152.600000 0 0
152.670000 0 0
152.740000 0 0
152.810000 0 0
152.880000 54 23
152.950000 0 0
153.020000 0 0
153.090000 0 0
153.160000 0 0
153.230000 43 22
153.300000 43 22
153.370000 43 22
153.440000 43 22
153.510000 43 22
153.580000 43 22
153.650000 43 22
153.720000 43 22
153.790000 43 22
153.860000 0 0
153.930000 0 0
154.000000 0 0
154.070000 0 0
154.140000 0 0
154.210000 0 0
154.280000 0 0
154.350000 0 0
154.420000 0 0
154.490000 55 26
154.560000 55 26
154.630000 55 26
154.700000 55 26
154.770000 55 26
154.840000 55 26
154.910000 55 26
154.980000 55 26
155.050000 55 26
155.120000 55 25
155.190000 0 0
155.260000 0 0
155.330000 0 0
155.400000 0 0
155.470000 55 23
155.540000 0 0
155.610000 0 0
155.680000 0 0
155.750000 60 36
155.820000 60 36
155.890000 60 36
155.960000 60 36
156.030000 60 36
156.100000 0 0
156.170000 0 0
156.240000 0 0
156.310000 0 0
156.380000 0 0
156.450000 0 0
156.520000 0 0
156.590000 0 0
156.660000 0 0
156.730000 0 0
156.800000 0 0
156.870000 0 0
156.940000 0 0
157.010000 0 0
157.080000 55 80
157.150000 55 80
157.220000 55 80
157.290000 55 80
157.360000 55 80
157.430000 55 80
157.500000 55 80
157.570000 55 80
157.640000 55 80
157.710000 55 80
157.780000 55 80
157.850000 55 80
157.920000 55 80
157.990000 55 80
158.060000 55 80
158.130000 55 80
158.200000 55 80
158.270000 55 80
158.340000 55 80
158.410000 55 80
158.480000 55 80
158.550000 55 80
158.620000 55 80
158.690000 55 80
158.760000 55 80
158.830000 55 80
158.900000 55 80
158.970000 55 80
159.040000 55 80
159.110000 55 80
159.180000 55 80
159.250000 55 80
159.320000 55 80
159.390000 55 80
159.460000 55 80
159.530000 55 80
159.600000 55 80
159.670000 55 80
159.740000 55 80
159.810000 55 80
159.880000 55 80
159.950000 55 80
160.020000 55 80
160.090000 55 80
160.160000 55 80
160.230000 55 80
160.300000 55 80
160.370000 55 80
160.440000 55 80
160.510000 55 80
160.580000 55 80
160.650000 55 80
160.720000 55 80
160.790000 55 80
160.860000 55 80
160.930000 55 80
161.000000 55 80
161.070000 55 80
161.140000 55 80
161.210000 55 80
161.280000 55 80
161.350000 55 80
161.420000 55 80
161.490000 55 80
161.560000 55 80
161.630000 55 80
161.700000 55 80
161.770000 55 80
161.840000 55 80
161.910000 55 80
161.980000 41 45
162.050000 41 45
162.120000 41 45
162.190000 41 45
162.260000 0 0
162.330000 0 0
162.400000 0 0
162.470000 0 0
162.540000 0 0
162.610000 50 42
162.680000 50 42
162.750000 50 42
162.820000 50 42
162.890000 0 0
162.960000 0 0
163.030000 0 0
163.100000 0 0
163.170000 0 0
163.240000 51 58
163.310000 51 58
163.380000 55 48
163.450000 0 0
163.520000 55 48
163.590000 0 0
163.660000 55 48
163.730000 0 0
163.800000 0 0
163.870000 55 54
163.940000 55 54
164.010000 55 47
164.080000 0 0
164.150000 47 47
164.220000 0 0
164.290000 55 47
164.360000 0 0
164.430000 48 63
164.500000 48 63
164.570000 0 0
164.640000 55 52
164.710000 0 0
164.780000 55 52
164.850000 0 0
164.920000 55 52
164.990000 0 0
165.060000 55 59
165.130000 55 59
165.200000 55 52
165.270000 0 0
165.340000 0 0
165.410000 47 52
165.480000 0 0
165.550000 55 52
165.620000 0 0
165.690000 48 69
165.760000 48 69
165.830000 55 55
165.900000 0 0
165.970000 55 55
166.040000 0 0
166.110000 0 0
166.180000 55 55
166.250000 0 0
166.320000 55 71
166.390000 55 71
166.460000 55 62
166.530000 0 0
166.600000 53 57
166.670000 0 0
166.740000 0 0
166.810000 53 58
166.880000 0 0
166.950000 0 0
167.020000 0 0
167.090000 50 53
167.160000 50 53
167.230000 50 53
167.300000 50 53
167.370000 50 53
167.440000 50 53
167.510000 50 53
167.580000 50 53
167.650000 50 53
167.720000 50 53
167.790000 50 53
167.860000 50 53
167.930000 50 53
168.000000 50 53
168.070000 50 53
168.140000 50 53
168.210000 50 53
168.280000 48 49
168.350000 48 49
168.420000 48 49
168.490000 48 49
168.560000 0 0
168.630000 0 0
168.700000 0 0
168.770000 0 0
168.840000 0 0
168.910000 0 0
168.980000 0 0
169.050000 0 0
169.120000 0 0
169.190000 0 0
169.260000 0 0
169.330000 0 0
169.400000 0 0
169.470000 0 0
169.540000 41 73
169.610000 41 73
169.680000 0 0
169.750000 0 0
169.820000 0 0
169.890000 0 0
169.960000 0 0
170.030000 53 63
170.100000 0 0
170.170000 43 70
170.240000 43 70
170.310000 0 0
170.380000 0 0
170.450000 0 0
170.520000 0 0
170.590000 0 0
170.660000 55 63
170.730000 0 0
170.800000 0 0
170.870000 0 0
170.940000 65 63
171.010000 67 65
171.080000 68 69
171.150000 67 67
171.220000 65 65
171.290000 0 0
171.360000 63 64
171.430000 62 67
171.500000 60 61
171.570000 59 61
171.640000 0 0
171.710000 56 67
171.780000 55 62
171.850000 0 0
171.920000 53 62
171.990000 51 67
172.060000 0 0
172.130000 53 63
172.200000 55 63
172.270000 0 0
172.340000 53 67
172.410000 51 60
172.480000 0 0
172.550000 50 60
172.620000 48 70
172.690000 46 63
172.760000 0 0
172.830000 44 66
172.900000 43 74
172.970000 0 0
173.040000 41 67
173.110000 39 67
173.180000 0 0
173.250000 29 73
173.320000 29 73
173.390000 0 0
173.460000 0 0
173.530000 0 0
173.600000 0 0
173.670000 29 63
173.740000 0 0
173.810000 0 0
173.880000 31 70
173.950000 31 70
174.020000 0 0
174.090000 0 0
174.160000 0 0
174.230000 0 0
174.300000 31 63
174.370000 0 0
174.440000 0 0
174.510000 43 59
174.580000 43 59
174.650000 43 59
174.720000 43 59
174.790000 61 53
174.860000 0 0
174.930000 61 53
175.000000 0 0
175.070000 62 59
175.140000 62 59
175.210000 0 0
175.280000 0 0
175.350000 0 0
175.420000 61 53
175.490000 0 0
175.560000 61 53
175.630000 0 0
175.700000 62 59
175.770000 62 59
175.840000 0 0
175.910000 0 0
175.980000 0 0
176.050000 31 63
176.120000 31 63
176.190000 0 0
176.260000 0 0
176.330000 0 0
176.400000 0 0
176.470000 0 0
176.540000 0 0
176.610000 31 30
176.680000 0 0
176.750000 0 0
176.820000 0 0
176.890000 0 0
176.960000 32 32
177.030000 0 0
177.100000 0 0
177.170000 0 0
177.240000 30 30
177.310000 0 0
177.380000 0 0
177.450000 0 0
177.520000 31 32
177.590000 0 0
177.660000 0 0
177.730000 0 0
177.800000 0 0
177.870000 31 27
177.940000 0 0
178.010000 0 0
178.080000 0 0
178.150000 36 32
178.220000 0 0
178.290000 0 0
178.360000 0 0
178.430000 61 53
178.500000 0 0
178.570000 0 0
178.640000 61 53
178.710000 0 0
178.780000 62 59
178.850000 62 59
178.920000 0 0
178.990000 0 0
179.060000 61 53
179.130000 0 0
179.200000 64 53
179.270000 0 0
179.340000 0 0
179.410000 62 59
179.480000 62 59
179.550000 0 0
179.620000 0 0
179.690000 31 63
179.760000 31 63
179.830000 0 0
179.900000 0 0
179.970000 0 0
180.040000 0 0
180.110000 0 0
180.180000 0 0
180.250000 0 0
180.320000 39 55
180.390000 39 55
180.460000 39 55
180.530000 39 55
180.600000 39 55
180.670000 39 55
180.740000 39 55
180.810000 39 55
180.880000 0 0
180.950000 30 30
181.020000 0 0
181.090000 0 0
181.160000 0 0
181.230000 31 32
181.300000 0 0
181.370000 0 0
181.440000 0 0
181.510000 0 0
181.580000 31 27
181.650000 0 0
181.720000 0 0
181.790000 0 0
181.860000 36 32
181.930000 36 32
182.000000 48 27
182.070000 48 27
182.140000 0 0
182.210000 0 0
182.280000 0 0
182.350000 0 0
182.420000 0 0
182.490000 36 32
182.560000 36 32
182.630000 48 28
182.700000 48 28
182.770000 0 0
182.840000 0 0
182.910000 0 0
182.980000 0 0
183.050000 36 32
183.120000 36 32
183.190000 0 0
183.260000 48 28
183.330000 48 28
183.400000 0 0
183.470000 0 0
183.540000 0 0
183.610000 0 0
183.680000 36 32
183.750000 36 32
183.820000 48 27
183.890000 48 27
183.960000 0 0
184.030000 0 0
184.100000 0 0
184.170000 0 0
184.240000 0 0
184.310000 32 36
184.380000 32 36
184.450000 44 32
184.520000 44 32
184.590000 0 0
184.660000 0 0
184.730000 0 0
184.800000 0 0
184.870000 0 0
184.940000 32 42
185.010000 32 42
185.080000 44 38
185.150000 44 38
185.220000 0 0
185.290000 0 0
185.360000 0 0
185.430000 0 0
185.500000 32 55
185.570000 32 55
185.640000 44 51
185.710000 44 51
185.780000 0 0
185.850000 0 0
185.920000 0 0
185.990000 0 0
186.060000 0 0
186.130000 32 64
186.200000 32 64
186.270000 44 56
186.340000 44 56
186.410000 0 0
186.480000 0 0
186.550000 0 0
186.620000 0 0
186.690000 0 0
186.760000 0 0
186.830000 32 65
186.900000 32 65
186.970000 32 65
187.040000 32 65
187.110000 32 65
187.180000 32 65
187.250000 32 65
187.320000 32 65
187.390000 32 65
187.460000 32 65
187.530000 32 65
187.600000 32 65
187.670000 32 65
187.740000 32 65
187.810000 32 65
187.880000 32 65
187.950000 32 65
188.020000 32 65
188.090000 32 65
188.160000 32 65
188.230000 32 65
188.300000 32 65
188.370000 32 65
188.440000 32 65
188.510000 32 65
188.580000 32 65
188.650000 32 65
188.720000 32 65
188.790000 32 65
188.860000 32 65
188.930000 32 65
189.000000 32 65
189.070000 32 65
189.140000 32 65
189.210000 32 65
189.280000 32 65
189.350000 32 65
189.420000 32 65
189.490000 32 65
189.560000 32 65
189.630000 32 65
189.700000 32 65
189.770000 32 65
189.840000 32 65
189.910000 32 65
189.980000 32 65
190.050000 32 65
190.120000 32 65
190.190000 32 65
190.260000 32 65
190.330000 32 65
190.400000 32 65
190.470000 32 65
190.540000 32 65
190.610000 32 65
190.680000 32 65
190.750000 32 65
190.820000 32 65
190.890000 32 65
190.960000 32 65
191.030000 32 65
191.100000 32 65
191.170000 32 65
191.240000 0 0
191.310000 0 0
191.380000 0 0
191.450000 0 0
191.520000 0 0
191.590000 0 0
191.660000 0 0
191.730000 0 0
191.800000 0 0
191.870000 0 0
191.940000 0 0
192.010000 0 0
192.080000 0 0
192.150000 0 0
192.220000 37 21
192.290000 37 21
192.360000 37 21
192.430000 37 21
192.500000 37 21
192.570000 37 21
192.640000 37 21
192.710000 37 21
192.780000 37 21
192.850000 37 21
192.920000 0 0
192.990000 42 20
193.060000 0 0
193.130000 0 0
193.200000 0 0
193.270000 0 0
193.340000 41 19
193.410000 0 0
193.480000 0 0
193.550000 0 0
193.620000 0 0
193.690000 0 0
193.760000 44 22
193.830000 44 22
193.900000 44 22
193.970000 44 22
194.040000 44 22
194.110000 44 22
194.180000 44 22
194.250000 44 22
194.320000 44 22
194.390000 44 22
194.460000 44 22
194.530000 44 22
194.600000 44 22
194.670000 44 22
194.740000 44 22
194.810000 0 0
194.880000 0 0
194.950000 0 0
195.020000 0 0
195.090000 0 0
195.160000 0 0
195.230000 0 0
195.300000 37 21
195.370000 37 21
195.440000 37 21
195.510000 37 21
195.580000 37 21
195.650000 37 21
195.720000 37 21
195.790000 37 21
195.860000 37 21
195.930000 37 21
196.000000 0 0
196.070000 30 20
196.140000 0 0
196.210000 0 0
196.280000 0 0
196.350000 0 0
196.420000 31 19
196.490000 0 0
196.560000 0 0
196.630000 0 0
196.700000 0 0
196.770000 0 0
196.840000 0 0
196.910000 32 18
196.980000 32 18
197.050000 32 18
197.120000 32 18
197.190000 32 18
197.260000 32 18
197.330000 32 18
197.400000 32 18
197.470000 32 18
197.540000 32 18
197.610000 32 18
197.680000 32 18
197.750000 0 0
197.820000 0 0
197.890000 0 0
197.960000 0 0
198.030000 0 0
198.100000 0 0
198.170000 0 0
198.240000 0 0
198.310000 0 0
198.380000 0 0
198.450000 0 0
198.520000 37 21
198.590000 37 21
198.660000 37 21
198.730000 37 21
198.800000 37 21
198.870000 37 21
198.940000 37 21
199.010000 37 21
199.080000 37 21
199.150000 37 21
199.220000 0 0
199.290000 42 20
199.360000 0 0
199.430000 0 0
199.500000 0 0
199.570000 0 0
199.640000 0 0
199.710000 41 19
199.780000 0 0
199.850000 0 0
199.920000 0 0
199.990000 0 0
200.060000 0 0
200.130000 0 0
200.200000 44 24
200.270000 44 24
200.340000 44 24
200.410000 44 24
200.480000 44 24
200.550000 44 24
200.620000 44 24
200.690000 44 24
200.760000 44 24
200.830000 44 24
200.900000 44 24
200.970000 44 24
201.040000 44 24
201.110000 44 24
201.180000 44 24
201.250000 44 24
201.320000 44 24
201.390000 44 24
201.460000 44 24
201.530000 44 24
201.600000 44 24
201.670000 44 24
201.740000 44 24
201.810000 44 24
201.880000 44 24
201.950000 44 24
202.020000 44 24
202.090000 44 24
202.160000 44 24
202.230000 44 24
202.300000 44 24
202.370000 33 30
202.440000 0 0
202.510000 36 32
202.580000 39 33
202.650000 42 34
202.720000 45 36
202.790000 48 37
202.860000 48 37
202.930000 48 37
203.000000 48 37
203.070000 48 37
203.140000 48 37
203.210000 48 37
203.280000 48 37
203.350000 48 37
203.420000 48 37
203.490000 48 37
203.560000 48 37
203.630000 48 37
203.700000 48 37
203.770000 48 37
203.840000 48 37
203.910000 48 37
203.980000 48 37
204.050000 48 37
204.120000 48 37
204.190000 48 37
204.260000 48 37
204.330000 48 37
204.400000 48 37
204.470000 48 37
204.540000 48 37
204.610000 48 37
204.680000 48 37
204.750000 48 37
204.820000 48 37
204.890000 48 37
204.960000 48 37
205.030000 48 37
205.100000 48 37
205.170000 48 37
205.240000 48 37
205.310000 48 37
205.380000 48 37
205.450000 48 37
205.520000 48 37
205.590000 48 37
205.660000 48 37
205.730000 48 37
205.800000 48 37
205.870000 48 37
205.940000 48 37
206.010000 48 37
206.080000 48 37
206.150000 48 37
206.220000 48 37
206.290000 51 39
206.360000 0 0
206.430000 0 0
206.500000 0 0
206.570000 0 0
206.640000 0 0
206.710000 0 0
206.780000 0 0
206.850000 0 0
206.920000 0 0
206.990000 0 0
207.060000 0 0
207.130000 0 0
207.200000 0 0
207.270000 0 0
207.340000 0 0
207.410000 0 0
207.480000 0 0
207.550000 51 70
207.620000 0 0
207.690000 48 57
207.760000 0 0
207.830000 31 42
207.900000 31 42
207.970000 31 42
208.040000 31 42
208.110000 48 43
208.180000 48 43
208.250000 0 0
208.320000 48 38
208.390000 0 0
208.460000 48 38
208.530000 0 0
208.600000 48 38
208.670000 0 0
208.740000 48 41
208.810000 0 0
208.880000 58 37
208.950000 0 0
209.020000 58 37
209.090000 0 0
209.160000 58 37
209.230000 0 0
209.300000 48 43
209.370000 0 0
209.440000 53 31
209.510000 0 0
209.580000 53 31
209.650000 0 0
209.720000 0 0
209.790000 53 31
209.860000 0 0
209.930000 48 41
210.000000 0 0
210.070000 59 36
210.140000 0 0
210.210000 59 36
210.280000 0 0
210.350000 59 36
210.420000 0 0
210.490000 48 43
210.560000 48 43
210.630000 0 0
210.700000 52 32
210.770000 0 0
210.840000 52 32
210.910000 0 0
210.980000 52 32
211.050000 0 0
211.120000 48 41
211.190000 0 0
211.260000 58 37
211.330000 0 0
211.400000 58 37
211.470000 0 0
211.540000 58 37
211.610000 0 0
211.680000 48 43
211.750000 0 0
211.820000 53 31
211.890000 0 0
211.960000 53 31
212.030000 0 0
212.100000 53 31
212.170000 0 0
212.240000 48 41
212.310000 0 0
212.380000 0 0
212.450000 59 36
212.520000 0 0
212.590000 59 36
212.660000 0 0
212.730000 59 36
212.800000 0 0
212.870000 48 43
212.940000 48 43
213.010000 52 32
213.080000 0 0
213.150000 52 32
213.220000 0 0
213.290000 0 0
213.360000 52 32
213.430000 0 0
213.500000 48 40
213.570000 0 0
213.640000 59 36
213.710000 0 0
213.780000 59 35
213.850000 0 0
213.920000 59 34
213.990000 0 0
214.060000 48 40
214.130000 48 40
214.200000 0 0
214.270000 52 29
214.340000 0 0
214.410000 52 29
214.480000 0 0
214.550000 52 28
214.620000 0 0
214.690000 48 36
214.760000 0 0
214.830000 59 32
214.900000 0 0
214.970000 59 31
215.040000 0 0
215.110000 59 30
215.180000 0 0
215.250000 0 0
215.320000 48 32
215.390000 48 32
215.460000 52 23
215.530000 0 0
215.600000 52 23
215.670000 0 0
215.740000 52 22
215.810000 0 0
215.880000 48 32
215.950000 48 32
216.020000 0 0
216.090000 52 22
216.160000 0 0
216.230000 52 21
216.300000 0 0
216.370000 0 0
216.440000 52 21
216.510000 0 0
216.580000 0 0
216.650000 48 20
216.720000 48 20
216.790000 48 20
216.860000 48 20
216.930000 48 20
