"chpn-p22"

# Piano right
0.000000 0 0
0.070000 0 0
0.140000 0 0
0.210000 0 0
0.280000 0 0
0.350000 0 0
0.420000 0 0
0.490000 0 0
0.560000 0 0
0.630000 0 0
0.700000 0 0
0.770000 0 0
0.840000 0 0
0.910000 0 0
0.980000 0 0
1.050000 0 0
1.120000 0 0
1.190000 0 0
1.260000 0 0
1.330000 0 0
1.400000 60 55
1.470000 60 55
1.540000 60 55
1.610000 60 55
1.680000 60 55
1.750000 60 55
1.820000 60 55
1.890000 60 55
1.960000 60 55
2.030000 0 0
2.100000 0 0
2.170000 0 0
2.240000 0 0
2.310000 0 0
2.380000 63 55
2.450000 63 55
2.520000 63 55
2.590000 63 55
2.660000 63 55
2.730000 63 55
2.800000 63 55
2.870000 63 55
2.940000 0 0
3.010000 0 0
3.080000 0 0
3.150000 0 0
3.220000 0 0
3.290000 63 55
3.360000 63 55
3.430000 63 55
3.500000 63 55
3.570000 63 55
3.640000 54 62
3.710000 54 62
3.780000 54 62
3.850000 54 62
3.920000 0 0
3.990000 0 0
4.060000 0 0
4.130000 0 0
4.200000 66 73
4.270000 66 73
4.340000 66 73
4.410000 66 73
4.480000 67 59
4.550000 67 59
4.620000 67 59
4.690000 67 59
4.760000 0 0
4.830000 0 0
4.900000 0 0
4.970000 0 0
5.040000 0 0
5.110000 75 66
5.180000 75 66
5.250000 75 66
5.320000 75 66
5.390000 66 64
5.460000 66 64
5.530000 66 64
5.600000 66 64
5.670000 0 0
5.740000 0 0
5.810000 0 0
5.880000 0 0
5.950000 73 64
6.020000 73 64
6.090000 73 64
6.160000 73 64
6.230000 76 74
6.300000 76 74
6.370000 76 74
6.440000 76 74
6.510000 0 0
6.580000 0 0
6.650000 0 0
6.720000 0 0
6.790000 0 0
6.860000 77 72
6.930000 77 72
7.000000 77 72
7.070000 77 72
7.140000 67 58
7.210000 67 58
7.280000 67 58
7.350000 67 58
7.420000 0 0
7.490000 0 0
7.560000 0 0
7.630000 0 0
7.700000 69 57
7.770000 69 57
7.840000 0 0
7.910000 0 0
7.980000 0 0
8.050000 0 0
8.120000 0 0
8.190000 0 0
8.260000 0 0
8.330000 0 0
8.400000 0 0
8.470000 0 0
8.540000 0 0
8.610000 0 0
8.680000 72 60
8.750000 72 60
8.820000 72 60
8.890000 72 60
8.960000 72 60
9.030000 74 70
9.100000 74 70
9.170000 74 70
9.240000 74 70
9.310000 0 0
9.380000 0 0
9.450000 0 0
9.520000 0 0
9.590000 75 60
9.660000 75 60
9.730000 75 60
9.800000 75 60
9.870000 75 60
9.940000 75 60
10.010000 75 60
10.080000 75 60
10.150000 0 0
10.220000 0 0
10.290000 0 0
10.360000 0 0
10.430000 0 0
10.500000 72 73
10.570000 72 73
10.640000 72 73
10.710000 72 73
10.780000 78 74
10.850000 78 74
10.920000 78 74
10.990000 78 74
11.060000 0 0
11.130000 0 0
11.200000 0 0
11.270000 0 0
11.340000 78 66
11.410000 78 66
11.480000 78 66
11.550000 78 66
11.620000 79 64
11.690000 79 64
11.760000 79 64
11.830000 79 64
11.900000 0 0
11.970000 0 0
12.040000 0 0
12.110000 0 0
12.180000 0 0
12.250000 79 69
12.320000 79 69
12.390000 79 69
12.460000 79 69
12.530000 0 0
12.600000 0 0
12.670000 0 0
12.740000 76 63
12.810000 76 63
12.880000 76 63
12.950000 76 63
13.020000 0 0
13.090000 0 0
13.160000 77 69
13.230000 77 69
13.300000 77 69
13.370000 77 69
13.440000 0 0
13.510000 0 0
13.580000 74 63
13.650000 74 63
13.720000 74 63
13.790000 74 63
13.860000 0 0
13.930000 0 0
14.000000 75 82
14.070000 75 82
14.140000 75 82
14.210000 75 82
14.280000 0 0
14.350000 0 0
14.420000 0 0
14.490000 75 84
14.560000 75 84
14.630000 75 84
14.700000 75 84
14.770000 63 72
14.840000 0 0
14.910000 68 72
14.980000 0 0
15.050000 0 0
15.120000 0 0
15.190000 0 0
15.260000 0 0
15.330000 0 0
15.400000 0 0
15.470000 0 0
15.540000 0 0
15.610000 0 0
15.680000 0 0
15.750000 0 0
15.820000 68 72
15.890000 68 72
15.960000 68 72
16.030000 68 72
16.100000 0 0
16.170000 0 0
16.240000 75 74
16.310000 75 74
16.380000 75 74
16.450000 75 74
16.520000 0 0
16.590000 0 0
16.660000 0 0
16.730000 80 81
16.800000 80 81
16.870000 80 81
16.940000 80 81
17.010000 0 0
17.080000 0 0
17.150000 75 84
17.220000 75 84
17.290000 75 84
17.360000 75 84
17.430000 0 0
17.500000 0 0
17.570000 77 85
17.640000 77 85
17.710000 77 85
17.780000 77 85
17.850000 0 0
17.920000 0 0
17.990000 0 0
18.060000 70 74
18.130000 70 74
18.200000 70 74
18.270000 70 74
18.340000 0 0
18.410000 0 0
18.480000 72 72
18.550000 72 72
18.620000 72 72
18.690000 72 72
18.760000 0 0
18.830000 0 0
18.900000 75 71
18.970000 75 71
19.040000 75 71
19.110000 75 71
19.180000 67 85
19.250000 0 0
19.320000 0 0
19.390000 77 77
19.460000 77 77
19.530000 77 77
19.600000 77 77
19.670000 0 0
19.740000 0 0
19.810000 69 67
19.880000 69 67
19.950000 69 67
20.020000 69 67
20.090000 0 0
20.160000 0 0
20.230000 0 0
20.300000 70 64
20.370000 70 64
20.440000 70 64
20.510000 70 64
20.580000 0 0
20.650000 0 0
20.720000 69 67
20.790000 69 67
20.860000 69 67
20.930000 69 67
21.000000 0 0
21.070000 0 0
21.140000 70 69
21.210000 70 69
21.280000 70 69
21.350000 70 69
21.420000 0 0
21.490000 0 0
21.560000 0 0
21.630000 67 75
21.700000 67 75
21.770000 67 75
21.840000 67 75
21.910000 0 0
21.980000 0 0
22.050000 63 64
22.120000 63 64
22.190000 63 64
22.260000 63 64
22.330000 0 0
22.400000 0 0
22.470000 0 0
22.540000 66 67
22.610000 66 67
22.680000 69 77
22.750000 69 77
22.820000 0 0
22.890000 0 0
22.960000 77 85
23.030000 77 85
23.100000 77 85
23.170000 77 85
23.240000 0 0
23.310000 0 0
23.380000 79 88
23.450000 79 88
23.520000 79 88
23.590000 79 88
23.660000 67 85
23.730000 0 0
23.800000 0 0
23.870000 80 81
23.940000 80 81
24.010000 80 81
24.080000 80 81
24.150000 0 0
24.220000 0 0
24.290000 68 74
24.360000 68 74
24.430000 68 74
24.500000 68 74
24.570000 0 0
24.640000 0 0
24.710000 0 0
24.780000 77 85
24.850000 77 85
24.920000 77 85
24.990000 77 85
25.060000 0 0
25.130000 0 0
25.200000 70 74
25.270000 70 74
25.340000 70 74
25.410000 70 74
25.480000 0 0
25.550000 0 0
25.620000 72 72
25.690000 72 72
25.760000 72 72
25.830000 72 72
25.900000 68 82
25.970000 0 0
26.040000 0 0
26.110000 79 84
26.180000 79 84
26.250000 79 84
26.320000 79 84
26.390000 0 0
26.460000 0 0
26.530000 77 77
26.600000 77 77
26.670000 77 77
26.740000 77 77
26.810000 0 0
26.880000 0 0
26.950000 0 0
27.020000 78 79
27.090000 78 79
27.160000 78 79
27.230000 78 79
27.300000 0 0
27.370000 0 0
27.440000 70 64
27.510000 70 64
27.580000 70 64
27.650000 70 64
27.720000 0 0
27.790000 0 0
27.860000 69 67
27.930000 69 67
28.000000 69 67
28.070000 69 67
28.140000 60 77
28.210000 0 0
28.280000 0 0
28.350000 67 64
28.420000 67 64
28.490000 67 64
28.560000 67 64
28.630000 0 0
28.700000 0 0
28.770000 67 75
28.840000 67 75
28.910000 67 75
28.980000 67 75
29.050000 0 0
29.120000 0 0
29.190000 0 0
29.260000 72 77
29.330000 72 77
29.400000 72 77
29.470000 72 77
29.540000 0 0
29.610000 0 0
29.680000 70 70
29.750000 70 70
29.820000 69 77
29.890000 69 77
29.960000 0 0
30.030000 0 0
30.100000 70 69
30.170000 70 69
30.240000 70 69
30.310000 70 69
30.380000 0 0
30.450000 0 0
30.520000 0 0
30.590000 63 67
30.660000 63 67
30.730000 63 67
30.800000 63 67
30.870000 0 0
30.940000 0 0
31.010000 72 77
31.080000 72 77
31.150000 72 77
31.220000 72 77
31.290000 0 0
31.360000 0 0
31.430000 0 0
31.500000 63 67
31.570000 63 67
31.640000 63 67
31.710000 63 67
31.780000 63 67
31.850000 0 0
31.920000 0 0
31.990000 60 62
32.060000 60 62
32.130000 60 62
32.200000 60 62
32.270000 60 62
32.340000 62 70
32.410000 62 70
32.480000 62 70
32.550000 62 70
32.620000 0 0
32.690000 0 0
32.760000 0 0
32.830000 0 0
32.900000 0 0
32.970000 63 62
33.040000 63 62
33.110000 63 62
33.180000 63 62
33.250000 63 62
33.320000 63 62
33.390000 63 62
33.460000 63 62
33.530000 0 0
33.600000 0 0
33.670000 0 0
33.740000 0 0
33.810000 63 68
33.880000 63 68
33.950000 63 68
34.020000 63 68
34.090000 63 68
34.160000 63 68
34.230000 63 68
34.300000 63 68
34.370000 0 0
34.440000 0 0
34.510000 0 0
34.580000 0 0
34.650000 0 0
34.720000 75 75
34.790000 75 75
34.860000 75 75
34.930000 75 75
35.000000 75 75
35.070000 75 75
35.140000 75 75
35.210000 75 75
35.280000 0 0
35.350000 0 0
35.420000 0 0
35.490000 79 91
35.560000 79 91
35.630000 79 91
35.700000 79 91
35.770000 79 91
35.840000 0 0
35.910000 0 0
35.980000 0 0
36.050000 0 0
36.120000 0 0
36.190000 0 0
36.260000 0 0
36.330000 0 0
36.400000 0 0
36.470000 0 0
36.540000 0 0
36.610000 67 85
36.680000 67 85
36.750000 67 85
36.820000 67 85
36.890000 67 85
36.960000 67 85
37.030000 67 85
37.100000 0 0
37.170000 54 82
37.240000 54 82
37.310000 54 82
37.380000 54 82
37.450000 54 82
37.520000 54 82
37.590000 54 82
37.660000 0 0
37.730000 58 80
37.800000 62 96
37.870000 62 96
37.940000 62 96
38.010000 62 96
38.080000 62 96
38.150000 62 96
38.220000 62 96
38.290000 62 96
38.360000 62 96
38.430000 62 96
38.500000 62 96
38.570000 62 96
38.640000 62 96
38.710000 62 96
38.780000 62 96
38.850000 62 96
38.920000 62 96
38.990000 62 96
39.060000 62 96
39.130000 62 96
39.200000 62 96
# Piano left
0.000000 0 0
0.070000 0 0
0.140000 0 0
0.210000 0 0
0.280000 0 0
0.350000 0 0
0.420000 0 0
0.490000 0 0
0.560000 34 62
0.630000 34 62
0.700000 34 62
0.770000 33 64
0.840000 33 64
0.910000 33 64
0.980000 33 64
1.050000 0 0
1.120000 0 0
1.190000 31 64
1.260000 31 64
1.330000 31 64
1.400000 31 64
1.470000 31 64
1.540000 31 64
1.610000 31 64
1.680000 31 64
1.750000 31 64
1.820000 31 64
1.890000 30 64
1.960000 30 64
2.030000 0 0
2.100000 33 61
2.170000 0 0
2.240000 33 64
2.310000 33 64
2.380000 33 64
2.450000 33 64
2.520000 33 64
2.590000 33 64
2.660000 33 64
2.730000 33 64
2.800000 0 0
2.870000 34 64
2.940000 34 64
3.010000 31 63
3.080000 31 63
3.150000 34 64
3.220000 34 64
3.290000 34 64
3.360000 34 64
3.430000 34 64
3.500000 34 64
3.570000 34 64
3.640000 34 64
3.710000 0 0
3.780000 33 64
3.850000 33 64
3.920000 36 62
3.990000 0 0
4.060000 36 68
4.130000 36 68
4.200000 36 68
4.270000 36 68
4.340000 36 68
4.410000 36 68
4.480000 36 68
4.550000 36 68
4.620000 38 69
4.690000 38 69
4.760000 34 67
4.830000 34 67
4.900000 49 73
4.970000 49 73
5.040000 49 73
5.110000 49 73
5.180000 49 73
5.250000 49 73
5.320000 49 73
5.390000 49 73
5.460000 0 0
5.530000 50 73
5.600000 50 73
5.670000 45 71
5.740000 45 71
5.810000 47 70
5.880000 47 70
5.950000 47 70
6.020000 47 70
6.090000 47 70
6.160000 47 70
6.230000 47 70
6.300000 47 70
6.370000 48 70
6.440000 48 70
6.510000 43 68
6.580000 43 68
6.650000 47 67
6.720000 47 67
6.790000 47 67
6.860000 47 67
6.930000 47 67
7.000000 47 67
7.070000 47 67
7.140000 47 67
7.210000 0 0
7.280000 48 67
7.350000 48 67
7.420000 43 65
7.490000 0 0
7.560000 43 74
7.630000 43 74
7.700000 42 65
7.770000 42 65
7.840000 43 65
7.910000 43 65
7.980000 0 0
8.050000 46 68
8.120000 46 68
8.190000 45 65
8.260000 45 65
8.330000 0 0
8.400000 0 0
8.470000 0 0
8.540000 43 64
8.610000 43 64
8.680000 43 64
8.750000 43 64
8.820000 43 64
8.890000 43 64
8.960000 43 64
9.030000 43 64
9.100000 0 0
9.170000 42 64
9.240000 42 64
9.310000 45 61
9.380000 0 0
9.450000 45 64
9.520000 45 64
9.590000 45 64
9.660000 45 64
9.730000 45 64
9.800000 45 64
9.870000 45 64
9.940000 45 64
10.010000 0 0
10.080000 46 64
10.150000 46 64
10.220000 43 63
10.290000 43 63
10.360000 46 67
10.430000 46 67
10.500000 46 67
10.570000 46 67
10.640000 46 67
10.710000 46 67
10.780000 46 67
10.850000 46 67
10.920000 45 67
10.990000 45 67
11.060000 48 64
11.130000 0 0
11.200000 48 70
11.270000 48 70
11.340000 48 70
11.410000 48 70
11.480000 48 70
11.550000 48 70
11.620000 48 70
11.690000 48 70
11.760000 0 0
11.830000 50 70
11.900000 50 70
11.970000 46 68
12.040000 46 68
12.110000 55 73
12.180000 55 73
12.250000 51 69
12.320000 51 69
12.390000 50 69
12.460000 0 0
12.530000 50 74
12.600000 50 74
12.670000 50 74
12.740000 50 74
12.810000 0 0
12.880000 49 69
12.950000 49 69
13.020000 53 73
13.090000 53 73
13.160000 49 69
13.230000 49 69
13.300000 48 69
13.370000 0 0
13.440000 48 74
13.510000 48 74
13.580000 48 74
13.650000 48 74
13.720000 47 69
13.790000 47 69
13.860000 51 73
13.930000 51 73
14.000000 48 69
14.070000 48 69
14.140000 46 70
14.210000 46 70
14.280000 0 0
14.350000 45 77
14.420000 45 77
14.490000 48 72
14.560000 48 72
14.630000 44 72
14.700000 44 72
14.770000 43 73
14.840000 0 0
14.910000 42 74
14.980000 0 0
15.050000 41 75
15.120000 0 0
15.190000 40 75
15.260000 0 0
15.330000 39 77
15.400000 0 0
15.470000 38 78
15.540000 0 0
15.610000 0 0
15.680000 37 85
15.750000 0 0
15.820000 49 78
15.890000 0 0
15.960000 49 78
16.030000 0 0
16.100000 49 81
16.170000 0 0
16.240000 49 78
16.310000 0 0
16.380000 49 73
16.450000 0 0
16.520000 48 81
16.590000 48 81
16.660000 0 0
16.730000 46 78
16.800000 46 78
16.870000 44 78
16.940000 44 78
17.010000 43 82
17.080000 43 82
17.150000 41 78
17.220000 41 78
17.290000 39 74
17.360000 39 74
17.430000 37 85
17.500000 0 0
17.570000 49 78
17.640000 0 0
17.710000 49 78
17.780000 0 0
17.850000 0 0
17.920000 49 81
17.990000 0 0
18.060000 49 78
18.130000 0 0
18.200000 49 73
18.270000 0 0
18.340000 48 81
18.410000 48 81
18.480000 46 78
18.550000 46 78
18.620000 44 78
18.690000 44 78
18.760000 43 82
18.830000 43 82
18.900000 41 78
18.970000 41 78
19.040000 0 0
19.110000 39 74
19.180000 39 74
19.250000 38 77
19.320000 38 77
19.390000 48 69
19.460000 0 0
19.530000 48 69
19.600000 0 0
19.670000 48 72
19.740000 0 0
19.810000 48 69
19.880000 0 0
19.950000 48 66
20.020000 0 0
20.090000 46 72
20.160000 46 72
20.230000 0 0
20.300000 45 69
20.370000 45 69
20.440000 43 69
20.510000 43 69
20.580000 39 73
20.650000 39 73
20.720000 38 69
20.790000 38 69
20.860000 36 67
20.930000 36 67
21.000000 34 86
21.070000 34 86
21.140000 34 86
21.210000 34 86
21.280000 0 0
21.350000 0 0
21.420000 39 86
21.490000 39 86
21.560000 39 86
21.630000 39 86
21.700000 0 0
21.770000 0 0
21.840000 0 0
21.910000 33 86
21.980000 33 86
22.050000 33 86
22.120000 33 86
22.190000 0 0
22.260000 0 0
22.330000 38 86
22.400000 38 86
22.470000 38 86
22.540000 38 86
22.610000 0 0
22.680000 0 0
22.750000 0 0
22.820000 37 85
22.890000 0 0
22.960000 49 78
23.030000 0 0
23.100000 49 78
23.170000 0 0
23.240000 49 81
23.310000 0 0
23.380000 49 78
23.450000 0 0
23.520000 0 0
23.590000 49 73
23.660000 0 0
23.730000 48 81
23.800000 48 81
23.870000 46 78
23.940000 46 78
24.010000 44 78
24.080000 44 78
24.150000 43 82
24.220000 43 82
24.290000 41 78
24.360000 41 78
24.430000 39 74
24.500000 39 74
24.570000 37 85
24.640000 0 0
24.710000 0 0
24.780000 49 78
24.850000 0 0
24.920000 49 78
24.990000 0 0
25.060000 49 81
25.130000 0 0
25.200000 49 78
25.270000 0 0
25.340000 49 73
25.410000 0 0
25.480000 48 81
25.550000 48 81
25.620000 46 78
25.690000 46 78
25.760000 0 0
25.830000 44 78
25.900000 44 78
25.970000 43 82
26.040000 43 82
26.110000 41 78
26.180000 41 78
26.250000 39 74
26.320000 39 74
26.390000 38 77
26.460000 38 77
26.530000 48 69
26.600000 0 0
26.670000 48 69
26.740000 0 0
26.810000 48 72
26.880000 0 0
26.950000 0 0
27.020000 48 69
27.090000 0 0
27.160000 48 66
27.230000 0 0
27.300000 46 72
27.370000 46 72
27.440000 45 69
27.510000 45 69
27.580000 43 69
27.650000 43 69
27.720000 39 73
27.790000 39 73
27.860000 38 69
27.930000 38 69
28.000000 0 0
28.070000 36 67
28.140000 36 67
28.210000 34 86
28.280000 34 86
28.350000 34 86
28.420000 34 86
28.490000 0 0
28.560000 0 0
28.630000 39 86
28.700000 39 86
28.770000 39 86
28.840000 39 86
28.910000 0 0
28.980000 0 0
29.050000 33 86
29.120000 33 86
29.190000 33 86
29.260000 33 86
29.330000 0 0
29.400000 0 0
29.470000 0 0
29.540000 38 86
29.610000 38 86
29.680000 38 86
29.750000 38 86
29.820000 0 0
29.890000 0 0
29.960000 34 86
30.030000 34 86
30.100000 34 86
30.170000 34 86
30.240000 0 0
30.310000 0 0
30.380000 0 0
30.450000 39 86
30.520000 39 86
30.590000 39 86
30.660000 39 86
30.730000 0 0
30.800000 0 0
30.870000 33 86
30.940000 33 86
31.010000 33 86
31.080000 33 86
31.150000 33 86
31.220000 33 86
31.290000 0 0
31.360000 46 81
31.430000 46 81
31.500000 33 70
31.570000 33 70
31.640000 0 0
31.710000 0 0
31.780000 0 0
31.850000 31 77
31.920000 31 77
31.990000 31 77
32.060000 31 77
32.130000 31 77
32.200000 31 77
32.270000 31 77
32.340000 31 77
32.410000 31 77
32.480000 30 70
32.550000 30 70
32.620000 33 67
32.690000 0 0
32.760000 33 70
32.830000 33 70
32.900000 33 70
32.970000 33 70
33.040000 33 70
33.110000 33 70
33.180000 33 70
33.250000 33 70
33.320000 0 0
33.390000 34 73
33.460000 34 73
33.530000 31 73
33.600000 31 73
33.670000 33 75
33.740000 33 75
33.810000 33 75
33.880000 33 75
33.950000 33 75
34.020000 33 75
34.090000 33 75
34.160000 33 75
34.230000 34 81
34.300000 34 81
34.370000 0 0
34.440000 31 81
34.510000 31 81
34.580000 33 84
34.650000 33 84
34.720000 33 84
34.790000 33 84
34.860000 33 84
34.930000 33 84
35.000000 33 84
35.070000 33 84
35.140000 34 90
35.210000 34 90
35.280000 0 0
35.350000 31 89
35.420000 31 89
35.490000 25 92
35.560000 25 92
35.630000 25 92
35.700000 25 92
35.770000 25 92
35.840000 0 0
35.910000 0 0
35.980000 0 0
36.050000 0 0
36.120000 0 0
36.190000 0 0
36.260000 0 0
36.330000 0 0
36.400000 0 0
36.470000 0 0
36.540000 0 0
36.610000 26 75
36.680000 26 75
36.750000 26 75
36.820000 26 75
36.890000 26 75
36.960000 26 75
37.030000 26 75
37.100000 0 0
37.170000 38 68
37.240000 38 68
37.310000 38 68
37.380000 38 68
37.450000 38 68
37.520000 38 68
37.590000 31 105
37.660000 43 68
37.730000 43 68
37.800000 43 68
37.870000 43 68
37.940000 43 68
38.010000 43 68
38.080000 43 68
38.150000 43 68
38.220000 43 68
38.290000 43 68
38.360000 43 68
38.430000 43 68
38.500000 43 68
38.570000 43 68
38.640000 43 68
38.710000 43 68
38.780000 43 68
38.850000 43 68
38.920000 43 68
38.990000 43 68
39.060000 43 68
39.130000 43 68
39.200000 50 75
