"chpn-p10"

# Piano right
0.000000 0 0
0.070000 0 0
0.140000 0 0
0.210000 0 0
0.280000 0 0
0.350000 0 0
0.420000 0 0
0.490000 0 0
0.560000 0 0
0.630000 0 0
0.700000 0 0
0.770000 0 0
0.840000 0 0
0.910000 0 0
0.980000 0 0
1.050000 0 0
1.120000 0 0
1.190000 0 0
1.260000 0 0
1.330000 88 44
1.400000 87 39
1.470000 0 0
1.540000 0 0
1.610000 0 0
1.680000 81 45
1.750000 0 0
1.820000 80 40
1.890000 0 0
1.960000 0 0
2.030000 0 0
2.100000 76 41
2.170000 75 37
2.240000 0 0
2.310000 0 0
2.380000 0 0
2.450000 69 40
2.520000 68 38
2.590000 0 0
2.660000 0 0
2.730000 0 0
2.800000 64 40
2.870000 63 36
2.940000 0 0
3.010000 0 0
3.080000 0 0
3.150000 59 40
3.220000 0 0
3.290000 57 35
3.360000 0 0
3.430000 0 0
3.500000 0 0
3.570000 0 0
3.640000 0 0
3.710000 0 0
3.780000 0 0
3.850000 0 0
3.920000 0 0
3.990000 0 0
4.060000 0 0
4.130000 0 0
4.200000 0 0
4.270000 0 0
4.340000 0 0
4.410000 0 0
4.480000 0 0
4.550000 0 0
4.620000 0 0
4.690000 0 0
4.760000 0 0
4.830000 0 0
4.900000 0 0
4.970000 0 0
5.040000 0 0
5.110000 0 0
5.180000 0 0
5.250000 0 0
5.320000 0 0
5.390000 0 0
5.460000 0 0
5.530000 0 0
5.600000 0 0
5.670000 64 45
5.740000 64 45
5.810000 64 45
5.880000 64 45
5.950000 64 45
6.020000 64 45
6.090000 64 45
6.160000 0 0
6.230000 0 0
6.300000 0 0
6.370000 88 43
6.440000 87 39
6.510000 0 0
6.580000 0 0
6.650000 0 0
6.720000 81 43
6.790000 80 39
6.860000 0 0
6.930000 0 0
7.000000 0 0
7.070000 76 42
7.140000 75 38
7.210000 0 0
7.280000 0 0
7.350000 0 0
7.420000 69 40
7.490000 0 0
7.560000 68 38
7.630000 0 0
7.700000 0 0
7.770000 64 40
7.840000 0 0
7.910000 63 37
7.980000 0 0
8.050000 0 0
8.120000 0 0
8.190000 59 40
8.260000 58 38
8.330000 0 0
8.400000 0 0
8.470000 0 0
8.540000 0 0
8.610000 0 0
8.680000 0 0
8.750000 63 55
8.820000 63 55
8.890000 63 55
8.960000 63 55
9.030000 63 55
9.100000 63 55
9.170000 63 55
9.240000 63 55
9.310000 63 55
9.380000 63 55
9.450000 63 55
9.520000 0 0
9.590000 0 0
9.660000 0 0
9.730000 0 0
9.800000 0 0
9.870000 0 0
9.940000 0 0
10.010000 0 0
10.080000 0 0
10.150000 0 0
10.220000 0 0
10.290000 0 0
10.360000 0 0
10.430000 0 0
10.500000 0 0
10.570000 0 0
10.640000 68 46
10.710000 68 46
10.780000 68 46
10.850000 68 46
10.920000 68 46
10.990000 68 46
11.060000 68 46
11.130000 0 0
11.200000 0 0
11.270000 0 0
11.340000 86 38
11.410000 0 0
11.480000 85 36
11.550000 0 0
11.620000 0 0
11.690000 81 39
11.760000 0 0
11.830000 80 36
11.900000 0 0
11.970000 0 0
12.040000 0 0
12.110000 74 39
12.180000 73 35
12.250000 0 0
12.320000 0 0
12.390000 0 0
12.460000 69 37
12.530000 68 36
12.600000 0 0
12.670000 0 0
12.740000 0 0
12.810000 62 35
12.880000 61 30
12.950000 0 0
13.020000 0 0
13.090000 0 0
13.160000 57 37
13.230000 56 32
13.300000 0 0
13.370000 0 0
13.440000 0 0
13.510000 0 0
13.580000 0 0
13.650000 0 0
13.720000 61 45
13.790000 61 45
13.860000 61 45
13.930000 61 45
14.000000 61 45
14.070000 63 56
14.140000 63 56
14.210000 63 56
14.280000 63 56
14.350000 63 56
14.420000 0 0
14.490000 0 0
14.560000 0 0
14.630000 0 0
14.700000 0 0
14.770000 0 0
14.840000 0 0
14.910000 63 37
14.980000 63 37
15.050000 63 37
15.120000 63 37
15.190000 63 37
15.260000 63 37
15.330000 63 37
15.400000 63 37
15.470000 63 37
15.540000 63 37
15.610000 63 37
15.680000 64 35
15.750000 64 35
15.820000 64 35
15.890000 64 35
15.960000 64 35
16.030000 64 35
16.100000 64 35
16.170000 0 0
16.240000 0 0
16.310000 0 0
16.380000 0 0
16.450000 88 45
16.520000 87 39
16.590000 0 0
16.660000 0 0
16.730000 0 0
16.800000 81 44
16.870000 80 39
16.940000 0 0
17.010000 0 0
17.080000 0 0
17.150000 76 42
17.220000 75 37
17.290000 0 0
17.360000 0 0
17.430000 0 0
17.500000 69 40
17.570000 0 0
17.640000 68 35
17.710000 0 0
17.780000 0 0
17.850000 0 0
17.920000 64 40
17.990000 63 35
18.060000 0 0
18.130000 0 0
18.200000 0 0
18.270000 59 38
18.340000 57 33
18.410000 0 0
18.480000 0 0
18.550000 0 0
18.620000 0 0
18.690000 0 0
18.760000 0 0
18.830000 0 0
18.900000 0 0
18.970000 0 0
19.040000 0 0
19.110000 0 0
19.180000 0 0
19.250000 0 0
19.320000 0 0
19.390000 0 0
19.460000 0 0
19.530000 0 0
19.600000 0 0
19.670000 0 0
19.740000 0 0
19.810000 0 0
19.880000 64 57
19.950000 0 0
20.020000 0 0
20.090000 0 0
20.160000 0 0
20.230000 0 0
20.300000 0 0
20.370000 0 0
20.440000 69 49
20.510000 69 49
20.580000 69 49
20.650000 69 49
20.720000 69 49
20.790000 69 49
20.860000 69 49
20.930000 69 49
21.000000 69 49
21.070000 69 49
21.140000 69 49
21.210000 69 49
21.280000 69 49
21.350000 0 0
21.420000 0 0
21.490000 0 0
21.560000 0 0
21.630000 0 0
21.700000 0 0
21.770000 0 0
21.840000 0 0
21.910000 0 0
21.980000 0 0
22.050000 0 0
22.120000 0 0
22.190000 0 0
22.260000 0 0
22.330000 0 0
22.400000 0 0
22.470000 0 0
22.540000 0 0
22.610000 0 0
22.680000 64 35
22.750000 0 0
22.820000 61 38
22.890000 61 38
22.960000 61 38
23.030000 61 38
23.100000 61 38
23.170000 61 38
23.240000 61 38
# Piano left
0.000000 0 0
0.070000 0 0
0.140000 0 0
0.210000 0 0
0.280000 0 0
0.350000 0 0
0.420000 0 0
0.490000 0 0
0.560000 0 0
0.630000 0 0
0.700000 0 0
0.770000 0 0
0.840000 0 0
0.910000 0 0
0.980000 0 0
1.050000 49 34
1.120000 49 34
1.190000 49 34
1.260000 49 34
1.330000 49 34
1.400000 49 34
1.470000 0 0
1.540000 0 0
1.610000 0 0
1.680000 0 0
1.750000 0 0
1.820000 42 31
1.890000 42 31
1.960000 42 31
2.030000 0 0
2.100000 0 0
2.170000 49 33
2.240000 49 33
2.310000 49 33
2.380000 56 36
2.450000 0 0
2.520000 42 32
2.590000 42 32
2.660000 42 32
2.730000 49 36
2.800000 0 0
2.870000 37 32
2.940000 37 32
3.010000 37 32
3.080000 44 36
3.150000 0 0
3.220000 0 0
3.290000 0 0
3.360000 56 45
3.430000 56 45
3.500000 56 45
3.570000 56 45
3.640000 56 45
3.710000 56 45
3.780000 56 45
3.850000 56 45
3.920000 56 45
3.990000 56 45
4.060000 56 45
4.130000 56 45
4.200000 56 45
4.270000 56 45
4.340000 56 45
4.410000 56 45
4.480000 56 45
4.550000 56 45
4.620000 56 45
4.690000 56 45
4.760000 56 45
4.830000 56 45
4.900000 44 42
4.970000 44 42
5.040000 44 42
5.110000 44 42
5.180000 44 42
5.250000 44 42
5.320000 44 42
5.390000 44 42
5.460000 44 42
5.530000 44 42
5.600000 44 42
5.670000 44 42
5.740000 44 42
5.810000 44 42
5.880000 44 42
5.950000 44 42
6.020000 49 30
6.090000 49 30
6.160000 49 30
6.230000 49 30
6.300000 49 30
6.370000 49 30
6.440000 49 30
6.510000 0 0
6.580000 0 0
6.650000 0 0
6.720000 0 0
6.790000 42 33
6.860000 42 33
6.930000 42 33
7.000000 49 37
7.070000 0 0
7.140000 49 34
7.210000 49 34
7.280000 49 34
7.350000 56 37
7.420000 0 0
7.490000 0 0
7.560000 42 30
7.630000 42 30
7.700000 42 30
7.770000 0 0
7.840000 0 0
7.910000 37 33
7.980000 37 33
8.050000 37 33
8.120000 0 0
8.190000 0 0
8.260000 0 0
8.330000 56 47
8.400000 56 47
8.470000 56 47
8.540000 56 47
8.610000 56 47
8.680000 56 47
8.750000 51 45
8.820000 51 45
8.890000 51 45
8.960000 51 45
9.030000 51 45
9.100000 55 40
9.170000 55 40
9.240000 55 40
9.310000 55 40
9.380000 55 40
9.450000 51 45
9.520000 59 66
9.590000 59 66
9.660000 59 66
9.730000 0 0
9.800000 51 48
9.870000 0 0
9.940000 63 63
10.010000 63 63
10.080000 63 63
10.150000 63 63
10.220000 63 63
10.290000 63 63
10.360000 63 63
10.430000 63 63
10.500000 63 63
10.570000 63 63
10.640000 56 45
10.710000 56 45
10.780000 56 45
10.850000 56 45
10.920000 56 45
10.990000 0 0
11.060000 42 25
11.130000 42 25
11.200000 42 25
11.270000 42 25
11.340000 42 25
11.410000 42 25
11.480000 47 27
11.550000 47 27
11.620000 47 27
11.690000 0 0
11.760000 0 0
11.830000 42 24
11.900000 42 24
11.970000 42 24
12.040000 0 0
12.110000 0 0
12.180000 47 27
12.250000 47 27
12.320000 47 27
12.390000 0 0
12.460000 0 0
12.530000 42 26
12.600000 42 26
12.670000 42 26
12.740000 49 30
12.810000 0 0
12.880000 0 0
12.950000 0 0
13.020000 0 0
13.090000 0 0
13.160000 0 0
13.230000 0 0
13.300000 0 0
13.370000 54 44
13.440000 54 44
13.510000 54 44
13.580000 54 44
13.650000 54 44
13.720000 54 44
13.790000 54 44
13.860000 54 44
13.930000 54 44
14.000000 54 44
14.070000 54 44
14.140000 54 44
14.210000 54 44
14.280000 54 44
14.350000 54 44
14.420000 54 44
14.490000 60 38
14.560000 60 38
14.630000 60 38
14.700000 60 38
14.770000 0 0
14.840000 52 32
14.910000 44 30
14.980000 44 30
15.050000 44 30
15.120000 44 30
15.190000 44 30
15.260000 44 30
15.330000 44 30
15.400000 44 30
15.470000 44 30
15.540000 44 30
15.610000 44 30
15.680000 44 30
15.750000 44 30
15.820000 44 30
15.890000 44 30
15.960000 44 30
16.030000 44 30
16.100000 49 30
16.170000 49 30
16.240000 49 30
16.310000 49 30
16.380000 49 30
16.450000 49 30
16.520000 49 30
16.590000 0 0
16.660000 0 0
16.730000 0 0
16.800000 0 0
16.870000 42 32
16.940000 42 32
17.010000 42 32
17.080000 49 37
17.150000 0 0
17.220000 49 31
17.290000 49 31
17.360000 49 31
17.430000 56 36
17.500000 0 0
17.570000 0 0
17.640000 42 32
17.710000 42 32
17.780000 42 32
17.850000 0 0
17.920000 0 0
17.990000 37 30
18.060000 37 30
18.130000 37 30
18.200000 44 36
18.270000 0 0
18.340000 0 0
18.410000 0 0
18.480000 56 49
18.550000 56 49
18.620000 56 49
18.690000 56 49
18.760000 56 49
18.830000 56 49
18.900000 56 49
18.970000 56 49
19.040000 56 49
19.110000 56 49
19.180000 61 55
19.250000 61 55
19.320000 61 55
19.390000 61 55
19.460000 61 55
19.530000 56 49
19.600000 60 45
19.670000 60 45
19.740000 60 45
19.810000 0 0
19.880000 44 43
19.950000 52 42
20.020000 52 42
20.090000 52 42
20.160000 52 42
20.230000 52 42
20.300000 52 42
20.370000 0 0
20.440000 57 50
20.510000 57 50
20.580000 57 50
20.650000 57 50
20.720000 57 50
20.790000 57 50
20.860000 57 50
20.930000 57 50
21.000000 57 50
21.070000 57 50
21.140000 57 50
21.210000 57 50
21.280000 57 50
21.350000 44 30
21.420000 44 30
21.490000 44 30
21.560000 44 30
21.630000 44 30
21.700000 44 30
21.770000 52 30
21.840000 52 30
21.910000 52 30
21.980000 52 30
22.050000 52 30
22.120000 52 30
22.190000 0 0
22.260000 63 37
22.330000 63 37
22.400000 63 37
22.470000 63 37
22.540000 0 0
22.610000 0 0
22.680000 44 24
22.750000 0 0
22.820000 37 31
22.890000 37 31
22.960000 37 31
23.030000 37 31
23.100000 37 31
23.170000 37 31
23.240000 37 31
