"chpn-p16"

# Piano right
0.000000 0 0
0.070000 63 81
0.140000 63 81
0.210000 78 96
0.280000 78 96
0.350000 78 96
0.420000 78 96
0.490000 78 96
0.560000 78 96
0.630000 78 96
0.700000 77 80
0.770000 77 80
0.840000 77 80
0.910000 77 80
0.980000 77 80
1.050000 77 80
1.120000 76 80
1.190000 76 80
1.260000 76 80
1.330000 76 80
1.400000 76 80
1.470000 0 0
1.540000 75 81
1.610000 75 81
1.680000 75 81
1.750000 75 81
1.820000 73 83
1.890000 73 83
1.960000 73 83
2.030000 73 83
2.100000 73 83
2.170000 72 78
2.240000 72 78
2.310000 72 78
2.380000 72 78
2.450000 72 78
2.520000 72 78
2.590000 72 78
2.660000 72 78
2.730000 72 78
2.800000 72 78
2.870000 72 78
2.940000 72 78
3.010000 72 78
3.080000 72 78
3.150000 72 78
3.220000 72 78
3.290000 72 78
3.360000 72 78
3.430000 72 78
3.500000 72 78
3.570000 72 78
3.640000 72 78
3.710000 72 78
3.780000 72 78
3.850000 72 78
3.920000 72 78
3.990000 0 0
4.060000 0 0
4.130000 0 0
4.200000 77 39
4.270000 75 40
4.340000 72 41
4.410000 73 42
4.480000 65 43
4.550000 0 0
4.620000 69 45
4.690000 70 45
4.760000 72 46
4.830000 73 48
4.900000 75 49
4.970000 77 51
5.040000 79 51
5.110000 0 0
5.180000 81 52
5.250000 82 53
5.320000 84 54
5.390000 85 56
5.460000 87 56
5.530000 89 57
5.600000 91 58
5.670000 93 59
5.740000 0 0
5.810000 94 61
5.880000 96 62
5.950000 97 64
6.020000 99 65
6.090000 100 67
6.160000 101 65
6.230000 99 65
6.300000 97 63
6.370000 96 62
6.440000 0 0
6.510000 94 61
6.580000 93 60
6.650000 94 59
6.720000 92 58
6.790000 90 57
6.860000 89 56
6.930000 88 56
7.000000 89 55
7.070000 87 54
7.140000 0 0
7.210000 85 53
7.280000 84 52
7.350000 82 51
7.420000 81 50
7.490000 82 49
7.560000 80 49
7.630000 78 48
7.700000 77 48
7.770000 0 0
7.840000 75 46
7.910000 73 45
7.980000 72 45
8.050000 73 45
8.120000 75 45
8.190000 77 46
8.260000 78 47
8.330000 0 0
8.400000 80 47
8.470000 82 48
8.540000 84 49
8.610000 82 48
8.680000 80 48
8.750000 78 49
8.820000 77 49
8.890000 0 0
8.960000 75 50
9.030000 73 51
9.100000 72 51
9.170000 75 51
9.240000 78 51
9.310000 74 48
9.380000 77 51
9.450000 0 0
9.520000 75 45
9.590000 72 45
9.660000 66 43
9.730000 71 44
9.800000 72 45
9.870000 73 45
9.940000 72 46
10.010000 0 0
10.080000 74 48
10.150000 75 48
10.220000 77 48
10.290000 75 50
10.360000 76 51
10.430000 77 51
10.500000 80 52
10.570000 78 53
10.640000 0 0
10.710000 81 55
10.780000 82 56
10.850000 85 56
10.920000 84 58
10.990000 85 59
11.060000 86 60
11.130000 89 61
11.200000 87 62
11.270000 0 0
11.340000 88 62
11.410000 89 63
11.480000 93 64
11.550000 94 65
11.620000 92 67
11.690000 91 68
11.760000 0 0
11.830000 90 67
11.900000 101 66
11.970000 99 66
12.040000 87 65
12.110000 97 63
12.180000 96 62
12.250000 84 62
12.320000 94 61
12.390000 0 0
12.460000 93 60
12.530000 81 59
12.600000 92 57
12.670000 90 57
12.740000 78 56
12.810000 89 56
12.880000 87 55
12.950000 78 54
13.020000 0 0
13.090000 77 54
13.160000 87 52
13.230000 85 51
13.300000 77 51
13.370000 85 50
13.440000 84 50
13.510000 75 49
13.580000 84 47
13.650000 73 46
13.720000 0 0
13.790000 82 46
13.860000 80 45
13.930000 72 45
14.000000 80 44
14.070000 78 42
14.140000 70 42
14.210000 78 42
14.280000 0 0
14.350000 69 40
14.420000 70 42
14.490000 72 42
14.560000 73 44
14.630000 75 45
14.700000 76 46
14.770000 77 47
14.840000 78 48
14.910000 0 0
14.980000 76 51
15.050000 77 49
15.120000 74 47
15.190000 75 46
15.260000 72 45
15.330000 73 44
15.400000 72 43
15.470000 70 41
15.540000 0 0
15.610000 69 39
15.680000 70 41
15.750000 72 42
15.820000 73 44
15.890000 75 45
15.960000 76 47
16.030000 77 49
16.100000 78 50
16.170000 0 0
16.240000 76 51
16.310000 77 50
16.380000 74 48
16.450000 75 48
16.520000 72 46
16.590000 73 45
16.660000 72 45
16.730000 70 43
16.800000 0 0
16.870000 71 41
16.940000 72 42
17.010000 74 44
17.080000 75 45
17.150000 76 48
17.220000 77 50
17.290000 79 51
17.360000 80 53
17.430000 78 54
17.500000 79 52
17.570000 0 0
17.640000 76 51
17.710000 77 48
17.780000 74 48
17.850000 75 48
17.920000 74 46
17.990000 72 45
18.060000 71 43
18.130000 72 44
18.200000 74 45
18.270000 0 0
18.340000 75 47
18.410000 76 49
18.480000 77 51
18.550000 79 53
18.620000 80 54
18.690000 78 57
18.760000 79 56
18.830000 76 54
18.900000 77 51
18.970000 74 51
19.040000 75 51
19.110000 0 0
19.180000 74 49
19.250000 72 48
19.320000 73 46
19.390000 75 45
19.460000 77 47
19.530000 78 49
19.600000 80 50
19.670000 82 51
19.740000 83 53
19.810000 84 55
19.880000 85 56
19.950000 0 0
20.020000 86 57
20.090000 89 58
20.160000 87 56
20.230000 84 56
20.300000 81 54
20.370000 78 53
20.440000 75 51
20.510000 73 48
20.580000 75 51
20.650000 77 51
20.720000 0 0
20.790000 78 53
20.860000 80 55
20.930000 82 56
21.000000 83 58
21.070000 84 58
21.140000 85 60
21.210000 84 62
21.280000 87 63
21.350000 85 60
21.420000 82 58
21.490000 0 0
21.560000 79 56
21.630000 76 55
21.700000 73 52
21.770000 72 56
21.840000 73 56
21.910000 74 57
21.980000 75 59
22.050000 76 60
22.120000 0 0
22.190000 77 61
22.260000 78 61
22.330000 79 62
22.400000 80 62
22.470000 81 62
22.540000 84 61
22.610000 82 61
22.680000 78 59
22.750000 77 58
22.820000 75 57
22.890000 0 0
22.960000 73 56
23.030000 72 66
23.100000 70 65
23.170000 69 65
23.240000 72 65
23.310000 66 64
23.380000 65 65
23.450000 0 0
23.520000 64 67
23.590000 65 69
23.660000 66 70
23.730000 65 68
23.800000 70 72
23.870000 69 71
23.940000 0 0
24.010000 73 74
24.080000 72 71
24.150000 80 74
24.220000 0 0
24.290000 78 75
24.360000 77 77
24.430000 72 77
24.500000 75 78
24.570000 73 79
24.640000 0 0
24.710000 65 79
24.780000 69 80
24.850000 70 81
24.920000 72 81
24.990000 73 82
25.060000 75 83
25.130000 0 0
25.200000 77 84
25.270000 79 84
25.340000 81 85
25.410000 82 86
25.480000 84 86
25.550000 85 87
25.620000 87 88
25.690000 89 89
25.760000 0 0
25.830000 91 89
25.900000 93 90
25.970000 94 91
26.040000 96 91
26.110000 97 92
26.180000 99 93
26.250000 100 94
26.320000 101 92
26.390000 99 92
26.460000 0 0
26.530000 97 91
26.600000 96 90
26.670000 94 88
26.740000 93 87
26.810000 94 86
26.880000 92 86
26.950000 90 85
27.020000 89 83
27.090000 88 82
27.160000 0 0
27.230000 89 79
27.300000 87 77
27.370000 85 76
27.440000 84 74
27.510000 82 72
27.580000 81 69
27.650000 82 68
27.720000 80 67
27.790000 0 0
27.860000 78 66
27.930000 77 65
28.000000 75 63
28.070000 73 61
28.140000 72 61
28.210000 73 61
28.280000 0 0
28.350000 75 62
28.420000 77 64
28.490000 78 66
28.560000 80 66
28.630000 82 68
28.700000 84 70
28.770000 82 70
28.840000 80 71
28.910000 0 0
28.980000 78 73
29.050000 77 75
29.120000 75 75
29.190000 73 73
29.260000 72 72
29.330000 75 73
29.400000 78 77
29.470000 0 0
29.540000 74 68
29.610000 76 74
29.680000 75 66
29.750000 72 72
29.820000 66 68
29.890000 71 69
29.960000 72 70
30.030000 0 0
30.100000 73 72
30.170000 72 73
30.240000 74 74
30.310000 75 74
30.380000 76 75
30.450000 75 76
30.520000 76 78
30.590000 0 0
30.660000 77 79
30.730000 80 80
30.800000 78 81
30.870000 83 82
30.940000 84 84
31.010000 85 85
31.080000 84 86
31.150000 86 87
31.220000 0 0
31.290000 87 88
31.360000 88 90
31.430000 87 91
31.500000 88 92
31.570000 89 92
31.640000 92 93
31.710000 94 94
31.780000 92 96
31.850000 0 0
31.920000 91 97
31.990000 90 95
32.060000 101 95
32.130000 99 93
32.200000 90 91
32.270000 99 89
32.340000 97 87
32.410000 0 0
32.480000 89 85
32.550000 97 83
32.620000 96 81
32.690000 87 80
32.760000 96 78
32.830000 94 76
32.900000 85 74
32.970000 94 73
33.040000 0 0
33.110000 92 71
33.180000 84 69
33.250000 92 68
33.320000 90 67
33.390000 82 65
33.460000 90 64
33.530000 89 62
33.600000 80 61
33.670000 0 0
33.740000 89 60
33.810000 87 59
33.880000 78 57
33.950000 87 56
34.020000 85 55
34.090000 77 54
34.160000 82 53
34.230000 80 51
34.300000 0 0
34.370000 77 51
34.440000 73 50
34.510000 72 48
34.580000 73 49
34.650000 75 50
34.720000 76 51
34.790000 77 52
34.860000 0 0
34.930000 78 53
35.000000 80 53
35.070000 81 55
35.140000 79 54
35.210000 80 53
35.280000 75 53
35.350000 76 51
35.420000 68 51
35.490000 76 50
35.560000 0 0
35.630000 75 48
35.700000 73 47
35.770000 72 45
35.840000 73 47
35.910000 75 48
35.980000 76 50
36.050000 77 51
36.120000 78 52
36.190000 80 53
36.260000 0 0
36.330000 81 53
36.400000 79 55
36.470000 80 53
36.540000 75 53
36.610000 76 52
36.680000 68 51
36.750000 76 51
36.820000 73 50
36.890000 71 48
36.960000 0 0
37.030000 70 47
37.100000 71 48
37.170000 73 50
37.240000 74 51
37.310000 75 51
37.380000 76 53
37.450000 78 53
37.520000 79 54
37.590000 77 55
37.660000 0 0
37.730000 78 54
37.800000 75 53
37.870000 76 53
37.940000 73 52
38.010000 74 51
38.080000 71 50
38.150000 69 49
38.220000 68 48
38.290000 0 0
38.360000 69 49
38.430000 71 50
38.500000 72 51
38.570000 73 52
38.640000 74 53
38.710000 76 53
38.780000 77 55
38.850000 75 56
38.920000 0 0
38.990000 76 53
39.060000 73 54
39.130000 74 52
39.200000 71 53
39.270000 72 51
39.340000 71 51
39.410000 69 50
39.480000 68 59
39.550000 0 0
39.620000 69 57
39.690000 73 63
39.760000 72 58
39.830000 70 61
39.900000 69 59
39.970000 0 0
40.040000 78 63
40.110000 77 61
40.180000 75 61
40.250000 73 63
40.320000 84 68
40.390000 82 66
40.460000 0 0
40.530000 80 65
40.600000 78 64
40.670000 77 63
40.740000 75 63
40.810000 73 63
40.880000 72 57
40.950000 0 0
41.020000 82 61
41.090000 80 60
41.160000 78 59
41.230000 77 58
41.300000 75 57
41.370000 73 61
41.440000 0 0
41.510000 72 61
41.580000 70 58
41.650000 80 62
41.720000 78 61
41.790000 77 60
41.860000 75 59
41.930000 73 58
42.000000 0 0
42.070000 72 57
42.140000 70 64
42.210000 69 62
42.280000 68 59
42.350000 67 57
42.420000 68 64
42.490000 67 61
42.560000 66 58
42.630000 0 0
42.700000 65 56
42.770000 67 63
42.840000 66 60
42.910000 65 58
42.980000 64 55
43.050000 66 63
43.120000 65 60
43.190000 0 0
43.260000 64 57
43.330000 63 55
43.400000 65 64
43.470000 64 62
43.540000 63 58
43.610000 62 56
43.680000 64 62
43.750000 0 0
43.820000 63 59
43.890000 62 56
43.960000 61 53
44.030000 63 59
44.100000 62 57
44.170000 61 54
44.240000 60 51
44.310000 0 0
44.380000 63 58
44.450000 61 55
44.520000 60 52
44.590000 58 50
44.660000 57 40
44.730000 58 42
44.800000 0 0
44.870000 60 42
44.940000 61 44
45.010000 63 45
45.080000 64 46
45.150000 65 47
45.220000 66 48
45.290000 64 51
45.360000 65 49
45.430000 0 0
45.500000 62 47
45.570000 63 46
45.640000 60 45
45.710000 61 44
45.780000 60 43
45.850000 58 41
45.920000 57 39
45.990000 58 41
46.060000 0 0
46.130000 60 42
46.200000 61 44
46.270000 63 45
46.340000 64 47
46.410000 65 49
46.480000 66 51
46.550000 64 51
46.620000 65 50
46.690000 62 48
46.760000 0 0
46.830000 63 48
46.900000 60 46
46.970000 61 45
47.040000 60 45
47.110000 58 43
47.180000 60 39
47.250000 61 41
47.320000 63 42
47.390000 0 0
47.460000 65 44
47.530000 66 45
47.600000 72 47
47.670000 70 45
47.740000 60 47
47.810000 58 39
47.880000 60 41
47.950000 61 43
48.020000 0 0
48.090000 63 45
48.160000 65 47
48.230000 72 49
48.300000 70 47
48.370000 66 48
48.440000 64 39
48.510000 65 41
48.580000 66 42
48.650000 65 44
48.720000 0 0
48.790000 70 47
48.860000 69 45
48.930000 78 54
49.000000 77 52
49.070000 75 56
49.140000 73 53
49.210000 70 51
49.280000 65 47
49.350000 63 47
49.420000 0 0
49.490000 61 45
49.560000 58 44
49.630000 53 42
49.700000 57 40
49.770000 58 42
49.840000 60 42
49.910000 61 44
49.980000 63 45
50.050000 0 0
50.120000 64 46
50.190000 65 47
50.260000 66 48
50.330000 64 51
50.400000 65 49
50.470000 62 47
50.540000 63 46
50.610000 60 45
50.680000 61 44
50.750000 0 0
50.820000 60 43
50.890000 58 41
50.960000 57 47
51.030000 58 49
51.100000 60 50
51.170000 61 52
51.240000 63 54
51.310000 64 56
51.380000 0 0
51.450000 65 58
51.520000 66 60
51.590000 64 60
51.660000 65 59
51.730000 62 57
51.800000 63 57
51.870000 60 55
51.940000 61 53
52.010000 60 53
52.080000 0 0
52.150000 58 51
52.220000 59 52
52.290000 61 53
52.360000 63 55
52.430000 64 56
52.500000 66 58
52.570000 68 60
52.640000 70 62
52.710000 0 0
52.780000 71 63
52.850000 73 66
52.920000 75 68
52.990000 76 70
53.060000 78 72
53.130000 80 73
53.200000 82 76
53.270000 0 0
53.340000 83 77
53.410000 85 80
53.480000 88 81
53.550000 87 78
53.620000 83 78
53.690000 80 77
53.760000 78 74
53.830000 0 0
53.900000 75 72
53.970000 71 72
54.040000 68 70
54.110000 66 68
54.180000 63 64
54.250000 59 61
54.320000 56 61
54.390000 0 0
54.460000 54 59
54.530000 51 59
54.600000 47 57
54.670000 44 56
54.740000 40 62
54.810000 41 63
54.880000 46 64
54.950000 0 0
55.020000 45 64
55.090000 42 65
55.160000 41 65
55.230000 49 65
55.300000 48 65
55.370000 46 67
55.440000 45 67
55.510000 54 69
55.580000 0 0
55.650000 53 70
55.720000 49 70
55.790000 48 70
55.860000 58 71
55.930000 57 71
56.000000 54 71
56.070000 53 72
56.140000 61 72
56.210000 0 0
56.280000 60 72
56.350000 58 73
56.420000 57 73
56.490000 66 73
56.560000 65 74
56.630000 61 74
56.700000 60 75
56.770000 70 75
56.840000 0 0
56.910000 69 75
56.980000 66 76
57.050000 65 76
57.120000 73 76
57.190000 72 77
57.260000 70 77
57.330000 69 77
57.400000 78 78
57.470000 77 78
57.540000 73 79
57.610000 0 0
57.680000 72 79
57.750000 82 79
57.820000 81 80
57.890000 78 80
57.960000 77 80
58.030000 85 81
58.100000 84 81
58.170000 82 81
58.240000 81 82
58.310000 90 82
58.380000 89 82
58.450000 0 0
58.520000 85 83
58.590000 84 83
58.660000 94 84
58.730000 93 84
58.800000 90 84
58.870000 89 85
58.940000 97 85
59.010000 96 85
59.080000 101 93
59.150000 0 0
59.220000 0 0
59.290000 0 0
59.360000 0 0
59.430000 63 85
59.500000 0 0
59.570000 0 0
59.640000 0 0
59.710000 0 0
59.780000 82 113
59.850000 82 113
59.920000 82 113
59.990000 82 113
60.060000 0 0
# Piano left
0.000000 0 0
0.070000 0 0
0.140000 0 0
0.210000 29 70
0.280000 29 70
0.350000 29 70
0.420000 29 70
0.490000 29 70
0.560000 29 70
0.630000 29 70
0.700000 48 47
0.770000 48 47
0.840000 48 47
0.910000 48 47
0.980000 48 47
1.050000 48 47
1.120000 48 46
1.190000 48 46
1.260000 48 46
1.330000 48 46
1.400000 48 46
1.470000 0 0
1.540000 48 47
1.610000 48 47
1.680000 48 47
1.750000 48 47
1.820000 48 48
1.890000 48 48
1.960000 48 48
2.030000 48 48
2.100000 0 0
2.170000 48 46
2.240000 48 46
2.310000 48 46
2.380000 48 46
2.450000 48 46
2.520000 48 46
2.590000 48 46
2.660000 48 46
2.730000 48 46
2.800000 48 46
2.870000 48 46
2.940000 48 46
3.010000 48 46
3.080000 48 46
3.150000 48 46
3.220000 48 46
3.290000 48 46
3.360000 48 46
3.430000 48 46
3.500000 48 46
3.570000 48 46
3.640000 48 46
3.710000 48 46
3.780000 48 46
3.850000 48 46
3.920000 48 46
3.990000 0 0
4.060000 0 0
4.130000 0 0
4.200000 46 53
4.270000 46 53
4.340000 61 29
4.410000 0 0
4.480000 0 0
4.550000 0 0
4.620000 0 0
4.690000 41 40
4.760000 41 40
4.830000 46 57
4.900000 46 57
4.970000 61 34
5.040000 0 0
5.110000 0 0
5.180000 0 0
5.250000 0 0
5.320000 41 47
5.390000 41 47
5.460000 46 65
5.530000 46 65
5.600000 61 35
5.670000 0 0
5.740000 0 0
5.810000 0 0
5.880000 0 0
5.950000 41 50
6.020000 41 50
6.090000 46 68
6.160000 46 68
6.230000 61 41
6.300000 0 0
6.370000 0 0
6.440000 0 0
6.510000 0 0
6.580000 41 46
6.650000 41 46
6.720000 46 60
6.790000 46 60
6.860000 61 38
6.930000 0 0
7.000000 0 0
7.070000 0 0
7.140000 0 0
7.210000 41 42
7.280000 41 42
7.350000 46 54
7.420000 46 54
7.490000 61 34
7.560000 0 0
7.630000 0 0
7.700000 0 0
7.770000 0 0
7.840000 41 39
7.910000 41 39
7.980000 46 51
8.050000 46 51
8.120000 63 28
8.190000 0 0
8.260000 0 0
8.330000 0 0
8.400000 0 0
8.470000 34 43
8.540000 34 43
8.610000 46 59
8.680000 46 59
8.750000 63 35
8.820000 0 0
8.890000 0 0
8.960000 0 0
9.030000 0 0
9.100000 34 39
9.170000 34 39
9.240000 46 56
9.310000 46 56
9.380000 63 31
9.450000 0 0
9.520000 0 0
9.590000 0 0
9.660000 0 0
9.730000 34 37
9.800000 34 37
9.870000 46 51
9.940000 46 51
10.010000 0 0
10.080000 63 29
10.150000 0 0
10.220000 0 0
10.290000 0 0
10.360000 34 43
10.430000 34 43
10.500000 46 59
10.570000 46 59
10.640000 0 0
10.710000 63 33
10.780000 0 0
10.850000 0 0
10.920000 0 0
10.990000 34 56
11.060000 34 56
11.130000 46 68
11.200000 46 68
11.270000 0 0
11.340000 63 36
11.410000 0 0
11.480000 0 0
11.550000 0 0
11.620000 46 59
11.690000 46 59
11.760000 0 0
11.830000 45 73
11.900000 45 73
11.970000 63 43
12.040000 0 0
12.110000 0 0
12.180000 0 0
12.250000 33 46
12.320000 33 46
12.390000 0 0
12.460000 45 60
12.530000 45 60
12.600000 63 37
12.670000 0 0
12.740000 0 0
12.810000 0 0
12.880000 44 40
12.950000 44 40
13.020000 0 0
13.090000 46 55
13.160000 46 55
13.230000 61 34
13.300000 0 0
13.370000 0 0
13.440000 0 0
13.510000 46 39
13.580000 46 39
13.650000 49 49
13.720000 49 49
13.790000 0 0
13.860000 65 29
13.930000 0 0
14.000000 0 0
14.070000 0 0
14.140000 49 33
14.210000 49 33
14.280000 0 0
14.350000 51 41
14.420000 51 41
14.490000 66 25
14.560000 0 0
14.630000 0 0
14.700000 0 0
14.770000 51 35
14.840000 51 35
14.910000 0 0
14.980000 49 49
15.050000 49 49
15.120000 65 28
15.190000 0 0
15.260000 0 0
15.330000 0 0
15.400000 49 40
15.470000 49 40
15.540000 0 0
15.610000 51 50
15.680000 51 50
15.750000 66 27
15.820000 0 0
15.890000 0 0
15.960000 0 0
16.030000 51 36
16.100000 51 36
16.170000 0 0
16.240000 49 51
16.310000 49 51
16.380000 65 29
16.450000 0 0
16.520000 0 0
16.590000 0 0
16.660000 49 36
16.730000 49 36
16.800000 0 0
16.870000 53 42
16.940000 53 42
17.010000 68 28
17.080000 0 0
17.150000 0 0
17.220000 0 0
17.290000 53 39
17.360000 53 39
17.430000 51 54
17.500000 51 54
17.570000 0 0
17.640000 67 32
17.710000 0 0
17.780000 0 0
17.850000 0 0
17.920000 51 35
17.990000 51 35
18.060000 53 42
18.130000 53 42
18.200000 68 28
18.270000 0 0
18.340000 0 0
18.410000 0 0
18.480000 0 0
18.550000 53 38
18.620000 53 38
18.690000 51 52
18.760000 51 52
18.830000 67 32
18.900000 0 0
18.970000 0 0
19.040000 0 0
19.110000 0 0
19.180000 51 45
19.250000 51 45
19.320000 53 55
19.390000 53 55
19.460000 68 28
19.530000 0 0
19.600000 0 0
19.670000 0 0
19.740000 53 40
19.810000 53 40
19.880000 54 55
19.950000 54 55
20.020000 0 0
20.090000 69 34
20.160000 0 0
20.230000 0 0
20.300000 0 0
20.370000 54 39
20.440000 54 39
20.510000 53 51
20.580000 53 51
20.650000 68 30
20.720000 0 0
20.790000 0 0
20.860000 0 0
20.930000 0 0
21.000000 53 45
21.070000 53 45
21.140000 52 59
21.210000 52 59
21.280000 67 34
21.350000 0 0
21.420000 0 0
21.490000 0 0
21.560000 0 0
21.630000 52 49
21.700000 52 49
21.770000 51 64
21.840000 51 64
21.910000 60 30
21.980000 0 0
22.050000 0 0
22.120000 0 0
22.190000 0 0
22.260000 51 55
22.330000 51 55
22.400000 49 66
22.470000 49 66
22.540000 65 37
22.610000 0 0
22.680000 0 0
22.750000 0 0
22.820000 0 0
22.890000 0 0
22.960000 0 0
23.030000 41 91
23.100000 41 91
23.170000 0 0
23.240000 48 68
23.310000 57 68
23.380000 57 68
23.450000 57 68
23.520000 57 68
23.590000 53 68
23.660000 0 0
23.730000 0 0
23.800000 0 0
23.870000 0 0
23.940000 0 0
24.010000 0 0
24.080000 0 0
24.150000 0 0
24.220000 0 0
24.290000 0 0
24.360000 34 77
24.430000 34 77
24.500000 49 43
24.570000 0 0
24.640000 0 0
24.710000 0 0
24.780000 0 0
24.850000 29 60
24.920000 29 60
24.990000 34 78
25.060000 34 78
25.130000 0 0
25.200000 49 42
25.270000 0 0
25.340000 0 0
25.410000 0 0
25.480000 29 61
25.550000 29 61
25.620000 34 73
25.690000 34 73
25.760000 0 0
25.830000 49 44
25.900000 0 0
25.970000 0 0
26.040000 0 0
26.110000 29 62
26.180000 29 62
26.250000 34 79
26.320000 34 79
26.390000 49 51
26.460000 0 0
26.530000 0 0
26.600000 0 0
26.670000 0 0
26.740000 29 56
26.810000 29 56
26.880000 34 70
26.950000 34 70
27.020000 49 49
27.090000 0 0
27.160000 0 0
27.230000 0 0
27.300000 0 0
27.370000 29 49
27.440000 29 49
27.510000 34 62
27.580000 34 62
27.650000 49 40
27.720000 0 0
27.790000 0 0
27.860000 0 0
27.930000 0 0
28.000000 29 45
28.070000 29 45
28.140000 34 56
28.210000 34 56
28.280000 0 0
28.350000 63 47
28.420000 0 0
28.490000 0 0
28.560000 0 0
28.630000 29 47
28.700000 29 47
28.770000 34 64
28.840000 34 64
28.910000 0 0
28.980000 63 57
29.050000 0 0
29.120000 0 0
29.190000 0 0
29.260000 29 51
29.330000 29 51
29.400000 33 69
29.470000 33 69
29.540000 0 0
29.610000 63 61
29.680000 0 0
29.750000 0 0
29.820000 0 0
29.890000 27 48
29.960000 27 48
30.030000 0 0
30.100000 33 61
30.170000 33 61
30.240000 63 57
30.310000 0 0
30.380000 0 0
30.450000 0 0
30.520000 27 64
30.590000 27 64
30.660000 0 0
30.730000 33 78
30.800000 33 78
30.870000 63 61
30.940000 0 0
31.010000 0 0
31.080000 0 0
31.150000 27 57
31.220000 27 57
31.290000 0 0
31.360000 33 74
31.430000 33 74
31.500000 63 66
31.570000 0 0
31.640000 0 0
31.710000 0 0
31.780000 27 62
31.850000 27 62
31.920000 0 0
31.990000 32 76
32.060000 32 76
32.130000 51 51
32.200000 0 0
32.270000 0 0
32.340000 0 0
32.410000 0 0
32.480000 27 53
32.550000 27 53
32.620000 32 63
32.690000 32 63
32.760000 51 43
32.830000 0 0
32.900000 0 0
32.970000 0 0
33.040000 0 0
33.110000 32 58
33.180000 32 58
33.250000 44 73
33.320000 44 73
33.390000 53 43
33.460000 0 0
33.530000 0 0
33.600000 0 0
33.670000 0 0
33.740000 32 51
33.810000 32 51
33.880000 44 58
33.950000 44 58
34.020000 61 45
34.090000 0 0
34.160000 0 0
34.230000 0 0
34.300000 0 0
34.370000 32 42
34.440000 32 42
34.510000 44 49
34.580000 44 49
34.650000 51 30
34.720000 0 0
34.790000 0 0
34.860000 0 0
34.930000 0 0
35.000000 32 42
35.070000 32 42
35.140000 44 51
35.210000 44 51
35.280000 61 38
35.350000 0 0
35.420000 0 0
35.490000 0 0
35.560000 0 0
35.630000 32 45
35.700000 32 45
35.770000 44 49
35.840000 44 49
35.910000 51 30
35.980000 0 0
36.050000 0 0
36.120000 0 0
36.190000 44 42
36.260000 44 42
36.330000 0 0
36.400000 49 51
36.470000 49 51
36.540000 61 38
36.610000 0 0
36.680000 0 0
36.750000 0 0
36.820000 43 45
36.890000 43 45
36.960000 0 0
37.030000 42 49
37.100000 42 49
37.170000 54 30
37.240000 0 0
37.310000 0 0
37.380000 0 0
37.450000 30 42
37.520000 30 42
37.590000 42 51
37.660000 42 51
37.730000 0 0
37.800000 59 24
37.870000 0 0
37.940000 0 0
38.010000 0 0
38.080000 41 45
38.150000 41 45
38.220000 40 49
38.290000 40 49
38.360000 0 0
38.430000 52 30
38.500000 0 0
38.570000 0 0
38.640000 0 0
38.710000 28 42
38.780000 28 42
38.850000 40 51
38.920000 40 51
38.990000 0 0
39.060000 57 24
39.130000 0 0
39.200000 0 0
39.270000 0 0
39.340000 28 38
39.410000 28 38
39.480000 29 48
39.550000 29 48
39.620000 0 0
39.690000 0 0
39.760000 48 41
39.830000 48 41
39.900000 48 41
39.970000 48 41
40.040000 53 41
40.110000 46 44
40.180000 46 44
40.250000 46 44
40.320000 46 44
40.390000 51 40
40.460000 51 40
40.530000 51 40
40.600000 51 40
40.670000 58 40
40.740000 44 48
40.810000 44 48
40.880000 44 48
40.950000 44 48
41.020000 54 48
41.090000 49 41
41.160000 49 41
41.230000 49 41
41.300000 49 41
41.370000 42 44
41.440000 42 44
41.510000 42 44
41.580000 42 44
41.650000 49 44
41.720000 48 40
41.790000 48 40
41.860000 48 40
41.930000 48 40
42.000000 0 0
42.070000 0 0
42.140000 49 40
42.210000 49 40
42.280000 49 40
42.350000 49 40
42.420000 58 40
42.490000 58 40
42.560000 58 40
42.630000 58 40
42.700000 0 0
42.770000 0 0
42.840000 0 0
42.910000 0 0
42.980000 0 0
43.050000 54 53
43.120000 53 51
43.190000 0 0
43.260000 52 48
43.330000 51 46
43.400000 53 54
43.470000 52 52
43.540000 51 49
43.610000 50 47
43.680000 52 52
43.750000 0 0
43.820000 51 49
43.890000 50 47
43.960000 49 45
44.030000 51 50
44.100000 50 48
44.170000 49 46
44.240000 48 43
44.310000 0 0
44.380000 51 49
44.450000 49 46
44.520000 48 44
44.590000 46 41
44.660000 39 39
44.730000 39 39
44.800000 0 0
44.870000 54 28
44.940000 0 0
45.010000 0 0
45.080000 0 0
45.150000 39 42
45.220000 39 42
45.290000 37 54
45.360000 37 54
45.430000 0 0
45.500000 53 32
45.570000 0 0
45.640000 0 0
45.710000 0 0
45.780000 37 34
45.850000 37 34
45.920000 39 41
45.990000 39 41
46.060000 0 0
46.130000 54 29
46.200000 0 0
46.270000 0 0
46.340000 0 0
46.410000 39 42
46.480000 39 42
46.550000 37 56
46.620000 37 56
46.690000 53 33
46.760000 0 0
46.830000 0 0
46.900000 0 0
46.970000 0 0
47.040000 37 36
47.110000 37 36
47.180000 39 39
47.250000 39 39
47.320000 54 29
47.390000 0 0
47.460000 0 0
47.530000 0 0
47.600000 0 0
47.670000 39 41
47.740000 39 41
47.810000 41 49
47.880000 41 49
47.950000 58 30
48.020000 0 0
48.090000 0 0
48.160000 0 0
48.230000 0 0
48.300000 29 38
48.370000 29 38
48.440000 41 39
48.510000 41 39
48.580000 57 29
48.650000 0 0
48.720000 0 0
48.790000 0 0
48.860000 0 0
48.930000 41 40
49.000000 41 40
49.070000 46 57
49.140000 46 57
49.210000 61 33
49.280000 0 0
49.350000 0 0
49.420000 0 0
49.490000 0 0
49.560000 37 36
49.630000 37 36
49.700000 39 43
49.770000 39 43
49.840000 54 28
49.910000 0 0
49.980000 0 0
50.050000 0 0
50.120000 0 0
50.190000 39 42
50.260000 39 42
50.330000 37 56
50.400000 37 56
50.470000 53 32
50.540000 0 0
50.610000 0 0
50.680000 0 0
50.750000 0 0
50.820000 37 34
50.890000 37 34
50.960000 39 48
51.030000 39 48
51.100000 54 35
51.170000 0 0
51.240000 0 0
51.310000 0 0
51.380000 0 0
51.450000 39 43
51.520000 39 43
51.590000 37 63
51.660000 37 63
51.730000 53 39
51.800000 0 0
51.870000 0 0
51.940000 0 0
52.010000 37 43
52.080000 37 43
52.150000 0 0
52.220000 39 48
52.290000 39 48
52.360000 39 48
52.430000 39 48
52.500000 0 0
52.570000 0 0
52.640000 0 0
52.710000 0 0
52.780000 0 0
52.850000 59 52
52.920000 59 52
52.990000 59 52
53.060000 59 52
53.130000 58 46
53.200000 58 46
53.270000 58 46
53.340000 58 46
53.410000 0 0
53.480000 63 65
53.550000 63 65
53.620000 63 65
53.690000 63 65
53.760000 63 65
53.830000 63 65
53.900000 63 65
53.970000 63 65
54.040000 63 65
54.110000 0 0
54.180000 0 0
54.250000 0 0
54.320000 0 0
54.390000 0 0
54.460000 0 0
54.530000 0 0
54.600000 0 0
54.670000 0 0
54.740000 28 52
54.810000 29 52
54.880000 34 52
54.950000 0 0
55.020000 33 53
55.090000 30 53
55.160000 29 53
55.230000 37 54
55.300000 36 54
55.370000 34 54
55.440000 33 55
55.510000 42 55
55.580000 0 0
55.650000 41 56
55.720000 37 56
55.790000 36 56
55.860000 46 56
55.930000 45 56
56.000000 42 56
56.070000 41 57
56.140000 49 57
56.210000 0 0
56.280000 48 57
56.350000 46 58
56.420000 45 58
56.490000 54 58
56.560000 53 59
56.630000 49 59
56.700000 48 60
56.770000 58 60
56.840000 0 0
56.910000 57 60
56.980000 54 60
57.050000 53 60
57.120000 61 60
57.190000 60 61
57.260000 58 61
57.330000 57 61
57.400000 66 62
57.470000 65 62
57.540000 61 63
57.610000 0 0
57.680000 60 63
57.750000 70 63
57.820000 69 64
57.890000 66 64
57.960000 65 64
58.030000 73 64
58.100000 72 64
58.170000 70 64
58.240000 69 65
58.310000 78 65
58.380000 77 65
58.450000 0 0
58.520000 73 66
58.590000 72 66
58.660000 82 67
58.730000 81 67
58.800000 78 67
58.870000 77 68
58.940000 85 68
59.010000 84 68
59.080000 89 74
59.150000 0 0
59.220000 0 0
59.290000 0 0
59.360000 0 0
59.430000 41 64
59.500000 0 0
59.570000 0 0
59.640000 0 0
59.710000 34 91
59.780000 46 72
59.850000 46 72
59.920000 46 72
59.990000 46 72
60.060000 0 0
