"mond_2"

# Piano left
0.000000 0 0
0.070000 0 0
0.140000 0 0
0.210000 0 0
0.280000 0 0
0.350000 0 0
0.420000 0 0
0.490000 0 0
0.560000 0 0
0.630000 65 52
0.700000 65 52
0.770000 65 52
0.840000 65 52
0.910000 63 55
0.980000 63 55
1.050000 63 55
1.120000 63 55
1.190000 63 55
1.260000 63 55
1.330000 63 55
1.400000 63 55
1.470000 61 49
1.540000 61 49
1.610000 61 49
1.680000 61 49
1.750000 0 0
1.820000 0 0
1.890000 0 0
1.960000 0 0
2.030000 0 0
2.100000 0 0
2.170000 0 0
2.240000 0 0
2.310000 0 0
2.380000 0 0
2.450000 0 0
2.520000 0 0
2.590000 0 0
2.660000 0 0
2.730000 0 0
2.800000 0 0
2.870000 0 0
2.940000 0 0
3.010000 0 0
3.080000 0 0
3.150000 0 0
3.220000 0 0
3.290000 0 0
3.360000 0 0
3.430000 0 0
3.500000 0 0
3.570000 0 0
3.640000 0 0
3.710000 0 0
3.780000 0 0
3.850000 0 0
3.920000 0 0
3.990000 0 0
4.060000 70 55
4.130000 70 55
4.200000 70 55
4.270000 70 55
4.340000 68 55
4.410000 68 55
4.480000 68 55
4.550000 68 55
4.620000 68 55
4.690000 68 55
4.760000 68 55
4.830000 68 55
4.900000 66 52
4.970000 66 52
5.040000 66 52
5.110000 66 52
5.180000 0 0
5.250000 0 0
5.320000 0 0
5.390000 0 0
5.460000 0 0
5.530000 0 0
5.600000 0 0
5.670000 0 0
5.740000 0 0
5.810000 0 0
5.880000 0 0
5.950000 0 0
6.020000 0 0
6.090000 0 0
6.160000 0 0
6.230000 0 0
6.300000 0 0
6.370000 0 0
6.440000 0 0
6.510000 0 0
6.580000 0 0
6.650000 0 0
6.720000 0 0
6.790000 0 0
6.860000 0 0
6.930000 0 0
7.000000 0 0
7.070000 0 0
7.140000 0 0
7.210000 0 0
7.280000 0 0
7.350000 0 0
7.420000 0 0
7.490000 53 47
7.560000 53 47
7.630000 53 47
7.700000 53 47
7.770000 51 55
7.840000 51 55
7.910000 51 55
7.980000 51 55
8.050000 51 55
8.120000 51 55
8.190000 51 55
8.260000 51 55
8.330000 55 49
8.400000 55 49
8.470000 55 49
8.540000 55 49
8.610000 48 55
8.680000 48 55
8.750000 48 55
8.820000 48 55
8.890000 0 0
8.960000 0 0
9.030000 0 0
9.100000 0 0
9.170000 49 48
9.240000 49 48
9.310000 0 0
9.380000 0 0
9.450000 51 52
9.520000 51 52
9.590000 0 0
9.660000 0 0
9.730000 0 0
9.800000 0 0
9.870000 0 0
9.940000 0 0
10.010000 51 45
10.080000 51 45
10.150000 0 0
10.220000 0 0
10.290000 56 48
10.360000 56 48
10.430000 0 0
10.500000 0 0
10.570000 0 0
10.640000 0 0
10.710000 0 0
10.780000 0 0
10.850000 58 49
10.920000 58 49
10.990000 58 49
11.060000 58 49
11.130000 56 56
11.200000 56 56
11.270000 56 56
11.340000 56 56
11.410000 56 56
11.480000 56 56
11.550000 56 56
11.620000 56 56
11.690000 0 0
11.760000 54 55
11.830000 54 55
11.900000 54 55
11.970000 54 55
12.040000 53 60
12.110000 53 60
12.180000 53 60
12.250000 53 60
12.320000 0 0
12.390000 0 0
12.460000 0 0
12.530000 0 0
12.600000 54 46
12.670000 54 46
12.740000 0 0
12.810000 0 0
12.880000 56 52
12.950000 56 52
13.020000 0 0
13.090000 0 0
13.160000 0 0
13.230000 0 0
13.300000 0 0
13.370000 0 0
13.440000 56 45
13.510000 56 45
13.580000 0 0
13.650000 0 0
13.720000 61 47
13.790000 61 47
13.860000 0 0
13.930000 0 0
14.000000 0 0
14.070000 0 0
14.140000 0 0
14.210000 0 0
14.280000 61 46
14.350000 61 46
14.420000 61 46
14.490000 61 46
14.560000 58 50
14.630000 58 50
14.700000 58 50
14.770000 58 50
14.840000 58 50
14.910000 58 50
14.980000 58 50
15.050000 58 50
15.120000 56 50
15.190000 56 50
15.260000 56 50
15.330000 56 50
15.400000 0 0
15.470000 55 50
15.540000 55 50
15.610000 55 50
15.680000 55 50
15.750000 56 47
15.820000 56 47
15.890000 0 0
15.960000 0 0
16.030000 56 47
16.100000 56 47
16.170000 56 47
16.240000 56 47
16.310000 56 47
16.380000 56 47
16.450000 56 47
16.520000 56 47
16.590000 56 47
16.660000 56 47
16.730000 56 47
16.800000 56 47
16.870000 54 47
16.940000 54 47
17.010000 54 47
17.080000 54 47
17.150000 53 48
17.220000 53 48
17.290000 53 48
17.360000 53 48
17.430000 0 0
17.500000 54 48
17.570000 54 48
17.640000 0 0
17.710000 0 0
17.780000 54 55
17.850000 54 55
17.920000 54 55
17.990000 54 55
18.060000 51 58
18.130000 51 58
18.200000 51 58
18.270000 51 58
18.340000 51 58
18.410000 51 58
18.480000 51 58
18.550000 51 58
18.620000 49 65
18.690000 49 65
18.760000 49 65
18.830000 49 65
18.900000 0 0
18.970000 48 73
19.040000 48 73
19.110000 48 73
19.180000 48 73
19.250000 48 73
19.320000 48 73
19.390000 48 73
19.460000 48 73
19.530000 48 73
19.600000 48 73
19.670000 48 73
19.740000 48 73
19.810000 48 73
19.880000 48 73
19.950000 49 56
20.020000 49 56
20.090000 49 56
20.160000 49 56
20.230000 49 56
20.300000 49 56
20.370000 49 56
20.440000 49 56
20.510000 0 0
20.580000 42 55
20.650000 42 55
20.720000 42 55
20.790000 42 55
20.860000 42 55
20.930000 42 55
21.000000 42 55
21.070000 42 55
21.140000 42 55
21.210000 42 55
21.280000 42 55
21.350000 0 0
21.420000 0 0
21.490000 0 0
21.560000 53 51
21.630000 53 51
21.700000 53 51
21.770000 53 51
21.840000 51 56
21.910000 51 56
21.980000 51 56
22.050000 51 56
22.120000 51 56
22.190000 51 56
22.260000 51 56
22.330000 51 56
22.400000 49 47
22.470000 49 47
22.540000 49 47
22.610000 49 47
22.680000 0 0
22.750000 0 0
22.820000 0 0
22.890000 0 0
22.960000 0 0
23.030000 0 0
23.100000 0 0
23.170000 0 0
23.240000 0 0
23.310000 49 48
23.380000 0 0
23.450000 0 0
23.520000 51 54
23.590000 51 54
23.660000 0 0
23.730000 0 0
23.800000 0 0
23.870000 0 0
23.940000 0 0
24.010000 0 0
24.080000 51 47
24.150000 51 47
24.220000 0 0
24.290000 0 0
24.360000 0 0
24.430000 56 51
24.500000 56 51
24.570000 0 0
24.640000 0 0
24.710000 0 0
24.780000 0 0
24.850000 0 0
24.920000 0 0
24.990000 58 49
25.060000 58 49
25.130000 58 49
25.200000 58 49
25.270000 56 56
25.340000 56 56
25.410000 56 56
25.480000 56 56
25.550000 56 56
25.620000 56 56
25.690000 56 56
25.760000 56 56
25.830000 54 49
25.900000 54 49
25.970000 54 49
26.040000 54 49
26.110000 0 0
26.180000 0 0
26.250000 0 0
26.320000 0 0
26.390000 0 0
26.460000 0 0
26.530000 0 0
26.600000 0 0
26.670000 58 47
26.740000 58 47
26.810000 58 47
26.880000 0 0
26.950000 56 55
27.020000 56 55
27.090000 56 55
27.160000 56 55
27.230000 56 55
27.300000 56 55
27.370000 56 55
27.440000 56 55
27.510000 54 47
27.580000 54 47
27.650000 54 47
27.720000 54 47
27.790000 0 0
27.860000 0 0
27.930000 0 0
28.000000 0 0
28.070000 0 0
28.140000 0 0
28.210000 0 0
28.280000 0 0
28.350000 0 0
28.420000 58 54
28.490000 58 54
28.560000 58 54
28.630000 58 54
28.700000 56 61
28.770000 56 61
28.840000 56 61
28.910000 56 61
28.980000 56 61
29.050000 56 61
29.120000 56 61
29.190000 56 61
29.260000 55 71
29.330000 55 71
29.400000 55 71
29.470000 55 71
29.540000 0 0
29.610000 56 74
29.680000 56 74
29.750000 56 74
29.820000 56 74
29.890000 56 74
29.960000 0 0
30.030000 0 0
30.100000 0 0
30.170000 0 0
30.240000 0 0
30.310000 0 0
30.380000 0 0
30.450000 0 0
30.520000 0 0
30.590000 0 0
30.660000 32 54
30.730000 32 54
30.800000 32 54
30.870000 32 54
30.940000 32 54
31.010000 32 54
31.080000 32 54
31.150000 32 54
31.220000 32 54
31.290000 32 54
31.360000 32 54
31.430000 32 54
31.500000 32 54
31.570000 32 54
31.640000 32 54
31.710000 0 0
31.780000 37 51
31.850000 37 51
31.920000 37 51
31.990000 37 51
32.060000 0 0
32.130000 0 0
32.200000 0 0
32.270000 0 0
32.340000 0 0
32.410000 61 54
32.480000 61 54
32.550000 61 54
32.620000 61 54
32.690000 58 54
32.760000 58 54
32.830000 58 54
32.900000 58 54
32.970000 58 54
33.040000 58 54
33.110000 58 54
33.180000 58 54
33.250000 0 0
33.320000 56 54
33.390000 56 54
33.460000 56 54
33.530000 56 54
33.600000 55 54
33.670000 55 54
33.740000 55 54
33.810000 55 54
33.880000 56 54
33.950000 56 54
34.020000 0 0
34.090000 0 0
34.160000 56 51
34.230000 56 51
34.300000 56 51
34.370000 56 51
34.440000 56 51
34.510000 56 51
34.580000 56 51
34.650000 56 51
34.720000 56 51
34.790000 56 51
34.860000 56 51
34.930000 56 51
35.000000 0 0
35.070000 54 51
35.140000 54 51
35.210000 54 51
35.280000 54 51
35.350000 53 51
35.420000 53 51
35.490000 53 51
35.560000 53 51
35.630000 54 51
35.700000 54 51
35.770000 0 0
35.840000 0 0
35.910000 54 54
35.980000 54 54
36.050000 54 54
36.120000 54 54
36.190000 51 58
36.260000 51 58
36.330000 51 58
36.400000 51 58
36.470000 51 58
36.540000 51 58
36.610000 51 58
36.680000 51 58
36.750000 0 0
36.820000 49 64
36.890000 49 64
36.960000 49 64
37.030000 49 64
37.100000 0 0
37.170000 48 72
37.240000 48 72
37.310000 48 72
37.380000 48 72
37.450000 48 72
37.520000 48 72
37.590000 48 72
37.660000 48 72
37.730000 48 72
37.800000 48 72
37.870000 48 72
37.940000 48 72
38.010000 48 72
38.080000 48 72
38.150000 49 56
38.220000 49 56
38.290000 49 56
38.360000 49 56
38.430000 49 56
38.500000 49 56
38.570000 49 56
38.640000 49 56
38.710000 42 54
38.780000 42 54
38.850000 42 54
38.920000 42 54
38.990000 51 54
39.060000 42 54
39.130000 42 54
39.200000 42 54
39.270000 42 54
39.340000 42 54
39.410000 42 54
39.480000 0 0
39.550000 0 0
39.620000 0 0
39.690000 53 50
39.760000 53 50
39.830000 53 50
39.900000 53 50
39.970000 51 56
40.040000 51 56
40.110000 51 56
40.180000 51 56
40.250000 51 56
40.320000 51 56
40.390000 51 56
40.460000 51 56
40.530000 49 48
40.600000 49 48
40.670000 49 48
40.740000 49 48
40.810000 0 0
40.880000 0 0
40.950000 0 0
41.020000 0 0
41.090000 0 0
41.160000 0 0
41.230000 0 0
41.300000 0 0
41.370000 0 0
41.440000 49 46
41.510000 0 0
41.580000 0 0
41.650000 0 0
41.720000 51 51
41.790000 51 51
41.860000 0 0
41.930000 0 0
42.000000 0 0
42.070000 0 0
42.140000 0 0
42.210000 0 0
42.280000 51 47
42.350000 0 0
42.420000 0 0
42.490000 0 0
42.560000 56 51
42.630000 56 51
42.700000 0 0
42.770000 0 0
42.840000 0 0
42.910000 0 0
42.980000 0 0
43.050000 0 0
43.120000 58 54
43.190000 58 54
43.260000 58 54
43.330000 58 54
43.400000 56 56
43.470000 56 56
43.540000 56 56
43.610000 56 56
43.680000 56 56
43.750000 56 56
43.820000 56 56
43.890000 56 56
43.960000 54 47
44.030000 54 47
44.100000 54 47
44.170000 54 47
44.240000 0 0
44.310000 0 0
44.380000 0 0
44.450000 0 0
44.520000 0 0
44.590000 0 0
44.660000 0 0
44.730000 0 0
44.800000 58 49
44.870000 58 49
44.940000 58 49
45.010000 0 0
45.080000 56 55
45.150000 56 55
45.220000 56 55
45.290000 56 55
45.360000 56 55
45.430000 56 55
45.500000 56 55
45.570000 56 55
45.640000 54 54
45.710000 54 54
45.780000 54 54
45.850000 54 54
45.920000 0 0
45.990000 0 0
46.060000 0 0
46.130000 0 0
46.200000 0 0
46.270000 0 0
46.340000 0 0
46.410000 0 0
46.480000 0 0
46.550000 58 54
46.620000 58 54
46.690000 58 54
46.760000 58 54
46.830000 56 61
46.900000 56 61
46.970000 56 61
47.040000 56 61
47.110000 56 61
47.180000 56 61
47.250000 56 61
47.320000 56 61
47.390000 55 67
47.460000 55 67
47.530000 55 67
47.600000 55 67
47.670000 0 0
47.740000 56 74
47.810000 56 74
47.880000 56 74
47.950000 56 74
48.020000 56 74
48.090000 0 0
48.160000 0 0
48.230000 0 0
48.300000 0 0
48.370000 0 0
48.440000 0 0
48.510000 0 0
48.580000 0 0
48.650000 0 0
48.720000 0 0
48.790000 0 0
48.860000 32 54
48.930000 32 54
49.000000 32 54
49.070000 32 54
49.140000 32 54
49.210000 32 54
49.280000 32 54
49.350000 32 54
49.420000 32 54
49.490000 32 54
49.560000 32 54
49.630000 32 54
49.700000 32 54
49.770000 32 54
49.840000 32 54
49.910000 32 54
49.980000 37 51
50.050000 37 51
50.120000 37 51
50.190000 37 51
50.260000 37 51
50.330000 0 0
50.400000 0 0
50.470000 0 0
50.540000 0 0
50.610000 0 0
50.680000 0 0
50.750000 0 0
50.820000 0 0
50.890000 0 0
50.960000 44 77
51.030000 44 77
51.100000 44 77
51.170000 44 77
51.240000 44 77
51.310000 44 77
51.380000 44 77
51.450000 44 77
51.520000 44 77
51.590000 44 77
51.660000 44 77
51.730000 44 77
51.800000 44 77
51.870000 44 77
51.940000 44 77
52.010000 44 77
52.080000 44 77
52.150000 44 77
52.220000 44 77
52.290000 44 77
52.360000 44 77
52.430000 44 77
52.500000 44 77
52.570000 44 77
52.640000 44 77
52.710000 44 77
52.780000 44 77
52.850000 44 77
52.920000 44 77
52.990000 44 77
53.060000 44 77
53.130000 44 77
53.200000 44 77
53.270000 44 77
53.340000 44 77
53.410000 44 77
53.480000 44 77
53.550000 44 77
53.620000 44 77
53.690000 44 77
53.760000 44 77
53.830000 44 77
53.900000 44 77
53.970000 44 77
54.040000 44 77
54.110000 44 77
54.180000 44 77
54.250000 44 77
54.320000 44 77
54.390000 44 79
54.460000 44 79
54.530000 44 79
54.600000 44 79
54.670000 44 79
54.740000 44 79
54.810000 44 79
54.880000 44 79
54.950000 44 79
55.020000 44 79
55.090000 44 79
55.160000 44 79
55.230000 44 79
55.300000 44 79
55.370000 44 79
55.440000 44 79
55.510000 44 79
55.580000 44 79
55.650000 44 79
55.720000 44 79
55.790000 44 79
55.860000 44 79
55.930000 44 79
56.000000 44 79
56.070000 44 79
56.140000 32 73
56.210000 32 73
56.280000 32 73
56.350000 32 73
56.420000 32 73
56.490000 32 73
56.560000 32 73
56.630000 32 73
56.700000 44 72
56.770000 44 72
56.840000 44 72
56.910000 44 72
56.980000 44 72
57.050000 44 72
57.120000 44 72
57.190000 44 72
57.260000 44 72
57.330000 44 72
57.400000 44 72
57.470000 44 72
57.540000 0 0
57.610000 0 0
57.680000 0 0
57.750000 0 0
57.820000 44 79
57.890000 44 79
57.960000 44 79
58.030000 44 79
58.100000 44 79
58.170000 44 79
58.240000 44 79
58.310000 44 79
58.380000 44 79
58.450000 44 79
58.520000 44 79
58.590000 44 79
58.660000 44 79
58.730000 44 79
58.800000 44 79
58.870000 44 79
58.940000 44 79
59.010000 44 79
59.080000 44 79
59.150000 44 79
59.220000 44 79
59.290000 44 79
59.360000 44 79
59.430000 44 79
59.500000 44 79
59.570000 44 79
59.640000 44 79
59.710000 44 79
59.780000 44 79
59.850000 44 79
59.920000 44 79
59.990000 44 79
60.060000 44 79
60.130000 44 79
60.200000 44 79
60.270000 44 79
60.340000 44 79
60.410000 44 79
60.480000 44 79
60.550000 44 79
60.620000 44 79
60.690000 44 79
60.760000 44 79
60.830000 44 79
60.900000 44 79
60.970000 44 79
61.040000 44 79
61.110000 44 79
61.180000 41 73
61.250000 44 79
61.320000 44 79
61.390000 44 79
61.460000 44 79
61.530000 44 79
61.600000 44 79
61.670000 44 79
61.740000 44 79
61.810000 44 79
61.880000 44 79
61.950000 44 79
62.020000 44 79
62.090000 44 79
62.160000 44 79
62.230000 44 79
62.300000 44 79
62.370000 44 79
62.440000 44 79
62.510000 44 79
62.580000 44 79
62.650000 44 79
62.720000 44 79
62.790000 44 79
62.860000 44 79
62.930000 44 79
63.000000 32 73
63.070000 32 73
63.140000 32 73
63.210000 32 73
63.280000 32 73
63.350000 32 73
63.420000 32 73
63.490000 32 73
63.560000 44 72
63.630000 44 72
63.700000 44 72
63.770000 44 72
63.840000 44 72
63.910000 44 72
63.980000 44 72
64.050000 44 72
64.120000 44 72
64.190000 44 72
64.260000 44 72
64.330000 44 72
64.400000 0 0
64.470000 0 0
64.540000 0 0
64.610000 0 0
64.680000 0 0
64.750000 50 35
64.820000 50 35
64.890000 50 35
64.960000 50 35
65.030000 50 35
65.100000 50 35
65.170000 50 35
65.240000 50 35
65.310000 50 35
65.380000 50 35
65.450000 50 35
65.520000 50 35
65.590000 49 33
65.660000 49 33
65.730000 49 33
65.800000 49 33
65.870000 49 33
65.940000 49 33
66.010000 49 33
66.080000 49 33
66.150000 49 33
66.220000 49 33
66.290000 49 33
66.360000 49 33
66.430000 0 0
66.500000 48 30
66.570000 48 30
66.640000 48 30
66.710000 48 30
66.780000 48 30
66.850000 48 30
66.920000 48 30
66.990000 48 30
67.060000 48 30
67.130000 48 30
67.200000 48 30
67.270000 48 30
67.340000 47 29
67.410000 47 29
67.480000 47 29
67.550000 47 29
67.620000 47 29
67.690000 47 29
67.760000 47 29
67.830000 47 29
67.900000 47 29
67.970000 47 29
68.040000 47 29
68.110000 47 29
68.180000 0 0
68.250000 49 50
68.320000 49 50
68.390000 49 50
68.460000 49 50
68.530000 49 50
68.600000 49 50
68.670000 49 50
68.740000 49 50
68.810000 49 50
68.880000 49 50
68.950000 49 50
69.020000 49 50
69.090000 49 50
69.160000 49 50
69.230000 49 50
69.300000 49 50
69.370000 49 50
69.440000 49 50
69.510000 49 50
69.580000 49 50
69.650000 49 50
69.720000 49 50
69.790000 49 50
69.860000 49 50
69.930000 49 50
70.000000 49 50
70.070000 49 50
70.140000 49 50
70.210000 49 50
70.280000 49 50
70.350000 49 50
70.420000 49 50
70.490000 49 50
70.560000 49 50
70.630000 49 50
70.700000 49 50
70.770000 49 50
70.840000 49 50
70.910000 49 50
70.980000 49 50
71.050000 49 50
71.120000 49 50
71.190000 49 50
71.260000 49 50
71.330000 49 50
71.400000 49 50
71.470000 49 50
71.540000 49 50
71.610000 49 50
71.680000 49 49
71.750000 49 49
71.820000 49 49
71.890000 49 49
71.960000 49 49
72.030000 49 49
72.100000 49 49
72.170000 49 49
72.240000 49 49
72.310000 49 49
72.380000 49 49
72.450000 49 49
72.520000 49 49
72.590000 49 49
72.660000 49 49
72.730000 49 49
72.800000 49 49
72.870000 49 49
72.940000 49 49
73.010000 49 49
73.080000 49 49
73.150000 49 49
73.220000 49 49
73.290000 49 49
73.360000 49 49
73.430000 49 49
73.500000 49 49
73.570000 49 49
73.640000 49 49
73.710000 49 49
73.780000 49 49
73.850000 49 49
73.920000 49 49
73.990000 49 49
74.060000 49 49
74.130000 49 49
74.200000 49 49
74.270000 49 49
74.340000 49 49
74.410000 49 49
74.480000 49 49
74.550000 49 49
74.620000 49 49
74.690000 49 49
74.760000 49 49
74.830000 49 49
74.900000 49 49
74.970000 49 49
75.040000 49 49
75.110000 49 38
75.180000 49 38
75.250000 49 38
75.320000 49 38
75.390000 49 38
75.460000 49 38
75.530000 49 38
75.600000 49 38
75.670000 49 38
75.740000 49 38
75.810000 49 38
75.880000 49 38
75.950000 44 54
76.020000 44 54
76.090000 44 54
76.160000 44 54
76.230000 44 54
76.300000 44 54
76.370000 44 54
76.440000 44 54
76.510000 44 54
76.580000 44 54
76.650000 44 54
76.720000 44 54
76.790000 44 54
76.860000 44 54
76.930000 44 54
77.000000 44 54
77.070000 44 54
77.140000 44 54
77.210000 44 54
77.280000 44 54
77.350000 32 54
77.420000 44 48
77.490000 0 0
77.560000 0 0
77.630000 0 0
77.700000 0 0
77.770000 37 48
77.840000 0 0
77.910000 0 0
77.980000 0 0
78.050000 0 0
78.120000 0 0
78.190000 0 0
78.260000 0 0
78.330000 0 0
78.400000 0 0
78.470000 0 0
78.540000 0 0
78.610000 50 33
78.680000 50 33
78.750000 50 33
78.820000 50 33
78.890000 50 33
78.960000 50 33
79.030000 50 33
79.100000 50 33
79.170000 50 33
79.240000 50 33
79.310000 50 33
79.380000 50 33
79.450000 0 0
79.520000 49 29
79.590000 49 29
79.660000 49 29
79.730000 49 29
79.800000 49 29
79.870000 49 29
79.940000 49 29
80.010000 49 29
80.080000 49 29
80.150000 49 29
80.220000 49 29
80.290000 49 29
80.360000 48 31
80.430000 48 31
80.500000 48 31
80.570000 48 31
80.640000 48 31
80.710000 48 31
80.780000 48 31
80.850000 48 31
80.920000 48 31
80.990000 48 31
81.060000 48 31
81.130000 48 31
81.200000 47 28
81.270000 47 28
81.340000 47 28
81.410000 47 28
81.480000 47 28
81.550000 47 28
81.620000 47 28
81.690000 47 28
81.760000 47 28
81.830000 47 28
81.900000 47 28
81.970000 47 28
82.040000 0 0
82.110000 49 50
82.180000 49 50
82.250000 49 50
82.320000 49 50
82.390000 49 50
82.460000 49 50
82.530000 49 50
82.600000 49 50
82.670000 49 50
82.740000 49 50
82.810000 49 50
82.880000 49 50
82.950000 49 50
83.020000 49 50
83.090000 49 50
83.160000 49 50
83.230000 49 50
83.300000 49 50
83.370000 49 50
83.440000 49 50
83.510000 49 50
83.580000 49 50
83.650000 49 50
83.720000 49 50
83.790000 49 50
83.860000 49 50
83.930000 49 50
84.000000 49 50
84.070000 49 50
84.140000 49 50
84.210000 49 50
84.280000 49 50
84.350000 49 50
84.420000 49 50
84.490000 49 50
84.560000 49 50
84.630000 49 50
84.700000 49 50
84.770000 49 50
84.840000 49 50
84.910000 49 50
84.980000 49 50
85.050000 49 50
85.120000 49 50
85.190000 49 50
85.260000 49 50
85.330000 49 50
85.400000 49 50
85.470000 49 47
85.540000 49 47
85.610000 49 47
85.680000 49 47
85.750000 49 47
85.820000 49 47
85.890000 49 47
85.960000 49 47
86.030000 49 47
86.100000 49 47
86.170000 49 47
86.240000 49 47
86.310000 49 47
86.380000 49 47
86.450000 49 47
86.520000 49 47
86.590000 49 47
86.660000 49 47
86.730000 49 47
86.800000 49 47
86.870000 49 47
86.940000 49 47
87.010000 49 47
87.080000 49 47
87.150000 49 47
87.220000 49 47
87.290000 49 47
87.360000 49 47
87.430000 49 47
87.500000 49 47
87.570000 49 47
87.640000 49 47
87.710000 49 47
87.780000 49 47
87.850000 49 47
87.920000 49 47
87.990000 49 47
88.060000 49 47
88.130000 49 47
88.200000 49 47
88.270000 49 47
88.340000 49 47
88.410000 49 47
88.480000 49 47
88.550000 49 47
88.620000 49 47
88.690000 49 47
88.760000 49 47
88.830000 49 47
88.900000 0 0
88.970000 49 45
89.040000 49 45
89.110000 49 45
89.180000 49 45
89.250000 49 45
89.320000 49 45
89.390000 49 45
89.460000 49 45
89.530000 49 45
89.600000 49 45
89.670000 49 45
89.740000 49 45
89.810000 44 54
89.880000 44 54
89.950000 44 54
90.020000 44 54
90.090000 44 54
90.160000 44 54
90.230000 44 54
90.300000 44 54
90.370000 44 54
90.440000 44 54
90.510000 44 54
90.580000 44 54
90.650000 44 54
90.720000 44 54
90.790000 44 54
90.860000 44 54
90.930000 44 54
91.000000 44 54
91.070000 44 54
91.140000 44 54
91.210000 0 0
91.280000 44 52
91.350000 0 0
91.420000 0 0
91.490000 0 0
91.560000 37 52
91.630000 0 0
91.700000 0 0
91.770000 0 0
91.840000 0 0
91.910000 0 0
91.980000 0 0
92.050000 0 0
92.120000 0 0
92.190000 65 54
92.260000 65 54
92.330000 65 54
92.400000 65 54
92.470000 63 54
92.540000 63 54
92.610000 63 54
92.680000 63 54
92.750000 63 54
92.820000 63 54
92.890000 63 54
92.960000 63 54
93.030000 0 0
93.100000 61 50
93.170000 61 50
93.240000 61 50
93.310000 61 50
93.380000 0 0
93.450000 0 0
93.520000 0 0
93.590000 0 0
93.660000 0 0
93.730000 0 0
93.800000 0 0
93.870000 0 0
93.940000 0 0
94.010000 0 0
94.080000 0 0
94.150000 0 0
94.220000 0 0
94.290000 0 0
94.360000 0 0
94.430000 0 0
94.500000 0 0
94.570000 0 0
94.640000 0 0
94.710000 0 0
94.780000 0 0
94.850000 0 0
94.920000 0 0
94.990000 0 0
95.060000 0 0
95.130000 0 0
95.200000 0 0
95.270000 0 0
95.340000 0 0
95.410000 0 0
95.480000 0 0
95.550000 0 0
95.620000 70 49
95.690000 70 49
95.760000 70 49
95.830000 70 49
95.900000 68 54
95.970000 68 54
96.040000 68 54
96.110000 68 54
96.180000 68 54
96.250000 68 54
96.320000 68 54
96.390000 68 54
96.460000 0 0
96.530000 66 46
96.600000 66 46
96.670000 66 46
96.740000 66 46
96.810000 0 0
96.880000 0 0
96.950000 0 0
97.020000 0 0
97.090000 0 0
97.160000 0 0
97.230000 0 0
97.300000 0 0
97.370000 0 0
97.440000 0 0
97.510000 0 0
97.580000 0 0
97.650000 0 0
97.720000 0 0
97.790000 0 0
97.860000 0 0
97.930000 0 0
98.000000 0 0
98.070000 0 0
98.140000 0 0
98.210000 0 0
98.280000 0 0
98.350000 0 0
98.420000 0 0
98.490000 0 0
98.560000 0 0
98.630000 0 0
98.700000 0 0
98.770000 0 0
98.840000 0 0
98.910000 0 0
98.980000 0 0
99.050000 53 49
99.120000 53 49
99.190000 53 49
99.260000 0 0
99.330000 51 54
99.400000 51 54
99.470000 51 54
99.540000 51 54
99.610000 51 54
99.680000 51 54
99.750000 51 54
99.820000 51 54
99.890000 0 0
99.960000 55 49
100.030000 55 49
100.100000 55 49
100.170000 55 49
100.240000 48 54
100.310000 48 54
100.380000 48 54
100.450000 48 54
100.520000 0 0
100.590000 0 0
100.660000 0 0
100.730000 0 0
100.800000 49 46
100.870000 0 0
100.940000 0 0
101.010000 0 0
101.080000 51 49
101.150000 51 49
101.220000 0 0
101.290000 0 0
101.360000 0 0
101.430000 0 0
101.500000 0 0
101.570000 0 0
101.640000 51 45
101.710000 51 45
101.780000 0 0
101.850000 0 0
101.920000 56 46
101.990000 56 46
102.060000 0 0
102.130000 0 0
102.200000 0 0
102.270000 0 0
102.340000 0 0
102.410000 0 0
102.480000 58 49
102.550000 58 49
102.620000 58 49
102.690000 58 49
102.760000 56 54
102.830000 56 54
102.900000 56 54
102.970000 56 54
103.040000 56 54
103.110000 56 54
103.180000 56 54
103.250000 56 54
103.320000 54 54
103.390000 54 54
103.460000 54 54
103.530000 54 54
103.600000 53 57
103.670000 53 57
103.740000 53 57
103.810000 53 57
103.880000 0 0
103.950000 0 0
104.020000 0 0
104.090000 0 0
104.160000 54 50
104.230000 54 50
104.300000 0 0
104.370000 0 0
104.440000 56 54
104.510000 56 54
104.580000 0 0
104.650000 0 0
104.720000 0 0
104.790000 0 0
104.860000 0 0
104.930000 0 0
105.000000 56 45
105.070000 56 45
105.140000 0 0
105.210000 0 0
105.280000 0 0
105.350000 61 48
105.420000 61 48
105.490000 0 0
105.560000 0 0
105.630000 0 0
105.700000 0 0
105.770000 0 0
105.840000 0 0
105.910000 61 54
105.980000 61 54
106.050000 61 54
106.120000 61 54
106.190000 58 54
106.260000 58 54
106.330000 58 54
106.400000 58 54
106.470000 58 54
106.540000 58 54
106.610000 58 54
106.680000 58 54
106.750000 56 54
106.820000 56 54
106.890000 56 54
106.960000 56 54
107.030000 0 0
107.100000 55 54
107.170000 55 54
107.240000 55 54
107.310000 55 54
107.380000 56 54
107.450000 56 54
107.520000 0 0
107.590000 0 0
107.660000 56 50
107.730000 56 50
107.800000 56 50
107.870000 56 50
107.940000 56 50
108.010000 56 50
108.080000 56 50
108.150000 56 50
108.220000 56 50
108.290000 56 50
108.360000 56 50
108.430000 56 50
108.500000 54 48
108.570000 54 48
108.640000 54 48
108.710000 54 48
108.780000 53 48
108.850000 53 48
108.920000 53 48
108.990000 53 48
109.060000 0 0
109.130000 54 48
109.200000 54 48
109.270000 0 0
109.340000 0 0
109.410000 54 54
109.480000 54 54
109.550000 54 54
109.620000 54 54
109.690000 51 54
109.760000 51 54
109.830000 51 54
109.900000 51 54
109.970000 51 54
110.040000 51 54
110.110000 51 54
110.180000 51 54
110.250000 0 0
110.320000 49 54
110.390000 49 54
110.460000 49 54
110.530000 49 54
110.600000 48 54
110.670000 48 54
110.740000 48 54
110.810000 48 54
110.880000 48 54
110.950000 48 54
111.020000 48 54
111.090000 48 54
111.160000 48 54
111.230000 48 54
111.300000 48 54
111.370000 48 54
111.440000 48 54
111.510000 48 54
111.580000 0 0
111.650000 49 54
111.720000 49 54
111.790000 49 54
111.860000 49 54
111.930000 49 54
112.000000 49 54
112.070000 49 54
112.140000 49 54
112.210000 42 54
112.280000 42 54
112.350000 42 54
112.420000 42 54
112.490000 42 54
112.560000 42 54
112.630000 42 54
112.700000 42 54
112.770000 42 54
112.840000 42 54
112.910000 42 54
112.980000 42 54
113.050000 0 0
113.120000 53 49
113.190000 53 49
113.260000 53 49
113.330000 53 49
113.400000 51 54
113.470000 51 54
113.540000 51 54
113.610000 51 54
113.680000 51 54
113.750000 51 54
113.820000 51 54
113.890000 51 54
113.960000 49 47
114.030000 49 47
114.100000 49 47
114.170000 49 47
114.240000 0 0
114.310000 0 0
114.380000 0 0
114.450000 0 0
114.520000 0 0
114.590000 0 0
114.660000 0 0
114.730000 0 0
114.800000 0 0
114.870000 49 49
114.940000 0 0
115.010000 0 0
115.080000 0 0
115.150000 51 54
115.220000 51 54
115.290000 0 0
115.360000 0 0
115.430000 0 0
115.500000 0 0
115.570000 0 0
115.640000 0 0
115.710000 51 45
115.780000 0 0
115.850000 0 0
115.920000 0 0
115.990000 56 51
116.060000 56 51
116.130000 0 0
116.200000 0 0
116.270000 0 0
116.340000 0 0
116.410000 0 0
116.480000 0 0
116.550000 58 49
116.620000 58 49
116.690000 58 49
116.760000 58 49
116.830000 56 54
116.900000 56 54
116.970000 56 54
117.040000 56 54
117.110000 56 54
117.180000 56 54
117.250000 56 54
117.320000 56 54
117.390000 54 49
117.460000 54 49
117.530000 54 49
117.600000 54 49
117.670000 0 0
117.740000 0 0
117.810000 0 0
117.880000 0 0
117.950000 0 0
118.020000 0 0
118.090000 0 0
118.160000 0 0
118.230000 58 48
118.300000 58 48
118.370000 58 48
118.440000 58 48
118.510000 56 54
118.580000 56 54
118.650000 56 54
118.720000 56 54
118.790000 56 54
118.860000 56 54
118.930000 56 54
119.000000 56 54
119.070000 54 48
119.140000 54 48
119.210000 54 48
119.280000 54 48
119.350000 0 0
119.420000 0 0
119.490000 0 0
119.560000 0 0
119.630000 0 0
119.700000 0 0
119.770000 0 0
119.840000 0 0
119.910000 0 0
119.980000 58 49
120.050000 58 49
120.120000 58 49
120.190000 58 49
120.260000 56 54
120.330000 56 54
120.400000 56 54
120.470000 56 54
120.540000 56 54
120.610000 56 54
120.680000 56 54
120.750000 56 54
120.820000 0 0
120.890000 55 62
120.960000 55 62
121.030000 55 62
121.100000 55 62
121.170000 56 65
121.240000 56 65
121.310000 56 65
121.380000 56 65
121.450000 56 65
121.520000 0 0
121.590000 0 0
121.660000 0 0
121.730000 0 0
121.800000 0 0
121.870000 0 0
121.940000 0 0
122.010000 0 0
122.080000 0 0
122.150000 0 0
122.220000 0 0
122.290000 32 54
122.360000 32 54
122.430000 32 54
122.500000 32 54
122.570000 32 54
122.640000 32 54
122.710000 32 54
122.780000 32 54
122.850000 32 54
122.920000 32 54
122.990000 32 54
123.060000 32 54
123.130000 32 54
123.200000 32 54
123.270000 32 54
123.340000 32 54
123.410000 37 54
123.480000 37 54
123.550000 37 54
123.620000 37 54
123.690000 37 54
123.760000 37 54
123.830000 37 54
123.900000 37 54
123.970000 37 54
124.040000 0 0
