"mz_333_2"

#  Piano right
0.00220 0 0
1.05485 67 59
1.05485 70 59
0.57138 68 55
0.57138 65 55
0.56903 63 53
0.56903 67 53
0.54466 68 54
0.54466 72 54
0.49955 67 52
0.49955 70 52
0.04541 0 0
1.01386 67 59
1.01386 70 59
0.99850 68 53
0.99850 65 53
1.04639 67 51
1.04639 63 51
1.02987 64 65
0.52743 65 55
0.51090 72 55
0.25545 70 53
0.25545 68 51
0.25545 67 53
0.25545 65 52
1.07200 63 59
1.07200 55 59
0.26371 62 53
0.26371 53 53
0.13186 0 0
0.13186 58 47
0.13186 62 51
0.13115 60 49
0.13080 63 52
0.13080 62 51
0.13080 65 53
0.13080 63 51
0.13045 67 54
0.12976 65 54
0.12976 68 57
0.12976 67 54
0.12976 70 59
0.12907 68 56
0.13186 72 60
0.65928 70 61
0.13186 72 53
0.13186 70 50
0.92300 67 61
0.26586 68 53
0.26586 67 51
0.26586 65 53
0.27478 63 52
0.26371 79 62
0.26371 74 54
0.26371 75 58
0.26371 72 52
1.07200 70 56
0.11343 68 50
0.10968 70 48
0.10923 68 50
0.10625 70 48
0.10175 68 50
0.10319 70 49
0.10093 68 49
0.11858 67 57
0.12519 68 55
0.13160 67 60
0.13160 0 0
0.26586 75 65
0.26586 74 62
0.26586 73 59
0.23580 0 0
0.07860 74 53
0.31440 71 57
0.22709 0 0
0.07570 70 53
0.30279 72 61
0.22709 0 0
0.07570 67 47
0.30279 68 57
0.33708 65 55
1.78359 63 51
0.30562 67 50
0.30562 65 47
0.61125 62 50
1.05485 63 46
0.52743 0 0
0.51090 70 49
0.51090 67 49
0.51090 70 52
0.51090 67 52
0.54044 70 46
0.54044 67 46
0.52743 75 57
1.05485 74 50
1.58228 68 57
0.30654 82 54
0.25545 80 51
0.30654 79 54
0.30654 77 52
0.30654 75 52
0.25545 74 49
0.08720 77 54
0.69759 75 52
0.13080 74 45
0.13080 72 44
0.52320 70 45
0.51090 70 45
0.51090 67 45
0.51090 70 50
0.51090 67 50
0.52320 67 45
0.52320 70 45
0.52320 75 56
1.04639 74 46
1.56958 68 56
0.30416 82 53
0.25346 80 50
0.30416 79 53
0.30416 77 50
0.30416 75 52
0.25346 74 50
0.25346 75 53
0.08449 77 43
0.08449 75 43
0.08449 74 43
0.12673 75 43
0.12673 77 44
0.12673 79 45
0.12673 75 44
0.25346 70 43
0.25346 0 0
0.54496 67 48
0.54496 70 48
0.56872 68 45
0.56872 65 45
0.62279 67 49
0.62279 63 49
0.85308 70 53
0.28436 67 39
1.13744 63 53
1.11293 65 35
1.11293 62 35
0.93844 0 0
0.13293 65 67
1.58228 77 72
0.13186 75 70
0.13186 74 62
0.13186 72 65
0.13186 70 63
0.52743 69 71
0.52743 70 70
0.55422 69 67
0.55422 72 67
0.13186 75 65
0.13186 74 62
0.13186 72 65
0.13186 74 61
0.52743 70 65
0.52743 75 65
0.52743 72 65
0.54496 65 49
0.54496 65 53
0.54496 65 50
1.58228 75 72
0.13186 77 69
0.13186 75 63
0.13186 74 69
0.13186 72 63
0.52743 70 73
0.52743 72 70
0.52743 69 70
0.54955 70 71
0.54955 74 71
0.13400 77 67
0.13400 75 67
0.13400 74 67
0.13400 75 64
0.53600 72 67
0.26800 77 72
0.26800 74 72
1.90288 0 0
1.58228 80 76
0.13186 79 67
0.13186 77 63
0.13186 75 67
0.13186 74 64
0.55897 75 72
0.29194 77 74
0.29194 0 0
1.60800 78 80
0.25210 80 72
0.26549 79 69
0.25424 77 70
0.26549 75 67
0.25424 74 67
0.25424 72 64
0.17164 77 75
0.17164 76 71
0.17164 77 73
0.17164 79 75
0.17164 67 67
0.19818 75 69
1.05485 70 75
0.26087 74 68
0.27523 72 60
0.26316 70 66
0.27273 72 59
1.07198 69 62
1.05840 70 60
0.52743 0 0
0.52390 77 75
0.52390 70 75
0.52958 72 80
0.52958 77 59
0.53603 77 76
0.53603 74 76
0.65399 77 80
0.13080 79 69
0.13080 77 67
0.13080 76 70
0.26160 77 76
1.56959 75 63
0.53173 77 75
0.53173 69 75
0.52743 79 76
0.52743 70 76
0.52320 81 75
0.52320 72 75
0.64435 82 86
0.12873 84 75
0.12873 86 76
0.12873 82 72
0.25747 77 78
1.54548 70 86
0.54044 77 54
0.54044 74 54
0.53899 75 54
0.53899 72 54
0.58388 74 54
0.58388 70 54
0.64879 72 57
0.12976 74 52
0.12976 75 54
0.12976 72 52
0.25952 79 59
0.25952 0 0
0.53173 75 49
0.53173 67 49
0.53173 70 52
0.53173 65 52
0.55897 72 49
0.55897 69 49
0.83846 72 54
0.27949 73 50
1.11794 69 54
0.55897 74 45
0.55897 70 45
0.53600 77 74
0.53600 70 74
0.53600 77 59
0.53600 72 80
0.53600 74 75
0.53600 77 75
0.65399 77 83
0.13080 79 69
0.13080 77 71
0.13080 76 67
0.26160 77 77
1.56754 75 83
0.51437 77 76
0.51437 69 76
0.53826 70 81
0.53826 79 81
0.55191 81 76
0.55191 72 76
0.64435 82 86
0.12873 84 67
0.12873 86 70
0.12873 82 66
0.25747 77 63
1.54548 70 86
0.54044 77 54
0.54044 74 54
0.53899 75 54
0.53899 72 54
0.58388 74 54
0.58388 70 54
0.14554 71 45
0.14385 72 45
0.14301 74 46
0.14136 72 45
0.14055 75 50
0.13895 74 47
0.13817 77 52
0.13662 75 50
1.05485 79 60
0.52743 77 54
0.43029 0 0
0.14343 69 50
1.02180 70 51
0.51090 0 0
0.51224 80 66
0.51836 79 70
0.52531 81 73
0.53173 84 76
0.53173 82 71
0.53173 0 0
0.54574 68 69
0.55740 67 69
0.65402 69 63
0.65402 63 63
1.36240 63 54
1.36240 72 54
0.68120 62 42
0.68120 70 42
0.62279 65 47
0.62279 62 47
0.58388 67 52
0.58388 63 52
0.63492 68 55
0.63492 65 55
0.00220 0 0
1.05485 67 59
1.05485 70 59
0.57138 68 55
0.57138 65 55
0.56903 63 53
0.56903 67 53
0.54466 68 54
0.54466 72 54
0.49955 67 52
0.49955 70 52
0.04541 0 0
1.01386 67 59
1.01386 70 59
0.99850 68 53
0.99850 65 53
1.04639 67 51
1.04639 63 51
1.02987 64 65
0.52743 65 55
0.51090 72 55
0.25545 70 53
0.25545 68 51
0.25545 67 53
0.25545 65 52
1.07200 63 59
1.07200 55 59
0.26371 62 53
0.26371 53 53
0.13186 0 0
0.13186 58 47
0.13186 62 51
0.13115 60 49
0.13080 63 52
0.13080 62 51
0.13080 65 53
0.13080 63 51
0.13045 67 54
0.12976 65 54
0.12976 68 57
0.12976 67 54
0.12976 70 59
0.12907 68 56
0.13186 72 60
0.65928 70 61
0.13186 72 53
0.13186 70 50
0.92300 67 61
0.26586 68 53
0.26586 67 51
0.26586 65 53
0.27478 63 52
0.26371 79 62
0.26371 74 54
0.26371 75 58
0.26371 72 52
1.07200 70 56
0.11428 68 50
0.11208 70 48
0.11428 68 50
0.11428 70 48
0.11208 68 50
0.11428 70 49
0.11208 68 49
0.13186 67 57
0.13186 68 55
0.13856 67 60
0.13856 0 0
0.26586 75 65
0.26586 74 62
0.26586 73 59
0.23580 0 0
0.07860 74 53
0.31440 71 57
0.21230 0 0
0.07077 70 53
0.28307 72 61
0.21230 0 0
0.07077 67 47
0.28307 68 57
0.37509 65 55
1.76609 63 51
0.30562 67 50
0.30562 65 47
0.61125 62 50
1.05485 63 46
0.52743 0 0
0.51090 70 49
0.51090 67 49
0.51090 70 52
0.51090 67 52
0.54044 70 46
0.54044 67 46
0.52743 75 57
1.05485 74 50
1.58228 68 57
0.30654 82 54
0.25545 80 51
0.30654 79 54
0.30654 77 52
0.30654 75 52
0.25545 74 49
0.08720 77 54
0.69759 75 52
0.13080 74 45
0.13080 72 44
0.52319 70 45
0.51090 70 45
0.51090 67 45
0.51090 70 50
0.51090 67 50
0.52319 67 45
0.52319 70 45
0.52320 75 56
1.04639 74 46
1.56959 68 56
0.30416 82 53
0.25346 80 50
0.30416 79 53
0.30416 77 50
0.30416 75 52
0.25346 74 50
0.25346 75 53
0.08449 77 43
0.08449 75 43
0.08449 74 43
0.12673 75 43
0.12673 77 44
0.12673 79 45
0.12673 75 44
0.25346 70 43
0.25346 0 0
0.52641 67 48
0.52641 70 48
0.58835 68 45
0.58835 65 45
0.62279 67 49
0.62279 63 49
0.85308 70 53
0.28436 67 39
1.13744 63 53
1.11293 65 35
1.11293 62 35
0.93844 0 0
0.13293 65 67
1.58228 77 72
0.13186 75 70
0.13186 74 62
0.13186 72 65
0.13186 70 63
0.52743 69 71
0.52743 70 70
0.55422 69 67
0.55422 72 67
0.13186 75 65
0.13186 74 62
0.13186 72 65
0.13186 74 61
0.52743 70 65
0.52743 75 65
0.52743 72 65
0.54496 65 49
0.54496 65 53
0.54496 65 50
1.58228 75 72
0.13186 77 69
0.13186 75 63
0.13186 74 69
0.13186 72 63
0.52743 70 73
0.52743 72 70
0.52743 69 70
0.54955 70 71
0.54955 74 71
0.13400 77 67
0.13400 75 67
0.13400 74 67
0.13400 75 64
0.53600 72 67
0.26800 77 72
0.26800 74 72
1.90288 0 0
1.58228 80 76
0.13186 79 67
0.13186 77 63
0.13186 75 67
0.13186 74 64
0.55897 75 72
0.29194 77 74
0.29194 0 0
1.60800 78 80
0.25210 80 72
0.26549 79 69
0.25424 77 70
0.26549 75 67
0.25424 74 67
0.25424 72 64
0.17164 77 75
0.17164 76 71
0.17164 77 73
0.17164 79 75
0.17164 67 67
0.19818 75 69
1.05485 70 75
0.26087 74 68
0.27523 72 60
0.26316 70 66
0.27273 72 59
1.07198 69 62
1.05840 70 60
0.52743 0 0
0.52390 77 75
0.52390 70 75
0.52958 72 80
0.52958 77 59
0.53603 77 76
0.53603 74 76
0.65399 77 80
0.13080 79 69
0.13080 77 67
0.13080 76 70
0.26160 77 76
1.56958 75 63
0.53173 77 75
0.53173 69 75
0.52743 79 76
0.52743 70 76
0.52319 81 75
0.52319 72 75
0.64435 82 86
0.12873 84 75
0.12873 86 76
0.12873 82 72
0.25747 77 78
1.54548 70 86
0.54044 77 54
0.54044 74 54
0.53899 75 54
0.53899 72 54
0.58389 74 54
0.58389 70 54
0.64879 72 57
0.12976 74 52
0.12976 75 54
0.12976 72 52
0.25952 79 59
0.25952 0 0
0.53173 75 49
0.53173 67 49
0.53173 70 52
0.53173 65 52
0.55897 72 49
0.55897 69 49
0.83846 72 54
0.27949 73 50
1.11794 69 54
0.55897 74 45
0.55897 70 45
0.53600 77 74
0.53600 70 74
0.53600 77 59
0.53600 72 80
0.53600 74 75
0.53600 77 75
0.65399 77 83
0.13080 79 69
0.13080 77 71
0.13080 76 67
0.26160 77 77
1.56754 75 83
0.51437 77 76
0.51437 69 76
0.53826 70 81
0.53826 79 81
0.55191 81 76
0.55191 72 76
0.64435 82 86
0.12873 84 67
0.11907 86 70
0.11907 82 66
0.26791 77 63
1.54703 70 86
0.54044 77 54
0.54044 74 54
0.53899 75 54
0.53899 72 54
0.58389 74 54
0.58389 70 54
0.14554 71 45
0.14385 72 45
0.14301 74 46
0.14136 72 45
0.14055 75 50
0.13895 74 47
0.13817 77 52
0.13662 75 50
1.05485 79 60
0.52743 77 54
0.43029 0 0
0.14343 69 50
1.02180 70 51
0.51090 0 0
0.51224 80 66
0.51836 79 70
0.52531 81 73
0.53173 84 76
0.53173 82 71
0.53173 0 0
0.54574 68 69
0.55740 67 69
0.65402 69 63
0.65402 63 63
1.36240 63 54
1.36240 72 54
0.68120 62 42
0.68120 70 42
0.62279 65 47
0.62279 62 47
0.58389 67 52
0.58389 63 52
0.65232 68 55
0.65232 65 55
1.25026 69 67
1.25026 66 67
0.54044 70 62
0.54044 67 62
0.54044 73 54
0.54044 70 54
0.55897 67 56
0.55897 64 56
0.58389 72 51
0.58389 68 51
1.12761 70 55
1.12761 67 55
0.56380 68 52
0.56380 65 52
0.47468 77 54
0.05274 0 0
0.47468 77 54
0.05274 0 0
0.47468 77 54
0.05274 0 0
1.06345 78 62
0.51493 79 56
1.02987 82 63
0.52319 76 57
1.05485 79 64
0.52743 77 60
2.16177 0 0
0.49925 80 59
0.24963 79 61
0.24963 77 59
0.24000 75 57
0.25210 73 57
0.25747 72 59
0.25747 73 62
0.24773 77 66
0.24773 73 60
1.04639 72 57
2.15537 71 47
3.20176 68 57
3.20176 62 57
0.53173 0 0
0.51493 72 53
0.25747 71 56
0.25747 72 58
1.02987 63 53
0.25151 74 59
0.25151 72 56
0.25747 71 56
0.25747 72 59
1.01795 63 50
0.25151 75 61
0.27248 74 60
1.05485 71 66
1.57884 63 61
2.08452 72 60
2.08452 63 60
0.51903 0 0
0.46344 72 62
0.46344 63 62
0.05149 0 0
0.46082 72 64
0.46082 63 64
0.05109 0 0
0.45822 72 67
0.45822 63 67
0.05069 0 0
0.45565 72 70
0.45565 63 70
0.05030 0 0
0.48240 72 72
0.48240 63 72
0.05360 0 0
0.65399 73 74
0.13080 72 62
0.13080 70 57
0.13080 68 54
0.52319 67 66
1.56958 63 74
0.51090 79 67
0.51090 80 67
0.78288 72 65
0.25545 70 56
0.25545 73 60
0.29727 77 55
1.59135 68 63
0.28935 72 55
0.28935 70 55
0.57870 67 55
1.02987 68 46
0.51493 0 0
0.51090 72 46
0.51090 68 46
0.51090 72 49
0.51090 68 49
0.53173 72 46
0.53173 68 46
0.52743 77 58
1.02180 76 46
1.54922 72 58
1.54922 70 58
0.51090 72 47
0.51090 70 47
0.51090 72 51
0.51090 70 51
0.51090 72 47
0.51090 70 47
0.52743 79 59
1.02180 77 51
1.54922 72 59
1.54922 68 59
0.51903 72 51
0.51903 68 51
0.52319 72 54
0.52319 68 54
0.54044 72 49
0.54044 68 49
0.52319 80 64
1.03813 78 60
1.56132 72 64
1.56132 68 64
0.45624 72 50
0.45624 68 50
0.05069 0 0
0.45624 72 55
0.45624 68 55
0.05069 0 0
0.45624 72 51
0.45624 68 51
0.05069 0 0
0.52743 78 61
1.02180 76 56
1.54922 73 61
1.54922 68 61
0.51090 76 59
0.51090 68 59
0.51903 76 64
0.51903 68 64
0.54044 75 59
0.54044 68 59
0.81066 75 65
0.12873 77 52
0.12873 75 49
0.51493 74 52
1.58306 68 65
0.53600 68 45
0.53600 62 45
0.53600 68 47
0.53600 62 47
0.53600 68 45
0.53600 62 45
1.07200 68 47
1.07200 62 47
0.53600 0 0
0.49880 80 39
0.49880 74 39
0.05542 0 0
0.49880 80 39
0.49880 74 39
0.05542 0 0
0.52550 80 39
0.52550 74 39
0.05839 0 0
0.66065 80 43
0.07570 82 34
0.07570 80 36
0.07570 79 39
0.07570 80 41
0.15139 82 40
0.15139 84 37
1.26622 74 43
0.26800 82 43
0.26800 80 40
0.26800 79 44
0.26800 77 44
0.26586 75 46
0.27173 74 44
0.27558 72 44
0.28820 70 44
0.02840 0 0
0.79114 70 46
0.13186 72 46
0.13186 70 46
1.05480 67 46
0.51493 68 44
0.51493 65 44
0.51493 67 42
0.51493 63 42
0.52743 72 43
0.52743 68 43
0.51367 70 41
0.51367 67 41
0.02233 0 0
0.76039 70 45
0.12673 72 42
0.12673 70 42
1.01386 67 45
1.03806 68 47
1.29758 67 47
0.25952 64 44
0.25917 65 45
0.25747 67 46
0.25646 68 49
0.25545 69 51
0.25413 70 52
0.25346 71 54
0.12673 74 56
0.12706 72 54
0.12772 71 52
0.12840 72 54
0.12873 70 52
0.12976 68 49
0.13010 67 51
0.13080 65 50
1.05485 63 54
1.05485 55 54
0.13115 62 47
0.13115 53 47
0.13080 58 49
0.13080 57 50
0.13080 58 51
0.13010 59 52
0.12976 60 53
0.12976 61 54
0.12976 62 54
0.12907 63 55
0.12873 64 56
0.12873 65 57
0.12873 66 59
0.12806 67 60
0.12772 68 61
0.13400 69 62
0.11167 70 63
0.02233 0 0
0.77448 70 63
0.12772 72 57
0.12772 70 53
1.02993 67 63
0.12706 68 55
0.12739 67 54
0.12840 72 56
0.12976 70 53
0.13080 75 57
0.13080 74 55
0.13080 77 61
0.13080 75 55
0.13186 80 63
0.13186 79 59
0.13186 78 61
0.13186 79 61
0.13186 77 61
0.13186 75 59
0.13186 74 57
0.13186 72 55
0.52743 70 60
1.05485 69 63
0.79114 68 63
0.25545 67 66
0.25545 75 68
0.27022 73 64
0.25952 71 67
0.25952 72 64
0.25151 74 69
0.23055 75 64
0.02096 0 0
0.53173 75 70
0.77240 70 66
0.12873 72 54
0.10728 70 50
0.02146 0 0
0.12873 70 53
0.12873 68 45
0.12873 67 51
0.12873 65 45
1.05485 63 46
0.52743 0 0
0.51090 70 46
0.51090 67 46
0.51090 70 50
0.51090 67 50
0.54044 70 46
0.54044 67 46
0.52743 75 54
1.05485 74 46
1.58228 68 54
0.25545 82 50
0.25545 80 47
0.25545 79 52
0.25545 77 47
0.25545 75 49
0.25545 74 45
0.08720 77 54
0.65399 75 52
0.04360 0 0
0.13080 74 49
0.13080 72 45
0.50140 70 50
0.02180 0 0
0.45981 70 49
0.45981 67 49
0.05109 0 0
0.45981 70 53
0.45981 67 53
0.05109 0 0
0.47088 70 49
0.47088 67 49
0.05232 0 0
0.26160 75 62
0.26160 74 55
0.52319 68 62
1.04639 84 60
0.12673 82 50
0.12673 80 49
0.12673 84 52
0.12673 80 49
0.12673 79 51
0.12673 77 49
0.12673 80 51
0.12673 77 49
0.12673 75 51
0.12673 74 49
0.12673 77 52
0.12673 74 49
0.12673 75 54
0.12673 77 52
0.12673 75 52
0.12673 74 52
0.08384 75 50
0.08416 76 47
0.08449 77 50
0.12772 78 53
0.12907 79 54
0.50693 70 50
0.54496 70 45
0.54496 67 45
0.56872 68 47
0.56872 65 47
0.56976 67 51
0.56976 63 51
0.02477 0 0
0.26230 70 58
0.26586 69 49
0.26986 70 53
0.28436 67 42
1.08238 63 58
1.07550 65 38
1.07550 62 38
0.92479 0 0
0.13293 70 67
1.58228 82 73
0.13186 80 70
0.13186 79 66
0.13186 77 70
0.13186 75 64
0.52743 74 74
0.52743 75 72
0.55422 77 67
0.55422 74 67
0.13186 80 69
0.13186 79 65
0.13186 77 66
0.13186 79 65
0.52743 75 69
0.52743 80 70
0.52743 77 70
0.49046 70 57
0.05450 0 0
0.49046 70 59
0.05450 0 0
0.49046 70 59
0.05450 0 0
1.58228 80 72
0.13186 82 69
0.13186 80 65
0.13186 79 69
0.13186 77 64
0.52743 75 73
0.52743 77 70
0.52743 74 70
0.54955 79 71
0.54955 75 71
0.13400 82 67
0.13400 80 63
0.13400 79 67
0.13400 80 64
0.53600 77 67
0.26800 82 72
0.26800 79 72
1.90288 0 0
1.31856 73 83
0.06593 75 62
0.06593 73 58
0.06593 72 62
0.06593 73 59
0.26371 75 67
0.26371 77 67
0.26479 75 67
0.26874 73 60
0.27210 72 67
0.26442 71 61
0.02329 0 0
1.34000 71 70
0.26800 72 67
0.26160 75 69
0.26160 74 69
0.25424 77 69
0.26786 75 64
0.25424 74 68
0.26316 72 61
0.21122 70 59
0.21122 71 60
0.21122 72 62
0.21122 73 66
0.21122 74 68
0.16898 75 69
0.13186 75 60
0.92300 63 73
0.26316 67 59
0.27523 65 64
0.26316 63 64
0.27523 65 59
1.07677 62 59
1.06797 63 55
0.52743 0 0
0.47116 70 75
0.47116 63 75
0.05274 0 0
0.47640 70 59
0.47640 65 80
0.05317 0 0
0.48198 70 75
0.48198 67 75
0.05404 0 0
0.65399 70 80
0.13080 72 76
0.13080 70 70
0.13080 69 69
0.26160 70 79
1.56959 68 63
0.53173 70 74
0.53173 62 74
0.52743 72 76
0.52743 63 76
0.52319 74 72
0.52319 65 72
0.64435 75 81
0.12873 77 70
0.12873 79 72
0.12873 75 66
0.25747 70 69
1.54548 63 81
0.54044 70 52
0.54044 67 52
0.53899 68 54
0.53899 65 54
0.58389 67 52
0.58389 63 52
0.64879 65 57
0.12976 67 50
0.12976 68 52
0.12976 65 50
0.25952 72 56
0.25952 0 0
0.53173 65 46
0.53173 60 46
0.53173 63 49
0.53173 58 49
0.53568 65 46
0.53568 62 46
0.02329 0 0
0.83846 65 54
0.27949 66 50
1.11794 62 54
0.55897 67 45
0.55897 63 45
0.48240 82 76
0.48240 75 76
0.05360 0 0
0.48240 82 77
0.48240 77 77
0.05360 0 0
0.48240 82 76
0.48240 79 76
0.05360 0 0
0.65399 82 81
0.13080 84 73
0.13080 82 69
0.13080 81 70
0.26160 82 78
1.56754 80 81
0.51437 82 76
0.51437 74 76
0.53826 84 80
0.53826 75 80
0.55191 86 75
0.55191 77 75
0.64435 87 86
0.12873 86 68
0.12873 87 70
0.12873 82 66
0.25747 79 61
1.54548 75 86
0.54044 82 54
0.54044 79 54
0.53899 80 54
0.53899 77 54
0.58389 79 54
0.58389 75 54
0.14554 76 51
0.14385 77 50
0.14301 79 56
0.14136 77 55
0.14055 80 59
0.13895 79 58
0.13817 82 62
0.13662 80 60
1.05485 84 66
0.52743 82 59
0.43029 0 0
0.14343 74 53
1.02180 75 56
0.51090 0 0
0.51224 85 69
0.51836 84 72
0.52531 86 75
0.53173 89 81
0.53173 87 78
0.53173 0 0
0.54574 73 72
0.55740 72 74
0.65402 74 69
0.65402 68 69
1.36240 68 59
1.36240 77 59
0.68120 75 52
0.68120 67 52
0.62279 65 47
0.62279 62 47
0.58389 67 52
0.58389 63 52
0.62513 68 54
0.62513 65 54
1.07643 69 67
1.07643 66 67
0.54044 70 62
0.54044 67 62
0.54044 73 54
0.54044 70 54
0.55897 67 56
0.55897 64 56
0.58389 72 51
0.58389 68 51
1.12761 70 55
1.12761 67 55
0.56380 68 52
0.56380 65 52
0.47468 77 54
0.05274 0 0
0.47468 77 54
0.05274 0 0
0.47468 77 54
0.05274 0 0
1.06345 78 62
0.51493 79 56
1.02987 82 63
0.52319 76 57
1.05485 79 64
0.52743 77 60
2.16177 0 0
0.49925 80 59
0.24963 79 61
0.24963 77 59
0.24000 75 57
0.25210 73 57
0.25747 72 59
0.25747 73 62
0.24773 77 66
0.24773 73 60
1.04639 72 57
2.14587 71 47
3.19226 68 57
3.19226 62 57
0.53173 0 0
0.51493 72 53
0.25747 71 56
0.25747 72 58
1.02987 63 53
0.25151 74 59
0.25151 72 56
0.25424 71 56
0.25424 72 59
1.01149 63 50
0.25151 75 61
0.27248 74 60
1.05485 71 66
1.57884 63 61
2.11104 72 60
2.11104 63 60
0.50420 0 0
0.46344 72 62
0.46344 63 62
0.05149 0 0
0.46082 72 64
0.46082 63 64
0.05109 0 0
0.45822 72 67
0.45822 63 67
0.05069 0 0
0.44431 72 70
0.44431 63 70
0.05030 0 0
0.48240 72 72
0.48240 63 72
0.05360 0 0
0.65399 73 74
0.13080 72 62
0.13080 70 57
0.13080 68 54
0.52320 67 66
1.56959 63 74
0.51090 79 67
0.51090 80 67
0.78288 72 65
0.24590 70 56
0.24590 73 60
0.29727 77 55
1.58185 68 63
0.28935 72 55
0.28935 70 55
0.57870 67 55
1.02987 68 46
0.51493 0 0
0.51090 72 46
0.51090 68 46
0.51090 72 49
0.51090 68 49
0.53173 72 46
0.53173 68 46
0.52743 77 58
1.02180 76 46
1.54922 72 58
1.54922 70 58
0.51090 72 47
0.51090 70 47
0.51090 72 51
0.51090 70 51
0.54555 72 47
0.54555 70 47
0.52743 79 59
1.02180 77 51
1.54922 72 59
1.54922 68 59
0.51903 72 51
0.51903 68 51
0.52319 72 54
0.52319 68 54
0.55566 72 49
0.55566 68 49
0.52319 80 64
1.03813 78 60
1.56132 72 64
1.56132 68 64
0.45624 72 50
0.45624 68 50
0.05069 0 0
0.45624 72 55
0.45624 68 55
0.05069 0 0
0.45624 72 51
0.45624 68 51
0.05069 0 0
0.52743 78 61
1.02180 76 56
1.54922 73 61
1.54922 68 61
0.51090 76 59
0.51090 68 59
0.51903 76 64
0.51903 68 64
0.54044 75 59
0.54044 68 59
0.81066 75 65
0.12873 77 52
0.12873 75 49
0.51493 74 52
1.58306 68 65
0.53600 68 45
0.53600 62 45
0.53600 68 47
0.53600 62 47
0.53600 68 45
0.53600 62 45
1.07200 68 47
1.07200 62 47
0.53600 0 0
0.49880 80 39
0.49880 74 39
0.05542 0 0
0.49880 80 39
0.49880 74 39
0.05542 0 0
0.52550 80 39
0.52550 74 39
0.05839 0 0
0.66065 80 43
0.07814 82 34
0.07814 80 36
0.07814 79 39
0.07814 80 41
0.17049 82 40
0.17049 84 37
1.31420 74 43
0.26800 82 43
0.26800 80 40
0.26800 79 44
0.26800 77 44
0.26586 75 46
0.26986 74 44
0.27872 72 44
0.28820 70 44
0.02840 0 0
0.79108 70 46
0.12821 72 46
0.12821 70 46
1.04750 67 46
0.51493 68 44
0.51493 65 44
0.50747 67 42
0.50747 63 42
0.52743 72 43
0.52743 68 43
0.51367 70 41
0.51367 67 41
0.02233 0 0
0.76039 70 45
0.12673 72 42
0.12673 70 42
1.01386 67 45
1.03806 68 47
1.29758 67 47
0.25952 64 44
0.25917 65 45
0.25747 67 46
0.25646 68 49
0.25545 69 51
0.25413 70 52
0.25346 71 54
0.12673 74 56
0.12706 72 54
0.12772 71 52
0.12840 72 54
0.12873 70 52
0.12976 68 49
0.13010 67 51
0.13080 65 50
1.05485 63 54
1.05485 55 54
0.13115 62 47
0.13115 53 47
0.13080 58 49
0.13080 57 50
0.13080 58 51
0.13010 59 52
0.12976 60 53
0.12976 61 54
0.12976 62 54
0.12907 63 55
0.12873 64 56
0.12873 65 57
0.12873 66 59
0.12806 67 60
0.12772 68 61
0.13400 69 62
0.11167 70 63
0.02233 0 0
0.77448 70 63
0.12772 72 57
0.12772 70 53
1.02993 67 63
0.12706 68 55
0.12739 67 54
0.12840 72 56
0.12976 70 53
0.13080 75 57
0.13080 74 55
0.13080 77 61
0.13080 75 55
0.13186 80 63
0.13186 79 59
0.13186 78 61
0.13186 79 61
0.13186 77 61
0.13186 75 59
0.13186 74 57
0.13186 72 55
0.50008 70 60
1.05800 69 63
0.80372 68 63
0.25545 67 66
0.25545 75 68
0.27783 73 64
0.25952 71 67
0.25952 72 64
0.25151 74 69
0.23055 75 64
0.02096 0 0
0.53173 75 70
0.77240 70 66
0.12873 72 54
0.10728 70 50
0.02146 0 0
0.12873 70 53
0.12873 68 45
0.12873 67 51
0.12873 65 45
1.05485 63 46
0.52743 0 0
0.51090 70 46
0.51090 67 46
0.51090 70 50
0.51090 67 50
0.54044 70 46
0.54044 67 46
0.52743 75 54
1.05485 74 46
1.58228 68 54
0.25545 82 50
0.25545 80 47
0.25545 79 52
0.25545 77 47
0.25545 75 49
0.25545 74 45
0.08621 77 54
0.64843 75 52
0.04348 0 0
0.13043 74 49
0.13043 72 45
0.50000 70 50
0.02174 0 0
0.45981 70 49
0.45981 67 49
0.05109 0 0
0.45981 70 53
0.45981 67 53
0.05109 0 0
0.47088 70 49
0.47088 67 49
0.05232 0 0
0.25000 75 62
0.25862 74 55
0.50862 68 62
1.03448 84 60
0.12673 82 50
0.12673 80 49
0.12673 84 52
0.12673 80 49
0.12673 79 51
0.12673 77 49
0.12673 80 51
0.12673 77 49
0.12673 75 51
0.12673 74 49
0.12673 77 52
0.12673 74 49
0.12673 75 54
0.12673 77 52
0.12673 75 52
0.12673 74 52
0.08384 75 50
0.08416 76 47
0.08449 77 50
0.12772 78 53
0.12907 79 54
0.50693 70 50
0.54496 70 45
0.54496 67 45
0.56872 68 47
0.56872 65 47
0.58685 67 51
0.58685 63 51
0.02552 0 0
0.26230 70 58
0.26586 69 49
0.26986 70 53
0.28436 67 42
1.08238 63 58
1.07550 65 38
1.07550 62 38
0.92006 0 0
0.12821 70 67
1.58228 82 73
0.13186 80 70
0.13186 79 66
0.13186 77 70
0.13186 75 64
0.52743 74 74
0.52743 75 72
0.54260 77 67
0.54260 74 67
0.13186 80 69
0.13186 79 65
0.13186 77 66
0.13186 79 65
0.52743 75 69
0.52743 80 70
0.52743 77 70
0.49046 70 57
0.05450 0 0
0.49046 70 59
0.05450 0 0
0.49046 70 59
0.05450 0 0
1.58228 80 72
0.13186 82 69
0.13186 80 65
0.13186 79 69
0.13186 77 64
0.52743 75 73
0.52743 77 70
0.52743 74 70
0.53793 79 71
0.53793 75 71
0.13400 82 67
0.13400 80 63
0.13400 79 67
0.13400 80 64
0.53600 77 67
0.26800 82 72
0.26800 79 72
1.90288 0 0
1.31856 73 83
0.06593 75 62
0.06593 73 58
0.06593 72 62
0.06593 73 59
0.26316 75 67
0.26325 77 67
0.26479 75 67
0.26874 73 60
0.27210 72 67
0.26442 71 61
0.02329 0 0
1.34000 71 70
0.26800 72 67
0.26160 75 69
0.26160 74 69
0.25641 77 69
0.26786 75 64
0.25862 74 68
0.26786 72 61
0.21190 70 59
0.21190 71 60
0.20985 72 62
0.20165 73 66
0.21461 74 68
0.17860 75 69
0.13186 75 60
0.92300 63 73
0.25424 67 59
0.27273 65 64
0.25862 63 64
0.27523 65 59
1.06081 62 59
1.06797 63 55
0.52743 0 0
0.47116 70 75
0.47116 63 75
0.05274 0 0
0.47640 70 59
0.47640 65 80
0.05317 0 0
0.48198 70 75
0.48198 67 75
0.05404 0 0
0.65399 70 80
0.13080 72 76
0.13080 70 70
0.13080 69 69
0.26160 70 79
1.56959 68 63
0.53173 70 74
0.53173 62 74
0.52743 72 76
0.52743 63 76
0.52319 74 72
0.52319 65 72
0.63958 75 81
0.12397 77 70
0.12612 79 72
0.13043 75 66
0.25641 70 69
1.53293 63 81
0.54044 70 52
0.54044 67 52
0.53899 68 54
0.53899 65 54
0.58389 67 52
0.58389 63 52
0.64879 65 57
0.12976 67 50
0.12976 68 52
0.12976 65 50
0.25952 72 56
0.25952 0 0
0.53173 65 46
0.53173 60 46
0.53173 63 49
0.53173 58 49
0.53568 65 46
0.53568 62 46
0.02329 0 0
0.83846 65 54
0.27949 66 50
1.11794 62 54
0.55897 67 45
0.55897 63 45
0.48240 82 76
0.48240 75 76
0.05360 0 0
0.48240 82 77
0.48240 77 77
0.05360 0 0
0.48240 82 76
0.48240 79 76
0.05360 0 0
0.65399 82 81
0.13080 84 73
0.13080 82 69
0.13080 81 70
0.26160 82 78
1.56754 80 81
0.51437 82 76
0.51437 74 76
0.53826 84 80
0.53826 75 80
0.55191 86 75
0.55191 77 75
0.64062 87 86
0.12500 86 68
0.13274 87 70
0.13274 82 66
0.25641 79 61
1.54392 75 86
0.54044 82 54
0.54044 79 54
0.53899 80 54
0.53899 77 54
0.58389 79 54
0.58389 75 54
0.14554 76 51
0.14385 77 50
0.14301 79 56
0.14136 77 55
0.14055 80 59
0.13895 79 58
0.13817 82 62
0.13662 80 60
1.05485 84 66
0.52743 82 59
0.43029 0 0
0.14343 74 53
1.02180 75 56
0.51090 0 0
0.51224 85 69
0.51836 84 72
0.52531 86 75
0.53173 89 81
0.53173 87 78
0.53173 0 0
0.54574 73 72
0.55740 72 74
0.65402 74 69
0.65402 68 69
1.30804 68 54
1.30804 77 54
0.65402 75 42
0.65402 67 42
0.68197 65 41
0.68197 62 41
0.63843 67 46
0.63843 63 46
0.85739 68 45
0.85739 65 45
2.66726 68 37
2.66726 65 37
2.66726 62 34
0.66681 67 36
0.66681 63 36
#  Piano left
0.00220 0 0
2.10959 51 51
1.04213 0 0
1.01386 51 50
0.99850 53 46
1.04639 55 45
1.02987 61 55
1.02987 58 55
1.03833 56 51
1.03833 60 51
1.02180 0 0
0.26800 45 47
0.26800 46 50
0.26800 48 53
0.24567 46 51
0.02233 0 0
1.05203 46 49
1.04016 0 0
1.05485 51 53
1.05485 39 53
1.07237 0 0
1.05485 60 49
1.05485 51 49
1.07200 53 53
1.07200 60 53
0.98629 62 50
0.98629 58 50
0.52907 63 49
0.52907 60 49
0.53173 0 0
1.25705 56 54
1.25705 44 54
1.18906 55 50
1.20578 56 40
2.39484 46 50
0.26371 51 32
0.26371 55 32
0.26371 58 30
0.26371 55 27
0.26371 51 33
0.26371 55 29
0.25545 58 31
0.25545 55 29
0.25545 51 33
0.25545 55 29
0.27022 58 31
0.27022 55 29
0.26371 51 36
0.26371 53 27
0.26371 56 30
0.26371 53 27
0.26371 51 32
0.26371 53 27
0.25545 56 30
0.25545 53 27
0.25545 51 32
0.25545 53 27
0.25545 56 30
0.25545 53 27
0.26160 51 33
0.26160 55 27
0.26160 58 30
0.26160 55 27
0.26160 51 29
0.26160 55 27
0.25545 58 30
0.25545 55 27
0.25545 51 29
0.25545 55 27
0.26160 58 30
0.26160 55 27
0.26160 51 35
0.26160 53 29
0.26160 56 30
0.26160 53 29
0.26160 51 32
0.26160 53 27
0.25346 56 27
0.25346 53 27
0.25346 51 32
0.25346 53 27
0.25346 56 27
0.25346 53 27
1.01386 51 27
1.01386 55 27
0.50693 0 0
0.54496 55 32
0.54496 58 32
0.56872 60 34
0.56872 56 34
0.62279 60 35
0.62279 57 35
1.13744 58 37
0.56872 0 0
0.54421 58 46
0.53822 53 46
0.53315 50 46
0.52743 46 53
0.52743 50 45
0.52743 53 47
0.52743 58 45
0.52743 63 51
0.52743 62 47
1.05485 65 51
0.55422 60 51
0.55422 63 51
0.52743 58 47
0.52743 62 47
0.52743 57 47
0.52743 60 47
2.16230 0 0
0.52743 53 45
0.52743 57 45
0.52743 60 45
0.52743 62 50
0.52743 63 45
0.54955 62 51
1.07698 65 45
0.53600 63 45
0.53600 60 45
0.53600 58 50
0.53600 62 50
0.49046 46 54
0.05450 0 0
0.49046 46 57
0.05450 0 0
0.49046 46 54
0.58192 0 0
0.52743 50 54
0.52743 53 56
0.52743 56 52
0.55897 55 56
0.29194 50 53
0.82794 0 0
0.53600 51 53
0.53600 58 53
0.53600 51 53
0.53600 58 53
0.51759 51 55
0.51759 59 55
0.51972 60 55
0.51972 51 55
0.50847 51 53
0.50847 57 53
0.51493 50 54
0.51493 58 54
0.54147 58 50
0.54147 51 50
0.52743 62 50
0.52743 53 50
0.52743 53 46
0.52743 62 46
0.53610 53 42
0.53610 63 42
0.53589 53 42
0.53589 63 42
0.26549 58 45
0.26549 62 45
0.26549 58 50
0.26371 62 54
0.26371 65 57
0.26371 63 63
0.26371 65 54
0.26160 62 63
0.26230 65 54
0.26371 60 63
0.26586 65 56
0.26729 58 63
0.26874 65 55
0.26160 57 63
0.26160 60 53
0.26160 63 56
0.26160 62 53
0.26160 60 61
0.26160 58 54
0.26586 57 56
0.26586 55 54
0.26371 53 56
0.26371 55 54
0.26160 51 56
0.26160 53 54
0.25815 50 61
0.25747 53 52
0.25747 58 54
0.25747 53 51
0.25747 62 57
0.25747 0 0
0.54044 62 41
0.54044 58 41
0.53899 63 43
0.53899 60 43
0.58388 62 39
0.58388 65 39
1.03806 63 46
1.03806 67 46
0.51903 0 0
0.53173 51 41
0.53173 60 41
0.53173 62 43
0.55897 63 42
1.09070 53 43
1.11794 63 45
0.27949 62 35
1.39743 58 45
0.27949 58 51
0.26800 62 54
0.26800 65 51
0.26800 63 57
0.26800 62 54
0.26800 60 55
0.26800 58 53
0.26160 57 63
0.26160 60 54
0.26160 63 56
0.26160 62 54
0.26160 60 61
0.25955 58 54
0.25545 57 56
0.25892 55 54
0.26729 53 56
0.27097 55 54
0.27401 51 56
0.27790 53 54
0.25815 50 61
0.25747 53 46
0.25747 58 51
0.25747 53 45
0.25747 62 50
0.25747 0 0
0.54044 62 41
0.54044 58 41
0.53899 63 43
0.53899 60 43
0.58388 62 42
0.58388 65 42
1.12805 67 43
1.12805 63 43
1.05485 0 0
0.52743 57 43
0.57372 60 43
1.10115 53 43
1.10115 63 43
0.25545 58 43
0.25545 62 39
0.25545 65 40
0.25545 62 42
0.25545 58 46
0.25545 62 44
0.25545 65 45
0.25679 62 46
0.25815 63 53
0.26021 60 50
0.26160 65 51
0.26371 63 53
0.26586 62 56
0.26586 65 51
0.26586 62 53
0.26586 60 50
0.26586 58 64
0.26586 56 56
0.27173 53 59
0.27401 50 56
0.27711 51 64
0.28029 48 59
0.32701 53 64
0.32701 41 54
2.04360 46 46
0.62279 56 42
0.58388 55 45
0.63492 53 49
0.00220 0 0
2.10959 51 51
1.04213 0 0
1.01386 51 50
0.99850 53 46
1.04639 55 45
1.02987 61 55
1.02987 58 55
1.03833 56 51
1.03833 60 51
1.02180 0 0
0.26800 45 47
0.26800 46 50
0.26800 48 53
0.24567 46 51
0.02233 0 0
1.05203 46 49
1.04015 0 0
1.05485 51 53
1.05485 39 53
1.07237 0 0
1.05485 60 49
1.05485 51 49
1.07200 53 53
1.07200 60 53
1.05485 62 50
1.05485 58 50
0.54297 63 49
0.54297 60 49
0.53173 0 0
1.25564 56 54
1.25564 44 54
1.18906 55 50
1.18828 56 40
2.37734 46 50
0.26371 51 32
0.26371 55 32
0.26371 58 30
0.26371 55 27
0.26371 51 33
0.26371 55 29
0.25545 58 31
0.25545 55 29
0.25545 51 33
0.25545 55 29
0.27022 58 31
0.27022 55 29
0.26371 51 36
0.26371 53 27
0.26371 56 30
0.26371 53 27
0.26371 51 32
0.26371 53 27
0.25545 56 30
0.25545 53 27
0.25545 51 32
0.25545 53 27
0.25545 56 30
0.25545 53 27
0.26160 51 33
0.26160 55 27
0.26160 58 30
0.26160 55 27
0.26160 51 29
0.26160 55 27
0.25545 58 30
0.25545 55 27
0.25545 51 29
0.25545 55 27
0.26160 58 30
0.26160 55 27
0.26160 51 35
0.26160 53 29
0.26160 56 30
0.26160 53 29
0.26160 51 32
0.26160 53 27
0.25346 56 27
0.25346 53 27
0.25346 51 32
0.25346 53 27
0.25346 56 27
0.25346 53 27
1.01386 51 27
1.01386 55 27
0.50693 0 0
0.52641 55 32
0.52641 58 32
0.58835 60 34
0.58835 56 34
0.62279 60 35
0.62279 57 35
1.13744 58 37
0.56872 0 0
0.54421 58 46
0.53822 53 46
0.53315 50 46
0.52743 46 53
0.52743 50 45
0.52743 53 47
0.52743 58 45
0.52743 63 51
0.52743 62 47
1.05485 65 51
0.55422 60 51
0.55422 63 51
0.52743 58 47
0.52743 62 47
0.52743 57 47
0.52743 60 47
2.16230 0 0
0.52743 53 45
0.52743 57 45
0.52743 60 45
0.52743 62 50
0.52743 63 45
0.54955 62 51
1.07698 65 45
0.53600 63 45
0.53600 60 45
0.53600 58 50
0.53600 62 50
0.49046 46 54
0.05450 0 0
0.49046 46 57
0.05450 0 0
0.49046 46 54
0.58192 0 0
0.52743 50 54
0.52743 53 56
0.52743 56 52
0.55897 55 56
0.29194 50 53
0.82794 0 0
0.53600 51 53
0.53600 58 53
0.53600 51 53
0.53600 58 53
0.51759 51 55
0.51759 59 55
0.51972 60 55
0.51972 51 55
0.50847 51 53
0.50847 57 53
0.51493 50 54
0.51493 58 54
0.54147 58 50
0.54147 51 50
0.52743 62 50
0.52743 53 50
0.52743 53 46
0.52743 62 46
0.53610 53 42
0.53610 63 42
0.53589 53 42
0.53589 63 42
0.26549 58 45
0.26549 62 45
0.26549 58 50
0.26371 62 54
0.26371 65 57
0.26371 63 63
0.26371 65 54
0.26160 62 63
0.26230 65 54
0.26371 60 63
0.26586 65 56
0.26729 58 63
0.26874 65 55
0.26160 57 63
0.26160 60 53
0.26160 63 56
0.26160 62 53
0.26160 60 61
0.26160 58 54
0.26586 57 56
0.26586 55 54
0.26371 53 56
0.26371 55 54
0.26160 51 56
0.26160 53 54
0.25815 50 61
0.25747 53 52
0.25747 58 54
0.25747 53 51
0.25747 62 57
0.25747 0 0
0.54044 62 41
0.54044 58 41
0.53899 63 43
0.53899 60 43
0.58389 62 39
0.58389 65 39
1.03806 63 46
1.03806 67 46
0.51903 0 0
0.53173 51 41
0.53173 60 41
0.53173 62 43
0.55897 63 42
1.09070 53 43
1.11794 63 45
0.27949 62 35
1.39743 58 45
0.27949 58 51
0.26800 62 54
0.26800 65 51
0.26800 63 57
0.26800 62 54
0.26800 60 55
0.26800 58 53
0.26160 57 63
0.26160 60 54
0.26160 63 56
0.26160 62 54
0.26160 60 61
0.25955 58 54
0.25545 57 56
0.25892 55 54
0.26729 53 56
0.27097 55 54
0.27401 51 56
0.27790 53 54
0.25815 50 61
0.25747 53 46
0.25747 58 51
0.23813 53 45
0.26791 62 50
0.26790 0 0
0.54044 62 41
0.54044 58 41
0.53899 63 43
0.53899 60 43
0.58389 62 42
0.58389 65 42
1.12805 67 43
1.12805 63 43
1.05485 0 0
0.52743 57 43
0.57372 60 43
1.10115 53 43
1.10115 63 43
0.25545 58 43
0.25545 62 39
0.25545 65 40
0.25545 62 42
0.25545 58 46
0.25545 62 44
0.25545 65 45
0.25679 62 46
0.25815 63 53
0.26021 60 50
0.26160 65 51
0.26371 63 53
0.26586 62 56
0.26586 65 51
0.26586 62 53
0.26586 60 50
0.26586 58 64
0.26586 56 56
0.27173 53 59
0.27401 50 56
0.27711 51 64
0.28029 48 59
0.32701 53 64
0.32701 41 54
2.04360 46 46
0.62279 56 42
0.58389 55 45
0.65232 53 49
2.33115 52 56
1.14286 48 46
2.21884 49 53
1.05485 56 43
1.05485 60 43
1.06345 61 43
1.06345 58 43
1.02987 0 0
1.03813 70 43
1.03813 60 43
1.05485 70 43
0.52743 68 36
1.58228 65 43
0.48640 41 45
0.05404 0 0
0.48640 41 46
0.05404 0 0
0.48640 41 44
0.05404 0 0
3.04144 41 52
1.56958 41 42
0.47855 41 45
0.05317 0 0
0.47855 41 46
0.05317 0 0
0.51185 41 45
0.05687 0 0
3.10353 42 54
1.58228 43 49
0.46713 43 48
0.05190 0 0
0.46713 43 50
0.05190 0 0
0.46713 43 47
0.05190 0 0
2.05478 44 55
1.04195 45 62
1.04639 46 62
1.03409 49 48
1.03832 48 54
1.06361 49 44
1.04639 60 43
1.04639 51 43
1.12366 61 36
1.12366 51 36
0.25747 56 33
0.25747 60 26
0.25747 63 27
0.25747 60 25
0.25747 56 30
0.25747 60 26
0.25545 63 29
0.25545 60 26
0.25545 56 33
0.25545 60 27
0.26586 63 29
0.26586 60 27
0.26371 55 36
0.26371 58 26
0.25545 60 27
0.25545 58 26
0.25545 55 32
0.25545 58 26
0.25545 60 27
0.25545 58 25
0.25545 55 32
0.25545 58 27
0.25545 60 27
0.25545 58 25
0.26371 53 36
0.26371 56 27
0.25545 60 30
0.25545 56 27
0.25545 53 32
0.25545 56 26
0.25952 60 27
0.25952 56 26
0.26160 53 32
0.26160 56 27
0.27022 60 29
0.27022 56 27
0.26160 51 36
0.26160 54 30
0.26160 56 32
0.26160 54 29
0.25747 51 36
0.25747 54 29
0.25346 56 32
0.25346 54 29
0.25346 51 35
0.25346 54 29
0.25346 56 31
0.25346 54 27
0.26371 49 40
0.26371 52 34
0.25545 56 36
0.25545 52 33
0.25545 49 40
0.25545 52 33
0.25545 56 36
0.25545 52 33
0.25952 47 39
0.25952 51 34
0.27022 56 36
0.27022 51 33
1.58306 53 36
1.58306 46 36
0.53600 53 29
0.53600 46 29
0.53600 53 32
0.53600 46 32
0.53600 53 29
0.53600 46 29
1.07200 53 32
1.07200 46 32
0.53600 0 0
0.49880 58 27
0.49880 65 27
0.05542 0 0
0.49880 58 27
0.49880 65 27
0.05542 0 0
0.52550 58 27
0.52550 65 27
0.05839 0 0
1.26622 65 31
1.26622 58 31
2.20178 0 0
2.08472 51 39
1.06123 0 0
0.25346 51 37
0.25346 55 33
0.25346 58 36
0.25346 51 33
0.25952 53 40
0.25952 56 32
0.25952 62 35
0.25952 53 33
0.25952 55 40
0.25952 58 32
0.25952 63 36
0.25952 55 33
3.08448 60 41
3.08448 56 41
0.26371 45 44
0.26371 46 46
0.26371 48 49
0.24174 46 45
0.02198 0 0
1.04293 46 45
1.03906 0 0
1.02993 51 45
1.02993 39 45
1.03581 0 0
1.05485 60 53
1.05485 51 53
1.05485 60 51
1.05485 53 51
0.52743 58 46
0.52743 59 40
1.05485 62 46
0.51916 60 47
0.52567 55 45
0.51903 56 50
1.56386 63 47
0.50302 0 0
1.04666 55 51
1.02987 56 37
2.07653 46 51
0.26371 51 30
0.26371 55 26
0.26371 58 27
0.26371 55 27
0.26371 51 30
0.26371 55 27
0.25545 58 29
0.25545 55 27
0.25545 51 33
0.25545 55 27
0.27022 58 29
0.27022 55 27
0.26371 51 36
0.26371 53 27
0.26371 56 30
0.26371 53 27
0.26371 51 32
0.26371 53 27
0.25545 56 27
0.25545 53 26
0.25545 51 32
0.25545 53 27
0.25545 56 27
0.25545 53 27
0.26160 51 33
0.26160 55 26
0.26160 58 27
0.26160 55 26
0.26160 51 31
0.26160 55 26
0.25545 58 27
0.25545 55 26
0.25545 51 33
0.25545 55 27
0.26160 58 30
0.26160 55 27
0.26160 51 36
0.26160 53 25
0.26160 56 27
0.26160 53 24
0.26160 51 29
0.26160 53 23
0.25346 56 27
0.25346 53 23
0.25346 51 30
0.25346 53 26
0.25346 56 26
0.25346 53 25
1.01621 55 27
1.01621 51 27
0.50693 0 0
0.54496 55 32
0.56872 56 34
0.59453 57 35
1.36674 58 37
0.26371 59 41
0.26371 60 45
0.24174 58 43
0.02198 0 0
0.26371 58 45
0.26371 56 44
0.26443 55 45
0.26586 53 45
0.52743 51 53
0.52743 55 45
0.52743 58 47
0.52743 63 45
0.52743 68 51
0.52743 67 47
0.55422 65 51
0.55422 68 51
0.52743 63 47
0.52743 67 47
0.52743 65 47
0.52743 62 47
2.16230 0 0
0.52743 58 45
0.52743 62 45
0.52743 65 45
0.52743 67 50
0.52743 68 45
0.54955 67 51
1.07698 70 45
0.53600 68 45
0.53600 65 45
0.53600 67 50
0.53600 63 50
0.49046 51 54
0.49046 39 54
0.05450 0 0
0.49046 51 56
0.49046 39 56
0.05450 0 0
0.49046 51 54
0.49046 39 54
0.58192 0 0
0.47468 55 47
0.47468 63 47
0.05274 0 0
0.47468 63 49
0.47468 55 49
0.05274 0 0
0.47468 63 48
0.47468 55 48
0.05274 0 0
0.47948 63 51
0.47948 55 51
0.05404 0 0
0.50358 63 45
0.50358 55 45
0.59223 0 0
0.53600 55 47
0.53600 56 50
1.07200 63 47
0.47088 56 55
0.47088 63 55
0.05232 0 0
0.46852 63 55
0.46852 56 55
0.05357 0 0
0.46476 63 50
0.46476 56 50
0.05263 0 0
0.50693 63 53
0.50693 55 53
0.50693 63 48
0.50693 56 48
0.47468 55 50
0.47468 46 50
0.05274 0 0
0.47468 55 46
0.47468 46 46
0.05274 0 0
0.48334 56 39
0.48334 46 39
0.05505 0 0
0.48334 56 39
0.48334 46 39
0.05505 0 0
0.27027 55 45
0.27027 51 45
0.27027 51 50
0.26371 55 54
0.26371 58 57
0.26371 56 63
0.26371 58 56
0.26160 55 63
0.26230 58 56
0.26371 53 63
0.26586 58 56
0.26729 51 63
0.26874 58 56
0.26160 50 63
0.26160 53 54
0.26160 56 56
0.26160 55 53
0.26160 53 61
0.26160 51 54
0.26586 50 56
0.26586 48 54
0.26371 46 56
0.26371 48 54
0.26160 44 56
0.26160 46 52
0.25815 43 61
0.25747 46 47
0.25747 51 52
0.25747 46 47
0.25747 55 52
0.25747 0 0
0.54044 55 43
0.54044 51 43
0.53899 56 43
0.53899 53 43
0.58389 58 43
0.58389 55 43
1.03806 60 46
1.03806 56 46
0.51903 0 0
0.53173 53 36
0.53173 44 36
0.53173 55 43
0.53568 56 36
1.09070 46 43
1.11794 56 45
0.27949 55 35
1.39743 51 45
0.27949 63 52
0.26800 67 54
0.26800 70 51
0.26800 68 57
0.26800 67 52
0.26800 65 54
0.26800 63 53
0.26160 62 63
0.26160 65 54
0.26160 68 56
0.26160 67 54
0.26160 65 61
0.25955 63 54
0.25545 62 56
0.25892 60 54
0.26729 58 56
0.27097 60 54
0.27401 56 56
0.27790 58 53
0.25815 55 61
0.25747 58 45
0.25747 60 49
0.25747 62 45
0.25747 63 46
0.25747 0 0
0.54044 67 43
0.54044 63 43
0.53899 68 43
0.53899 65 43
0.58389 70 36
0.58389 67 36
0.57376 72 43
0.57376 68 43
1.60914 0 0
0.52743 62 43
0.57372 65 43
1.10115 68 43
1.10115 58 43
0.25545 63 43
0.25545 67 39
0.25545 70 40
0.25545 67 42
0.25545 63 46
0.25545 67 44
0.25545 70 49
0.25679 67 50
0.25815 68 58
0.26021 65 55
0.26160 70 56
0.26371 68 58
0.26586 67 62
0.26586 70 56
0.26586 67 53
0.26586 65 55
0.26586 63 70
0.26586 61 61
0.27173 58 64
0.27401 55 61
0.27711 56 70
0.28029 53 64
0.32701 58 70
0.32701 46 59
2.04360 51 50
0.62279 56 42
0.58389 55 45
0.62513 53 47
2.15731 52 56
1.14286 48 46
2.21884 49 53
1.05485 56 43
1.05485 60 43
1.06345 61 43
1.06345 58 43
1.02987 0 0
1.03813 70 43
1.03813 60 43
1.05485 70 43
0.52743 68 36
1.58228 65 43
0.48640 41 45
0.05404 0 0
0.48640 41 46
0.05404 0 0
0.48640 41 44
0.05404 0 0
3.04144 41 52
1.56009 41 42
0.47855 41 45
0.05317 0 0
0.47855 41 46
0.05317 0 0
0.51185 41 45
0.05687 0 0
3.09707 42 54
1.58228 43 49
0.46713 43 48
0.05190 0 0
0.46713 43 50
0.05190 0 0
0.49100 43 47
0.05456 0 0
2.03996 44 55
1.03061 45 62
1.04639 46 62
1.03409 49 48
1.03832 48 54
1.04452 49 44
1.03689 60 43
1.03689 51 43
1.12366 61 36
1.12366 51 36
0.25747 56 33
0.25747 60 26
0.25747 63 27
0.25747 60 25
0.25747 56 30
0.25747 60 26
0.25545 63 29
0.25545 60 26
0.25545 56 33
0.25545 60 27
0.26586 63 29
0.26586 60 27
0.26371 55 36
0.26371 58 26
0.25545 60 27
0.25545 58 26
0.25545 55 32
0.25545 58 26
0.25545 60 27
0.25545 58 25
0.25545 55 32
0.25545 58 27
0.27278 60 27
0.27278 58 25
0.26371 53 36
0.26371 56 27
0.25545 60 30
0.25545 56 27
0.25545 53 32
0.25545 56 26
0.25952 60 27
0.25952 56 26
0.26160 53 32
0.26160 56 27
0.27783 60 29
0.27783 56 27
0.26160 51 36
0.26160 54 30
0.26160 56 32
0.26160 54 29
0.25747 51 36
0.25747 54 29
0.25346 56 32
0.25346 54 29
0.25346 51 35
0.25346 54 29
0.25346 56 31
0.25346 54 27
0.26371 49 40
0.26371 52 34
0.25545 56 36
0.25545 52 33
0.25545 49 40
0.25545 52 33
0.25545 56 36
0.25545 52 33
0.25952 47 39
0.25952 51 34
0.27022 56 36
0.27022 51 33
1.58306 53 36
1.58306 46 36
0.53600 53 29
0.53600 46 29
0.53600 53 32
0.53600 46 32
0.53600 53 29
0.53600 46 29
1.07200 53 32
1.07200 46 32
0.53600 0 0
0.49880 58 27
0.49880 65 27
0.05542 0 0
0.49880 58 27
0.49880 65 27
0.05542 0 0
0.52550 58 27
0.52550 65 27
0.05839 0 0
1.31420 65 31
1.31420 58 31
2.20305 0 0
2.06995 51 39
1.06123 0 0
0.25346 51 37
0.25346 55 33
0.25346 58 36
0.25346 51 33
0.25952 53 40
0.25952 56 32
0.25952 62 35
0.25952 53 33
0.25952 55 40
0.25952 58 32
0.25952 63 36
0.25952 55 33
3.08448 60 41
3.08448 56 41
0.26371 45 44
0.26371 46 46
0.26371 48 49
0.24174 46 45
0.02198 0 0
1.04293 46 45
1.03906 0 0
1.02993 51 45
1.02993 39 45
1.03581 0 0
1.05485 60 53
1.05485 51 53
1.03589 60 51
1.03589 53 51
0.52219 58 46
0.53581 59 40
1.05800 62 46
0.52335 60 47
0.53328 55 45
0.51903 56 50
1.57566 63 47
0.50302 0 0
1.04666 55 51
1.02987 56 37
2.07653 46 51
0.26371 51 30
0.26371 55 26
0.26371 58 27
0.26371 55 27
0.26371 51 30
0.26371 55 27
0.25545 58 29
0.25545 55 27
0.25545 51 33
0.25545 55 27
0.27022 58 29
0.27022 55 27
0.26371 51 36
0.26371 53 27
0.26371 56 30
0.26371 53 27
0.26371 51 32
0.26371 53 27
0.25545 56 27
0.25545 53 26
0.25545 51 32
0.25545 53 27
0.25545 56 27
0.25545 53 27
0.25862 51 33
0.25862 55 26
0.26087 58 27
0.26087 55 26
0.26087 51 31
0.26087 55 26
0.25545 58 27
0.25545 55 26
0.25545 51 33
0.25545 55 27
0.26160 58 30
0.26160 55 27
0.25000 51 36
0.25862 53 25
0.25862 56 27
0.25862 53 24
0.25862 51 29
0.25862 53 23
0.25346 56 27
0.25346 53 23
0.25346 51 30
0.25346 53 26
0.25346 56 26
0.25346 53 25
1.01621 55 27
1.01621 51 27
0.50693 0 0
0.54496 55 32
0.56872 56 34
0.61237 57 35
1.36674 58 37
0.26371 59 41
0.26371 60 45
0.24174 58 43
0.02198 0 0
0.26371 58 45
0.26371 56 44
0.26443 55 45
0.25641 53 45
0.52743 51 53
0.52743 55 45
0.52743 58 47
0.52743 63 45
0.52743 68 51
0.52743 67 47
0.54260 65 51
0.54260 68 51
0.52743 63 47
0.52743 67 47
0.52743 65 47
0.52743 62 47
2.16230 0 0
0.52743 58 45
0.52743 62 45
0.52743 65 45
0.52743 67 50
0.52743 68 45
0.53793 67 51
1.06536 70 45
0.53600 68 45
0.53600 65 45
0.53600 67 50
0.53600 63 50
0.49046 51 54
0.49046 39 54
0.05450 0 0
0.49046 51 56
0.49046 39 56
0.05450 0 0
0.49046 51 54
0.49046 39 54
0.58192 0 0
0.47468 55 47
0.47468 63 47
0.05274 0 0
0.47468 63 49
0.47468 55 49
0.05274 0 0
0.47368 63 48
0.47368 55 48
0.05272 0 0
0.47948 63 51
0.47948 55 51
0.05404 0 0
0.50358 63 45
0.50358 55 45
0.59223 0 0
0.53600 55 47
0.53600 56 50
1.07200 63 47
0.47088 56 55
0.47088 63 55
0.05232 0 0
0.47070 63 55
0.47070 56 55
0.05357 0 0
0.47291 63 50
0.47291 56 50
0.05357 0 0
0.50856 63 53
0.50856 55 53
0.50988 63 48
0.50988 56 48
0.47468 55 50
0.47468 46 50
0.05274 0 0
0.47468 55 46
0.47468 46 46
0.05274 0 0
0.47242 56 39
0.47242 46 39
0.05455 0 0
0.47880 56 39
0.47880 46 39
0.05505 0 0
0.27027 55 45
0.27027 51 45
0.27027 51 50
0.26371 55 54
0.26371 58 57
0.26371 56 63
0.26371 58 56
0.26160 55 63
0.26230 58 56
0.26371 53 63
0.26586 58 56
0.26729 51 63
0.26874 58 56
0.26160 50 63
0.26160 53 54
0.26160 56 56
0.26160 55 53
0.26160 53 61
0.26160 51 54
0.26586 50 56
0.26586 48 54
0.26371 46 56
0.26371 48 54
0.26160 44 56
0.26160 46 52
0.25815 43 61
0.25747 46 47
0.24793 51 52
0.25656 46 47
0.25641 55 52
0.25641 0 0
0.54044 55 43
0.54044 51 43
0.53899 56 43
0.53899 53 43
0.58389 58 43
0.58389 55 43
1.03806 60 46
1.03806 56 46
0.51903 0 0
0.53173 53 36
0.53173 44 36
0.53173 55 43
0.53568 56 36
1.09070 46 43
1.11794 56 45
0.27949 55 35
1.39743 51 45
0.27949 63 52
0.26800 67 54
0.26800 70 51
0.26800 68 57
0.26800 67 52
0.26800 65 54
0.26800 63 53
0.26160 62 63
0.26160 65 54
0.26160 68 56
0.26160 67 54
0.26160 65 61
0.25955 63 54
0.25545 62 56
0.25892 60 54
0.26729 58 56
0.27097 60 54
0.27401 56 56
0.27790 58 53
0.25815 55 61
0.25747 58 45
0.25000 60 49
0.26549 62 45
0.25641 63 46
0.25641 0 0
0.54044 67 43
0.54044 63 43
0.53899 68 43
0.53899 65 43
0.58389 70 36
0.58389 67 36
0.57376 72 43
0.57376 68 43
1.60914 0 0
0.52743 62 43
0.57372 65 43
1.10115 68 43
1.10115 58 43
0.25545 63 43
0.25545 67 39
0.25545 70 40
0.25545 67 42
0.25545 63 46
0.25545 67 44
0.25545 70 49
0.25679 67 50
0.25815 68 58
0.26021 65 55
0.26160 70 56
0.26371 68 58
0.26586 67 62
0.26586 70 56
0.26586 67 53
0.26586 65 55
0.26586 63 70
0.26586 61 61
0.27173 58 64
0.27401 55 61
0.27711 56 70
0.28029 53 64
0.32701 58 70
0.32701 46 59
1.96207 51 46
1.32041 0 0
0.85739 46 36
3.33407 51 31
3.33407 39 27
