"mz_331_3"

#  Piano right
0.39735 0 0
0.09934 71 66
0.09934 69 64
0.09934 68 64
0.11278 69 64
0.09934 72 71
0.31146 0 0
0.10000 74 66
0.10000 72 63
0.10000 71 63
0.11364 72 63
0.09934 76 72
0.30897 0 0
0.09934 77 66
0.09934 76 63
0.09934 75 63
0.10417 76 63
0.09934 83 70
0.09934 81 64
0.09934 80 64
0.09934 81 64
0.10135 83 69
0.10135 81 64
0.10135 80 64
0.11450 81 64
0.42674 84 72
0.09934 81 68
0.09934 0 0
0.10714 84 65
0.07282 0 0
0.02232 79 63
0.02232 81 63
0.10135 83 80
0.10135 0 0
0.10135 81 64
0.10135 78 54
0.10135 0 0
0.09934 79 69
0.09934 76 58
0.09934 0 0
0.10714 81 64
0.10714 78 54
0.07143 0 0
0.02246 79 65
0.02246 81 65
0.10135 83 82
0.10135 0 0
0.10135 81 66
0.10135 78 56
0.10135 0 0
0.09934 79 69
0.09934 76 58
0.09934 0 0
0.10791 81 65
0.10791 78 55
0.06881 0 0
0.02219 79 64
0.04736 81 64
0.10067 83 79
0.10067 0 0
0.10067 81 68
0.10067 78 57
0.10067 0 0
0.10949 79 69
0.10949 76 58
0.10949 0 0
0.11628 78 66
0.11628 75 56
0.11628 0 0
0.45732 76 69
0.03049 0 0
0.09934 71 66
0.09934 69 64
0.09934 68 64
0.11278 69 64
0.09934 72 71
0.31146 0 0
0.10000 74 66
0.10000 72 63
0.10000 71 63
0.11364 72 63
0.09934 76 72
0.30897 0 0
0.09934 77 66
0.09934 76 63
0.09934 75 63
0.10417 76 63
0.09934 83 70
0.09934 81 64
0.09934 80 64
0.09934 81 64
0.10135 83 69
0.10135 81 64
0.10135 80 64
0.11450 81 64
0.42674 84 72
0.09934 81 68
0.09934 0 0
0.10714 84 65
0.07282 0 0
0.02232 79 63
0.02232 81 63
0.10135 83 80
0.10135 0 0
0.10135 81 64
0.10135 78 54
0.10135 0 0
0.09934 79 69
0.09934 76 58
0.09934 0 0
0.10714 81 64
0.10714 78 54
0.07143 0 0
0.02246 79 65
0.02246 81 65
0.10135 83 82
0.10135 0 0
0.10135 81 66
0.10135 78 56
0.10135 0 0
0.09934 79 69
0.09934 76 58
0.09934 0 0
0.10791 81 65
0.10791 78 55
0.06881 0 0
0.02219 79 64
0.04719 81 64
0.10000 83 79
0.10000 0 0
0.10000 81 68
0.10000 78 57
0.10000 0 0
0.10870 79 69
0.10870 76 58
0.10870 0 0
0.12295 78 66
0.12295 75 56
0.12295 0 0
0.43269 76 69
0.02885 0 0
0.10870 76 56
0.10870 72 56
0.10870 0 0
0.10638 77 56
0.10638 74 56
0.10638 0 0
0.10417 79 66
0.10417 76 66
0.10417 0 0
0.10417 79 57
0.10417 76 57
0.10417 0 0
0.10274 81 64
0.10274 79 57
0.10776 77 57
0.11278 76 57
0.21583 71 65
0.21758 67 59
0.43341 74 65
0.10870 76 56
0.10870 72 56
0.10870 0 0
0.10638 77 56
0.10638 74 56
0.10638 0 0
0.10417 79 66
0.10417 76 66
0.10417 0 0
0.10417 79 57
0.10417 76 57
0.10417 0 0
0.10274 81 64
0.10274 79 57
0.10776 77 57
0.11278 76 57
0.43341 71 65
0.43341 74 65
0.11364 72 56
0.11364 69 56
0.11364 0 0
0.10638 74 56
0.10638 71 56
0.10638 0 0
0.10417 76 66
0.10417 72 66
0.10417 0 0
0.10417 76 57
0.10417 72 57
0.10417 0 0
0.10274 77 64
0.10274 76 57
0.10776 74 57
0.11278 72 57
0.21583 68 65
0.21583 64 59
0.43165 71 65
0.10870 72 56
0.10870 69 56
0.10870 0 0
0.10638 74 56
0.10638 71 56
0.10638 0 0
0.10417 76 66
0.10417 72 66
0.10417 0 0
0.10417 76 57
0.10417 72 57
0.10417 0 0
0.10274 77 64
0.10274 76 57
0.10776 74 57
0.11278 72 57
0.43165 68 65
0.43165 71 65
0.09934 71 56
0.09934 69 56
0.09934 68 56
0.11278 69 56
0.09934 72 59
0.31146 0 0
0.10000 74 62
0.10000 72 57
0.10000 71 57
0.11364 72 57
0.09934 76 66
0.30897 0 0
0.09934 77 63
0.09934 76 58
0.09934 75 58
0.10417 76 58
0.10000 83 70
0.10000 81 63
0.10000 80 63
0.10000 81 63
0.10345 83 71
0.10345 81 64
0.10345 80 64
0.12821 81 64
0.42674 84 76
0.10274 81 62
0.10274 0 0
0.10714 83 62
0.10714 0 0
0.10135 84 70
0.10135 0 0
0.10135 83 62
0.10135 0 0
0.09934 81 62
0.09934 0 0
0.10714 80 62
0.10714 0 0
0.10135 81 71
0.10135 0 0
0.10135 76 64
0.10466 0 0
0.09934 77 64
0.09603 0 0
0.10791 74 64
0.10791 0 0
0.41096 72 74
0.05435 71 64
0.05435 72 57
0.05435 71 57
0.05435 72 57
0.00376 71 57
0.03383 0 0
0.03752 72 57
0.03911 71 57
0.06706 69 64
0.07580 71 57
0.44291 69 65
0.02953 0 0
0.10870 76 56
0.10870 72 56
0.10870 0 0
0.10638 77 56
0.10638 74 56
0.10638 0 0
0.10417 79 66
0.10417 76 66
0.10417 0 0
0.10417 79 57
0.10417 76 57
0.10417 0 0
0.10274 81 64
0.10274 79 57
0.10776 77 57
0.11278 76 57
0.21583 71 65
0.21758 67 59
0.43341 74 65
0.10870 76 56
0.10870 72 56
0.10870 0 0
0.10638 77 56
0.10638 74 56
0.10638 0 0
0.10417 79 66
0.10417 76 66
0.10417 0 0
0.10417 79 57
0.10417 76 57
0.10417 0 0
0.10274 81 64
0.10274 79 57
0.10776 77 57
0.11278 76 57
0.43341 71 65
0.43341 74 65
0.11364 72 56
0.11364 69 56
0.11364 0 0
0.10638 74 56
0.10638 71 56
0.10638 0 0
0.10417 76 66
0.10417 72 66
0.10417 0 0
0.10417 76 57
0.10417 72 57
0.10417 0 0
0.10274 77 64
0.10274 76 57
0.10776 74 57
0.11278 72 57
0.21583 68 65
0.21583 64 59
0.43165 71 65
0.10870 72 56
0.10870 69 56
0.10870 0 0
0.10638 74 56
0.10638 71 56
0.10638 0 0
0.10417 76 66
0.10417 72 66
0.10417 0 0
0.10417 76 57
0.10417 72 57
0.10417 0 0
0.10274 77 64
0.10274 76 57
0.10776 74 57
0.11278 72 57
0.43165 68 65
0.43165 71 65
0.09934 71 56
0.09934 69 56
0.09934 68 56
0.11278 69 56
0.09934 72 59
0.31146 0 0
0.10000 74 62
0.10000 72 57
0.10000 71 57
0.11364 72 57
0.09934 76 66
0.30897 0 0
0.09934 77 63
0.09934 76 58
0.09934 75 58
0.10417 76 58
0.10000 83 70
0.10000 81 63
0.10000 80 63
0.10000 81 63
0.10345 83 71
0.10345 81 64
0.10345 80 64
0.12821 81 64
0.42674 84 76
0.10274 81 62
0.10274 0 0
0.10714 83 62
0.10714 0 0
0.10135 84 70
0.10135 0 0
0.10135 83 62
0.10135 0 0
0.09934 81 62
0.09934 0 0
0.10714 80 62
0.10714 0 0
0.10135 81 71
0.10135 0 0
0.10135 76 64
0.10466 0 0
0.09934 77 64
0.09603 0 0
0.10791 74 64
0.10791 0 0
0.41096 72 74
0.05435 71 64
0.05435 72 57
0.05435 71 57
0.05435 72 57
0.00376 71 57
0.03383 0 0
0.03752 72 57
0.03911 71 57
0.06706 69 64
0.07580 71 57
0.44291 69 65
0.02953 0 0
0.10563 81 84
0.10563 69 73
0.10563 0 0
0.10791 83 84
0.10791 71 73
0.10791 0 0
0.41535 85 90
0.41535 73 78
0.10345 81 84
0.10345 69 73
0.10345 0 0
0.10563 83 84
0.10563 71 73
0.10563 0 0
0.10204 85 91
0.10204 73 79
0.10204 0 0
0.10274 83 82
0.10274 71 72
0.10274 0 0
0.10274 81 89
0.10274 69 77
0.10274 0 0
0.11194 80 84
0.11194 68 73
0.11194 0 0
0.10274 78 92
0.10274 66 80
0.10274 0 0
0.10489 80 78
0.10489 68 69
0.10489 0 0
0.10274 81 86
0.10274 69 75
0.10274 0 0
0.11194 83 80
0.11194 71 70
0.11194 0 0
0.21277 80 90
0.21277 68 78
0.11364 76 84
0.11364 64 73
0.11364 0 0
0.10417 81 84
0.10417 69 73
0.10417 0 0
0.10489 83 84
0.10489 71 73
0.10489 0 0
0.41387 85 90
0.41387 73 78
0.10204 81 84
0.10204 69 73
0.10204 0 0
0.10563 83 84
0.10563 71 73
0.10563 0 0
0.10274 85 91
0.10274 73 79
0.10274 0 0
0.10345 83 82
0.10345 71 72
0.10345 0 0
0.10417 81 89
0.10417 69 77
0.10417 0 0
0.10870 80 84
0.10870 68 73
0.10870 0 0
0.10345 78 92
0.10345 66 80
0.10345 0 0
0.10870 83 78
0.10870 71 69
0.10870 0 0
0.11278 80 86
0.11278 68 75
0.11278 0 0
0.11628 76 80
0.11628 64 70
0.11628 0 0
0.42293 81 90
0.42293 69 78
0.02820 0 0
0.10563 81 84
0.10563 69 73
0.10563 0 0
0.10791 83 84
0.10791 71 73
0.10791 0 0
0.41535 85 90
0.41535 73 78
0.10345 81 84
0.10345 69 73
0.10345 0 0
0.10638 83 84
0.10638 71 73
0.10638 0 0
0.10204 85 91
0.10204 73 79
0.10204 0 0
0.10489 83 82
0.10489 71 72
0.10489 0 0
0.10274 81 89
0.10274 69 77
0.10274 0 0
0.10714 80 84
0.10714 68 73
0.10714 0 0
0.10274 78 92
0.10274 66 80
0.10274 0 0
0.10791 80 78
0.10791 68 69
0.10791 0 0
0.10417 81 86
0.10417 69 75
0.10417 0 0
0.10949 83 80
0.10949 71 70
0.10949 0 0
0.21277 80 90
0.21277 68 78
0.11029 76 84
0.11029 64 73
0.11029 0 0
0.10638 81 84
0.10638 69 73
0.10638 0 0
0.10489 83 84
0.10489 71 73
0.10489 0 0
0.41387 85 90
0.41387 73 78
0.10204 81 84
0.10204 69 73
0.10204 0 0
0.10791 83 84
0.10791 71 73
0.10791 0 0
0.10274 85 91
0.10274 73 79
0.10274 0 0
0.10345 83 82
0.10345 71 72
0.10345 0 0
0.10417 81 89
0.10417 69 77
0.10417 0 0
0.10870 80 84
0.10870 68 73
0.10870 0 0
0.10345 78 92
0.10345 66 80
0.10345 0 0
0.11364 83 78
0.11364 71 69
0.11364 0 0
0.11278 80 86
0.11278 68 75
0.11278 0 0
0.11628 76 80
0.11628 64 70
0.11628 0 0
0.42317 81 90
0.42317 69 78
0.02880 0 0
0.11754 85 60
0.11120 86 52
0.11576 85 52
0.11941 83 52
0.11786 81 58
0.11749 83 50
0.11379 81 50
0.11401 80 50
0.11620 78 56
0.11627 81 50
0.11702 80 46
0.11680 78 46
0.11458 77 58
0.11466 78 47
0.11538 80 49
0.11538 77 46
0.11538 73 56
0.11546 75 47
0.11620 77 50
0.11620 73 47
0.11620 78 56
0.11612 77 47
0.11538 78 51
0.11538 80 48
0.11538 81 58
0.11546 80 54
0.11620 81 56
0.11605 83 59
0.11458 85 68
0.11437 84 62
0.11224 85 66
0.10204 84 59
0.11458 85 61
0.11481 86 55
0.11775 85 55
0.12413 83 55
0.11538 81 58
0.11524 83 47
0.11379 81 53
0.11386 80 47
0.11458 78 54
0.11481 81 47
0.11702 80 50
0.11702 78 46
0.11702 76 56
0.11680 78 47
0.11458 80 50
0.11466 76 47
0.11538 73 54
0.11561 75 47
0.11786 76 53
0.11763 73 47
0.11538 75 53
0.11538 76 47
0.11538 78 51
0.11538 75 47
0.11662 72 50
0.11768 73 47
0.12009 75 50
0.12806 72 46
0.40761 73 52
0.02873 0 0
0.12141 85 60
0.11158 86 52
0.11576 85 52
0.11949 83 52
0.11871 81 58
0.11848 83 50
0.11620 81 50
0.11620 80 50
0.11620 78 56
0.11627 81 50
0.11702 80 46
0.11717 78 46
0.11871 77 58
0.11840 78 47
0.11538 80 49
0.11538 77 46
0.11538 73 56
0.11546 75 47
0.11620 77 50
0.11620 73 47
0.11620 78 56
0.11612 77 47
0.11538 78 51
0.11538 80 48
0.11538 81 58
0.11546 80 54
0.11620 81 56
0.11627 83 59
0.11702 85 68
0.11673 84 62
0.11379 85 66
0.10345 84 59
0.11379 85 64
0.11409 86 57
0.11702 85 57
0.11687 83 57
0.11538 81 60
0.11524 83 51
0.11379 81 55
0.11379 80 47
0.11379 78 54
0.11409 81 47
0.11702 80 50
0.11695 78 46
0.11620 76 53
0.11591 78 47
0.11301 80 50
0.11316 76 47
0.11458 73 54
0.11488 75 47
0.11786 76 53
0.11786 73 47
0.11786 75 53
0.11763 76 47
0.11538 78 51
0.11538 75 47
0.11662 72 50
0.11768 73 47
0.12009 75 50
0.12806 72 46
0.40761 73 52
0.02717 0 0
0.11458 76 69
0.11466 74 59
0.11576 73 59
0.11941 71 59
0.11786 69 66
0.11771 71 57
0.11620 73 57
0.11620 74 57
0.11620 76 64
0.11627 78 57
0.11702 80 56
0.10195 81 56
0.00443 0 0
0.11301 81 66
0.11323 80 60
0.11538 78 60
0.10052 76 57
0.00437 0 0
0.11538 76 64
0.11546 74 59
0.11620 73 59
0.11584 71 59
0.11224 69 64
0.11253 71 54
0.11538 73 57
0.11538 74 54
0.11538 76 64
0.11635 78 58
0.12680 80 60
0.12295 81 63
0.22727 82 75
0.11458 83 69
0.09426 0 0
0.11822 76 69
0.11336 74 59
0.11576 73 59
0.11941 71 59
0.11786 69 66
0.11771 71 57
0.11620 73 57
0.11620 74 57
0.11620 76 64
0.11627 78 57
0.11702 80 56
0.10195 81 56
0.00443 0 0
0.11301 81 66
0.11323 80 57
0.11538 78 60
0.10052 76 57
0.00437 0 0
0.11538 76 64
0.11546 74 59
0.11620 73 59
0.11584 71 59
0.11224 73 64
0.11253 76 54
0.11538 69 57
0.11517 73 54
0.11301 71 64
0.11369 74 58
0.12044 68 60
0.10949 71 55
0.32475 69 66
0.10533 0 0
0.12239 85 60
0.11318 86 52
0.11576 85 52
0.11933 83 52
0.11702 81 58
0.11695 83 50
0.11620 81 50
0.11620 80 50
0.11620 78 56
0.11627 81 50
0.11702 80 46
0.11695 78 46
0.11620 77 58
0.11612 78 47
0.11538 80 49
0.11538 77 46
0.11538 73 56
0.11546 75 47
0.11620 77 50
0.11643 73 47
0.11871 78 56
0.11840 77 47
0.11538 78 50
0.11538 80 47
0.11538 81 56
0.11546 80 51
0.11620 81 53
0.11591 83 55
0.11301 85 62
0.11316 84 57
0.11458 85 60
0.10417 84 54
0.11458 85 62
0.11481 86 56
0.11702 85 65
0.11710 82 60
0.11786 86 69
0.11756 85 63
0.11458 86 69
0.11458 85 64
0.11458 86 68
0.11481 85 66
0.11702 86 72
0.11702 85 68
0.11702 86 70
0.11680 85 69
0.11458 83 67
0.11458 81 66
0.11458 80 64
0.11488 81 61
0.11786 83 64
0.11756 80 61
0.11458 81 57
0.11466 83 49
0.11538 85 55
0.11538 78 50
0.11662 77 53
0.11768 78 47
0.12119 80 54
0.13907 77 47
0.40761 78 54
0.02717 0 0
0.11458 76 69
0.11466 74 59
0.11576 73 59
0.11941 71 59
0.11786 69 66
0.11771 71 57
0.11620 73 57
0.11635 74 57
0.11786 76 64
0.11801 78 57
0.11957 80 56
0.10417 81 56
0.00453 0 0
0.11458 81 66
0.11466 80 60
0.11538 78 60
0.10052 76 57
0.00437 0 0
0.11538 76 64
0.11546 74 59
0.11620 73 59
0.11584 71 59
0.11224 69 64
0.11253 71 54
0.11538 73 57
0.11538 74 54
0.11538 76 64
0.11635 78 58
0.12722 80 60
0.12712 81 63
0.23438 82 75
0.11458 83 69
0.09375 0 0
0.11458 76 69
0.11466 74 59
0.11576 73 59
0.11941 71 59
0.11786 69 66
0.11771 71 57
0.11620 73 57
0.11635 74 57
0.11786 76 64
0.11778 78 57
0.11702 80 56
0.10195 81 56
0.00443 0 0
0.11458 81 66
0.11466 80 57
0.11538 78 60
0.10052 76 57
0.00437 0 0
0.11538 76 64
0.11546 74 59
0.11620 73 59
0.11584 71 59
0.11224 73 64
0.11253 76 54
0.11538 69 57
0.11517 73 54
0.11301 71 64
0.11369 74 58
0.12044 68 60
0.10949 71 55
0.32850 69 66
0.10925 0 0
0.12425 85 60
0.11208 86 52
0.11576 85 52
0.11933 83 52
0.11702 81 58
0.11695 83 50
0.11620 81 50
0.11620 80 50
0.11620 78 56
0.11627 81 50
0.11702 80 46
0.11695 78 46
0.11620 77 58
0.11612 78 47
0.11538 80 49
0.11538 77 46
0.11538 73 56
0.11546 75 47
0.11620 77 50
0.11643 73 47
0.11871 78 56
0.11840 77 47
0.11538 78 50
0.11538 80 47
0.11538 81 56
0.11546 80 51
0.11620 81 53
0.11605 83 55
0.11458 85 62
0.11458 84 57
0.11458 85 60
0.10417 84 54
0.11458 85 62
0.11481 86 56
0.11702 85 65
0.11710 82 60
0.11786 86 69
0.11763 85 63
0.11538 86 69
0.11538 85 64
0.11538 86 68
0.11553 85 66
0.11702 86 72
0.11702 85 68
0.11702 86 70
0.11680 85 69
0.11458 83 67
0.11458 81 66
0.11458 80 64
0.11488 81 61
0.11786 83 64
0.11756 80 61
0.11458 81 57
0.11466 83 49
0.11538 85 55
0.11538 78 50
0.11662 77 53
0.11768 78 47
0.12119 80 54
0.14060 77 47
0.46488 78 54
0.03099 0 0
0.10714 81 84
0.10714 69 73
0.10714 0 0
0.10791 83 84
0.10791 71 73
0.10791 0 0
0.41535 85 90
0.41535 73 78
0.10345 81 84
0.10345 69 73
0.10345 0 0
0.10563 83 84
0.10563 71 73
0.10563 0 0
0.10204 85 91
0.10204 73 79
0.10204 0 0
0.10274 83 82
0.10274 71 72
0.10274 0 0
0.10274 81 89
0.10274 69 77
0.10274 0 0
0.11194 80 84
0.11194 68 73
0.11194 0 0
0.10274 78 92
0.10274 66 80
0.10274 0 0
0.10489 80 78
0.10489 68 69
0.10489 0 0
0.10638 81 86
0.10638 69 75
0.10638 0 0
0.11194 83 80
0.11194 71 70
0.11194 0 0
0.21277 80 90
0.21277 68 78
0.11364 76 84
0.11364 64 73
0.11364 0 0
0.10638 81 84
0.10638 69 73
0.10638 0 0
0.10489 83 84
0.10489 71 73
0.10489 0 0
0.41387 85 90
0.41387 73 78
0.10204 81 84
0.10204 69 73
0.10204 0 0
0.10563 83 84
0.10563 71 73
0.10563 0 0
0.10274 85 91
0.10274 73 79
0.10274 0 0
0.10345 83 82
0.10345 71 72
0.10345 0 0
0.10417 81 89
0.10417 69 77
0.10417 0 0
0.10870 80 84
0.10870 68 73
0.10870 0 0
0.10345 78 92
0.10345 66 80
0.10345 0 0
0.10870 83 78
0.10870 71 69
0.10870 0 0
0.11278 80 86
0.11278 68 75
0.11278 0 0
0.11628 76 80
0.11628 64 70
0.11628 0 0
0.42293 81 90
0.42293 69 78
0.02820 0 0
0.10489 81 84
0.10489 69 73
0.10489 0 0
0.10791 83 84
0.10791 71 73
0.10791 0 0
0.41535 85 90
0.41535 73 78
0.10345 81 84
0.10345 69 73
0.10345 0 0
0.10638 83 84
0.10638 71 73
0.10638 0 0
0.10204 85 91
0.10204 73 79
0.10204 0 0
0.10489 83 82
0.10489 71 72
0.10489 0 0
0.10274 81 89
0.10274 69 77
0.10274 0 0
0.10714 80 84
0.10714 68 73
0.10714 0 0
0.10274 78 92
0.10274 66 80
0.10274 0 0
0.10791 80 78
0.10791 68 69
0.10791 0 0
0.10791 81 86
0.10791 69 75
0.10791 0 0
0.11194 83 80
0.11194 71 70
0.11194 0 0
0.21277 80 90
0.21277 68 78
0.11364 76 84
0.11364 64 73
0.11364 0 0
0.10417 81 84
0.10417 69 73
0.10417 0 0
0.10489 83 84
0.10489 71 73
0.10489 0 0
0.41387 85 90
0.41387 73 78
0.10204 81 84
0.10204 69 73
0.10204 0 0
0.10791 83 84
0.10791 71 73
0.10791 0 0
0.10274 85 91
0.10274 73 79
0.10274 0 0
0.10345 83 82
0.10345 71 72
0.10345 0 0
0.10417 81 89
0.10417 69 77
0.10417 0 0
0.10870 80 84
0.10870 68 73
0.10870 0 0
0.10345 78 92
0.10345 66 80
0.10345 0 0
0.11364 83 78
0.11364 71 69
0.11364 0 0
0.11278 80 86
0.11278 68 75
0.11278 0 0
0.11628 76 80
0.11628 64 70
0.11628 0 0
0.55693 81 90
0.55693 69 78
0.03713 0 0
0.09934 71 66
0.09934 69 64
0.09934 68 64
0.11278 69 64
0.09934 72 71
0.31146 0 0
0.10000 74 66
0.10000 72 63
0.10000 71 63
0.11364 72 63
0.09934 76 72
0.30897 0 0
0.09934 77 66
0.09934 76 63
0.09934 75 63
0.10417 76 63
0.09934 83 70
0.09934 81 64
0.09934 80 64
0.09934 81 64
0.10135 83 69
0.10135 81 64
0.10135 80 64
0.11450 81 64
0.42674 84 72
0.09934 81 68
0.09934 0 0
0.10714 84 65
0.07282 0 0
0.02232 79 63
0.02232 81 63
0.10135 83 80
0.10135 0 0
0.10135 81 64
0.10135 78 54
0.10135 0 0
0.09934 79 69
0.09934 76 58
0.09934 0 0
0.10714 81 64
0.10714 78 54
0.07143 0 0
0.02246 79 65
0.02246 81 65
0.10135 83 82
0.10135 0 0
0.10135 81 66
0.10135 78 56
0.10135 0 0
0.09934 79 69
0.09934 76 58
0.09934 0 0
0.10791 81 65
0.10791 78 55
0.06881 0 0
0.02219 79 64
0.04736 81 64
0.10067 83 79
0.10067 0 0
0.10067 81 68
0.10067 78 57
0.10067 0 0
0.10949 79 69
0.10949 76 58
0.10949 0 0
0.11628 78 66
0.11628 75 56
0.11628 0 0
0.45732 76 69
0.03049 0 0
0.09934 71 66
0.09934 69 64
0.09934 68 64
0.11278 69 64
0.09934 72 71
0.31146 0 0
0.10000 74 66
0.10000 72 63
0.10000 71 63
0.11364 72 63
0.09934 76 72
0.30897 0 0
0.09934 77 66
0.09934 76 63
0.09934 75 63
0.10417 76 63
0.09934 83 70
0.09934 81 64
0.09934 80 64
0.09934 81 64
0.10135 83 69
0.10135 81 64
0.10135 80 64
0.11450 81 64
0.42674 84 72
0.09934 81 68
0.09934 0 0
0.10714 84 65
0.07282 0 0
0.02232 79 63
0.02232 81 63
0.10135 83 80
0.10135 0 0
0.10135 81 64
0.10135 78 54
0.10135 0 0
0.09934 79 69
0.09934 76 58
0.09934 0 0
0.10714 81 64
0.10714 78 54
0.07143 0 0
0.02246 79 65
0.02246 81 65
0.10135 83 82
0.10135 0 0
0.10135 81 66
0.10135 78 56
0.10135 0 0
0.09934 79 69
0.09934 76 58
0.09934 0 0
0.10791 81 65
0.10791 78 55
0.06881 0 0
0.02219 79 64
0.04719 81 64
0.10000 83 79
0.10000 0 0
0.10000 81 68
0.10000 78 57
0.10000 0 0
0.10870 79 69
0.10870 76 58
0.10870 0 0
0.12295 78 66
0.12295 75 56
0.12295 0 0
0.43269 76 69
0.02885 0 0
0.10870 76 56
0.10870 72 56
0.10870 0 0
0.10638 77 56
0.10638 74 56
0.10638 0 0
0.10417 79 66
0.10417 76 66
0.10417 0 0
0.10417 79 57
0.10417 76 57
0.10417 0 0
0.10274 81 64
0.10274 79 57
0.10776 77 57
0.11278 76 57
0.21583 71 65
0.21758 67 59
0.43341 74 65
0.10870 76 56
0.10870 72 56
0.10870 0 0
0.10638 77 56
0.10638 74 56
0.10638 0 0
0.10417 79 66
0.10417 76 66
0.10417 0 0
0.10417 79 57
0.10417 76 57
0.10417 0 0
0.10274 81 64
0.10274 79 57
0.10776 77 57
0.11278 76 57
0.43341 71 65
0.43341 74 65
0.11364 72 56
0.11364 69 56
0.11364 0 0
0.10638 74 56
0.10638 71 56
0.10638 0 0
0.10417 76 66
0.10417 72 66
0.10417 0 0
0.10417 76 57
0.10417 72 57
0.10417 0 0
0.10274 77 64
0.10274 76 57
0.10776 74 57
0.11278 72 57
0.21583 68 65
0.21583 64 59
0.43166 71 65
0.10870 72 56
0.10870 69 56
0.10870 0 0
0.10638 74 56
0.10638 71 56
0.10638 0 0
0.10417 76 66
0.10417 72 66
0.10417 0 0
0.10417 76 57
0.10417 72 57
0.10417 0 0
0.10274 77 64
0.10274 76 57
0.10776 74 57
0.11278 72 57
0.43166 68 65
0.43166 71 65
0.09934 71 56
0.09934 69 56
0.09934 68 56
0.11278 69 56
0.09934 72 59
0.31146 0 0
0.10000 74 62
0.10000 72 57
0.10000 71 57
0.11364 72 57
0.09934 76 66
0.30897 0 0
0.09934 77 63
0.09934 76 58
0.09934 75 58
0.10417 76 58
0.10000 83 70
0.10000 81 63
0.10000 80 63
0.10000 81 63
0.10345 83 71
0.10345 81 64
0.10345 80 64
0.12821 81 64
0.42674 84 76
0.10274 81 62
0.10274 0 0
0.10714 83 62
0.10714 0 0
0.10135 84 70
0.10135 0 0
0.10135 83 62
0.10135 0 0
0.10274 81 62
0.10274 0 0
0.10714 80 62
0.10714 0 0
0.10135 81 71
0.10135 0 0
0.10135 76 64
0.10480 0 0
0.10345 77 64
0.10000 0 0
0.10791 74 64
0.10791 0 0
0.41096 72 74
0.05435 71 64
0.05435 72 57
0.05435 71 57
0.05435 72 57
0.00376 71 57
0.03383 0 0
0.03752 72 57
0.03911 71 57
0.06706 69 64
0.07580 71 57
0.44291 69 65
0.02953 0 0
0.10870 76 56
0.10870 72 56
0.10870 0 0
0.10638 77 56
0.10638 74 56
0.10638 0 0
0.10417 79 66
0.10417 76 66
0.10417 0 0
0.10417 79 57
0.10417 76 57
0.10417 0 0
0.10274 81 64
0.10274 79 57
0.10776 77 57
0.11278 76 57
0.21583 71 65
0.21758 67 59
0.43341 74 65
0.10870 76 56
0.10870 72 56
0.10870 0 0
0.10638 77 56
0.10638 74 56
0.10638 0 0
0.10417 79 66
0.10417 76 66
0.10417 0 0
0.10417 79 57
0.10417 76 57
0.10417 0 0
0.10274 81 64
0.10274 79 57
0.10776 77 57
0.11278 76 57
0.43341 71 65
0.43341 74 65
0.11364 72 56
0.11364 69 56
0.11364 0 0
0.10638 74 56
0.10638 71 56
0.10638 0 0
0.10417 76 66
0.10417 72 66
0.10417 0 0
0.10417 76 57
0.10417 72 57
0.10417 0 0
0.10274 77 64
0.10274 76 57
0.10776 74 57
0.11278 72 57
0.21583 68 65
0.21583 64 59
0.43166 71 65
0.10870 72 56
0.10870 69 56
0.10870 0 0
0.10638 74 56
0.10638 71 56
0.10638 0 0
0.10417 76 66
0.10417 72 66
0.10417 0 0
0.10417 76 57
0.10417 72 57
0.10417 0 0
0.10274 77 64
0.10274 76 57
0.10776 74 57
0.11278 72 57
0.43166 68 65
0.43166 71 65
0.09934 71 56
0.09934 69 56
0.09934 68 56
0.11278 69 56
0.09934 72 59
0.31146 0 0
0.10000 74 62
0.10000 72 57
0.10000 71 57
0.11364 72 57
0.09934 76 66
0.30897 0 0
0.09934 77 63
0.09934 76 58
0.09934 75 58
0.10417 76 58
0.10000 83 70
0.10000 81 63
0.10000 80 63
0.10000 81 63
0.10345 83 71
0.10345 81 64
0.10345 80 64
0.12821 81 64
0.42674 84 76
0.10274 81 62
0.10274 0 0
0.10714 83 62
0.10714 0 0
0.10135 84 70
0.10135 0 0
0.10135 83 62
0.10135 0 0
0.10345 81 62
0.10345 0 0
0.10714 80 62
0.10714 0 0
0.10135 81 71
0.10135 0 0
0.10135 76 64
0.10482 0 0
0.10417 77 64
0.10069 0 0
0.10791 74 64
0.10791 0 0
0.41096 72 74
0.05435 71 64
0.05435 72 57
0.05435 71 57
0.05435 72 57
0.00376 71 57
0.03383 0 0
0.03752 72 57
0.03911 71 57
0.06706 69 64
0.07580 71 57
0.44291 69 65
0.02953 0 0
0.10345 69 82
0.10345 81 79
0.10791 71 83
0.10791 83 80
0.10204 73 89
0.10204 85 84
0.21127 0 0
0.10345 69 85
0.10345 81 73
0.10563 71 84
0.10563 83 72
0.10204 73 90
0.10204 85 75
0.10274 71 84
0.10274 83 73
0.10274 69 87
0.10274 81 74
0.11194 68 83
0.11194 80 76
0.10274 66 88
0.10274 78 75
0.10489 68 83
0.10489 80 69
0.10791 69 79
0.10791 81 71
0.11194 71 81
0.11194 83 73
0.10638 68 86
0.10638 80 73
0.11364 64 81
0.11364 76 72
0.09934 69 83
0.09934 81 73
0.10489 71 82
0.10489 83 73
0.10204 73 89
0.10204 85 77
0.20979 0 0
0.10204 69 85
0.10204 81 76
0.10563 71 84
0.10563 83 77
0.10274 73 92
0.10274 85 77
0.10345 71 84
0.10345 83 75
0.10417 69 88
0.10417 81 77
0.10870 68 84
0.10870 80 75
0.10345 66 91
0.10345 78 79
0.10870 71 82
0.10870 83 72
0.11278 68 86
0.11278 80 75
0.11628 64 80
0.11628 76 74
0.42293 81 90
0.42293 69 78
0.02820 0 0
0.10135 69 82
0.10135 81 79
0.10791 71 83
0.10791 83 80
0.10204 73 89
0.10204 85 84
0.21127 0 0
0.10345 69 85
0.10345 81 73
0.10563 71 84
0.10563 83 72
0.10204 73 90
0.10204 85 75
0.10274 71 84
0.10274 83 73
0.10274 69 87
0.10274 81 74
0.11194 68 83
0.11194 80 76
0.10274 66 88
0.10274 78 75
0.10489 68 83
0.10489 80 69
0.10791 69 79
0.10791 81 71
0.11194 71 81
0.11194 83 73
0.10638 68 86
0.10638 80 73
0.11029 64 81
0.11029 76 72
0.09934 69 83
0.09934 81 73
0.10489 71 82
0.10489 83 73
0.10204 73 89
0.10204 85 77
0.20979 0 0
0.10204 69 85
0.10204 81 76
0.10563 71 84
0.10563 83 77
0.10274 73 92
0.10274 85 77
0.10345 71 84
0.10345 83 75
0.10417 69 88
0.10417 81 77
0.10870 68 84
0.10870 80 75
0.10345 66 91
0.10345 78 79
0.10870 71 82
0.10870 83 72
0.11278 68 86
0.11278 80 75
0.11628 64 80
0.10563 76 74
0.41238 81 90
0.41238 69 78
0.31703 85 90
0.07923 85 90
0.42266 73 78
0.02641 73 74
0.42118 81 80
0.42998 76 77
0.83504 85 90
0.43878 73 74
0.42118 81 80
0.42998 76 77
0.83504 85 90
0.10274 86 90
0.10274 85 87
0.05172 83 86
0.05172 0 0
0.05172 85 86
0.05172 0 0
0.10417 86 90
0.10417 85 84
0.05435 83 84
0.05435 0 0
0.05814 85 85
0.05814 0 0
0.83504 86 90
0.02641 86 76
0.83504 78 80
0.83504 81 80
0.05282 85 90
0.05282 81 76
0.05282 76 76
0.13204 0 0
0.02641 86 76
0.05172 85 85
0.05172 81 72
0.05172 76 72
0.12931 0 0
0.02586 86 76
0.05208 85 85
0.05208 81 72
0.05208 76 72
0.13021 0 0
0.02604 86 76
0.05435 85 85
0.05435 81 72
0.05435 76 72
0.15998 0 0
0.73100 83 90
0.11719 88 103
0.88725 80 80
0.88725 76 80
0.02604 76 77
0.42540 81 80
0.45144 73 74
0.83504 85 90
0.43878 73 74
0.42118 81 80
0.42998 76 77
0.83504 85 90
0.10274 86 90
0.10274 85 87
0.05172 83 86
0.05172 0 0
0.05172 85 86
0.05172 0 0
0.10417 86 90
0.10417 85 84
0.05435 83 84
0.05435 0 0
0.05814 85 85
0.05814 0 0
0.83504 86 90
0.02641 86 76
0.83504 78 80
0.83504 81 80
0.84083 85 90
0.02641 85 76
0.84083 76 76
0.84083 81 76
0.05137 83 90
0.05137 80 76
0.05137 76 76
0.12842 0 0
0.02568 85 76
0.05172 83 85
0.05172 80 72
0.05172 76 72
0.12931 0 0
0.02586 85 76
0.05208 83 85
0.05208 80 72
0.05208 76 72
0.13021 0 0
0.02604 85 76
0.05435 83 85
0.05435 80 72
0.05435 76 72
0.16304 0 0
0.38044 81 90
0.02717 76 55
0.02717 81 60
0.31703 85 67
0.05282 85 63
0.02641 76 55
0.02641 81 60
0.78222 85 70
0.02641 76 55
0.02641 81 60
0.83504 85 69
0.10274 86 69
0.10274 85 60
0.05172 83 60
0.05172 0 0
0.05172 85 60
0.05172 0 0
0.10417 86 68
0.10417 85 61
0.05435 83 61
0.05435 0 0
0.05814 85 61
0.05814 0 0
0.83504 86 67
0.02641 86 59
0.05282 85 71
0.13204 0 0
0.02641 86 56
0.05172 85 64
0.12931 0 0
0.02586 86 57
0.05208 85 65
0.13021 0 0
0.02604 86 59
0.05435 85 66
0.15998 0 0
0.72941 83 67
0.10714 88 94
0.02381 0 0
0.42428 81 80
0.44809 73 74
0.43619 76 77
0.83504 85 90
0.43878 73 74
0.42118 81 80
0.42998 76 77
0.83504 85 90
0.10274 86 90
0.10274 85 87
0.05172 83 86
0.05172 0 0
0.05172 85 86
0.05172 0 0
0.10417 86 90
0.10417 85 84
0.05435 83 84
0.05435 0 0
0.05814 85 85
0.05814 0 0
0.83504 86 90
0.02641 86 76
0.83504 78 80
0.83504 81 80
0.84083 85 90
0.02641 85 76
0.84083 76 76
0.84083 81 76
0.05137 83 90
0.05137 80 76
0.05137 76 76
0.12842 0 0
0.02568 85 76
0.05172 83 85
0.05172 80 72
0.05172 76 72
0.12931 0 0
0.02586 85 76
0.05208 83 85
0.05208 80 72
0.05208 76 72
0.13021 0 0
0.02604 85 76
0.05435 83 85
0.05435 80 72
0.05435 76 72
0.15998 0 0
0.63380 81 90
0.63380 69 90
0.63380 73 90
0.63380 76 90
0.05769 85 87
0.05769 73 73
0.17308 0 0
0.63380 81 90
0.63380 69 90
0.05859 85 87
0.05859 73 73
0.17578 0 0
0.63380 81 90
0.63380 69 90
0.05725 85 87
0.05725 73 73
0.17176 0 0
0.10638 81 97
0.10638 69 82
0.10638 0 0
0.10417 85 92
0.10417 73 78
0.10417 0 0
0.10417 81 99
0.10417 69 83
0.10417 0 0
0.11194 85 93
0.11194 73 79
0.11194 0 0
0.45801 81 108
0.45801 69 90
0.50000 81 97
0.50000 69 82
0.50000 73 82
0.50000 76 82
0.50000 81 103
0.50000 69 86
0.50000 73 86
0.50000 76 86
#  Piano left
0.80815 0 0
0.09934 57 57
0.09934 0 0
0.09934 60 43
0.09934 64 52
0.11278 0 0
0.10000 64 52
0.10000 60 43
0.10000 0 0
0.10000 64 51
0.10000 60 42
0.11364 0 0
0.09934 57 57
0.09934 0 0
0.09934 60 43
0.09934 64 52
0.11029 0 0
0.09934 60 43
0.09934 64 52
0.09934 0 0
0.09934 60 43
0.09934 64 52
0.10417 0 0
0.09934 57 57
0.09934 0 0
0.09934 60 42
0.09934 64 50
0.09934 0 0
0.10135 57 57
0.10135 0 0
0.10135 60 43
0.10135 64 52
0.11450 0 0
0.10204 57 57
0.10204 0 0
0.10638 60 42
0.10638 64 50
0.11628 0 0
0.09934 60 42
0.09934 64 50
0.09934 0 0
0.10714 60 42
0.10714 64 50
0.11746 0 0
0.10135 52 65
0.10135 0 0
0.10135 59 44
0.10135 64 53
0.10135 0 0
0.09934 59 44
0.09934 64 53
0.09934 0 0
0.10714 59 44
0.10714 64 53
0.11634 0 0
0.10135 52 66
0.10135 0 0
0.10135 59 43
0.10135 64 52
0.10135 0 0
0.09934 59 43
0.09934 64 52
0.09934 0 0
0.10791 59 43
0.10791 64 52
0.11319 0 0
0.10067 52 67
0.10067 0 0
0.10067 59 43
0.10067 64 52
0.10067 0 0
0.10949 47 52
0.10949 0 0
0.11628 59 52
0.11628 0 0
0.45732 52 57
0.44128 0 0
0.09934 57 57
0.09934 0 0
0.09934 60 43
0.09934 64 52
0.11278 0 0
0.10000 64 52
0.10000 60 43
0.10000 0 0
0.10000 64 51
0.10000 60 42
0.11364 0 0
0.09934 57 57
0.09934 0 0
0.09934 60 43
0.09934 64 52
0.11029 0 0
0.09934 60 43
0.09934 64 52
0.09934 0 0
0.09934 60 43
0.09934 64 52
0.10417 0 0
0.09934 57 57
0.09934 0 0
0.09934 60 42
0.09934 64 50
0.09934 0 0
0.10135 57 57
0.10135 0 0
0.10135 60 43
0.10135 64 52
0.11450 0 0
0.10204 57 57
0.10204 0 0
0.10638 60 42
0.10638 64 50
0.11628 0 0
0.09934 60 42
0.09934 64 50
0.09934 0 0
0.10714 60 42
0.10714 64 50
0.11746 0 0
0.10135 52 65
0.10135 0 0
0.10135 59 44
0.10135 64 53
0.10135 0 0
0.09934 59 44
0.09934 64 53
0.09934 0 0
0.10714 59 44
0.10714 64 53
0.11634 0 0
0.10135 52 66
0.10135 0 0
0.10135 59 43
0.10135 64 52
0.10135 0 0
0.09934 59 43
0.09934 64 52
0.09934 0 0
0.10791 59 43
0.10791 64 52
0.11319 0 0
0.10000 52 67
0.10000 0 0
0.10000 59 43
0.10000 64 52
0.10000 0 0
0.10870 47 52
0.10870 0 0
0.12295 59 52
0.12295 0 0
0.43269 52 57
0.45900 0 0
0.10417 48 59
0.10417 0 0
0.10417 60 53
0.10417 0 0
0.10274 52 59
0.10274 0 0
0.10776 64 57
0.11278 0 0
0.43341 55 60
0.43016 0 0
0.10417 48 59
0.10417 0 0
0.10417 60 53
0.10417 0 0
0.10274 52 59
0.10274 0 0
0.10776 64 57
0.11278 0 0
0.43341 55 60
0.44004 0 0
0.10417 45 59
0.10417 0 0
0.10417 57 53
0.10417 0 0
0.10274 48 59
0.10274 0 0
0.10776 60 57
0.11278 0 0
0.43165 52 60
0.43016 0 0
0.10417 45 59
0.10417 0 0
0.10417 57 53
0.10417 0 0
0.10274 48 59
0.10274 0 0
0.10776 60 57
0.11278 0 0
0.43165 52 60
0.41080 0 0
0.09934 57 53
0.09934 0 0
0.09934 60 47
0.09934 64 47
0.11278 0 0
0.10000 64 47
0.10000 60 47
0.10000 0 0
0.10000 64 47
0.10000 60 47
0.11364 0 0
0.09934 57 54
0.09934 0 0
0.09934 60 48
0.09934 64 48
0.11029 0 0
0.09934 60 48
0.09934 64 48
0.09934 0 0
0.09934 60 48
0.09934 64 48
0.10417 0 0
0.10000 57 56
0.10000 0 0
0.10000 60 49
0.10000 64 49
0.10000 0 0
0.10345 57 57
0.10345 0 0
0.10345 60 43
0.10345 64 52
0.12821 0 0
0.10204 53 57
0.10204 0 0
0.10638 57 51
0.10638 63 51
0.11628 0 0
0.10274 57 43
0.10274 63 43
0.10274 0 0
0.10714 57 39
0.10714 63 39
0.10714 0 0
0.10135 52 46
0.10135 0 0
0.10135 57 42
0.10135 64 42
0.10135 0 0
0.09934 50 42
0.09934 0 0
0.10714 53 42
0.10714 59 42
0.10714 0 0
0.10135 48 47
0.10135 0 0
0.10135 52 39
0.10135 57 39
0.10135 0 0
0.09934 50 41
0.09934 0 0
0.10791 53 41
0.10791 59 41
0.10791 0 0
0.10274 57 48
0.10274 52 48
0.10274 0 0
0.10274 52 41
0.10274 57 41
0.09846 0 0
0.10845 52 41
0.10870 56 41
0.10870 0 0
0.11422 56 41
0.11422 52 41
0.14285 0 0
0.44291 57 46
0.47244 45 46
0.43016 0 0
0.10417 48 59
0.10417 0 0
0.10417 60 53
0.10417 0 0
0.10274 52 59
0.10274 0 0
0.10776 64 57
0.11278 0 0
0.43341 55 60
0.43016 0 0
0.10417 48 59
0.10417 0 0
0.10417 60 53
0.10417 0 0
0.10274 52 59
0.10274 0 0
0.10776 64 57
0.11278 0 0
0.43341 55 60
0.44004 0 0
0.10417 45 59
0.10417 0 0
0.10417 57 53
0.10417 0 0
0.10274 48 59
0.10274 0 0
0.10776 60 57
0.11278 0 0
0.43165 52 60
0.43016 0 0
0.10417 45 59
0.10417 0 0
0.10417 57 53
0.10417 0 0
0.10274 48 59
0.10274 0 0
0.10776 60 57
0.11278 0 0
0.43165 52 60
0.41080 0 0
0.09934 57 53
0.09934 0 0
0.09934 60 47
0.09934 64 47
0.11278 0 0
0.10000 64 47
0.10000 60 47
0.10000 0 0
0.10000 64 47
0.10000 60 47
0.11364 0 0
0.09934 57 54
0.09934 0 0
0.09934 60 48
0.09934 64 48
0.11029 0 0
0.09934 60 48
0.09934 64 48
0.09934 0 0
0.09934 60 48
0.09934 64 48
0.10417 0 0
0.10000 57 56
0.10000 0 0
0.10000 60 49
0.10000 64 49
0.10000 0 0
0.10345 57 57
0.10345 0 0
0.10345 60 43
0.10345 64 52
0.12821 0 0
0.10204 53 57
0.10204 0 0
0.10638 57 51
0.10638 63 51
0.11628 0 0
0.10274 57 43
0.10274 63 43
0.10274 0 0
0.10714 57 39
0.10714 63 39
0.10714 0 0
0.10135 52 46
0.10135 0 0
0.10135 57 42
0.10135 64 42
0.10135 0 0
0.09934 50 42
0.09934 0 0
0.10714 53 42
0.10714 59 42
0.10714 0 0
0.10135 48 47
0.10135 0 0
0.10135 52 39
0.10135 57 39
0.10135 0 0
0.09934 50 41
0.09934 0 0
0.10791 53 41
0.10791 59 41
0.10791 0 0
0.10274 57 48
0.10274 52 48
0.10274 0 0
0.10274 52 41
0.10274 57 41
0.09846 0 0
0.10845 52 41
0.10870 56 41
0.10870 0 0
0.11422 56 41
0.11422 52 41
0.14285 0 0
0.44291 57 46
0.47244 45 46
0.31918 0 0
0.03597 45 64
0.03597 49 64
0.03597 52 64
0.10204 57 73
0.10204 0 0
0.10563 57 69
0.10563 0 0
0.10345 57 69
0.10345 0 0
0.10563 57 69
0.03521 45 60
0.03521 49 60
0.03521 52 60
0.10204 57 72
0.10204 0 0
0.10274 57 64
0.10274 0 0
0.10274 57 65
0.10274 0 0
0.11194 57 67
0.03731 38 63
0.03731 42 63
0.03731 45 63
0.10274 50 73
0.10274 0 0
0.10489 50 69
0.03496 39 63
0.03496 42 63
0.03496 45 63
0.10274 51 73
0.10274 0 0
0.11194 51 71
0.03731 40 63
0.03731 44 63
0.03731 47 63
0.21277 52 73
0.11364 52 73
0.42686 0 0
0.03496 45 64
0.03496 49 64
0.03496 52 64
0.10204 57 73
0.10204 0 0
0.10489 57 69
0.10489 0 0
0.10204 57 69
0.10204 0 0
0.10563 57 69
0.03521 45 60
0.03521 49 60
0.03521 52 60
0.10274 57 72
0.10274 0 0
0.10345 57 64
0.10345 0 0
0.10417 57 65
0.10417 0 0
0.10870 57 67
0.03623 38 63
0.03623 42 63
0.03623 45 63
0.10345 50 73
0.10345 0 0
0.10870 50 69
0.03623 40 63
0.03623 44 63
0.03623 47 63
0.11278 52 73
0.11278 0 0
0.11628 52 71
0.11628 0 0
0.42293 45 73
0.34738 0 0
0.03597 45 64
0.03597 49 64
0.03597 52 64
0.10204 57 73
0.10204 0 0
0.10563 57 69
0.10563 0 0
0.10345 57 69
0.10345 0 0
0.10638 57 69
0.03546 45 60
0.03546 49 60
0.03546 52 60
0.10204 57 72
0.10204 0 0
0.10489 57 64
0.10489 0 0
0.10274 57 65
0.10274 0 0
0.10714 57 67
0.03571 38 63
0.03571 42 63
0.03571 45 63
0.10274 50 73
0.10274 0 0
0.10791 50 69
0.03597 39 63
0.03597 42 63
0.03597 45 63
0.10417 51 73
0.10417 0 0
0.10949 51 71
0.03650 40 63
0.03650 44 63
0.03650 47 63
0.21277 52 73
0.11029 52 73
0.42795 0 0
0.03496 45 64
0.03496 49 64
0.03496 52 64
0.10204 57 73
0.10204 0 0
0.10489 57 69
0.10489 0 0
0.10204 57 69
0.10204 0 0
0.10791 57 69
0.03597 45 60
0.03597 49 60
0.03597 52 60
0.10274 57 72
0.10274 0 0
0.10345 57 64
0.10345 0 0
0.10417 57 65
0.10417 0 0
0.10870 57 67
0.03623 38 63
0.03623 42 63
0.03623 45 63
0.10345 50 73
0.10345 0 0
0.11364 50 69
0.03788 40 63
0.03788 44 63
0.03788 47 63
0.11278 52 73
0.11278 0 0
0.11628 52 71
0.11628 0 0
0.42317 45 73
0.45054 0 0
0.10714 54 50
0.10714 0 0
0.10345 57 31
0.10345 61 37
0.10345 0 0
0.10563 57 31
0.10563 61 37
0.10563 0 0
0.10638 57 31
0.10638 61 37
0.10638 0 0
0.10417 56 50
0.10417 0 0
0.10489 59 30
0.10489 61 36
0.10489 0 0
0.10489 59 30
0.10489 61 36
0.10490 0 0
0.10563 59 30
0.10563 61 36
0.10563 0 0
0.10563 54 50
0.10563 0 0
0.10489 57 30
0.10489 61 36
0.10489 0 0
0.10489 57 31
0.10489 61 37
0.10490 0 0
0.10563 57 32
0.10563 61 38
0.10563 0 0
0.10417 53 55
0.10417 0 0
0.10204 56 31
0.10204 61 38
0.10204 0 0
0.10417 56 31
0.10417 61 38
0.10417 0 0
0.10638 56 31
0.10638 61 38
0.11364 0 0
0.10489 54 50
0.10489 0 0
0.10345 57 30
0.10345 61 36
0.10345 0 0
0.10417 57 30
0.10417 61 36
0.10417 0 0
0.10638 57 30
0.10638 61 36
0.10638 0 0
0.10638 56 50
0.10638 0 0
0.10417 61 30
0.10417 64 36
0.10417 0 0
0.10489 61 30
0.10489 64 36
0.10489 0 0
0.10714 61 30
0.10714 64 36
0.10714 0 0
0.10489 56 50
0.10489 0 0
0.10489 63 31
0.10489 66 37
0.10490 0 0
0.10599 66 37
0.10599 63 31
0.10689 0 0
0.10837 66 37
0.10837 63 31
0.11719 0 0
0.40761 61 42
0.40761 64 50
0.45450 0 0
0.10791 54 50
0.10791 0 0
0.10563 57 31
0.10563 61 37
0.10563 0 0
0.10563 57 31
0.10563 61 37
0.10563 0 0
0.10638 57 31
0.10638 61 37
0.10638 0 0
0.10791 56 50
0.10791 0 0
0.10489 59 30
0.10489 61 36
0.10489 0 0
0.10489 59 30
0.10489 61 36
0.10490 0 0
0.10563 59 30
0.10563 61 36
0.10563 0 0
0.10563 54 50
0.10563 0 0
0.10489 57 30
0.10489 61 36
0.10489 0 0
0.10489 57 31
0.10489 61 37
0.10490 0 0
0.10563 57 32
0.10563 61 38
0.10563 0 0
0.10638 53 55
0.10638 0 0
0.10345 56 31
0.10345 61 38
0.10345 0 0
0.10345 56 31
0.10345 61 38
0.10345 0 0
0.10638 56 31
0.10638 61 38
0.10638 0 0
0.10489 54 50
0.10489 0 0
0.10345 57 30
0.10345 61 36
0.10345 0 0
0.10345 57 30
0.10345 61 36
0.10345 0 0
0.10638 57 30
0.10638 61 36
0.10638 0 0
0.10563 56 50
0.10563 0 0
0.10274 61 30
0.10274 64 36
0.10274 0 0
0.10417 61 30
0.10417 64 36
0.10417 0 0
0.10714 61 30
0.10714 64 36
0.10714 0 0
0.10714 56 50
0.10714 0 0
0.10489 63 31
0.10489 66 37
0.10489 0 0
0.10599 66 37
0.10599 63 31
0.10689 0 0
0.10837 66 37
0.10837 63 31
0.11719 0 0
0.40761 61 42
0.40761 64 50
0.44910 0 0
0.10714 57 57
0.10714 0 0
0.10563 61 36
0.10563 64 43
0.10563 0 0
0.10563 61 36
0.10563 64 43
0.10563 0 0
0.10638 61 36
0.10638 64 43
0.10638 0 0
0.10274 59 57
0.10274 0 0
0.10489 62 35
0.10489 64 42
0.10489 0 0
0.10489 56 57
0.10489 0 0
0.10563 62 35
0.10563 64 42
0.10563 0 0
0.10204 57 57
0.10204 0 0
0.10489 61 35
0.10489 64 41
0.10489 0 0
0.10489 61 35
0.10489 64 41
0.10489 0 0
0.11450 61 35
0.11450 64 41
0.12295 0 0
0.22727 52 57
0.10417 56 33
0.10417 62 39
0.10468 0 0
0.10774 62 39
0.10774 56 33
0.10287 0 0
0.10489 62 39
0.10489 56 33
0.10870 0 0
0.10714 57 57
0.10714 0 0
0.10563 61 36
0.10563 64 43
0.10563 0 0
0.10563 61 36
0.10563 64 43
0.10563 0 0
0.10638 61 36
0.10638 64 43
0.10638 0 0
0.10274 59 57
0.10274 0 0
0.10489 62 35
0.10489 64 42
0.10489 0 0
0.10489 56 57
0.10489 0 0
0.10563 62 35
0.10563 64 42
0.10563 0 0
0.10204 57 57
0.10204 0 0
0.10489 54 46
0.10489 0 0
0.10274 50 46
0.10274 0 0
0.10949 52 46
0.10949 0 0
0.22059 45 57
0.10417 57 44
0.53347 0 0
0.10638 52 50
0.10638 0 0
0.10563 57 35
0.10563 61 42
0.10563 0 0
0.10563 57 35
0.10563 61 42
0.10563 0 0
0.10638 57 35
0.10638 61 42
0.10638 0 0
0.10563 56 50
0.10563 0 0
0.10489 59 34
0.10489 61 41
0.10489 0 0
0.10489 59 34
0.10489 61 41
0.10489 0 0
0.10563 59 34
0.10563 61 41
0.10563 0 0
0.10791 54 50
0.10791 0 0
0.10489 57 34
0.10489 61 40
0.10489 0 0
0.10489 57 34
0.10489 61 40
0.10489 0 0
0.10563 57 34
0.10563 61 40
0.10563 0 0
0.10274 49 50
0.10274 0 0
0.10417 56 41
0.10417 61 49
0.10417 0 0
0.10417 55 40
0.10417 61 48
0.10417 0 0
0.10638 54 40
0.10638 61 48
0.10638 0 0
0.10714 47 59
0.10714 0 0
0.10417 54 45
0.10417 59 53
0.10417 0 0
0.10417 54 47
0.10417 59 56
0.10417 0 0
0.10638 54 45
0.10638 59 54
0.10638 0 0
0.10638 47 65
0.10638 0 0
0.10417 56 45
0.10417 59 54
0.10417 0 0
0.10417 56 51
0.10417 59 60
0.10417 0 0
0.10714 56 45
0.10714 59 54
0.10714 0 0
0.10417 49 58
0.10417 0 0
0.10489 54 39
0.10489 57 47
0.10489 0 0
0.10599 49 55
0.10689 0 0
0.10837 59 49
0.10837 56 41
0.12821 0 0
0.40761 54 39
0.40761 57 46
0.44910 0 0
0.10714 57 57
0.10714 0 0
0.10563 61 36
0.10563 64 43
0.10563 0 0
0.10714 61 36
0.10714 64 43
0.10714 0 0
0.10870 61 36
0.10870 64 43
0.10870 0 0
0.10417 59 57
0.10417 0 0
0.10489 62 35
0.10489 64 42
0.10489 0 0
0.10489 56 57
0.10489 0 0
0.10563 62 35
0.10563 64 42
0.10563 0 0
0.10204 57 57
0.10204 0 0
0.10489 61 35
0.10489 64 41
0.10489 0 0
0.10489 61 35
0.10489 64 41
0.10489 0 0
0.11450 61 35
0.11450 64 41
0.12712 0 0
0.23438 52 57
0.10417 56 33
0.10417 62 39
0.10417 0 0
0.10417 62 39
0.10417 56 33
0.10417 0 0
0.10489 62 39
0.10489 56 33
0.10870 0 0
0.10714 57 57
0.10714 0 0
0.10563 61 36
0.10563 64 43
0.10563 0 0
0.10714 61 36
0.10714 64 43
0.10714 0 0
0.10638 61 36
0.10638 64 43
0.10638 0 0
0.10417 59 57
0.10417 0 0
0.10489 62 35
0.10489 64 42
0.10489 0 0
0.10489 56 57
0.10489 0 0
0.10563 62 35
0.10563 64 42
0.10563 0 0
0.10204 57 57
0.10204 0 0
0.10489 54 46
0.10489 0 0
0.10274 50 46
0.10274 0 0
0.10949 52 46
0.10949 0 0
0.22059 45 57
0.10791 57 44
0.53831 0 0
0.10638 52 50
0.10638 0 0
0.10563 57 35
0.10563 61 42
0.10563 0 0
0.10563 57 35
0.10563 61 42
0.10563 0 0
0.10638 57 35
0.10638 61 42
0.10638 0 0
0.10563 56 50
0.10563 0 0
0.10489 59 34
0.10489 61 41
0.10489 0 0
0.10489 59 34
0.10489 61 41
0.10489 0 0
0.10563 59 34
0.10563 61 41
0.10563 0 0
0.10791 54 50
0.10791 0 0
0.10489 57 34
0.10489 61 40
0.10489 0 0
0.10489 57 34
0.10489 61 40
0.10489 0 0
0.10563 57 34
0.10563 61 40
0.10563 0 0
0.10417 49 50
0.10417 0 0
0.10417 56 41
0.10417 61 49
0.10417 0 0
0.10417 55 40
0.10417 61 48
0.10417 0 0
0.10638 54 40
0.10638 61 48
0.10638 0 0
0.10714 47 59
0.10714 0 0
0.10489 54 45
0.10489 59 53
0.10489 0 0
0.10489 54 47
0.10489 59 56
0.10489 0 0
0.10638 54 45
0.10638 59 54
0.10638 0 0
0.10638 47 65
0.10638 0 0
0.10417 56 45
0.10417 59 54
0.10417 0 0
0.10417 56 51
0.10417 59 60
0.10417 0 0
0.10714 56 45
0.10714 59 54
0.10714 0 0
0.10417 49 58
0.10417 0 0
0.10489 54 39
0.10489 57 47
0.10489 0 0
0.10599 49 55
0.10689 0 0
0.10837 59 49
0.10837 56 41
0.12821 0 0
0.46488 54 39
0.46488 57 46
0.35319 0 0
0.03597 45 64
0.03597 49 64
0.03597 52 64
0.10204 57 73
0.10204 0 0
0.10563 57 69
0.10563 0 0
0.10345 57 69
0.10345 0 0
0.10563 57 69
0.03521 45 60
0.03521 49 60
0.03521 52 60
0.10204 57 72
0.10204 0 0
0.10274 57 64
0.10274 0 0
0.10274 57 65
0.10274 0 0
0.11194 57 67
0.03731 38 63
0.03731 42 63
0.03731 45 63
0.10274 50 73
0.10274 0 0
0.10489 50 69
0.03496 39 63
0.03496 42 63
0.03496 45 63
0.10638 51 73
0.10638 0 0
0.11194 51 71
0.03731 40 63
0.03731 44 63
0.03731 47 63
0.21277 52 73
0.11364 52 73
0.43130 0 0
0.03496 45 64
0.03496 49 64
0.03496 52 64
0.10204 57 73
0.10204 0 0
0.10489 57 69
0.10489 0 0
0.10204 57 69
0.10204 0 0
0.10563 57 69
0.03521 45 60
0.03521 49 60
0.03521 52 60
0.10274 57 72
0.10274 0 0
0.10345 57 64
0.10345 0 0
0.10417 57 65
0.10417 0 0
0.10870 57 67
0.03623 38 63
0.03623 42 63
0.03623 45 63
0.10345 50 73
0.10345 0 0
0.10870 50 69
0.03623 40 63
0.03623 44 63
0.03623 47 63
0.11278 52 73
0.11278 0 0
0.11628 52 71
0.11628 0 0
0.42293 45 73
0.34590 0 0
0.03597 45 64
0.03597 49 64
0.03597 52 64
0.10204 57 73
0.10204 0 0
0.10563 57 69
0.10563 0 0
0.10345 57 69
0.10345 0 0
0.10638 57 69
0.03546 45 60
0.03546 49 60
0.03546 52 60
0.10204 57 72
0.10204 0 0
0.10489 57 64
0.10489 0 0
0.10274 57 65
0.10274 0 0
0.10714 57 67
0.03571 38 63
0.03571 42 63
0.03571 45 63
0.10274 50 73
0.10274 0 0
0.10791 50 69
0.03597 39 63
0.03597 42 63
0.03597 45 63
0.10791 51 73
0.10791 0 0
0.11194 51 71
0.03731 40 63
0.03731 44 63
0.03731 47 63
0.21277 52 73
0.11364 52 73
0.42686 0 0
0.03496 45 64
0.03496 49 64
0.03496 52 64
0.10204 57 73
0.10204 0 0
0.10489 57 69
0.10489 0 0
0.10204 57 69
0.10204 0 0
0.10791 57 69
0.03597 45 60
0.03597 49 60
0.03597 52 60
0.10274 57 72
0.10274 0 0
0.10345 57 64
0.10345 0 0
0.10417 57 65
0.10417 0 0
0.10870 57 67
0.03623 38 63
0.03623 42 63
0.03623 45 63
0.10345 50 73
0.10345 0 0
0.11364 50 69
0.03788 40 63
0.03788 44 63
0.03788 47 63
0.11278 52 73
0.11278 0 0
0.11628 52 71
0.11628 0 0
0.55693 45 73
0.44792 0 0
0.09934 57 57
0.09934 0 0
0.09934 60 43
0.09934 64 52
0.11278 0 0
0.10000 64 52
0.10000 60 43
0.10000 0 0
0.10000 64 51
0.10000 60 42
0.11364 0 0
0.09934 57 57
0.09934 0 0
0.09934 60 43
0.09934 64 52
0.11029 0 0
0.09934 60 43
0.09934 64 52
0.09934 0 0
0.09934 60 43
0.09934 64 52
0.10417 0 0
0.09934 57 57
0.09934 0 0
0.09934 60 42
0.09934 64 50
0.09934 0 0
0.10135 57 57
0.10135 0 0
0.10135 60 43
0.10135 64 52
0.11450 0 0
0.10204 57 57
0.10204 0 0
0.10638 60 42
0.10638 64 50
0.11628 0 0
0.09934 60 42
0.09934 64 50
0.09934 0 0
0.10714 60 42
0.10714 64 50
0.11746 0 0
0.10135 52 65
0.10135 0 0
0.10135 59 44
0.10135 64 53
0.10135 0 0
0.09934 59 44
0.09934 64 53
0.09934 0 0
0.10714 59 44
0.10714 64 53
0.11634 0 0
0.10135 52 66
0.10135 0 0
0.10135 59 43
0.10135 64 52
0.10135 0 0
0.09934 59 43
0.09934 64 52
0.09934 0 0
0.10791 59 43
0.10791 64 52
0.11319 0 0
0.10067 52 67
0.10067 0 0
0.10067 59 43
0.10067 64 52
0.10067 0 0
0.10949 47 52
0.10949 0 0
0.11628 59 52
0.11628 0 0
0.45732 52 57
0.44128 0 0
0.09934 57 57
0.09934 0 0
0.09934 60 43
0.09934 64 52
0.11278 0 0
0.10000 64 52
0.10000 60 43
0.10000 0 0
0.10000 64 51
0.10000 60 42
0.11364 0 0
0.09934 57 57
0.09934 0 0
0.09934 60 43
0.09934 64 52
0.11029 0 0
0.09934 60 43
0.09934 64 52
0.09934 0 0
0.09934 60 43
0.09934 64 52
0.10417 0 0
0.09934 57 57
0.09934 0 0
0.09934 60 42
0.09934 64 50
0.09934 0 0
0.10135 57 57
0.10135 0 0
0.10135 60 43
0.10135 64 52
0.11450 0 0
0.10204 57 57
0.10204 0 0
0.10638 60 42
0.10638 64 50
0.11628 0 0
0.09934 60 42
0.09934 64 50
0.09934 0 0
0.10714 60 42
0.10714 64 50
0.11746 0 0
0.10135 52 65
0.10135 0 0
0.10135 59 44
0.10135 64 53
0.10135 0 0
0.09934 59 44
0.09934 64 53
0.09934 0 0
0.10714 59 44
0.10714 64 53
0.11634 0 0
0.10135 52 66
0.10135 0 0
0.10135 59 43
0.10135 64 52
0.10135 0 0
0.09934 59 43
0.09934 64 52
0.09934 0 0
0.10791 59 43
0.10791 64 52
0.11319 0 0
0.10000 52 67
0.10000 0 0
0.10000 59 43
0.10000 64 52
0.10000 0 0
0.10870 47 52
0.10870 0 0
0.12295 59 52
0.12295 0 0
0.43269 52 57
0.45900 0 0
0.10417 48 59
0.10417 0 0
0.10417 60 53
0.10417 0 0
0.10274 52 59
0.10274 0 0
0.10776 64 57
0.11278 0 0
0.43341 55 60
0.43016 0 0
0.10417 48 59
0.10417 0 0
0.10417 60 53
0.10417 0 0
0.10274 52 59
0.10274 0 0
0.10776 64 57
0.11278 0 0
0.43341 55 60
0.44004 0 0
0.10417 45 59
0.10417 0 0
0.10417 57 53
0.10417 0 0
0.10274 48 59
0.10274 0 0
0.10776 60 57
0.11278 0 0
0.43166 52 60
0.43016 0 0
0.10417 45 59
0.10417 0 0
0.10417 57 53
0.10417 0 0
0.10274 48 59
0.10274 0 0
0.10776 60 57
0.11278 0 0
0.43166 52 60
0.41080 0 0
0.09934 57 53
0.09934 0 0
0.09934 60 47
0.09934 64 47
0.11278 0 0
0.10000 64 47
0.10000 60 47
0.10000 0 0
0.10000 64 47
0.10000 60 47
0.11364 0 0
0.09934 57 54
0.09934 0 0
0.09934 60 48
0.09934 64 48
0.11029 0 0
0.09934 60 48
0.09934 64 48
0.09934 0 0
0.09934 60 48
0.09934 64 48
0.10417 0 0
0.10000 57 56
0.10000 0 0
0.10000 60 49
0.10000 64 49
0.10000 0 0
0.10345 57 57
0.10345 0 0
0.10345 60 43
0.10345 64 52
0.12821 0 0
0.10204 53 57
0.10204 0 0
0.10638 57 51
0.10638 63 51
0.11628 0 0
0.10274 57 43
0.10274 63 43
0.10274 0 0
0.10714 57 39
0.10714 63 39
0.10714 0 0
0.10135 52 46
0.10135 0 0
0.10135 57 42
0.10135 64 42
0.10135 0 0
0.10274 50 42
0.10274 0 0
0.10714 53 42
0.10714 59 42
0.10714 0 0
0.10135 48 47
0.10135 0 0
0.10135 52 39
0.10135 57 39
0.10135 0 0
0.10345 50 41
0.10345 0 0
0.10791 53 41
0.10791 59 41
0.10791 0 0
0.10274 57 48
0.10274 52 48
0.10274 0 0
0.10274 52 41
0.10274 57 41
0.09846 0 0
0.10845 52 41
0.10870 56 41
0.10870 0 0
0.11422 56 41
0.11422 52 41
0.14285 0 0
0.44291 57 46
0.47244 45 46
0.43016 0 0
0.10417 48 59
0.10417 0 0
0.10417 60 53
0.10417 0 0
0.10274 52 59
0.10274 0 0
0.10776 64 57
0.11278 0 0
0.43341 55 60
0.43016 0 0
0.10417 48 59
0.10417 0 0
0.10417 60 53
0.10417 0 0
0.10274 52 59
0.10274 0 0
0.10776 64 57
0.11278 0 0
0.43341 55 60
0.44004 0 0
0.10417 45 59
0.10417 0 0
0.10417 57 53
0.10417 0 0
0.10274 48 59
0.10274 0 0
0.10776 60 57
0.11278 0 0
0.43166 52 60
0.43016 0 0
0.10417 45 59
0.10417 0 0
0.10417 57 53
0.10417 0 0
0.10274 48 59
0.10274 0 0
0.10776 60 57
0.11278 0 0
0.43166 52 60
0.41080 0 0
0.09934 57 53
0.09934 0 0
0.09934 60 47
0.09934 64 47
0.11278 0 0
0.10000 64 47
0.10000 60 47
0.10000 0 0
0.10000 64 47
0.10000 60 47
0.11364 0 0
0.09934 57 54
0.09934 0 0
0.09934 60 48
0.09934 64 48
0.11029 0 0
0.09934 60 48
0.09934 64 48
0.09934 0 0
0.09934 60 48
0.09934 64 48
0.10417 0 0
0.10000 57 56
0.10000 0 0
0.10000 60 49
0.10000 64 49
0.10000 0 0
0.10345 57 57
0.10345 0 0
0.10345 60 43
0.10345 64 52
0.12821 0 0
0.10204 57 57
0.10204 0 0
0.10638 57 51
0.10638 63 51
0.11628 0 0
0.10274 57 43
0.10274 63 43
0.10274 0 0
0.10714 57 39
0.10714 63 39
0.10714 0 0
0.10135 52 46
0.10135 0 0
0.10135 57 42
0.10135 64 42
0.10135 0 0
0.10345 50 42
0.10345 0 0
0.10714 53 42
0.10714 59 42
0.10714 0 0
0.10135 48 47
0.10135 0 0
0.10135 52 39
0.10135 57 39
0.10135 0 0
0.10417 50 41
0.10417 0 0
0.10791 53 41
0.10791 59 41
0.10791 0 0
0.10274 57 48
0.10274 52 48
0.10274 0 0
0.10274 52 41
0.10274 57 41
0.09846 0 0
0.10845 52 41
0.10870 56 41
0.10870 0 0
0.11422 56 41
0.11422 52 41
0.14285 0 0
0.44291 57 46
0.47244 45 46
0.31481 0 0
0.03597 45 64
0.03597 49 70
0.03597 52 76
0.10204 57 87
0.10204 0 0
0.10563 57 69
0.10563 0 0
0.10345 57 69
0.10345 0 0
0.10563 57 69
0.03521 45 65
0.03521 49 69
0.03521 52 73
0.10204 57 85
0.10204 0 0
0.10274 57 64
0.10274 0 0
0.10274 57 65
0.10274 0 0
0.11194 57 67
0.03731 38 66
0.03731 42 71
0.03731 45 77
0.10274 50 85
0.10274 0 0
0.10489 50 69
0.03496 39 68
0.03496 42 72
0.03496 45 75
0.10791 51 85
0.10791 0 0
0.11194 51 71
0.03731 40 64
0.03731 44 69
0.03731 47 74
0.21277 52 85
0.11364 52 73
0.41721 0 0
0.03496 45 67
0.03496 49 71
0.03496 52 76
0.10204 57 84
0.10204 0 0
0.10489 57 69
0.10489 0 0
0.10204 57 69
0.10204 0 0
0.10563 57 69
0.03521 45 61
0.03521 49 66
0.03521 52 72
0.10274 57 87
0.10274 0 0
0.10345 57 64
0.10345 0 0
0.10417 57 65
0.10417 0 0
0.10870 57 67
0.03623 38 68
0.03623 42 72
0.03623 45 76
0.10345 50 83
0.10345 0 0
0.10870 50 69
0.03623 40 67
0.03623 44 72
0.03623 47 78
0.11278 52 82
0.11278 0 0
0.11628 52 71
0.11628 0 0
0.42293 45 84
0.33881 0 0
0.03597 45 64
0.03597 49 70
0.03597 52 76
0.10204 57 87
0.10204 0 0
0.10563 57 69
0.10563 0 0
0.10345 57 69
0.10345 0 0
0.10563 57 69
0.03521 45 65
0.03521 49 69
0.03521 52 73
0.10204 57 85
0.10204 0 0
0.10274 57 64
0.10274 0 0
0.10274 57 65
0.10274 0 0
0.11194 57 67
0.03731 38 66
0.03731 42 71
0.03731 45 77
0.10274 50 85
0.10274 0 0
0.10489 50 69
0.03496 39 68
0.03496 42 72
0.03496 45 75
0.10791 51 85
0.10791 0 0
0.11194 51 71
0.03731 40 64
0.03731 44 69
0.03731 47 74
0.21277 52 85
0.11029 52 73
0.41386 0 0
0.03496 45 67
0.03496 49 71
0.03496 52 76
0.10204 57 84
0.10204 0 0
0.10489 57 69
0.10489 0 0
0.10204 57 69
0.10204 0 0
0.10563 57 69
0.03521 45 61
0.03521 49 66
0.03521 52 72
0.10274 57 87
0.10274 0 0
0.10345 57 64
0.10345 0 0
0.10417 57 65
0.10417 0 0
0.10870 57 67
0.03623 38 68
0.03623 42 72
0.03623 45 76
0.10345 50 83
0.10345 0 0
0.10870 50 69
0.03623 40 67
0.03623 44 72
0.03623 47 78
0.11278 52 82
0.11278 0 0
0.11628 52 71
0.03521 45 61
0.03521 49 66
0.03521 52 72
0.10274 57 87
0.10274 0 0
0.10345 57 64
0.10345 0 0
0.10417 57 65
0.10417 0 0
0.10870 57 64
0.03521 45 61
0.03521 49 66
0.03521 52 72
0.10274 57 87
0.10274 0 0
0.10345 57 68
0.10345 0 0
0.10417 57 68
0.10417 0 0
0.10870 57 68
0.03521 45 61
0.03521 49 66
0.03521 52 72
0.10274 57 87
0.10274 0 0
0.10345 57 68
0.10345 0 0
0.10417 57 68
0.10417 0 0
0.10870 57 68
0.03521 45 61
0.03521 49 66
0.03521 52 72
0.10274 57 87
0.10274 0 0
0.10345 57 67
0.10345 0 0
0.10417 57 67
0.10417 0 0
0.10870 57 67
0.03876 38 61
0.03876 42 66
0.03876 45 72
0.10274 50 87
0.10274 0 0
0.10345 50 67
0.10345 0 0
0.10417 50 67
0.09809 0 0
0.10843 50 67
0.00634 0 0
0.03521 45 61
0.03521 49 66
0.03521 52 72
0.05282 57 87
0.15845 0 0
0.05172 57 67
0.15517 0 0
0.05208 57 67
0.15625 0 0
0.05435 57 67
0.05435 0 0
0.03521 40 61
0.03521 44 66
0.03521 47 72
0.10274 52 87
0.10274 0 0
0.10345 52 66
0.10345 0 0
0.10417 52 66
0.10417 0 0
0.11029 52 66
0.05208 45 61
0.05208 49 66
0.05208 52 72
0.10274 57 87
0.10274 0 0
0.10345 57 68
0.10345 0 0
0.10417 57 68
0.10417 0 0
0.10870 57 68
0.03521 45 61
0.03521 49 66
0.03521 52 72
0.10274 57 87
0.10274 0 0
0.10345 57 66
0.10345 0 0
0.10417 57 66
0.10417 0 0
0.10870 57 66
0.03521 45 61
0.03521 49 66
0.03521 52 72
0.10274 57 87
0.10274 0 0
0.10345 57 66
0.10345 0 0
0.10417 57 66
0.10417 0 0
0.10870 57 66
0.03876 38 61
0.03876 42 66
0.03876 45 72
0.10274 50 87
0.10274 0 0
0.10345 50 66
0.10345 0 0
0.10417 50 66
0.09809 0 0
0.10843 50 66
0.00634 0 0
0.03521 45 61
0.03521 49 66
0.03521 52 72
0.10563 57 87
0.10563 0 0
0.10345 57 66
0.10345 0 0
0.10417 57 66
0.10417 0 0
0.10870 57 66
0.03521 40 61
0.03521 44 66
0.03521 47 72
0.05137 52 87
0.15411 0 0
0.05172 52 66
0.15517 0 0
0.05208 52 65
0.15625 0 0
0.05435 52 65
0.16304 0 0
0.10870 57 64
0.10870 64 54
0.10870 61 54
0.10870 64 54
0.10417 57 40
0.10417 64 31
0.10870 61 31
0.10563 64 31
0.10274 57 40
0.10274 64 31
0.10345 61 31
0.10345 64 31
0.10417 57 40
0.10417 64 31
0.10870 61 31
0.10563 64 31
0.10274 57 40
0.10274 64 31
0.10345 61 31
0.10345 64 31
0.10417 57 40
0.10417 64 31
0.10870 61 31
0.10563 64 31
0.10274 57 40
0.10274 64 31
0.10345 61 31
0.10345 64 31
0.10417 57 40
0.10417 64 31
0.10870 61 31
0.11628 64 31
0.10274 57 40
0.10274 66 31
0.10345 62 31
0.10345 66 31
0.10417 57 40
0.10417 66 31
0.10870 62 31
0.10563 66 31
0.10563 57 40
0.10563 64 31
0.10345 61 31
0.10345 64 31
0.10417 57 40
0.10417 64 31
0.10870 61 31
0.10563 64 31
0.10274 52 40
0.10274 64 31
0.10345 59 31
0.10345 64 31
0.10417 52 40
0.10417 64 31
0.10870 59 31
0.07143 64 31
0.02381 45 61
0.02381 49 61
0.02381 52 61
0.10274 57 87
0.10274 0 0
0.10345 57 67
0.10345 0 0
0.10417 57 67
0.10417 0 0
0.10870 57 64
0.03521 45 61
0.03521 49 66
0.03521 52 72
0.10274 57 87
0.10274 0 0
0.10345 57 66
0.10345 0 0
0.10417 57 66
0.10417 0 0
0.10870 57 66
0.03521 45 61
0.03521 49 66
0.03521 52 72
0.10274 57 87
0.10274 0 0
0.10345 57 67
0.10345 0 0
0.10417 57 67
0.10417 0 0
0.10870 57 67
0.03876 38 61
0.03876 42 66
0.03876 45 72
0.10274 50 87
0.10274 0 0
0.10345 50 68
0.10345 0 0
0.10417 50 68
0.09809 0 0
0.10843 50 68
0.00634 0 0
0.03521 45 61
0.03521 49 66
0.03521 52 72
0.10563 57 87
0.10563 0 0
0.10345 57 67
0.10345 0 0
0.10417 57 67
0.10417 0 0
0.10870 57 67
0.03521 40 61
0.03521 44 66
0.03521 47 72
0.05137 52 87
0.15411 0 0
0.05172 52 67
0.15517 0 0
0.05208 52 67
0.15625 0 0
0.05435 52 67
0.05435 0 0
0.03521 45 61
0.03521 49 66
0.03521 52 72
0.10563 57 87
0.10563 0 0
0.10563 57 67
0.10563 0 0
0.10563 57 67
0.10563 0 0
0.11538 57 67
0.03846 45 61
0.03846 49 66
0.03846 52 72
0.10563 57 87
0.10563 0 0
0.10563 57 66
0.10563 0 0
0.10563 57 66
0.10563 0 0
0.11719 57 66
0.03906 45 61
0.03906 49 66
0.03906 52 72
0.10563 57 87
0.10563 0 0
0.10563 57 67
0.10563 0 0
0.10563 57 67
0.10563 0 0
0.11450 57 67
0.03817 45 61
0.03817 49 66
0.03817 52 72
0.10638 57 95
0.10638 0 0
0.10417 57 70
0.03472 45 67
0.03472 49 72
0.03472 52 79
0.10417 57 95
0.10417 0 0
0.11194 57 70
0.11194 0 0
0.45801 45 88
0.50000 57 88
0.50000 57 88
0.50000 45 74
0.50000 49 74
0.50000 52 74
