"mz_311_3"

#  Piano right
0.49837 0 0
0.09967 69 42
0.40271 81 47
0.15102 78 44
0.05034 76 44
0.07551 74 49
0.12585 0 0
0.07551 73 44
0.12585 0 0
0.07813 74 44
0.07813 0 0
0.05209 76 43
0.07551 74 47
0.12585 0 0
0.07551 73 43
0.12585 0 0
0.08123 74 42
0.13539 0 0
0.42257 74 41
0.42257 78 49
0.13102 73 35
0.13102 76 41
0.09967 67 42
0.40271 79 47
0.15102 76 44
0.05034 74 44
0.07551 73 49
0.12585 0 0
0.07551 71 44
0.12585 0 0
0.07813 73 44
0.13022 0 0
0.07551 69 47
0.12585 0 0
0.07551 76 43
0.12585 0 0
0.08123 81 42
0.13539 0 0
0.42256 76 41
0.42256 79 49
0.15846 74 35
0.15846 78 41
0.05282 74 48
0.40543 78 52
0.20691 79 48
0.10136 83 59
0.10136 81 57
0.10136 79 55
0.10136 78 53
0.10950 76 51
0.05018 74 47
0.00173 0 0
0.05191 74 46
0.40407 78 58
0.20835 79 49
0.10102 83 59
0.10102 81 57
0.10102 79 55
0.10102 78 53
0.11153 76 51
0.04371 74 51
0.00874 0 0
0.05245 74 46
0.40407 83 58
0.20691 85 49
0.10102 86 59
0.10102 85 57
0.10102 83 55
0.10102 81 53
0.10275 79 51
0.10275 78 51
0.10102 83 59
0.10102 81 58
0.10102 79 56
0.10102 78 55
0.10527 76 58
0.12246 74 62
0.20835 81 59
0.20835 76 50
0.20835 73 50
0.31252 0 0
0.09967 69 45
0.40271 81 47
0.15102 78 44
0.05034 76 44
0.07551 74 49
0.12585 0 0
0.07551 73 44
0.12585 0 0
0.07813 74 44
0.07813 0 0
0.05209 76 43
0.07551 74 47
0.12585 0 0
0.07551 73 43
0.12585 0 0
0.08123 74 42
0.13539 0 0
0.42257 74 41
0.42257 78 49
0.13102 73 35
0.13102 76 41
0.09967 67 42
0.40271 79 47
0.15102 76 44
0.05034 74 44
0.07551 73 49
0.12585 0 0
0.07551 71 44
0.12585 0 0
0.07813 73 44
0.13022 0 0
0.07551 69 47
0.12585 0 0
0.07551 76 43
0.12585 0 0
0.08123 81 42
0.13539 0 0
0.42257 79 49
0.42257 76 41
0.15846 78 41
0.15846 74 35
0.05282 74 48
0.40543 78 52
0.20691 79 48
0.10136 83 59
0.10136 81 57
0.10136 79 55
0.10136 78 53
0.10950 76 51
0.04845 74 47
0.00346 0 0
0.05191 74 46
0.40430 83 58
0.20671 85 49
0.10122 88 59
0.10102 86 57
0.10102 85 55
0.10102 83 53
0.10260 81 51
0.10275 79 51
0.10116 85 59
0.10102 83 58
0.10102 81 56
0.10102 79 55
0.10492 78 54
0.12103 76 52
0.10122 83 63
0.10102 81 61
0.10102 79 59
0.10102 78 57
0.10260 76 56
0.10275 74 54
0.10116 81 59
0.10102 79 61
0.10102 78 60
0.10102 76 59
0.10492 74 58
0.12103 73 61
0.10454 74 63
0.31361 0 0
0.10034 62 66
0.10454 66 66
0.10240 69 73
0.30719 0 0
0.09967 66 70
0.10564 69 70
0.10240 74 75
0.30719 0 0
0.10034 69 69
0.10564 74 69
0.10240 78 81
0.30719 0 0
0.10068 74 70
0.10601 78 70
0.10240 81 82
1.12636 0 0
0.51198 81 45
0.10564 83 42
0.40958 74 47
0.02397 0 0
0.20525 73 47
0.15255 74 55
0.05085 0 0
0.10034 86 54
0.10034 0 0
0.10034 85 52
0.10034 0 0
0.10034 83 50
0.10034 0 0
0.10034 81 49
0.10034 0 0
0.10346 80 47
0.10346 0 0
0.25920 81 45
0.05085 83 35
0.05085 81 35
0.05085 80 35
0.10170 81 45
0.10753 83 42
0.40958 74 47
0.02397 0 0
0.20525 73 47
0.15255 74 55
0.05085 0 0
0.10034 86 54
0.10034 0 0
0.10034 85 52
0.10034 0 0
0.10034 83 50
0.10034 0 0
0.10034 81 49
0.10034 0 0
0.10346 80 47
0.10346 0 0
0.25920 81 45
0.05085 83 35
0.05085 81 35
0.05085 80 35
0.10170 81 45
0.10753 83 42
0.40958 74 47
0.02465 0 0
0.21036 73 47
0.20340 74 52
0.40681 0 0
0.61021 59 29
0.61021 54 29
0.61021 62 35
0.60407 62 32
0.60407 64 38
0.60407 59 32
0.61234 61 33
0.61234 69 39
0.61234 64 33
0.20340 66 35
0.20340 62 29
0.20340 57 29
0.61021 0 0
0.07551 62 61
0.12585 0 0
0.07786 62 62
0.02595 0 0
0.03460 64 40
0.03460 62 40
0.00087 0 0
0.03459 61 40
0.40819 62 69
0.07654 62 60
0.02551 0 0
0.03402 64 40
0.03402 62 40
0.00085 0 0
0.03402 61 40
0.40819 62 64
0.07840 62 59
0.13067 0 0
0.40819 61 66
0.10205 0 0
0.10205 76 54
0.81638 81 63
0.07551 85 45
0.12585 0 0
0.07551 83 43
0.12585 0 0
0.07551 81 41
0.12585 0 0
0.07706 80 39
0.12843 0 0
0.08273 78 37
0.13788 0 0
0.61438 76 35
0.21741 74 35
0.07551 59 61
0.12585 0 0
0.07786 59 62
0.02595 0 0
0.03460 61 40
0.03460 59 40
0.00087 0 0
0.03459 58 40
0.40819 59 69
0.07654 59 60
0.02551 0 0
0.03402 59 40
0.03402 57 40
0.00085 0 0
0.03402 56 40
0.40819 57 64
0.07840 57 59
0.13067 0 0
0.20410 56 66
0.30614 0 0
0.10205 76 54
0.71433 86 63
0.10205 85 53
0.10205 83 53
0.10205 81 52
0.10205 80 51
0.10417 78 51
0.10204 76 54
0.10204 78 49
0.10204 76 50
0.10204 74 49
0.10204 73 48
0.10714 71 47
0.10204 73 47
0.10204 76 47
0.10204 78 48
0.10204 80 50
0.10204 81 52
0.10453 83 53
0.10204 85 55
0.10204 86 57
0.10204 88 61
0.10204 85 57
0.10204 83 57
0.10638 81 53
0.10204 86 62
0.10204 85 60
0.10204 83 58
0.10204 81 57
0.10204 80 55
0.10601 78 53
0.10204 76 59
0.10204 78 58
0.10204 76 56
0.10204 74 55
0.10204 73 53
0.10676 71 52
0.10204 73 48
0.10204 76 50
0.10204 78 51
0.10204 80 52
0.10204 81 54
0.10417 83 55
0.10204 85 56
0.10204 86 58
0.10204 88 60
0.10204 85 52
0.10204 83 51
0.10714 81 51
0.10204 86 63
0.10204 85 59
0.10204 83 59
0.10204 81 58
0.10204 80 56
0.10676 78 54
0.10169 76 60
0.10169 78 58
0.10169 76 56
0.10169 74 55
0.10169 73 54
0.10676 71 52
0.10204 73 56
0.10204 76 50
0.10204 78 52
0.10204 80 53
0.10204 81 55
0.10676 83 57
0.10169 85 62
0.10169 83 57
0.10169 81 56
0.10169 80 54
0.10169 78 53
0.10638 76 52
0.10169 78 60
0.10169 76 59
0.10169 74 57
0.10169 73 56
0.10169 71 55
0.10653 69 53
0.10301 74 52
0.10195 73 54
0.10097 71 57
0.10001 69 60
0.10170 68 64
0.10417 66 67
0.08364 64 70
0.13941 0 0
0.07732 71 52
0.07732 76 62
0.07732 68 52
0.12887 0 0
0.07979 76 62
0.07979 68 52
0.07979 71 52
0.13298 0 0
0.08396 68 56
0.08396 76 67
0.08396 71 56
0.58769 0 0
0.64544 64 42
0.64544 73 50
0.21515 71 47
0.21369 73 44
0.22116 71 44
0.64999 62 39
1.72344 69 50
1.72344 61 42
0.21296 73 50
0.43029 74 50
0.21887 78 54
0.64916 69 42
0.21441 68 45
0.21441 69 50
0.42882 76 53
0.21736 74 50
0.21736 71 42
0.43029 73 54
0.43029 69 45
0.22430 0 0
0.86059 71 50
0.21369 73 44
0.22116 71 44
0.86059 71 50
0.21369 73 45
0.22430 74 46
0.22116 76 52
0.16245 81 49
0.05415 0 0
0.16471 80 48
0.05490 0 0
0.16245 78 49
0.05415 0 0
0.16245 76 48
0.05415 0 0
0.17441 74 46
0.05814 0 0
0.45370 73 45
0.11845 74 42
0.12163 73 43
0.23513 71 37
0.47026 0 0
0.64544 73 50
0.64544 64 42
0.21515 71 47
0.21369 73 44
0.22116 71 44
0.64999 62 39
0.64544 61 42
0.64770 61 42
0.64770 67 42
0.43029 62 42
0.43029 66 42
1.72344 69 50
0.21296 70 50
0.21296 64 50
0.43029 71 50
0.43029 66 42
0.43029 62 42
0.21887 73 54
0.21887 78 54
0.42882 71 45
0.42882 76 53
0.21736 68 42
0.21736 74 50
0.43029 69 45
0.43029 73 54
0.21887 0 0
0.21515 71 50
0.10757 83 55
0.10757 0 0
0.10757 83 55
0.10757 0 0
0.10757 83 59
0.10757 0 0
0.10685 83 53
0.10685 0 0
0.11058 83 53
0.11058 0 0
0.21515 83 60
0.10757 76 53
0.10757 0 0
0.10757 88 53
0.10757 0 0
0.10757 88 62
0.10757 0 0
0.10685 81 56
0.10685 0 0
0.11058 81 56
0.11058 0 0
0.11058 81 57
0.11058 0 0
0.10830 78 53
0.10830 74 45
0.10830 0 0
0.10981 73 45
0.10981 76 54
0.10981 0 0
0.10720 74 56
0.10720 71 47
0.10720 0 0
0.10830 73 58
0.10830 69 49
0.10830 0 0
0.11627 68 50
0.11627 71 59
0.11627 0 0
0.61795 69 65
0.62224 85 65
0.10239 86 67
0.10239 85 65
0.10239 83 64
0.10239 81 63
0.10239 80 61
0.10676 0 0
0.10239 83 65
0.10239 81 64
0.10239 80 62
0.10239 78 61
0.10239 76 60
0.10909 74 58
0.10239 73 61
0.10239 0 0
0.10381 76 49
0.10381 0 0
0.10381 81 52
0.10381 0 0
0.10381 85 55
0.10381 0 0
0.10381 88 58
0.31142 0 0
0.10239 86 67
0.10239 85 65
0.10239 83 64
0.10239 81 63
0.10239 80 61
0.10676 0 0
0.10239 83 65
0.10239 81 64
0.10239 80 62
0.10239 78 61
0.10239 76 60
0.10909 74 58
0.10239 73 61
0.10239 0 0
0.10381 76 49
0.10381 0 0
0.10381 81 52
0.10381 0 0
0.10381 85 55
0.10381 0 0
0.10381 88 58
0.52725 0 0
0.20979 77 45
0.20979 78 45
0.21583 0 0
0.20906 81 45
0.20906 78 45
0.21505 0 0
0.20979 75 45
0.20979 76 45
0.21583 0 0
0.20979 78 45
0.20979 74 45
0.21505 0 0
0.21053 72 45
0.21053 73 45
0.21661 0 0
0.21127 74 45
0.21127 71 45
0.61795 69 65
0.62224 85 65
0.10239 86 67
0.10239 85 65
0.10239 83 64
0.10239 81 63
0.10239 80 61
0.10676 0 0
0.10239 83 65
0.10239 81 64
0.10239 80 62
0.10239 78 61
0.10239 76 60
0.10909 74 58
0.10239 73 61
0.10239 0 0
0.10381 76 49
0.10381 0 0
0.10381 81 52
0.10381 0 0
0.10381 85 55
0.10381 0 0
0.10381 88 58
0.31142 0 0
0.10239 86 67
0.10239 85 65
0.10239 83 64
0.10239 81 63
0.10239 80 61
0.10676 0 0
0.10239 83 65
0.10239 81 64
0.10239 80 62
0.10239 78 61
0.10239 76 60
0.10909 74 58
0.10239 73 61
0.10239 0 0
0.10381 76 49
0.10381 0 0
0.10381 81 52
0.10381 0 0
0.10381 85 55
0.10381 0 0
0.10381 88 58
0.52803 0 0
0.21053 77 45
0.21053 78 43
0.21583 0 0
0.20979 81 45
0.20979 78 41
0.21583 0 0
0.20906 75 45
0.20906 76 44
0.21583 0 0
0.20979 78 45
0.20979 74 43
0.21661 0 0
0.20979 72 45
0.20979 73 43
0.21661 0 0
0.21053 74 45
0.21053 71 43
0.21505 0 0
0.10417 65 58
0.10417 77 69
0.10417 0 0
0.10417 78 67
0.10417 66 56
0.31845 0 0
0.10345 69 58
0.10345 81 69
0.10345 0 0
0.10345 78 67
0.10345 66 56
0.31697 0 0
0.10417 63 58
0.10417 75 69
0.10417 0 0
0.10417 76 67
0.10417 64 56
0.31769 0 0
0.10417 78 69
0.10417 66 58
0.10417 0 0
0.10417 74 67
0.10417 62 56
0.31693 0 0
0.10345 60 58
0.10345 72 69
0.10345 0 0
0.10345 61 56
0.10345 73 67
0.31472 0 0
0.10381 74 69
0.10381 62 58
0.10381 0 0
0.10381 59 56
0.10381 71 67
0.10381 0 0
0.20478 61 72
0.20478 69 72
0.41317 0 0
0.62224 81 73
0.62224 73 62
0.40956 83 75
0.40956 74 63
0.15502 86 71
0.15502 78 60
0.05263 71 65
0.41096 81 76
0.03472 80 69
0.03472 81 62
0.03472 80 63
0.05208 78 70
0.05208 80 64
0.20478 81 72
0.41317 0 0
0.10239 81 73
0.10239 73 62
0.10239 0 0
0.10239 81 73
0.10239 73 62
0.10239 0 0
0.10239 81 73
0.10239 73 62
0.11029 0 0
0.40956 83 75
0.40956 74 63
0.15502 86 71
0.15502 78 60
0.05263 71 65
0.41096 81 76
0.03472 80 69
0.03472 81 62
0.03472 80 63
0.05208 78 70
0.05208 80 64
0.10239 81 72
0.10239 0 0
0.20478 73 45
0.20478 74 39
0.20478 76 45
0.20478 78 41
0.20979 80 42
0.20478 81 47
0.20478 73 40
0.20478 74 37
0.20478 76 45
0.20478 78 42
0.20979 80 44
0.20478 81 45
0.81911 0 0
0.20979 74 45
0.20979 64 38
0.20979 71 38
0.10239 69 38
0.10239 64 38
0.10239 73 45
0.92150 0 0
0.10489 64 38
0.10489 71 38
0.10489 74 45
0.31468 0 0
0.20690 72 43
0.20690 73 40
0.21053 0 0
0.20690 73 46
0.20690 74 45
0.21201 0 0
0.20833 75 65
0.20833 76 61
0.21505 0 0
0.21127 77 74
0.21127 78 70
0.23256 0 0
0.27149 78 77
0.24000 79 75
1.32000 0 0
0.09967 69 42
0.40271 81 47
0.15102 78 44
0.05034 76 44
0.07551 74 49
0.12585 0 0
0.07551 73 44
0.12585 0 0
0.07813 74 44
0.07813 0 0
0.05209 76 43
0.07551 74 47
0.12585 0 0
0.07551 73 43
0.12585 0 0
0.08123 74 42
0.13539 0 0
0.42257 78 49
0.42257 74 41
0.13102 76 41
0.13102 73 35
0.09967 67 42
0.40271 79 47
0.15102 76 44
0.05034 74 44
0.07551 73 49
0.12585 0 0
0.07551 71 44
0.12585 0 0
0.07813 73 44
0.13022 0 0
0.07551 69 47
0.12585 0 0
0.07551 76 43
0.12585 0 0
0.08123 81 42
0.13539 0 0
0.42257 79 49
0.42257 76 41
0.15846 78 41
0.15846 74 35
0.05282 74 48
0.40543 78 52
0.20691 79 48
0.10136 83 59
0.10136 81 57
0.10136 79 55
0.10136 78 53
0.10950 76 51
0.04931 74 47
0.00260 0 0
0.05191 74 46
0.40407 78 58
0.20835 79 49
0.10102 83 59
0.10102 81 57
0.10102 79 55
0.10102 78 53
0.11153 76 51
0.04371 74 51
0.00874 0 0
0.05245 74 46
0.40407 83 58
0.20691 85 49
0.10102 86 59
0.10102 85 57
0.10102 83 55
0.10102 81 53
0.10275 79 51
0.10275 78 51
0.10102 83 59
0.10102 81 58
0.10102 79 56
0.10102 78 55
0.10527 76 58
0.12246 74 62
0.20835 73 50
0.20835 81 59
0.20835 76 50
0.31252 0 0
0.09967 69 42
0.40271 81 47
0.15102 78 44
0.05034 76 44
0.07551 74 49
0.12585 0 0
0.07551 73 44
0.12585 0 0
0.07813 74 44
0.07813 0 0
0.05209 76 43
0.07551 74 47
0.12585 0 0
0.07551 73 43
0.12585 0 0
0.08123 74 42
0.13539 0 0
0.42257 74 41
0.42257 78 49
0.13102 76 41
0.13102 73 35
0.09967 67 42
0.40271 79 47
0.15102 76 44
0.05034 74 44
0.07551 73 49
0.12585 0 0
0.07551 71 44
0.12585 0 0
0.07813 73 44
0.13022 0 0
0.07551 69 47
0.12585 0 0
0.07551 76 43
0.12585 0 0
0.08123 81 42
0.13539 0 0
0.42257 79 49
0.42257 76 41
0.15846 78 41
0.15846 74 35
0.05282 74 48
0.40543 78 52
0.20691 79 48
0.10136 83 59
0.10136 81 57
0.10136 79 55
0.10136 78 53
0.10950 76 51
0.04845 74 47
0.01211 0 0
0.05191 74 46
0.40430 83 58
0.20671 85 49
0.10122 88 59
0.10102 86 57
0.10102 85 55
0.10102 83 53
0.10260 81 51
0.10275 79 51
0.10116 85 59
0.10102 83 58
0.10102 81 56
0.10102 79 55
0.10492 78 54
0.12103 76 52
0.10122 83 63
0.10102 81 61
0.10102 79 59
0.10102 78 57
0.10260 76 56
0.10275 74 54
0.10116 81 59
0.10102 79 61
0.10102 78 60
0.10102 76 59
0.10492 74 58
0.12103 73 61
0.10454 74 63
0.31361 0 0
0.10034 66 66
0.10454 69 66
0.10240 74 73
0.30719 0 0
0.09967 69 70
0.10564 74 70
0.10240 78 75
0.30719 0 0
0.10034 74 69
0.10564 78 69
0.10240 81 81
0.31531 0 0
0.11583 78 56
0.12931 81 56
0.10240 84 65
1.12636 0 0
0.51546 74 45
0.10870 76 42
0.41379 67 47
0.02397 0 0
0.20525 66 47
0.15255 67 55
0.05085 0 0
0.10034 79 54
0.10034 0 0
0.10034 78 52
0.10034 0 0
0.10034 76 50
0.10034 0 0
0.10034 74 49
0.10034 0 0
0.10346 73 47
0.10346 0 0
0.26064 74 45
0.05085 76 35
0.05085 74 35
0.05085 73 35
0.10170 74 45
0.10753 76 42
0.41237 67 47
0.02397 0 0
0.20455 66 47
0.14803 67 55
0.04934 0 0
0.10034 79 54
0.10034 0 0
0.10034 78 52
0.10034 0 0
0.10034 76 50
0.10034 0 0
0.10034 74 49
0.10034 0 0
0.10346 73 47
0.10346 0 0
0.26212 74 45
0.05085 76 35
0.05085 74 35
0.05085 73 35
0.10170 74 45
0.10753 76 42
0.40958 67 47
0.21128 66 47
0.20340 67 52
0.40681 0 0
0.65455 67 35
0.65455 59 29
0.65455 64 29
0.62500 67 32
0.62500 69 38
0.62500 64 32
0.65217 74 39
0.65217 69 33
0.65217 66 33
0.22988 67 29
0.22988 71 35
0.22988 62 29
0.45977 0 0
0.66915 60 43
0.66915 55 43
0.66915 64 52
0.65217 64 48
0.65217 60 48
0.65217 66 57
0.66349 71 58
0.66349 63 49
0.66349 66 49
0.23077 59 43
0.23077 67 52
0.23077 64 43
0.46154 0 0
0.67164 62 35
0.67164 54 29
0.67164 59 29
0.64982 62 32
0.64982 59 32
0.64982 64 38
0.65778 69 39
0.65778 64 33
0.65778 61 33
0.23077 62 29
0.23077 57 29
0.23077 66 35
0.46154 0 0
0.67416 67 43
0.67416 64 43
0.67416 73 52
0.66421 66 48
0.66421 74 57
0.66421 62 48
0.67925 71 51
0.67925 77 60
0.21555 73 45
0.21555 78 54
0.21555 70 45
1.29852 0 0
0.10814 78 52
0.10777 0 0
0.10777 78 48
0.11080 0 0
0.05389 79 44
0.05389 81 44
0.10777 79 53
0.10777 78 49
0.10777 0 0
0.10777 78 46
0.11119 0 0
0.05455 79 48
0.05455 81 48
0.10753 79 52
0.10753 78 52
0.10753 0 0
0.10753 78 48
0.11158 0 0
0.43362 78 52
0.10601 79 46
0.11119 81 49
0.21780 83 52
0.10791 76 48
0.10791 0 0
0.10791 76 48
0.11080 0 0
0.05389 78 48
0.05389 79 48
0.10777 78 52
0.10777 76 52
0.10777 0 0
0.10777 76 48
0.11080 0 0
0.05389 76 48
0.05389 78 48
0.10777 76 56
0.10777 74 48
0.10777 0 0
0.10777 74 52
0.11158 0 0
0.43294 74 52
0.10601 76 47
0.11198 78 50
0.21900 79 53
0.10830 72 50
0.10830 0 0
0.10830 72 50
0.11119 0 0
0.03610 74 53
0.03610 72 43
0.03610 71 43
0.32491 72 49
0.22151 79 53
0.21941 78 53
0.10830 71 50
0.10830 0 0
0.10830 71 50
0.11400 0 0
0.03623 73 49
0.03623 71 34
0.03623 70 34
0.32609 71 40
0.22148 78 46
0.21703 78 50
0.21703 76 46
0.10851 73 46
0.11119 0 0
0.21628 76 53
0.21628 74 47
0.10814 71 46
0.11278 0 0
0.12188 70 53
0.12188 71 48
0.12188 73 54
0.12188 74 50
0.12241 73 54
0.12722 74 47
0.22237 73 52
0.44474 0 0
0.11119 74 56
0.11119 83 48
0.10814 74 48
0.10777 83 48
0.10777 74 56
0.11080 83 47
0.10792 74 47
0.10792 83 46
0.10792 74 56
0.10792 83 47
0.10792 74 47
0.11119 83 47
0.11119 73 56
0.11119 83 48
0.10814 73 48
0.10753 83 48
0.10753 73 56
0.11080 83 47
0.10792 73 47
0.10792 81 46
0.10792 73 56
0.10792 81 47
0.10638 73 47
0.11236 81 47
0.11111 75 56
0.11111 81 48
0.10814 76 48
0.10777 79 48
0.10792 76 56
0.11080 79 47
0.10792 71 47
0.10792 79 46
0.10792 71 56
0.10792 79 47
0.10792 73 47
0.11119 79 47
0.11119 69 56
0.11119 79 48
0.10814 69 48
0.10777 79 48
0.10777 69 56
0.11080 79 47
0.10792 69 47
0.10792 78 46
0.10792 69 56
0.10792 78 47
0.10792 69 47
0.11119 78 47
0.11119 71 56
0.11119 78 48
0.10814 71 48
0.10777 76 48
0.10777 71 56
0.11080 75 47
0.10792 76 47
0.10792 83 46
0.10792 76 56
0.10792 81 47
0.10792 76 47
0.11119 80 47
0.11119 76 56
0.11119 81 48
0.10814 74 48
0.10777 81 48
0.10777 73 56
0.11080 81 47
0.10777 79 47
0.10777 82 46
0.10777 78 56
0.10777 83 47
0.10777 76 47
0.11119 85 47
0.10608 74 56
0.10608 85 48
0.10814 74 48
0.10571 85 48
0.10571 74 56
0.10838 83 47
0.10564 73 47
0.10564 83 46
0.10564 73 56
0.10564 83 47
0.10564 73 47
0.10877 81 47
0.11119 71 56
0.11119 81 48
0.10646 71 48
0.10777 81 48
0.10777 71 56
0.11080 79 47
0.10571 69 47
0.10571 79 46
0.10571 69 56
0.10571 79 47
0.10571 69 47
0.10917 78 47
0.10957 67 56
0.10957 78 48
0.10608 67 48
0.10777 78 48
0.10534 67 56
0.10838 76 47
0.10571 66 47
0.10571 76 46
0.10571 66 56
0.10571 76 47
0.10571 66 47
0.10838 74 47
0.10957 64 56
0.10957 74 48
0.10608 64 48
0.10571 74 48
0.10571 64 56
0.10838 72 47
0.10534 62 47
0.10534 72 46
0.10534 62 56
0.10534 72 47
0.10534 62 47
0.11119 71 47
0.11144 64 53
0.11081 71 44
0.11008 69 45
0.10934 68 45
0.10864 69 46
0.10920 71 47
0.10821 72 49
0.10891 74 51
0.10940 76 51
0.11011 72 50
0.11069 71 49
0.11078 69 48
0.71087 67 55
0.71087 59 55
0.23166 57 47
0.23166 66 47
0.71125 0 0
0.12097 74 48
0.12146 0 0
0.11952 74 49
0.11952 0 0
0.12000 74 51
0.12000 0 0
0.12000 74 52
0.12000 0 0
0.13100 74 54
0.13100 0 0
0.73737 74 56
0.24292 66 52
0.72545 0 0
0.11905 67 50
0.11905 0 0
0.11628 71 51
0.11628 0 0
0.11628 74 53
0.11628 0 0
0.11905 79 54
0.11905 0 0
0.12346 83 56
0.12346 0 0
0.72896 86 57
0.24194 84 55
0.72581 0 0
0.11628 83 52
0.11628 84 54
0.11628 86 55
0.12448 83 51
0.11628 79 55
0.11628 0 0
0.11628 79 53
0.11628 81 55
0.11628 83 58
0.12397 79 52
0.11583 76 55
0.11583 0 0
0.11583 76 51
0.11583 78 54
0.11583 79 56
0.11547 76 51
0.11494 73 55
0.11494 0 0
0.11494 73 51
0.11494 74 53
0.11494 76 56
0.12270 73 52
0.23147 74 54
0.23558 76 56
0.24194 78 58
0.24194 79 61
0.12097 76 58
0.12097 0 0
0.12712 72 54
0.12712 0 0
0.74380 71 55
0.74380 67 55
0.24793 69 50
0.24793 66 50
0.73396 0 0
0.12397 74 48
0.12397 0 0
0.12397 74 49
0.12397 0 0
0.06198 76 51
0.06198 78 51
0.12397 76 51
0.12397 74 52
0.12397 0 0
0.12097 74 54
0.12097 0 0
0.73773 74 56
0.24691 66 52
0.60748 0 0
0.11765 67 50
0.11765 71 52
0.11765 67 52
0.11364 74 53
0.11364 71 54
0.11364 79 55
0.11364 74 56
0.11583 83 57
0.11583 79 58
0.12048 86 59
0.12048 83 60
0.62241 86 66
0.12448 85 57
0.24793 84 64
0.74380 0 0
0.11494 83 52
0.11494 84 54
0.11494 86 55
0.12097 83 51
0.11583 79 55
0.11583 0 0
0.11583 79 53
0.11583 81 55
0.11583 83 58
0.12146 79 52
0.11628 76 55
0.11628 0 0
0.11628 76 51
0.11628 78 54
0.11628 79 56
0.12146 76 51
0.11450 73 55
0.11450 0 0
0.11450 73 51
0.11450 74 53
0.11450 76 56
0.11968 73 52
0.23296 74 54
0.24156 73 56
0.24490 72 58
0.24490 71 61
0.24490 72 58
0.03987 69 55
0.03987 71 50
0.03987 69 51
0.05981 67 54
0.05981 69 49
0.11287 67 55
0.33860 0 0
0.10034 59 66
0.10454 62 66
0.10240 67 73
0.30719 0 0
0.09967 62 70
0.10564 67 70
0.10240 71 75
0.30719 0 0
0.10034 67 69
0.10564 71 69
0.10240 74 81
0.30719 0 0
0.10068 71 70
0.10601 74 70
0.10240 79 82
1.12636 0 0
0.51198 83 45
0.10564 84 42
0.40958 76 47
0.20549 75 47
0.15255 76 55
0.05085 0 0
0.10034 88 54
0.10034 0 0
0.10034 86 52
0.10034 0 0
0.10034 84 50
0.10034 0 0
0.10034 83 49
0.10034 0 0
0.10346 82 47
0.10346 0 0
0.25920 83 45
0.05085 84 35
0.05085 83 35
0.05085 82 35
0.10170 83 45
0.10753 84 42
0.40958 76 47
0.02397 0 0
0.20525 75 47
0.15255 76 55
0.05085 0 0
0.10034 88 54
0.10034 0 0
0.10034 86 52
0.10034 0 0
0.10034 84 50
0.10034 0 0
0.10034 83 49
0.10034 0 0
0.10346 82 47
0.10346 0 0
0.25920 81 45
0.05085 83 35
0.05085 81 35
0.05085 80 35
0.10170 81 45
0.10753 83 42
0.40958 74 47
0.02465 0 0
0.21036 73 47
0.15255 74 55
0.05085 0 0
0.10034 86 54
0.10034 0 0
0.10034 85 52
0.10034 0 0
0.10034 83 50
0.10034 0 0
0.10034 81 49
0.10034 0 0
0.10346 80 47
0.10346 0 0
0.25920 81 45
0.05085 83 35
0.05085 81 35
0.05085 80 35
0.10170 81 45
0.10753 83 42
0.40958 74 47
0.02397 0 0
0.20525 73 47
0.15255 74 55
0.05085 0 0
0.10034 78 54
0.10034 0 0
0.10034 76 52
0.10034 0 0
0.10034 74 50
0.10034 0 0
0.10034 73 49
0.10034 0 0
0.10346 71 47
0.10346 0 0
0.25920 76 45
0.05085 78 35
0.05085 76 35
0.05085 75 35
0.10170 76 45
0.10753 78 42
0.40958 69 47
0.21128 68 47
0.15255 69 55
0.05085 0 0
0.10034 81 54
0.10034 0 0
0.10034 80 52
0.10034 0 0
0.10034 78 50
0.10034 0 0
0.10034 76 49
0.10034 0 0
0.10346 75 47
0.10346 0 0
0.25920 76 45
0.05085 78 35
0.05085 76 35
0.05085 75 35
0.10170 76 45
0.10753 78 42
0.40958 69 47
0.21128 68 47
0.10564 69 36
0.10564 64 28
0.10310 61 28
0.10310 64 28
0.10310 69 28
0.10310 64 28
0.10310 69 36
0.10310 64 27
0.10310 61 27
0.10310 64 27
0.10639 69 28
0.10639 64 28
0.10639 71 38
0.10639 64 30
0.10381 62 31
0.10381 64 32
0.10381 71 33
0.10381 64 35
0.10381 71 46
0.10381 64 35
0.10381 62 36
0.10381 64 36
0.10639 71 38
0.10639 64 39
0.10310 73 52
0.10310 67 41
0.10310 64 42
0.10310 67 44
0.10830 73 45
0.10830 64 45
0.10453 74 60
0.10453 69 49
0.10453 66 50
0.10453 69 51
0.11029 74 53
0.11029 69 54
0.10563 76 69
0.10563 73 58
0.10563 69 59
0.10563 73 61
0.11070 76 63
0.11070 73 65
0.10676 78 77
0.10676 74 66
0.10676 69 68
0.10676 74 70
0.11111 78 72
0.15578 74 73
2.27848 73 63
2.27848 79 75
2.27848 76 63
2.27848 69 63
0.50285 79 74
0.16762 76 69
0.50285 85 76
0.16762 79 69
1.00570 88 77
0.33523 86 64
0.35199 85 66
0.35199 83 63
0.35199 81 63
0.35126 80 60
0.17995 81 57
0.17757 82 53
0.17422 83 53
0.17134 81 54
0.16826 79 54
0.16552 78 57
0.16269 81 60
0.15920 79 57
0.15422 83 60
0.14987 81 57
0.14631 79 58
0.14158 78 58
0.13653 76 62
0.13454 78 58
0.13269 79 58
0.13065 78 59
0.12867 81 64
0.12789 79 61
0.12701 78 63
0.12623 76 60
0.12543 74 63
0.12501 73 62
0.12501 71 62
0.13247 69 63
0.07792 67 62
0.07728 69 53
0.07659 67 62
0.07591 69 53
0.07525 67 63
0.07459 69 53
0.07395 67 61
0.07336 69 53
0.07270 67 62
0.07208 69 53
0.07157 67 65
0.07090 69 57
0.07088 67 68
0.07123 69 60
0.07148 67 66
0.07183 69 57
0.09624 67 66
0.09683 69 60
0.09732 67 68
0.14710 66 59
0.15024 67 63
0.08632 68 64
0.08683 69 64
0.08736 70 63
0.08789 71 62
0.08843 72 61
0.08898 73 60
0.08953 74 59
0.09009 75 58
0.09066 76 57
0.09123 77 56
0.09181 78 55
0.09240 79 54
0.12406 80 53
0.12424 81 53
0.12424 82 52
0.50847 83 50
1.22449 0 0
0.37500 81 56
0.78041 79 51
0.81081 0 0
0.34091 78 53
0.75187 76 47
0.82192 0 0
0.44776 78 53
0.10563 79 43
0.10563 78 43
0.10563 76 43
0.10563 78 43
0.68116 81 55
0.24569 79 50
0.01293 0 0
0.46875 79 54
0.11719 81 41
0.11719 79 41
0.11719 78 41
0.11719 79 41
0.93750 80 53
1.20000 83 50
1.57895 81 41
0.09967 69 40
0.40271 81 45
0.15102 78 42
0.05034 76 42
0.07551 74 46
0.12585 0 0
0.07551 73 42
0.12585 0 0
0.07813 74 42
0.07813 0 0
0.05209 76 41
0.07551 74 45
0.12585 0 0
0.07551 73 41
0.12585 0 0
0.08123 74 40
0.13539 0 0
0.42256 78 46
0.42256 74 39
0.13102 76 39
0.13102 73 33
0.09967 67 40
0.40271 79 45
0.15102 76 42
0.05034 74 42
0.07551 73 46
0.12585 0 0
0.07551 71 42
0.12585 0 0
0.07813 73 42
0.13022 0 0
0.07551 69 45
0.12585 0 0
0.07551 76 41
0.12585 0 0
0.08123 81 40
0.13539 0 0
0.42256 76 39
0.42256 79 46
0.15582 74 33
0.15846 78 39
0.05282 74 48
0.40543 78 52
0.20691 79 48
0.10136 83 59
0.10136 81 57
0.10136 79 55
0.10136 78 53
0.10950 76 51
0.04931 74 47
0.00260 0 0
0.05191 74 46
0.40407 78 58
0.20835 79 49
0.10102 83 59
0.10102 81 57
0.10102 79 55
0.10102 78 53
0.11153 76 51
0.04371 74 51
0.00874 0 0
0.05245 74 46
0.40407 83 58
0.20691 85 49
0.10102 86 59
0.10102 85 57
0.10102 83 55
0.10102 81 53
0.10275 79 51
0.10275 78 51
0.10102 83 59
0.10102 81 58
0.10102 79 56
0.10102 78 55
0.10527 76 58
0.12246 74 62
0.20835 73 50
0.20835 76 50
0.20835 81 59
0.31252 0 0
0.09967 57 40
0.40271 69 45
0.15102 66 42
0.05034 64 42
0.07551 62 46
0.12585 0 0
0.07551 61 42
0.12585 0 0
0.07813 62 42
0.07813 0 0
0.05209 64 41
0.07551 62 45
0.12585 0 0
0.07551 61 41
0.12585 0 0
0.08123 62 40
0.13539 0 0
0.42257 66 46
0.42257 62 39
0.13102 64 39
0.13102 61 33
0.09967 55 40
0.40271 67 45
0.15102 64 42
0.05034 62 42
0.07551 61 46
0.12585 0 0
0.07551 59 42
0.12585 0 0
0.07813 61 42
0.13022 0 0
0.07551 57 45
0.12585 0 0
0.07551 64 41
0.12585 0 0
0.08123 69 40
0.13539 0 0
0.42257 64 39
0.42257 67 46
0.15846 66 39
0.15846 62 33
0.05282 74 48
0.40543 78 52
0.20691 79 48
0.10136 83 59
0.10136 81 57
0.10136 79 55
0.10136 78 53
0.10950 76 51
0.05191 74 47
0.05191 79 46
0.40430 83 58
0.20671 85 49
0.10122 88 59
0.10102 86 57
0.10102 85 55
0.10102 83 53
0.10260 81 51
0.10275 79 51
0.10116 85 59
0.10102 83 58
0.10102 81 56
0.10102 79 55
0.10492 78 54
0.12103 76 52
0.10122 83 63
0.10102 81 61
0.10102 79 59
0.10102 78 57
0.10260 76 56
0.10275 74 54
0.10116 81 59
0.10102 79 61
0.10102 78 60
0.10102 76 59
0.10492 74 58
0.12103 73 61
0.10454 74 63
0.73176 0 0
0.07551 62 61
0.12585 0 0
0.07786 62 62
0.02595 0 0
0.03460 64 40
0.03460 62 40
0.00087 0 0
0.03459 61 40
0.40819 62 69
0.07654 62 60
0.02551 0 0
0.03402 64 40
0.03402 62 40
0.00085 0 0
0.03402 61 40
0.40819 62 64
0.07840 62 59
0.13067 0 0
0.44776 60 66
0.10204 0 0
0.10204 69 54
0.81634 81 63
0.07551 84 45
0.12585 0 0
0.07551 83 43
0.12585 0 0
0.07551 81 41
0.12585 0 0
0.07706 79 39
0.12843 0 0
0.08273 78 37
0.13788 0 0
0.61438 81 35
0.23622 79 35
0.07551 59 61
0.12585 0 0
0.07786 59 62
0.02595 0 0
0.03460 59 40
0.03460 57 40
0.03460 56 40
0.40819 57 69
0.07654 57 60
0.02551 0 0
0.03402 57 40
0.03402 55 40
0.03402 54 40
0.40819 55 64
0.07840 55 59
0.13067 0 0
0.46512 54 66
0.10204 0 0
0.10205 74 54
0.71433 84 63
0.10205 83 53
0.10205 81 53
0.10205 79 52
0.10205 78 51
0.10417 76 51
0.10204 74 54
0.10204 76 49
0.10204 74 50
0.10204 72 49
0.10204 71 48
0.10714 69 47
0.10264 71 47
0.10248 74 47
0.10212 76 48
0.10221 78 50
0.10247 79 52
0.10453 81 53
0.10204 83 55
0.10204 84 57
0.10239 86 61
0.10239 83 57
0.10239 81 57
0.10638 79 53
0.10204 84 62
0.10204 83 60
0.10239 81 58
0.10239 79 57
0.10239 78 55
0.10601 76 53
0.10204 74 59
0.10204 76 58
0.10239 74 56
0.10239 72 55
0.10239 71 53
0.10676 69 52
0.10259 71 48
0.10200 74 50
0.10141 76 51
0.10165 78 52
0.10201 79 54
0.10417 81 55
0.10204 83 56
0.10204 84 58
0.10204 86 60
0.10204 83 52
0.10638 81 51
0.11952 79 47
0.10659 81 53
0.10257 79 51
0.10197 78 51
0.10184 76 50
0.10219 75 49
0.10676 72 48
0.10274 71 52
0.10274 72 52
0.10170 71 51
0.10170 69 51
0.10170 67 50
0.10643 66 50
0.10264 67 56
0.10222 71 50
0.10175 73 52
0.10170 75 53
0.10185 76 55
0.10676 78 57
0.10170 79 62
0.10170 81 57
0.10204 83 56
0.10204 79 54
0.10204 78 53
0.10550 76 52
0.10248 79 63
0.10187 78 61
0.10135 76 59
0.10160 74 58
0.10191 73 56
0.10673 71 54
0.10254 69 60
0.10182 71 58
0.10139 69 56
0.10175 67 55
0.10217 66 54
0.10587 64 52
0.10294 66 56
0.10251 69 50
0.10210 71 52
0.10224 73 53
0.10249 74 55
0.10676 76 57
0.10309 78 62
0.10309 79 57
0.10204 81 56
0.10204 83 54
0.10204 85 53
0.10638 86 52
0.10638 83 60
0.10638 81 59
0.10638 79 57
0.10638 78 56
0.10638 76 55
0.10653 74 53
0.10301 79 52
0.10195 78 54
0.10097 76 57
0.10001 74 60
0.10170 73 64
0.10417 71 67
0.08364 69 70
0.13941 0 0
0.07732 81 62
0.07732 73 52
0.07732 76 52
0.12887 0 0
0.07979 81 62
0.07979 76 52
0.07979 73 52
0.13298 0 0
0.08789 73 56
0.08789 81 67
0.08789 76 56
0.61523 0 0
0.64544 78 50
0.64544 69 42
0.21515 76 47
0.21369 78 44
0.22116 76 44
0.64999 67 39
1.72344 74 50
1.72344 66 42
0.21296 78 50
0.43029 79 50
0.21887 83 54
0.64916 74 42
0.21441 73 45
0.21441 74 50
0.42882 81 53
0.21736 76 42
0.21736 79 50
0.43029 74 45
0.43029 78 54
0.22430 0 0
0.86059 76 50
0.21369 78 44
0.22116 76 44
0.86059 76 50
0.21369 78 45
0.22430 79 46
0.22116 81 52
0.16245 86 49
0.05415 0 0
0.16471 85 48
0.05490 0 0
0.16245 83 49
0.05415 0 0
0.16245 81 48
0.05415 0 0
0.17440 79 46
0.05813 0 0
0.45370 78 45
0.11845 79 42
0.12163 78 43
0.23513 76 37
0.47026 0 0
0.64544 78 50
0.64544 69 42
0.21515 76 47
0.21369 78 44
0.22116 76 44
0.64999 67 39
0.64544 66 42
0.64770 72 42
0.64770 66 42
0.43029 67 42
0.43029 71 42
1.72344 74 50
0.21296 71 50
0.21296 69 50
0.21296 75 50
0.43029 71 42
0.43029 67 42
0.43029 76 50
0.21887 83 54
0.21887 78 54
0.42882 81 53
0.42882 76 45
0.21736 79 50
0.21736 73 42
0.43029 74 45
0.43029 78 54
0.21887 0 0
0.21898 76 50
0.10753 88 55
0.10753 0 0
0.10753 88 55
0.10753 0 0
0.10753 88 59
0.10753 0 0
0.10685 88 53
0.10685 0 0
0.11058 88 53
0.11058 0 0
0.21515 88 60
0.10757 81 53
0.10757 0 0
0.10757 81 53
0.10757 0 0
0.10757 81 62
0.10757 0 0
0.10685 86 56
0.10685 0 0
0.11058 86 56
0.11058 0 0
0.11058 86 57
0.11058 0 0
0.10830 79 45
0.10830 83 53
0.10830 0 0
0.10981 81 54
0.10981 78 45
0.10981 0 0
0.10720 79 56
0.10720 76 47
0.10720 0 0
0.10830 78 58
0.10830 74 49
0.10830 0 0
0.11627 76 59
0.11627 73 50
0.11627 0 0
0.61795 74 65
0.62224 78 65
0.10239 79 67
0.10239 78 65
0.10239 76 64
0.10239 74 63
0.10239 73 61
0.10676 0 0
0.10239 76 65
0.10239 74 64
0.10239 73 62
0.10239 71 61
0.10239 69 60
0.10909 67 58
0.10239 66 61
0.10239 0 0
0.10381 69 49
0.10381 0 0
0.10381 74 52
0.10381 0 0
0.10381 78 55
0.10381 0 0
0.10381 81 58
0.31142 0 0
0.10239 79 67
0.10239 78 65
0.10239 76 64
0.10239 74 63
0.10239 73 61
0.10676 0 0
0.10239 76 65
0.10239 74 64
0.10239 73 62
0.10239 71 61
0.10239 69 60
0.10909 67 58
0.10239 66 61
0.10239 0 0
0.10381 69 49
0.10381 0 0
0.10381 74 52
0.10381 0 0
0.10381 78 55
0.10381 0 0
0.10381 81 58
0.52494 0 0
0.20906 82 45
0.20906 83 45
0.21429 0 0
0.20833 86 45
0.20833 83 45
0.21505 0 0
0.20906 80 45
0.20906 81 45
0.21429 0 0
0.20979 83 45
0.20979 79 45
0.21429 0 0
0.20906 77 45
0.20906 78 45
0.21352 0 0
0.21053 79 45
0.21053 76 45
0.61795 74 65
0.62224 78 65
0.10239 79 67
0.10239 78 65
0.10239 76 64
0.10239 74 63
0.10239 73 61
0.10676 0 0
0.10239 76 65
0.10239 74 64
0.10239 73 62
0.10239 71 61
0.10239 69 60
0.10909 67 58
0.10239 66 61
0.10239 0 0
0.10381 69 49
0.10381 0 0
0.10381 74 52
0.10381 0 0
0.10381 78 55
0.10381 0 0
0.10381 81 58
0.31142 0 0
0.10239 79 67
0.10239 78 65
0.10239 76 64
0.10239 74 63
0.10239 73 61
0.10676 0 0
0.10239 76 65
0.10239 74 64
0.10239 73 62
0.10239 71 61
0.10239 69 60
0.10909 67 58
0.10239 66 61
0.10239 0 0
0.10381 69 49
0.10381 0 0
0.10381 74 52
0.10381 0 0
0.10381 78 55
0.10381 0 0
0.10381 81 58
0.52881 0 0
0.20833 82 45
0.20833 83 43
0.21352 0 0
0.20833 86 45
0.20833 83 41
0.21429 0 0
0.20833 80 45
0.20833 81 44
0.21352 0 0
0.20833 83 45
0.20833 79 43
0.21583 0 0
0.20979 77 45
0.20979 78 43
0.21505 0 0
0.21053 79 45
0.21583 76 43
0.21978 0 0
0.10381 82 69
0.10381 70 58
0.10381 0 0
0.10381 71 56
0.10381 83 67
0.31963 0 0
0.10345 86 69
0.10345 74 58
0.10345 0 0
0.10345 83 67
0.10345 71 56
0.31850 0 0
0.10453 80 69
0.10453 68 58
0.10453 0 0
0.10453 81 67
0.10453 69 56
0.32114 0 0
0.10489 83 69
0.10489 71 58
0.10489 0 0
0.10489 67 56
0.10489 79 67
0.32150 0 0
0.10381 65 58
0.10381 77 69
0.10381 0 0
0.10381 66 56
0.10381 78 67
0.31733 0 0
0.10381 79 69
0.10381 67 58
0.10381 0 0
0.10381 76 67
0.10381 64 56
0.10381 0 0
0.20478 66 72
0.20478 74 72
0.41317 0 0
0.62224 66 62
0.62224 74 73
0.40956 76 75
0.40956 67 63
0.15502 79 71
0.15502 71 60
0.05263 64 65
0.41096 74 76
0.03472 73 69
0.03472 74 62
0.03472 73 63
0.05208 71 70
0.05208 73 64
0.20478 74 72
0.41317 0 0
0.10239 66 62
0.10239 74 73
0.10239 0 0
0.10239 66 62
0.10239 74 73
0.10239 0 0
0.10239 74 73
0.10239 66 62
0.11029 0 0
0.40956 67 63
0.40956 76 75
0.15502 71 60
0.15502 79 71
0.05263 64 65
0.41096 74 76
0.03559 73 69
0.03559 74 62
0.03559 73 63
0.05338 71 70
0.05338 73 64
0.21661 74 72
0.20906 66 45
0.20906 69 39
0.20906 71 45
0.20979 73 41
0.21505 74 42
0.21661 76 47
0.20979 69 40
0.20979 71 37
0.20979 73 46
0.21201 74 44
0.21739 76 47
0.22305 78 49
0.21277 69 44
0.21277 66 37
0.21277 69 34
0.21277 73 41
0.21277 71 44
0.21277 74 52
0.21277 73 42
0.21277 76 50
0.21739 74 45
0.21739 78 54
0.22388 79 57
0.22388 76 48
0.21352 73 52
0.21352 69 45
0.21661 71 42
0.21661 74 50
0.21795 73 53
0.21795 76 62
0.22633 74 50
0.22633 78 59
0.24590 76 54
0.24590 79 65
0.46875 81 69
0.46875 78 58
0.70312 0 0
0.09967 69 45
0.40271 81 50
0.15102 78 47
0.05034 76 47
0.07551 74 52
0.12585 0 0
0.07551 73 47
0.12585 0 0
0.07813 74 47
0.07813 0 0
0.05209 76 46
0.07551 74 50
0.12585 0 0
0.07551 73 46
0.12585 0 0
0.08123 74 45
0.13539 0 0
0.42257 74 44
0.42257 78 52
0.13102 76 44
0.13102 73 37
0.09967 67 45
0.40271 79 50
0.15102 76 47
0.05034 74 47
0.07551 73 52
0.12585 0 0
0.07551 71 47
0.12585 0 0
0.07813 73 47
0.13022 0 0
0.07551 69 50
0.12585 0 0
0.07551 76 46
0.12585 0 0
0.08123 81 45
0.13539 0 0
0.42257 76 44
0.42257 79 52
0.15846 78 44
0.15846 74 37
0.05282 74 48
0.40543 78 52
0.20691 79 48
0.10136 83 59
0.10136 81 57
0.10136 79 55
0.10136 78 53
0.10950 76 51
0.05191 74 47
0.05191 79 46
0.40407 83 58
0.20691 85 49
0.10102 88 59
0.10102 86 57
0.10102 85 55
0.10102 83 53
0.10275 81 51
0.10275 79 51
0.10102 85 59
0.10102 83 58
0.10102 81 56
0.10102 79 55
0.10527 78 58
0.12246 76 62
0.10122 83 63
0.10102 81 61
0.10102 79 59
0.10102 78 57
0.10260 76 56
0.10275 74 54
0.10116 81 59
0.10102 79 61
0.10102 78 60
0.10102 76 59
0.10492 74 58
0.12103 73 61
0.10454 74 63
0.31361 0 0
0.10034 62 66
0.10454 66 66
0.10240 69 73
0.30719 0 0
0.09967 66 70
0.10564 69 70
0.10240 74 75
0.30719 0 0
0.10034 69 69
0.10564 74 69
0.10240 78 81
0.30719 0 0
0.10068 74 70
0.10601 78 70
0.10240 81 82
1.12636 0 0
0.51198 81 45
0.10564 83 42
0.40958 74 47
0.02397 0 0
0.20525 73 47
0.15255 74 55
0.05085 0 0
0.10034 86 54
0.10034 0 0
0.10034 85 52
0.10034 0 0
0.10034 83 50
0.10034 0 0
0.10034 81 49
0.10034 0 0
0.10346 80 47
0.10346 0 0
0.25920 81 45
0.05085 83 35
0.05085 81 35
0.05085 80 35
0.10170 81 45
0.10753 83 42
0.40958 74 47
0.02397 0 0
0.20525 73 47
0.15255 74 55
0.05085 0 0
0.10034 86 54
0.10034 0 0
0.10034 85 52
0.10034 0 0
0.10034 83 50
0.10034 0 0
0.10034 81 49
0.10034 0 0
0.10346 80 47
0.10346 0 0
0.25920 81 45
0.05085 83 35
0.05085 81 35
0.05085 80 35
0.10170 81 45
0.10753 83 42
0.40958 74 47
0.02465 0 0
0.21036 73 47
0.20340 74 52
0.40681 0 0
0.62937 54 29
0.62937 62 35
0.62937 59 29
0.61017 62 32
0.61017 64 38
0.61017 59 32
0.62444 61 33
0.62444 64 33
0.62444 69 39
0.20761 62 29
0.20761 57 29
0.20761 66 35
0.41523 0 0
0.10531 78 44
0.10531 83 52
0.10489 86 47
0.10425 78 44
0.10425 83 52
0.10350 86 47
0.10288 83 53
0.10288 78 45
0.10215 86 49
0.10169 76 50
0.10169 83 59
0.10170 86 53
0.10170 83 62
0.10170 76 51
0.10170 86 57
0.10170 76 53
0.10170 83 64
0.10170 86 59
0.10170 76 57
0.10170 79 68
0.10170 85 62
0.10170 79 71
0.10170 76 60
0.10262 85 64
0.10676 79 73
0.10676 76 62
0.10676 85 68
0.10949 74 73
0.10949 86 88
0.10949 81 73
0.10949 78 73
0.54744 0 0
0.11111 81 85
0.11111 78 72
0.11111 74 72
0.11111 69 72
0.55556 0 0
0.11111 69 72
0.11111 74 72
0.11111 78 85
#  Piano left
1.20212 0 0
0.61106 66 33
0.61106 62 27
0.61933 68 33
0.61933 59 27
0.65326 69 33
0.65326 57 27
0.60407 0 0
0.61106 57 27
0.61106 64 33
0.61933 64 33
0.61933 61 27
0.63385 69 33
0.63385 62 27
0.20272 50 51
0.10136 62 45
0.10136 0 0
0.10346 64 48
0.10346 0 0
0.20272 66 52
0.41603 0 0
0.20203 50 50
0.10102 62 44
0.10102 0 0
0.10417 64 48
0.10417 0 0
0.20203 66 53
0.41847 0 0
0.20203 55 50
0.10102 67 44
0.10102 0 0
0.10346 64 48
0.10346 0 0
0.20203 66 53
0.20203 54 45
0.40753 0 0
0.20203 55 45
0.20203 67 53
0.42976 0 0
0.20835 57 45
0.20835 69 53
1.01626 0 0
0.61106 62 27
0.61106 66 33
0.61933 68 33
0.61933 59 27
0.65326 57 27
0.65326 69 33
0.60407 0 0
0.61106 57 27
0.61106 64 33
0.61933 61 27
0.61933 64 33
0.63385 69 33
0.63385 62 27
0.20272 50 51
0.10136 62 45
0.10136 0 0
0.10346 64 48
0.10346 0 0
0.20272 66 52
0.41603 0 0
0.20227 43 50
0.10102 55 44
0.10102 0 0
0.10325 59 48
0.10346 0 0
0.20224 59 53
0.40738 0 0
0.10116 59 45
0.10116 64 53
0.10102 55 45
0.52058 0 0
0.10122 57 45
0.10122 62 45
0.10102 66 53
0.49998 0 0
0.10116 57 45
0.10116 64 45
0.10102 67 53
0.52058 0 0
0.10454 62 45
0.10454 66 53
0.31361 0 0
0.10034 38 45
0.10454 42 45
0.10240 45 52
0.30719 0 0
0.09967 42 48
0.10564 45 48
0.10240 50 57
0.30719 0 0
0.10034 45 51
0.10564 50 51
0.10240 54 57
0.30719 0 0
0.10068 50 48
0.10601 54 48
0.10240 57 57
1.12636 0 0
0.61762 62 29
0.61762 66 35
0.61508 67 32
0.61508 64 27
0.20340 66 35
0.20340 62 29
1.43610 57 29
1.00964 0 0
0.62099 66 35
0.62099 62 29
0.61508 64 27
0.61508 67 32
0.20340 66 35
0.20340 62 29
1.43947 57 29
1.00964 0 0
0.62099 66 35
0.62099 62 29
0.62087 64 27
0.62087 67 32
1.24185 57 29
0.20340 66 32
0.20340 62 24
0.40681 0 0
0.61021 47 35
0.60407 43 37
0.61234 45 39
0.20340 38 35
0.61021 0 0
0.07551 50 44
0.07551 38 44
0.12585 0 0
0.07786 50 44
0.07786 38 44
0.12977 0 0
0.40819 38 52
0.40819 50 52
0.07654 38 44
0.07654 50 44
0.12756 0 0
0.40819 38 44
0.40819 50 44
0.07840 50 44
0.07840 38 44
0.13067 0 0
0.40819 37 52
0.40819 49 52
0.81638 0 0
0.07654 69 30
0.07654 61 25
0.12756 0 0
0.07551 61 25
0.07551 69 30
0.12585 0 0
0.07551 69 30
0.07551 61 25
0.12585 0 0
0.07551 69 30
0.07551 61 25
0.12585 0 0
0.07706 61 25
0.07706 69 30
0.12843 0 0
0.08273 61 25
0.08273 69 30
0.13788 0 0
0.83178 59 29
0.83178 69 35
0.07551 35 44
0.07551 47 44
0.12585 0 0
0.07786 35 44
0.07786 47 44
0.12977 0 0
0.40819 47 52
0.40819 35 52
0.07654 47 44
0.07654 35 44
0.12756 0 0
0.40819 45 44
0.40819 33 44
0.07840 45 44
0.07840 33 44
0.13067 0 0
0.20410 32 52
0.20410 44 52
1.22457 0 0
0.20410 59 30
0.20621 64 26
0.61441 56 40
0.20408 0 0
0.20408 59 30
0.20918 64 27
0.61735 56 40
0.20408 0 0
0.20408 61 33
0.20657 64 36
0.61473 57 40
0.20408 0 0
0.20408 61 33
0.20842 64 33
0.61659 57 40
0.20408 0 0
0.20408 59 34
0.20805 64 31
0.61621 56 40
0.20408 0 0
0.20408 59 33
0.20880 64 28
0.61697 56 40
0.20408 0 0
0.20408 61 34
0.20621 64 37
0.61437 57 40
0.20408 0 0
0.20408 61 34
0.20918 64 34
0.61735 57 40
0.20408 0 0
0.20408 59 33
0.20880 64 30
0.61697 56 40
0.20339 0 0
0.20339 59 34
0.20846 64 32
0.61524 56 40
0.40816 57 46
0.20880 0 0
0.40678 57 42
0.40678 49 42
0.20808 0 0
0.40678 50 46
0.40678 57 46
0.20822 0 0
0.10301 62 45
0.10195 61 42
0.10097 59 43
0.10001 57 46
0.10170 56 48
0.10417 54 51
0.08364 52 54
0.13941 0 0
0.07732 52 50
0.12887 0 0
0.07979 52 50
0.13298 0 0
0.08396 52 54
1.88312 0 0
0.64544 57 41
0.21515 56 46
0.21369 57 44
0.21887 56 44
1.07355 54 51
0.21887 50 36
0.21441 52 41
0.21441 54 37
0.21736 56 37
0.21515 57 42
0.21515 59 38
0.22430 61 38
0.64544 62 42
0.64999 63 42
1.29543 69 35
1.29543 66 35
0.64544 68 35
0.64544 64 42
0.65314 68 35
0.65314 62 42
0.65314 64 35
0.22116 61 29
0.22116 69 35
0.22116 64 29
0.43623 0 0
0.43321 62 35
0.23254 54 26
0.23254 57 31
0.69378 57 36
0.23513 56 32
0.92891 52 30
1.76569 0 0
0.64544 54 41
0.21515 52 46
0.21369 54 44
0.21887 52 44
0.43029 50 51
0.21296 49 36
0.43029 47 51
0.21887 45 36
0.42882 44 41
0.21736 40 37
0.21515 45 42
0.21515 47 38
0.21887 49 38
0.64544 50 42
0.64999 51 42
1.29543 54 35
1.29543 57 35
0.64544 50 42
0.64544 52 42
0.64544 56 35
0.64999 52 35
0.64999 49 42
0.64999 55 35
0.11058 54 42
0.11058 50 35
0.54680 0 0
0.10720 52 47
0.55635 0 0
0.10239 57 60
0.10239 64 44
0.10239 61 44
0.10239 64 44
0.10239 61 44
0.10601 64 44
0.10239 57 55
0.10239 64 48
0.10239 61 45
0.10239 64 43
0.10239 61 43
0.11029 64 43
0.10239 59 60
0.10239 64 44
0.10239 62 44
0.10239 64 44
0.10239 62 44
0.10676 64 44
0.10239 56 55
0.10239 64 42
0.10239 59 42
0.10239 64 42
0.10239 59 42
0.10909 64 42
0.10239 57 51
0.10239 64 39
0.10381 61 39
0.10381 64 39
0.10381 61 39
0.10381 64 39
0.10381 57 50
0.10381 64 40
0.10381 61 40
0.10381 64 40
0.10381 61 40
0.10381 64 40
0.10239 59 60
0.10239 64 44
0.10239 62 44
0.10239 64 44
0.10239 62 44
0.10676 64 44
0.10239 56 55
0.10239 64 42
0.10239 59 42
0.10239 64 42
0.10239 59 42
0.10909 64 42
0.10239 57 51
0.10239 64 39
0.10381 61 39
0.10381 64 39
0.10381 61 39
0.10381 64 39
0.10381 57 50
0.10381 64 40
0.10381 61 40
0.10381 64 40
0.10381 61 40
0.10381 64 40
0.10791 62 45
0.52749 0 0
0.10791 69 40
0.10791 62 34
0.52603 0 0
0.10753 61 34
0.10753 69 40
0.52711 0 0
0.10791 62 34
0.10791 69 40
0.52749 0 0
0.10753 64 34
0.10753 69 40
0.52858 0 0
0.10830 64 34
0.10830 68 40
0.53084 0 0
0.10239 57 60
0.10239 64 44
0.10239 61 44
0.10239 64 44
0.10239 61 44
0.10601 64 44
0.10239 57 55
0.10239 64 48
0.10239 61 45
0.10239 64 43
0.10239 61 43
0.11029 64 43
0.10239 59 60
0.10239 64 44
0.10239 62 44
0.10239 64 44
0.10239 62 44
0.10676 64 44
0.10239 56 55
0.10239 64 42
0.10239 59 42
0.10239 64 42
0.10239 59 42
0.10909 64 42
0.10239 57 51
0.10239 64 39
0.10381 61 39
0.10381 64 39
0.10381 61 39
0.10381 64 39
0.10381 57 50
0.10381 64 40
0.10381 61 40
0.10381 64 40
0.10381 61 40
0.10381 64 40
0.10239 59 60
0.10239 64 44
0.10239 62 44
0.10239 64 44
0.10239 62 44
0.10676 64 44
0.10239 56 55
0.10239 64 42
0.10239 59 42
0.10239 64 42
0.10239 59 42
0.10909 64 42
0.10239 57 51
0.10239 64 39
0.10381 61 39
0.10381 64 39
0.10381 61 39
0.10381 64 39
0.10381 57 50
0.10381 64 40
0.10381 61 40
0.10381 64 40
0.10381 61 40
0.10381 64 40
0.10830 62 45
0.52936 0 0
0.10791 69 40
0.10791 62 34
0.52749 0 0
0.10791 69 40
0.10791 61 34
0.52603 0 0
0.10791 62 34
0.10791 69 40
0.52749 0 0
0.10830 64 34
0.10830 69 40
0.52788 0 0
0.10830 64 34
0.10830 68 40
0.52936 0 0
0.10753 57 63
0.10753 50 55
0.52419 0 0
0.10714 50 48
0.10714 57 57
0.52094 0 0
0.10676 57 57
0.10676 49 48
0.52343 0 0
0.10676 57 57
0.10676 50 48
0.52343 0 0
0.10638 52 48
0.10638 57 57
0.52018 0 0
0.10563 56 57
0.10563 52 48
0.52086 0 0
0.10239 45 67
0.10239 57 44
0.10239 56 48
0.10239 57 44
0.10239 56 48
0.10601 57 44
0.10239 42 62
0.10239 54 43
0.10239 53 47
0.10239 54 43
0.10239 53 47
0.11029 54 43
0.10239 38 67
0.10239 50 46
0.10239 49 50
0.10239 50 46
0.10239 49 51
0.10526 50 46
0.10274 40 55
0.10274 52 46
0.10274 51 49
0.10274 52 46
0.10417 51 50
0.10417 52 46
0.10239 45 67
0.10239 57 44
0.10239 56 48
0.10239 57 44
0.10239 56 48
0.10601 57 44
0.10239 42 62
0.10239 54 43
0.10239 53 47
0.10239 54 43
0.10239 53 47
0.11029 54 43
0.10239 38 67
0.10239 50 46
0.10239 49 50
0.10239 50 46
0.10239 49 51
0.10526 50 46
0.10274 40 55
0.10274 52 46
0.10274 51 49
0.10274 52 46
0.10417 51 50
0.10417 52 46
0.10239 45 67
0.92150 0 0
0.20979 52 32
0.20979 59 32
0.20979 62 38
0.10239 61 38
0.10239 57 32
0.92150 0 0
0.20979 59 32
0.20979 52 32
0.20979 62 38
0.10239 61 38
0.10239 57 32
0.10239 0 0
0.20478 49 39
0.20478 50 40
0.20478 52 42
0.20478 54 39
0.20979 56 43
0.20478 57 46
0.20478 49 41
0.20478 50 41
0.20478 52 45
0.20478 54 41
0.20979 56 45
0.10489 57 40
0.51869 0 0
0.10526 59 41
0.10526 57 35
0.51906 0 0
0.10601 61 49
0.10601 57 41
0.52267 0 0
0.10753 57 44
0.10753 62 53
0.53006 0 0
0.11628 64 60
0.11628 57 50
2.65151 0 0
0.61106 62 27
0.61106 66 33
0.61933 68 33
0.61933 59 27
0.65326 57 27
0.65326 69 33
0.60407 0 0
0.61106 57 27
0.61106 64 33
0.61933 61 27
0.61933 64 33
0.63385 62 27
0.63385 69 33
0.20272 50 51
0.10136 62 45
0.10136 0 0
0.10346 64 48
0.10346 0 0
0.20272 66 52
0.41603 0 0
0.20203 50 50
0.10102 62 44
0.10102 0 0
0.10417 64 48
0.10417 0 0
0.20203 66 53
0.41847 0 0
0.20203 55 50
0.10102 67 44
0.10102 0 0
0.10346 64 48
0.10346 0 0
0.20203 54 45
0.20203 66 53
0.40753 0 0
0.20203 55 45
0.20203 67 53
0.42976 0 0
0.20835 57 45
0.20835 69 53
1.01626 0 0
0.61106 62 27
0.61106 66 33
0.61933 68 33
0.61933 59 27
0.65326 57 27
0.65326 69 33
0.60407 0 0
0.61106 57 27
0.61106 64 33
0.61933 64 33
0.61933 61 27
0.63385 69 33
0.63385 62 27
0.20272 50 51
0.10136 62 45
0.10136 0 0
0.10346 64 48
0.10346 0 0
0.20272 66 52
0.41603 0 0
0.20227 43 50
0.10102 55 44
0.10102 0 0
0.10325 59 48
0.10346 0 0
0.20224 59 53
0.40738 0 0
0.10116 64 53
0.10116 59 45
0.10102 55 45
0.52058 0 0
0.10122 62 45
0.10122 57 45
0.10102 66 53
0.49998 0 0
0.10116 57 45
0.10116 64 45
0.10102 67 53
0.52058 0 0
0.10454 62 45
0.10454 66 53
0.31361 0 0
0.10034 42 45
0.10454 45 45
0.10240 50 52
0.30719 0 0
0.09967 45 48
0.10564 50 48
0.10240 54 57
0.30719 0 0
0.10034 50 51
0.10564 54 51
0.10240 57 57
0.31531 0 0
0.11583 54 44
0.12931 57 44
0.10240 60 53
1.12636 0 0
0.62416 55 29
0.62416 59 35
0.61929 60 32
0.61929 57 27
0.20340 59 35
0.20340 55 29
1.44685 50 29
1.00964 0 0
0.62243 55 29
0.62243 59 35
0.61786 60 32
0.61786 57 27
0.19737 59 35
0.19737 55 29
1.43766 50 29
1.00964 0 0
0.62391 55 29
0.62391 59 35
0.62087 57 27
0.62087 60 32
1.24477 50 29
0.20340 59 32
0.20340 55 24
0.40681 0 0
0.65455 52 35
0.62500 48 37
0.65217 50 39
0.22988 43 35
0.45977 0 0
0.66915 48 52
0.66915 36 43
0.65217 45 55
0.65217 33 46
0.66349 35 49
0.66349 47 58
0.23077 40 52
0.46154 0 0
0.67164 47 35
0.64982 43 37
0.65778 45 39
0.23077 38 35
0.46154 0 0
0.67416 46 43
0.67416 58 52
0.66421 59 55
0.66421 47 46
0.67925 43 49
0.67925 55 58
0.10777 42 48
0.10777 54 52
0.10777 0 0
0.10777 55 52
0.10777 0 0
0.10777 54 52
0.10777 0 0
0.10777 52 52
0.10777 0 0
0.10777 50 52
0.10777 0 0
0.11003 49 52
0.11003 0 0
0.21628 47 52
0.43449 0 0
0.10777 71 40
0.10777 74 30
0.10777 71 33
0.10777 74 30
0.10777 71 33
0.11119 74 30
0.10909 70 40
0.10753 73 30
0.10753 70 33
0.10753 73 30
0.10753 70 33
0.11158 73 31
0.10777 69 40
0.10777 73 29
0.10777 69 32
0.11029 73 30
0.10601 69 32
0.11119 73 30
0.10989 68 40
0.10791 71 31
0.10791 68 33
0.10791 71 29
0.10791 68 33
0.11080 71 31
0.10777 67 40
0.10777 71 31
0.10777 67 34
0.10777 71 31
0.10777 67 34
0.11080 71 30
0.10777 66 45
0.10777 71 32
0.10777 66 35
0.10777 71 32
0.10777 66 35
0.11158 71 33
0.10777 66 46
0.10777 69 33
0.10870 66 35
0.10870 69 33
0.10601 66 35
0.11198 69 32
0.11070 64 40
0.10830 67 33
0.10830 64 35
0.10830 67 33
0.10830 64 35
0.11119 67 33
0.10830 64 40
0.10830 67 32
0.10830 64 35
0.10830 67 32
0.10830 64 35
0.11321 67 33
0.11111 62 40
0.10830 66 33
0.10830 62 35
0.10830 66 33
0.10830 62 35
0.11400 66 33
0.10870 62 35
0.10870 66 29
0.10870 62 29
0.10870 66 27
0.10870 62 29
0.11278 66 28
0.10851 58 39
0.10851 66 30
0.10851 58 35
0.10851 66 29
0.10851 58 36
0.11119 66 33
0.10814 59 40
0.10814 66 33
0.10814 59 35
0.10814 66 33
0.10814 59 35
0.11278 66 33
0.22160 54 33
0.44850 0 0
0.12230 54 44
0.12230 55 46
0.12230 54 47
0.12230 52 49
0.12230 50 51
0.12230 49 52
0.22237 47 58
0.10814 66 52
0.10777 0 0
0.10777 66 48
0.11080 0 0
0.05396 67 44
0.05396 69 44
0.10792 67 53
0.10792 66 49
0.10792 0 0
0.10792 66 46
0.11119 0 0
0.05559 67 48
0.05559 69 48
0.11119 67 52
0.10814 66 52
0.10753 0 0
0.10753 66 48
0.11080 0 0
0.43169 66 52
0.10638 67 46
0.11236 69 49
0.22222 71 52
0.10814 64 48
0.10777 0 0
0.10792 64 48
0.11080 0 0
0.05396 66 48
0.05396 67 48
0.10792 66 52
0.10792 64 52
0.10792 0 0
0.10792 64 48
0.11119 0 0
0.05559 64 48
0.05559 66 48
0.11119 64 56
0.10814 62 48
0.10777 0 0
0.10777 62 52
0.11080 0 0
0.43169 62 52
0.10792 64 47
0.11119 66 50
0.22237 67 53
0.10814 55 50
0.10777 0 0
0.10777 55 50
0.11080 0 0
0.43169 55 49
0.10792 57 47
0.11119 59 50
0.22237 61 53
0.10814 54 47
0.10777 0 0
0.10777 54 47
0.11080 0 0
0.43110 54 49
0.10777 56 47
0.11119 58 50
0.21216 59 58
0.21385 54 49
0.10571 55 49
0.10838 0 0
0.10564 52 53
0.10564 0 0
0.10564 49 49
0.10564 0 0
0.10564 66 49
0.10877 0 0
0.22237 63 53
0.21423 59 49
0.10777 64 49
0.11080 0 0
0.10571 61 53
0.10571 0 0
0.10571 57 49
0.10571 0 0
0.10571 50 49
0.10917 0 0
0.21914 47 54
0.10608 43 50
0.10777 0 0
0.10534 49 50
0.10838 0 0
0.10571 46 53
0.10571 0 0
0.10571 42 49
0.10571 0 0
0.10571 59 49
0.10838 0 0
0.21914 56 53
0.10608 52 49
0.10571 0 0
0.10571 57 49
0.10838 0 0
0.21067 54 53
0.10534 50 50
0.10534 0 0
0.10534 55 50
0.11119 0 0
1.31761 48 59
1.31761 36 59
0.23079 0 0
0.11811 50 47
0.11811 0 0
0.12193 50 47
0.12193 0 0
0.11583 50 53
0.11583 52 47
0.11583 50 53
0.11583 48 51
0.11583 47 50
0.11583 45 48
0.24793 43 47
1.46541 0 0
0.12295 62 30
0.12295 57 25
0.12295 60 25
0.12295 0 0
0.12295 60 25
0.12295 62 30
0.12295 57 25
0.12658 0 0
0.12146 62 34
0.12146 60 28
0.12146 57 28
0.12146 0 0
0.12146 62 30
0.12146 60 25
0.12146 57 25
0.12397 0 0
0.12097 60 25
0.12097 57 25
0.12097 62 29
0.12097 0 0
0.23809 62 41
0.23809 59 34
1.42537 0 0
0.12295 57 28
0.12295 54 28
0.12295 62 33
0.12295 0 0
0.12295 62 32
0.12295 57 27
0.12295 54 27
0.12295 0 0
0.12097 54 30
0.12097 62 36
0.12097 57 30
0.12097 0 0
0.12097 54 26
0.12097 62 31
0.12097 57 26
0.12097 0 0
0.12097 54 25
0.12097 57 25
0.12097 62 31
0.12097 0 0
0.12097 55 35
0.12097 62 42
0.59429 0 0
0.11628 62 42
0.11628 59 35
0.58908 0 0
0.11583 60 35
0.11583 67 42
0.57879 0 0
0.11494 64 35
0.11494 67 42
0.58247 0 0
0.23147 62 38
0.23558 61 40
0.24194 60 42
0.24194 59 44
0.24194 60 43
0.25424 64 39
0.24793 0 0
0.12397 62 41
0.12397 0 0
0.12397 62 41
0.12397 0 0
0.12397 62 38
0.12397 64 40
0.12397 62 42
0.12397 60 44
0.12397 59 42
0.12397 57 40
0.23809 55 47
1.47757 0 0
0.12346 62 30
0.12346 57 25
0.12346 60 25
0.12346 0 0
0.12346 57 25
0.12346 60 25
0.12346 62 30
0.12346 0 0
0.12346 62 34
0.12346 57 28
0.12346 60 28
0.12346 0 0
0.12346 57 25
0.12346 60 25
0.12346 62 30
0.12346 0 0
0.12146 57 25
0.12146 60 25
0.12146 62 29
0.12146 0 0
0.23529 62 41
0.23529 59 34
1.41143 0 0
0.12448 62 33
0.12448 57 28
0.12448 54 28
0.12448 0 0
0.12448 62 32
0.12448 57 27
0.12448 54 27
0.12448 0 0
0.12397 54 30
0.12397 57 30
0.12397 62 36
0.12397 0 0
0.12397 54 26
0.12397 57 26
0.12397 62 31
0.12397 0 0
0.12397 57 25
0.12397 54 25
0.12397 62 31
0.12397 0 0
0.12397 62 42
0.12397 55 35
0.58976 0 0
0.11583 62 42
0.11583 59 35
0.58478 0 0
0.11628 67 42
0.11628 60 35
0.58657 0 0
0.11450 67 42
0.11450 64 35
0.57770 0 0
1.44845 62 38
1.44845 50 38
0.11287 55 46
0.33860 0 0
0.10034 47 45
0.10454 50 45
0.10240 55 52
0.30719 0 0
0.09967 50 48
0.10564 55 48
0.10240 59 57
0.30719 0 0
0.10034 55 51
0.10564 59 51
0.10240 62 57
0.30719 0 0
0.10068 59 48
0.10601 62 48
0.10240 67 57
1.74398 0 0
0.61508 59 29
0.61508 69 32
0.61508 66 27
0.20340 64 29
0.20340 67 35
1.63063 0 0
0.61508 59 29
0.61508 66 27
0.61508 69 32
0.20340 67 35
0.20340 64 29
1.63063 0 0
0.62087 67 32
0.62087 64 27
0.62087 57 29
0.20340 62 29
0.20340 66 35
1.63063 0 0
0.61508 67 32
0.61508 57 29
0.61508 64 27
0.20340 66 35
0.20340 62 29
1.63063 0 0
0.62087 62 32
0.62087 52 29
0.62087 59 27
0.20340 61 35
0.20340 57 29
1.63063 0 0
0.62087 59 27
0.62087 52 29
0.62087 62 32
0.20072 45 25
0.20072 57 30
0.01056 0 0
0.19589 57 24
0.19589 45 20
0.01031 0 0
0.19589 57 24
0.19589 45 20
0.01031 0 0
0.19589 57 30
0.19589 45 25
0.01031 0 0
0.19589 45 19
0.19589 57 23
0.01031 0 0
0.20214 45 19
0.20214 57 23
0.01064 0 0
0.20214 45 27
0.20214 56 32
0.01064 0 0
0.19725 45 23
0.19725 56 27
0.01038 0 0
0.19725 56 28
0.19725 45 23
0.01038 0 0
0.19725 45 32
0.19725 56 38
0.01038 0 0
0.19725 56 30
0.19725 45 24
0.01038 0 0
0.20214 45 27
0.20214 56 32
0.01064 0 0
0.19589 45 37
0.19589 55 44
0.01031 0 0
0.19589 55 36
0.19589 45 30
0.01031 0 0
0.20578 55 38
0.20578 45 32
0.01083 0 0
0.19861 54 50
0.19861 45 42
0.01045 0 0
0.19861 54 40
0.19861 45 33
0.01045 0 0
0.20956 45 35
0.20956 54 42
0.01103 0 0
0.20070 45 48
0.20070 52 57
0.01056 0 0
0.20070 52 50
0.20070 45 42
0.01056 0 0
0.21033 52 54
0.21033 45 45
0.01107 0 0
0.20285 45 53
0.20285 50 64
0.01068 0 0
0.20285 45 47
0.20285 50 56
0.01068 0 0
0.25131 45 49
0.25131 50 59
0.01558 0 0
2.27848 45 49
2.27848 57 58
2.27848 52 49
2.27848 49 49
23.19706 0 0
0.61106 66 31
0.61106 62 26
0.61933 59 26
0.61933 68 31
0.65326 57 26
0.65326 69 31
0.60407 0 0
0.61106 57 26
0.61106 64 31
0.61933 64 31
0.61933 61 26
0.63385 69 31
0.63385 62 26
0.20272 50 51
0.10136 62 45
0.10136 0 0
0.10346 64 48
0.10346 0 0
0.20272 66 52
0.41603 0 0
0.20203 50 50
0.10102 62 44
0.10102 0 0
0.10417 64 48
0.10417 0 0
0.20203 66 53
0.41847 0 0
0.20203 55 50
0.10102 67 44
0.10102 0 0
0.10346 64 48
0.10346 0 0
0.20203 66 53
0.20203 54 45
0.40753 0 0
0.20203 55 45
0.20203 67 53
0.42976 0 0
0.20835 69 53
0.20835 57 45
1.01626 0 0
0.61106 54 31
0.61106 50 26
0.61933 47 26
0.61933 56 31
0.65326 57 31
0.65326 45 26
0.60407 0 0
0.61106 45 26
0.61106 52 31
0.61933 49 26
0.61933 52 31
0.63385 50 26
0.63385 57 31
0.20272 50 51
0.10136 62 45
0.10136 0 0
0.10346 64 48
0.10346 0 0
0.20272 66 52
0.41603 0 0
0.20227 43 50
0.10102 55 44
0.10102 0 0
0.10325 57 48
0.10346 0 0
0.20224 59 53
0.40738 0 0
0.10116 59 45
0.10116 64 53
0.10102 55 45
0.52058 0 0
0.10122 57 45
0.10122 62 45
0.10122 66 53
0.50840 0 0
0.10116 57 45
0.10116 64 45
0.10116 67 53
0.52899 0 0
0.10454 62 45
0.10454 66 53
0.73176 0 0
0.07551 50 44
0.07551 38 44
0.12585 0 0
0.07786 38 44
0.07786 50 44
0.12977 0 0
0.40819 38 52
0.40819 50 52
0.07654 50 44
0.07654 38 44
0.12756 0 0
0.40819 50 44
0.40819 38 44
0.07840 38 44
0.07840 50 44
0.13067 0 0
0.44776 48 52
0.44776 36 52
0.81633 0 0
0.07654 72 25
0.07654 74 30
0.12756 0 0
0.07551 72 25
0.07551 74 30
0.12585 0 0
0.07551 74 30
0.07551 72 25
0.12585 0 0
0.07551 74 30
0.07551 72 25
0.12585 0 0
0.07706 74 30
0.07706 72 25
0.12843 0 0
0.08273 72 25
0.08273 74 30
0.13788 0 0
0.85060 71 29
0.85060 74 35
0.07551 47 44
0.07551 35 44
0.12585 0 0
0.07786 47 44
0.07786 35 44
0.12977 0 0
0.40819 45 52
0.40819 33 52
0.07654 33 44
0.07654 45 44
0.12756 0 0
0.40819 43 44
0.40819 31 44
0.07840 43 44
0.07840 31 44
0.13067 0 0
0.46512 30 52
0.46512 42 52
1.02047 0 0
0.20410 57 30
0.20621 62 26
0.61441 54 40
0.20408 0 0
0.20408 57 30
0.20918 62 27
0.61735 54 40
0.20512 0 0
0.20433 59 33
0.20700 62 36
0.61645 55 40
0.20408 0 0
0.20478 59 33
0.20877 62 33
0.61763 55 40
0.20408 0 0
0.20478 57 34
0.20840 62 31
0.61726 54 40
0.20408 0 0
0.20478 57 33
0.20915 62 28
0.61801 54 40
0.20458 0 0
0.20306 59 34
0.20618 62 37
0.61383 55 40
0.20408 0 0
0.20408 59 34
0.22591 62 34
0.63407 55 40
0.20916 0 0
0.20381 54 33
0.20896 59 30
0.62192 51 40
0.20548 0 0
0.20339 54 34
0.20812 59 32
0.61699 51 40
0.20486 0 0
0.20344 55 33
0.20861 59 30
0.61692 52 40
0.20339 0 0
0.20408 55 34
0.20754 59 32
0.61501 52 40
0.20435 0 0
0.20295 52 33
0.20863 57 30
0.61594 49 40
0.20436 0 0
0.20315 52 34
0.20804 57 32
0.61555 49 40
0.20545 0 0
0.20433 54 33
0.20925 57 30
0.61904 50 40
0.20619 0 0
0.20408 54 34
0.20842 57 32
0.61869 50 40
0.42553 55 46
0.21291 0 0
0.10301 67 45
0.10195 66 42
0.10097 64 43
0.10001 62 46
0.10170 61 48
0.10417 59 51
0.08364 57 54
0.13941 0 0
0.07732 57 50
0.07732 45 42
0.12887 0 0
0.07979 57 50
0.07979 45 42
0.13298 0 0
0.08789 57 54
0.08789 45 45
1.91067 0 0
0.64544 62 41
0.21515 61 46
0.21369 62 44
0.21887 61 44
1.07355 59 51
0.21887 55 36
0.21441 57 41
0.21441 59 37
0.21736 61 37
0.21515 62 42
0.21515 64 38
0.22430 66 38
0.64544 67 42
0.64999 68 42
1.29543 74 35
1.29543 71 35
0.64544 69 42
0.64544 73 35
0.65314 67 42
0.65314 73 35
0.65314 69 35
0.22116 66 29
0.22116 69 29
0.22116 74 35
0.43623 0 0
0.43321 67 35
0.23254 59 26
0.23254 62 31
0.69378 62 36
0.23513 61 32
0.92891 57 30
1.76569 0 0
0.64544 59 41
0.21515 57 46
0.21369 59 44
0.21887 57 44
0.43029 55 51
0.21296 54 36
0.43029 52 51
0.21887 50 36
0.42882 49 41
0.21736 45 37
0.21515 50 42
0.21515 52 38
0.21887 54 38
0.64909 55 42
0.64990 56 42
1.29899 62 35
1.29899 59 35
0.64544 57 42
0.64544 55 42
0.64544 61 35
0.64999 54 42
0.64999 57 35
0.64999 60 35
0.11058 55 35
0.11058 59 42
0.54680 0 0
0.10720 57 47
0.55635 0 0
0.10239 50 60
0.10239 57 44
0.10239 54 44
0.10239 57 44
0.10239 54 44
0.10601 57 44
0.10239 50 55
0.10239 57 48
0.10239 54 45
0.10239 57 43
0.10239 54 43
0.11029 57 43
0.10239 52 60
0.10239 57 44
0.10239 55 44
0.10239 57 44
0.10239 55 44
0.10676 57 44
0.10239 49 55
0.10239 57 42
0.10239 52 42
0.10239 57 42
0.10239 52 42
0.10909 57 42
0.10239 50 51
0.10239 57 39
0.10381 54 39
0.10381 57 39
0.10381 54 39
0.10381 57 39
0.10381 50 50
0.10381 57 40
0.10381 54 40
0.10381 57 40
0.10381 54 40
0.10381 57 40
0.10239 52 60
0.10239 57 44
0.10239 55 44
0.10239 57 44
0.10239 55 44
0.10676 57 44
0.10239 49 55
0.10239 57 42
0.10239 52 42
0.10239 57 42
0.10239 52 42
0.10909 57 42
0.10239 50 51
0.10239 57 39
0.10381 54 39
0.10381 57 39
0.10381 54 39
0.10381 57 39
0.10381 50 50
0.10381 57 40
0.10381 54 40
0.10381 57 40
0.10381 54 40
0.10381 57 40
0.10676 55 45
0.52488 0 0
0.10714 74 40
0.10714 67 34
0.52381 0 0
0.10753 74 40
0.10753 66 34
0.52564 0 0
0.10714 67 34
0.10714 74 40
0.52672 0 0
0.10714 74 40
0.10714 69 34
0.52526 0 0
0.10676 73 40
0.10676 69 34
0.52781 0 0
0.10239 50 60
0.10239 57 44
0.10239 54 44
0.10239 57 44
0.10239 54 44
0.10601 57 44
0.10239 50 55
0.10239 57 48
0.10239 54 45
0.10239 57 43
0.10239 54 43
0.11029 57 43
0.10239 52 60
0.10239 57 44
0.10239 55 44
0.10239 57 44
0.10239 55 44
0.10676 57 44
0.10239 49 55
0.10239 57 42
0.10239 52 42
0.10239 57 42
0.10239 52 42
0.10909 57 42
0.10239 50 51
0.10239 57 39
0.10381 54 39
0.10381 57 39
0.10381 54 39
0.10381 57 39
0.10381 50 50
0.10381 57 40
0.10381 54 40
0.10381 57 40
0.10381 54 40
0.10381 57 40
0.10239 52 60
0.10239 57 44
0.10239 55 44
0.10239 57 44
0.10239 55 44
0.10676 57 44
0.10239 49 55
0.10239 57 42
0.10239 52 42
0.10239 57 42
0.10239 52 42
0.10909 57 42
0.10239 50 51
0.10239 57 39
0.10381 54 39
0.10381 57 39
0.10381 54 39
0.10381 57 39
0.10381 50 50
0.10381 57 40
0.10381 54 40
0.10381 57 40
0.10381 54 40
0.10381 57 40
0.10870 55 45
0.52536 0 0
0.10676 67 34
0.10676 74 40
0.52343 0 0
0.10714 66 34
0.10714 74 40
0.52381 0 0
0.10676 67 34
0.10676 74 40
0.52343 0 0
0.10791 69 34
0.10791 74 40
0.52749 0 0
0.10753 69 34
0.10753 73 40
0.53388 0 0
0.10989 62 63
0.10989 55 55
0.52512 0 0
0.10791 55 48
0.10791 62 57
0.52171 0 0
0.10753 54 48
0.10753 62 57
0.52564 0 0
0.10830 62 57
0.10830 55 48
0.52788 0 0
0.10830 57 48
0.10830 62 57
0.52353 0 0
0.10676 61 57
0.10676 57 48
0.52199 0 0
0.10239 50 67
0.10239 62 44
0.10239 61 48
0.10239 62 44
0.10239 61 48
0.10601 62 44
0.10239 47 62
0.10239 59 43
0.10239 58 47
0.10239 59 43
0.10239 58 47
0.11029 59 43
0.10239 43 67
0.10239 55 46
0.10239 54 50
0.10239 55 46
0.10239 54 51
0.10526 55 46
0.10274 45 55
0.10274 57 46
0.10274 56 49
0.10274 57 46
0.10417 56 50
0.10417 57 46
0.10239 50 67
0.10239 62 44
0.10239 61 48
0.10239 62 44
0.10239 61 48
0.10601 62 44
0.10239 47 62
0.10239 59 43
0.10239 58 47
0.10239 59 43
0.10239 58 47
0.11029 59 43
0.10239 43 67
0.10239 55 46
0.10239 54 50
0.10239 55 46
0.10239 54 51
0.10526 55 46
0.10274 45 55
0.10274 57 46
0.10274 56 49
0.10274 57 46
0.10676 56 50
0.10676 57 46
1.26863 0 0
0.21661 57 32
0.21661 61 38
1.05878 0 0
0.22305 50 34
0.22305 62 41
1.06846 0 0
0.22388 61 41
0.22388 64 48
0.22388 57 41
1.12031 0 0
0.46875 62 48
0.46875 66 58
1.40687 0 0
0.61106 66 35
0.61106 62 29
0.61933 59 29
0.61933 68 35
0.65326 57 29
0.65326 69 35
0.60407 0 0
0.61106 57 29
0.61106 64 35
0.61933 64 35
0.61933 61 29
0.63385 69 35
0.63385 62 29
0.20272 50 51
0.10136 62 45
0.10136 0 0
0.10346 64 48
0.10346 0 0
0.20272 66 52
0.41603 0 0
0.20203 55 50
0.10102 67 44
0.10102 0 0
0.10346 69 48
0.10346 0 0
0.20203 71 53
0.40753 0 0
0.20203 55 45
0.20203 64 53
0.20203 59 45
0.42976 0 0
0.10122 57 45
0.10122 62 45
0.10102 66 53
0.49998 0 0
0.10116 57 45
0.10116 64 45
0.10102 67 53
0.52058 0 0
0.10454 62 45
0.10454 66 53
0.31361 0 0
0.10034 38 45
0.10454 42 45
0.10240 45 52
0.30719 0 0
0.09967 42 48
0.10564 45 48
0.10240 50 57
0.30719 0 0
0.10034 45 51
0.10564 50 51
0.10240 54 57
0.30719 0 0
0.10068 50 48
0.10601 54 48
0.10240 57 57
1.12636 0 0
0.61762 62 29
0.61762 66 35
0.61508 67 32
0.61508 64 27
0.20340 66 35
0.20340 62 29
1.43610 57 29
1.00964 0 0
0.62099 66 35
0.62099 62 29
0.61508 64 27
0.61508 67 32
0.20340 66 35
0.20340 62 29
1.43947 57 29
1.00964 0 0
0.62099 66 35
0.62099 62 29
0.62087 64 27
0.62087 67 32
1.24185 57 29
0.20340 66 32
0.20340 62 24
0.40681 0 0
0.62937 47 35
0.61017 43 37
0.62444 45 39
0.20761 38 35
0.41523 0 0
0.10531 59 60
0.10531 47 50
0.10489 0 0
0.10425 59 53
0.10425 47 45
0.10350 0 0
0.10288 59 55
0.10288 47 46
0.10215 0 0
0.10169 55 71
0.10169 43 59
0.10170 0 0
0.10170 55 63
0.10170 43 52
0.10170 0 0
0.10170 55 66
0.10170 43 55
0.10170 0 0
0.10170 57 80
0.10170 45 67
0.10170 0 0
0.10170 57 72
0.10170 45 61
0.10262 0 0
0.10676 57 74
0.10676 45 62
0.10676 0 0
0.10949 50 93
0.10949 38 78
0.54744 0 0
0.11111 50 85
0.11111 38 72
0.11111 45 72
0.11111 42 72
0.55556 0 0
0.11111 50 85
0.11111 38 72
0.11111 42 72
0.11111 45 72
