"mz_311_1"

#  Piano right
0.42304 66 60
0.42304 74 73
0.42304 69 60
0.42304 0 0
0.11161 79 66
0.11161 78 55
0.11161 76 54
0.11161 78 54
0.11161 81 65
0.11251 79 55
0.12148 78 55
0.12051 79 55
0.40315 81 62
0.40864 0 0
0.05039 81 50
0.15118 0 0
0.05039 83 45
0.15118 0 0
0.05039 85 45
0.15118 0 0
0.05214 86 45
0.15643 0 0
0.40314 81 54
0.40315 78 45
0.10079 81 50
0.10079 79 44
0.10079 78 44
0.10079 79 44
0.05039 81 49
0.15118 0 0
0.05402 79 46
0.16207 0 0
0.20858 77 54
0.20023 78 45
0.41428 0 0
0.11161 79 66
0.11161 78 55
0.11161 76 54
0.11161 78 54
0.11161 81 65
0.11251 79 55
0.12148 78 55
0.12051 79 55
0.40315 81 62
0.40864 0 0
0.05039 81 50
0.15118 0 0
0.05039 83 45
0.15118 0 0
0.05039 85 45
0.15118 0 0
0.05214 86 45
0.15643 0 0
0.40315 81 54
0.40315 78 45
0.10079 81 50
0.10079 79 44
0.10079 78 44
0.10079 79 44
0.10079 81 50
0.10079 79 44
0.10429 78 44
0.10429 76 44
0.10429 74 50
0.30452 0 0
0.10011 69 42
0.30213 0 0
0.07812 78 47
0.07668 79 43
0.07528 78 48
0.07392 79 43
0.07299 78 48
0.07253 79 44
0.07212 78 48
0.07254 79 44
0.07297 78 44
0.11012 76 48
0.11012 74 44
0.10011 73 50
0.30034 0 0
0.10011 69 42
0.30034 0 0
0.10079 76 50
0.70592 0 0
0.10429 76 50
0.30452 0 0
0.10011 69 42
0.30213 0 0
0.07812 79 47
0.07668 81 43
0.07528 79 48
0.07392 81 43
0.07299 79 48
0.07253 81 44
0.07212 79 48
0.07254 81 44
0.07297 79 44
0.11012 78 48
0.11012 76 44
0.10011 74 50
0.30034 0 0
0.10011 69 42
0.30034 0 0
0.10079 78 50
0.70592 0 0
0.10394 78 54
0.11464 74 47
0.11393 76 48
0.11332 78 49
0.11272 79 50
0.11230 81 51
0.11161 83 52
0.11081 85 53
0.10867 86 55
0.10924 85 56
0.10980 83 56
0.11037 81 56
0.11094 79 56
0.11161 78 55
0.11221 76 50
0.11280 74 49
0.11315 76 51
0.11315 78 48
0.11289 76 45
0.11237 75 43
0.11237 76 45
0.11178 78 47
0.11161 79 49
0.11137 81 51
0.11086 83 53
0.11086 81 54
0.11128 79 53
0.11161 78 51
0.11169 76 49
0.11237 74 48
0.11237 73 46
0.11259 71 44
0.11086 73 50
0.11086 74 42
0.11175 73 42
0.11970 69 40
0.10079 74 47
0.31083 0 0
0.11086 79 55
0.11086 81 46
0.11086 79 46
0.11086 76 46
0.11086 79 56
0.11086 78 47
0.11183 76 48
0.12044 74 48
0.11012 73 57
0.11012 74 44
0.11012 73 44
0.11012 69 44
0.10011 74 57
0.31163 0 0
0.11086 79 65
0.11086 81 54
0.11086 79 54
0.11086 76 56
0.11086 79 69
0.11122 78 56
0.11472 76 56
0.11430 74 59
0.10011 73 79
0.10011 76 63
0.10011 73 63
0.10727 69 63
0.10011 78 74
0.10011 81 64
0.10727 78 64
0.10727 74 64
0.10147 73 77
0.10147 76 64
0.10147 73 64
0.10651 69 64
0.10147 78 77
0.10147 81 64
0.10727 78 64
0.10727 74 64
0.07714 76 84
0.07714 73 69
0.12857 0 0
0.07714 76 60
0.07714 73 60
0.07714 81 74
0.12857 0 0
0.07714 81 74
0.07714 73 60
0.07714 76 60
0.12857 0 0
0.07714 81 74
0.07714 73 60
0.07714 76 60
0.12857 0 0
0.50291 76 60
0.50291 81 74
0.50291 73 60
0.05214 74 41
0.10357 73 42
0.10357 71 40
0.10357 73 40
0.11554 74 40
0.21302 75 45
0.20714 76 42
0.21766 0 0
0.20572 76 40
0.20572 81 46
0.20572 80 42
0.20572 78 44
0.21766 76 42
0.21004 73 48
0.20294 74 42
0.21766 0 0
0.20572 74 40
0.20572 76 45
0.20572 74 42
0.20572 73 45
0.21925 71 42
0.20714 68 48
0.20294 69 44
0.20294 0 0
0.21302 71 45
0.20714 72 50
0.20157 73 46
0.15118 0 0
0.05039 76 42
0.21609 74 47
0.63456 73 51
0.10576 74 44
0.10576 73 42
0.21152 71 47
0.10638 73 42
0.10638 0 0
0.10949 74 44
0.10949 0 0
0.11208 75 47
0.11208 0 0
0.21302 75 43
0.20714 76 42
0.21766 0 0
0.05143 78 40
0.05143 76 37
0.05143 75 37
0.05143 76 37
0.10286 81 46
0.10286 0 0
0.10286 80 42
0.10286 0 0
0.10286 78 44
0.10286 0 0
0.10883 76 42
0.10883 0 0
0.21004 73 48
0.20294 74 42
0.21766 0 0
0.05143 76 40
0.05143 74 37
0.05143 73 37
0.05143 74 37
0.10286 76 45
0.10286 0 0
0.10286 74 42
0.10286 0 0
0.10286 73 45
0.10286 0 0
0.10963 71 42
0.10963 0 0
0.32887 73 45
0.10963 76 42
0.32887 66 45
0.10963 71 41
0.43850 69 45
0.05481 68 43
0.05481 69 39
0.05481 68 43
0.05481 69 40
0.07308 68 43
0.07308 66 40
0.07308 68 40
0.11043 69 46
0.11043 76 44
0.10286 75 47
0.10286 76 43
0.10286 78 50
0.10286 76 47
0.10963 75 51
0.10963 76 51
0.10502 74 59
0.10502 76 50
0.10286 74 52
0.10286 76 50
0.10286 74 62
0.10286 76 49
0.10883 74 52
0.10883 76 49
0.11043 73 50
0.11043 76 44
0.10216 75 47
0.10216 76 43
0.10216 78 50
0.10216 76 47
0.10963 75 51
0.10963 76 51
0.10576 74 59
0.10576 76 50
0.10286 74 52
0.10286 76 50
0.10286 74 62
0.10286 76 49
0.10883 74 52
0.10883 76 49
0.42658 69 41
0.20833 0 0
0.10714 81 57
0.10714 0 0
0.10502 83 63
0.10502 0 0
0.10286 81 58
0.10286 0 0
0.10286 80 63
0.10286 0 0
0.10883 76 58
0.10883 0 0
0.42658 81 60
0.20572 0 0
0.10963 45 57
0.10963 0 0
0.10727 47 63
0.10727 0 0
0.10274 45 58
0.10274 0 0
0.10274 44 60
0.10274 0 0
0.10883 40 58
0.10883 0 0
0.43532 45 60
0.42304 76 50
0.42909 74 47
0.44833 73 46
0.32414 78 50
0.03974 80 45
0.03974 78 45
0.00099 0 0
0.03964 76 45
0.10727 78 50
0.10727 0 0
0.11208 80 47
0.11208 0 0
0.21302 83 50
0.21302 81 45
0.21302 80 47
0.23107 78 45
0.22757 76 50
0.22757 0 0
0.42304 76 60
0.42909 74 60
0.44833 73 59
0.32414 71 68
0.11921 78 53
0.10727 76 60
0.10727 74 58
0.11208 73 58
0.11208 71 58
0.42605 69 63
0.05416 71 55
0.05646 73 49
0.05563 71 56
0.05481 73 50
0.07406 71 56
0.07644 69 48
0.07643 71 48
0.21455 69 66
0.24577 0 0
0.42304 76 50
0.42909 74 47
0.44833 73 46
0.32414 78 50
0.03974 80 45
0.03974 78 45
0.00099 0 0
0.03964 76 45
0.10727 78 50
0.10727 0 0
0.11208 80 47
0.11208 0 0
0.21302 83 50
0.21302 81 45
0.21302 80 47
0.23107 78 45
0.22757 76 50
0.22757 0 0
0.42304 76 60
0.42909 74 60
0.44833 73 59
0.32414 71 68
0.11921 78 53
0.10727 76 60
0.10727 74 58
0.11208 73 58
0.11208 71 58
0.42605 69 63
0.05416 71 55
0.05646 73 49
0.05563 71 56
0.05481 73 50
0.07406 71 56
0.07644 69 48
0.07643 71 48
0.10727 69 66
0.10727 64 59
0.10727 69 66
0.10727 73 58
0.10727 76 66
0.10727 73 60
0.11293 74 66
0.11293 71 59
0.10727 69 66
0.10727 64 59
0.10727 69 66
0.10727 73 58
0.10727 76 66
0.11293 73 60
0.11293 74 66
0.11293 71 59
0.23842 69 75
0.23842 0 0
0.25035 74 64
0.25035 71 64
0.25035 80 75
0.25035 0 0
0.25035 69 64
0.25035 73 64
0.25035 81 75
0.75106 0 0
0.22086 74 47
0.22086 66 39
0.11827 73 43
0.11827 64 36
0.11827 0 0
0.22585 64 39
0.22585 73 47
0.12212 71 42
0.12212 62 35
0.12212 0 0
0.23107 62 39
0.23107 71 47
0.12950 69 41
0.12950 61 34
0.12950 0 0
0.24828 69 47
0.24828 61 39
0.14309 59 34
0.14309 68 41
0.14309 0 0
1.17241 68 54
1.17241 59 37
1.17241 62 45
0.57236 69 42
0.57236 61 35
0.57236 0 0
0.42304 74 73
0.42304 69 60
0.42304 66 60
0.42304 0 0
0.11301 79 66
0.11301 78 55
0.11301 76 54
0.11287 78 54
0.11149 81 65
0.11239 79 55
0.12148 78 55
0.12051 79 55
0.40314 81 62
0.40864 0 0
0.05039 81 50
0.15118 0 0
0.05039 83 45
0.15118 0 0
0.05039 85 45
0.15118 0 0
0.05214 86 45
0.15643 0 0
0.40314 81 54
0.40315 78 45
0.10079 81 50
0.10079 79 44
0.10079 78 44
0.10079 79 44
0.05039 81 49
0.15118 0 0
0.05402 79 46
0.16207 0 0
0.20858 77 54
0.20023 78 45
0.43532 0 0
0.11161 79 66
0.11161 78 55
0.11161 76 54
0.11161 78 54
0.11161 81 65
0.11251 79 55
0.12148 78 55
0.12051 79 55
0.40314 81 62
0.40864 0 0
0.05039 81 50
0.15118 0 0
0.05039 83 45
0.15118 0 0
0.05039 85 45
0.15118 0 0
0.05214 86 45
0.15643 0 0
0.40314 81 54
0.40315 78 45
0.10079 81 50
0.10079 79 44
0.10079 78 44
0.10079 79 44
0.10079 81 50
0.10079 79 44
0.10429 78 44
0.10429 76 44
0.10429 74 50
0.30452 0 0
0.10011 69 42
0.30213 0 0
0.07812 78 47
0.07668 79 43
0.07528 78 48
0.07392 79 43
0.07299 78 48
0.07253 79 44
0.07212 78 48
0.07254 79 44
0.07297 78 44
0.11012 76 48
0.11012 74 44
0.10011 73 50
0.30034 0 0
0.10011 69 42
0.30034 0 0
0.10079 76 50
0.70592 0 0
0.10429 76 50
0.30452 0 0
0.10011 69 42
0.30213 0 0
0.07812 79 47
0.07668 81 43
0.07528 79 48
0.07392 81 43
0.07299 79 48
0.07253 81 44
0.07212 79 48
0.07254 81 44
0.07297 79 44
0.11012 78 48
0.11012 76 44
0.10011 74 50
0.30034 0 0
0.10011 69 42
0.30034 0 0
0.10079 78 50
0.70592 0 0
0.10394 78 54
0.11464 74 47
0.11393 76 48
0.11332 78 49
0.11272 79 50
0.11230 81 51
0.11161 83 52
0.11081 85 53
0.10867 86 55
0.10924 85 56
0.10980 83 56
0.11037 81 56
0.10966 79 56
0.11129 78 55
0.11290 76 50
0.11371 74 49
0.11315 76 51
0.11315 78 48
0.11289 76 45
0.11237 75 43
0.11237 76 45
0.11178 78 47
0.11161 79 49
0.11137 81 51
0.11086 83 53
0.11086 81 54
0.11128 79 53
0.11161 78 51
0.11169 76 49
0.11237 74 48
0.11237 73 46
0.11259 71 44
0.11086 73 50
0.11086 74 42
0.11175 73 42
0.11970 69 40
0.10079 74 47
0.32004 0 0
0.11086 79 55
0.11086 81 46
0.11086 79 46
0.11086 76 46
0.11086 79 56
0.11086 78 47
0.11183 76 48
0.12044 74 48
0.11012 73 57
0.11012 74 47
0.11012 73 47
0.11012 69 47
0.10011 74 57
0.31594 0 0
0.11086 79 65
0.11086 81 54
0.11086 79 54
0.11086 76 56
0.11086 79 70
0.11122 78 56
0.11472 76 56
0.11430 74 59
0.10011 73 79
0.10011 76 63
0.10011 73 63
0.10727 69 63
0.10011 78 74
0.10011 81 64
0.10727 78 64
0.10727 74 64
0.10147 73 77
0.10147 76 62
0.10147 73 62
0.10651 69 62
0.10147 78 77
0.10147 81 64
0.10727 78 64
0.10727 74 64
0.07714 76 84
0.07714 73 69
0.12857 0 0
0.07714 76 60
0.07714 81 74
0.07714 73 60
0.12857 0 0
0.07714 76 60
0.07714 73 60
0.07714 81 74
0.12857 0 0
0.07714 81 74
0.07714 73 60
0.07714 76 60
0.12857 0 0
0.49808 76 60
0.49808 73 60
0.49808 81 74
0.05178 74 41
0.10357 73 42
0.10357 71 40
0.10357 73 40
0.11554 74 40
0.21302 75 45
0.20714 76 42
0.21766 0 0
0.20572 76 40
0.20572 81 46
0.20572 80 42
0.20572 78 44
0.21766 76 42
0.21004 73 48
0.20294 74 42
0.21766 0 0
0.20572 74 40
0.20572 76 45
0.20572 74 42
0.20572 73 45
0.21925 71 42
0.20714 68 48
0.20294 69 44
0.20294 0 0
0.21302 71 45
0.20714 72 50
0.20157 73 46
0.15118 0 0
0.05039 76 42
0.21609 74 47
0.63456 73 51
0.10576 74 44
0.10576 73 42
0.21152 71 47
0.10576 73 42
0.10576 0 0
0.10949 74 44
0.10949 0 0
0.11450 75 47
0.11450 0 0
0.21302 75 45
0.20714 76 42
0.21766 0 0
0.05143 78 40
0.05143 76 37
0.05143 75 37
0.05143 76 37
0.10286 81 46
0.10286 0 0
0.10286 80 42
0.10286 0 0
0.10286 78 44
0.10286 0 0
0.10883 76 42
0.10883 0 0
0.21004 73 48
0.20294 74 42
0.21766 0 0
0.05143 76 40
0.05143 74 37
0.05143 73 37
0.05143 74 37
0.10286 76 45
0.10286 0 0
0.10286 74 42
0.10286 0 0
0.10286 73 45
0.10286 0 0
0.10962 71 42
0.10963 0 0
0.32887 73 45
0.10962 76 42
0.32888 66 45
0.10962 71 41
0.43850 69 45
0.05481 68 43
0.05481 69 39
0.05481 68 43
0.05481 69 40
0.07308 68 43
0.07308 66 40
0.07308 68 40
0.11043 69 46
0.11043 76 44
0.10286 75 47
0.10286 76 43
0.10489 78 50
0.10489 76 47
0.10962 75 51
0.10963 76 51
0.10502 74 59
0.10502 76 50
0.10286 74 52
0.10286 76 50
0.10286 74 62
0.10286 76 49
0.10883 74 52
0.10883 76 49
0.11043 73 50
0.11043 76 44
0.10216 75 47
0.10216 76 43
0.10216 78 50
0.10216 76 47
0.10962 75 51
0.10963 76 51
0.10576 74 59
0.10576 76 50
0.10286 74 52
0.10286 76 50
0.10286 74 62
0.10286 76 49
0.10883 74 52
0.10883 76 49
0.42658 69 41
0.20979 0 0
0.10791 81 57
0.10791 0 0
0.10502 83 63
0.10502 0 0
0.10286 81 58
0.10286 0 0
0.10286 80 63
0.10286 0 0
0.10883 76 58
0.10883 0 0
0.42658 81 60
0.21127 0 0
0.10791 45 57
0.10791 0 0
0.10727 47 63
0.10727 0 0
0.10417 45 58
0.10417 0 0
0.10417 44 60
0.10417 0 0
0.10883 40 58
0.10883 0 0
0.43532 45 60
0.42304 76 50
0.42909 74 47
0.44833 73 46
0.32414 78 50
0.03974 80 45
0.03974 78 45
0.00099 0 0
0.03964 76 45
0.10727 78 50
0.10727 0 0
0.11208 80 47
0.11208 0 0
0.21302 83 50
0.21302 81 45
0.21302 80 47
0.23107 78 45
0.22757 76 50
0.22757 0 0
0.42304 76 60
0.42909 74 60
0.44833 73 59
0.32414 71 68
0.11921 78 53
0.10727 76 60
0.10727 74 58
0.11208 73 58
0.11208 71 58
0.42605 69 63
0.05416 71 55
0.05646 73 49
0.05563 71 56
0.05481 73 50
0.07406 71 56
0.07643 69 48
0.07644 71 48
0.21455 69 66
0.24577 0 0
0.42304 76 50
0.42909 74 47
0.44833 73 46
0.32414 78 50
0.03974 80 45
0.03974 78 45
0.00099 0 0
0.03964 76 45
0.10727 78 50
0.10727 0 0
0.11208 80 47
0.11208 0 0
0.21302 83 50
0.21302 81 45
0.21302 80 47
0.23107 78 45
0.22757 76 50
0.22757 0 0
0.42304 76 60
0.42909 74 60
0.44833 73 59
0.32414 71 68
0.11921 78 53
0.10727 76 60
0.10727 74 58
0.11208 73 58
0.11208 71 58
0.42605 69 63
0.05416 71 55
0.05646 73 49
0.05563 71 56
0.05481 73 50
0.07406 71 56
0.07643 69 48
0.07644 71 48
0.10727 69 66
0.10727 64 59
0.10727 69 66
0.10727 73 58
0.10727 76 66
0.10727 73 60
0.11293 74 66
0.11293 71 59
0.10727 69 66
0.10727 64 59
0.10727 69 66
0.10727 73 58
0.10727 76 66
0.11293 73 60
0.11293 74 66
0.11293 71 59
0.23842 69 75
0.23842 0 0
0.25035 74 64
0.25035 80 75
0.25035 71 64
0.25035 0 0
0.25035 81 75
0.25035 69 64
0.25035 73 64
0.75106 0 0
0.22086 74 47
0.22086 66 39
0.11827 64 36
0.11827 73 43
0.11827 0 0
0.22585 64 39
0.22585 73 47
0.12212 62 35
0.12212 71 42
0.12212 0 0
0.23107 71 47
0.23107 62 39
0.12950 69 41
0.12950 61 34
0.12950 0 0
0.24828 69 47
0.24828 61 39
0.14309 68 41
0.14309 59 34
0.14309 0 0
1.17241 62 45
1.17241 68 54
1.17241 59 37
0.57235 69 42
0.57235 61 35
0.57236 0 0
0.20858 81 47
0.10962 79 43
0.10962 0 0
0.20858 79 47
0.10962 78 42
0.10962 0 0
0.20858 78 51
0.10962 76 45
0.10962 0 0
0.21004 76 55
0.11378 75 50
0.11378 0 0
0.20294 72 62
0.10962 71 55
0.10962 0 0
0.20432 71 61
0.11043 69 53
0.11043 0 0
0.20572 69 58
0.11125 67 49
0.11125 0 0
0.21004 67 58
0.11043 66 44
1.70649 75 62
0.21766 75 47
0.10147 76 43
0.31756 0 0
0.21455 79 43
0.22086 77 47
0.10429 78 43
0.31884 0 0
0.21455 81 43
0.85530 75 57
0.85530 78 57
0.43090 79 51
0.43090 76 51
0.43274 0 0
0.20157 79 47
0.10883 78 43
0.10883 0 0
0.20432 78 47
0.10883 76 42
0.10883 0 0
0.20432 76 51
0.10962 74 45
0.10962 0 0
0.20858 74 55
0.11293 73 50
0.11293 0 0
0.20714 70 68
0.11043 69 60
0.10962 0 0
0.20858 69 67
0.10962 67 58
0.10962 0 0
0.20858 67 63
0.10962 66 53
0.10962 0 0
0.21004 66 63
0.11208 64 48
1.71706 73 62
0.21766 73 47
0.10147 74 43
0.31756 0 0
0.21455 78 43
0.22086 75 47
0.10216 76 43
0.31671 0 0
0.21455 79 43
0.84715 73 57
0.84715 76 57
0.42639 78 51
0.42639 74 51
0.43761 0 0
0.10502 78 47
0.10502 86 44
0.10962 78 48
0.10962 86 44
0.10502 78 51
0.10502 86 47
0.10962 78 52
0.10962 86 47
0.10502 78 55
0.10502 86 50
0.11043 78 57
0.11043 86 51
0.10651 78 58
0.10651 86 55
0.11378 78 60
0.11343 86 55
0.11208 76 64
0.11208 86 57
0.11149 76 63
0.11125 86 57
0.11050 76 63
0.10890 86 57
0.10715 76 63
0.10922 86 57
0.10883 76 63
0.10883 85 57
0.10883 76 62
0.10883 85 57
0.10883 76 60
0.10883 85 55
0.10883 76 59
0.10883 85 52
0.10429 74 47
0.10429 85 44
0.11043 74 48
0.11043 85 44
0.10502 74 51
0.10502 85 47
0.10962 74 52
0.10962 85 47
0.10502 74 55
0.10502 83 50
0.11043 74 57
0.11043 83 51
0.10651 74 58
0.10651 83 55
0.11378 74 60
0.11378 83 55
0.10959 73 64
0.10926 83 57
0.10883 73 63
0.10808 83 57
0.10769 73 63
0.10750 83 57
0.10962 73 63
0.11013 83 57
0.10883 72 63
0.10883 81 57
0.10883 72 62
0.10883 81 57
0.10883 72 60
0.10883 81 55
0.10883 72 59
0.10883 81 52
0.21004 81 51
0.16444 79 47
0.42929 71 41
0.21004 79 51
0.17465 78 46
0.05822 0 0
0.20858 86 51
0.16688 85 47
0.43108 77 40
0.21004 85 51
0.16812 83 46
0.05604 0 0
0.21004 79 59
0.16565 78 52
0.05522 0 0
0.21004 78 59
0.16812 76 51
0.86511 82 59
0.21004 74 61
0.16688 73 51
0.05563 0 0
0.21004 73 61
0.16688 71 55
0.86508 83 61
0.21609 76 47
0.21609 67 39
0.11378 66 36
0.11378 74 43
0.11378 0 0
0.21766 74 47
0.21766 66 39
0.11378 64 35
0.11378 73 42
0.11378 0 0
0.21925 64 39
0.21925 73 47
0.12016 62 34
0.12016 71 41
0.12016 0 0
0.22416 62 39
0.22416 71 47
0.11827 70 41
0.11827 61 34
0.11827 0 0
1.04701 61 37
1.04701 70 54
1.04701 64 45
0.50071 71 42
0.50071 62 35
0.50071 0 0
1.00142 62 57
1.00142 66 57
1.00142 71 68
0.50071 72 61
0.50071 66 51
0.50071 62 51
0.50071 0 0
0.75106 74 46
0.26826 75 40
1.01933 71 39
0.53653 76 46
0.53653 72 39
1.07306 0 0
0.42304 74 60
0.42909 72 56
0.44833 71 55
0.32414 76 60
0.03974 78 54
0.03974 76 54
0.00099 0 0
0.03964 74 54
0.10727 76 60
0.10727 0 0
0.11208 78 56
0.11208 0 0
0.21302 81 60
0.10651 79 54
0.10651 0 0
0.21302 78 56
0.11554 76 54
0.11554 0 0
0.22757 74 60
0.22757 0 0
0.42304 74 49
0.42909 72 49
0.44833 71 48
0.32414 69 56
0.11921 76 43
0.10727 74 49
0.10727 72 48
0.11208 71 48
0.11208 69 48
0.42605 67 52
0.05416 69 45
0.05646 71 40
0.05563 69 46
0.05481 71 41
0.07406 69 46
0.07644 67 39
0.07644 69 39
0.21455 67 54
0.24577 0 0
0.42304 74 60
0.42909 72 56
0.44833 71 55
0.32414 76 60
0.03974 78 54
0.03974 76 54
0.00099 0 0
0.03964 74 54
0.10727 76 60
0.10727 0 0
0.11194 78 56
0.11194 0 0
0.21127 81 60
0.10638 79 54
0.10638 0 0
0.21277 78 56
0.11554 76 54
0.11554 0 0
0.22757 74 60
0.22757 0 0
0.42304 74 49
0.42909 72 49
0.44833 71 48
0.32414 69 56
0.11921 76 43
0.10727 74 49
0.10727 72 48
0.11208 71 48
0.11208 69 48
0.42605 67 52
0.05416 69 45
0.05646 71 40
0.05563 69 46
0.05481 71 41
0.07406 69 46
0.07644 67 39
0.07644 69 39
0.10429 67 59
0.10429 69 53
0.10429 67 59
0.10429 66 52
0.10429 67 59
0.10429 71 54
0.10962 69 59
0.10962 72 53
0.10429 71 59
0.10429 69 53
0.10429 67 59
0.10429 66 52
0.10429 67 59
0.10883 71 54
0.10883 69 59
0.10883 72 53
0.10429 71 59
0.10429 69 53
0.10429 67 59
0.10429 66 52
0.10429 67 59
0.10429 71 54
0.10805 69 59
0.10805 72 53
0.10502 71 59
0.10502 74 53
0.10563 72 59
0.10563 69 52
0.10563 71 59
0.11029 74 54
0.11029 73 59
0.11029 76 53
0.10429 74 59
0.10429 76 53
0.10429 74 59
0.10429 73 52
0.10429 74 59
0.10429 78 54
0.10962 76 59
0.10962 79 53
0.10429 78 59
0.10429 76 53
0.10429 74 59
0.10429 73 52
0.10429 74 59
0.10962 78 54
0.10962 76 59
0.10963 79 53
0.10357 78 59
0.10357 76 53
0.10357 74 59
0.10357 73 52
0.10357 74 59
0.10357 76 54
0.10805 78 64
0.10805 81 58
0.10357 79 64
0.10357 78 58
0.10357 76 64
0.10357 75 57
0.10357 76 64
0.10805 78 59
0.10805 79 64
0.10805 81 58
0.10429 79 69
0.10429 78 67
0.10429 76 65
0.10429 75 62
0.10429 76 64
0.10429 78 65
0.10883 79 67
0.10883 83 60
0.10357 81 67
0.10357 79 60
0.10357 78 67
0.10357 76 59
0.10357 78 67
0.10883 79 61
0.10883 81 67
0.10883 83 60
0.10286 81 67
0.10286 79 66
0.10286 78 65
0.10286 76 64
0.11208 78 67
0.11208 79 61
0.10883 81 67
0.10883 84 60
0.10576 83 67
0.10576 86 57
0.10147 81 62
0.10147 86 57
0.10147 83 67
0.10147 86 56
0.10502 78 62
0.10576 83 56
0.10357 79 67
0.10357 83 57
0.10079 78 62
0.10079 83 57
0.10079 79 67
0.10079 83 58
0.10357 76 62
0.10357 81 57
0.10011 78 67
0.10011 81 57
0.10011 76 62
0.10011 81 57
0.10357 78 67
0.10357 81 57
0.10357 73 62
0.10357 78 57
0.09945 74 67
0.09945 78 59
0.10429 73 61
0.10429 78 58
0.09945 74 67
0.09945 78 59
0.10429 75 62
0.10425 78 59
0.09945 76 67
0.09945 75 61
0.09945 76 65
0.09945 78 60
0.09945 79 70
0.09953 78 60
0.10147 79 65
0.10644 81 60
0.11939 83 59
0.11538 85 60
0.11263 86 61
0.11237 85 64
0.11237 83 65
0.11178 81 66
0.11161 79 66
0.11137 78 65
0.11086 76 63
0.11086 78 64
0.11128 79 67
0.11161 78 70
0.11169 76 68
0.11237 74 67
0.11237 73 65
0.11259 71 64
0.11086 73 67
0.11086 74 67
0.11175 73 57
0.11970 69 57
0.10079 74 66
0.31083 0 0
0.11086 79 66
0.11086 81 56
0.11086 79 56
0.11086 76 56
0.11086 79 66
0.11086 78 57
0.11183 76 57
0.12044 74 57
0.11012 73 68
0.11012 74 56
0.11012 73 55
0.11012 69 55
0.10011 74 68
0.31163 0 0
0.11086 79 68
0.11086 81 56
0.11086 79 56
0.11086 76 58
0.11086 79 70
0.11122 78 58
0.11472 76 58
0.11430 74 61
0.10011 73 79
0.10011 76 63
0.10011 73 63
0.10727 69 63
0.10011 78 74
0.10011 81 64
0.10727 78 64
0.10727 74 64
0.10147 73 77
0.10147 76 59
0.10147 73 60
0.10651 69 60
0.10147 78 77
0.10147 81 64
0.10727 78 64
0.10727 74 64
0.07714 73 69
0.07714 76 84
0.12857 0 0
0.07714 73 60
0.07714 81 74
0.07714 76 60
0.12857 0 0
0.07714 76 60
0.07714 73 60
0.07714 81 74
0.12857 0 0
0.07714 81 74
0.07714 76 60
0.07714 73 60
0.12857 0 0
0.43972 76 60
0.43972 73 60
0.43972 81 74
0.05178 79 41
0.10357 78 42
0.10357 76 40
0.10357 78 40
0.11554 79 40
0.21302 80 45
0.20714 81 42
0.21766 0 0
0.20572 81 40
0.20572 86 46
0.20572 85 42
0.20572 83 44
0.21766 81 42
0.21004 78 48
0.20294 79 42
0.21766 0 0
0.20572 79 40
0.20572 81 45
0.20572 79 42
0.20572 78 45
0.21925 76 42
0.20714 73 48
0.20294 74 44
0.20294 0 0
0.21302 76 45
0.20714 77 50
0.20157 78 46
0.15118 0 0
0.05039 81 42
0.21609 79 47
0.63456 78 51
0.10576 79 44
0.10576 78 42
0.22388 76 47
0.10638 78 42
0.10638 0 0
0.10714 79 44
0.10714 0 0
0.11208 80 47
0.11208 0 0
0.21898 80 45
0.20833 81 42
0.21766 0 0
0.20572 81 40
0.10286 86 46
0.10286 0 0
0.10286 84 42
0.10286 0 0
0.10286 82 44
0.10286 0 0
0.10883 81 42
0.10883 0 0
0.21004 78 48
0.20294 79 42
0.21766 0 0
0.05143 81 40
0.05143 79 37
0.05143 78 37
0.05143 79 37
0.10286 81 45
0.10286 0 0
0.10286 79 42
0.10286 0 0
0.10286 77 45
0.10286 0 0
0.10962 76 42
0.10962 0 0
0.21302 79 45
0.20714 77 42
0.21766 0 0
0.20572 76 40
0.20572 73 46
0.20572 74 42
0.20572 0 0
0.21766 80 46
0.87064 80 49
0.21766 81 42
0.65298 0 0
0.11043 78 46
0.11043 81 44
0.10286 80 47
0.10286 81 43
0.10286 83 50
0.10286 81 47
0.10962 80 53
0.10962 81 53
0.10502 79 62
0.10502 81 53
0.10286 79 55
0.10286 81 52
0.10286 79 64
0.10286 81 51
0.10883 79 55
0.10883 81 49
0.11043 78 56
0.11043 81 49
0.10216 80 51
0.10216 81 47
0.10216 83 54
0.10216 81 47
0.10791 80 51
0.10791 81 53
0.10576 79 59
0.10576 81 50
0.10286 79 55
0.10286 81 52
0.10286 79 62
0.10286 81 49
0.10883 79 55
0.10883 81 49
0.41848 78 41
0.20572 0 0
0.10563 86 57
0.10563 0 0
0.10502 88 63
0.10502 0 0
0.10286 86 58
0.10286 0 0
0.10286 85 63
0.10286 0 0
0.10883 81 58
0.10883 0 0
0.42658 86 60
0.20572 0 0
0.10714 50 57
0.10714 0 0
0.10727 52 63
0.10727 0 0
0.10216 50 58
0.10216 0 0
0.10216 49 60
0.10216 0 0
0.10883 45 58
0.10883 0 0
0.43532 50 60
0.42304 81 50
0.42909 79 47
0.44833 78 46
0.32414 83 50
0.03974 85 45
0.03974 83 45
0.00099 0 0
0.03964 81 45
0.10727 83 50
0.10727 0 0
0.11208 85 47
0.11208 0 0
0.21302 88 50
0.10651 86 45
0.10651 0 0
0.21302 85 47
0.11554 83 45
0.11554 0 0
0.22757 81 50
0.22757 0 0
0.42304 81 60
0.42909 79 60
0.44833 78 59
0.32414 76 68
0.11921 83 53
0.10727 81 60
0.10727 79 58
0.11208 78 58
0.11208 76 58
0.42605 74 63
0.05416 76 55
0.05646 78 49
0.05563 76 56
0.05481 78 50
0.07406 76 56
0.07644 74 48
0.07644 76 48
0.21455 74 66
0.24577 0 0
0.42304 69 50
0.42909 67 47
0.44833 66 46
0.32414 71 50
0.03974 73 45
0.03974 71 45
0.00099 0 0
0.03964 69 45
0.10727 71 50
0.10727 0 0
0.11208 73 47
0.11208 0 0
0.21302 76 50
0.21302 74 45
0.21302 73 47
0.23107 71 45
0.22757 69 50
0.22757 0 0
0.42304 81 66
0.42304 69 56
0.42909 67 56
0.42909 79 66
0.44833 78 64
0.44833 66 55
0.32414 76 70
0.32414 64 57
0.11921 83 58
0.10727 81 66
0.10727 79 63
0.11208 78 63
0.11208 76 63
0.42605 74 69
0.05416 76 60
0.05646 78 53
0.05563 76 61
0.05481 78 55
0.07406 76 61
0.07644 74 52
0.07644 76 52
0.42304 66 62
0.42304 74 74
0.42304 69 62
0.42304 0 0
0.11161 79 66
0.11161 78 55
0.11161 76 54
0.11161 78 54
0.11161 81 65
0.11251 79 55
0.12148 78 55
0.12051 79 55
0.40314 81 62
0.40864 0 0
0.05039 81 50
0.15118 0 0
0.05039 83 45
0.15118 0 0
0.05039 85 45
0.15118 0 0
0.05214 86 45
0.15643 0 0
0.40314 81 54
0.40314 78 45
0.10079 81 50
0.10079 79 44
0.10079 78 44
0.10079 79 44
0.05039 81 49
0.15118 0 0
0.05402 79 46
0.16207 0 0
0.20858 77 54
0.20023 78 45
0.40045 0 0
0.11161 79 66
0.11161 78 55
0.11161 76 54
0.11161 78 54
0.11161 81 65
0.11251 79 55
0.12148 78 55
0.12051 79 55
0.40314 81 62
0.40864 0 0
0.05039 81 50
0.15118 0 0
0.05039 83 45
0.15118 0 0
0.05039 85 45
0.15118 0 0
0.05214 86 45
0.15643 0 0
0.40314 81 54
0.40314 78 45
0.10079 81 50
0.10079 79 44
0.10079 78 44
0.10079 79 44
0.10079 81 50
0.10079 79 44
0.10429 78 44
0.10340 76 44
0.10277 74 45
0.10216 76 46
0.10155 78 48
0.10121 79 49
0.10070 81 50
0.10011 83 51
0.10011 85 53
0.10274 86 54
0.00934 0 0
0.40314 86 58
0.10079 83 49
0.20157 0 0
0.10883 79 54
0.40045 78 59
0.20023 81 54
0.10011 0 0
0.10727 74 54
0.40045 76 59
0.20023 79 54
0.10011 0 0
0.10805 73 54
0.10441 74 53
0.10456 76 53
0.10384 78 54
0.10313 79 55
0.10242 81 56
0.10173 83 56
0.10147 85 57
0.11043 86 60
0.10502 88 63
0.10079 86 55
0.10079 85 55
0.10079 86 55
0.10079 85 63
0.10079 83 51
0.10079 81 54
0.10805 79 54
0.10651 78 61
0.10079 79 51
0.10079 80 54
0.10079 81 54
0.10079 79 58
0.10079 78 51
0.10079 76 54
0.10883 74 50
0.10429 75 59
0.10079 76 51
0.10079 78 54
0.10079 79 54
0.10079 78 57
0.10079 76 53
0.10079 74 56
0.10962 73 54
0.10727 74 66
0.10727 69 59
0.10727 74 66
0.10727 78 58
0.10727 81 66
0.10727 78 60
0.11293 79 66
0.11293 76 59
0.10727 74 66
0.10727 69 59
0.10727 74 66
0.10727 78 58
0.10727 81 66
0.11293 78 60
0.11293 79 66
0.11293 76 59
0.23842 74 75
0.23842 0 0
0.25035 76 64
0.25035 79 64
0.25035 85 75
0.25035 0 0
0.25035 74 64
0.25035 86 75
0.25035 78 64
0.75106 0 0
0.22086 71 39
0.22086 79 47
0.11827 78 43
0.11827 69 36
0.11827 0 0
0.22585 78 47
0.22585 69 39
0.12212 67 35
0.12212 76 42
0.12212 0 0
0.23107 67 39
0.23107 76 47
0.12950 66 34
0.12950 74 41
0.12950 0 0
0.24828 74 47
0.24828 66 39
0.14309 73 41
0.14309 64 34
0.14309 0 0
1.17241 64 37
1.17241 73 54
1.17241 67 45
0.57236 74 42
0.57236 66 35
#  Piano left
0.42304 50 69
0.42304 38 57
0.42304 45 57
0.42304 0 0
0.40587 62 37
0.40587 66 45
0.42380 67 45
0.42380 64 37
0.40315 66 37
0.40315 69 45
1.22193 0 0
0.20157 54 38
0.20157 62 32
0.20157 50 38
0.20157 62 33
0.20157 52 37
0.20157 62 32
0.05039 57 37
0.15118 0 0
0.05402 61 30
0.16207 0 0
0.40881 62 42
0.40881 50 42
0.41428 0 0
0.40587 66 45
0.40587 62 37
0.42380 67 45
0.42380 64 37
0.40315 69 45
0.40315 66 37
1.22193 0 0
0.20157 54 38
0.20157 62 32
0.20157 50 38
0.20157 62 33
0.20157 52 37
0.20157 62 32
0.20157 57 37
0.20858 61 32
0.10429 62 37
0.10429 0 0
0.10011 66 26
0.10011 0 0
0.10011 62 35
0.10011 0 0
0.10011 66 28
0.10190 0 0
0.10614 62 36
0.10322 0 0
0.10045 66 26
0.09912 0 0
0.09847 62 35
0.09929 0 0
0.10011 66 30
0.10011 0 0
0.10011 64 37
0.10011 0 0
0.10011 67 29
0.10011 0 0
0.10011 64 37
0.10011 0 0
0.10011 67 29
0.10011 0 0
0.11086 64 43
0.11080 66 38
0.11012 67 38
0.11006 66 38
0.10963 64 38
0.11076 62 40
0.11203 61 40
0.11329 59 40
0.10429 57 37
0.10429 0 0
0.10011 61 26
0.10011 0 0
0.10011 57 35
0.10011 0 0
0.10011 61 28
0.10190 0 0
0.10614 57 36
0.10322 0 0
0.10045 61 26
0.09912 0 0
0.09847 55 35
0.09929 0 0
0.10011 61 30
0.10011 0 0
0.10011 54 37
0.10011 0 0
0.10011 62 29
0.10011 0 0
0.10011 54 37
0.10011 0 0
0.10011 62 29
0.10011 0 0
0.11086 54 43
0.11080 50 36
0.11012 52 37
0.11006 54 38
0.10963 55 39
0.11076 57 40
0.11203 59 41
0.11322 61 42
0.41482 62 44
0.60515 0 0
0.09979 54 31
0.09979 57 37
0.10029 0 0
0.10079 57 37
0.10079 54 31
0.10147 0 0
0.10199 54 31
0.10199 57 37
0.10252 0 0
0.41056 59 44
0.41056 55 37
0.60813 0 0
0.10113 59 36
0.10113 55 30
0.10147 0 0
0.10147 55 30
0.10147 59 36
0.10216 0 0
0.10216 56 30
0.10216 59 36
0.10252 0 0
0.20157 57 46
0.21041 55 40
0.10079 54 40
0.10079 0 0
0.10502 50 40
0.10502 0 0
0.20157 49 50
0.20157 45 44
0.10079 50 44
0.10079 0 0
0.10079 54 44
0.11043 0 0
0.20023 57 51
0.20023 55 44
0.10011 54 45
0.10011 0 0
0.10576 50 45
0.10576 0 0
0.20157 49 54
0.20157 45 47
0.10079 50 48
0.10079 0 0
0.10429 54 48
0.10429 0 0
0.20023 45 50
0.20023 57 60
0.20023 52 50
0.20739 0 0
0.20023 54 51
0.20023 57 60
0.20023 50 51
0.21455 0 0
0.20294 45 51
0.20294 52 51
0.20294 57 61
0.20798 0 0
0.20294 57 62
0.20294 54 52
0.20294 50 52
0.42026 0 0
0.07714 49 45
0.07714 45 45
0.07714 57 55
0.07714 52 45
0.12857 0 0
0.07714 57 55
0.07714 52 45
0.07714 49 45
0.07714 45 45
0.12857 0 0
0.07714 57 55
0.07714 45 45
0.07714 52 45
0.07714 49 45
0.12857 0 0
0.50291 45 49
0.50291 49 49
0.50291 57 58
0.50291 52 49
0.47839 0 0
0.21302 57 34
0.20714 61 27
0.21766 59 30
0.20572 62 27
0.20572 61 32
0.20572 64 26
0.20572 57 29
0.21766 61 26
0.21004 59 34
0.20294 66 28
0.21766 62 32
0.20572 59 28
0.20572 56 34
0.20572 59 29
0.20572 52 30
0.21925 62 28
0.20714 61 34
0.20294 64 28
0.20294 56 30
0.21302 64 28
0.20714 57 34
0.20157 64 26
0.20157 54 29
0.21609 57 26
0.21152 52 34
0.21152 57 27
0.21152 61 30
0.21152 57 27
0.42429 56 33
0.42429 52 33
0.44314 0 0
0.21302 57 34
0.20714 61 27
0.21766 59 30
0.20572 62 27
0.20572 61 32
0.10286 64 26
0.10286 0 0
0.20572 57 29
0.10883 61 26
0.10883 0 0
0.21004 59 34
0.20294 66 28
0.21766 62 32
0.20572 59 28
0.20572 56 34
0.10286 59 29
0.10286 0 0
0.20572 52 30
0.10963 56 28
0.10963 0 0
0.43850 57 30
0.43850 50 30
0.43850 62 30
0.43850 61 30
0.43850 59 30
0.87700 52 30
0.42658 57 38
0.20572 0 0
0.10963 69 49
0.10963 0 0
0.10502 71 55
0.10502 0 0
0.10286 69 49
0.10286 0 0
0.10286 68 56
0.10286 0 0
0.10883 64 48
0.10883 0 0
0.42518 69 55
0.20432 0 0
0.10963 57 50
0.10963 0 0
0.10576 59 56
0.10576 0 0
0.10286 57 50
0.10286 0 0
0.10286 56 56
0.10286 0 0
0.10883 52 51
0.10883 0 0
0.11043 57 45
0.11043 64 35
0.10286 63 37
0.10286 64 34
0.10417 66 40
0.10417 64 37
0.10714 63 40
0.10714 64 40
0.10502 62 47
0.10502 64 39
0.10286 62 41
0.10286 64 39
0.10286 62 49
0.10286 64 39
0.10883 62 41
0.10883 64 39
0.11043 61 39
0.11043 64 35
0.10286 63 37
0.10286 64 34
0.10286 66 40
0.10286 64 37
0.10963 63 40
0.10963 64 40
0.10727 62 47
0.10727 64 39
0.10274 62 41
0.10274 64 39
0.10274 62 49
0.10274 64 39
0.10883 62 41
0.10883 64 39
0.43532 61 41
0.10576 61 35
0.10576 69 29
0.10576 61 29
0.10576 69 29
0.10727 59 35
0.10727 69 30
0.10727 59 30
0.10727 69 30
0.11208 57 35
0.11208 69 31
0.11208 57 31
0.11208 69 31
0.10805 62 35
0.10805 69 30
0.10805 68 30
0.11921 69 30
0.10727 62 35
0.10727 69 30
0.11208 68 30
0.11208 69 30
0.10651 62 30
0.10651 69 32
0.10651 68 32
0.10651 69 32
0.10651 62 34
0.10651 69 30
0.11554 68 30
0.11554 69 30
0.11378 61 37
0.11378 69 37
0.11378 68 28
0.11378 69 28
0.10576 61 45
0.10576 69 37
0.10576 61 37
0.10576 69 37
0.10727 59 45
0.10727 69 39
0.10727 59 39
0.10727 69 39
0.11208 57 45
0.11208 69 40
0.11208 57 40
0.11208 69 40
0.10805 50 45
0.10805 59 39
0.10805 54 39
0.11921 59 39
0.10727 50 45
0.10727 59 39
0.11208 54 39
0.11208 59 39
0.10651 52 39
0.10651 61 41
0.10651 57 41
0.10651 61 41
0.11063 52 44
0.11044 62 39
0.11227 56 39
0.11465 62 39
0.10727 57 48
0.10727 64 42
0.11043 61 36
0.13534 64 36
0.10576 61 35
0.10576 69 29
0.10576 61 29
0.10576 69 29
0.10727 59 35
0.10727 69 30
0.10727 59 30
0.10727 69 30
0.11208 57 35
0.11208 69 31
0.11208 57 31
0.11208 69 31
0.10805 62 35
0.10805 69 30
0.10805 68 30
0.11921 69 30
0.10727 62 35
0.10727 69 30
0.11208 68 30
0.11208 69 30
0.10651 62 30
0.10651 69 32
0.10651 68 32
0.10651 69 32
0.10651 62 34
0.10651 69 30
0.11554 68 30
0.11554 69 30
0.11378 61 37
0.11378 69 37
0.11378 68 28
0.11378 69 28
0.10576 61 45
0.10576 69 37
0.10576 61 37
0.10576 69 37
0.10727 59 45
0.10727 69 39
0.10727 59 39
0.10727 69 39
0.11208 57 45
0.11208 69 40
0.11208 57 40
0.11208 69 40
0.10805 50 45
0.10805 59 39
0.10805 54 39
0.11921 59 39
0.10727 50 45
0.10727 59 39
0.11208 54 39
0.11208 59 39
0.10651 52 39
0.10651 61 41
0.10651 57 41
0.10651 61 41
0.11063 52 44
0.11044 62 39
0.11227 56 39
0.11465 62 39
0.42909 57 45
0.42909 61 54
0.21455 0 0
0.11293 59 55
0.11293 56 46
0.11293 52 46
0.11293 0 0
0.42909 61 54
0.42909 57 45
0.22020 0 0
0.11293 56 46
0.11293 59 55
0.11293 52 46
0.11293 0 0
0.23842 57 52
0.23842 61 63
0.23842 0 0
0.25035 53 63
0.25035 41 52
0.25035 0 0
0.25035 54 63
0.25035 42 52
0.75106 0 0
0.92749 50 40
1.02453 52 40
0.54630 57 39
0.62611 52 39
0.57236 45 35
0.57236 0 0
0.42304 45 57
0.42304 50 69
0.42304 38 57
0.42304 0 0
0.41096 62 37
0.41096 66 45
0.42357 64 37
0.42357 67 45
0.40314 69 45
0.40314 66 37
1.22193 0 0
0.20157 54 38
0.20157 62 32
0.20157 50 38
0.20157 62 33
0.20157 52 37
0.20157 62 32
0.05039 57 37
0.15118 0 0
0.05402 61 30
0.16207 0 0
0.40881 50 42
0.40881 62 42
0.43532 0 0
0.40587 66 45
0.40587 62 37
0.42380 64 37
0.42380 67 45
0.40314 66 37
0.40314 69 45
1.22193 0 0
0.20157 54 38
0.20157 62 32
0.20157 50 38
0.20157 62 33
0.20157 52 37
0.20157 62 32
0.20157 57 37
0.20858 61 32
0.10429 62 37
0.10429 0 0
0.10011 66 26
0.10011 0 0
0.10011 62 35
0.10011 0 0
0.10011 66 28
0.10190 0 0
0.10614 62 36
0.10322 0 0
0.10045 66 26
0.09912 0 0
0.09847 62 35
0.09929 0 0
0.10011 66 30
0.10011 0 0
0.10011 64 37
0.10011 0 0
0.10011 67 29
0.10011 0 0
0.10011 64 37
0.10011 0 0
0.10011 67 29
0.10011 0 0
0.11086 64 43
0.11080 66 38
0.11012 67 38
0.11006 66 38
0.10963 64 38
0.11076 62 40
0.11203 61 40
0.11329 59 40
0.10429 57 37
0.10429 0 0
0.10011 61 26
0.10011 0 0
0.10011 57 35
0.10011 0 0
0.10011 61 28
0.10190 0 0
0.10614 57 36
0.10322 0 0
0.10045 61 26
0.09912 0 0
0.09847 55 35
0.09929 0 0
0.10011 61 30
0.10011 0 0
0.10011 54 37
0.10011 0 0
0.10011 62 29
0.10011 0 0
0.10011 54 37
0.10011 0 0
0.10011 62 29
0.10011 0 0
0.11086 54 43
0.11080 50 36
0.11012 52 37
0.11006 54 38
0.10963 55 39
0.11076 57 40
0.11203 59 41
0.11322 61 42
0.41482 62 44
0.60515 0 0
0.09979 54 31
0.09979 57 37
0.10029 0 0
0.09966 54 31
0.09966 57 37
0.10108 0 0
0.10256 54 31
0.10256 57 37
0.10342 0 0
0.41056 55 37
0.41056 59 44
0.60813 0 0
0.10113 55 30
0.10113 59 36
0.10147 0 0
0.10147 55 30
0.10147 59 36
0.10216 0 0
0.10216 59 36
0.10216 56 30
0.10252 0 0
0.20157 57 46
0.21041 55 40
0.10079 54 40
0.10079 0 0
0.10962 50 40
0.10963 0 0
0.20157 49 50
0.20157 45 44
0.10079 50 44
0.10079 0 0
0.10079 54 44
0.11043 0 0
0.20023 57 51
0.20023 55 44
0.10011 54 45
0.10011 0 0
0.10791 50 45
0.10791 0 0
0.20157 49 54
0.20157 45 47
0.10079 50 48
0.10079 0 0
0.10429 54 48
0.10429 0 0
0.20023 52 50
0.20023 57 60
0.20023 45 50
0.20739 0 0
0.20023 57 60
0.20023 50 51
0.20023 54 51
0.21455 0 0
0.20294 57 61
0.20294 45 51
0.20294 52 51
0.20798 0 0
0.20294 57 62
0.20294 54 52
0.20294 50 52
0.42027 0 0
0.07714 52 45
0.07714 45 45
0.07714 49 45
0.07714 57 55
0.12857 0 0
0.07714 45 45
0.07714 49 45
0.07714 57 55
0.07714 52 45
0.12857 0 0
0.07714 45 45
0.07714 49 45
0.07714 52 45
0.07714 57 55
0.12857 0 0
0.49808 45 49
0.49808 52 49
0.49808 57 58
0.49808 49 49
0.47803 0 0
0.21302 57 34
0.20714 61 27
0.21766 59 30
0.20572 62 27
0.20572 61 32
0.20572 64 26
0.20572 57 29
0.21766 61 26
0.21004 59 34
0.20294 66 28
0.21766 62 32
0.20572 59 28
0.20572 56 34
0.20572 59 29
0.20572 52 30
0.21925 62 28
0.20714 61 34
0.20294 64 28
0.20294 56 30
0.21302 64 28
0.20714 57 34
0.20157 64 26
0.20157 54 29
0.21609 57 26
0.21152 52 34
0.21152 57 27
0.21152 61 30
0.21152 57 27
0.42304 52 33
0.42304 56 33
0.44799 0 0
0.21302 57 34
0.20714 61 27
0.21766 59 30
0.20572 62 27
0.20572 61 32
0.10286 64 26
0.10286 0 0
0.20572 57 29
0.10883 61 26
0.10883 0 0
0.21004 59 34
0.20294 66 28
0.21766 62 32
0.20572 59 28
0.20572 56 34
0.10286 59 29
0.10286 0 0
0.20572 52 30
0.10962 56 28
0.10963 0 0
0.43850 57 30
0.43850 50 30
0.43850 62 30
0.43850 61 30
0.43850 59 30
0.87700 52 30
0.42658 57 38
0.20979 0 0
0.10962 69 51
0.10963 0 0
0.10502 71 55
0.10502 0 0
0.10286 69 51
0.10286 0 0
0.10286 68 58
0.10286 0 0
0.10883 64 53
0.10883 0 0
0.42518 69 55
0.20432 0 0
0.10962 57 52
0.10963 0 0
0.10576 59 57
0.10576 0 0
0.10286 57 51
0.10286 0 0
0.10286 56 57
0.10286 0 0
0.10883 52 53
0.10883 0 0
0.11043 57 56
0.11043 64 35
0.10286 63 37
0.10286 64 34
0.10489 66 40
0.10489 64 37
0.10791 63 40
0.10791 64 40
0.10502 62 47
0.10502 64 39
0.10286 62 41
0.10286 64 39
0.10286 62 49
0.10286 64 39
0.10883 62 41
0.10883 64 39
0.11043 61 39
0.11043 64 35
0.10286 63 37
0.10286 64 34
0.10563 66 40
0.10563 64 37
0.10791 63 40
0.10791 64 40
0.10727 62 47
0.10727 64 39
0.10417 62 41
0.10417 64 39
0.10417 62 49
0.10417 64 39
0.10883 62 41
0.10883 64 39
0.43532 61 41
0.10576 61 35
0.10576 69 29
0.10576 61 29
0.10576 69 29
0.10727 59 35
0.10727 69 30
0.10727 59 30
0.10727 69 30
0.11208 57 35
0.11208 69 31
0.11208 57 31
0.11208 69 31
0.10805 62 35
0.10805 69 30
0.10805 68 30
0.11921 69 30
0.10727 62 35
0.10727 69 30
0.11208 68 30
0.11208 69 30
0.10651 62 30
0.10651 69 32
0.10651 68 32
0.10651 69 32
0.10651 62 34
0.10651 69 30
0.11554 68 30
0.11554 69 30
0.11378 61 37
0.11378 69 37
0.11378 68 28
0.11378 69 28
0.10576 61 45
0.10576 69 37
0.10576 61 37
0.10576 69 37
0.10727 59 45
0.10727 69 39
0.10727 59 39
0.10727 69 39
0.11208 57 45
0.11208 69 40
0.11208 57 40
0.11208 69 40
0.10805 50 45
0.10805 59 39
0.10805 54 39
0.11921 59 39
0.10727 50 45
0.10727 59 39
0.11208 54 39
0.11208 59 39
0.10651 52 39
0.10651 61 41
0.10651 57 41
0.10651 61 41
0.11063 52 44
0.11044 62 39
0.11227 56 39
0.11465 62 39
0.10727 57 48
0.10727 64 42
0.11043 61 36
0.13534 64 36
0.10576 61 35
0.10576 69 29
0.10576 61 29
0.10576 69 29
0.10727 59 35
0.10727 69 30
0.10727 59 30
0.10727 69 30
0.11208 57 35
0.11208 69 31
0.11208 57 31
0.11208 69 31
0.10805 62 35
0.10805 69 30
0.10805 68 30
0.11921 69 30
0.10727 62 35
0.10727 69 30
0.11208 68 30
0.11208 69 30
0.10651 62 30
0.10651 69 32
0.10651 68 32
0.10651 69 32
0.10651 62 34
0.10651 69 30
0.11554 68 30
0.11554 69 30
0.11378 61 37
0.11378 69 37
0.11378 68 28
0.11378 69 28
0.10576 61 45
0.10576 69 37
0.10576 61 37
0.10576 69 37
0.10727 59 45
0.10727 69 39
0.10727 59 39
0.10727 69 39
0.11208 57 45
0.11208 69 40
0.11208 57 40
0.11208 69 40
0.10805 50 45
0.10805 59 39
0.10805 54 39
0.11921 59 39
0.10727 50 45
0.10727 59 39
0.11208 54 39
0.11208 59 39
0.10651 52 39
0.10651 61 41
0.10651 57 41
0.10651 61 41
0.11063 52 44
0.11044 62 39
0.11227 56 39
0.11465 62 39
0.42909 61 54
0.42909 57 45
0.21455 0 0
0.11293 59 55
0.11293 52 46
0.11293 56 46
0.11293 0 0
0.42909 61 54
0.42909 57 45
0.22020 0 0
0.11293 56 46
0.11293 59 55
0.11293 52 46
0.11293 0 0
0.23842 61 63
0.23842 57 52
0.23842 0 0
0.25035 53 63
0.25035 41 52
0.25035 0 0
0.25035 54 63
0.25035 42 52
0.75106 0 0
0.92749 50 40
1.02453 52 40
0.54630 57 39
0.62611 52 39
0.57235 45 35
2.29345 0 0
1.70649 59 44
1.70649 47 44
0.42060 0 0
0.21609 67 36
0.21609 71 43
0.64399 0 0
0.21455 71 43
0.21455 63 36
0.21455 0 0
0.20432 47 69
0.11208 45 62
0.11208 0 0
0.20432 45 67
0.11125 43 59
0.11125 0 0
0.21004 43 61
0.11043 42 52
0.11043 0 0
0.20858 42 51
0.11208 40 45
1.81129 0 0
1.71706 57 44
1.71706 45 44
0.42060 0 0
0.21609 69 43
0.21609 66 36
0.63973 0 0
0.21455 61 36
0.21455 69 43
0.21455 0 0
0.20294 45 69
0.10962 43 62
0.10962 0 0
0.20572 43 67
0.10962 42 59
0.10962 0 0
0.20714 42 61
0.10962 40 52
0.10962 0 0
0.21004 40 51
0.11378 38 45
0.11378 0 0
0.21004 62 47
0.10962 61 42
0.10962 0 0
0.21004 61 53
0.10962 59 46
0.10962 0 0
0.21004 59 58
0.11043 57 50
0.11043 0 0
0.21302 57 60
0.11378 56 52
0.11343 0 0
0.88268 44 56
0.88268 56 66
0.87064 46 51
0.87064 58 61
0.20858 59 47
0.11043 57 42
0.11043 0 0
0.21004 57 53
0.10962 55 46
0.10962 0 0
0.21004 55 58
0.11043 54 50
0.11043 0 0
0.21302 54 60
0.11378 53 52
0.11378 0 0
0.87071 53 66
0.87071 41 56
0.87064 54 61
0.87064 42 51
0.10502 55 41
0.10502 62 36
0.10962 59 41
0.10962 62 35
0.10502 55 41
0.10502 62 36
0.11643 59 41
0.11643 62 35
0.10429 55 41
0.10429 62 36
0.11125 59 41
0.11125 62 35
0.10502 55 41
0.10502 62 36
0.11208 59 41
0.11208 62 35
0.10502 54 45
0.10502 61 39
0.11043 58 45
0.11043 61 38
0.10502 54 45
0.10502 61 39
0.11208 58 45
0.11208 61 38
0.10502 53 45
0.10502 62 39
0.11125 56 45
0.11125 62 38
0.10502 53 45
0.10502 62 39
0.11125 56 45
0.11125 62 38
0.88888 54 40
0.92028 42 40
0.50071 47 39
0.54630 42 39
0.50071 35 35
0.50071 0 0
1.00142 59 65
1.00142 47 54
0.50071 57 58
0.50071 45 49
0.50071 0 0
1.01933 43 32
1.01933 55 38
0.53653 42 32
0.53653 54 38
1.07306 0 0
0.10576 59 42
0.10576 67 34
0.10576 59 34
0.10576 67 34
0.10727 57 42
0.10727 67 36
0.10727 57 36
0.10727 67 36
0.11208 55 42
0.11208 67 37
0.11208 55 37
0.11208 67 37
0.10805 60 42
0.10805 67 36
0.10805 66 36
0.11921 67 36
0.10727 60 42
0.10727 67 36
0.11208 66 36
0.11208 67 36
0.10651 60 36
0.10651 67 38
0.10651 66 38
0.10651 67 38
0.10651 60 40
0.10651 67 36
0.11554 66 36
0.11554 67 36
0.11378 59 44
0.11378 67 44
0.11378 66 33
0.11378 67 33
0.10576 59 37
0.10576 67 30
0.10576 59 30
0.10576 67 30
0.10727 57 37
0.10727 67 32
0.10727 57 32
0.10727 67 32
0.11208 55 37
0.11208 67 33
0.11208 55 33
0.11208 67 33
0.10805 48 37
0.10805 57 32
0.10805 52 32
0.11921 57 32
0.10727 48 37
0.10727 57 32
0.11208 52 32
0.11208 57 32
0.10651 50 32
0.10651 59 34
0.10651 55 34
0.10651 59 34
0.11063 50 36
0.11044 60 32
0.11227 54 32
0.11465 60 32
0.10727 55 39
0.10727 62 34
0.11043 59 29
0.13534 62 29
0.10576 59 42
0.10576 67 34
0.10576 59 34
0.10576 67 34
0.10727 57 42
0.10727 67 36
0.10727 57 36
0.10727 67 36
0.11208 55 42
0.11208 67 37
0.11208 55 37
0.11208 67 37
0.10805 60 42
0.10805 67 36
0.10805 66 36
0.11921 67 36
0.10727 60 42
0.10727 67 36
0.11194 66 36
0.11194 67 36
0.10563 60 36
0.10563 67 38
0.10638 66 38
0.10638 67 38
0.10638 60 40
0.10638 67 36
0.11554 66 36
0.11554 67 36
0.11378 59 44
0.11378 67 44
0.11378 66 33
0.11378 67 33
0.10576 59 37
0.10576 67 30
0.10576 59 30
0.10576 67 30
0.10727 57 37
0.10727 67 32
0.10727 57 32
0.10727 67 32
0.11208 55 37
0.11208 67 33
0.11208 55 33
0.11208 67 33
0.10805 48 37
0.10805 57 32
0.10805 52 32
0.11921 57 32
0.10727 48 37
0.10727 57 32
0.11208 52 32
0.11208 57 32
0.10651 50 32
0.10651 59 34
0.10651 55 34
0.10651 59 34
0.11063 50 36
0.11044 60 32
0.11227 54 32
0.11465 60 32
0.41716 55 44
0.41716 59 52
0.20858 0 0
0.10962 62 48
0.10962 54 40
0.10962 0 0
0.41716 55 44
0.41716 62 52
0.21312 0 0
0.10883 62 47
0.10883 54 39
0.10883 0 0
0.41716 62 51
0.41716 55 43
0.20858 0 0
0.10805 54 39
0.10805 62 46
0.10805 0 0
0.10502 55 42
0.10502 62 50
0.10502 0 0
0.10563 54 39
0.10563 62 46
0.10563 0 0
0.10563 55 39
0.10563 62 46
0.11029 0 0
0.11029 52 39
0.11029 55 46
0.11029 0 0
0.41716 54 42
0.41716 57 50
0.20858 0 0
0.10962 57 50
0.10962 49 42
0.10962 0 0
0.41716 50 44
0.41716 57 52
0.21391 0 0
0.10962 49 42
0.10962 57 50
0.10963 0 0
0.41428 57 54
0.41428 50 45
0.20714 0 0
0.10805 59 54
0.10805 51 45
0.10805 0 0
0.41428 52 47
0.41428 59 56
0.21162 0 0
0.10805 51 45
0.10805 59 53
0.10805 0 0
0.41716 59 60
0.41716 52 51
0.20858 0 0
0.10883 52 46
0.10883 61 55
0.10883 0 0
0.41428 54 52
0.41428 62 62
0.21240 0 0
0.10883 61 57
0.10883 52 48
0.10883 0 0
0.41144 62 62
0.41144 54 52
0.22416 0 0
0.10883 66 54
0.10883 0 0
0.10576 67 62
0.10576 0 0
0.10147 66 56
0.10147 0 0
0.10147 67 61
0.10147 0 0
0.10502 63 53
0.10576 0 0
0.10357 64 62
0.10357 0 0
0.10079 63 56
0.10079 0 0
0.10079 64 64
0.10079 0 0
0.10357 61 56
0.10357 0 0
0.10011 62 66
0.10011 0 0
0.10011 61 57
0.10011 0 0
0.10357 62 66
0.10357 0 0
0.10357 58 57
0.10357 0 0
0.09945 59 66
0.09945 0 0
0.10429 58 57
0.10429 0 0
0.09945 59 63
0.09945 0 0
0.10429 57 57
0.10429 60 57
0.10425 0 0
0.39780 55 53
0.39780 59 64
0.40690 0 0
0.10874 55 42
0.10874 64 50
0.10503 0 0
0.10242 64 40
0.10242 55 34
0.10216 0 0
0.10216 55 34
0.10216 64 40
0.10163 0 0
0.10147 64 40
0.10147 55 34
0.10129 0 0
0.10079 55 42
0.10079 64 50
0.10079 0 0
0.10113 55 34
0.10113 64 40
0.10147 0 0
0.10147 64 40
0.10147 56 34
0.10216 0 0
0.10216 56 34
0.10216 64 40
0.10252 0 0
0.20157 57 48
0.21041 55 42
0.10079 54 42
0.10079 0 0
0.10502 50 42
0.10502 0 0
0.20157 49 52
0.20157 45 46
0.10079 50 46
0.10079 0 0
0.10079 54 46
0.11043 0 0
0.20023 57 53
0.20023 55 46
0.10011 54 47
0.10011 0 0
0.10576 50 47
0.10576 0 0
0.20157 49 56
0.20157 45 49
0.10079 50 50
0.10079 0 0
0.10429 54 50
0.10429 0 0
0.20023 52 50
0.20023 45 50
0.20023 57 60
0.20739 0 0
0.20023 54 51
0.20023 50 51
0.20023 57 60
0.21455 0 0
0.20294 52 51
0.20294 45 51
0.20294 57 61
0.20798 0 0
0.20294 57 62
0.20294 50 52
0.20294 54 52
0.42027 0 0
0.07714 57 55
0.07714 52 45
0.07714 45 45
0.07714 49 45
0.12857 0 0
0.07714 57 55
0.07714 52 45
0.07714 49 45
0.07714 45 45
0.12857 0 0
0.07714 57 55
0.07714 52 45
0.07714 49 45
0.07714 45 45
0.12857 0 0
0.43972 52 49
0.43972 49 49
0.43972 57 58
0.43972 45 49
0.47803 0 0
0.21302 62 30
0.20714 66 23
0.21766 64 30
0.20572 67 27
0.20572 66 32
0.20572 69 26
0.20572 62 29
0.21766 66 26
0.21004 64 34
0.20294 71 28
0.21766 67 32
0.20572 64 28
0.20572 61 34
0.20572 64 29
0.20572 57 30
0.21925 67 28
0.20714 66 34
0.20294 69 28
0.20294 61 30
0.21302 69 28
0.20714 62 34
0.20157 69 26
0.20157 59 29
0.21609 62 26
0.21152 57 34
0.21152 62 27
0.21152 66 30
0.21152 62 27
0.43665 57 33
0.43665 61 33
0.43845 0 0
0.21898 62 34
0.20833 65 27
0.21766 64 30
0.20572 67 27
0.20572 65 32
0.10286 69 26
0.10286 0 0
0.20572 62 29
0.10883 65 26
0.10883 0 0
0.21004 64 34
0.20294 70 28
0.21766 67 32
0.20572 64 28
0.20572 61 34
0.10286 64 29
0.10286 0 0
0.20572 57 30
0.10962 61 28
0.10962 0 0
0.21302 62 34
0.20714 69 27
0.21766 60 30
0.20572 69 27
0.20572 58 32
0.20572 65 26
0.20572 64 29
0.21766 62 26
0.21766 57 33
0.21766 62 22
0.21766 65 28
0.21766 62 24
0.21766 57 24
0.21766 61 31
0.10883 55 53
0.10883 43 45
0.10883 0 0
0.10883 54 57
0.10883 42 48
0.10883 0 0
0.10883 40 51
0.10883 52 61
0.10883 0 0
0.42658 38 55
0.42658 50 65
0.20572 0 0
0.10962 74 49
0.10962 0 0
0.10502 76 55
0.10502 0 0
0.10286 74 49
0.10286 0 0
0.10286 73 58
0.10286 0 0
0.10883 69 48
0.10883 0 0
0.42518 74 54
0.20432 0 0
0.10791 62 49
0.10791 0 0
0.10576 64 55
0.10576 0 0
0.10286 62 48
0.10286 0 0
0.10286 61 54
0.10286 0 0
0.10883 57 47
0.10883 0 0
0.10638 62 52
0.10638 69 35
0.10286 68 42
0.10286 69 38
0.10286 71 47
0.10286 69 39
0.10563 68 44
0.10563 69 40
0.10502 67 47
0.10502 69 39
0.10286 67 41
0.10286 69 39
0.10286 67 49
0.10286 69 39
0.10883 67 44
0.10883 69 39
0.11043 66 39
0.11043 69 38
0.10286 68 41
0.10286 69 37
0.10286 71 40
0.10286 69 37
0.10714 68 44
0.10714 69 40
0.10727 67 47
0.10727 69 42
0.10216 67 44
0.10216 69 39
0.10216 67 49
0.10216 69 43
0.10883 67 47
0.10883 69 39
0.43532 66 41
0.10576 66 35
0.10576 74 29
0.10576 66 29
0.10576 74 29
0.10727 64 35
0.10727 74 30
0.10727 64 30
0.10727 74 30
0.11208 62 35
0.11208 74 31
0.11208 62 31
0.11208 74 31
0.10805 67 35
0.10805 74 30
0.10805 73 30
0.11921 74 30
0.10727 67 35
0.10727 74 30
0.11208 73 30
0.11208 74 30
0.10651 67 30
0.10651 74 32
0.10651 73 32
0.10651 74 32
0.10651 67 34
0.10651 74 30
0.11554 73 30
0.11554 74 30
0.11378 66 37
0.11378 74 37
0.11378 73 28
0.11378 74 28
0.10576 66 45
0.10576 74 37
0.10576 66 37
0.10576 74 37
0.10727 64 45
0.10727 74 39
0.10727 64 39
0.10727 74 39
0.11208 62 45
0.11208 74 40
0.11208 62 40
0.11208 74 40
0.10805 55 45
0.10805 64 39
0.10805 59 39
0.11921 64 39
0.10727 55 45
0.10727 64 39
0.11208 59 39
0.11208 64 39
0.10651 57 39
0.10651 66 41
0.10651 62 41
0.10651 66 41
0.11063 57 44
0.11044 67 39
0.11227 61 39
0.11465 67 39
0.10727 62 48
0.10727 66 42
0.11043 62 36
0.13534 66 36
0.10576 54 35
0.10576 62 29
0.10576 54 29
0.10576 62 29
0.10727 52 35
0.10727 62 30
0.10727 52 30
0.10727 62 30
0.11208 50 35
0.11208 62 31
0.11208 50 31
0.11208 62 31
0.10805 55 35
0.10805 62 30
0.10805 61 30
0.11921 62 30
0.10727 55 35
0.10727 62 30
0.11208 61 30
0.11208 62 30
0.10651 55 30
0.10651 62 32
0.10651 61 32
0.10651 62 32
0.10651 55 34
0.10651 62 30
0.11554 61 30
0.11554 62 30
0.11378 54 37
0.11378 62 37
0.11378 61 28
0.11378 62 28
0.10576 42 49
0.10576 50 40
0.10576 42 40
0.10576 50 40
0.10727 40 49
0.10727 50 42
0.10727 40 42
0.10727 50 42
0.11208 38 49
0.11208 50 44
0.11208 38 44
0.11208 50 44
0.10805 43 49
0.10805 52 42
0.10805 47 42
0.11921 52 42
0.10727 43 49
0.10727 52 42
0.11208 47 42
0.11208 52 42
0.10651 45 42
0.10651 54 45
0.10651 50 45
0.10651 54 45
0.11063 45 48
0.11044 55 42
0.11227 49 42
0.11465 55 42
0.42304 45 59
0.42304 50 70
0.42304 38 59
0.42304 0 0
0.40587 66 45
0.40587 62 37
0.42380 67 45
0.42380 64 37
0.40314 66 37
0.40314 69 45
1.22193 0 0
0.20157 54 38
0.20157 62 32
0.20157 50 38
0.20157 62 33
0.20157 52 37
0.20157 62 32
0.05039 57 37
0.15118 0 0
0.05402 61 30
0.16207 0 0
0.40881 50 42
0.40881 62 42
0.40045 0 0
0.10147 66 45
0.10147 62 37
0.10147 0 0
0.10147 66 38
0.10147 62 31
0.10147 0 0
0.10147 67 45
0.10147 64 37
0.10147 0 0
0.11043 64 31
0.11043 67 38
0.11043 0 0
0.40314 69 45
0.40314 66 37
1.22193 0 0
0.20157 54 38
0.20157 62 32
0.20157 50 38
0.20157 62 33
0.20157 52 37
0.20157 62 32
0.20157 57 37
0.20769 61 32
0.10277 54 47
0.10216 62 39
0.10155 57 39
0.10121 62 39
0.10070 54 48
0.10011 62 40
0.10011 57 40
0.11208 62 40
0.10079 55 48
0.10079 62 40
0.10079 59 40
0.10079 62 40
0.10079 55 49
0.10079 62 40
0.10079 59 40
0.10883 62 40
0.10011 57 47
0.10011 66 38
0.10011 62 38
0.10011 66 38
0.10011 57 48
0.10011 66 40
0.10011 62 40
0.10727 66 40
0.10011 57 48
0.10011 67 39
0.10011 64 39
0.10011 67 39
0.10011 57 49
0.10011 67 40
0.10011 64 40
0.10805 67 40
0.10441 54 47
0.10456 62 39
0.10384 57 41
0.10313 62 42
0.10242 54 48
0.10173 62 41
0.10147 57 42
0.11043 62 44
0.10502 55 52
0.10079 62 43
0.10079 59 43
0.10079 62 43
0.10079 55 49
0.10079 62 40
0.10079 59 40
0.10805 62 40
0.10651 57 47
0.10079 66 37
0.10079 62 37
0.10079 66 37
0.10079 57 48
0.10079 66 39
0.10079 62 39
0.10883 66 39
0.10429 57 47
0.10079 67 37
0.10079 64 37
0.10079 67 37
0.10079 57 48
0.10079 67 38
0.10079 64 38
0.10962 67 38
0.42909 66 54
0.42909 62 45
0.21455 0 0
0.11293 64 55
0.11293 57 46
0.11293 0 0
0.42909 66 54
0.42909 62 45
0.22020 0 0
0.11293 64 55
0.11293 57 46
0.11293 0 0
0.23842 62 52
0.23842 66 63
0.23842 0 0
0.25035 58 63
0.25035 46 52
0.25035 0 0
0.25035 59 63
0.25035 47 52
0.75106 0 0
0.92749 55 40
0.92749 43 40
1.02453 57 40
1.02453 45 40
0.54630 50 39
0.62611 45 39
0.57236 38 35
