"mz_330_2"

#  Piano right
1.99680 0 0
0.67416 72 50
0.67416 72 50
0.67416 72 50
0.32524 72 52
0.10841 74 47
0.10841 72 46
0.10841 71 46
0.31250 72 52
0.31250 77 40
0.31579 72 44
0.31579 0 0
0.67416 69 43
0.67416 72 48
0.70605 64 44
1.34832 67 53
0.67416 65 48
0.65617 65 73
0.65617 60 40
0.65617 67 75
0.65617 64 51
0.65617 69 76
0.65617 65 52
0.65617 60 40
0.97897 70 77
0.97897 65 63
0.14357 72 61
0.14563 74 57
0.34091 72 55
0.34091 0 0
0.64391 65 46
0.67024 64 52
0.72710 65 46
1.39734 59 25
1.39893 69 47
1.39893 65 32
0.69946 64 21
0.69946 67 46
0.64391 67 54
2.74231 60 32
0.64391 67 59
0.49481 67 65
0.17285 67 66
0.96587 79 74
0.16098 74 50
0.16098 71 46
0.64391 67 48
0.64391 67 55
0.64391 67 63
0.50857 67 69
0.18661 67 68
1.80638 79 73
0.08643 81 56
0.08643 83 49
0.34570 84 55
0.34570 83 49
0.32517 81 55
0.32517 79 46
0.32517 77 51
0.32517 76 47
0.33860 73 52
0.33860 74 48
0.33860 77 49
0.36487 81 46
2.03160 72 54
0.33860 76 48
0.33860 74 47
0.67720 71 37
1.35440 72 47
0.73171 0 0
0.67671 72 50
0.67416 72 50
0.67416 72 50
0.32524 72 52
0.10841 74 47
0.10841 72 46
0.10841 71 46
0.30612 72 52
0.30612 77 43
0.32258 72 47
0.32258 0 0
0.67416 69 47
0.67416 72 48
0.70605 64 45
1.34831 67 54
0.67416 65 48
0.65617 65 73
0.65617 60 40
0.65617 67 75
0.65617 64 51
0.65617 69 76
0.65617 60 40
0.65617 65 52
0.96711 70 77
0.96711 65 63
0.14087 72 59
0.14286 74 56
0.33708 72 56
0.33708 0 0
0.64391 65 47
0.67024 64 52
0.72710 65 45
1.39734 59 31
1.39893 69 47
1.39893 65 32
0.69946 67 46
0.69946 64 31
0.64391 67 54
2.74231 60 32
0.64391 67 59
0.49481 67 65
0.17285 67 66
0.96587 79 74
0.16098 74 50
0.16098 71 46
0.64391 67 51
0.64391 67 59
0.64391 67 63
0.50857 67 69
0.18661 67 68
1.80638 79 73
0.08643 81 56
0.08643 83 49
0.34570 84 53
0.34570 83 49
0.32517 81 52
0.32517 79 49
0.32517 77 51
0.32517 76 50
0.33860 73 52
0.33860 74 48
0.33860 77 49
0.36487 81 48
2.03160 72 54
0.33860 76 48
0.33860 74 47
0.67720 71 43
1.35440 72 47
0.69767 0 0
0.64516 72 50
0.34946 74 54
0.34946 72 50
0.35217 70 55
0.38289 69 49
1.33333 67 61
0.63830 66 51
0.63158 66 63
0.63158 67 65
0.51724 69 66
0.51724 66 52
0.17241 0 0
1.31868 69 65
1.31868 66 51
0.59341 70 56
0.59341 67 45
0.06593 0 0
0.63830 64 51
0.63830 65 55
0.47872 67 53
0.47872 64 53
0.15957 0 0
0.63830 69 61
0.63830 70 68
0.63830 72 67
0.63830 73 70
0.35326 76 72
3.20537 65 55
0.35326 74 58
0.35568 72 65
0.38289 70 55
0.38289 67 55
1.33333 65 46
1.33333 69 57
0.66667 67 51
0.66667 64 40
0.65217 72 65
0.65217 72 66
0.68966 72 72
1.95652 82 81
0.63830 81 69
0.63830 70 58
0.63830 79 70
0.66667 77 66
0.66667 69 56
1.37868 77 66
0.69767 76 56
0.66667 75 51
2.74302 67 55
6.64280 72 81
0.66667 75 48
0.66062 75 47
0.07363 75 39
0.07286 77 40
0.07198 75 42
0.07125 77 42
0.07053 75 42
0.07144 77 42
0.07398 75 39
0.06838 77 38
0.31540 75 46
0.34091 77 50
0.68182 79 55
0.34091 77 54
0.34091 75 51
0.34091 75 53
0.32386 74 49
0.01705 0 0
0.34091 74 52
0.36611 73 50
0.02615 0 0
1.35624 73 55
0.66667 74 50
0.32258 77 54
0.32258 76 51
0.32258 79 59
0.32258 77 53
0.35714 76 54
0.35443 74 49
0.02532 0 0
1.34831 74 49
0.67416 72 48
0.45492 77 57
0.15789 72 51
0.45492 81 65
0.15789 77 58
0.47368 72 66
0.15789 69 57
0.92783 72 69
0.30928 71 55
0.61856 70 55
0.45789 64 67
0.15789 60 64
0.61579 67 75
0.45201 65 69
0.15789 60 65
0.60991 69 76
0.44876 67 70
0.15464 60 69
0.60340 70 78
0.35294 72 80
0.33708 74 53
0.69002 69 70
0.33708 76 54
0.33708 77 47
1.97802 65 49
1.97802 60 38
0.35040 69 47
0.36372 67 44
0.71413 64 37
1.32626 65 47
0.66313 0 0
0.64516 72 50
0.34946 74 54
0.34946 72 50
0.35217 70 55
0.38289 69 49
1.33333 67 61
0.62500 66 51
0.01330 0 0
0.63158 66 63
0.63158 67 65
0.51724 69 66
0.51724 66 52
0.17241 0 0
1.31868 69 65
1.31868 66 51
0.59341 70 56
0.59341 67 45
0.06593 0 0
0.63830 64 51
0.63830 65 55
0.47872 67 53
0.47872 64 53
0.15957 0 0
0.63830 69 61
0.63830 70 68
0.63830 72 70
0.63830 73 70
0.35326 76 70
3.20537 65 55
0.35326 74 58
0.35326 72 65
0.35386 70 55
0.35386 67 55
1.33333 65 46
1.33333 69 57
0.66667 67 51
0.66667 64 40
0.65217 72 65
0.65217 72 66
0.68965 72 72
1.95652 82 81
0.63830 81 69
0.63830 79 70
0.63830 70 58
0.66667 77 66
0.66667 69 56
1.37868 77 60
0.69767 76 56
0.66667 75 51
2.74302 67 60
6.64280 72 81
0.66667 75 50
0.65820 75 46
0.07348 75 40
0.07235 77 42
0.07139 75 43
0.07049 77 45
0.06988 75 45
0.07185 77 45
0.07412 75 43
0.07206 77 42
0.32008 75 47
0.34091 77 47
0.68182 79 54
0.34091 77 54
0.32670 75 51
0.01420 0 0
0.34091 75 54
0.32955 74 49
0.01136 0 0
0.34091 74 53
0.39666 73 49
0.01725 0 0
1.38760 73 55
0.66667 74 50
0.32258 77 56
0.32258 76 53
0.32258 79 59
0.32258 77 53
0.35714 76 54
0.35723 74 50
0.01553 0 0
1.34832 74 49
0.67416 72 48
0.45789 77 57
0.15789 72 51
0.46093 81 65
0.15789 77 58
0.47368 72 66
0.15789 69 57
0.92783 72 69
0.30928 71 65
0.61856 70 65
0.45328 64 67
0.15625 60 64
0.60953 67 75
0.45328 65 69
0.15625 60 65
0.60953 69 76
0.45625 67 71
0.15625 60 69
0.61250 70 78
0.35294 72 80
0.33708 74 51
0.69002 69 71
0.33708 76 54
0.33708 77 47
1.97802 65 49
1.97802 60 38
0.33708 69 47
0.33708 67 44
0.67416 64 37
1.34831 65 47
0.67416 0 0
0.64045 60 37
0.64045 68 37
0.03371 0 0
0.64045 60 37
0.64045 68 37
0.03371 0 0
0.67775 68 37
0.67775 60 37
0.03637 0 0
1.93825 60 40
1.93825 68 40
0.64542 58 37
0.64542 67 37
0.64701 61 37
0.64701 70 37
0.68965 64 37
0.68965 55 37
1.91442 56 42
1.91442 65 42
0.60561 68 42
0.60561 72 42
0.03158 0 0
0.61820 68 44
0.61820 72 44
0.03226 0 0
0.68675 72 40
0.68675 68 40
0.03614 0 0
1.91510 72 50
0.64408 73 51
0.65469 72 50
0.49442 70 48
0.16871 72 46
3.87700 67 50
0.64718 67 53
0.64718 70 53
0.64586 68 44
0.64586 65 44
0.64239 0 0
0.63830 68 53
0.63830 70 58
0.63830 72 53
0.64516 75 61
0.64516 73 57
0.56452 0 0
0.08065 72 60
0.56025 73 74
0.08152 72 64
0.58471 73 80
0.08621 72 68
0.73171 73 89
0.33333 73 90
0.09889 75 64
0.09775 73 57
0.10011 72 64
0.31915 73 64
0.35714 75 56
1.97802 77 47
0.32967 75 47
0.32967 73 47
0.32967 72 51
0.32967 75 47
0.32967 73 47
0.32967 70 47
1.97802 68 53
0.33333 72 43
0.33333 70 43
0.66667 67 43
1.33333 68 47
0.73171 0 0
0.64045 68 37
0.64045 60 37
0.03371 0 0
0.64045 68 37
0.64045 60 37
0.03371 0 0
0.66570 68 37
0.66570 60 37
0.03551 0 0
1.93825 68 40
1.93825 60 40
0.63289 67 37
0.63289 58 37
0.64701 70 37
0.64701 61 37
0.68965 64 37
0.68965 55 37
1.91393 65 42
1.91393 56 42
0.60505 72 42
0.60505 68 42
0.03158 0 0
0.61820 72 44
0.61820 68 44
0.03226 0 0
0.68675 72 40
0.68675 68 40
0.03614 0 0
1.91267 72 50
0.64408 73 51
0.65469 72 50
0.49442 70 48
0.16871 72 46
3.87457 67 50
0.64718 70 53
0.64718 67 53
0.64586 68 44
0.64586 65 44
0.64239 0 0
0.63830 68 53
0.63830 70 58
0.63830 72 53
0.64516 75 61
0.64516 73 57
0.56452 0 0
0.08065 72 57
0.55937 73 72
0.08065 72 63
0.58729 73 78
0.08824 72 69
0.73171 73 86
0.33708 73 95
0.09980 75 60
0.09616 73 56
0.10001 72 60
0.30928 73 61
0.35714 75 53
1.97802 77 47
0.32967 75 47
0.32967 73 44
0.32967 72 51
0.32967 75 44
0.32967 73 47
0.32967 70 46
1.97802 68 53
0.33333 72 43
0.33333 70 43
0.66667 67 43
1.33333 68 47
0.63830 0 0
0.61856 63 53
0.60000 68 53
0.60606 72 51
1.73120 75 58
0.30928 73 50
0.30928 72 47
0.59406 70 50
0.48387 68 47
0.16129 0 0
1.21212 72 53
0.57143 70 49
0.58252 60 67
0.57692 65 69
0.59406 68 67
1.72707 72 71
0.29126 70 53
0.29126 68 50
0.58252 67 53
0.48913 65 44
0.16304 0 0
1.25000 68 49
1.25000 65 49
0.57143 64 46
0.57143 67 46
0.57143 72 60
0.56604 77 60
0.56604 80 59
0.56604 79 66
0.54054 77 65
0.56296 0 0
0.56604 72 66
0.55556 77 68
0.55556 80 66
0.57143 79 72
0.57143 77 69
0.56075 0 0
0.57061 72 61
0.57061 69 61
0.57061 75 72
0.57061 77 72
0.02970 0 0
0.58163 77 73
0.58163 75 73
0.58163 69 61
0.58163 72 61
0.03061 0 0
0.59760 77 72
0.59760 75 72
0.59760 69 60
0.59760 72 60
0.03175 0 0
0.30612 73 63
0.30612 77 63
0.29032 70 55
0.29032 73 55
0.03226 0 0
0.30887 73 53
0.30887 70 53
0.29032 67 48
0.29032 70 48
0.03226 0 0
1.12903 68 46
1.12903 65 46
0.16129 68 46
0.62843 64 49
0.62843 67 49
0.32609 65 46
0.34091 67 43
1.36364 65 49
0.65217 0 0
0.61225 63 53
0.58252 68 53
0.60000 72 51
1.71439 75 58
0.30928 73 50
0.30928 72 47
0.59406 70 50
0.48387 68 47
0.16129 0 0
1.21212 72 53
0.57143 70 49
0.58252 60 67
0.57692 65 69
0.59406 68 67
1.72707 72 71
0.29126 70 53
0.29126 68 50
0.58252 67 53
0.48913 65 47
0.16304 0 0
1.25000 68 49
1.25000 65 49
0.57143 67 46
0.57143 64 46
0.57143 72 60
0.56604 77 60
0.56604 80 59
0.56604 79 66
0.54054 77 65
0.56296 0 0
0.56604 72 66
0.55556 77 68
0.55556 80 66
0.57143 79 72
0.57143 77 69
0.56075 0 0
0.57061 77 72
0.57061 72 61
0.57061 69 61
0.57061 75 72
0.02970 0 0
0.58163 77 73
0.58163 69 61
0.58163 72 61
0.58163 75 73
0.03061 0 0
0.61635 77 72
0.61635 69 60
0.61635 72 60
0.61635 75 72
0.03244 0 0
0.30928 77 63
0.30928 73 63
0.28723 73 55
0.28723 70 55
0.03191 0 0
0.30303 73 53
0.30303 70 53
0.29032 67 48
0.29032 70 48
0.03226 0 0
1.12903 68 46
1.12903 65 46
0.16129 68 46
0.62843 67 49
0.62843 64 49
0.32609 65 46
0.34091 67 43
1.36364 65 49
0.68182 0 0
0.64773 60 37
0.64773 68 37
0.03409 0 0
0.64773 68 37
0.64773 60 37
0.03409 0 0
0.64773 68 35
0.64773 60 35
0.03409 0 0
1.94533 68 40
1.94533 60 40
0.64413 58 37
0.64413 67 37
0.64529 61 39
0.64529 70 39
0.67937 64 37
0.67937 55 37
1.94163 65 42
1.94163 56 42
0.62549 68 34
0.62549 72 34
0.03371 0 0
0.63083 68 35
0.63083 72 35
0.03261 0 0
0.72882 72 34
0.72882 68 34
0.03261 0 0
1.95351 68 38
1.95351 72 38
0.69379 70 34
0.69379 67 34
0.69459 73 37
0.69459 70 37
3.34188 64 38
0.85784 64 32
0.85784 60 32
0.85687 58 32
1.60000 65 32
1.60000 60 32
1.60000 56 32
0.80000 0 0
0.67671 72 50
0.67416 72 50
0.67416 72 50
0.32524 72 52
0.10841 74 47
0.10841 72 46
0.10841 71 46
0.30303 72 52
0.30928 77 49
0.32258 72 47
0.32258 0 0
0.67416 69 47
0.67416 72 48
0.70605 64 47
1.34832 67 54
0.67416 65 48
0.65617 65 73
0.65617 60 40
0.65617 67 75
0.65617 64 51
0.65617 69 76
0.65617 60 40
0.65617 65 52
0.96080 70 77
0.96080 65 63
0.13761 72 63
0.15000 74 57
0.33333 72 56
0.33333 0 0
0.64391 65 51
0.67024 64 52
0.72710 65 45
1.39734 59 36
1.39893 69 47
1.39893 65 32
0.69946 67 46
0.69946 64 31
0.64391 67 54
2.74231 60 32
0.64391 67 59
0.49481 67 65
0.17285 67 65
0.96587 79 73
0.16098 74 50
0.16098 71 46
0.64391 67 49
0.64392 67 59
0.64391 67 63
0.50857 67 69
0.18661 67 67
1.80638 79 72
0.08643 81 56
0.08643 83 49
0.34570 84 58
0.34570 83 51
0.32517 81 56
0.32517 79 50
0.32517 77 54
0.32517 76 52
0.33860 73 54
0.33860 74 49
0.33860 77 49
0.36487 81 48
2.03160 72 54
0.33860 76 48
0.33860 74 47
0.67720 71 48
1.35440 72 47
0.69767 0 0
0.64516 72 50
0.34946 74 54
0.34946 72 50
0.34946 70 55
0.35036 69 49
1.33333 67 61
0.62500 66 51
0.01330 0 0
0.63158 66 63
0.63158 67 65
0.51724 69 66
0.51724 66 52
0.17241 0 0
1.31868 69 65
1.31868 66 51
0.59341 70 56
0.59341 67 45
0.06593 0 0
0.63830 64 51
0.63830 65 55
0.47872 67 53
0.47872 64 53
0.15957 0 0
0.63830 69 61
0.63830 70 68
0.63830 72 67
0.63830 73 70
0.35326 76 72
3.20537 65 56
0.35200 74 65
0.33985 72 64
0.37468 70 58
0.37468 67 47
1.33333 65 46
1.33333 69 57
0.66667 67 51
0.66667 64 40
0.61957 72 65
0.03261 0 0
0.61957 72 66
0.03261 0 0
0.65517 72 72
0.03448 0 0
1.95652 82 81
0.63830 81 69
0.63830 79 70
0.63830 70 58
0.66667 77 66
0.66667 69 56
1.37868 77 66
0.66279 76 56
0.03488 0 0
0.63333 75 51
2.74302 67 55
6.64280 72 81
0.63333 75 50
0.03333 0 0
0.62745 75 47
0.02941 0 0
0.07305 75 39
0.07189 77 39
0.07143 75 39
0.07053 77 40
0.06966 75 42
0.07121 77 40
0.07306 75 40
0.07248 77 40
0.31313 75 42
0.34091 77 47
0.68182 79 58
0.34091 77 54
0.30682 75 51
0.03409 0 0
0.34091 75 54
0.30682 74 51
0.03409 0 0
0.34091 74 53
0.35303 73 51
0.03923 0 0
1.35624 73 55
0.65995 74 51
0.32258 77 56
0.32258 76 53
0.32258 79 58
0.32258 77 53
0.35714 76 52
0.36709 74 49
0.01266 0 0
1.34832 74 49
0.67416 72 48
0.45492 77 57
0.15789 72 51
0.45492 81 65
0.15789 77 58
0.47368 72 66
0.15789 69 57
0.92783 72 69
0.30928 71 65
0.61856 70 65
0.45789 64 67
0.15789 60 64
0.61579 67 75
0.45201 65 67
0.15789 60 63
0.60991 69 75
0.44876 67 67
0.15464 60 64
0.60340 70 75
0.35294 72 76
0.33708 74 53
0.69002 69 61
0.33708 76 57
0.33708 77 53
1.97802 65 49
1.97802 60 38
0.33708 69 47
0.33708 67 44
0.67416 64 37
1.34832 65 47
0.69767 0 0
0.64045 69 37
0.64045 60 33
0.03371 0 0
0.64045 69 40
0.64045 60 36
0.03371 0 0
0.64045 69 37
0.64045 60 33
0.03371 0 0
1.95652 60 36
1.95652 69 40
0.65217 57 37
0.65217 65 42
0.65217 70 45
0.65217 67 39
0.65217 67 42
0.65217 64 37
1.95652 69 44
1.95652 72 49
0.63333 69 48
0.63333 77 54
0.03333 0 0
0.63333 77 56
0.63333 69 50
0.03333 0 0
0.71966 69 47
0.71966 77 53
0.04028 0 0
1.98939 65 42
1.98939 69 47
0.69767 72 34
0.69767 69 30
0.71023 70 33
0.71023 67 29
1.04556 67 30
1.04556 58 27
1.04556 64 30
1.41177 57 27
1.41177 65 30
#  Piano left
4.01927 0 0
2.58121 60 34
2.58121 57 30
2.58121 53 30
1.38021 48 27
1.38021 58 30
1.38021 55 27
1.34832 58 37
0.67416 57 37
2.02247 50 37
0.65617 57 57
0.65617 45 57
0.65617 55 59
0.65617 43 59
0.65617 53 57
0.65617 41 57
0.65617 50 49
0.65617 62 56
0.61200 58 44
0.61200 46 44
0.34091 45 19
0.34091 57 27
0.98482 0 0
1.39734 50 29
2.74231 48 27
1.31157 64 39
1.31157 60 39
2.57566 62 51
2.57566 65 51
2.57566 59 51
1.33910 60 43
1.33910 64 43
1.28783 50 52
1.28783 59 52
1.28783 53 52
1.38281 52 37
1.38281 60 37
1.38281 55 37
1.97787 0 0
0.70348 53 30
0.70348 62 30
0.70348 57 30
1.35440 64 27
1.35440 60 24
1.35440 62 23
1.35440 65 26
2.70880 55 25
1.35440 64 34
1.35440 60 30
0.73171 48 26
2.02503 0 0
2.58204 60 34
2.58204 57 30
2.58204 53 30
1.38021 58 30
1.38021 55 27
1.38021 48 27
1.34831 58 37
0.67416 57 37
2.02247 50 37
0.65617 57 57
0.65617 45 57
0.65617 55 59
0.65617 43 59
0.65617 53 57
0.65617 41 57
0.65617 62 56
0.65617 50 49
0.59467 58 45
0.59467 46 45
0.33708 57 29
0.98099 0 0
1.39734 50 34
2.74231 48 27
1.31157 64 39
1.31157 60 39
2.57566 65 51
2.57566 62 51
2.57566 59 51
1.33910 64 43
1.33910 60 43
1.28783 59 52
1.28783 53 52
1.28783 50 52
1.38281 60 37
1.38281 55 37
1.38281 52 37
1.97787 0 0
0.70348 53 30
0.70348 57 30
0.70348 62 30
1.35440 60 24
1.35440 64 27
1.35440 62 23
1.35440 65 26
2.70880 55 24
1.35440 60 30
1.35440 64 34
0.69767 48 27
1.96802 0 0
1.97163 63 46
1.97163 60 42
0.63158 60 46
0.63158 63 46
0.63158 58 47
0.63158 62 47
0.68966 60 47
0.68966 62 47
0.68966 57 47
1.31868 60 50
0.59341 58 48
1.97802 62 50
1.97802 55 50
0.63830 61 44
0.63830 58 44
0.63830 57 48
0.63830 60 48
0.63830 58 45
0.63830 60 45
0.63830 55 45
0.63830 53 48
0.63830 60 48
0.63830 57 48
0.63830 50 50
1.27660 45 54
0.65217 46 49
0.32609 43 46
0.35511 0 0
2.65217 48 43
1.34183 0 0
0.97826 48 64
0.97826 36 53
0.32609 50 60
0.32609 38 51
0.48913 40 53
0.48913 52 64
0.16304 0 0
0.47872 53 48
0.47872 41 40
0.15957 0 0
0.47872 43 45
0.47872 55 53
0.15957 0 0
0.50000 57 50
0.50000 45 42
0.16667 0 0
2.74302 58 53
2.74302 46 45
1.32728 0 0
1.23036 60 37
1.23036 57 37
1.23036 65 43
1.36364 60 37
1.36364 57 37
1.36364 65 43
1.41499 63 33
1.41499 57 33
1.41499 65 37
2.66807 65 28
2.66807 58 22
2.66807 62 22
1.38205 0 0
1.34831 62 35
1.34831 58 28
1.28698 60 33
1.28698 57 26
2.63529 53 28
1.24440 0 0
1.85567 55 43
1.85567 60 43
1.85567 52 43
0.61579 46 42
0.61579 58 48
0.60991 45 44
0.60991 57 50
0.60340 43 44
0.60340 55 50
0.69002 41 49
0.69002 53 54
0.67416 0 0
1.31868 57 38
1.37347 58 32
2.69215 48 33
1.32626 57 34
1.32626 53 28
0.66313 41 28
1.96802 0 0
1.97163 60 46
1.97163 63 46
0.63158 60 46
0.63158 63 46
0.63158 58 47
0.63158 62 47
0.68966 62 47
0.68966 60 47
0.68966 57 47
1.31868 60 50
0.59341 58 48
1.97802 55 50
1.97802 62 50
0.63830 58 44
0.63830 61 44
0.63830 57 48
0.63830 60 48
0.63830 60 45
0.63830 58 45
0.63830 55 45
0.63830 60 48
0.63830 57 48
0.63830 53 48
0.63830 50 50
1.27660 45 54
0.65217 46 53
0.32609 43 46
0.32609 0 0
2.65217 48 43
1.34183 0 0
0.97826 48 64
0.97826 36 53
0.32609 50 60
0.32609 38 51
0.48913 52 64
0.48913 40 53
0.16304 0 0
0.47872 53 48
0.47872 41 40
0.15957 0 0
0.47872 55 53
0.47872 43 45
0.15957 0 0
0.50000 57 50
0.50000 45 42
0.16667 0 0
2.74302 58 53
2.74302 46 45
1.32486 0 0
1.23660 57 37
1.23660 60 37
1.23660 65 43
1.36364 60 37
1.36364 57 37
1.36364 65 43
1.43663 63 33
1.43663 57 33
1.43663 65 37
2.69943 65 28
2.69943 58 22
2.69943 62 22
1.37507 0 0
1.34832 62 35
1.34832 58 28
1.28995 60 33
1.28995 57 26
2.63826 53 28
1.25040 0 0
1.85567 52 43
1.85567 60 43
1.85567 55 43
0.60953 58 48
0.60953 46 42
0.60953 45 44
0.60953 57 50
0.61250 43 44
0.61250 55 50
0.69002 53 54
0.69002 41 49
0.67416 0 0
1.31868 57 37
1.33350 58 28
2.65218 48 29
1.34831 57 32
1.34831 53 32
0.67416 41 26
2.06244 0 0
0.31860 41 40
0.29130 53 26
0.03191 0 0
0.29563 53 28
0.03226 0 0
0.29142 53 26
0.03297 0 0
0.29154 53 24
0.03226 0 0
0.28877 53 22
0.03158 0 0
0.29206 53 25
0.03297 0 0
0.28742 53 22
0.03297 0 0
0.29365 53 29
0.03191 0 0
0.28919 53 25
0.03226 0 0
0.31034 53 27
0.03448 0 0
0.31034 53 25
0.03448 0 0
0.32096 41 34
0.29382 53 24
0.03297 0 0
0.28976 53 26
0.03297 0 0
0.28949 53 23
0.03261 0 0
0.27835 53 25
0.03093 0 0
0.28065 53 22
0.03191 0 0
0.28758 53 25
0.03158 0 0
0.28645 53 22
0.03158 0 0
0.29315 53 28
0.03297 0 0
0.29209 53 25
0.03226 0 0
0.32530 53 28
0.03614 0 0
0.32530 53 27
0.03614 0 0
0.31917 40 33
0.29037 52 29
0.03226 0 0
0.29282 52 27
0.03158 0 0
0.29506 52 24
0.03226 0 0
0.28100 52 29
0.03125 0 0
0.27808 52 23
0.03125 0 0
0.28942 52 25
0.03261 0 0
0.28979 52 22
0.03226 0 0
0.29542 52 29
0.03191 0 0
0.29439 52 27
0.03297 0 0
0.28975 52 29
0.03226 0 0
0.30886 52 26
0.03226 0 0
0.31748 41 29
0.29709 53 28
0.03261 0 0
0.28942 53 29
0.03261 0 0
0.29086 53 26
0.03297 0 0
1.28069 53 32
1.92176 0 0
0.61290 56 33
0.61290 53 33
0.61290 61 33
0.03226 0 0
0.61290 56 36
0.61290 53 36
0.61290 61 36
0.03226 0 0
0.60916 56 40
0.60916 53 40
0.60916 61 40
0.03261 0 0
0.63643 61 46
0.63643 53 46
0.63643 56 46
0.03448 0 0
0.69512 56 49
0.69512 53 49
0.69512 61 49
0.03659 0 0
2.62505 58 49
2.62505 61 49
2.62505 63 58
2.62505 55 49
1.31868 0 0
0.65934 56 34
0.65934 49 30
0.65934 58 30
1.31868 60 34
1.32601 61 24
2.64469 51 34
1.33333 60 34
1.33333 56 29
0.73171 44 27
2.04953 0 0
0.31860 41 40
0.29130 53 26
0.03191 0 0
0.29563 53 29
0.03226 0 0
0.29142 53 26
0.03297 0 0
0.29154 53 27
0.03226 0 0
0.28877 53 23
0.03158 0 0
0.28125 53 26
0.03125 0 0
0.28742 53 23
0.03297 0 0
0.29365 53 29
0.03191 0 0
0.28919 53 25
0.03226 0 0
0.31034 53 27
0.03448 0 0
0.31034 53 26
0.03448 0 0
0.32096 41 34
0.29382 53 26
0.03297 0 0
0.29256 53 27
0.03297 0 0
0.28949 53 23
0.03261 0 0
0.27835 53 26
0.03093 0 0
0.27835 53 23
0.03093 0 0
0.28702 53 25
0.03158 0 0
0.28645 53 23
0.03158 0 0
0.29315 53 28
0.03297 0 0
0.29209 53 26
0.03226 0 0
0.32530 53 28
0.03614 0 0
0.32530 53 26
0.03614 0 0
0.31917 40 33
0.29037 52 29
0.03226 0 0
0.29327 52 27
0.03226 0 0
0.29150 52 27
0.03226 0 0
0.28100 52 28
0.03125 0 0
0.27808 52 23
0.03125 0 0
0.28942 52 26
0.03261 0 0
0.28979 52 24
0.03226 0 0
0.29542 52 29
0.03191 0 0
0.29439 52 27
0.03297 0 0
0.28975 52 29
0.03226 0 0
0.30886 52 26
0.03226 0 0
0.31748 41 29
0.29709 53 27
0.03261 0 0
0.28942 53 29
0.03261 0 0
0.29086 53 28
0.03297 0 0
1.28069 53 33
1.92176 0 0
0.61290 53 33
0.61290 56 33
0.61290 61 33
0.03226 0 0
0.61290 53 36
0.61290 56 36
0.61290 61 36
0.03226 0 0
0.60776 53 40
0.60776 56 40
0.60776 61 40
0.03226 0 0
0.64023 53 46
0.64023 56 46
0.64023 61 46
0.03529 0 0
0.69512 53 49
0.69512 56 49
0.69512 61 49
0.03659 0 0
2.61815 55 48
2.61815 63 57
2.61815 61 48
2.61815 58 48
1.31868 0 0
0.65934 56 34
0.65934 58 30
0.65934 49 30
1.31868 60 34
1.32601 61 23
2.64469 51 34
1.33333 60 34
1.33333 56 29
0.63830 44 30
2.41285 0 0
0.57692 56 43
0.56604 60 45
0.61856 63 45
0.59406 53 47
0.64516 62 43
0.60606 0 0
0.60606 51 40
0.57143 55 40
0.58252 52 58
0.58252 58 58
1.17098 53 58
1.17098 56 58
1.13747 0 0
0.58960 53 52
0.58252 56 45
0.58252 58 45
0.65217 59 42
2.97826 49 54
1.82143 60 37
1.82143 48 37
1.13747 0 0
0.56604 44 49
0.56604 46 53
0.54054 58 51
0.56296 59 53
0.56604 60 51
0.55556 0 0
0.55556 48 56
0.57143 49 58
0.57143 61 58
0.56075 63 65
0.57061 48 51
0.57061 60 61
0.02970 0 0
0.58163 57 59
0.58163 45 50
0.03061 0 0
0.59760 53 59
0.59760 41 50
0.03175 0 0
1.26015 46 46
1.26015 58 46
1.29032 48 37
1.29032 60 37
1.29542 58 37
1.29542 48 37
1.36364 53 37
1.36364 56 37
0.65217 41 30
2.36620 0 0
0.57692 56 45
0.56604 60 48
0.61856 63 45
0.59406 53 49
0.64516 62 43
0.60606 0 0
0.60606 51 40
0.57143 55 40
0.58252 58 58
0.58252 52 58
1.17098 56 58
1.17098 53 58
1.13747 0 0
0.58960 53 52
0.58252 56 45
0.58252 58 45
0.65217 59 39
2.97826 49 54
1.82143 60 37
1.82143 48 37
1.13747 0 0
0.56604 44 49
0.56604 46 53
0.54054 58 51
0.56296 59 53
0.56604 60 51
0.55556 0 0
0.55556 48 56
0.57143 49 58
0.57143 61 58
0.56075 63 65
0.57061 60 61
0.57061 48 51
0.02970 0 0
0.58163 57 59
0.58163 45 50
0.03061 0 0
0.61635 53 59
0.61635 41 50
0.03244 0 0
1.25404 58 46
1.25404 46 46
1.29032 60 37
1.29032 48 37
1.29542 58 37
1.29542 48 37
1.36364 56 37
1.36364 53 37
0.68182 41 28
2.04545 0 0
0.32267 41 40
0.29263 53 27
0.03297 0 0
0.29051 53 29
0.03333 0 0
0.29114 53 28
0.03158 0 0
0.29504 53 29
0.03226 0 0
0.29025 53 25
0.03297 0 0
0.28692 53 28
0.03226 0 0
0.29304 53 26
0.03191 0 0
0.29010 53 29
0.03261 0 0
0.29032 53 27
0.03226 0 0
0.30682 53 29
0.03409 0 0
0.30621 53 27
0.03226 0 0
0.32547 41 34
0.29077 53 26
0.03226 0 0
0.28992 53 28
0.03191 0 0
0.29547 53 26
0.03191 0 0
0.29044 53 25
0.03158 0 0
0.28964 53 23
0.03226 0 0
0.29578 53 26
0.03371 0 0
0.29600 53 23
0.03371 0 0
0.30020 53 28
0.03409 0 0
0.29654 53 27
0.03261 0 0
0.34615 53 28
0.03846 0 0
0.34420 53 27
0.03261 0 0
0.32530 41 33
0.29437 53 22
0.03191 0 0
0.29239 53 26
0.03226 0 0
0.29401 53 24
0.03297 0 0
0.29196 53 26
0.03261 0 0
0.29313 53 23
0.03261 0 0
0.31168 53 26
0.03448 0 0
0.31233 53 23
0.03529 0 0
0.31004 53 24
0.03529 0 0
0.31436 53 22
0.03488 0 0
0.37500 53 24
0.04167 0 0
0.39706 53 23
0.04412 0 0
1.60000 53 30
2.82503 0 0
2.58210 60 34
2.58210 57 34
2.58210 53 34
1.38021 58 30
1.38021 55 30
1.38021 48 30
1.34832 58 37
0.67416 57 37
2.02247 50 37
0.65617 57 57
0.65617 45 57
0.65617 55 59
0.65617 43 59
0.65617 53 57
0.65617 41 57
0.65617 62 56
0.65617 50 49
0.59225 58 54
0.59225 46 48
0.33333 57 29
0.33333 45 24
0.97725 0 0
1.39734 50 34
2.74231 48 27
1.31157 64 39
1.31157 60 39
2.57566 65 51
2.57566 62 51
2.57566 59 51
1.33910 64 43
1.33910 60 43
1.28783 59 51
1.28783 53 51
1.28783 50 51
1.38281 60 37
1.38281 55 37
1.38281 52 37
1.97787 0 0
0.70348 53 30
0.70348 57 30
0.70348 62 30
1.35440 60 21
1.35440 64 27
1.35440 62 23
1.35440 65 29
2.70880 55 21
1.35440 60 27
1.35440 64 34
0.69767 48 29
1.93548 0 0
1.97163 60 46
1.97163 63 46
0.63158 60 46
0.63158 63 46
0.63158 58 47
0.63158 62 47
0.68966 62 47
0.68966 60 47
0.68966 57 47
1.31868 60 50
0.59341 58 48
1.97802 55 50
1.97802 62 50
0.63830 58 44
0.63830 61 44
0.63830 57 48
0.63830 60 48
0.63830 60 45
0.63830 58 45
0.63830 55 45
0.63830 60 48
0.63830 57 48
0.63830 53 48
0.63830 50 50
1.27660 45 56
0.65217 46 53
0.31095 43 46
0.34690 0 0
2.65217 48 43
1.34183 0 0
0.97826 48 64
0.97826 36 53
0.32609 50 60
0.32609 38 51
0.48913 52 64
0.48913 40 53
0.16304 0 0
0.47872 53 48
0.47872 41 40
0.15957 0 0
0.47872 55 53
0.47872 43 45
0.15957 0 0
0.50000 57 50
0.50000 45 42
0.16667 0 0
2.74302 58 53
2.74302 46 45
1.32353 0 0
1.22735 57 37
1.22735 60 37
1.22735 65 43
1.36364 57 37
1.36364 65 43
1.36364 60 37
1.41499 63 37
1.41499 57 33
1.41499 65 37
2.66135 65 36
2.66135 58 28
2.66135 62 28
1.38205 0 0
1.34832 62 35
1.34832 58 28
1.28698 60 33
1.28698 57 26
2.63529 53 28
1.24440 0 0
1.85567 52 43
1.85567 60 43
1.85567 55 43
0.61579 58 48
0.61579 46 42
0.60991 45 44
0.60991 57 50
0.60340 55 50
0.60340 43 44
0.69002 53 54
0.69002 41 49
0.67416 0 0
1.31868 57 37
1.33350 58 29
2.65218 48 29
1.34832 57 33
1.34832 53 33
0.69767 41 29
2.02247 0 0
0.32609 41 40
0.29348 53 28
0.03261 0 0
0.29348 53 29
0.03261 0 0
0.29348 53 28
0.03261 0 0
0.29348 53 32
0.03261 0 0
0.29348 53 29
0.03261 0 0
0.29348 53 29
0.03261 0 0
0.29348 53 28
0.03261 0 0
0.29348 53 32
0.03261 0 0
0.29348 53 29
0.03261 0 0
0.29348 53 30
0.03261 0 0
0.29348 53 28
0.03261 0 0
0.32609 41 40
0.29348 53 28
0.03261 0 0
0.29348 53 31
0.03261 0 0
0.29348 53 28
0.03261 0 0
0.32609 38 48
0.29348 50 33
0.03261 0 0
0.30000 50 37
0.03333 0 0
0.30000 50 33
0.03333 0 0
0.33333 35 50
0.30000 47 38
0.03333 0 0
0.32143 47 42
0.03571 0 0
0.36251 47 38
0.04028 0 0
0.33157 36 33
0.29841 48 26
0.03316 0 0
0.29841 48 28
0.03316 0 0
0.29841 48 26
0.03316 0 0
0.29841 48 30
0.03316 0 0
0.29841 48 22
0.03316 0 0
0.31395 48 25
0.03488 0 0
0.31395 48 23
0.03488 0 0
0.31960 48 28
0.03551 0 0
0.31960 48 24
0.03551 0 0
0.40614 48 26
0.04513 0 0
0.53487 48 24
0.05943 0 0
1.41177 41 28
