"mz_333_1"

#  Piano right
1.39838 0 0
0.11653 79 57
0.11653 77 56
0.11653 75 54
0.11653 74 52
0.23609 72 60
0.22625 70 54
0.00984 0 0
0.70827 70 51
0.23306 74 57
0.23306 79 60
0.24131 74 55
0.47218 77 60
0.70827 75 56
0.11653 77 60
0.11653 79 56
0.11653 77 61
0.11653 75 54
0.11653 74 58
0.11653 72 53
0.47331 70 66
0.69239 69 57
0.00680 0 0
0.23306 69 62
0.23306 70 65
0.23542 72 61
0.01024 0 0
0.47630 72 61
0.47630 69 52
0.47630 74 58
0.47630 70 49
0.23815 0 0
0.11554 77 64
0.11554 76 63
0.11554 79 66
0.11554 77 63
0.11554 75 63
0.10592 74 61
0.00963 0 0
0.23712 74 68
0.47423 72 61
0.23306 70 61
0.23712 74 67
0.47423 72 62
0.23306 69 64
0.11604 70 68
0.11604 72 59
0.11604 70 62
0.11604 69 58
0.11604 70 66
0.11604 72 60
0.11604 74 63
0.11571 75 61
0.11554 76 69
0.11554 77 65
0.11538 76 69
0.12119 77 65
0.11457 79 69
0.11457 77 67
0.11457 75 66
0.11159 74 65
0.01014 0 0
0.23207 74 72
0.22240 72 54
0.00967 0 0
0.23207 72 56
0.23207 70 54
0.23207 74 65
0.22240 72 54
0.00967 0 0
0.23207 72 57
0.23207 69 53
0.23207 70 66
0.11604 72 57
0.11604 74 58
0.11604 75 59
0.11604 77 60
0.11604 79 61
0.11604 81 64
0.11604 82 66
0.11604 84 67
0.11587 86 68
0.11554 87 69
0.11554 89 76
0.11522 0 0
0.11506 89 75
0.11506 0 0
0.23507 89 76
0.47015 87 74
0.23507 86 73
0.23507 86 75
1.17536 77 76
0.11604 84 64
0.11604 75 64
0.11604 0 0
0.11628 82 72
0.11628 74 72
0.11728 0 0
0.12683 81 64
0.12683 72 64
0.12683 0 0
0.23815 74 76
0.23815 82 76
0.23921 0 0
0.24642 70 72
0.77386 0 0
0.11653 67 52
0.11653 65 49
0.11653 63 52
0.11653 62 50
0.23712 60 56
0.22724 58 53
0.00988 0 0
0.71135 58 53
0.24025 70 63
0.24025 69 58
0.25248 67 56
0.48050 65 64
0.59703 64 51
0.11653 67 52
0.11653 65 56
0.11653 69 52
0.11653 67 56
0.11653 70 53
0.11653 69 56
0.11653 72 53
0.11604 70 56
0.11604 67 58
0.11554 76 61
0.11554 72 62
0.11506 79 64
0.11506 76 67
0.11457 82 70
0.11457 81 69
0.11409 82 71
0.11425 81 67
0.11457 79 69
0.11490 77 65
0.11514 76 66
0.11554 74 65
0.11579 72 64
0.10637 70 63
0.00967 0 0
0.11960 70 69
0.12339 69 56
0.12013 74 64
0.11011 72 54
0.01001 0 0
0.48050 72 54
0.48050 0 0
0.11653 86 69
0.11653 84 66
0.11653 82 69
0.11653 81 66
0.70827 79 72
0.23609 76 63
0.05902 77 66
0.05902 0 0
0.13924 84 70
0.13924 83 70
0.13924 84 67
0.13924 86 73
0.13924 84 68
0.13924 82 71
0.14006 81 68
0.12013 79 81
0.12012 0 0
0.47423 79 75
0.23712 76 64
0.05928 77 63
0.05928 0 0
0.13924 84 70
0.13924 83 69
0.13924 84 68
0.13924 86 75
0.13924 84 69
0.12764 82 71
0.11604 81 67
0.23712 81 73
0.23712 79 70
0.23712 0 0
0.22724 79 72
0.00988 0 0
0.23712 79 78
0.23712 77 72
0.23712 0 0
0.23109 77 72
0.11554 76 73
0.11554 77 66
0.11554 76 68
0.11554 72 65
0.11554 77 75
0.11554 79 68
0.11554 77 68
0.11554 72 65
0.11554 79 80
0.11554 81 68
0.11554 79 72
0.11554 72 67
0.11554 81 81
0.11554 82 74
0.11554 81 76
0.11554 72 69
0.11805 82 85
0.11805 0 0
0.11805 82 83
0.35414 0 0
0.11703 79 77
0.11703 0 0
0.23406 82 81
0.11703 81 71
0.11703 0 0
0.11703 79 76
0.11703 0 0
0.11703 77 73
0.11703 0 0
0.11554 76 78
0.11554 72 72
0.11554 83 72
0.11554 84 68
0.11554 77 80
0.11554 72 73
0.11554 83 73
0.11554 84 69
0.11554 79 81
0.11554 72 76
0.11554 83 76
0.11554 84 73
0.11554 81 84
0.11554 72 76
0.11554 83 76
0.11554 84 75
0.11856 82 89
0.11856 0 0
0.11856 82 84
0.35567 0 0
0.05928 79 69
0.05928 81 66
0.05928 79 69
0.05928 81 67
0.23712 82 79
0.11856 81 76
0.11856 0 0
0.11856 79 76
0.11856 0 0
0.11856 77 75
0.11856 0 0
0.11457 76 79
0.11457 84 71
0.11457 79 72
0.11457 76 70
0.11457 72 76
0.11457 67 69
0.11580 64 71
0.11891 60 70
0.96525 0 0
0.69919 72 70
0.69919 69 70
0.69919 65 70
0.69919 60 70
0.11653 74 48
0.11653 72 48
0.11653 70 52
0.11653 0 0
0.11653 69 48
0.11653 0 0
0.11653 67 48
0.11653 0 0
0.11653 65 48
0.11653 0 0
0.23712 65 54
0.25184 74 50
0.01052 0 0
0.71263 74 72
0.71263 65 72
0.23306 72 53
0.23306 76 56
0.23306 77 53
0.22915 77 61
0.46613 67 53
0.23306 69 53
0.22915 77 61
0.46613 67 53
0.23306 69 53
0.47226 72 58
0.05877 70 52
0.05877 72 48
0.05877 70 52
0.05877 72 48
0.03918 70 52
0.03918 72 48
0.03918 70 48
0.05877 69 52
0.05877 70 49
0.11754 69 57
0.11754 0 0
0.23306 69 53
0.23306 70 56
0.23306 72 53
0.23712 73 65
0.46613 74 54
0.11506 72 54
0.11506 70 50
0.23306 69 54
0.23306 67 53
0.23306 69 54
0.23306 70 52
0.23815 74 63
0.46613 72 53
0.11554 70 54
0.11554 69 52
0.23306 67 56
0.23306 65 54
0.23306 67 54
0.23306 69 54
0.23815 72 63
0.46613 70 51
0.23306 67 51
0.23815 70 62
0.46415 69 52
0.23207 65 52
0.11703 64 61
0.11703 65 53
0.11703 67 53
0.11703 69 50
0.11604 71 59
0.11604 72 54
0.11604 71 54
0.11604 72 51
0.46414 60 56
0.47331 0 0
0.69919 69 71
0.69919 72 71
0.11653 74 51
0.11653 72 51
0.11653 70 57
0.11653 0 0
0.11653 69 50
0.11653 0 0
0.11653 67 50
0.11653 0 0
0.11653 65 50
0.11653 0 0
0.23712 65 54
0.23756 74 50
0.01033 0 0
0.71135 65 71
0.71135 74 71
0.23306 72 53
0.23306 76 66
0.45829 77 63
0.23306 67 53
0.23306 69 53
0.45829 77 69
0.23306 67 53
0.23306 69 53
0.11653 77 69
0.11653 0 0
0.47423 72 54
0.23712 71 53
0.23712 70 53
0.11856 69 48
0.11856 0 0
0.23207 69 54
0.23207 70 60
0.23207 72 64
0.05802 73 75
0.63820 74 70
0.11604 76 70
0.11506 78 67
0.11506 79 70
0.11506 81 67
0.11506 82 70
0.11506 81 67
0.11506 79 70
0.11506 81 67
0.11506 77 70
0.11506 79 67
0.11457 76 71
0.11457 77 66
0.11506 74 71
0.11506 76 67
0.11554 72 70
0.11554 74 65
0.11604 70 68
0.11604 72 61
0.11604 69 66
0.11604 70 64
0.11587 72 68
0.11554 74 64
0.11554 76 71
0.11522 77 68
0.11506 76 71
0.11908 77 68
0.11457 79 72
0.11457 77 70
0.11457 76 69
0.11805 74 67
0.11506 76 72
0.11506 74 70
0.11506 72 69
0.11506 70 67
0.47015 69 71
0.06006 67 58
0.06006 69 51
0.06006 67 58
0.06006 69 52
0.04004 67 58
0.04004 69 53
0.04004 67 53
0.06006 65 66
0.06006 67 62
0.48050 64 58
0.48050 65 75
1.44150 0 0
0.23712 82 96
0.11856 79 62
0.11856 0 0
0.11856 76 66
0.11856 0 0
0.11856 76 62
0.11856 0 0
0.23712 82 96
0.11856 79 59
0.11856 0 0
0.11856 76 63
0.11856 0 0
0.11856 76 60
0.11856 0 0
0.11653 77 62
0.11653 0 0
0.11653 79 63
0.11653 0 0
0.11653 81 64
0.11653 0 0
0.11653 82 66
0.12119 0 0
0.23507 83 93
0.23507 84 75
0.23507 83 93
0.23507 84 75
0.23712 82 95
0.11856 79 62
0.11856 0 0
0.11856 76 67
0.11856 0 0
0.11856 76 62
0.11856 0 0
0.23712 82 97
0.11856 79 59
0.11856 0 0
0.11856 76 65
0.11856 0 0
0.11856 76 60
0.11856 0 0
0.11653 77 62
0.11653 0 0
0.11653 79 63
0.11653 0 0
0.11653 81 64
0.11653 0 0
0.11653 82 66
0.12066 0 0
0.23609 83 93
0.23609 84 75
0.23609 83 93
0.26156 84 75
0.94436 86 78
0.94436 74 78
0.94436 64 64
0.94436 76 64
0.94436 82 71
0.94436 70 71
0.94436 81 66
0.94436 69 66
0.11604 81 75
0.11604 79 68
0.11604 82 72
0.11604 81 68
0.11604 84 72
0.11604 82 71
0.11604 81 71
0.11604 79 69
0.48477 77 72
0.50264 76 63
0.23920 0 0
0.23306 77 45
0.23306 76 49
0.23306 77 45
0.23712 0 0
0.23306 75 45
0.23306 74 50
0.23306 75 46
0.23712 0 0
0.24238 74 54
0.24238 86 67
0.12119 86 63
0.36358 0 0
0.23406 86 61
0.23406 74 51
0.11703 74 47
0.35415 0 0
0.23712 72 49
0.23712 84 62
0.11856 84 57
0.35567 0 0
0.23507 84 56
0.23507 72 48
0.11754 72 45
0.11754 0 0
0.23507 73 46
0.23507 74 50
0.23306 76 54
0.23306 77 49
0.47839 65 45
0.25484 69 42
0.25484 67 42
0.50968 64 42
0.12742 65 45
0.12742 0 0
0.11653 65 47
0.11653 69 45
0.11653 67 47
0.11653 70 45
0.11653 69 47
0.11653 72 45
0.12013 70 48
0.12013 0 0
0.11653 65 52
0.11653 69 48
0.11653 67 52
0.11653 70 48
0.11653 69 52
0.11653 72 48
0.11856 70 52
0.11856 0 0
0.11653 65 48
0.11653 69 50
0.11653 67 52
0.11653 70 53
0.11653 69 54
0.11653 72 57
0.11653 70 58
0.11653 74 60
0.11653 72 61
0.11653 75 63
0.11653 74 64
0.11653 77 65
0.11856 76 67
0.11856 79 69
0.11653 77 70
0.11653 79 72
0.11653 81 75
0.11653 79 75
0.11653 77 73
0.11653 75 72
0.11856 74 71
0.11856 73 70
0.11653 74 72
0.11653 72 69
0.11653 70 71
0.11653 69 68
0.11653 67 70
0.11653 65 67
0.11653 64 69
0.11653 62 65
0.11805 60 68
0.11805 65 65
0.11805 69 68
0.11805 72 65
0.12119 77 72
0.12119 0 0
0.11805 69 59
0.11805 65 59
0.11805 0 0
0.24238 72 64
0.24238 69 64
0.12119 67 60
0.12119 70 60
0.12119 0 0
0.12508 65 61
0.12508 69 61
0.12508 0 0
0.12508 67 58
0.12508 64 58
0.12508 0 0
0.12508 65 61
0.12508 0 0
0.11653 77 47
0.11653 81 45
0.11653 79 47
0.11653 82 45
0.11653 81 47
0.11653 84 45
0.12013 82 48
0.12013 0 0
0.11653 77 54
0.11653 81 50
0.11653 79 54
0.11653 82 51
0.11653 81 54
0.11653 84 50
0.11856 82 54
0.11856 0 0
0.11653 77 55
0.11653 81 56
0.11653 79 58
0.11653 82 59
0.11653 81 61
0.11653 84 63
0.11653 82 64
0.11653 77 67
0.11653 84 68
0.11653 77 69
0.11662 86 70
0.11720 77 72
0.11788 88 74
0.12084 77 75
0.11653 89 78
0.11653 88 78
0.11653 86 77
0.11653 84 75
0.11653 82 74
0.11653 81 73
0.11653 79 72
0.12283 77 71
0.11653 86 79
0.11653 84 75
0.11653 82 78
0.11653 81 77
0.11653 79 75
0.11653 77 71
0.11653 76 73
0.11653 74 70
0.23306 72 78
0.11805 84 75
0.11805 0 0
0.11805 84 78
0.11805 0 0
0.11805 84 77
0.11805 0 0
0.11653 84 75
0.11653 81 72
0.11653 77 70
0.11653 72 70
0.11653 77 75
0.11653 72 73
0.11653 69 70
0.11653 65 70
0.07727 67 51
0.07697 69 46
0.07261 67 51
0.07123 69 46
0.07105 67 51
0.07129 69 46
0.07115 67 51
0.07091 69 46
0.07137 67 51
0.07150 69 46
0.07209 67 51
0.07180 69 46
0.07244 67 51
0.07381 69 46
0.07422 67 51
0.07345 69 48
0.07512 67 51
0.07410 69 47
0.05710 67 51
0.05789 69 48
0.05745 67 51
0.05812 69 47
0.03879 67 51
0.03868 69 48
0.03903 67 48
0.05980 65 62
0.05980 67 58
0.23024 65 71
0.01001 0 0
0.24025 77 54
0.24025 0 0
0.23390 77 53
0.23686 76 51
0.23999 77 58
0.24320 79 60
0.24650 81 66
0.11653 82 70
0.11653 84 68
0.11653 86 72
0.11653 84 67
0.11653 82 70
0.11653 80 67
0.11653 79 68
0.11960 77 65
0.11653 76 67
0.11703 77 68
0.11754 79 69
0.11805 77 68
0.11856 76 67
0.11908 74 65
0.11960 72 64
0.12013 70 63
0.12066 69 62
0.12066 0 0
0.12066 69 49
0.36197 0 0
0.24131 65 53
0.24257 64 49
0.24631 65 49
0.25036 67 49
0.25435 69 49
0.12862 70 52
0.12862 0 0
0.06431 72 52
0.06431 70 49
0.06431 69 52
0.06431 70 49
0.25725 72 58
0.26940 74 59
0.01171 0 0
0.26998 74 50
0.26998 70 50
0.26998 69 46
0.26998 72 46
0.26219 0 0
0.27967 64 33
0.27967 58 33
1.25385 67 45
1.25385 58 45
0.49581 65 34
0.49581 57 34
0.44683 0 0
0.11653 79 57
0.11653 77 56
0.11653 75 54
0.11653 74 52
0.23609 72 60
0.22625 70 54
0.00984 0 0
0.70827 70 51
0.23306 74 57
0.23306 79 60
0.24131 74 55
0.47218 77 60
0.70827 75 56
0.11653 77 60
0.11653 79 56
0.11653 77 61
0.11653 75 54
0.11653 74 58
0.11653 72 53
0.47331 70 66
0.69239 69 57
0.00680 0 0
0.23306 69 62
0.23306 70 65
0.23804 72 61
0.01035 0 0
0.47630 72 61
0.47630 69 52
0.47630 74 58
0.47630 70 49
0.23815 0 0
0.11554 77 64
0.11554 76 63
0.11554 79 66
0.11554 77 63
0.11554 75 63
0.10592 74 61
0.00963 0 0
0.22852 74 68
0.46956 72 61
0.23306 70 61
0.23712 74 67
0.47423 72 62
0.23306 69 64
0.11604 70 68
0.11604 72 59
0.11604 70 62
0.11604 69 58
0.11604 70 66
0.11604 72 60
0.11604 74 63
0.11571 75 61
0.11554 76 69
0.11554 77 65
0.11538 76 69
0.12119 77 65
0.11457 79 69
0.11457 77 67
0.11457 75 66
0.11479 74 65
0.01044 0 0
0.23207 74 72
0.22240 72 54
0.00967 0 0
0.23207 72 56
0.23207 70 54
0.23207 74 65
0.22240 72 54
0.00967 0 0
0.23207 72 57
0.24237 69 53
0.23116 70 66
0.11558 72 57
0.11558 74 58
0.11558 75 59
0.11558 77 60
0.11558 79 61
0.11558 81 64
0.11604 82 66
0.11604 84 67
0.11587 86 68
0.11554 87 69
0.11554 89 76
0.11522 0 0
0.11506 89 75
0.11506 0 0
0.23507 89 76
0.47015 87 74
0.23507 86 73
0.23507 86 75
1.17536 77 76
0.11604 84 64
0.11604 75 64
0.11604 0 0
0.11628 82 72
0.11628 74 72
0.11728 0 0
0.13068 81 64
0.13068 72 64
0.13068 0 0
0.23815 74 76
0.23815 82 76
0.23921 0 0
0.24642 70 72
0.77386 0 0
0.11653 67 52
0.11653 65 49
0.11653 63 52
0.11653 62 50
0.23712 60 56
0.22724 58 53
0.00988 0 0
0.71135 58 53
0.24025 70 63
0.24025 69 58
0.25248 67 56
0.48050 65 64
0.59703 64 51
0.11653 67 52
0.11653 65 56
0.11653 69 52
0.11653 67 56
0.11653 70 53
0.11653 69 56
0.11653 72 53
0.11604 70 56
0.11604 67 58
0.11554 76 61
0.11554 72 62
0.11506 79 64
0.11506 76 67
0.11457 82 70
0.11457 81 69
0.11409 82 71
0.11425 81 67
0.11457 79 69
0.11490 77 65
0.11514 76 66
0.11554 74 65
0.11579 72 64
0.10637 70 63
0.00967 0 0
0.11960 70 69
0.12339 69 56
0.12013 74 64
0.11011 72 54
0.01001 0 0
0.48050 72 54
0.48050 0 0
0.11653 86 69
0.11653 84 66
0.11653 82 69
0.11653 81 66
0.70827 79 72
0.23609 76 63
0.05902 77 66
0.05902 0 0
0.13924 84 70
0.13924 83 70
0.13924 84 67
0.13924 86 73
0.13924 84 68
0.13924 82 71
0.14006 81 68
0.12013 79 81
0.12013 0 0
0.47423 79 75
0.23712 76 64
0.05928 77 63
0.05928 0 0
0.13924 84 70
0.13924 83 69
0.13924 84 68
0.13924 86 75
0.13924 84 69
0.12764 82 71
0.10637 81 67
0.00967 0 0
0.22939 81 73
0.23296 79 70
0.23296 0 0
0.22325 79 72
0.00971 0 0
0.23296 79 78
0.23296 77 72
0.23296 0 0
0.23109 77 72
0.11554 76 73
0.11554 77 66
0.11554 76 68
0.11554 72 65
0.11554 77 75
0.11554 79 68
0.11554 77 68
0.11554 72 65
0.11554 79 80
0.11554 81 68
0.11554 79 72
0.11554 72 67
0.11554 81 81
0.11554 82 74
0.11554 81 76
0.11554 72 69
0.11805 82 85
0.11805 0 0
0.11805 82 83
0.35414 0 0
0.11703 79 77
0.11703 0 0
0.23406 82 81
0.11703 81 71
0.11703 0 0
0.11703 79 76
0.11703 0 0
0.11703 77 73
0.11703 0 0
0.11554 76 78
0.11554 72 72
0.11554 83 72
0.11554 84 68
0.11554 77 80
0.11554 72 73
0.11554 83 73
0.11554 84 69
0.11554 79 81
0.11554 72 76
0.11554 83 76
0.11554 84 73
0.11554 81 84
0.11554 72 76
0.11554 83 76
0.11554 84 75
0.11856 82 89
0.11856 0 0
0.11856 82 84
0.35567 0 0
0.05928 79 69
0.05928 81 66
0.05928 79 69
0.05928 81 67
0.23712 82 79
0.11856 81 76
0.11856 0 0
0.11856 79 76
0.11856 0 0
0.12021 77 75
0.12021 0 0
0.11457 76 79
0.11457 84 71
0.11457 79 72
0.11457 76 70
0.11457 72 76
0.11457 67 69
0.11580 64 71
0.11891 60 70
0.96525 0 0
0.69919 72 70
0.69919 69 70
0.69919 65 70
0.69919 60 70
0.11653 74 48
0.11653 72 48
0.11653 70 52
0.11653 0 0
0.11653 69 48
0.11653 0 0
0.11653 67 48
0.11653 0 0
0.11653 65 48
0.11653 0 0
0.23712 65 54
0.25184 74 50
0.01052 0 0
0.71263 74 72
0.71263 65 72
0.23306 72 53
0.23306 76 56
0.23306 77 53
0.22915 77 61
0.46613 67 53
0.23306 69 53
0.22915 77 61
0.46613 67 53
0.23306 69 53
0.47226 72 58
0.05877 70 52
0.05877 72 48
0.05877 70 52
0.05877 72 48
0.03918 70 52
0.03918 72 48
0.03918 70 48
0.05877 69 52
0.05877 70 49
0.11754 69 57
0.11754 0 0
0.23306 69 53
0.23306 70 56
0.23306 72 53
0.23712 73 65
0.46613 74 54
0.11506 72 54
0.11506 70 50
0.23306 69 54
0.23306 67 53
0.23306 69 54
0.23306 70 52
0.23815 74 63
0.46613 72 53
0.11554 70 54
0.11554 69 52
0.23306 67 56
0.23306 65 54
0.23306 67 54
0.23306 69 54
0.23815 72 63
0.46613 70 51
0.23306 67 51
0.23815 70 62
0.46415 69 52
0.23207 65 52
0.11703 64 61
0.11703 65 53
0.11703 67 53
0.11703 69 50
0.11604 71 59
0.11604 72 54
0.11604 71 54
0.11604 72 51
0.46415 60 56
0.47331 0 0
0.69919 69 71
0.69919 72 71
0.11653 74 51
0.11653 72 51
0.11832 70 57
0.11832 0 0
0.11832 69 50
0.11832 0 0
0.11832 67 50
0.11832 0 0
0.11832 65 50
0.11832 0 0
0.23712 65 54
0.23756 74 50
0.01033 0 0
0.71135 65 71
0.71135 74 71
0.23306 72 53
0.23306 76 66
0.45829 77 63
0.23306 67 53
0.23306 69 53
0.45829 77 69
0.23306 67 53
0.23306 69 53
0.11653 77 69
0.11653 0 0
0.47423 72 54
0.23712 71 53
0.23712 70 53
0.11856 69 48
0.11856 0 0
0.23207 69 54
0.23207 70 60
0.23207 72 64
0.05565 73 75
0.62572 74 70
0.11470 76 70
0.11506 78 67
0.11506 79 70
0.11506 81 67
0.11506 82 70
0.11506 81 67
0.11506 79 70
0.11506 81 67
0.11506 77 70
0.11506 79 67
0.11457 76 71
0.11457 77 66
0.11506 74 71
0.11506 76 67
0.11554 72 70
0.11554 74 65
0.11604 70 68
0.11604 72 61
0.11604 69 66
0.11604 70 64
0.11587 72 68
0.11554 74 64
0.11554 76 71
0.11522 77 68
0.11506 76 71
0.11908 77 68
0.11457 79 72
0.11457 77 70
0.11457 76 69
0.11805 74 67
0.11506 76 72
0.11506 74 70
0.11506 72 69
0.11506 70 67
0.47015 69 71
0.06006 67 58
0.06006 69 51
0.06006 67 58
0.06006 69 52
0.04004 67 58
0.04004 69 53
0.04004 67 53
0.06006 65 66
0.06006 67 62
0.48050 64 58
0.48050 65 75
1.44150 0 0
0.23712 82 96
0.11856 79 62
0.11856 0 0
0.11856 76 66
0.11856 0 0
0.11856 76 62
0.11856 0 0
0.23712 82 96
0.11856 79 59
0.11856 0 0
0.11856 76 63
0.11856 0 0
0.11856 76 60
0.11856 0 0
0.11653 77 62
0.11653 0 0
0.11653 79 63
0.11653 0 0
0.11653 81 64
0.11653 0 0
0.11653 82 66
0.12119 0 0
0.23507 83 93
0.23507 84 75
0.23507 83 93
0.23507 84 75
0.22765 82 95
0.11383 79 62
0.11832 0 0
0.11832 76 67
0.11832 0 0
0.11832 76 62
0.11832 0 0
0.23214 82 97
0.11739 79 59
0.11739 0 0
0.11739 76 65
0.11739 0 0
0.11739 76 60
0.11739 0 0
0.11653 77 62
0.11653 0 0
0.11653 79 63
0.11653 0 0
0.11653 81 64
0.11653 0 0
0.11653 82 66
0.12066 0 0
0.23609 83 93
0.23609 84 75
0.23609 83 93
0.26399 84 75
0.94436 86 78
0.94436 74 78
0.94436 64 64
0.94436 76 64
0.94436 82 71
0.94436 70 71
0.94436 81 66
0.94436 69 66
0.11604 81 75
0.11604 79 68
0.11604 82 72
0.11604 81 68
0.11604 84 72
0.11604 82 71
0.11604 81 71
0.11604 79 69
0.48477 77 72
0.50264 76 63
0.23920 0 0
0.23306 77 45
0.23306 76 49
0.23306 77 45
0.23712 0 0
0.23306 75 45
0.23306 74 50
0.23306 75 46
0.23712 0 0
0.24239 74 54
0.24238 86 67
0.12119 86 63
0.36358 0 0
0.23406 86 61
0.23406 74 51
0.11703 74 47
0.35415 0 0
0.23712 72 49
0.23712 84 62
0.11856 84 57
0.35567 0 0
0.23507 84 56
0.23507 72 48
0.11754 72 45
0.11754 0 0
0.23507 73 46
0.23507 74 50
0.23306 76 54
0.23306 77 49
0.47839 65 45
0.25484 69 42
0.25484 67 42
0.50968 64 42
0.12742 65 45
0.12742 0 0
0.11653 65 47
0.11653 69 45
0.11653 67 47
0.11653 70 45
0.11653 69 47
0.11653 72 45
0.12013 70 48
0.12013 0 0
0.11653 65 52
0.11653 69 48
0.11653 67 52
0.11653 70 48
0.11653 69 52
0.11653 72 48
0.11856 70 52
0.11856 0 0
0.11653 65 48
0.11653 69 50
0.11653 67 52
0.11653 70 53
0.11653 69 54
0.11653 72 57
0.11653 70 58
0.11653 74 60
0.11653 72 61
0.11653 75 63
0.11653 74 64
0.11653 77 65
0.11856 76 67
0.11856 79 69
0.11653 77 70
0.11653 79 72
0.11653 81 75
0.11653 79 75
0.11653 77 73
0.11653 75 72
0.11856 74 71
0.11856 73 70
0.11653 74 72
0.11653 72 69
0.11653 70 71
0.11653 69 68
0.11653 67 70
0.11653 65 67
0.11653 64 69
0.11653 62 65
0.11470 60 68
0.11470 65 65
0.11383 69 68
0.11383 72 65
0.12217 77 72
0.12217 0 0
0.11805 69 59
0.11805 65 59
0.11805 0 0
0.24239 72 64
0.24239 69 64
0.12119 67 60
0.12119 70 60
0.12119 0 0
0.12508 65 61
0.12508 69 61
0.12508 0 0
0.12508 67 58
0.12508 64 58
0.12508 0 0
0.12508 65 61
0.12508 0 0
0.11653 77 47
0.11653 81 45
0.11653 79 47
0.11653 82 45
0.11653 81 47
0.11653 84 45
0.12013 82 48
0.12013 0 0
0.11653 77 54
0.11653 81 50
0.11653 79 54
0.11653 82 51
0.11653 81 54
0.11653 84 50
0.11856 82 54
0.11856 0 0
0.11653 77 55
0.11653 81 56
0.11653 79 58
0.11653 82 59
0.11653 81 61
0.11653 84 63
0.11653 82 64
0.11653 77 67
0.11653 84 68
0.11653 77 69
0.11662 86 70
0.11720 77 72
0.11788 88 74
0.12084 77 75
0.11653 89 78
0.11653 88 78
0.11653 86 77
0.11653 84 75
0.11653 82 74
0.11653 81 73
0.11653 79 72
0.12283 77 71
0.11653 86 79
0.11653 84 75
0.11653 82 78
0.11653 81 77
0.11653 79 75
0.11653 77 71
0.11653 76 73
0.11653 74 70
0.23306 72 78
0.11805 84 75
0.11805 0 0
0.11805 84 78
0.11805 0 0
0.11805 84 77
0.11805 0 0
0.11653 84 75
0.11653 81 72
0.11653 77 70
0.11653 72 70
0.11653 77 75
0.11653 72 73
0.11653 69 70
0.11703 65 70
0.08123 67 51
0.07823 69 46
0.07334 67 51
0.07123 69 46
0.07105 67 51
0.07129 69 46
0.07115 67 51
0.07091 69 46
0.07137 67 51
0.07150 69 46
0.07209 67 51
0.07180 69 46
0.07244 67 51
0.07381 69 46
0.07422 67 51
0.07345 69 48
0.07512 67 51
0.07410 69 47
0.05710 67 51
0.05789 69 48
0.05745 67 51
0.05812 69 47
0.03879 67 51
0.03868 69 48
0.03903 67 48
0.05980 65 62
0.05980 67 58
0.23024 65 71
0.01001 0 0
0.24025 77 54
0.24025 0 0
0.23390 77 53
0.23686 76 51
0.23999 77 58
0.24320 79 60
0.24650 81 66
0.11653 82 70
0.11653 84 68
0.11653 86 72
0.11653 84 67
0.11653 82 70
0.11653 80 67
0.11653 79 68
0.11960 77 65
0.11653 76 67
0.11703 77 68
0.11754 79 69
0.11805 77 68
0.11856 76 67
0.11908 74 65
0.11960 72 64
0.12013 70 63
0.12066 69 62
0.12066 0 0
0.12066 69 49
0.36197 0 0
0.24131 65 53
0.24257 64 49
0.24631 65 49
0.25036 67 49
0.25435 69 49
0.12862 70 52
0.12862 0 0
0.06431 72 52
0.06431 70 49
0.06431 69 52
0.06431 70 49
0.25725 72 58
0.26940 74 59
0.01171 0 0
0.26998 74 50
0.26998 70 50
0.26998 69 46
0.26998 72 46
0.26219 0 0
0.27967 64 33
0.27967 58 33
1.25385 67 45
1.25385 58 45
0.49581 65 34
0.49581 57 34
0.44683 0 0
0.11653 74 57
0.11653 72 56
0.11653 70 54
0.11653 69 52
0.23609 67 60
0.22625 65 47
0.00984 0 0
0.70827 65 47
0.23306 77 52
0.23306 79 57
0.17480 0 0
0.05827 76 55
0.23306 81 61
0.35414 82 69
0.11805 79 64
0.47218 76 56
0.47218 0 0
0.11653 72 48
0.11653 70 48
0.11653 69 48
0.11653 67 46
0.23712 65 53
0.22724 64 47
0.00988 0 0
0.71135 64 47
0.23406 79 53
0.23406 81 58
0.17555 0 0
0.05852 78 52
0.23406 82 63
0.35567 84 68
0.11856 81 65
0.47423 78 57
0.23712 0 0
0.23306 81 60
0.23306 82 64
0.18260 0 0
0.06087 79 66
0.24347 84 69
0.35567 86 84
0.11856 82 77
0.23712 79 72
0.18425 0 0
0.06141 76 71
0.35567 82 85
0.11856 79 76
0.23712 76 72
0.18260 0 0
0.06087 71 68
0.35567 77 79
0.11856 74 73
0.47423 71 69
0.24566 0 0
0.22724 71 68
0.00988 0 0
0.22724 71 69
0.00988 0 0
0.22724 71 67
0.00988 0 0
0.11653 72 76
0.11653 81 69
0.11653 77 72
0.11653 72 70
0.11653 69 76
0.11653 77 70
0.11653 72 72
0.10973 69 67
0.00680 0 0
0.24902 72 72
0.24902 69 61
0.24902 70 63
0.24902 67 53
0.12742 69 61
0.12742 65 51
0.12742 0 0
0.12742 67 58
0.12742 64 49
0.12742 0 0
0.47423 65 54
0.59279 0 0
0.11856 65 54
0.11856 67 58
0.11856 68 61
0.11856 70 63
0.11856 72 65
0.11856 74 68
0.11856 76 71
0.11856 77 75
0.12624 72 71
0.11856 80 75
0.11856 79 72
0.11856 77 75
0.12228 72 71
0.11856 80 72
0.11856 79 70
0.14227 77 72
0.14227 79 67
0.14227 75 71
0.14227 77 64
0.14227 74 70
0.14227 75 63
0.14227 72 68
0.14335 74 64
0.24789 71 67
0.47015 89 90
0.47015 87 89
0.47015 86 88
0.47015 84 87
0.47015 83 84
0.47015 80 78
0.47015 79 83
0.23024 77 78
0.01001 0 0
0.24025 77 80
0.24025 76 77
0.48050 75 67
0.12012 0 0
0.14044 75 65
0.14044 74 68
0.14044 75 66
0.14044 77 68
0.14044 75 66
0.14044 74 68
0.14085 75 65
0.35723 78 77
0.10682 75 69
0.00971 0 0
0.05827 75 65
0.05827 77 62
0.05827 75 65
0.05827 77 63
0.03884 75 66
0.03884 77 64
0.03884 75 64
0.05827 74 71
0.05827 75 69
0.35723 82 78
0.10682 75 68
0.00971 0 0
0.05827 75 64
0.05827 77 62
0.05827 75 64
0.05827 77 62
0.03884 75 64
0.03884 77 63
0.03884 75 63
0.05827 74 71
0.05827 75 68
0.11805 81 81
0.11805 0 0
0.11805 84 85
0.11805 0 0
0.58871 87 89
0.13984 89 71
0.13984 86 77
0.13984 87 71
0.13984 84 77
0.13984 86 71
0.13984 82 77
0.13984 84 71
0.13984 81 72
0.13984 82 73
0.13984 84 77
0.13974 82 72
0.13952 81 71
0.14054 82 72
0.14159 84 73
0.14274 86 70
0.14352 87 75
0.14307 86 70
0.14262 84 72
0.14217 82 72
0.14165 81 71
0.14121 79 70
0.14077 77 69
0.10630 75 68
0.01073 0 0
0.06087 75 68
0.06087 77 64
0.04058 75 65
0.04058 77 63
0.04058 75 63
0.23920 74 68
0.71759 74 68
0.23920 74 72
0.23920 86 81
0.47839 84 77
0.47839 82 78
0.35573 81 77
0.13984 79 70
0.13984 82 73
0.13984 81 70
0.13984 84 73
0.13984 82 69
0.13984 81 73
0.13984 79 67
0.05827 78 71
0.05827 0 0
0.11960 74 58
0.11960 86 57
0.11960 85 57
0.11960 86 56
0.11960 85 56
0.11960 86 57
0.11960 85 58
0.11653 86 59
0.11653 87 59
0.11653 84 60
0.11653 86 58
0.11653 82 62
0.11653 84 60
0.11653 81 63
0.11653 82 61
0.13984 79 64
0.13994 81 63
0.14044 77 66
0.14054 79 63
0.14104 75 67
0.14115 77 62
0.14165 74 69
0.14176 75 64
0.11856 73 70
0.11856 0 0
0.24239 82 69
0.24239 81 70
0.24238 79 68
0.06060 78 71
0.06060 0 0
0.12012 73 52
0.12013 74 57
0.12012 73 52
0.12013 74 57
0.12012 73 53
0.12013 74 57
0.12012 73 53
0.11653 74 54
0.11653 75 51
0.11653 72 53
0.11653 74 49
0.11653 70 52
0.11653 72 49
0.11653 69 50
0.11653 70 46
0.13934 67 48
0.13986 69 46
0.14062 65 46
0.14132 67 45
0.14193 63 45
0.14263 65 44
0.14336 62 43
0.14417 63 42
0.12066 61 41
0.12066 0 0
0.24131 67 41
0.24131 70 45
0.24131 61 42
0.11856 62 39
0.11856 0 0
0.12339 74 46
0.37016 0 0
0.23712 74 49
0.23712 0 0
0.23815 74 46
0.23815 0 0
0.23815 74 48
0.23815 0 0
0.23609 74 43
0.23712 73 46
0.23815 74 49
0.23920 73 53
0.24025 74 56
0.24131 73 60
0.24248 74 63
0.48693 77 66
0.48693 75 64
0.12173 0 0
0.12066 75 53
0.12039 74 56
0.12004 75 53
0.11960 77 56
0.11925 75 54
0.11908 74 56
0.12802 75 53
0.48477 82 70
0.48477 81 66
0.12119 0 0
0.11908 81 61
0.11908 79 63
0.11908 81 61
0.11908 82 63
0.11908 81 61
0.11908 79 63
0.12862 81 61
0.48477 89 77
0.48477 87 75
0.12119 0 0
0.12283 87 66
0.12283 86 68
0.12283 87 65
0.11908 89 68
0.11908 87 65
0.11908 85 68
0.11908 84 65
0.48477 82 77
0.48477 81 69
0.12119 0 0
0.14289 87 67
0.14289 86 69
0.14289 87 66
0.14289 89 70
0.14289 87 67
0.14289 85 68
0.11908 84 67
0.14364 82 66
0.14654 81 65
0.14227 87 69
0.14227 86 66
0.14227 89 71
0.14227 87 68
0.14227 85 69
0.14227 84 67
0.14301 82 66
0.14599 81 65
0.14227 87 70
0.14227 86 67
0.14227 89 71
0.14227 87 68
0.14227 85 70
0.11856 84 69
0.14290 82 68
0.14545 81 67
0.14227 84 68
0.14258 83 64
0.14415 86 68
0.14415 84 67
0.14415 82 65
0.14415 81 63
0.14503 79 63
0.14886 77 61
0.14608 79 59
0.14608 78 58
0.14608 81 59
0.14565 79 57
0.14352 77 56
0.11960 75 54
0.24456 74 52
0.25017 72 52
0.12508 74 54
0.12508 0 0
0.12508 75 56
0.12508 0 0
0.13634 76 58
0.13634 0 0
0.15065 77 61
0.15065 0 0
0.11653 79 57
0.11653 77 56
0.11653 75 54
0.11653 74 52
0.23609 72 60
0.22625 70 54
0.00984 0 0
0.70827 70 51
0.23306 74 57
0.23306 79 60
0.24131 74 55
0.47218 77 60
0.70827 75 56
0.11653 77 60
0.11653 79 56
0.11653 77 61
0.11653 75 54
0.11653 74 58
0.11653 72 53
0.47331 70 66
0.69239 69 57
0.00680 0 0
0.23306 69 62
0.23306 70 65
0.23542 72 61
0.01024 0 0
0.47630 72 61
0.47630 69 52
0.47630 74 58
0.47630 70 49
0.23815 0 0
0.11554 77 64
0.11554 76 63
0.11554 79 66
0.11554 77 63
0.11554 75 63
0.10592 74 61
0.00963 0 0
0.23712 74 68
0.47423 72 61
0.23306 70 61
0.23712 74 67
0.47423 72 62
0.23306 69 64
0.11604 70 68
0.11604 72 59
0.11604 70 62
0.11604 69 58
0.11604 70 66
0.11604 72 60
0.11604 74 63
0.11571 75 61
0.11554 76 69
0.11554 77 65
0.11538 76 69
0.12119 77 65
0.11457 79 69
0.11457 77 67
0.11457 75 66
0.11159 74 65
0.01014 0 0
0.23207 74 72
0.22240 72 54
0.00967 0 0
0.23207 72 56
0.23207 70 54
0.23207 74 65
0.22240 72 54
0.00967 0 0
0.23207 72 57
0.23207 69 53
0.23207 70 66
0.11604 72 57
0.11604 74 58
0.11604 75 59
0.11604 77 60
0.11604 79 61
0.11604 81 64
0.11604 82 66
0.11604 84 67
0.11587 86 68
0.11554 87 69
0.11554 89 76
0.11522 0 0
0.11506 89 75
0.11506 0 0
0.23507 89 76
0.47015 87 74
0.23507 86 73
0.23507 86 75
1.17536 77 76
0.11604 84 64
0.11604 75 64
0.11604 0 0
0.11628 82 72
0.11628 74 72
0.11728 0 0
0.12683 81 64
0.12683 72 64
0.12683 0 0
0.23815 74 76
0.23815 82 76
0.23921 0 0
0.24642 70 72
0.77386 0 0
0.12985 67 52
0.12985 65 48
0.12985 63 52
0.12985 62 48
0.23712 60 56
0.23712 58 53
0.71135 58 53
0.12012 70 54
0.12013 0 0
0.24025 70 54
0.24025 72 51
0.24347 70 61
0.24347 69 53
0.72026 68 51
0.01014 0 0
0.22625 68 58
0.00984 0 0
0.22625 68 65
0.00984 0 0
0.23609 68 72
0.11653 80 78
0.11653 82 71
0.11653 79 78
0.11653 80 70
0.11653 77 79
0.11653 79 69
0.11653 75 77
0.11653 77 70
0.11653 74 79
0.11653 75 70
0.11653 72 75
0.11653 74 69
0.11653 70 76
0.11653 72 70
0.11653 68 72
0.12339 70 67
0.24347 68 72
0.23332 67 67
0.01014 0 0
0.73040 67 59
0.12173 79 54
0.12173 0 0
0.23507 79 60
0.22528 77 54
0.00979 0 0
0.24239 77 63
0.23229 76 54
0.01010 0 0
0.73494 76 54
0.12119 85 59
0.12119 0 0
0.24239 85 61
0.24238 76 56
0.24239 79 61
0.23229 77 54
0.01010 0 0
0.72715 77 54
0.23712 78 52
0.23712 79 54
0.24598 75 52
0.24456 73 57
0.23437 74 52
0.01019 0 0
0.48912 74 52
0.24456 0 0
0.23609 77 54
0.11805 79 61
0.11805 77 57
0.11805 75 61
0.11805 74 56
0.70827 72 61
0.23609 69 52
0.05902 70 52
0.05902 0 0
0.13984 77 56
0.13984 76 56
0.13984 77 52
0.13984 79 63
0.13984 77 54
0.13984 75 59
0.14066 74 53
0.12066 72 63
0.12066 0 0
0.47423 72 63
0.23712 69 54
0.05928 70 54
0.05928 0 0
0.13984 77 51
0.13984 76 56
0.13984 77 53
0.13984 79 62
0.13984 77 53
0.13984 75 57
0.10682 74 54
0.00971 0 0
0.23712 74 63
0.23712 72 60
0.23712 0 0
0.23306 72 59
0.23712 72 63
0.23712 70 59
0.23712 0 0
0.23109 70 52
0.11554 69 64
0.11554 70 58
0.11554 69 62
0.11554 65 58
0.11554 70 69
0.11554 72 62
0.11554 70 67
0.11554 65 59
0.11554 72 70
0.11554 74 64
0.11554 72 69
0.11554 65 63
0.11554 74 77
0.11554 75 67
0.11554 74 72
0.11554 65 67
0.11805 75 78
0.11805 0 0
0.11805 75 78
0.35414 0 0
0.11703 72 73
0.11703 0 0
0.23406 75 79
0.11703 74 72
0.11703 0 0
0.11703 72 74
0.11703 0 0
0.11703 70 71
0.11703 0 0
0.11554 69 67
0.11554 65 59
0.11554 76 61
0.11554 77 59
0.11554 70 70
0.11554 65 59
0.11554 76 66
0.11554 77 61
0.11554 72 74
0.11554 65 64
0.11554 76 69
0.11554 77 62
0.11554 74 79
0.11554 65 69
0.11554 76 73
0.11554 77 69
0.11856 75 79
0.11856 0 0
0.11856 75 79
0.35567 0 0
0.05928 72 57
0.05928 74 52
0.00296 0 0
0.05928 72 57
0.05928 74 52
0.23712 75 72
0.11856 74 71
0.11856 0 0
0.11856 72 71
0.11856 0 0
0.11856 70 68
0.11856 0 0
0.11604 69 78
0.11604 77 69
0.11604 72 73
0.11604 69 70
0.11604 65 77
0.11771 60 69
0.11943 57 70
0.12129 53 67
0.97823 0 0
0.69919 65 72
0.69919 53 72
0.69919 58 72
0.69919 62 72
0.11653 67 48
0.11653 65 45
0.11653 63 52
0.11653 0 0
0.11653 62 48
0.11653 0 0
0.11653 60 52
0.11653 0 0
0.11653 58 48
0.11653 0 0
0.23712 58 54
0.24196 67 49
0.01052 0 0
0.71263 67 72
0.71263 58 72
0.23306 65 53
0.23306 69 53
0.22335 70 52
0.00971 0 0
0.22915 70 61
0.46613 60 53
0.23306 62 53
0.22915 70 61
0.46613 60 51
0.23306 62 53
0.47226 65 58
0.05877 63 52
0.05877 65 47
0.05877 63 52
0.05877 65 49
0.03918 63 52
0.03918 65 49
0.03918 63 49
0.05877 62 52
0.05877 63 48
0.11754 62 57
0.11754 0 0
0.23306 62 51
0.23306 63 53
0.23306 65 51
0.23712 66 65
0.46613 67 54
0.11506 65 53
0.11506 63 50
0.23306 62 54
0.23306 60 51
0.23306 62 52
0.23306 63 51
0.23815 67 63
0.46613 65 53
0.11554 63 54
0.11554 62 49
0.23306 60 56
0.23306 58 52
0.23306 60 54
0.23306 62 50
0.23815 65 63
0.46613 63 51
0.23306 60 51
0.23815 63 62
0.46414 62 52
0.23207 58 52
0.14044 57 48
0.14044 58 49
0.14044 59 50
0.14024 60 51
0.13924 61 52
0.13924 62 53
0.13924 63 54
0.13924 64 54
0.46415 65 56
0.47331 0 0
0.69919 77 73
0.69919 65 73
0.69919 70 73
0.69919 74 73
0.11653 79 51
0.11653 77 49
0.11653 75 57
0.11653 0 0
0.11653 74 50
0.11653 0 0
0.11653 72 50
0.11653 0 0
0.11653 70 47
0.11653 0 0
0.23712 70 53
0.23756 79 50
0.01033 0 0
0.71135 79 71
0.71135 70 64
0.23306 77 53
0.23306 81 66
0.45830 82 63
0.23306 72 53
0.23306 74 53
0.45830 82 68
0.23306 72 53
0.23306 74 53
0.11653 82 67
0.11653 0 0
0.47423 77 54
0.23712 76 53
0.23712 75 53
0.11856 74 48
0.11856 0 0
0.23207 74 54
0.23207 75 60
0.23207 77 64
0.69622 79 70
0.11604 81 70
0.11506 83 67
0.11506 84 70
0.11506 86 67
0.11506 87 70
0.11506 86 66
0.11506 84 70
0.11506 86 67
0.11506 82 70
0.11506 84 67
0.11457 81 69
0.11457 82 66
0.11506 79 69
0.11506 81 64
0.11554 77 71
0.11554 79 67
0.11604 75 71
0.11604 77 67
0.11604 74 68
0.11604 75 64
0.11587 77 68
0.11554 79 65
0.11554 81 70
0.11522 82 66
0.11506 81 69
0.11908 82 65
0.11457 84 72
0.11457 82 70
0.11457 81 69
0.11805 79 67
0.11506 81 72
0.11506 79 70
0.11506 77 69
0.11506 75 67
0.47015 74 71
0.06006 72 58
0.06006 74 54
0.06006 72 58
0.06006 74 53
0.04004 72 58
0.04004 74 54
0.04004 72 54
0.06006 70 66
0.06006 72 62
0.48050 69 58
0.48050 70 75
1.44150 0 0
0.23712 75 85
0.11856 72 56
0.11856 0 0
0.11856 69 62
0.11856 0 0
0.11856 69 56
0.11856 0 0
0.23712 75 85
0.11856 72 54
0.11856 0 0
0.11856 69 60
0.11856 0 0
0.11856 69 54
0.11856 0 0
0.11653 70 62
0.11653 0 0
0.11653 72 63
0.11653 0 0
0.11653 74 64
0.11653 0 0
0.11653 75 66
0.12119 0 0
0.23507 76 88
0.23507 77 75
0.23507 76 87
0.23507 77 75
0.23712 75 82
0.23712 87 97
0.11856 72 48
0.11856 84 57
0.11856 0 0
0.11856 69 52
0.11856 81 62
0.11856 0 0
0.11856 69 47
0.11856 81 56
0.11856 0 0
0.23712 75 82
0.23712 87 97
0.11856 72 45
0.11856 84 54
0.11856 0 0
0.11856 69 51
0.11856 81 60
0.11856 0 0
0.11856 69 45
0.11856 81 54
0.11856 0 0
0.11653 70 52
0.11653 82 62
0.11653 0 0
0.11653 72 53
0.11653 84 63
0.11653 0 0
0.11653 74 54
0.11653 86 64
0.11653 0 0
0.11653 75 56
0.11653 87 66
0.12066 0 0
0.23609 76 76
0.23609 88 90
0.23609 77 63
0.23609 89 75
0.23609 76 77
0.23609 88 91
0.26156 77 63
0.26156 89 75
0.94436 79 66
0.94436 67 56
0.94436 69 54
0.94436 57 45
0.94436 87 77
0.94436 75 65
0.94436 86 68
0.94436 74 57
0.13924 86 75
0.13924 84 68
0.13924 87 72
0.13924 86 67
0.13924 89 75
0.13924 87 71
0.13924 86 72
0.14027 84 68
0.48477 82 75
0.50264 81 63
0.23920 0 0
0.23306 82 47
0.23306 81 50
0.23306 82 47
0.23712 0 0
0.23306 80 46
0.23306 79 51
0.23306 80 46
0.23815 0 0
0.23306 79 44
0.23306 78 48
0.23306 79 45
0.23712 0 0
0.24025 79 44
0.24025 91 51
0.12012 91 48
0.35724 0 0
0.23306 91 50
0.23306 77 44
0.11653 77 44
0.35573 0 0
0.23609 77 46
0.23609 86 51
0.11805 86 48
0.35724 0 0
0.23406 86 49
0.23406 75 45
0.11703 75 45
0.35518 0 0
0.23207 75 44
0.23207 84 50
0.11604 84 47
0.35419 0 0
0.23306 84 48
0.23306 74 44
0.11653 74 44
0.35468 0 0
0.24239 74 44
0.24239 82 49
0.12119 82 46
0.12119 0 0
0.24456 82 54
0.12228 72 44
0.61140 0 0
0.24131 82 63
0.12066 74 52
0.60328 0 0
0.23920 82 69
0.11960 75 54
0.59799 0 0
0.23815 82 81
0.11908 76 67
0.59538 0 0
0.23712 82 89
0.11856 77 83
0.11856 0 0
0.23507 82 89
0.11754 78 83
0.11754 0 0
0.23109 82 89
0.23109 79 85
0.22724 87 89
0.22724 81 85
0.04545 86 82
0.04545 87 81
0.04545 86 85
0.04545 87 78
0.04545 86 78
0.23480 89 94
0.04545 82 81
0.04545 84 76
0.04545 82 81
0.04545 84 75
0.04545 82 75
0.23287 86 92
0.04545 79 75
0.04545 81 69
0.04545 79 75
0.04545 81 71
0.00379 0 0
0.04166 79 71
0.23383 82 88
0.04545 72 71
0.04545 74 66
0.04545 72 71
0.04545 74 67
0.04545 72 67
0.22724 75 79
0.06006 65 74
0.06006 0 0
0.13984 77 76
0.13984 79 78
0.13984 77 76
0.13984 75 76
0.13984 74 71
0.13984 72 72
0.14035 70 70
0.05954 72 54
0.05954 74 50
0.05954 72 54
0.05954 74 49
0.05954 72 54
0.05954 74 49
0.05954 72 54
0.05954 74 49
0.05954 72 54
0.05954 74 49
0.05954 72 54
0.05954 74 51
0.03969 72 54
0.03969 74 50
0.03969 72 50
0.05954 70 66
0.05954 72 62
0.11908 70 70
0.11908 0 0
0.11653 58 47
0.11653 62 45
0.11653 60 47
0.11653 63 45
0.11653 62 47
0.11653 65 45
0.12012 63 48
0.12013 0 0
0.11653 58 52
0.11653 62 48
0.11653 60 52
0.11653 63 48
0.11653 62 52
0.11653 65 48
0.11856 63 52
0.11856 0 0
0.11653 58 52
0.11653 62 55
0.11653 60 57
0.11653 63 58
0.11653 62 59
0.11653 65 62
0.11653 63 63
0.11653 67 66
0.11653 65 67
0.11653 68 69
0.11653 67 70
0.11653 70 71
0.11856 69 73
0.11856 72 75
0.11653 70 77
0.11653 72 79
0.11653 74 82
0.11653 72 82
0.11653 70 80
0.11653 68 79
0.11856 67 78
0.11856 66 77
0.11653 67 78
0.11653 72 79
0.11653 75 80
0.11653 74 79
0.11653 72 79
0.11653 70 78
0.11653 69 75
0.11653 67 74
0.11805 65 75
0.11805 70 79
0.11805 74 82
0.11805 77 88
0.12119 82 94
0.12119 0 0
0.11805 74 64
0.11805 70 64
0.11805 0 0
0.24239 77 70
0.24239 74 70
0.12119 75 66
0.12119 72 66
0.12119 0 0
0.12508 74 67
0.12508 70 67
0.12508 0 0
0.12508 72 67
0.12508 69 67
0.12508 0 0
0.12508 70 67
0.12508 0 0
0.11653 70 47
0.11653 74 45
0.11653 72 47
0.11653 75 45
0.11653 74 47
0.11653 77 45
0.12012 75 48
0.12013 0 0
0.11653 82 62
0.11653 86 58
0.11653 84 62
0.11653 87 59
0.11653 86 62
0.11653 89 58
0.11856 87 68
0.11856 0 0
0.11653 70 55
0.11653 74 56
0.11653 72 58
0.11653 75 59
0.11653 74 61
0.11653 77 63
0.11653 75 64
0.11653 70 67
0.11653 77 68
0.11653 70 69
0.11662 79 70
0.11720 70 72
0.11788 81 74
0.12084 70 75
0.11653 82 78
0.11653 84 78
0.11653 86 77
0.11653 84 75
0.11653 82 74
0.11653 80 73
0.11653 79 72
0.12283 78 71
0.11653 79 79
0.11653 77 79
0.11653 75 78
0.11653 74 77
0.11653 72 75
0.11653 70 74
0.11653 69 73
0.11653 67 73
0.23306 65 82
0.11805 89 82
0.11805 0 0
0.11805 89 82
0.11805 0 0
0.11805 89 82
0.11805 0 0
0.11653 89 81
0.11653 86 76
0.11653 82 71
0.11645 77 69
0.11554 82 81
0.11554 77 75
0.11554 74 71
0.11579 70 69
0.07469 72 51
0.07368 74 46
0.07333 72 51
0.07252 74 46
0.07205 72 51
0.07266 74 46
0.07166 72 51
0.07171 74 46
0.07148 72 51
0.07251 74 46
0.07250 72 51
0.07483 74 46
0.07603 72 51
0.07704 74 46
0.07769 72 51
0.07802 74 48
0.07819 72 51
0.07836 74 47
0.05902 72 51
0.05902 74 48
0.05928 72 51
0.05928 74 47
0.03969 72 51
0.03969 74 48
0.03969 72 48
0.05980 70 62
0.05980 72 58
0.23625 70 69
0.00400 0 0
0.24025 82 54
0.24025 0 0
0.23390 82 58
0.23686 81 56
0.23999 82 61
0.24320 84 68
0.24650 86 72
0.11653 87 79
0.11653 86 73
0.11653 87 76
0.11653 86 70
0.11653 87 75
0.11653 85 67
0.11653 84 69
0.11960 82 65
0.11653 81 67
0.11703 82 70
0.11754 84 72
0.11805 82 67
0.11856 81 69
0.11908 79 66
0.11960 77 66
0.12012 75 65
0.12066 74 63
0.12066 0 0
0.12066 74 49
0.36197 0 0
0.24131 70 53
0.24257 69 49
0.24631 70 49
0.25036 72 49
0.25435 74 49
0.12862 75 52
0.12862 0 0
0.06431 77 52
0.06431 75 49
0.06431 74 52
0.06431 75 48
0.25725 77 54
0.26940 79 61
0.01171 0 0
0.26998 79 49
0.26998 75 49
0.26998 77 42
0.26998 74 42
0.26219 0 0
0.27967 69 30
0.27967 63 30
1.25385 72 45
1.25385 63 45
0.49581 70 32
0.49581 62 32
0.44683 0 0
0.11653 74 57
0.11653 72 56
0.11653 70 54
0.11653 69 52
0.23609 67 60
0.22625 65 47
0.00984 0 0
0.70827 65 47
0.23306 77 52
0.23306 79 57
0.17480 0 0
0.05827 76 55
0.23306 81 61
0.35414 82 69
0.11805 79 64
0.47218 76 56
0.47218 0 0
0.11653 72 48
0.11653 70 48
0.11653 69 48
0.11653 67 46
0.23712 65 53
0.22724 64 47
0.00988 0 0
0.71135 64 47
0.23406 79 53
0.23406 81 58
0.17555 0 0
0.05852 78 52
0.23406 82 63
0.35567 84 68
0.11856 81 65
0.47423 78 57
0.23712 0 0
0.23306 81 60
0.23306 82 64
0.18260 0 0
0.06087 79 66
0.24347 84 69
0.35567 86 84
0.11856 82 77
0.22765 79 72
0.18424 0 0
0.06142 76 71
0.35567 82 85
0.11856 79 76
0.22594 76 72
0.18260 0 0
0.06087 71 68
0.35567 77 79
0.11856 74 73
0.47423 71 69
0.24566 0 0
0.22724 71 68
0.00988 0 0
0.22724 71 69
0.00988 0 0
0.22724 71 67
0.00988 0 0
0.11653 72 76
0.11653 81 69
0.11653 77 72
0.11653 72 70
0.11653 69 76
0.11653 77 70
0.11653 72 72
0.10973 69 67
0.00680 0 0
0.24434 72 72
0.24434 69 61
0.24434 70 63
0.24434 67 53
0.12845 69 61
0.12845 65 51
0.12845 0 0
0.12845 67 58
0.12845 64 49
0.12845 0 0
0.47423 65 54
0.59279 0 0
0.11856 65 54
0.11856 67 58
0.11856 68 61
0.11856 70 63
0.11856 72 65
0.11856 74 68
0.11856 76 71
0.11856 77 75
0.12624 72 71
0.11856 80 75
0.11856 79 72
0.11856 77 75
0.12228 72 71
0.11856 80 72
0.11856 79 70
0.14227 77 72
0.14227 79 67
0.14227 75 71
0.14227 77 64
0.14227 74 70
0.14227 75 63
0.14227 72 68
0.14335 74 64
0.24789 71 67
0.47015 89 90
0.47015 87 89
0.47015 86 88
0.47015 84 87
0.47015 83 84
0.47015 80 78
0.47015 79 83
0.23608 77 78
0.01026 0 0
0.23760 77 80
0.23478 76 77
0.46956 75 67
0.11739 0 0
0.14044 75 65
0.14044 74 68
0.14044 75 66
0.14044 77 68
0.14044 75 66
0.14044 74 68
0.14085 75 65
0.35723 78 77
0.10682 75 69
0.00971 0 0
0.05827 75 65
0.05827 77 62
0.05827 75 65
0.05827 77 63
0.03884 75 66
0.03884 77 64
0.03884 75 64
0.05827 74 71
0.05827 75 69
0.35723 82 78
0.10682 75 68
0.00971 0 0
0.05827 75 64
0.05827 77 62
0.05827 75 64
0.05827 77 62
0.03884 75 64
0.03884 77 63
0.03884 75 63
0.05827 74 71
0.05827 75 68
0.11805 81 81
0.11805 0 0
0.11805 84 85
0.11805 0 0
0.58871 87 89
0.13984 89 71
0.13984 86 77
0.13984 87 71
0.13984 84 77
0.13984 86 71
0.13984 82 77
0.13984 84 71
0.13984 81 72
0.13984 82 73
0.13984 84 77
0.13974 82 72
0.13952 81 71
0.14054 82 72
0.14159 84 73
0.14274 86 70
0.14352 87 75
0.14307 86 70
0.14262 84 72
0.14217 82 72
0.14165 81 71
0.14121 79 70
0.14077 77 69
0.10630 75 68
0.01073 0 0
0.06087 75 68
0.06087 77 64
0.04058 75 65
0.04058 77 63
0.04058 75 63
0.23920 74 68
0.71759 74 68
0.23920 74 72
0.23920 86 81
0.47839 84 77
0.47839 82 78
0.35573 81 77
0.13984 79 70
0.13984 82 73
0.13984 81 70
0.13984 84 73
0.13984 82 69
0.13984 81 73
0.14290 79 67
0.06592 78 71
0.06592 0 0
0.11960 74 58
0.11960 86 57
0.11960 85 57
0.11960 86 56
0.11960 85 56
0.11960 86 57
0.11960 85 58
0.11653 86 59
0.11653 87 59
0.11653 84 60
0.11653 86 58
0.11653 82 62
0.11653 84 60
0.11653 81 63
0.11653 82 61
0.13984 79 64
0.13994 81 63
0.14044 77 66
0.14054 79 63
0.14104 75 67
0.14115 77 62
0.14165 74 69
0.14176 75 64
0.11856 73 70
0.11856 0 0
0.24239 82 69
0.24239 81 70
0.24238 79 68
0.06060 78 71
0.06060 0 0
0.12012 73 52
0.12013 74 57
0.12012 73 52
0.12013 74 57
0.12012 73 53
0.12013 74 57
0.12012 73 53
0.11653 74 54
0.11653 75 51
0.11653 72 53
0.11653 74 49
0.11653 70 52
0.11653 72 49
0.11653 69 50
0.11653 70 46
0.13934 67 48
0.13986 69 46
0.14062 65 46
0.14132 67 45
0.14193 63 45
0.14263 65 44
0.14336 62 43
0.14417 63 42
0.12066 61 41
0.12066 0 0
0.24131 67 41
0.24131 70 45
0.24131 61 42
0.11856 62 39
0.11856 0 0
0.12339 74 46
0.37016 0 0
0.23712 74 49
0.23712 0 0
0.23815 74 46
0.23815 0 0
0.23815 74 48
0.23815 0 0
0.23609 74 43
0.23712 73 46
0.23815 74 49
0.23920 73 53
0.24025 74 56
0.24131 73 60
0.24248 74 63
0.48693 77 66
0.48693 75 64
0.12173 0 0
0.12066 75 53
0.12039 74 56
0.12004 75 53
0.11960 77 56
0.11925 75 54
0.11908 74 56
0.12802 75 53
0.48477 82 70
0.48477 81 66
0.12119 0 0
0.11908 81 61
0.11908 79 63
0.11908 81 61
0.11908 82 63
0.11908 81 61
0.11908 79 63
0.12862 81 61
0.48477 89 77
0.48477 87 75
0.12119 0 0
0.12283 87 66
0.12283 86 68
0.12283 87 65
0.11908 89 68
0.11908 87 65
0.11908 85 68
0.11908 84 65
0.48477 82 77
0.48477 81 69
0.12119 0 0
0.14289 87 67
0.14289 86 69
0.14289 87 66
0.14289 89 70
0.14289 87 67
0.14289 85 68
0.11908 84 67
0.14364 82 66
0.14654 81 65
0.14227 87 69
0.14227 86 66
0.14227 89 71
0.14227 87 68
0.14227 85 69
0.14227 84 67
0.14301 82 66
0.14599 81 65
0.14227 87 70
0.14227 86 67
0.14227 89 71
0.14227 87 68
0.14227 85 70
0.11856 84 69
0.14290 82 68
0.14545 81 67
0.14227 84 68
0.14258 83 64
0.14415 86 68
0.14415 84 67
0.14415 82 65
0.14415 81 63
0.14503 79 63
0.14886 77 61
0.14608 79 59
0.14608 78 58
0.14608 81 59
0.14565 79 57
0.14352 77 56
0.11960 75 54
0.24456 74 52
0.25017 72 52
0.12508 74 54
0.12508 0 0
0.12508 75 56
0.12508 0 0
0.13789 76 58
0.13789 0 0
0.16523 77 61
0.16523 0 0
0.11653 79 57
0.11653 77 56
0.11653 75 54
0.11653 74 52
0.23609 72 60
0.22625 70 54
0.00984 0 0
0.70827 70 51
0.23306 74 57
0.23306 79 60
0.24131 74 55
0.47218 77 60
0.70827 75 56
0.11653 77 60
0.11653 79 56
0.11653 77 61
0.11653 75 54
0.11653 74 58
0.11653 72 53
0.47331 70 66
0.69239 69 57
0.00680 0 0
0.23306 69 62
0.23306 70 65
0.23542 72 61
0.01024 0 0
0.47630 72 61
0.47630 69 52
0.47630 74 58
0.47630 70 49
0.23815 0 0
0.11554 77 64
0.11554 76 63
0.11554 79 66
0.11554 77 63
0.11554 75 63
0.10592 74 61
0.00963 0 0
0.23712 74 68
0.47423 72 61
0.23306 70 61
0.23712 74 67
0.47423 72 62
0.23306 69 64
0.11604 70 68
0.11604 72 59
0.11604 70 62
0.11604 69 58
0.11604 70 66
0.11604 72 60
0.11604 74 63
0.11571 75 61
0.11554 76 69
0.11554 77 65
0.11538 76 69
0.12119 77 65
0.11457 79 69
0.11457 77 67
0.11457 75 66
0.11159 74 65
0.01014 0 0
0.23207 74 72
0.22240 72 54
0.00967 0 0
0.23207 72 56
0.23207 70 54
0.23207 74 65
0.22240 72 54
0.00967 0 0
0.23207 72 57
0.23207 69 53
0.23207 70 66
0.11604 72 57
0.11604 74 58
0.11604 75 59
0.11604 77 60
0.11604 79 61
0.11604 81 64
0.11604 82 66
0.11604 84 67
0.11587 86 68
0.11554 87 69
0.11554 89 76
0.11522 0 0
0.11506 89 75
0.11506 0 0
0.23507 89 76
0.47015 87 74
0.23507 86 73
0.23507 86 75
1.17536 77 76
0.11604 84 64
0.11604 75 64
0.11604 0 0
0.11628 82 72
0.11628 74 72
0.11728 0 0
0.12683 81 64
0.12683 72 64
0.12683 0 0
0.23815 74 76
0.23815 82 76
0.23921 0 0
0.24642 70 72
0.77386 0 0
0.12985 67 52
0.12317 65 48
0.12317 63 52
0.12317 62 48
0.23712 60 56
0.23712 58 53
0.71135 58 53
0.12013 70 54
0.12012 0 0
0.24025 70 54
0.24839 72 51
0.24347 70 61
0.24347 69 53
0.72026 68 51
0.01014 0 0
0.22625 68 58
0.00984 0 0
0.22625 68 65
0.00984 0 0
0.23609 68 72
0.11653 80 78
0.11653 82 71
0.11653 79 78
0.11653 80 70
0.11653 77 79
0.11653 79 69
0.11653 75 77
0.11653 77 70
0.11653 74 79
0.11653 75 70
0.11653 72 75
0.11653 74 69
0.11653 70 76
0.11653 72 70
0.11653 68 72
0.12956 70 67
0.24347 68 72
0.23332 67 67
0.01014 0 0
0.73040 67 59
0.12173 79 54
0.12173 0 0
0.23507 79 60
0.22528 77 54
0.00979 0 0
0.24239 77 63
0.23229 76 54
0.01010 0 0
0.73494 76 54
0.12119 85 59
0.12119 0 0
0.24239 85 61
0.24239 76 56
0.24239 79 61
0.23229 77 54
0.01010 0 0
0.72716 77 54
0.23712 78 52
0.23712 79 54
0.25773 75 52
0.24456 73 57
0.23437 74 52
0.01019 0 0
0.48912 74 52
0.24456 0 0
0.23609 77 54
0.11805 79 61
0.11805 77 57
0.11805 75 61
0.11805 74 56
0.70827 72 61
0.23609 69 52
0.05902 70 52
0.05902 0 0
0.13984 77 56
0.13984 76 56
0.13984 77 52
0.13984 79 63
0.13984 77 54
0.13984 75 59
0.14066 74 53
0.12066 72 63
0.12066 0 0
0.47423 72 63
0.23712 69 54
0.05928 70 54
0.05928 0 0
0.13984 77 51
0.13984 76 56
0.13984 77 53
0.13984 79 62
0.13984 77 53
0.13984 75 57
0.10682 74 54
0.00971 0 0
0.23712 74 63
0.23712 72 60
0.23712 0 0
0.23306 72 59
0.23712 72 63
0.23712 70 59
0.23712 0 0
0.23109 70 52
0.11554 69 64
0.11554 70 58
0.11554 69 62
0.11554 65 58
0.11554 70 69
0.11554 72 62
0.11554 70 67
0.11554 65 59
0.11554 72 70
0.11554 74 64
0.11554 72 69
0.11554 65 63
0.11554 74 77
0.11554 75 67
0.11554 74 72
0.11554 65 67
0.11805 75 78
0.11805 0 0
0.11805 75 78
0.35414 0 0
0.11703 72 73
0.11703 0 0
0.23406 75 79
0.11703 74 72
0.11703 0 0
0.11703 72 74
0.11703 0 0
0.11703 70 71
0.11703 0 0
0.11554 69 67
0.11554 65 59
0.11554 76 61
0.11554 77 59
0.11554 70 70
0.11554 65 59
0.11554 76 66
0.11554 77 61
0.11554 72 74
0.11554 65 64
0.11554 76 69
0.11554 77 62
0.11554 74 79
0.11554 65 69
0.11554 76 73
0.11554 77 69
0.11856 75 79
0.11856 0 0
0.11856 75 79
0.35567 0 0
0.05928 72 57
0.05928 74 52
0.00296 0 0
0.05928 72 57
0.05928 74 52
0.23712 75 72
0.11856 74 71
0.11856 0 0
0.11856 72 71
0.11856 0 0
0.11856 70 68
0.11856 0 0
0.11604 69 78
0.11604 77 69
0.11604 72 73
0.11604 69 70
0.11604 65 77
0.11771 60 69
0.11943 57 70
0.12129 53 67
0.97823 0 0
0.69919 65 72
0.69919 53 72
0.69919 58 72
0.69919 62 72
0.11653 67 48
0.11653 65 45
0.11653 63 52
0.11653 0 0
0.11653 62 48
0.11653 0 0
0.11653 60 52
0.11653 0 0
0.11653 58 48
0.11653 0 0
0.24434 58 54
0.24196 67 49
0.01052 0 0
0.71263 67 72
0.71263 58 72
0.23306 65 53
0.23306 69 53
0.22335 70 52
0.00971 0 0
0.22915 70 61
0.46613 60 53
0.23306 62 53
0.22915 70 61
0.46613 60 51
0.23306 62 53
0.47226 65 58
0.05877 63 52
0.05877 65 47
0.05877 63 52
0.05877 65 49
0.03918 63 52
0.03918 65 49
0.03918 63 49
0.05877 62 52
0.05877 63 48
0.11754 62 57
0.11754 0 0
0.23306 62 51
0.23306 63 53
0.23306 65 51
0.23712 66 65
0.46613 67 54
0.11506 65 53
0.11506 63 50
0.23306 62 54
0.23306 60 51
0.23306 62 52
0.23306 63 51
0.23815 67 63
0.46613 65 53
0.11554 63 54
0.11554 62 49
0.23306 60 56
0.23306 58 52
0.23306 60 54
0.23306 62 50
0.23815 65 63
0.46613 63 51
0.23306 60 51
0.23815 63 62
0.46415 62 52
0.23207 58 52
0.14044 57 48
0.14044 58 49
0.14044 59 50
0.14024 60 51
0.13924 61 52
0.13924 62 53
0.13924 63 54
0.13924 64 54
0.46414 65 56
0.47331 0 0
0.69919 77 73
0.69919 65 73
0.69919 70 73
0.69919 74 73
0.11653 79 51
0.11653 77 49
0.11653 75 57
0.11653 0 0
0.11653 74 50
0.11653 0 0
0.11653 72 50
0.11653 0 0
0.12217 70 47
0.12217 0 0
0.23712 70 53
0.23756 79 50
0.01033 0 0
0.71135 79 71
0.71135 70 64
0.23306 77 53
0.23306 81 66
0.45830 82 63
0.23306 72 53
0.23306 74 53
0.45830 82 68
0.23306 72 53
0.23306 74 53
0.11653 82 67
0.11653 0 0
0.47423 77 54
0.23712 76 53
0.23712 75 53
0.11856 74 48
0.11856 0 0
0.23207 74 54
0.23207 75 60
0.23207 77 64
0.69622 79 70
0.11604 81 70
0.11506 83 67
0.11506 84 70
0.11506 86 67
0.11506 87 70
0.11506 86 66
0.11506 84 70
0.11506 86 67
0.11506 82 70
0.11506 84 67
0.11457 81 69
0.11457 82 66
0.11506 79 69
0.11506 81 64
0.11554 77 71
0.11554 79 67
0.11604 75 71
0.11604 77 67
0.11604 74 68
0.11604 75 64
0.11587 77 68
0.11554 79 65
0.11554 81 70
0.11522 82 66
0.11506 81 69
0.11908 82 65
0.11297 84 72
0.11297 82 70
0.11297 81 69
0.11805 79 67
0.11506 81 72
0.11212 79 70
0.11212 77 69
0.11212 75 67
0.47015 74 71
0.06006 72 58
0.06006 74 54
0.06006 72 58
0.06006 74 53
0.04004 72 58
0.04004 74 54
0.04004 72 54
0.06006 70 66
0.06006 72 62
0.48050 69 58
0.48050 70 75
1.44150 0 0
0.23712 75 85
0.11856 72 56
0.11856 0 0
0.11856 69 62
0.11856 0 0
0.11856 69 56
0.11856 0 0
0.23712 75 85
0.11856 72 54
0.11856 0 0
0.11856 69 60
0.11856 0 0
0.11856 69 54
0.11856 0 0
0.11653 70 62
0.11653 0 0
0.11653 72 63
0.11653 0 0
0.11653 74 64
0.11653 0 0
0.11653 75 66
0.12119 0 0
0.23507 76 88
0.23507 77 75
0.23507 76 87
0.23507 77 75
0.22765 75 82
0.22765 87 97
0.11739 72 48
0.11739 84 57
0.11739 0 0
0.11739 69 52
0.11739 81 62
0.11739 0 0
0.11739 69 47
0.11739 81 56
0.11739 0 0
0.23478 75 82
0.23478 87 97
0.11739 72 45
0.11739 84 54
0.11739 0 0
0.11739 69 51
0.11739 81 60
0.11739 0 0
0.11739 69 45
0.11739 81 54
0.11739 0 0
0.11212 70 52
0.11212 82 62
0.11212 0 0
0.11212 72 53
0.11212 84 63
0.11558 0 0
0.11558 74 54
0.11558 86 64
0.11558 0 0
0.11558 75 56
0.11558 87 66
0.12066 0 0
0.23609 76 76
0.23609 88 90
0.23609 77 63
0.23609 89 75
0.23609 76 77
0.23609 88 91
0.26156 77 63
0.26156 89 75
0.94436 79 66
0.94436 67 56
0.94436 69 54
0.94436 57 45
0.94436 87 77
0.94436 75 65
0.94436 86 68
0.94436 74 57
0.13924 86 75
0.13924 84 68
0.13924 87 72
0.13924 86 67
0.13924 89 75
0.13924 87 71
0.13924 86 72
0.14027 84 68
0.48477 82 75
0.50264 81 63
0.23920 0 0
0.23306 82 47
0.23306 81 50
0.23306 82 47
0.23712 0 0
0.23306 80 46
0.23306 79 51
0.23306 80 46
0.23815 0 0
0.23306 79 44
0.23306 78 48
0.23306 79 45
0.23712 0 0
0.24025 79 44
0.24025 91 51
0.12013 91 48
0.35724 0 0
0.23306 91 50
0.23306 77 44
0.11653 77 44
0.35573 0 0
0.23609 77 46
0.23609 86 51
0.11805 86 48
0.35724 0 0
0.23406 86 49
0.23406 75 45
0.11703 75 45
0.35518 0 0
0.23207 75 44
0.23207 84 50
0.11604 84 47
0.35419 0 0
0.23306 84 48
0.23306 74 44
0.11653 74 44
0.35468 0 0
0.24239 74 44
0.24239 82 49
0.12119 82 46
0.12119 0 0
0.24456 82 54
0.12228 72 44
0.61140 0 0
0.24131 82 63
0.12066 74 52
0.60328 0 0
0.23920 82 69
0.11960 75 54
0.59799 0 0
0.23815 82 81
0.11908 76 67
0.59538 0 0
0.23712 82 89
0.11856 77 83
0.11856 0 0
0.23507 82 89
0.11754 78 83
0.11754 0 0
0.23109 82 89
0.23109 79 85
0.22724 87 89
0.22724 81 85
0.04545 86 82
0.04545 87 81
0.04545 86 85
0.04545 87 78
0.04545 86 78
0.23116 89 94
0.04545 82 81
0.04545 84 76
0.04545 82 81
0.04545 84 75
0.04545 82 75
0.23065 86 92
0.04545 79 75
0.04545 81 69
0.04545 79 75
0.04545 81 71
0.00379 0 0
0.04166 79 71
0.23166 82 88
0.04545 72 71
0.04545 74 66
0.04545 72 71
0.04545 74 67
0.04545 72 67
0.22724 75 79
0.06006 65 74
0.06006 0 0
0.13984 77 76
0.13984 79 78
0.13984 77 76
0.13984 75 76
0.13984 74 71
0.13984 72 72
0.14035 70 70
0.06008 72 54
0.06149 74 50
0.06076 72 54
0.06027 74 49
0.05963 72 54
0.05894 74 49
0.05709 72 54
0.05648 74 49
0.05660 72 54
0.05741 74 49
0.05842 72 54
0.05747 74 51
0.03757 72 54
0.03795 74 50
0.03853 72 50
0.05779 70 66
0.05794 72 62
0.11648 70 70
0.11648 0 0
0.11653 58 47
0.11653 62 45
0.11653 60 47
0.11653 63 45
0.11653 62 47
0.11653 65 45
0.12013 63 48
0.12012 0 0
0.11653 58 52
0.11653 62 48
0.11653 60 52
0.11653 63 48
0.11653 62 52
0.11653 65 48
0.11856 63 52
0.11856 0 0
0.11653 58 52
0.11653 62 55
0.11653 60 57
0.11653 63 58
0.11653 62 59
0.11653 65 62
0.11653 63 63
0.11653 67 66
0.11653 65 67
0.11653 68 69
0.11653 67 70
0.11653 70 71
0.11856 69 73
0.11856 72 75
0.11653 70 77
0.11653 72 79
0.11653 74 82
0.11653 72 82
0.11653 70 80
0.11653 68 79
0.11856 67 78
0.11856 66 77
0.11653 67 78
0.11653 72 79
0.11653 75 80
0.11653 74 79
0.11653 72 79
0.11653 70 78
0.11653 69 75
0.11653 67 74
0.11805 65 75
0.11805 70 79
0.11805 74 82
0.11805 77 88
0.12119 82 94
0.12119 0 0
0.11805 74 64
0.11805 70 64
0.11805 0 0
0.24239 77 70
0.24239 74 70
0.12119 75 66
0.12119 72 66
0.12119 0 0
0.12508 74 67
0.12508 70 67
0.12508 0 0
0.12508 72 67
0.12508 69 67
0.12508 0 0
0.12508 70 67
0.12508 0 0
0.11653 70 47
0.11653 74 45
0.11653 72 47
0.11653 75 45
0.11653 74 47
0.11653 77 45
0.12013 75 48
0.12012 0 0
0.11653 82 62
0.11653 86 58
0.11653 84 62
0.11653 87 59
0.11653 86 62
0.11653 89 58
0.11856 87 68
0.11856 0 0
0.11653 70 55
0.11653 74 56
0.11653 72 58
0.11653 75 59
0.11653 74 61
0.11653 77 63
0.11653 75 64
0.11653 70 67
0.11653 77 68
0.11653 70 69
0.11662 79 70
0.11720 70 72
0.11788 81 74
0.12084 70 75
0.11653 82 78
0.11653 84 78
0.11653 86 77
0.11653 84 75
0.11653 82 74
0.11653 80 73
0.11653 79 72
0.12283 78 71
0.11653 79 79
0.11653 77 79
0.11653 75 78
0.11653 74 77
0.11653 72 75
0.11653 70 74
0.11653 69 73
0.11653 67 73
0.23306 65 82
0.11805 89 82
0.11805 0 0
0.11805 89 82
0.11805 0 0
0.11805 89 82
0.11805 0 0
0.11653 89 81
0.11653 86 76
0.11653 82 71
0.11645 77 69
0.11554 82 81
0.11554 77 75
0.11554 74 71
0.11579 70 69
0.07469 72 51
0.07368 74 46
0.07333 72 51
0.07252 74 46
0.07205 72 51
0.07266 74 46
0.07166 72 51
0.07171 74 46
0.07148 72 51
0.07251 74 46
0.07250 72 51
0.07483 74 46
0.07603 72 51
0.07704 74 46
0.07769 72 51
0.07802 74 48
0.07819 72 51
0.07836 74 47
0.05902 72 51
0.05902 74 48
0.05928 72 51
0.05928 74 47
0.03969 72 51
0.03969 74 48
0.03969 72 48
0.05980 70 62
0.05980 72 58
0.23625 70 69
0.00400 0 0
0.24025 82 54
0.24025 0 0
0.23390 82 58
0.23686 81 56
0.23999 82 61
0.24320 84 68
0.24650 86 72
0.11653 87 79
0.11653 86 73
0.11653 87 76
0.11653 86 70
0.11653 87 75
0.11653 85 67
0.11653 84 69
0.11960 82 65
0.11653 81 67
0.11703 82 70
0.11754 84 72
0.11805 82 67
0.11856 81 69
0.11908 79 66
0.11960 77 66
0.12013 75 65
0.12066 74 63
0.12066 0 0
0.12066 74 49
0.36197 0 0
0.24131 70 53
0.24257 69 49
0.24631 70 49
0.25036 72 49
0.25435 74 49
0.12862 75 52
0.12862 0 0
0.06431 77 52
0.06431 75 49
0.06431 74 52
0.06431 75 48
0.25725 77 54
0.26940 79 61
0.01171 0 0
0.26998 79 49
0.26998 75 49
0.26998 77 42
0.26998 74 42
0.26219 0 0
0.28042 69 30
0.28042 63 30
1.53367 72 45
1.53367 63 45
0.99610 70 32
0.99610 62 32
#  Piano left
2.10060 0 0
0.23609 58 37
0.23609 62 37
0.23609 65 33
0.23609 62 36
0.23306 58 33
0.23306 62 41
0.24131 67 38
0.23609 0 0
0.23609 60 34
0.23609 63 39
0.23609 67 36
0.23609 63 44
0.23306 60 37
0.23306 63 38
0.23306 67 34
0.23306 0 0
0.24025 53 35
0.23306 60 35
0.23306 63 34
0.23306 60 47
0.23306 53 36
0.23306 60 43
0.24566 63 36
0.23815 0 0
0.23815 58 42
0.23815 62 42
0.23815 65 36
0.23815 62 45
0.23109 58 42
0.23109 62 42
0.23109 65 39
0.23712 63 45
0.23712 67 37
0.23712 62 40
0.23306 65 35
0.23712 63 45
0.23712 67 35
0.23712 60 38
0.23306 63 32
0.46415 65 42
0.46415 62 42
1.39694 0 0
0.23207 63 47
0.23207 67 36
0.23207 62 40
0.23207 65 33
0.23207 63 47
0.23207 67 37
0.23207 60 39
0.23207 63 32
0.46415 62 47
0.46415 65 47
1.38851 0 0
0.47015 57 61
0.47015 58 55
0.46715 51 63
0.48723 53 57
0.23815 0 0
0.11890 46 52
0.12030 0 0
0.12219 50 55
0.12423 0 0
0.12615 53 50
0.12832 0 0
0.51939 58 61
0.70324 0 0
0.23712 46 34
0.23712 50 37
0.23712 53 35
0.23712 50 43
0.24025 46 39
0.24025 50 39
0.25248 55 35
0.24025 0 0
0.24025 48 36
0.24025 55 39
0.24025 58 35
0.23306 55 42
0.23306 48 34
0.23306 55 38
0.23306 58 34
0.23207 0 0
0.23109 52 39
0.23011 55 43
0.22915 60 46
0.22835 55 49
0.22947 52 47
0.23068 55 50
0.23183 60 54
0.24298 0 0
0.24025 53 42
0.24025 57 41
0.24025 60 34
0.24025 57 37
0.24025 53 34
0.23306 57 36
0.23306 60 32
0.23609 58 47
0.23609 60 32
0.23609 58 37
0.23609 60 31
0.23408 57 50
0.23207 60 41
0.23207 57 44
0.23207 60 41
0.24025 58 49
0.23712 60 36
0.23712 58 42
0.23712 60 36
0.23459 57 53
0.23207 60 45
0.23207 57 46
0.23207 60 44
0.23712 58 51
0.23712 62 46
0.23712 58 51
0.23712 62 46
0.23712 59 50
0.23712 62 46
0.23712 59 52
0.23109 62 48
0.46218 60 59
0.46218 62 61
0.46218 64 63
0.46218 65 65
0.23609 67 65
0.23609 72 53
0.23609 64 60
0.23406 72 53
0.23406 65 59
0.23406 72 50
0.23406 62 56
0.23406 72 52
0.46218 60 60
0.46218 62 62
0.46218 64 65
0.46218 65 68
0.11856 67 66
0.11856 72 44
0.11856 71 47
0.11856 72 44
0.11856 64 57
0.11856 72 45
0.11856 71 48
0.11856 72 44
0.11856 65 57
0.11856 72 44
0.11856 71 46
0.11856 72 44
0.11856 62 56
0.11856 71 45
0.11856 69 45
0.11856 71 43
0.45352 60 56
0.45352 72 56
0.46863 0 0
0.24131 36 73
0.24131 48 73
0.72394 0 0
0.93226 53 66
0.93226 41 66
1.42185 0 0
0.94569 46 68
0.94569 58 68
0.46613 57 44
0.46221 62 38
0.46221 59 38
0.46613 60 38
0.46221 59 38
0.46221 62 38
0.46613 60 40
0.47226 62 39
0.47015 64 35
0.46814 65 35
0.70324 0 0
0.23306 46 45
0.23306 50 46
0.23011 55 45
0.46613 58 52
0.70428 0 0
0.23306 45 44
0.23306 48 44
0.23109 53 42
0.46613 57 52
0.46613 0 0
0.47122 55 44
0.46613 52 41
0.47022 53 43
0.46415 50 42
0.46813 48 44
0.46415 0 0
0.11604 48 53
0.11604 50 49
0.11604 46 54
0.11604 48 49
0.11604 45 54
0.11754 46 49
0.11908 43 56
0.12066 45 49
0.46613 41 66
0.46613 53 46
1.41727 0 0
0.94441 58 59
0.94441 46 59
0.46221 57 43
0.46221 62 43
0.46221 59 43
0.46221 60 43
0.46221 59 43
0.46221 62 43
0.46613 60 43
0.47423 62 43
0.47423 65 43
0.47423 64 43
0.47423 67 43
0.46919 65 46
0.69622 0 0
0.23207 50 54
0.11604 62 61
0.11604 0 0
0.11604 60 53
0.11506 0 0
0.11506 58 60
0.11506 0 0
0.23011 46 53
0.11506 58 61
0.11506 0 0
0.11506 57 53
0.11506 0 0
0.22915 55 57
0.23011 53 53
0.23109 52 53
0.23207 48 53
0.46349 53 60
0.46490 45 56
0.46177 46 59
0.46023 58 53
0.47015 60 54
0.48050 48 53
0.12012 53 53
0.12013 60 46
0.12013 59 49
0.12013 60 46
0.12013 62 53
0.12013 60 46
0.12013 59 49
0.12013 60 46
0.12013 58 53
0.12012 60 50
0.12013 57 53
0.12013 60 49
0.12013 55 53
0.12013 60 50
0.12013 53 53
0.12013 60 50
0.11856 52 48
0.11856 60 42
0.11856 55 42
0.11856 60 40
0.11856 58 48
0.11856 60 42
0.11856 58 42
0.11856 60 41
0.11856 52 47
0.11856 60 43
0.11856 55 43
0.11856 60 42
0.11856 58 48
0.11856 60 42
0.11856 58 42
0.11856 60 42
0.11653 57 44
0.11653 60 45
0.11653 52 45
0.11653 60 45
0.11653 53 46
0.11653 60 47
0.11653 55 48
0.12119 60 49
0.11754 56 53
0.11754 60 48
0.11754 57 53
0.11754 60 46
0.11754 56 53
0.11754 60 46
0.11754 57 53
0.11754 60 47
0.11856 52 48
0.11856 60 38
0.11856 55 42
0.11856 60 39
0.11856 58 48
0.11856 60 39
0.11856 58 42
0.11856 60 40
0.11856 52 47
0.11856 60 41
0.11856 55 43
0.11856 60 40
0.11856 58 48
0.11856 60 38
0.11856 58 42
0.11856 60 40
0.11653 57 44
0.11653 60 43
0.11653 52 45
0.11653 60 45
0.11653 53 46
0.11653 60 45
0.11653 55 48
0.12066 60 47
0.11805 56 53
0.11805 60 48
0.11805 57 53
0.11805 60 46
0.11805 56 53
0.11805 60 46
0.11805 57 53
0.14351 60 47
0.23609 0 0
0.23609 58 36
0.23609 57 38
0.23609 58 36
0.23609 0 0
0.23609 60 34
0.23609 59 38
0.23609 60 33
0.23609 0 0
0.23609 61 34
0.23609 59 36
0.23609 61 34
0.23609 0 0
0.23609 62 38
0.23609 61 40
0.23609 62 38
0.46415 0 0
0.46415 67 54
0.46415 58 54
0.48477 69 54
0.50264 70 45
0.98741 60 54
0.93839 65 34
0.93839 69 40
0.93631 65 30
0.93631 69 36
0.96427 60 36
0.96427 57 30
0.96427 54 30
0.94458 58 36
0.94458 55 30
0.94847 55 29
0.94847 58 35
0.94847 52 29
0.94234 53 29
0.94234 57 35
0.47015 0 0
0.46613 47 32
0.46613 55 32
0.47839 57 36
0.50968 58 35
0.98808 48 36
0.12742 53 43
0.12742 57 43
0.36048 0 0
0.23306 64 35
0.23306 63 35
0.12013 53 43
0.12013 62 43
0.35319 0 0
0.23306 64 35
0.23306 63 35
0.11856 53 42
0.11856 62 42
0.35162 0 0
0.23306 64 43
0.23306 63 43
0.23306 62 47
0.23306 57 44
0.23306 58 46
0.23712 55 44
0.46613 57 52
0.47018 0 0
0.46613 58 49
0.46613 0 0
0.23609 48 48
0.23609 53 44
0.12119 57 44
0.12119 0 0
0.23609 53 41
0.24238 48 49
0.12119 55 43
0.12119 0 0
0.12508 58 45
0.12508 0 0
0.12508 55 43
0.12508 0 0
0.12508 53 51
0.12508 57 51
0.12508 0 0
0.23306 65 35
0.23306 64 35
0.23306 63 32
0.12013 62 43
0.12013 53 43
0.12013 0 0
0.23306 65 32
0.23306 64 35
0.23306 63 33
0.11856 62 42
0.11856 53 42
0.11856 0 0
0.23306 65 35
0.23306 64 43
0.23306 63 43
0.23306 62 47
0.23306 57 44
0.23382 58 46
0.23872 55 44
0.46613 45 62
0.46613 57 62
0.47243 0 0
0.46613 58 63
0.46613 46 63
0.46613 0 0
0.11653 48 48
0.11653 57 40
0.11805 53 44
0.11805 57 41
0.11805 48 48
0.11805 57 40
0.11805 53 44
0.11805 57 40
0.11653 48 48
0.11653 57 42
0.11653 53 46
0.11653 57 42
0.11653 48 48
0.11653 57 43
0.11653 53 46
0.11653 57 43
0.11625 48 48
0.11060 58 40
0.10664 52 43
0.10693 58 40
0.10669 48 48
0.10673 58 42
0.10738 52 43
0.10801 58 42
0.10949 48 48
0.11098 58 41
0.11095 52 43
0.11172 58 41
0.11499 48 48
0.11557 58 42
0.11650 52 45
0.11960 58 42
0.24025 53 51
0.24025 65 44
0.24025 64 44
0.23390 65 44
0.23686 67 45
0.23999 65 48
0.24320 64 51
0.24650 63 54
0.23306 62 59
0.23306 53 45
0.23306 61 53
0.23613 53 45
0.23356 60 52
0.23558 53 44
0.23763 64 50
0.23972 53 44
0.12066 65 53
0.12066 0 0
0.24131 53 41
0.24131 52 41
0.24131 53 41
0.24257 55 45
0.24631 53 43
0.25036 52 43
0.25435 51 43
0.51449 50 45
0.53836 46 35
0.53996 48 35
0.54186 48 35
0.59277 53 37
0.66108 48 28
0.49581 41 28
1.14905 0 0
0.23609 58 37
0.23609 62 37
0.23609 65 33
0.23609 62 36
0.23306 58 33
0.23306 62 41
0.24131 67 38
0.23609 0 0
0.23609 60 34
0.23609 63 39
0.23609 67 36
0.23609 63 44
0.23306 60 37
0.23306 63 38
0.23306 67 34
0.23306 0 0
0.24025 53 35
0.23306 60 35
0.23306 63 34
0.23306 60 47
0.23306 53 36
0.23306 60 43
0.24839 63 36
0.23815 0 0
0.23815 58 42
0.23815 62 42
0.23815 65 36
0.23815 62 45
0.23109 58 42
0.23109 62 42
0.23109 65 39
0.22852 63 45
0.23478 67 37
0.23478 62 40
0.23306 65 35
0.23712 63 45
0.23712 67 35
0.23712 60 38
0.23306 63 32
0.46415 65 42
0.46415 62 42
1.40043 0 0
0.23207 63 47
0.23207 67 36
0.23207 62 40
0.23207 65 33
0.23207 63 47
0.23207 67 37
0.23207 60 39
0.24237 63 32
0.46232 62 47
0.46232 65 47
1.38669 0 0
0.47015 57 61
0.47015 58 55
0.46715 51 63
0.49494 53 57
0.23815 0 0
0.11890 46 52
0.12030 0 0
0.12219 50 55
0.12423 0 0
0.12615 53 50
0.12832 0 0
0.51939 58 61
0.70324 0 0
0.23712 46 34
0.23712 50 37
0.23712 53 35
0.23712 50 43
0.24025 46 39
0.24025 50 39
0.25248 55 35
0.24025 0 0
0.24025 48 36
0.24025 55 39
0.24025 58 35
0.23306 55 42
0.23306 48 34
0.23306 55 38
0.23306 58 34
0.23207 0 0
0.23109 52 39
0.23011 55 43
0.22915 60 46
0.22835 55 49
0.22947 52 47
0.23068 55 50
0.23183 60 54
0.24298 0 0
0.24025 53 42
0.24025 57 41
0.24025 60 34
0.24025 57 37
0.24025 53 34
0.23306 57 36
0.23306 60 32
0.23609 58 47
0.23609 60 32
0.23609 58 37
0.23609 60 31
0.23408 57 50
0.23207 60 41
0.23207 57 44
0.23207 60 41
0.24025 58 49
0.23712 60 36
0.23712 58 42
0.23712 60 36
0.23459 57 53
0.23207 60 45
0.23207 57 46
0.23207 60 44
0.22939 58 51
0.23296 62 46
0.23296 58 51
0.23296 62 46
0.23296 59 50
0.23296 62 46
0.23296 59 52
0.23109 62 48
0.46218 60 59
0.46218 62 61
0.46218 64 63
0.46218 65 65
0.23609 67 65
0.23609 72 53
0.23609 64 60
0.23406 72 53
0.23406 65 59
0.23406 72 50
0.23406 62 56
0.23406 72 52
0.46218 60 60
0.46218 62 62
0.46218 64 65
0.46218 65 68
0.11856 67 66
0.11856 72 44
0.11856 71 47
0.11856 72 44
0.11856 64 57
0.11856 72 45
0.11856 71 48
0.11856 72 44
0.11856 65 57
0.11856 72 44
0.11856 71 46
0.11856 72 44
0.11856 62 56
0.11856 71 45
0.12021 69 45
0.12021 71 43
0.45352 60 56
0.45352 72 56
0.46863 0 0
0.24131 36 73
0.24131 48 73
0.72394 0 0
0.93226 53 66
0.93226 41 66
1.42186 0 0
0.94569 46 68
0.94569 58 68
0.46613 57 44
0.46221 62 38
0.46221 59 38
0.46613 60 38
0.46221 59 38
0.46221 62 38
0.46613 60 40
0.47226 62 39
0.47015 64 35
0.46814 65 35
0.70324 0 0
0.23306 46 45
0.23306 50 46
0.23011 55 45
0.46613 58 52
0.70428 0 0
0.23306 45 44
0.23306 48 44
0.23109 53 42
0.46613 57 52
0.46613 0 0
0.47122 55 44
0.46613 52 41
0.47022 53 43
0.46415 50 42
0.46813 48 44
0.46415 0 0
0.11604 48 53
0.11604 50 49
0.11604 46 54
0.11604 48 49
0.11604 45 54
0.11754 46 49
0.11908 43 56
0.12066 45 49
0.46613 41 66
0.46613 53 46
1.43153 0 0
0.94441 58 59
0.94441 46 59
0.46221 57 43
0.46221 62 43
0.46221 59 43
0.46221 60 43
0.46221 59 43
0.46221 62 43
0.46613 60 43
0.47423 62 43
0.47423 65 43
0.47423 64 43
0.47423 67 43
0.46919 65 46
0.68673 0 0
0.22939 50 54
0.11470 62 61
0.11470 0 0
0.11470 60 53
0.11506 0 0
0.11506 58 60
0.11506 0 0
0.23011 46 53
0.11506 58 61
0.11506 0 0
0.11506 57 53
0.11506 0 0
0.22915 55 57
0.23011 53 53
0.23109 52 53
0.23207 48 53
0.46349 53 60
0.46490 45 56
0.46177 46 59
0.46023 58 53
0.47015 60 54
0.48050 48 53
0.12013 53 53
0.12013 60 46
0.12013 59 49
0.12013 60 46
0.12012 62 53
0.12013 60 46
0.12013 59 49
0.12013 60 46
0.12013 58 53
0.12013 60 50
0.12013 57 53
0.12013 60 49
0.12013 55 53
0.12013 60 50
0.12013 53 53
0.12013 60 50
0.11856 52 48
0.11856 60 42
0.11856 55 42
0.11856 60 40
0.11856 58 48
0.11856 60 42
0.11856 58 42
0.11856 60 41
0.11856 52 47
0.11856 60 43
0.11856 55 43
0.11856 60 42
0.11856 58 48
0.11856 60 42
0.11856 58 42
0.11856 60 42
0.11653 57 44
0.11653 60 45
0.11653 52 45
0.11653 60 45
0.11653 53 46
0.11653 60 47
0.11653 55 48
0.12119 60 49
0.11754 56 53
0.11754 60 48
0.11754 57 53
0.11754 60 46
0.11754 56 53
0.11754 60 46
0.11754 57 53
0.11754 60 47
0.11383 52 48
0.11383 60 38
0.11383 55 42
0.11832 60 39
0.11832 58 48
0.11832 60 39
0.11832 58 42
0.11832 60 40
0.11832 52 47
0.11383 60 41
0.11739 55 43
0.11739 60 40
0.11739 58 48
0.11739 60 38
0.11739 58 42
0.11739 60 40
0.11653 57 44
0.11653 60 43
0.11653 52 45
0.11653 60 45
0.11653 53 46
0.11653 60 45
0.11653 55 48
0.12066 60 47
0.11805 56 53
0.11805 60 48
0.11805 57 53
0.11805 60 46
0.11805 56 53
0.11805 60 46
0.11805 57 53
0.14594 60 47
0.23609 0 0
0.23609 58 36
0.23609 57 38
0.23609 58 36
0.23609 0 0
0.23609 60 34
0.23609 59 38
0.23609 60 33
0.23609 0 0
0.23609 61 34
0.23609 59 36
0.23609 61 34
0.23609 0 0
0.23609 62 38
0.23609 61 40
0.23609 62 38
0.46415 0 0
0.46415 67 54
0.46415 58 54
0.48477 69 54
0.50264 70 45
0.98741 60 54
0.93839 65 34
0.93839 69 40
0.93631 65 30
0.93631 69 36
0.96427 60 36
0.96427 57 30
0.96427 54 30
0.94458 58 36
0.94458 55 30
0.94847 55 29
0.94847 58 35
0.94847 52 29
0.94234 53 29
0.94234 57 35
0.47015 0 0
0.46613 47 32
0.46613 55 32
0.47839 57 36
0.50968 58 35
0.98808 48 36
0.12742 53 43
0.12742 57 43
0.36049 0 0
0.23306 64 35
0.23306 63 35
0.12013 53 43
0.12013 62 43
0.35319 0 0
0.23306 64 35
0.23306 63 35
0.11856 53 42
0.11856 62 42
0.35162 0 0
0.23306 64 43
0.23306 63 43
0.23306 62 47
0.23306 57 44
0.23306 58 46
0.23712 55 44
0.46613 57 52
0.47018 0 0
0.46613 58 49
0.46613 0 0
0.22939 48 48
0.22765 53 44
0.12217 57 44
0.12217 0 0
0.23609 53 41
0.24239 48 49
0.12119 55 43
0.12119 0 0
0.12508 58 45
0.12508 0 0
0.12508 55 43
0.12508 0 0
0.12508 53 51
0.12508 57 51
0.12508 0 0
0.23306 65 35
0.23306 64 35
0.23306 63 32
0.12013 62 43
0.12013 53 43
0.12013 0 0
0.23306 65 32
0.23306 64 35
0.23306 63 33
0.11856 62 42
0.11856 53 42
0.11856 0 0
0.23306 65 35
0.23306 64 43
0.23306 63 43
0.23306 62 47
0.23306 57 44
0.23382 58 46
0.23872 55 44
0.46613 45 62
0.46613 57 62
0.47243 0 0
0.46613 58 63
0.46613 46 63
0.46613 0 0
0.11653 48 48
0.11653 57 40
0.11805 53 44
0.11805 57 41
0.11805 48 48
0.11805 57 40
0.11805 53 44
0.11805 57 40
0.11653 48 48
0.11653 57 42
0.11653 53 46
0.11653 57 42
0.11653 48 48
0.11653 57 43
0.11653 53 46
0.11703 57 43
0.12076 48 48
0.11203 58 40
0.10664 52 43
0.10693 58 40
0.10669 48 48
0.10673 58 42
0.10738 52 43
0.10801 58 42
0.10949 48 48
0.11098 58 41
0.11095 52 43
0.11172 58 41
0.11499 48 48
0.11557 58 42
0.11650 52 45
0.11960 58 42
0.24025 53 51
0.24025 65 44
0.24025 64 44
0.23390 65 44
0.23686 67 45
0.23999 65 48
0.24320 64 51
0.24650 63 54
0.23306 62 59
0.23306 53 45
0.23306 61 53
0.23613 53 45
0.23356 60 52
0.23558 53 44
0.23763 64 50
0.23972 53 44
0.12066 65 53
0.12066 0 0
0.24131 53 41
0.24131 52 41
0.24131 53 41
0.24257 55 45
0.24631 53 43
0.25036 52 43
0.25435 51 43
0.51449 50 45
0.53836 46 35
0.53996 48 35
0.54186 48 35
0.59277 53 37
0.66108 48 28
0.49581 41 28
1.14905 0 0
0.23609 41 33
0.23609 45 35
0.23609 48 33
0.23609 45 38
0.23306 41 32
0.23306 45 34
0.23306 48 32
0.23609 0 0
0.23609 55 32
0.23609 58 35
0.23609 64 33
0.23609 58 34
0.23609 55 30
0.23306 58 34
0.23306 64 30
0.23712 0 0
0.23712 43 32
0.23712 46 35
0.23712 52 32
0.23712 46 39
0.23406 43 33
0.23406 46 35
0.23406 52 33
0.23712 0 0
0.23712 57 33
0.23712 60 35
0.23712 63 34
0.23712 60 37
0.23306 57 32
0.23306 60 34
0.24347 63 34
0.23712 0 0
0.23712 46 41
0.23712 50 47
0.24566 55 44
0.23712 0 0
0.23712 48 46
0.23712 55 49
0.24347 58 46
0.23712 0 0
0.23712 50 48
0.23712 53 50
0.23712 56 45
0.24566 53 52
0.23712 50 49
0.23712 53 53
0.23712 56 50
0.93226 57 63
0.93226 48 63
0.49805 60 48
0.50968 48 45
0.11856 53 41
0.11856 60 34
0.11856 56 37
0.11856 60 34
0.14227 53 41
0.14227 60 34
0.14227 56 37
0.14227 60 34
0.14227 53 46
0.14227 60 36
0.14227 56 41
0.14227 60 37
0.14227 53 49
0.14227 60 39
0.14227 56 44
0.14227 60 39
0.14381 53 49
0.14995 60 43
0.14227 56 45
0.14227 60 43
0.14301 53 49
0.14599 60 43
0.14227 56 45
0.14227 60 43
0.14227 53 48
0.14227 62 39
0.14227 56 45
0.14227 62 40
0.14227 53 47
0.14227 62 40
0.14227 56 45
0.14335 62 40
0.12395 55 54
0.12395 65 46
0.11754 62 48
0.11754 65 45
0.11754 55 54
0.11754 65 45
0.11754 62 48
0.11754 65 45
0.11754 55 54
0.11754 65 46
0.11754 62 48
0.11754 65 45
0.11754 55 52
0.11754 65 45
0.11754 62 48
0.11754 65 45
0.11754 55 53
0.11754 65 45
0.11754 62 48
0.11754 65 45
0.11754 55 53
0.11754 65 45
0.11754 62 48
0.11754 65 45
0.11754 55 53
0.11754 62 46
0.11754 59 48
0.11754 62 45
0.11754 55 53
0.11754 62 45
0.12012 59 48
0.12013 62 45
0.12012 55 48
0.12013 64 39
0.12012 60 44
0.12013 64 39
0.12012 55 48
0.12013 63 41
0.12012 60 44
0.12013 63 41
0.14353 55 48
0.14044 63 40
0.14044 60 44
0.14044 63 38
0.14044 55 48
0.14044 63 40
0.14044 60 45
0.14085 63 40
0.11908 54 54
0.11908 63 40
0.11908 58 44
0.11653 63 41
0.11653 54 49
0.11653 63 42
0.11653 58 45
0.11653 63 40
0.11908 54 54
0.11908 63 42
0.11908 58 45
0.11653 63 42
0.11653 54 48
0.11653 63 40
0.11653 58 45
0.11653 63 40
0.11805 53 49
0.11805 63 40
0.11805 60 45
0.11805 63 41
0.11805 53 50
0.11805 63 42
0.11805 60 45
0.11805 63 40
0.13984 53 50
0.13984 63 43
0.13984 60 48
0.13984 63 43
0.13984 53 54
0.13984 63 45
0.13984 60 48
0.13984 63 45
0.13984 53 54
0.13984 63 45
0.13984 60 48
0.13974 63 44
0.13952 53 54
0.14054 63 45
0.14159 60 48
0.14274 63 44
0.14352 53 52
0.14307 60 44
0.14262 57 48
0.14217 60 44
0.14165 53 53
0.14121 60 44
0.14077 57 47
0.14138 60 44
0.12173 54 44
0.12173 60 39
0.14352 57 40
0.14352 60 35
0.11960 54 44
0.11960 60 33
0.11960 57 39
0.11960 60 34
0.11960 54 44
0.11960 60 33
0.11960 57 39
0.11960 60 33
0.11960 54 44
0.11960 62 35
0.11960 57 39
0.11960 62 34
0.11960 55 48
0.11960 62 39
0.11960 58 44
0.11960 62 39
0.11960 53 48
0.11960 62 38
0.11960 57 44
0.11960 62 38
0.13984 52 48
0.13984 62 38
0.13984 55 44
0.13984 62 37
0.13984 51 48
0.13984 61 38
0.13984 55 44
0.13984 61 39
0.47533 62 38
0.47533 50 38
0.94452 0 0
0.46613 66 45
0.46613 62 45
0.46713 67 45
0.46713 63 45
0.95067 0 0
0.48477 61 54
0.48477 51 54
0.48157 62 49
0.48157 50 49
0.94663 0 0
0.46613 60 45
0.46613 50 45
0.46739 58 42
0.46739 51 42
0.95912 0 0
0.48263 55 32
0.48263 51 32
0.23712 54 24
0.23712 50 24
0.24677 0 0
0.24677 58 27
0.24677 55 27
0.24677 50 27
0.23712 0 0
0.23712 57 28
0.23712 54 28
0.23712 50 28
0.23815 0 0
0.23815 58 32
0.23815 55 32
0.23815 50 32
0.23815 0 0
0.47424 57 34
0.47424 54 34
0.47424 50 34
1.68197 0 0
0.24347 69 34
0.24347 65 30
0.24347 60 30
0.24347 69 37
0.24347 65 33
0.24347 60 33
0.24347 69 40
0.24347 65 36
0.24347 60 36
0.48282 69 44
0.48282 65 39
0.48282 60 39
0.72833 0 0
0.24239 75 36
0.24239 72 32
0.24239 65 32
0.24238 75 40
0.24238 72 36
0.24238 65 36
0.24239 75 44
0.24239 72 39
0.24239 65 39
0.47842 75 47
0.47842 72 42
0.47842 65 42
0.72824 0 0
0.24239 65 47
0.24238 72 45
0.24239 75 45
0.96599 66 47
0.24239 0 0
0.24239 65 38
0.24238 72 41
0.24239 75 37
0.95472 66 49
0.24191 65 46
0.23712 0 0
0.47423 66 52
0.47795 65 49
0.95219 75 52
0.95219 72 52
0.47423 66 53
0.47741 65 50
0.95164 75 53
0.95164 72 53
3.72252 0 0
0.23609 58 37
0.23609 62 37
0.23609 65 33
0.23609 62 36
0.23306 58 33
0.23306 62 41
0.24131 67 38
0.23609 0 0
0.23609 60 34
0.23609 63 39
0.23609 67 36
0.23609 63 44
0.23306 60 37
0.23306 63 38
0.23306 67 34
0.23306 0 0
0.24025 53 35
0.23306 60 35
0.23306 63 34
0.23306 60 47
0.23306 53 36
0.23306 60 43
0.24566 63 36
0.23815 0 0
0.23815 58 42
0.23815 62 42
0.23815 65 36
0.23815 62 45
0.23109 58 42
0.23109 62 42
0.23109 65 39
0.23712 63 45
0.23712 67 37
0.23712 62 40
0.23306 65 35
0.23712 63 45
0.23712 67 35
0.23712 60 38
0.23306 63 32
0.46414 65 42
0.46414 62 42
1.39694 0 0
0.23207 63 47
0.23207 67 36
0.23207 62 40
0.23207 65 33
0.23207 63 47
0.23207 67 37
0.23207 60 39
0.23207 63 32
0.46414 62 47
0.46414 65 47
1.38851 0 0
0.47015 57 61
0.47015 58 55
0.46715 51 63
0.48723 53 57
0.23815 0 0
0.11890 46 52
0.12030 0 0
0.12219 50 55
0.12423 0 0
0.12615 53 50
0.12832 0 0
0.51939 58 61
0.75651 0 0
0.23712 46 34
0.23712 50 37
0.23712 53 34
0.23712 50 43
0.24025 46 35
0.24025 50 39
0.24025 53 39
0.24347 0 0
0.24347 46 37
0.24347 50 41
0.24347 53 37
0.24347 50 43
0.23609 46 38
0.23609 50 38
0.23609 53 34
0.23306 0 0
0.23306 46 47
0.23306 50 47
0.23306 53 45
0.23306 56 53
0.23306 53 45
0.23306 50 48
0.23992 46 45
0.24347 0 0
0.24347 47 36
0.24347 50 36
0.24347 53 36
0.24347 55 41
0.24347 53 33
0.23507 50 34
0.23507 47 32
0.24239 0 0
0.24239 58 33
0.24238 61 36
0.24239 64 32
0.49255 67 40
0.72715 0 0
0.24239 57 34
0.24239 60 34
0.24238 65 32
0.47950 69 39
0.72765 0 0
0.24456 58 32
0.24456 62 34
0.24456 65 30
0.48065 70 38
0.47218 0 0
0.23609 63 42
0.23609 67 38
0.23609 63 42
0.23609 65 38
0.23458 62 41
0.23306 65 38
0.23306 62 41
0.23306 65 38
0.24131 63 41
0.23712 65 38
0.23712 63 41
0.23712 65 38
0.23509 62 41
0.23306 65 38
0.23306 62 41
0.23306 65 38
0.23712 63 41
0.23712 67 38
0.23712 63 41
0.23306 67 38
0.23712 64 41
0.23712 67 38
0.23712 64 41
0.23109 67 38
0.46218 53 41
0.46218 55 47
0.46218 57 52
0.46218 58 58
0.23609 60 64
0.23609 65 45
0.23609 57 51
0.23406 65 46
0.23406 58 52
0.23406 65 46
0.23406 55 52
0.23406 65 46
0.46218 53 40
0.46218 55 46
0.46218 57 51
0.46218 58 58
0.11856 60 64
0.11856 65 45
0.11856 64 49
0.11856 65 45
0.11856 57 56
0.11856 65 46
0.11856 64 49
0.11856 65 46
0.11856 58 56
0.11856 65 46
0.11856 64 49
0.11856 65 47
0.11856 55 57
0.11856 64 45
0.11856 62 49
0.11856 64 46
0.45931 65 59
0.45931 53 59
0.47929 0 0
0.24456 41 75
0.24456 29 75
0.73368 0 0
0.93226 46 58
0.93226 34 58
1.42185 0 0
0.94569 51 57
0.94569 39 57
0.46613 50 44
0.46221 55 38
0.46221 52 38
0.46613 53 38
0.46221 52 38
0.46221 55 38
0.46613 53 40
0.47226 55 39
0.47015 57 35
0.46814 58 35
0.70324 0 0
0.23306 39 46
0.23306 43 46
0.23011 48 45
0.46613 51 52
0.70428 0 0
0.23306 38 44
0.23306 41 44
0.23109 46 43
0.46613 50 52
0.46613 0 0
0.47122 48 44
0.46613 45 41
0.47022 46 43
0.46414 43 42
0.46813 41 44
0.46414 0 0
0.11604 53 53
0.11604 55 49
0.11604 51 54
0.11604 53 49
0.11604 50 54
0.11754 51 49
0.11908 48 56
0.12066 50 49
0.46613 46 69
0.46613 58 58
1.41727 0 0
0.94441 63 59
0.94441 51 59
0.46221 62 43
0.46221 67 43
0.46221 64 43
0.46221 65 43
0.46221 67 43
0.46221 64 43
0.46613 65 41
0.47423 70 43
0.47423 67 43
0.47423 72 43
0.47423 69 43
0.46919 70 46
0.69622 0 0
0.23207 55 54
0.11604 67 61
0.11604 0 0
0.11604 65 53
0.11506 0 0
0.11506 63 60
0.11506 0 0
0.23011 51 53
0.11506 63 61
0.11506 0 0
0.11506 62 53
0.11506 0 0
0.22915 60 57
0.23011 58 53
0.23109 57 53
0.23207 53 53
0.46349 58 60
0.46490 50 54
0.46177 51 59
0.46023 63 53
0.47015 65 54
0.48050 53 53
0.12012 58 53
0.12013 65 46
0.12012 64 49
0.12013 65 46
0.12012 67 53
0.12013 65 47
0.12012 64 49
0.12013 65 46
0.12012 63 53
0.12013 65 51
0.12012 62 53
0.12013 65 49
0.12012 60 53
0.12012 65 50
0.12013 58 53
0.12012 65 50
0.11856 57 48
0.11856 65 40
0.11856 60 42
0.11856 65 38
0.11856 63 48
0.11856 65 40
0.11856 63 42
0.11856 65 39
0.11856 57 47
0.11856 65 40
0.11856 60 43
0.11856 65 40
0.11856 63 48
0.11856 65 42
0.11856 63 42
0.11856 65 42
0.11653 62 44
0.11653 65 45
0.11653 57 45
0.11653 65 45
0.11653 58 46
0.11653 65 47
0.11653 60 48
0.12119 65 49
0.11754 61 53
0.11754 65 48
0.11754 62 53
0.11754 65 46
0.11754 61 53
0.11754 65 46
0.11754 62 53
0.11754 65 47
0.11856 57 48
0.11856 65 39
0.11856 60 42
0.11856 65 39
0.11856 63 48
0.11856 65 40
0.11856 63 42
0.11856 65 39
0.11856 57 47
0.11856 65 39
0.11856 60 43
0.11856 65 39
0.11856 63 48
0.11856 65 42
0.11856 63 42
0.11856 65 42
0.11653 62 44
0.11653 65 45
0.11653 57 45
0.11653 65 45
0.11653 58 46
0.11653 65 47
0.11653 60 48
0.12066 65 49
0.11805 61 53
0.11805 65 48
0.11805 62 53
0.11805 65 46
0.11805 61 53
0.11805 65 46
0.11805 62 53
0.14351 65 47
0.23609 0 0
0.23609 51 38
0.23609 50 40
0.23609 51 38
0.23609 0 0
0.23609 53 38
0.23609 52 40
0.23609 53 38
0.23609 0 0
0.23609 54 38
0.23609 52 42
0.23609 54 38
0.23609 0 0
0.23609 55 40
0.23609 54 42
0.23609 55 39
0.46414 0 0
0.46415 72 54
0.46415 63 54
0.48477 74 54
0.50264 75 45
0.98741 65 54
0.93839 74 41
0.93839 70 34
0.93631 74 34
0.93631 70 28
0.93734 77 35
0.93734 74 29
0.93734 71 29
0.95787 75 34
0.95787 72 28
0.93631 75 35
0.93631 72 29
0.93631 69 29
0.94747 74 33
0.94747 70 28
0.94139 74 35
0.94139 70 29
0.94139 67 29
0.93437 72 33
0.93437 69 28
0.93734 72 33
0.93734 69 28
0.93734 66 28
0.96531 70 34
0.96531 67 28
0.24456 0 0
0.24354 70 36
0.24354 64 30
0.00102 0 0
0.24354 70 42
0.24456 64 35
0.24456 70 38
0.24456 64 32
0.24131 0 0
0.24131 70 41
0.24131 65 34
0.24131 70 46
0.24131 65 39
0.24131 70 44
0.24131 65 37
0.23920 0 0
0.23920 70 46
0.23920 67 39
0.23920 70 53
0.23920 67 45
0.23920 70 50
0.23920 67 42
0.23815 0 0
0.23815 70 63
0.23815 66 53
0.23815 70 69
0.23815 66 58
0.23815 70 64
0.23815 66 54
0.47423 70 63
0.47423 65 53
0.47015 70 63
0.47015 62 53
0.46218 70 63
0.46218 63 53
0.45448 65 63
0.45448 60 53
0.46204 65 60
0.46204 58 51
0.46011 53 51
0.46011 50 43
0.46107 58 50
0.46107 51 42
0.45448 55 46
0.45448 51 39
0.46972 0 0
0.46613 50 46
0.47630 51 46
0.94243 58 46
0.47630 53 46
0.47630 57 46
0.11908 58 52
0.11908 46 52
0.35214 0 0
0.23306 57 35
0.23306 56 33
0.12012 55 43
0.12012 46 43
0.35319 0 0
0.23306 57 35
0.23306 56 33
0.11856 55 42
0.11856 46 42
0.35162 0 0
0.23306 57 47
0.23306 56 47
0.23306 55 51
0.23306 50 50
0.23306 51 50
0.23712 48 50
0.46613 50 57
0.47018 0 0
0.46613 51 53
0.46613 0 0
0.23609 53 52
0.23609 58 48
0.24239 62 48
0.23609 58 48
0.24239 53 53
0.24239 60 49
0.25017 63 49
0.25017 60 48
0.12508 62 56
0.12508 58 56
0.35815 0 0
0.23306 69 35
0.23306 68 35
0.12012 67 43
0.12012 58 43
0.12013 0 0
0.23306 70 35
0.23306 69 35
0.23306 68 35
0.11856 67 46
0.11856 58 46
0.11856 0 0
0.23306 70 38
0.23306 69 47
0.23306 68 47
0.23306 67 51
0.23306 62 49
0.23382 63 50
0.23872 60 50
0.46613 62 68
0.46613 50 68
0.47243 0 0
0.46613 51 69
0.46613 63 69
0.46613 0 0
0.11653 53 48
0.11653 62 41
0.11805 58 44
0.11805 62 39
0.11805 53 48
0.11805 62 40
0.11805 58 44
0.11805 62 41
0.11653 53 48
0.11653 62 42
0.11653 58 46
0.11645 62 42
0.11554 53 48
0.11554 62 44
0.11554 58 46
0.11579 62 43
0.11139 53 48
0.11031 63 40
0.10844 57 43
0.10879 63 40
0.10750 53 48
0.10735 63 39
0.10873 57 43
0.11112 63 39
0.11423 53 48
0.11653 63 39
0.11703 57 43
0.11754 63 38
0.11805 53 48
0.11856 63 42
0.11908 57 45
0.11960 63 40
0.24025 58 51
0.24025 70 44
0.24025 69 44
0.23390 70 48
0.23686 72 49
0.23999 70 52
0.24320 69 56
0.24650 68 59
0.23306 67 64
0.23306 58 49
0.23306 66 58
0.23613 58 49
0.23356 65 57
0.23558 58 48
0.23763 69 55
0.23972 58 48
0.12066 70 53
0.12066 0 0
0.24131 58 41
0.24131 57 41
0.24131 58 37
0.24257 60 45
0.24631 58 43
0.25036 57 43
0.25435 56 38
0.51449 55 45
0.53836 51 35
0.53996 53 35
0.54186 53 35
0.59277 58 37
0.66108 53 28
0.49581 46 28
1.14905 0 0
0.23609 41 33
0.23609 45 35
0.23609 48 33
0.23609 45 38
0.23306 41 32
0.23306 45 34
0.23306 48 32
0.23609 0 0
0.23609 55 32
0.23609 58 35
0.23609 64 33
0.23609 58 34
0.23609 55 30
0.23306 58 34
0.23306 64 30
0.23712 0 0
0.23712 43 32
0.23712 46 35
0.23712 52 32
0.23712 46 39
0.23406 43 33
0.23406 46 35
0.23406 52 33
0.23712 0 0
0.23712 57 33
0.23712 60 35
0.23712 63 34
0.23712 60 37
0.23306 57 32
0.23306 60 34
0.24347 63 34
0.23712 0 0
0.23712 46 41
0.22765 50 47
0.24566 55 44
0.23712 0 0
0.23712 48 46
0.22594 55 49
0.24347 58 46
0.23712 0 0
0.23712 50 48
0.23712 53 50
0.23712 56 45
0.24566 53 52
0.23712 50 49
0.23712 53 53
0.23712 56 50
0.93226 57 63
0.93226 48 63
0.48868 60 48
0.51379 48 45
0.11856 53 41
0.11856 60 34
0.11856 56 37
0.11856 60 34
0.14227 53 41
0.14227 60 34
0.14227 56 37
0.14227 60 34
0.14227 53 46
0.14227 60 36
0.14227 56 41
0.14227 60 37
0.14227 53 49
0.14227 60 39
0.14227 56 44
0.14227 60 39
0.14381 53 49
0.14995 60 43
0.14227 56 45
0.14227 60 43
0.14301 53 49
0.14599 60 43
0.14227 56 45
0.14227 60 43
0.14227 53 48
0.14227 62 39
0.14227 56 45
0.14227 62 40
0.14227 53 47
0.14227 62 40
0.14227 56 45
0.14335 62 40
0.12395 55 54
0.12395 65 46
0.11754 62 48
0.11754 65 45
0.11754 55 54
0.11754 65 45
0.11754 62 48
0.11754 65 45
0.11754 55 54
0.11754 65 46
0.11754 62 48
0.11754 65 45
0.11754 55 52
0.11754 65 45
0.11754 62 48
0.11754 65 45
0.11754 55 53
0.11754 65 45
0.11754 62 48
0.11754 65 45
0.11754 55 53
0.11754 65 45
0.11754 62 48
0.11754 65 45
0.11754 55 53
0.11754 62 46
0.11754 59 48
0.11754 62 45
0.11754 55 53
0.11754 62 45
0.12317 59 48
0.12317 62 45
0.12021 55 48
0.11739 64 39
0.11739 60 44
0.11739 64 39
0.11739 55 48
0.11739 63 41
0.11739 60 44
0.11739 63 41
0.14080 55 48
0.14044 63 40
0.14044 60 44
0.14044 63 38
0.14044 55 48
0.14044 63 40
0.14044 60 45
0.14085 63 40
0.11908 54 54
0.11908 63 40
0.11908 58 44
0.11653 63 41
0.11653 54 49
0.11653 63 42
0.11653 58 45
0.11653 63 40
0.11908 54 54
0.11908 63 42
0.11908 58 45
0.11653 63 42
0.11653 54 48
0.11653 63 40
0.11653 58 45
0.11653 63 40
0.11805 53 49
0.11805 63 40
0.11805 60 45
0.11805 63 41
0.11805 53 50
0.11805 63 42
0.11805 60 45
0.11805 63 40
0.13984 53 50
0.13984 63 43
0.13984 60 48
0.13984 63 43
0.13984 53 54
0.13984 63 45
0.13984 60 48
0.13984 63 45
0.13984 53 54
0.13984 63 45
0.13984 60 48
0.13974 63 44
0.13952 53 54
0.14054 63 45
0.14159 60 48
0.14274 63 44
0.14352 53 52
0.14307 60 44
0.14262 57 48
0.14217 60 44
0.14165 53 53
0.14121 60 44
0.14077 57 47
0.14138 60 44
0.12173 54 44
0.12173 60 39
0.14352 57 40
0.14352 60 35
0.11960 54 44
0.11960 60 33
0.11960 57 39
0.11960 60 34
0.11960 54 44
0.11960 60 33
0.11960 57 39
0.11960 60 33
0.11960 54 44
0.11960 62 35
0.11960 57 39
0.11960 62 34
0.11960 55 48
0.11960 62 39
0.11960 58 44
0.11960 62 39
0.11960 53 48
0.11960 62 38
0.11960 57 44
0.11960 62 38
0.13984 52 48
0.13984 62 38
0.13984 55 44
0.13984 62 37
0.13984 51 48
0.13984 61 38
0.13984 55 44
0.14290 61 39
0.49063 62 38
0.49063 50 38
0.94452 0 0
0.46613 66 45
0.46613 62 45
0.46713 67 45
0.46713 63 45
0.95067 0 0
0.48477 61 54
0.48477 51 54
0.48157 62 49
0.48157 50 49
0.94663 0 0
0.46613 60 45
0.46613 50 45
0.46739 58 42
0.46739 51 42
0.95912 0 0
0.48263 55 32
0.48263 51 32
0.23712 54 24
0.23712 50 24
0.24677 0 0
0.24677 58 27
0.24677 55 27
0.24677 50 27
0.23712 0 0
0.23712 57 28
0.23712 54 28
0.23712 50 28
0.23815 0 0
0.23815 58 32
0.23815 55 32
0.23815 50 32
0.23815 0 0
0.47424 57 34
0.47424 54 34
0.47424 50 34
1.68197 0 0
0.24347 69 34
0.24347 65 30
0.24347 60 30
0.24347 69 37
0.24347 65 33
0.24347 60 33
0.24347 69 40
0.24347 65 36
0.24347 60 36
0.48282 69 44
0.48282 65 39
0.48282 60 39
0.72833 0 0
0.24239 75 36
0.24239 72 32
0.24239 65 32
0.24238 75 40
0.24238 72 36
0.24238 65 36
0.24239 75 44
0.24239 72 39
0.24239 65 39
0.47842 75 47
0.47842 72 42
0.47842 65 42
0.72824 0 0
0.24239 65 47
0.24238 72 45
0.24239 75 45
0.96599 66 47
0.24239 0 0
0.24239 65 38
0.24238 72 41
0.24239 75 37
0.95472 66 49
0.24191 65 46
0.23712 0 0
0.47423 66 52
0.47795 65 49
0.95219 75 52
0.95219 72 52
0.47423 66 53
0.47741 65 50
0.95164 75 53
0.95164 72 53
3.75480 0 0
0.23609 58 37
0.23609 62 37
0.23609 65 33
0.23609 62 36
0.23306 58 33
0.23306 62 41
0.24131 67 38
0.23609 0 0
0.23609 60 34
0.23609 63 39
0.23609 67 36
0.23609 63 44
0.23306 60 37
0.23306 63 38
0.23306 67 34
0.23306 0 0
0.24025 53 35
0.23306 60 35
0.23306 63 34
0.23306 60 47
0.23306 53 36
0.23306 60 43
0.24566 63 36
0.23815 0 0
0.23815 58 42
0.23815 62 42
0.23815 65 36
0.23815 62 45
0.23109 58 42
0.23109 62 42
0.23109 65 39
0.23712 63 45
0.23712 67 37
0.23712 62 40
0.23306 65 35
0.23712 63 45
0.23712 67 35
0.23712 60 38
0.23306 63 32
0.46414 65 42
0.46414 62 42
1.39694 0 0
0.23207 63 47
0.23207 67 36
0.23207 62 40
0.23207 65 33
0.23207 63 47
0.23207 67 37
0.23207 60 39
0.23207 63 32
0.46414 62 47
0.46414 65 47
1.38851 0 0
0.47015 57 61
0.47015 58 55
0.46715 51 63
0.48723 53 57
0.23815 0 0
0.11890 46 52
0.12030 0 0
0.12219 50 55
0.12423 0 0
0.12615 53 50
0.12832 0 0
0.51939 58 61
0.73648 0 0
0.23712 46 34
0.23712 50 37
0.23712 53 34
0.23712 50 43
0.24025 46 35
0.24025 50 39
0.24839 53 39
0.24347 0 0
0.24347 46 37
0.24347 50 41
0.24347 53 37
0.24347 50 43
0.23609 46 38
0.23609 50 38
0.23609 53 34
0.23306 0 0
0.23306 46 47
0.23306 50 47
0.23306 53 45
0.23306 56 53
0.23306 53 45
0.23306 50 48
0.24609 46 45
0.24347 0 0
0.24347 47 36
0.24347 50 36
0.24347 53 36
0.24347 55 41
0.24347 53 33
0.23507 50 34
0.23507 47 32
0.24239 0 0
0.24239 58 33
0.24239 61 36
0.24239 64 32
0.49255 67 40
0.72716 0 0
0.24238 57 34
0.24239 60 34
0.24239 65 32
0.47950 69 39
0.73941 0 0
0.24456 58 32
0.24456 62 34
0.24456 65 30
0.48065 70 38
0.47218 0 0
0.23609 63 42
0.23609 67 38
0.23609 63 42
0.23609 65 38
0.23458 62 41
0.23306 65 38
0.23306 62 41
0.23306 65 38
0.24131 63 41
0.23712 65 38
0.23712 63 41
0.23712 65 38
0.23509 62 41
0.23306 65 38
0.23306 62 41
0.23306 65 38
0.23712 63 41
0.23712 67 38
0.23712 63 41
0.23306 67 38
0.23712 64 41
0.23712 67 38
0.23712 64 41
0.23109 67 38
0.46218 53 41
0.46218 55 47
0.46218 57 52
0.46218 58 58
0.23609 60 64
0.23609 65 45
0.23609 57 51
0.23406 65 46
0.23406 58 52
0.23406 65 46
0.23406 55 52
0.23406 65 46
0.46218 53 40
0.46218 55 46
0.46218 57 51
0.46218 58 58
0.11856 60 64
0.11856 65 45
0.11856 64 49
0.11856 65 45
0.11856 57 56
0.11856 65 46
0.11856 64 49
0.11856 65 46
0.11856 58 56
0.11856 65 46
0.11856 64 49
0.11856 65 47
0.11856 55 57
0.11856 64 45
0.11856 62 49
0.11856 64 46
0.45931 65 59
0.45931 53 59
0.47929 0 0
0.24456 41 75
0.24456 29 75
0.73368 0 0
0.93226 46 58
0.93226 34 58
1.42908 0 0
0.94569 51 57
0.94569 39 57
0.46613 50 44
0.46221 55 38
0.46221 52 38
0.46613 53 38
0.46221 52 38
0.46221 55 38
0.46613 53 40
0.47226 55 39
0.47015 57 35
0.46814 58 35
0.70324 0 0
0.23306 39 46
0.23306 43 46
0.23011 48 45
0.46613 51 52
0.70428 0 0
0.23306 38 44
0.23306 41 44
0.23109 46 43
0.46613 50 52
0.46613 0 0
0.47122 48 44
0.46613 45 41
0.47022 46 43
0.46415 43 42
0.46813 41 44
0.46415 0 0
0.11604 53 53
0.11604 55 49
0.11604 51 54
0.11604 53 49
0.11604 50 54
0.11754 51 49
0.11908 48 56
0.12066 50 49
0.46613 46 69
0.46613 58 58
1.42854 0 0
0.94441 63 59
0.94441 51 59
0.46221 62 43
0.46221 67 43
0.46221 64 43
0.46221 65 43
0.46221 67 43
0.46221 64 43
0.46613 65 41
0.47423 70 43
0.47423 67 43
0.47423 72 43
0.47423 69 43
0.46919 70 46
0.69622 0 0
0.23207 55 54
0.11604 67 61
0.11604 0 0
0.11604 65 53
0.11506 0 0
0.11506 63 60
0.11506 0 0
0.23011 51 53
0.11506 63 61
0.11506 0 0
0.11506 62 53
0.11506 0 0
0.22915 60 57
0.23011 58 53
0.23109 57 53
0.23207 53 53
0.46349 58 60
0.46490 50 54
0.45695 51 59
0.45143 63 53
0.47015 65 54
0.48050 53 53
0.12013 58 53
0.12012 65 46
0.12013 64 49
0.12013 65 46
0.12013 67 53
0.12012 65 47
0.12013 64 49
0.12013 65 46
0.12013 63 53
0.12012 65 51
0.12013 62 53
0.12013 65 49
0.12013 60 53
0.12012 65 50
0.12013 58 53
0.12013 65 50
0.11856 57 48
0.11856 65 40
0.11856 60 42
0.11856 65 38
0.11856 63 48
0.11856 65 40
0.11856 63 42
0.11856 65 39
0.11856 57 47
0.11856 65 40
0.11856 60 43
0.11856 65 40
0.11856 63 48
0.11856 65 42
0.11856 63 42
0.11856 65 42
0.11653 62 44
0.11653 65 45
0.11653 57 45
0.11653 65 45
0.11653 58 46
0.11653 65 47
0.11653 60 48
0.12119 65 49
0.11754 61 53
0.11754 65 48
0.11754 62 53
0.11754 65 46
0.11754 61 53
0.11754 65 46
0.11754 62 53
0.11754 65 47
0.11383 57 48
0.11383 65 39
0.11739 60 42
0.11739 65 39
0.11739 63 48
0.11739 65 40
0.11739 63 42
0.11739 65 39
0.11739 57 47
0.11739 65 39
0.11739 60 43
0.11739 65 39
0.11739 63 48
0.11739 65 42
0.11739 63 42
0.11739 65 42
0.11212 62 44
0.11212 65 45
0.11212 57 45
0.11558 65 45
0.11558 58 46
0.11558 65 47
0.11558 60 48
0.12066 65 49
0.11805 61 53
0.11805 65 48
0.11805 62 53
0.11805 65 46
0.11805 61 53
0.11805 65 46
0.11805 62 53
0.14351 65 47
0.23609 0 0
0.23609 51 38
0.23609 50 40
0.23609 51 38
0.23609 0 0
0.23609 53 38
0.23609 52 40
0.23609 53 38
0.23609 0 0
0.23609 54 38
0.23609 52 42
0.23609 54 38
0.23609 0 0
0.23609 55 40
0.23609 54 42
0.23609 55 39
0.46415 0 0
0.46414 72 54
0.46414 63 54
0.48477 74 54
0.50264 75 45
0.98741 65 54
0.93839 74 41
0.93839 70 34
0.93631 74 34
0.93631 70 28
0.93734 77 35
0.93734 74 29
0.93734 71 29
0.95787 75 34
0.95787 72 28
0.93631 75 35
0.93631 72 29
0.93631 69 29
0.94747 74 33
0.94747 70 28
0.94139 74 35
0.94139 70 29
0.94139 67 29
0.93437 72 33
0.93437 69 28
0.93734 72 33
0.93734 69 28
0.93734 66 28
0.96531 70 34
0.96531 67 28
0.24456 0 0
0.24354 70 36
0.24354 64 30
0.00102 0 0
0.24354 70 42
0.24456 64 35
0.24456 70 38
0.24456 64 32
0.24131 0 0
0.24131 70 41
0.24131 65 34
0.24131 70 46
0.24131 65 39
0.24131 70 44
0.24131 65 37
0.23920 0 0
0.23920 70 46
0.23920 67 39
0.23920 70 53
0.23920 67 45
0.23920 70 50
0.23920 67 42
0.23815 0 0
0.23815 70 63
0.23815 66 53
0.23815 70 69
0.23815 66 58
0.23815 70 64
0.23815 66 54
0.47423 70 63
0.47423 65 53
0.47015 70 63
0.47015 62 53
0.46218 70 63
0.46218 63 53
0.45448 65 63
0.45448 60 53
0.45839 65 60
0.45839 58 51
0.45789 53 51
0.45789 50 43
0.45890 58 50
0.45890 51 42
0.45448 55 46
0.45448 51 39
0.46972 0 0
0.46613 50 46
0.47474 51 46
0.94087 58 46
0.45968 53 46
0.45968 57 46
0.11648 58 52
0.11648 46 52
0.34954 0 0
0.23306 57 35
0.23306 56 33
0.12013 55 43
0.12013 46 43
0.35319 0 0
0.23306 57 35
0.23306 56 33
0.11856 55 42
0.11856 46 42
0.35162 0 0
0.23306 57 47
0.23306 56 47
0.23306 55 51
0.23306 50 50
0.23306 51 50
0.23712 48 50
0.46613 50 57
0.47018 0 0
0.46613 51 53
0.46613 0 0
0.23609 53 52
0.23609 58 48
0.24239 62 48
0.23609 58 48
0.24239 53 53
0.24239 60 49
0.25017 63 49
0.25017 60 48
0.12508 62 56
0.12508 58 56
0.35815 0 0
0.23306 69 35
0.23306 68 35
0.12013 67 43
0.12013 58 43
0.12012 0 0
0.23306 70 35
0.23306 69 35
0.23306 68 35
0.11856 67 46
0.11856 58 46
0.11856 0 0
0.23306 70 38
0.23306 69 47
0.23306 68 47
0.23306 67 51
0.23306 62 49
0.23382 63 50
0.23872 60 50
0.46613 62 68
0.46613 50 68
0.47243 0 0
0.46613 51 69
0.46613 63 69
0.46613 0 0
0.11653 53 48
0.11653 62 41
0.11805 58 44
0.11805 62 39
0.11805 53 48
0.11805 62 40
0.11805 58 44
0.11805 62 41
0.11653 53 48
0.11653 62 42
0.11653 58 46
0.11645 62 42
0.11554 53 48
0.11554 62 44
0.11554 58 46
0.11579 62 43
0.11139 53 48
0.11031 63 40
0.10844 57 43
0.10879 63 40
0.10750 53 48
0.10735 63 39
0.10873 57 43
0.11112 63 39
0.11423 53 48
0.11653 63 39
0.11703 57 43
0.11754 63 38
0.11805 53 48
0.11856 63 42
0.11908 57 45
0.11960 63 40
0.24025 58 51
0.24025 70 44
0.24025 69 44
0.23390 70 48
0.23686 72 49
0.23999 70 52
0.24320 69 56
0.24650 68 59
0.23306 67 64
0.23306 58 49
0.23306 66 58
0.23613 58 49
0.23356 65 57
0.23558 58 48
0.23763 69 55
0.23972 58 48
0.12066 70 53
0.12066 0 0
0.24131 58 41
0.24131 57 41
0.24131 58 37
0.24257 60 45
0.24631 58 43
0.25036 57 43
0.25435 56 38
0.51449 55 45
0.53836 51 35
0.53996 53 35
0.54261 53 35
0.65105 58 37
0.88261 53 28
0.99610 46 28
