"mz_332_2"

#  Piano right
1.60729 70 50
0.40182 74 50
0.12763 75 46
0.12763 74 41
0.12763 72 42
0.39693 74 50
0.43203 75 50
1.20546 76 55
0.43409 77 49
0.40182 72 42
1.22858 0 0
0.40689 75 50
0.13563 77 46
0.12763 75 42
0.12763 74 44
0.40689 75 50
0.40689 77 50
0.40689 79 52
0.12614 81 49
0.12614 79 49
0.12614 77 49
0.40689 79 57
0.41051 81 59
0.01071 0 0
1.19918 81 68
0.42415 82 54
0.40689 77 54
1.24217 0 0
1.20978 79 59
0.20345 80 50
0.20345 79 50
0.41736 77 55
0.40689 75 52
0.40689 74 48
0.43023 72 48
0.41248 76 58
0.82497 77 51
0.19372 79 55
0.19372 77 52
0.41736 75 54
0.31754 74 55
0.07939 0 0
0.32963 72 56
0.08241 0 0
0.35682 70 59
0.08921 0 0
0.40144 77 66
0.81892 75 54
0.43409 72 51
0.41203 75 65
0.82406 74 54
0.43409 70 54
1.23609 74 59
0.20602 75 43
0.20602 74 43
0.43409 72 50
0.41203 77 53
0.41203 75 49
0.41203 72 47
0.41203 70 50
0.13070 72 43
0.13070 70 38
0.13070 69 38
0.40689 70 45
0.40689 72 50
0.40689 73 50
0.12915 75 44
0.12915 73 40
0.12915 72 41
0.40689 73 50
0.44603 75 50
1.21492 76 55
0.42839 77 49
0.41203 72 49
1.23230 0 0
0.41203 75 55
0.12915 77 49
0.12915 75 44
0.12915 74 44
0.41203 75 59
0.41203 77 53
0.41203 78 56
0.12915 80 55
0.12915 78 56
0.12915 77 56
0.40689 78 63
0.42839 80 61
1.22974 81 68
0.43409 82 64
0.40689 77 59
1.01723 0 0
0.22479 76 69
2.03445 85 94
0.20072 84 60
0.20072 82 55
0.20072 80 57
0.20072 79 51
0.20072 77 54
0.22821 76 50
0.81378 79 57
1.19918 77 62
0.79229 75 55
0.41824 73 56
0.41203 72 50
0.13070 73 43
0.13070 72 44
0.13070 70 44
0.40689 72 45
0.40689 73 50
0.79434 65 50
0.40689 68 50
0.44603 67 46
0.85292 64 38
1.64331 65 53
1.64433 0 0
0.81348 70 45
0.82983 0 0
0.41203 67 45
0.39614 0 0
0.39614 64 42
0.44001 0 0
0.61275 72 53
0.20072 69 49
0.40144 72 53
2.07272 0 0
0.81348 70 45
0.82983 0 0
0.41203 67 45
0.39614 0 0
0.39614 64 42
0.44001 0 0
0.61275 72 53
0.20072 69 50
0.40144 72 53
0.42839 0 0
0.41203 81 70
0.41203 77 59
0.39614 76 54
0.39614 79 64
0.35653 77 57
0.35653 74 48
0.03961 0 0
0.37124 76 57
0.37124 73 48
0.04125 0 0
0.41823 74 59
0.41823 77 70
0.40144 76 64
0.40144 72 54
0.36130 74 59
0.36130 70 50
0.04014 0 0
0.37641 69 50
0.37641 73 59
0.04182 0 0
0.41824 74 70
0.41824 70 59
0.40689 72 63
0.40689 69 53
0.36620 70 59
0.36620 67 50
0.04069 0 0
0.36620 66 49
0.36620 69 58
0.04069 0 0
1.62756 69 58
1.62756 66 58
0.40689 67 41
2.03445 62 49
0.61034 70 49
0.05086 72 45
0.05086 70 45
0.05086 69 45
0.05086 70 45
0.40689 72 50
0.40689 74 48
0.25974 72 49
0.26501 70 45
0.27027 69 45
0.26316 67 48
0.26857 70 45
0.27397 74 45
0.81081 65 50
0.82794 67 45
0.82794 64 38
0.61275 67 48
0.20072 68 35
0.81348 64 40
0.82983 65 38
0.82983 69 44
1.64433 0 0
0.81348 70 45
0.82983 0 0
0.41203 67 45
0.39614 0 0
0.39614 64 42
0.44001 0 0
0.61275 72 53
0.20072 69 49
0.40145 72 53
2.07272 0 0
0.81348 70 45
0.82983 0 0
0.41203 67 45
0.39614 0 0
0.39614 64 42
0.44001 0 0
0.61275 72 53
0.20072 77 50
0.40145 72 53
0.42839 0 0
0.41203 77 59
0.41203 81 70
0.39614 79 64
0.39614 76 54
0.35653 77 57
0.35653 74 48
0.03961 0 0
0.37124 76 57
0.37124 73 48
0.04125 0 0
0.41823 77 70
0.41823 74 59
0.40144 76 64
0.40144 72 54
0.36130 74 59
0.36130 70 50
0.04014 0 0
0.37641 69 50
0.37641 73 59
0.04182 0 0
0.41824 74 70
0.41824 70 59
0.40689 69 53
0.40689 72 63
0.36620 67 50
0.36620 70 59
0.04069 0 0
0.40770 69 58
0.40770 66 49
0.04707 0 0
1.62756 66 58
1.62756 69 58
0.40689 67 41
2.03445 62 49
0.61033 70 49
0.05086 72 45
0.05086 70 45
0.05086 69 45
0.05086 70 45
0.40689 72 50
0.40689 74 48
0.26763 72 49
0.26763 77 45
0.26763 69 42
0.27126 67 48
0.27126 70 45
0.29602 74 43
0.81378 65 50
0.76292 64 45
0.05086 69 56
1.13433 81 73
0.10312 77 49
0.07923 77 53
0.07923 79 50
0.07923 77 54
0.07923 76 52
0.07923 77 54
0.10456 70 60
1.09787 82 74
0.10456 79 56
0.07820 79 56
0.07820 81 52
0.07820 79 56
0.07820 78 54
0.07820 79 56
0.60547 84 74
0.20912 81 61
1.22686 77 69
0.41248 75 62
0.41248 74 67
0.41248 73 62
0.42415 74 69
0.10172 76 62
0.10172 0 0
0.10172 78 63
0.10172 0 0
0.10172 79 64
0.10172 0 0
0.10172 81 65
0.10172 0 0
0.10000 82 66
0.10000 0 0
0.21695 85 67
0.10172 86 68
0.10172 0 0
0.22040 84 66
0.10172 82 65
0.10172 0 0
0.22040 81 64
0.10172 79 63
0.10172 0 0
0.22040 77 62
0.10172 76 61
0.10172 0 0
0.21429 74 60
0.81081 72 60
1.08108 84 64
0.27027 81 55
0.27027 77 51
0.20270 72 58
0.20270 69 51
0.20270 77 56
0.10135 0 0
0.10504 65 44
0.09017 67 44
0.08722 69 41
0.08865 67 44
0.08767 69 39
0.08485 67 44
0.08623 69 39
0.08371 67 44
0.08483 69 39
0.08394 67 44
0.08124 69 39
0.08070 67 44
0.07911 69 38
0.08054 67 44
0.07969 69 38
0.07812 67 44
0.07951 69 38
0.07716 67 43
0.07870 69 38
0.07870 67 43
0.07716 69 36
0.07870 67 42
0.07716 69 36
0.07870 67 42
0.07764 69 36
0.08722 67 42
0.08824 69 36
0.08824 67 42
0.08772 69 37
0.08721 67 42
0.08824 69 36
0.09235 67 42
0.09901 69 37
0.13829 67 38
0.14764 65 48
0.14505 67 42
0.81378 65 53
0.30517 0 0
0.10238 77 49
0.07987 77 50
0.07829 79 48
0.07668 77 51
0.07535 76 50
0.07525 77 54
0.40689 84 63
0.40689 82 58
0.40689 81 53
0.40689 79 53
0.40689 79 62
0.40689 77 51
0.30517 0 0
0.10238 77 49
0.07987 77 50
0.07829 79 48
0.07668 77 51
0.07535 76 51
0.07525 77 54
0.40689 84 63
0.40689 82 58
0.40689 81 53
0.40619 79 53
0.40283 79 56
0.40901 77 50
0.43023 77 53
0.43469 0 0
0.42874 77 53
0.44463 0 0
0.47329 77 62
0.55304 0 0
1.97596 77 65
0.23643 76 55
0.23643 77 53
0.23643 79 56
0.20915 77 51
0.00909 0 0
0.22975 77 55
0.22975 75 49
0.24778 74 50
0.24299 72 47
0.40182 70 50
0.13394 72 46
0.13394 70 46
0.13394 69 46
0.40182 70 50
0.40182 72 50
0.40182 74 50
0.12763 75 46
0.12763 74 46
0.12763 72 46
0.39693 74 50
0.43203 75 50
1.20546 76 55
0.43409 77 49
0.40182 72 49
1.22858 0 0
0.40689 75 50
0.13563 77 46
0.12763 75 44
0.12763 74 43
0.40689 75 50
0.40689 77 50
0.40689 79 52
0.12614 81 49
0.12614 79 46
0.12614 77 44
0.40689 79 57
0.40337 81 59
0.01785 0 0
1.19918 81 68
0.42415 82 54
0.40689 77 52
1.24217 0 0
0.40689 78 56
0.80289 79 59
0.20344 80 50
0.20345 79 50
0.41736 77 55
0.32551 75 52
0.08138 0 0
0.32551 74 53
0.08138 0 0
0.34418 72 53
0.08605 0 0
0.41248 79 59
0.82497 77 54
0.19372 79 55
0.17758 77 52
0.01614 0 0
0.20868 77 54
0.19129 75 51
0.01739 0 0
0.19847 75 55
0.18193 74 50
0.01654 0 0
0.20602 74 56
0.18885 72 53
0.01717 0 0
0.20833 72 59
0.19097 70 59
0.01736 0 0
0.10036 77 58
0.10036 0 0
0.10036 76 56
0.10036 0 0
0.81892 75 59
0.40541 72 51
0.10301 75 58
0.10301 0 0
0.10301 73 55
0.10301 0 0
0.82406 74 58
0.43409 70 54
1.23609 74 59
0.20602 75 43
0.20602 74 43
0.21705 72 50
0.07235 0 0
0.21447 77 45
0.06977 0 0
0.20932 75 42
0.06977 0 0
0.21228 75 50
0.21228 74 43
0.21228 75 40
0.23563 72 41
0.41288 70 50
0.13070 72 43
0.13070 70 44
0.13070 69 41
0.40689 70 45
0.40689 72 50
0.40689 73 53
0.12915 75 44
0.12915 73 44
0.12915 72 41
0.40689 73 51
0.44603 75 52
1.21492 76 61
0.42839 77 56
0.41203 72 56
1.23230 0 0
0.91724 63 73
0.00174 0 0
0.11729 65 45
0.11790 63 46
0.11655 62 47
0.11358 63 47
0.11421 64 48
0.11481 65 49
0.09740 66 49
0.09647 67 51
0.09585 68 52
0.09494 69 53
0.09686 70 55
0.09686 71 56
0.09686 72 57
0.09686 73 58
0.10172 74 60
0.10172 75 61
0.10172 76 62
0.10172 77 64
0.10710 78 65
0.10710 79 66
0.10710 80 67
0.10710 81 69
0.40689 81 73
0.13563 82 63
0.13563 81 61
0.13563 79 61
0.41596 81 60
0.43409 82 64
0.40689 77 59
1.01722 0 0
0.22479 76 69
2.03445 85 93
0.20072 84 60
0.20072 82 58
0.20072 80 57
0.20072 79 56
0.20072 77 54
0.22821 76 50
0.81378 79 57
1.19918 77 62
0.39614 76 53
0.26410 75 55
0.27146 74 52
0.27882 73 52
0.41203 72 50
0.13070 73 43
0.13070 72 44
0.13070 70 44
0.40689 72 45
0.40689 73 50
0.85028 65 50
0.42457 68 50
0.49456 67 50
0.91913 64 44
0.40860 65 53
2.87904 0 0
0.81348 75 45
0.82983 0 0
0.41203 72 45
0.39614 0 0
0.39614 69 42
0.45690 0 0
0.61275 77 53
0.20072 74 49
0.40144 77 53
2.07272 0 0
0.41203 77 49
0.40144 75 45
0.82983 0 0
0.41203 74 45
0.19807 72 41
0.19807 0 0
0.39614 70 42
0.22001 69 39
0.22001 0 0
0.61275 77 53
0.20072 74 50
0.40144 77 53
0.42839 0 0
0.41203 82 59
0.41203 86 70
0.39614 84 64
0.39614 81 54
0.35653 79 48
0.35653 82 57
0.03961 0 0
0.37124 81 57
0.37124 78 48
0.04125 0 0
0.41824 79 59
0.41824 82 70
0.40144 77 54
0.40144 81 64
0.36130 75 50
0.36130 79 59
0.04014 0 0
0.37641 78 59
0.37641 74 50
0.04182 0 0
0.41823 79 70
0.41823 75 59
0.40689 77 63
0.40689 74 53
0.36620 72 50
0.36620 75 59
0.04069 0 0
0.40298 74 58
0.40298 71 49
0.04478 0 0
1.62162 71 49
1.62162 74 67
0.40541 72 41
2.02703 67 49
0.60811 75 49
0.06757 79 45
0.06757 77 45
0.06757 75 45
0.40541 77 50
0.40541 79 48
0.20270 79 49
0.20270 77 45
0.20270 75 45
0.20270 74 45
0.20270 71 49
0.20270 72 42
0.20270 75 42
0.22388 79 42
0.85714 70 50
0.81081 69 38
0.81081 72 45
0.61275 72 48
0.20072 73 35
0.81348 69 38
0.82983 70 38
0.82983 74 44
1.64433 0 0
0.41203 77 45
0.40144 75 45
0.82983 0 0
0.41203 74 45
0.39614 72 43
0.39614 70 42
0.44001 69 40
0.61275 77 53
0.20072 74 49
0.40144 77 53
2.07272 0 0
0.10301 77 50
0.10301 0 0
0.10301 76 48
0.10301 0 0
0.40144 75 45
0.78606 0 0
0.09740 74 49
0.09740 0 0
0.19481 74 43
0.19807 75 45
0.19807 72 40
0.09904 70 47
0.09904 0 0
0.19807 70 41
0.22001 72 46
0.22502 69 40
0.20602 77 53
0.06867 79 47
0.06867 77 47
0.06867 76 46
0.20072 77 53
0.20072 82 50
0.40144 77 53
0.63440 0 0
0.40409 86 59
0.40409 82 50
0.39614 81 45
0.39614 84 54
0.40431 82 48
0.40431 79 40
0.41536 78 40
0.41536 81 48
0.40984 79 50
0.40984 82 59
0.40144 81 54
0.40144 77 45
0.40984 75 42
0.40984 79 50
0.41824 74 42
0.41824 78 50
0.41256 79 59
0.41256 75 50
0.40689 77 53
0.40689 74 45
0.42191 72 42
0.42191 75 50
0.22667 74 49
0.22667 71 41
0.02061 0 0
1.62756 71 49
1.62756 74 58
0.40689 72 41
2.03445 67 49
0.61034 75 49
0.06781 79 45
0.06781 77 41
0.06781 75 41
0.40689 77 50
0.42514 79 48
0.26788 77 49
0.26788 82 45
0.26788 74 45
0.27126 72 48
0.27126 75 45
0.29602 79 45
0.81378 70 50
0.78496 69 45
0.05233 62 56
1.12001 74 73
0.10182 70 49
0.07923 70 53
0.07923 72 50
0.07923 70 54
0.07923 69 51
0.07923 70 54
0.10456 63 60
1.09787 75 74
0.10456 72 53
0.07820 72 56
0.07820 74 54
0.07820 72 56
0.07820 71 53
0.07820 72 56
0.60547 77 74
0.20912 74 61
1.22686 82 69
0.41248 80 62
0.41248 79 67
0.62456 78 62
0.21207 79 69
0.20344 82 62
0.20345 79 63
0.20344 74 64
0.20345 75 60
0.21085 79 60
0.23520 75 60
0.20344 71 68
0.22040 72 60
0.20344 75 60
0.22040 74 60
0.20344 77 63
0.22040 75 62
0.20344 74 60
0.10172 72 58
0.10172 65 46
0.40689 77 60
0.81378 77 60
0.61033 77 64
0.20345 75 60
0.20344 74 60
0.20345 75 60
0.20344 77 60
0.20344 79 61
0.20345 81 62
0.11029 82 63
0.06601 70 44
0.03641 72 44
0.03641 74 44
0.09196 72 44
0.08791 74 41
0.08865 72 44
0.08690 74 39
0.08320 72 44
0.08396 74 39
0.08073 72 44
0.08105 74 39
0.08105 72 44
0.07823 74 39
0.07969 72 44
0.07812 74 38
0.07969 72 44
0.07969 74 38
0.07758 72 44
0.07870 74 38
0.07716 72 43
0.07870 74 38
0.07882 72 43
0.07911 74 36
0.08070 72 42
0.07911 74 36
0.08070 72 42
0.07948 74 36
0.08878 72 42
0.08929 74 40
0.08955 72 42
0.08890 74 39
0.08793 72 42
0.09346 74 36
0.09437 72 42
0.09557 74 37
0.13735 72 38
0.14765 70 48
0.14505 72 42
0.81378 70 53
0.30517 0 0
0.10238 70 49
0.07987 70 50
0.07829 72 51
0.07668 70 51
0.07535 69 54
0.07525 70 54
0.40689 77 63
0.40689 75 58
0.40689 74 53
0.38994 72 53
0.01695 0 0
0.40689 72 62
0.40689 70 51
0.30517 0 0
0.10238 70 49
0.07987 70 50
0.07829 72 51
0.07668 70 51
0.07535 69 54
0.07525 70 54
0.40689 77 63
0.40689 75 58
0.40689 74 53
0.40619 72 53
0.40283 70 59
0.40901 0 0
0.62672 75 48
0.21205 69 50
0.42350 70 56
0.44148 0 0
0.71919 79 64
0.34091 69 45
2.06897 63 36
2.06897 69 45
2.06897 60 36
1.84162 70 31
1.84162 62 24
3.91059 65 36
#  Piano left
0.40182 58 36
0.40182 65 27
0.40182 62 27
0.40182 65 27
0.40182 58 36
0.38290 65 28
0.39693 62 28
0.43203 65 28
0.40182 57 36
0.40182 65 25
0.40182 60 27
0.43409 65 24
0.40182 57 30
0.40182 65 22
0.40182 60 27
0.42493 65 23
0.40689 55 36
0.39089 63 32
0.40689 58 32
0.40689 63 32
0.40689 51 36
0.37841 58 33
0.40689 55 35
0.42122 58 36
0.40689 50 41
0.39614 58 30
0.39614 53 35
0.42415 58 28
0.40689 50 36
0.40689 58 26
0.40689 53 31
0.42839 58 27
0.40689 51 36
0.40145 55 27
0.40144 51 31
0.40689 59 27
0.41736 51 34
0.40689 60 27
0.40689 51 27
0.43023 63 27
0.41248 50 36
0.41248 53 29
0.41248 50 33
0.38745 57 33
0.41736 50 36
0.39693 58 30
0.41203 50 31
0.44603 62 33
0.40144 53 36
0.40689 65 30
0.41203 60 30
0.43409 65 25
0.41203 58 36
0.41203 65 28
0.41203 62 31
0.43409 65 30
0.41203 53 36
0.41203 62 25
0.41203 58 25
0.41203 62 25
0.84612 57 36
0.84612 60 36
0.84612 53 36
0.82406 0 0
0.41203 58 36
0.39211 65 31
0.40689 61 31
0.40689 65 31
0.40689 58 36
0.38745 65 31
0.40689 61 31
0.44603 65 31
0.41203 56 36
0.40144 65 27
0.40145 60 29
0.42839 65 27
0.41203 56 36
0.39614 65 27
0.39614 60 30
0.44001 65 26
0.41203 54 36
0.38745 63 32
0.41203 58 32
0.41203 63 32
0.41203 51 39
0.38745 58 33
0.40689 54 36
0.42839 58 36
0.40689 50 44
0.40689 58 35
0.41596 53 42
0.43409 58 40
0.40689 49 46
0.40689 58 45
0.40689 53 50
0.42823 58 45
0.40689 48 54
0.40689 58 36
0.40689 55 36
0.40689 58 36
0.40689 48 37
0.40145 58 24
0.40144 55 27
0.42893 58 23
0.40689 49 34
0.40689 56 22
0.40689 53 27
0.39614 56 23
0.39614 46 29
0.39614 55 22
0.39614 49 23
0.41824 55 22
0.41203 48 30
0.39211 56 26
0.40689 53 26
0.40689 56 26
0.40689 48 30
0.38745 58 26
0.40689 55 26
0.44603 58 26
0.41203 57 38
0.20072 60 30
0.81348 53 27
0.20072 60 30
0.20072 0 0
0.21419 60 30
0.21419 0 0
0.41203 57 38
0.39614 60 28
0.80818 53 32
0.39614 58 28
0.44001 60 28
0.83616 55 23
0.41203 55 35
0.20072 60 30
0.81348 52 29
0.20072 60 30
0.20072 0 0
0.21419 60 30
0.21419 0 0
0.41203 52 34
0.39614 60 31
0.80818 48 28
0.39614 58 31
0.44001 60 31
0.83616 55 26
0.41203 57 38
0.20072 60 30
0.81348 53 32
0.20072 60 30
0.20072 0 0
0.21419 60 30
0.21419 0 0
0.41203 57 38
0.39614 60 28
0.80818 53 32
0.39614 58 28
0.44001 60 28
0.83616 55 23
0.41203 55 35
0.20072 60 30
0.81348 52 29
0.20072 60 30
0.20072 0 0
0.21419 60 30
0.21419 0 0
0.41203 52 34
0.39614 60 31
0.80818 48 28
0.39614 58 31
0.44001 60 31
0.83616 55 26
0.81348 53 32
0.81348 57 38
5.72490 0 0
1.62756 57 27
1.62756 54 27
1.62756 50 27
1.62756 60 32
0.81378 58 42
0.81378 64 44
1.62756 55 35
0.79502 65 48
0.79502 57 40
0.80570 62 45
0.80570 58 38
0.81081 57 44
0.82794 58 40
1.63875 48 37
0.41203 57 38
0.20072 60 30
0.81348 53 32
0.20072 60 30
0.20072 0 0
0.21419 60 30
0.21419 0 0
0.41203 57 33
0.39614 60 27
0.80818 53 28
0.39614 58 27
0.44001 60 27
0.83616 55 22
0.41203 55 35
0.20072 60 30
0.81348 52 29
0.20072 60 30
0.20072 0 0
0.21419 60 30
0.21419 0 0
0.41203 52 34
0.39614 60 31
0.80818 48 28
0.39614 58 31
0.44001 60 31
0.83616 55 26
0.41203 57 38
0.20072 60 30
0.81348 53 32
0.20072 60 30
0.20072 0 0
0.21419 60 30
0.21419 0 0
0.41203 57 38
0.39614 60 28
0.80818 53 32
0.39614 58 28
0.44001 60 28
0.83616 55 23
0.41203 55 35
0.20072 60 30
0.81348 52 29
0.20072 60 30
0.20072 0 0
0.21419 60 30
0.21419 0 0
0.41203 52 34
0.39614 60 31
0.80818 48 28
0.39614 58 31
0.44001 60 31
0.83616 55 26
0.81348 57 38
0.81348 53 32
5.77279 0 0
1.62756 50 29
1.62756 60 34
1.62756 54 29
1.62756 57 29
0.81378 58 42
0.81378 64 44
1.62756 55 35
0.80289 57 40
0.80289 65 48
0.83854 58 38
0.83854 62 45
0.81378 57 42
0.81378 55 40
1.62756 48 33
0.41248 0 0
0.41248 53 50
0.41248 57 54
0.39614 62 50
0.41823 0 0
0.41824 55 50
0.41823 58 54
0.39098 64 50
0.39636 0 0
0.41823 57 50
0.41824 60 54
1.22111 65 45
0.82497 63 47
1.64994 57 49
0.83104 58 40
0.83104 62 40
0.83104 65 48
0.80689 0 0
0.81378 58 40
0.81378 67 48
0.81378 62 40
0.82462 0 0
0.40541 48 50
0.40541 57 43
0.40541 53 50
0.40541 57 38
0.40541 48 43
0.40541 57 31
0.40541 53 35
0.40909 57 33
0.41647 48 38
0.39982 58 31
0.37919 52 33
0.37188 58 31
0.37037 48 37
0.35141 58 32
0.36681 52 32
0.43099 58 32
0.40689 0 0
0.40689 60 35
0.40754 65 39
0.38544 63 35
0.81378 62 37
0.81378 60 34
3.23433 53 37
0.40689 57 35
0.40689 60 35
0.40754 65 39
0.38544 63 35
0.81378 62 37
0.81308 58 34
3.23362 53 37
0.40283 57 41
0.40901 58 37
0.40901 55 37
0.43023 57 40
0.43023 60 40
0.43469 58 37
0.43469 62 37
0.42874 60 38
0.42874 63 38
0.44463 59 41
0.44463 62 41
0.47329 63 44
0.47329 60 44
0.55304 62 47
0.55304 59 47
1.97596 63 53
1.97596 60 53
5.55242 53 41
1.76766 0 0
0.40182 58 36
0.40182 65 27
0.40182 62 27
0.40182 65 27
0.40182 58 36
0.38290 65 28
0.39693 62 28
0.43203 65 28
0.40182 57 36
0.40182 65 25
0.40182 60 27
0.43409 65 24
0.40182 57 36
0.40182 65 23
0.40182 60 29
0.42493 65 23
0.40689 55 36
0.39090 63 32
0.40689 58 32
0.40689 63 32
0.40689 51 36
0.37841 58 33
0.40689 55 35
0.42122 58 36
0.40689 50 41
0.39614 58 30
0.39614 53 35
0.42415 58 28
0.40689 50 36
0.40689 58 25
0.40689 53 29
0.42839 58 26
0.40689 51 36
0.40144 55 27
0.40144 51 31
0.40689 59 27
0.41736 51 34
0.40689 60 27
0.40689 51 27
0.43023 63 27
0.41248 50 36
0.41248 53 31
0.41248 50 33
0.38745 57 33
0.41736 50 36
0.39693 58 30
0.41203 50 31
0.41667 62 33
0.40144 53 36
0.40689 65 30
0.41203 60 30
0.40541 65 30
0.41203 58 36
0.41203 65 30
0.41203 62 31
0.43409 65 30
0.41203 53 36
0.41203 62 25
0.41203 58 25
0.41203 62 25
0.85273 53 36
0.85273 57 36
0.85273 60 36
0.87248 0 0
0.41288 58 36
0.39211 65 31
0.40689 61 35
0.40689 65 31
0.40689 58 40
0.38745 65 36
0.40689 61 38
0.44603 65 31
0.41203 56 46
0.40144 65 36
0.40144 60 41
0.42839 65 31
0.41203 56 41
0.39614 65 31
0.39614 60 40
0.44001 65 32
0.41203 54 36
0.38745 58 32
0.41213 54 39
0.39839 58 38
0.38466 51 53
0.38745 58 45
0.40689 54 57
0.42839 58 52
0.40689 50 63
0.40689 58 54
0.41596 53 60
0.43409 58 51
0.40689 49 63
0.40689 58 55
0.40689 53 62
0.42823 58 57
0.40689 48 69
0.40689 58 53
0.40689 55 62
0.40689 58 48
0.40689 48 44
0.40144 58 29
0.40144 55 32
0.42893 58 28
0.40689 49 41
0.40689 56 27
0.40689 53 32
0.39614 56 28
0.39614 46 36
0.39614 55 27
0.39614 49 28
0.41824 55 27
0.41203 48 36
0.39211 56 31
0.40689 53 31
0.40689 56 31
0.40689 48 36
0.44339 58 31
0.42457 55 31
0.49456 58 31
0.41203 57 38
0.20072 65 30
0.81348 53 32
0.20072 65 30
0.20072 0 0
0.21419 65 30
0.21419 0 0
0.41203 62 38
0.39614 65 28
0.80818 58 32
0.39614 63 28
0.44001 65 28
0.83616 60 23
0.41203 60 35
0.20072 65 30
0.81348 57 29
0.20072 65 28
0.20072 0 0
0.21419 65 28
0.21419 0 0
0.41203 57 34
0.39614 65 31
0.80818 53 28
0.39614 63 27
0.45690 65 27
0.85304 60 27
0.41203 62 38
0.20072 65 30
0.81348 58 32
0.20072 65 29
0.20072 0 0
0.21419 65 30
0.21419 0 0
0.41203 62 38
0.39614 65 28
0.80818 58 32
0.39614 63 28
0.44001 65 28
0.83616 60 23
0.41203 60 35
0.20072 65 30
0.81348 57 29
0.20072 65 27
0.20072 0 0
0.21419 65 27
0.21419 0 0
0.41203 57 34
0.39614 65 31
0.80818 53 28
0.39614 63 29
0.44001 65 29
0.83616 60 29
0.81348 58 32
0.81348 62 38
0.82983 0 0
0.41203 74 56
0.41203 70 47
0.39614 72 51
0.39614 69 43
0.35653 67 38
0.35653 70 45
0.03961 0 0
0.37124 69 45
0.37124 66 38
0.04125 0 0
0.41824 70 56
0.41824 67 47
0.40144 69 51
0.40144 65 43
0.36130 67 47
0.36130 63 40
0.04014 0 0
0.37641 62 40
0.37641 66 47
0.04182 0 0
0.41823 67 56
0.41823 63 47
0.40689 65 50
0.40689 62 42
0.36620 63 47
0.36620 60 40
0.04069 0 0
0.40298 59 39
0.40298 62 46
0.04478 0 0
1.62162 59 33
1.62162 62 33
1.62162 65 39
1.62162 55 30
0.81081 63 42
0.81081 69 44
1.62162 60 35
0.81081 62 33
0.81081 70 44
0.83199 67 43
0.83199 63 35
0.85714 62 44
0.81081 63 36
1.66795 53 37
0.41203 62 38
0.20072 65 30
0.81348 58 30
0.20072 65 30
0.20072 0 0
0.21419 65 30
0.21419 0 0
0.41203 62 33
0.39614 65 27
0.80818 58 28
0.39614 63 27
0.44001 65 27
0.83616 60 22
0.41203 60 33
0.20072 65 26
0.81348 57 33
0.20072 65 30
0.20072 0 0
0.21419 65 26
0.21419 0 0
0.41203 57 34
0.39614 65 31
0.80818 53 28
0.39614 63 31
0.44001 65 31
0.83616 60 26
0.41203 62 38
0.20072 65 30
0.81348 58 32
0.20072 65 30
0.20072 0 0
0.21419 65 30
0.21419 0 0
0.41203 62 38
0.39614 65 28
0.80818 58 32
0.39614 63 28
0.44001 65 28
0.83616 60 23
0.41203 60 35
0.20072 65 28
0.81348 57 29
0.20072 65 30
0.20072 0 0
0.19231 65 26
0.19231 0 0
0.38961 57 34
0.39614 65 25
0.78575 53 28
0.39614 63 31
0.44503 65 26
0.84117 60 26
0.81348 58 32
0.81348 62 38
0.82983 0 0
0.41203 70 47
0.41203 74 56
0.39614 69 43
0.39614 72 51
0.39614 70 45
0.39614 67 38
0.41248 66 38
0.41248 69 45
0.41824 70 56
0.41824 67 47
0.40144 69 51
0.40144 65 43
0.40144 67 47
0.40144 63 40
0.41824 62 40
0.41824 66 47
0.41823 67 56
0.41823 63 47
0.40689 62 42
0.40689 65 50
0.40689 63 47
0.40689 60 40
0.44514 59 39
0.44514 62 46
0.02061 0 0
1.62756 55 33
1.62756 65 46
1.62756 59 35
1.62756 62 36
0.81378 63 42
0.83203 69 44
1.64581 60 35
0.80364 62 40
0.80364 70 48
0.83854 67 45
0.83854 63 38
0.81378 62 44
0.83729 60 40
1.65107 53 37
0.40728 0 0
0.40728 46 50
0.40728 50 54
0.39614 55 50
0.41824 0 0
0.41823 48 50
0.41824 51 54
0.39098 57 50
0.39636 0 0
0.41824 50 50
0.41823 53 54
1.22111 58 45
0.82497 56 47
1.64994 50 49
0.83104 58 48
0.83104 51 40
0.83104 55 40
0.83598 0 0
0.81378 60 48
0.81378 55 40
0.81378 51 40
0.81378 0 0
0.40689 53 50
0.40689 62 43
0.40689 58 50
0.40689 62 38
0.40689 53 43
0.40689 62 35
0.40689 58 35
0.45257 62 35
0.41708 53 38
0.38575 63 33
0.37500 57 33
0.37072 63 33
0.37965 53 37
0.35651 63 32
0.37133 57 32
0.43004 63 32
0.40689 0 0
0.40689 62 35
0.40754 65 39
0.38544 68 35
0.81378 67 37
0.81378 63 34
3.23433 58 37
0.40689 62 35
0.40689 65 35
0.40754 68 39
0.38544 66 35
0.81378 67 37
0.81308 63 34
3.23362 58 37
0.40283 0 0
0.40901 65 35
0.40901 62 26
0.81184 58 32
0.41610 63 32
0.41610 67 40
0.42267 60 29
0.42267 63 37
0.42350 62 38
0.44148 62 28
0.44148 65 36
0.86498 58 32
0.46919 63 32
0.46919 67 40
0.57670 60 24
0.59091 63 30
2.06897 0 0
1.84162 53 20
3.91059 58 27
3.91059 46 21
1.84162 50 18
