"mz_545_1"

#  Piano right
0.87886 72 60
0.43318 76 60
0.44405 79 60
0.65999 71 60
0.10919 72 55
0.10919 74 51
0.44040 72 60
0.44040 0 0
0.86636 81 64
0.42965 79 62
0.43494 84 64
0.42965 79 64
0.07161 77 55
0.07161 79 55
0.07161 77 55
0.10741 76 59
0.10741 77 55
0.42965 76 60
0.43698 0 0
0.22060 69 60
0.12051 71 53
0.11999 72 54
0.11948 74 55
0.11897 76 57
0.11847 77 58
0.11793 79 59
0.11733 81 62
0.11789 79 61
0.11856 77 60
0.11922 76 59
0.11989 74 58
0.12048 72 57
0.12125 71 55
0.12137 69 53
0.21896 67 60
0.11986 69 53
0.11956 71 54
0.11913 72 55
0.11876 74 57
0.11847 76 58
0.11779 77 59
0.11760 79 62
0.11837 77 61
0.11911 76 60
0.11999 74 59
0.12082 72 58
0.12156 71 57
0.12244 69 55
0.12167 67 53
0.21797 65 60
0.11930 67 53
0.11894 69 54
0.11864 71 55
0.11820 72 57
0.11785 74 58
0.11718 76 59
0.11726 77 62
0.11797 76 61
0.11877 74 60
0.11964 72 59
0.12039 71 58
0.12121 69 57
0.12200 67 55
0.12211 65 53
0.22162 64 60
0.12105 65 53
0.12049 67 54
0.11990 69 55
0.11939 71 57
0.11881 72 58
0.11827 74 59
0.11780 76 62
0.11845 74 61
0.11926 72 60
0.11999 71 59
0.12082 69 58
0.12156 67 57
0.12237 65 55
0.12239 64 53
0.22078 62 60
0.12086 64 53
0.12056 65 54
0.12010 67 55
0.11974 69 57
0.11937 71 58
0.11973 73 59
0.11438 74 62
0.12115 69 58
0.11913 71 61
0.11913 73 64
0.11913 74 66
0.11913 76 67
0.12008 77 68
0.12121 79 69
0.11794 81 70
0.11794 83 69
0.11794 84 71
0.11794 83 69
0.11794 81 67
0.11794 79 65
0.11954 77 63
0.11091 76 66
0.11708 77 65
0.11708 79 66
0.11708 81 67
0.11708 79 67
0.11708 77 68
0.11708 76 71
0.12031 74 73
0.12469 72 76
0.10802 71 78
0.10802 0 0
0.10751 79 71
0.10751 0 0
0.10751 76 71
0.10751 0 0
0.10899 72 71
0.11196 0 0
0.10802 74 78
0.10802 0 0
0.10791 79 71
0.10791 0 0
0.10791 76 71
0.10791 0 0
0.10910 72 71
0.11148 0 0
0.11862 74 81
0.35587 0 0
0.12096 79 71
0.12096 74 71
0.12096 71 71
0.36287 0 0
0.48383 67 83
2.19034 0 0
0.21744 86 61
0.21907 83 55
0.65559 79 61
0.10954 81 53
0.10954 83 51
0.21907 81 55
0.10954 79 53
0.10954 0 0
0.05519 79 55
0.05519 81 51
0.05519 79 56
0.05519 81 51
0.11038 79 58
0.10118 78 52
0.00920 0 0
0.43649 78 58
0.88485 0 0
0.21744 86 61
0.21907 83 55
0.65559 79 61
0.10954 81 53
0.10954 83 51
0.21907 81 55
0.10954 79 53
0.10954 0 0
0.05519 79 55
0.05519 81 51
0.05519 79 56
0.05519 81 50
0.11038 79 55
0.08278 78 52
0.02759 0 0
0.43815 78 58
0.88507 0 0
0.45178 86 69
0.11753 0 0
0.11038 86 61
0.11038 83 66
0.11038 79 61
0.44655 76 68
0.11295 0 0
0.10995 76 61
0.10995 79 66
0.10995 76 61
0.45280 84 69
0.11295 0 0
0.11038 84 61
0.11038 81 66
0.11038 78 61
0.44481 74 68
0.11204 0 0
0.10995 74 61
0.10995 78 66
0.10995 74 61
0.44572 83 68
0.11295 0 0
0.11038 83 61
0.11038 79 66
0.11038 76 61
0.44553 72 68
0.11295 0 0
0.10995 72 61
0.10995 76 66
0.10995 72 61
0.45010 81 68
0.11295 0 0
0.11038 81 61
0.11038 78 66
0.11038 72 61
0.44415 71 68
0.11295 0 0
0.10995 79 61
0.10995 74 66
0.10995 71 61
0.82466 69 66
0.05498 71 64
0.38484 72 69
0.05498 75 65
0.39066 76 72
0.05692 80 65
0.65722 81 71
0.05477 83 66
0.05477 81 66
0.05477 80 66
0.05477 81 66
0.21907 84 74
0.21907 81 68
0.21907 84 75
0.22337 81 69
0.21825 83 78
0.22386 79 73
0.87298 86 79
0.10912 84 70
0.10912 83 68
0.10912 81 67
0.11662 79 65
0.05919 81 49
0.05868 83 38
0.05820 81 49
0.05779 83 40
0.05731 81 50
0.05692 83 40
0.05646 81 50
0.05606 83 40
0.05617 81 52
0.05641 83 40
0.05668 81 52
0.05645 83 41
0.05622 81 53
0.05600 83 41
0.05571 81 53
0.05561 83 42
0.05561 81 54
0.05561 83 43
0.05561 81 54
0.05561 83 45
0.05561 81 54
0.05561 83 44
0.05566 81 54
0.05595 83 44
0.05624 81 53
0.05655 83 45
0.05687 81 53
0.05717 83 42
0.07671 81 53
0.07730 79 59
0.07741 81 58
0.46447 79 69
0.11474 79 67
0.11474 74 59
0.11474 79 62
0.11946 83 65
0.11429 86 68
0.11429 83 63
0.11429 79 68
0.11659 83 63
0.11383 84 69
0.11383 81 63
0.11383 78 69
0.11946 81 63
0.46447 79 69
0.11474 67 67
0.11474 62 59
0.11474 67 62
0.11946 71 65
0.11474 74 68
0.11474 71 63
0.11474 67 68
0.11753 71 63
0.11383 72 69
0.11383 69 63
0.11383 66 69
0.12198 69 63
0.12198 67 74
0.36594 0 0
0.12198 83 77
0.12198 74 65
0.36594 0 0
0.48792 79 74
0.48792 71 62
0.48792 0 0
0.87886 72 60
0.43318 76 60
0.44405 79 60
0.65999 71 60
0.10919 72 55
0.10919 74 51
0.44040 72 60
0.44040 0 0
0.86636 81 64
0.42965 79 62
0.43494 84 64
0.42965 79 64
0.07161 77 55
0.07161 79 55
0.07161 77 55
0.10741 76 59
0.10741 77 55
0.42965 76 60
0.43698 0 0
0.22060 69 60
0.12051 71 53
0.11999 72 54
0.11948 74 55
0.11897 76 57
0.11847 77 58
0.11793 79 59
0.11733 81 62
0.11789 79 61
0.11856 77 60
0.11922 76 59
0.11989 74 58
0.12048 72 57
0.12125 71 55
0.12137 69 53
0.21896 67 60
0.11986 69 53
0.11956 71 54
0.11913 72 55
0.11876 74 57
0.11847 76 58
0.11779 77 59
0.11760 79 62
0.11837 77 61
0.11911 76 60
0.11999 74 59
0.12082 72 58
0.12156 71 57
0.12244 69 55
0.12167 67 53
0.21797 65 60
0.11930 67 53
0.11894 69 54
0.11864 71 55
0.11820 72 57
0.11785 74 58
0.11718 76 59
0.11726 77 62
0.11797 76 61
0.11877 74 60
0.11964 72 59
0.12039 71 58
0.12121 69 57
0.12200 67 55
0.12211 65 53
0.22162 64 60
0.12105 65 53
0.12049 67 54
0.11990 69 55
0.11939 71 57
0.11881 72 58
0.11827 74 59
0.11780 76 62
0.11845 74 61
0.11926 72 60
0.11999 71 59
0.12082 69 58
0.12156 67 57
0.12237 65 55
0.12239 64 53
0.22078 62 60
0.12086 64 53
0.12056 65 54
0.12010 67 55
0.11974 69 57
0.11937 71 58
0.11973 73 59
0.11438 74 62
0.12115 69 58
0.11913 71 61
0.11913 73 64
0.11913 74 66
0.11913 76 67
0.12008 77 68
0.12121 79 69
0.11794 81 70
0.11794 83 69
0.11794 84 71
0.11794 83 69
0.11794 81 67
0.11794 79 65
0.11954 77 63
0.11091 76 66
0.11708 77 65
0.11708 79 66
0.11708 81 67
0.11708 79 67
0.11708 77 68
0.11708 76 71
0.12031 74 73
0.12469 72 76
0.10802 71 78
0.10802 0 0
0.10751 79 71
0.10751 0 0
0.10751 76 71
0.10751 0 0
0.10899 72 71
0.11196 0 0
0.10802 74 78
0.10802 0 0
0.10791 79 71
0.10791 0 0
0.10791 76 71
0.10791 0 0
0.10910 72 71
0.11148 0 0
0.11862 74 81
0.35587 0 0
0.12096 74 71
0.12096 79 71
0.12096 71 71
0.36287 0 0
0.48383 67 83
2.19034 0 0
0.21744 86 61
0.21907 83 55
0.65559 79 61
0.10954 81 53
0.10954 83 51
0.21907 81 55
0.10954 79 53
0.10954 0 0
0.05519 79 55
0.05519 81 51
0.05519 79 56
0.05519 81 51
0.11038 79 58
0.10118 78 52
0.00920 0 0
0.43649 78 58
0.88485 0 0
0.21744 86 61
0.21907 83 55
0.65559 79 61
0.10954 81 53
0.10954 83 51
0.21907 81 55
0.10954 79 53
0.10954 0 0
0.05519 79 55
0.05519 81 51
0.05519 79 56
0.05519 81 50
0.11038 79 55
0.08278 78 52
0.02759 0 0
0.43815 78 58
0.88507 0 0
0.45178 86 69
0.11753 0 0
0.11038 86 61
0.11038 83 66
0.11038 79 61
0.44655 76 68
0.11295 0 0
0.10995 76 61
0.10995 79 66
0.10995 76 61
0.45280 84 69
0.11295 0 0
0.11038 84 61
0.11038 81 66
0.11038 78 61
0.44240 74 68
0.11295 0 0
0.10995 74 61
0.10995 78 66
0.10995 74 61
0.44789 83 68
0.11162 0 0
0.11038 83 61
0.11038 79 66
0.11038 76 61
0.44553 72 68
0.11295 0 0
0.10995 72 61
0.10995 76 66
0.10995 72 61
0.45010 81 68
0.11295 0 0
0.11038 81 61
0.11038 78 66
0.11038 72 61
0.44415 71 68
0.11295 0 0
0.10995 79 61
0.10995 74 66
0.10995 71 61
0.82466 69 66
0.05498 71 64
0.38484 72 69
0.05498 75 65
0.39066 76 72
0.05692 80 65
0.65722 81 71
0.05477 83 66
0.05477 81 66
0.05477 80 66
0.05477 81 66
0.21907 84 74
0.21907 81 68
0.21907 84 75
0.22337 81 69
0.21825 83 78
0.22386 79 73
0.87298 86 79
0.10912 84 70
0.10912 83 68
0.10912 81 67
0.11662 79 65
0.05919 81 49
0.05868 83 38
0.05820 81 49
0.05779 83 40
0.05731 81 50
0.05692 83 40
0.05646 81 50
0.05606 83 40
0.05617 81 52
0.05641 83 40
0.05668 81 52
0.05645 83 41
0.05622 81 53
0.05600 83 41
0.05571 81 53
0.05561 83 42
0.05561 81 54
0.05561 83 43
0.05561 81 54
0.05561 83 45
0.05561 81 54
0.05561 83 44
0.05566 81 54
0.05595 83 44
0.05624 81 53
0.05655 83 45
0.05687 81 53
0.05717 83 42
0.07671 81 53
0.07730 79 59
0.07741 81 58
0.46447 79 69
0.11474 79 67
0.11474 74 59
0.11474 79 62
0.11946 83 65
0.11429 86 68
0.11429 83 63
0.11429 79 68
0.11659 83 63
0.11383 84 69
0.11383 81 63
0.11383 78 69
0.11946 81 63
0.46447 79 69
0.11474 67 67
0.11474 62 59
0.11474 67 62
0.11946 71 65
0.11474 74 68
0.11474 71 63
0.11474 67 68
0.11753 71 63
0.11383 72 69
0.11383 69 63
0.11383 66 69
0.12198 69 63
0.12198 67 74
0.36594 0 0
0.12198 83 77
0.12198 74 65
0.36594 0 0
0.48792 79 74
0.48792 71 62
0.48792 0 0
0.46261 67 69
0.11474 79 67
0.11474 74 59
0.11474 79 62
0.11946 82 65
0.11249 86 68
0.11249 82 63
0.11249 79 68
0.11659 82 63
0.11383 84 69
0.11383 81 63
0.11383 78 69
0.11946 81 63
0.46261 79 69
0.11474 67 67
0.11474 62 59
0.11474 67 62
0.11946 70 65
0.11338 74 68
0.11338 70 63
0.11338 67 68
0.11753 70 63
0.11383 72 69
0.11383 69 63
0.11383 66 69
0.12198 69 63
0.47566 67 74
0.60225 0 0
0.12570 79 68
0.12570 82 72
0.12570 81 70
0.12627 79 68
0.12756 77 67
0.12882 76 65
0.13111 74 64
0.47194 73 70
0.59624 0 0
0.12620 85 75
0.12620 88 79
0.12620 86 77
0.12659 85 74
0.12779 82 72
0.12911 81 70
0.13006 79 72
0.46261 77 85
0.11338 74 73
0.11338 69 64
0.11338 74 68
0.11946 77 71
0.11338 81 74
0.11338 77 69
0.11338 74 74
0.11659 77 69
0.11293 79 75
0.11293 76 69
0.11293 73 75
0.11946 76 69
0.46261 74 75
0.11474 62 67
0.11474 57 59
0.11474 62 62
0.11946 65 65
0.11338 69 68
0.11338 65 63
0.11338 62 68
0.11753 65 63
0.11293 67 69
0.11293 64 63
0.11293 61 69
0.12198 64 63
0.12903 0 0
0.12620 62 54
0.12620 64 56
0.12629 65 58
0.12700 67 60
0.12798 69 61
0.12901 71 63
0.13135 73 65
0.47557 74 66
0.60073 0 0
0.12722 71 58
0.12722 72 60
0.12712 74 61
0.12700 76 63
0.12798 78 64
0.12901 80 66
0.13111 81 67
0.47325 83 69
0.60197 0 0
0.12722 81 70
0.12722 88 77
0.12712 86 70
0.12700 84 71
0.12798 83 72
0.12901 81 73
0.13165 79 74
0.47862 77 78
0.59599 0 0
0.12722 79 64
0.12722 86 69
0.12712 84 63
0.12700 83 64
0.12798 81 66
0.12901 79 67
0.13165 77 69
0.47862 76 71
0.59599 0 0
0.12722 77 60
0.12722 84 66
0.12712 83 70
0.12700 81 69
0.12798 79 68
0.12901 77 66
0.13111 76 65
0.47325 74 69
0.60197 0 0
0.12722 76 59
0.12722 83 67
0.12712 81 67
0.12700 80 66
0.12798 77 65
0.12901 76 64
0.13111 74 63
0.47325 72 66
0.60135 0 0
0.12722 70 58
0.12722 74 64
0.12712 72 59
0.12700 70 64
0.12798 69 63
0.12901 67 61
0.11821 65 60
0.14051 64 59
0.12621 65 57
0.12621 67 56
0.12621 69 55
0.12659 70 53
0.12779 72 52
0.13121 74 50
0.13959 76 49
0.87886 77 59
0.43318 81 58
0.44405 84 56
0.65999 76 60
0.10919 77 55
0.10919 79 51
0.44040 77 60
0.44040 0 0
0.86636 86 64
0.42965 84 62
0.43494 89 64
0.42965 84 64
0.07161 82 55
0.07161 84 55
0.07161 82 55
0.10741 81 59
0.10741 82 55
0.42965 81 60
0.43698 0 0
0.22060 74 60
0.12051 76 53
0.11999 77 54
0.11948 79 55
0.11897 81 57
0.11847 82 58
0.11793 84 59
0.11733 86 62
0.11789 84 61
0.11856 82 60
0.11922 81 59
0.11989 79 58
0.12048 77 57
0.12125 76 55
0.12137 74 53
0.21896 72 60
0.11986 74 53
0.11956 76 54
0.11913 77 55
0.11876 79 57
0.11847 81 58
0.11779 82 59
0.11760 84 62
0.11837 82 61
0.11911 81 60
0.11999 79 59
0.12082 77 58
0.12156 76 57
0.12244 74 55
0.12167 72 53
0.21797 70 60
0.11930 72 53
0.11894 74 54
0.11864 76 55
0.11820 77 57
0.11785 79 58
0.11718 81 59
0.11726 82 62
0.11797 81 61
0.11877 79 60
0.11964 77 59
0.12039 76 58
0.12121 74 57
0.12200 72 55
0.12211 70 53
0.22162 69 60
0.12105 70 53
0.12049 72 54
0.11990 74 55
0.11939 76 57
0.11881 77 58
0.11827 79 59
0.11780 81 62
0.11845 79 61
0.11926 77 60
0.11999 76 59
0.12082 74 58
0.12156 72 57
0.12319 70 55
0.12929 69 53
0.43930 81 61
0.86171 0 0
0.43908 81 56
0.43908 72 56
0.43668 79 56
0.43668 72 56
0.86285 0 0
0.44232 79 56
0.44232 72 56
0.43460 77 56
0.43460 72 56
0.85947 0 0
0.44149 77 56
0.44149 71 56
0.44127 76 56
0.44127 72 56
0.86531 0 0
0.44282 76 56
0.44282 72 56
0.11055 74 60
0.12124 62 53
0.12086 64 53
0.12056 65 54
0.12010 67 55
0.11974 69 57
0.11937 71 58
0.11973 73 59
0.11438 74 62
0.12115 69 58
0.11913 71 61
0.11913 73 64
0.11913 74 66
0.11913 76 67
0.12008 77 68
0.12121 79 69
0.11794 81 70
0.11794 83 69
0.11794 84 71
0.11794 83 69
0.11794 81 67
0.11794 79 65
0.11954 77 63
0.11091 76 66
0.11708 77 65
0.11708 79 66
0.11708 81 67
0.11708 79 67
0.11708 77 68
0.11708 76 71
0.12031 74 73
0.12469 72 76
0.10802 71 78
0.10802 0 0
0.10751 79 71
0.10751 0 0
0.10751 76 71
0.10751 0 0
0.10899 72 71
0.11196 0 0
0.10802 74 78
0.10802 0 0
0.10791 79 71
0.10791 0 0
0.10791 76 71
0.10791 0 0
0.10910 72 71
0.11148 0 0
0.11862 74 81
0.35587 0 0
0.12096 71 71
0.12096 79 71
0.12096 74 71
0.36287 0 0
0.48383 67 83
2.19034 0 0
0.21744 79 61
0.21907 76 55
0.65559 72 61
0.10954 74 53
0.10954 76 51
0.21907 74 55
0.10954 72 53
0.10954 0 0
0.05519 72 55
0.05519 74 51
0.05519 72 56
0.05519 74 51
0.11038 72 58
0.10118 71 52
0.00920 0 0
0.43649 71 58
0.88485 0 0
0.21744 79 61
0.21907 76 55
0.65559 72 61
0.10954 74 53
0.10954 76 51
0.21907 74 55
0.10954 72 53
0.10954 0 0
0.05519 72 55
0.05519 74 51
0.05519 72 56
0.05519 74 50
0.11038 72 55
0.08278 71 52
0.02759 0 0
0.43815 71 58
0.88507 0 0
0.45178 79 65
0.11753 0 0
0.11038 79 57
0.11038 76 62
0.11038 72 57
0.44655 69 64
0.11295 0 0
0.10995 69 57
0.10995 72 62
0.10995 69 57
0.45280 77 65
0.10919 0 0
0.11038 77 57
0.11038 74 62
0.11038 71 57
0.45206 67 64
0.11295 0 0
0.10995 79 64
0.10995 83 67
0.10995 79 63
0.45181 88 72
0.11295 0 0
0.11038 88 61
0.11038 84 66
0.11038 81 61
0.44553 77 68
0.11080 0 0
0.10995 77 64
0.10995 81 66
0.10995 77 64
0.44541 86 73
0.11340 0 0
0.10872 86 61
0.10872 83 66
0.11165 77 61
0.44415 76 68
0.11295 0 0
0.10995 84 61
0.10995 79 66
0.10995 76 61
0.82466 74 71
0.05498 73 64
0.38484 74 69
0.05498 73 65
0.44758 74 72
0.82466 81 77
0.05498 80 69
0.38484 81 78
0.05498 80 69
0.44758 81 79
0.22767 79 78
0.11383 81 75
0.11474 83 76
0.10912 84 79
0.10912 86 80
0.10912 88 83
0.10912 86 82
0.10912 84 78
0.10912 83 77
0.10912 81 75
0.10912 79 74
0.10912 77 70
0.10912 76 68
0.10912 74 67
0.11662 72 65
0.05919 74 49
0.05868 76 38
0.05820 74 49
0.05779 76 40
0.05731 74 50
0.05692 76 40
0.05646 74 50
0.05606 76 40
0.05617 74 52
0.05641 76 40
0.05668 74 52
0.05645 76 41
0.05622 74 53
0.05600 76 41
0.05571 74 53
0.05561 76 42
0.05561 74 54
0.05561 76 43
0.05561 74 54
0.05561 76 45
0.05561 74 54
0.05561 76 44
0.05566 74 54
0.05595 76 44
0.05624 74 53
0.05655 76 45
0.05687 74 53
0.05717 76 42
0.07671 74 53
0.07730 72 59
0.07741 74 58
0.46447 72 69
0.11474 72 67
0.11474 67 59
0.11474 72 62
0.11946 76 65
0.11429 79 68
0.11429 76 63
0.11429 72 68
0.11659 76 63
0.11383 77 69
0.11383 74 63
0.11383 71 69
0.11946 74 63
0.46447 72 69
0.11474 60 67
0.11474 55 59
0.11474 60 62
0.11946 64 65
0.11474 67 68
0.11474 64 63
0.11474 60 68
0.11753 64 63
0.11383 65 69
0.11383 62 63
0.11383 59 69
0.12198 62 63
0.12198 60 74
0.36594 0 0
0.12198 76 65
0.12198 84 85
0.12198 79 72
0.36594 0 0
0.48792 72 83
0.48792 0 0
0.46261 67 69
0.11474 79 67
0.11474 74 59
0.11474 79 62
0.11946 82 65
0.11249 86 68
0.11249 82 63
0.11249 79 68
0.11659 82 63
0.11383 84 69
0.11383 81 63
0.11383 78 69
0.11946 81 63
0.46261 79 69
0.11474 67 67
0.11474 62 59
0.11474 67 62
0.11946 70 65
0.11338 74 68
0.11338 70 63
0.11338 67 68
0.11753 70 63
0.11383 72 69
0.11383 69 63
0.11383 66 69
0.12198 69 63
0.47566 67 74
0.60225 0 0
0.12570 79 68
0.12570 82 72
0.12570 81 70
0.12627 79 68
0.12756 77 67
0.12882 76 65
0.13111 74 64
0.47194 73 70
0.59624 0 0
0.12620 85 75
0.12620 88 79
0.12620 86 77
0.12659 85 74
0.12779 82 72
0.12911 81 70
0.13006 79 72
0.46261 77 85
0.11338 74 73
0.11338 69 64
0.11338 74 68
0.11946 77 71
0.11338 81 74
0.11338 77 69
0.11338 74 74
0.11659 77 69
0.11293 79 75
0.11293 76 69
0.11293 73 75
0.11946 76 69
0.46261 74 75
0.11474 62 67
0.11474 57 59
0.11474 62 62
0.11946 65 65
0.11338 69 68
0.11338 65 63
0.11338 62 68
0.11753 65 63
0.11293 67 69
0.11293 64 63
0.11293 61 69
0.12198 64 63
0.12903 0 0
0.12620 62 54
0.12620 64 56
0.12629 65 58
0.12700 67 60
0.12798 69 61
0.12901 71 63
0.13135 73 65
0.47557 74 66
0.60073 0 0
0.12722 71 58
0.12722 72 60
0.12712 74 61
0.12700 76 63
0.12798 78 64
0.12901 80 66
0.13111 81 67
0.47325 83 69
0.60197 0 0
0.12722 81 70
0.12722 88 77
0.12712 86 70
0.12700 84 71
0.12798 83 72
0.12901 81 73
0.13165 79 74
0.47862 77 78
0.59599 0 0
0.12722 79 64
0.12722 86 69
0.12712 84 63
0.12700 83 64
0.12798 81 66
0.12901 79 67
0.13165 77 69
0.47862 76 71
0.59599 0 0
0.12722 77 60
0.12722 84 66
0.12712 83 70
0.12700 81 69
0.12798 79 68
0.12901 77 66
0.13111 76 65
0.47325 74 69
0.60197 0 0
0.12722 76 59
0.12722 83 67
0.12712 81 67
0.12700 80 66
0.12798 77 65
0.12901 76 64
0.13111 74 63
0.47325 72 66
0.60135 0 0
0.12722 70 58
0.12722 74 64
0.12712 72 59
0.12700 70 64
0.12798 69 63
0.12901 67 61
0.11821 65 60
0.14051 64 59
0.12621 65 57
0.12621 67 56
0.12621 69 55
0.12659 70 53
0.12779 72 52
0.13121 74 50
0.13959 76 49
0.87886 77 59
0.43318 81 58
0.44405 84 56
0.65999 76 60
0.10919 77 55
0.10919 79 51
0.44040 77 60
0.44040 0 0
0.86636 86 64
0.42965 84 62
0.43494 89 64
0.42965 84 64
0.07161 82 55
0.07161 84 55
0.07161 82 55
0.10741 81 59
0.10741 82 55
0.42965 81 60
0.43698 0 0
0.22060 74 60
0.12051 76 53
0.11999 77 54
0.11948 79 55
0.11897 81 57
0.11847 82 58
0.11793 84 59
0.11733 86 62
0.11789 84 61
0.11856 82 60
0.11922 81 59
0.11989 79 58
0.12048 77 57
0.12125 76 55
0.12137 74 53
0.21896 72 60
0.11986 74 53
0.11956 76 54
0.11913 77 55
0.11876 79 57
0.11847 81 58
0.11779 82 59
0.11760 84 62
0.11837 82 61
0.11911 81 60
0.11999 79 59
0.12082 77 58
0.12156 76 57
0.12244 74 55
0.12167 72 53
0.21797 70 60
0.11930 72 53
0.11894 74 54
0.11864 76 55
0.11820 77 57
0.11785 79 58
0.11718 81 59
0.11726 82 62
0.11797 81 61
0.11877 79 60
0.11964 77 59
0.12039 76 58
0.12121 74 57
0.12200 72 55
0.12211 70 53
0.22162 69 60
0.12105 70 53
0.12049 72 54
0.11990 74 55
0.11939 76 57
0.11881 77 58
0.11827 79 59
0.11780 81 62
0.11845 79 61
0.11926 77 60
0.11999 76 59
0.12082 74 58
0.12156 72 57
0.12319 70 55
0.12929 69 53
0.43930 81 61
0.86171 0 0
0.43908 81 56
0.43908 72 56
0.43668 79 56
0.43668 72 56
0.86285 0 0
0.44232 79 56
0.44232 72 56
0.43460 77 56
0.43460 72 56
0.85947 0 0
0.44149 77 56
0.44149 71 56
0.44127 76 56
0.44127 72 56
0.86531 0 0
0.44282 76 56
0.44282 72 56
0.11055 74 60
0.12124 62 53
0.12086 64 53
0.12056 65 54
0.12010 67 55
0.11974 69 57
0.11937 71 58
0.11973 73 59
0.11438 74 62
0.12115 69 58
0.11913 71 61
0.11913 73 64
0.11913 74 66
0.11913 76 67
0.12008 77 68
0.12121 79 69
0.11794 81 70
0.11794 83 69
0.11794 84 71
0.11794 83 69
0.11794 81 67
0.11794 79 65
0.11954 77 63
0.11091 76 66
0.11708 77 65
0.11708 79 66
0.11708 81 67
0.11708 79 67
0.11708 77 68
0.11708 76 71
0.12031 74 73
0.12469 72 76
0.10802 71 78
0.10802 0 0
0.10751 79 71
0.10751 0 0
0.10751 76 71
0.10751 0 0
0.10899 72 71
0.11196 0 0
0.10802 74 78
0.10802 0 0
0.10791 79 71
0.10791 0 0
0.10791 76 71
0.10791 0 0
0.10910 72 71
0.11148 0 0
0.11862 74 81
0.35587 0 0
0.12096 71 71
0.12096 79 71
0.12096 74 71
0.36287 0 0
0.48383 67 83
2.19034 0 0
0.21744 79 61
0.21907 76 55
0.65559 72 61
0.10954 74 53
0.10954 76 51
0.21907 74 55
0.10954 72 53
0.10954 0 0
0.05519 72 55
0.05519 74 51
0.05519 72 56
0.05519 74 51
0.11038 72 58
0.10118 71 52
0.00920 0 0
0.43649 71 58
0.88485 0 0
0.21744 79 61
0.21907 76 55
0.65559 72 61
0.10954 74 53
0.10954 76 51
0.21907 74 55
0.10954 72 53
0.10954 0 0
0.05519 72 55
0.05519 74 51
0.05519 72 56
0.05519 74 50
0.11038 72 55
0.08278 71 52
0.02759 0 0
0.43815 71 58
0.88507 0 0
0.45178 79 65
0.11753 0 0
0.11038 79 57
0.11038 76 62
0.11038 72 57
0.44655 69 64
0.11295 0 0
0.10995 69 57
0.10995 72 62
0.10995 69 57
0.45280 77 65
0.10685 0 0
0.11038 77 57
0.11038 74 62
0.11038 71 57
0.45206 67 64
0.11295 0 0
0.10995 79 64
0.10995 83 67
0.10995 79 63
0.45181 88 72
0.11295 0 0
0.11038 88 61
0.11038 84 66
0.11038 81 61
0.44553 77 68
0.11295 0 0
0.10995 77 64
0.10995 81 66
0.10995 77 64
0.44541 86 73
0.11340 0 0
0.10872 86 61
0.10872 83 66
0.11165 77 61
0.44415 76 68
0.11295 0 0
0.10995 84 61
0.10995 79 66
0.10995 76 61
0.82466 74 71
0.05498 73 64
0.38484 74 69
0.05498 73 65
0.44758 74 72
0.82466 81 77
0.05498 80 69
0.38484 81 78
0.05498 80 69
0.44758 81 79
0.22767 79 78
0.11383 81 75
0.11474 83 76
0.10912 84 79
0.10912 86 80
0.10912 88 83
0.10912 86 82
0.10912 84 78
0.10912 83 77
0.10912 81 75
0.10912 79 74
0.10912 77 70
0.10912 76 68
0.10912 74 67
0.11662 72 65
0.05919 74 49
0.05868 76 38
0.05820 74 49
0.05779 76 40
0.05731 74 50
0.05692 76 40
0.05646 74 50
0.05606 76 40
0.05617 74 52
0.05641 76 40
0.05668 74 52
0.05645 76 41
0.05622 74 53
0.05600 76 41
0.05571 74 53
0.05561 76 42
0.05561 74 54
0.05561 76 43
0.05561 74 54
0.05561 76 45
0.05561 74 54
0.05561 76 44
0.05566 74 54
0.05595 76 44
0.05624 74 53
0.05655 76 45
0.05687 74 53
0.05717 76 42
0.07671 74 53
0.07730 72 59
0.07741 74 58
0.46447 72 69
0.11474 72 67
0.11474 67 59
0.11474 72 62
0.11946 76 65
0.11429 79 68
0.11429 76 63
0.11429 72 68
0.11659 76 63
0.11383 77 69
0.11383 74 63
0.11383 71 69
0.11946 74 63
0.46447 72 69
0.11474 60 67
0.11474 55 59
0.11474 60 62
0.11946 64 65
0.11474 67 68
0.11474 64 63
0.11474 60 68
0.11753 64 63
0.11383 65 69
0.11383 62 63
0.11383 59 69
0.12198 62 63
0.13270 60 74
0.39809 0 0
0.12983 76 65
0.12983 84 88
0.12983 79 75
0.38948 0 0
0.51930 72 85
#  Piano left
0.21972 60 40
0.21972 67 30
0.21972 64 30
0.21972 67 30
0.21659 60 40
0.21659 67 30
0.22203 64 30
0.22202 67 30
0.22202 62 30
0.21959 67 29
0.21837 65 31
0.21837 67 28
0.22020 60 40
0.22020 67 29
0.22020 64 32
0.22020 67 29
0.21659 60 40
0.21659 69 32
0.21659 65 32
0.21659 69 32
0.21482 60 40
0.21482 67 32
0.21747 64 32
0.21747 67 32
0.21482 59 40
0.21482 67 32
0.21482 62 32
0.21482 67 32
0.21482 60 40
0.21482 67 34
0.21482 64 34
0.22215 67 34
0.43930 65 40
0.86171 0 0
0.43908 60 40
0.43908 53 40
0.43668 60 40
0.43668 52 40
0.86285 0 0
0.44232 60 40
0.44232 52 40
0.43460 60 40
0.43460 50 40
0.85947 0 0
0.44149 59 40
0.44149 50 40
0.44127 60 40
0.44127 48 40
0.86531 0 0
0.44282 48 40
0.44282 52 40
1.75261 57 40
1.75261 53 40
0.64332 53 60
0.21937 55 55
0.63861 57 60
0.22281 54 54
0.10802 43 65
0.10802 47 56
0.10751 50 56
0.10751 55 50
0.10751 43 65
0.10751 48 55
0.10899 52 55
0.11196 55 50
0.10802 43 65
0.10802 47 55
0.10791 50 55
0.10791 55 54
0.10791 43 65
0.10791 48 57
0.10910 52 56
0.11148 55 53
0.11862 43 65
0.35587 0 0
0.12096 55 59
0.36287 0 0
0.48383 43 61
0.45358 0 0
0.11925 61 42
0.10825 62 36
0.11833 61 42
0.10771 62 36
0.11854 61 42
0.10763 62 38
0.11862 61 42
0.11340 62 37
0.11875 60 42
0.10796 62 36
0.11833 60 42
0.10791 62 37
0.11821 60 42
0.10828 62 37
0.11894 60 42
0.11429 62 38
0.10872 59 42
0.10872 62 36
0.10954 59 42
0.10954 62 36
0.10954 59 42
0.10954 62 32
0.10954 59 38
0.10954 62 33
0.10872 59 39
0.10872 62 32
0.10954 59 39
0.10954 62 34
0.10954 59 42
0.10954 62 37
0.10954 59 42
0.10954 62 38
0.11038 60 46
0.11038 62 38
0.11038 59 42
0.11038 62 36
0.12004 57 39
0.10912 62 27
0.12004 59 47
0.10912 62 35
0.12004 60 50
0.10912 62 36
0.12004 59 44
0.10912 62 30
0.12095 60 52
0.10995 62 31
0.12180 57 40
0.11849 62 28
0.10872 59 42
0.10872 62 36
0.10954 59 42
0.10954 62 36
0.10954 59 42
0.10954 62 32
0.10954 59 38
0.10954 62 33
0.10872 59 39
0.10872 62 32
0.10954 59 39
0.10954 62 34
0.10954 59 42
0.10954 62 37
0.10954 59 42
0.10954 62 38
0.11038 60 42
0.11038 62 36
0.11038 59 42
0.11038 62 36
0.12049 57 39
0.10954 62 29
0.12049 59 42
0.10954 62 32
0.12049 60 48
0.10954 62 36
0.12049 59 43
0.10954 62 30
0.12095 60 48
0.10995 62 36
0.12166 57 43
0.11706 62 30
0.11842 0 0
0.11240 59 39
0.11100 62 42
0.10997 67 39
0.44865 71 48
0.11429 0 0
0.11177 60 42
0.11077 64 44
0.10972 67 41
0.44282 72 52
0.11842 0 0
0.11245 57 39
0.11114 60 42
0.11079 66 39
0.44408 69 48
0.11397 0 0
0.11075 59 42
0.11028 62 44
0.10981 66 41
0.44190 71 52
0.11288 0 0
0.11182 55 39
0.11094 59 42
0.11007 64 39
0.44408 67 48
0.11408 0 0
0.11162 57 42
0.11047 60 44
0.10936 64 41
0.44282 69 52
0.11897 0 0
0.11038 54 39
0.11038 57 42
0.11038 62 39
0.44408 66 48
0.11429 0 0
0.10995 55 42
0.10995 59 44
0.10995 62 41
0.44282 67 52
0.10995 64 44
0.10995 60 44
0.10995 0 0
0.10995 64 39
0.10995 60 39
0.10995 0 0
0.10995 64 39
0.10995 60 39
0.10995 0 0
0.10995 64 39
0.10995 60 39
0.10995 0 0
0.10995 64 44
0.10995 60 44
0.10995 0 0
0.10995 64 40
0.10995 60 40
0.10995 0 0
0.10995 64 40
0.10995 60 40
0.10995 0 0
0.11383 64 41
0.11383 60 41
0.11383 0 0
0.10954 64 50
0.10954 60 50
0.10954 0 0
0.10954 64 44
0.10954 60 44
0.10954 0 0
0.10954 64 44
0.10954 60 44
0.10954 0 0
0.10954 64 44
0.10954 60 44
0.10954 0 0
0.10954 64 49
0.10954 60 49
0.10954 0 0
0.10954 64 46
0.10954 60 46
0.10954 0 0
0.10954 64 46
0.10954 60 46
0.10954 0 0
0.10954 64 46
0.10954 60 46
0.11383 0 0
0.10912 62 50
0.10912 71 42
0.10912 67 42
0.11474 71 42
0.10912 62 49
0.10912 71 42
0.10912 67 42
0.10912 71 42
0.10912 62 48
0.10912 71 42
0.10912 67 42
0.10912 71 42
0.10912 62 49
0.10912 71 42
0.10912 67 42
0.11662 71 42
0.11787 62 50
0.11599 72 42
0.11423 66 42
0.11252 72 42
0.11258 62 49
0.11314 72 42
0.11222 66 42
0.11132 72 42
0.11122 62 48
0.11122 72 42
0.11122 66 42
0.11161 72 42
0.11279 62 49
0.11403 72 42
0.11530 66 42
0.11612 72 42
0.46447 71 58
0.46447 67 49
0.92313 0 0
0.46097 72 48
0.46097 69 40
0.46097 62 40
0.46447 71 58
0.46447 67 49
0.92543 0 0
0.46349 60 48
0.46349 57 40
0.46349 50 40
0.12198 59 52
0.12198 55 44
0.36594 0 0
0.12198 55 52
0.12198 43 44
0.36594 0 0
0.48792 55 52
0.48792 43 44
0.48792 0 0
0.21972 60 40
0.21972 67 30
0.21972 64 30
0.21972 67 30
0.21659 60 40
0.21659 67 30
0.22203 64 30
0.22202 67 30
0.22203 62 30
0.21959 67 29
0.21837 65 31
0.21837 67 28
0.22020 60 40
0.22020 67 29
0.22020 64 32
0.22020 67 29
0.21659 60 40
0.21659 69 32
0.21659 65 32
0.21659 69 32
0.21482 60 40
0.21482 67 32
0.21747 64 32
0.21747 67 32
0.21482 59 40
0.21482 67 32
0.21482 62 32
0.21482 67 32
0.21482 60 40
0.21482 67 34
0.21482 64 34
0.22215 67 34
0.43930 65 40
0.86171 0 0
0.43908 60 40
0.43908 53 40
0.43668 60 40
0.43668 52 40
0.86285 0 0
0.44232 60 40
0.44232 52 40
0.43460 60 40
0.43460 50 40
0.85947 0 0
0.44149 59 40
0.44149 50 40
0.44127 60 40
0.44127 48 40
0.86531 0 0
0.44282 48 40
0.44282 52 40
1.75261 57 40
1.75261 53 40
0.64332 53 60
0.21937 55 55
0.63861 57 60
0.22281 54 54
0.10802 43 65
0.10802 47 56
0.10751 50 56
0.10751 55 50
0.10751 43 65
0.10751 48 55
0.10899 52 55
0.11196 55 50
0.10802 43 65
0.10802 47 55
0.10791 50 55
0.10791 55 54
0.10791 43 65
0.10791 48 57
0.10910 52 56
0.11148 55 53
0.11862 43 65
0.35587 0 0
0.12096 55 59
0.36287 0 0
0.48383 43 61
0.45358 0 0
0.11925 61 42
0.10825 62 36
0.11833 61 42
0.10771 62 36
0.11854 61 42
0.10763 62 38
0.11862 61 42
0.11340 62 37
0.11875 60 42
0.10796 62 36
0.11833 60 42
0.10791 62 37
0.11821 60 42
0.10828 62 37
0.11894 60 42
0.11429 62 38
0.10872 59 42
0.10872 62 36
0.10954 59 42
0.10954 62 36
0.10954 59 42
0.10954 62 32
0.10954 59 38
0.10954 62 33
0.10872 59 39
0.10872 62 32
0.10954 59 39
0.10954 62 34
0.10954 59 42
0.10954 62 37
0.10954 59 42
0.10954 62 38
0.11038 60 46
0.11038 62 38
0.11038 59 42
0.11038 62 36
0.12004 57 39
0.10912 62 27
0.12004 59 47
0.10912 62 35
0.12004 60 50
0.10912 62 36
0.12004 59 44
0.10912 62 30
0.12095 60 52
0.10995 62 31
0.12180 57 40
0.11849 62 28
0.10872 59 42
0.10872 62 36
0.10954 59 42
0.10954 62 36
0.10954 59 42
0.10954 62 32
0.10954 59 38
0.10954 62 33
0.10872 59 39
0.10872 62 32
0.10954 59 39
0.10954 62 34
0.10954 59 42
0.10954 62 37
0.10954 59 42
0.10954 62 38
0.11038 60 42
0.11038 62 36
0.11038 59 42
0.11038 62 36
0.12049 57 39
0.10954 62 29
0.12049 59 42
0.10954 62 32
0.12049 60 48
0.10954 62 36
0.12049 59 43
0.10954 62 30
0.12095 60 48
0.10995 62 36
0.12166 57 43
0.11706 62 30
0.11842 0 0
0.11240 59 39
0.11100 62 42
0.10997 67 39
0.44865 71 48
0.11429 0 0
0.11177 60 42
0.11077 64 44
0.10972 67 41
0.44282 72 52
0.11842 0 0
0.11245 57 39
0.11114 60 42
0.11079 66 39
0.44408 69 48
0.11155 0 0
0.11075 59 42
0.11028 62 44
0.10981 66 41
0.44282 71 52
0.11505 0 0
0.11182 55 39
0.11094 59 42
0.11007 64 39
0.44275 67 48
0.11408 0 0
0.11162 57 42
0.11047 60 44
0.10936 64 41
0.44282 69 52
0.11897 0 0
0.11038 54 39
0.11038 57 42
0.11038 62 39
0.44408 66 48
0.11429 0 0
0.10995 55 42
0.10995 59 44
0.10995 62 41
0.44282 67 52
0.10995 60 44
0.10995 64 44
0.10995 0 0
0.10995 60 39
0.10995 64 39
0.10995 0 0
0.10995 60 39
0.10995 64 39
0.10995 0 0
0.10995 64 39
0.10995 60 39
0.10995 0 0
0.10995 64 44
0.10995 60 44
0.10995 0 0
0.10995 64 40
0.10995 60 40
0.10995 0 0
0.10995 60 40
0.10995 64 40
0.10995 0 0
0.11383 64 41
0.11383 60 41
0.11383 0 0
0.10954 60 50
0.10954 64 50
0.10954 0 0
0.10954 60 44
0.10954 64 44
0.10954 0 0
0.10954 60 44
0.10954 64 44
0.10954 0 0
0.10954 64 44
0.10954 60 44
0.10954 0 0
0.10954 64 49
0.10954 60 49
0.10954 0 0
0.10954 60 46
0.10954 64 46
0.10954 0 0
0.10954 64 46
0.10954 60 46
0.10954 0 0
0.10954 64 46
0.10954 60 46
0.11383 0 0
0.10912 62 50
0.10912 71 42
0.10912 67 42
0.11474 71 42
0.10912 62 49
0.10912 71 42
0.10912 67 42
0.10912 71 42
0.10912 62 48
0.10912 71 42
0.10912 67 42
0.10912 71 42
0.10912 62 49
0.10912 71 42
0.10912 67 42
0.11662 71 42
0.11787 62 50
0.11599 72 42
0.11423 66 42
0.11252 72 42
0.11258 62 49
0.11314 72 42
0.11222 66 42
0.11132 72 42
0.11122 62 48
0.11122 72 42
0.11122 66 42
0.11161 72 42
0.11279 62 49
0.11403 72 42
0.11530 66 42
0.11612 72 42
0.46447 67 49
0.46447 71 58
0.92313 0 0
0.46097 62 40
0.46097 72 48
0.46097 69 40
0.46447 71 58
0.46447 67 49
0.92543 0 0
0.46349 50 40
0.46349 60 48
0.46349 57 40
0.12198 59 52
0.12198 55 44
0.36594 0 0
0.12198 55 52
0.12198 43 44
0.36594 0 0
0.48792 55 52
0.48792 43 44
0.48792 0 0
0.46261 43 49
0.46261 55 58
0.91776 0 0
0.46097 62 40
0.46097 72 48
0.46097 69 40
0.46261 70 58
0.46261 67 49
0.92135 0 0
0.46349 50 40
0.46349 60 48
0.46349 57 40
0.13501 0 0
0.12472 43 49
0.12472 45 51
0.12536 46 52
0.12677 48 54
0.12807 50 56
0.12934 52 58
0.13218 54 60
0.47720 55 61
0.59495 0 0
0.12570 45 53
0.12570 47 55
0.12589 49 57
0.12700 50 60
0.12798 52 62
0.12901 54 64
0.13111 56 66
0.47320 57 68
0.46695 0 0
0.46261 38 71
0.46261 50 71
0.91632 0 0
0.45827 57 44
0.45827 67 52
0.45827 64 44
0.45779 62 53
0.46261 65 63
0.92135 0 0
0.46079 45 40
0.46079 55 48
0.46079 52 40
0.47325 53 62
0.47325 50 62
0.59855 0 0
0.12621 62 53
0.12621 65 63
0.12621 64 61
0.12659 62 59
0.12779 60 56
0.12911 59 54
0.13188 57 52
0.48068 56 57
0.59624 0 0
0.12621 56 52
0.12621 59 61
0.12621 57 59
0.12659 56 57
0.12779 53 55
0.12911 52 53
0.13200 50 50
0.48192 48 57
0.60160 0 0
0.12621 62 58
0.12621 69 66
0.12621 67 64
0.12659 65 62
0.12779 64 61
0.12911 62 59
0.13140 60 58
0.47594 59 68
0.60160 0 0
0.12621 60 50
0.12621 67 58
0.12621 65 56
0.12659 64 55
0.12779 62 53
0.12911 60 51
0.13140 59 49
0.47594 57 57
0.59624 0 0
0.12621 59 50
0.12621 65 56
0.12621 64 54
0.12659 62 53
0.12779 60 51
0.12911 59 49
0.13200 57 48
0.48192 56 54
0.59624 0 0
0.12621 57 44
0.12621 60 52
0.12621 59 50
0.12659 57 48
0.12779 55 46
0.12911 53 45
0.13194 52 43
0.94851 50 51
0.96124 58 57
0.96124 55 46
0.96124 48 46
0.21972 65 40
0.21972 72 30
0.21972 69 30
0.21972 72 30
0.21659 65 40
0.21659 72 30
0.22203 69 30
0.22203 72 30
0.22203 67 30
0.21959 72 29
0.21837 70 31
0.21837 72 28
0.22020 65 40
0.22020 72 29
0.22020 69 32
0.22020 72 29
0.21659 65 40
0.21659 74 32
0.21659 70 32
0.21659 74 32
0.21482 65 40
0.21482 72 32
0.21747 69 32
0.21747 72 32
0.21482 64 40
0.21482 72 32
0.21482 67 32
0.21482 72 32
0.21482 65 40
0.21482 72 34
0.21482 69 34
0.22215 72 34
0.43930 70 40
0.86171 0 0
0.43908 65 40
0.43908 58 40
0.43668 65 40
0.43668 57 40
0.86285 0 0
0.44232 65 40
0.44232 57 40
0.43460 65 40
0.43460 55 40
0.85947 0 0
0.44149 64 40
0.44149 55 40
0.44127 65 40
0.44127 53 40
1.31504 0 0
0.22060 53 48
0.12051 55 42
0.11999 57 42
0.11948 58 43
0.11897 60 45
0.11847 62 46
0.11793 64 47
0.11733 65 49
0.11789 64 48
0.11856 62 48
0.11922 60 47
0.11989 58 46
0.12048 57 45
0.12125 55 43
0.12137 53 42
0.21896 52 48
0.11986 53 42
0.11956 55 42
0.11913 57 43
0.11876 59 45
0.11847 60 46
0.11779 62 47
0.11760 64 49
0.11837 62 48
0.11911 60 48
0.11999 59 47
0.12082 57 46
0.12156 55 45
0.12244 53 43
0.12167 52 42
0.21797 50 48
0.11930 52 42
0.11894 53 42
0.11864 55 43
0.11820 57 45
0.11785 59 46
0.11718 60 47
0.11726 62 49
0.11797 60 48
0.11877 59 48
0.11964 57 47
0.12039 55 46
0.12121 53 45
0.12200 52 43
0.12211 50 42
0.22162 48 48
0.12105 50 42
0.12049 52 42
0.11990 53 43
0.11939 55 45
0.11881 57 46
0.11827 59 47
0.11780 60 49
0.11845 59 48
0.11926 57 48
0.11999 55 47
0.12082 53 46
0.12156 52 45
0.12237 50 43
0.12239 48 42
1.75261 57 38
1.75261 53 38
0.64332 53 60
0.21937 55 55
0.63861 57 60
0.22281 54 54
0.10802 43 65
0.10802 47 56
0.10751 50 56
0.10751 55 50
0.10751 43 65
0.10751 48 55
0.10899 52 55
0.11196 55 50
0.10802 43 65
0.10802 47 55
0.10791 50 55
0.10791 55 54
0.10791 43 65
0.10791 48 57
0.10910 52 56
0.11148 55 53
0.11862 43 65
0.35587 0 0
0.12096 55 59
0.36287 0 0
0.48383 43 61
0.45358 0 0
0.11925 66 42
0.10825 67 36
0.11833 66 42
0.10771 67 36
0.11854 66 42
0.10763 67 38
0.11862 66 42
0.11340 67 37
0.11875 65 42
0.10796 67 36
0.11833 65 42
0.10791 67 37
0.11821 65 42
0.10828 67 37
0.11894 65 42
0.11429 67 38
0.10872 64 42
0.10872 67 36
0.10954 64 42
0.10954 67 36
0.10954 64 42
0.10954 67 32
0.10954 64 38
0.10954 67 33
0.10872 64 39
0.10872 67 32
0.10954 64 39
0.10954 67 34
0.10954 64 42
0.10954 67 37
0.10954 64 42
0.10954 67 38
0.11038 65 46
0.11038 67 38
0.11038 64 42
0.11038 67 36
0.12004 62 39
0.10912 67 27
0.12004 64 47
0.10912 67 35
0.12004 65 50
0.10912 67 36
0.12004 64 44
0.10912 67 30
0.12095 65 52
0.10995 67 31
0.12180 62 40
0.11849 67 28
0.10872 64 42
0.10872 67 36
0.10954 64 42
0.10954 67 36
0.10954 64 42
0.10954 67 32
0.10954 64 38
0.10954 67 33
0.10872 64 39
0.10872 67 32
0.10954 64 39
0.10954 67 34
0.10954 64 42
0.10954 67 37
0.10954 64 42
0.10954 67 38
0.11038 65 42
0.11038 67 36
0.11038 64 42
0.11038 67 36
0.12049 62 39
0.10954 67 29
0.12049 64 42
0.10954 67 32
0.12049 65 48
0.10954 67 36
0.12049 64 43
0.10954 67 30
0.12095 65 48
0.10995 67 36
0.12166 62 43
0.11706 67 30
0.11842 0 0
0.11240 52 37
0.11100 55 39
0.10997 60 37
0.44865 64 45
0.11429 0 0
0.11177 53 39
0.11077 57 41
0.10972 60 38
0.44282 65 49
0.11842 0 0
0.11245 50 37
0.11114 53 39
0.11079 59 37
0.44031 62 45
0.11397 0 0
0.11075 52 39
0.11028 55 41
0.11706 59 38
0.44282 64 49
0.11897 0 0
0.11182 60 39
0.11094 64 42
0.11007 69 39
0.44408 72 48
0.11408 0 0
0.11162 62 42
0.11047 65 44
0.10936 69 41
0.44066 74 52
0.11429 0 0
0.11038 59 39
0.11038 62 42
0.11038 67 39
0.44248 71 48
0.11429 0 0
0.10995 60 42
0.10995 64 44
0.10995 67 41
0.44282 72 52
0.21991 0 0
0.10995 65 39
0.10995 69 39
0.10995 0 0
0.10995 65 39
0.10995 69 39
0.10995 0 0
0.10995 69 39
0.10995 65 39
0.10995 0 0
0.10995 65 44
0.10995 69 44
0.10995 0 0
0.10995 69 40
0.10995 65 40
0.10995 0 0
0.10995 69 40
0.10995 65 40
0.10995 0 0
0.11383 69 41
0.11383 65 41
0.33374 0 0
0.10995 60 40
0.10995 63 40
0.10995 54 40
0.10995 0 0
0.10995 60 41
0.10995 63 41
0.10995 54 41
0.10995 0 0
0.10995 63 41
0.10995 60 41
0.10995 54 41
0.10995 0 0
0.10995 63 47
0.10995 60 47
0.10995 54 47
0.10995 0 0
0.10995 63 43
0.10995 60 43
0.10995 54 43
0.10995 0 0
0.10995 63 43
0.10995 60 43
0.10995 54 43
0.10995 0 0
0.11383 60 44
0.11383 63 44
0.11383 54 44
0.11383 0 0
0.11383 55 54
0.11383 64 42
0.11383 60 42
0.11474 64 42
0.10912 55 56
0.10912 64 44
0.10912 60 42
0.10912 64 42
0.10912 55 48
0.10912 64 42
0.10912 60 42
0.10912 64 42
0.10912 55 49
0.10912 64 42
0.10912 60 42
0.11662 64 42
0.11787 55 50
0.11599 65 42
0.11423 59 42
0.11252 65 42
0.11258 55 49
0.11314 65 42
0.11222 59 42
0.11132 65 42
0.11122 55 48
0.11122 65 42
0.11122 59 42
0.11161 65 42
0.11279 55 49
0.11403 65 42
0.11530 59 42
0.11612 65 42
0.46447 60 49
0.46447 64 58
0.92313 0 0
0.46097 62 40
0.46097 65 48
0.46097 55 40
0.46447 60 49
0.46447 64 58
0.92543 0 0
0.46349 53 48
0.46349 50 40
0.46349 43 40
0.12198 48 44
0.12198 52 52
0.36594 0 0
0.12198 60 59
0.36594 0 0
0.48792 36 44
0.48792 48 55
0.48792 0 0
0.46261 43 49
0.46261 55 58
0.91776 0 0
0.46097 62 40
0.46097 72 48
0.46097 69 40
0.46261 70 58
0.46261 67 49
0.92135 0 0
0.46349 50 40
0.46349 60 48
0.46349 57 40
0.13501 0 0
0.12472 43 49
0.12472 45 51
0.12536 46 52
0.12677 48 54
0.12807 50 56
0.12934 52 58
0.13218 54 60
0.47720 55 61
0.59495 0 0
0.12570 45 53
0.12570 47 55
0.12589 49 57
0.12700 50 60
0.12798 52 62
0.12901 54 64
0.13111 56 66
0.47320 57 68
0.46695 0 0
0.46261 38 71
0.46261 50 71
0.91632 0 0
0.45827 57 44
0.45827 67 52
0.45827 64 44
0.45971 62 53
0.46261 65 63
0.92135 0 0
0.46079 45 40
0.46079 55 48
0.46079 52 40
0.47325 53 62
0.47325 50 62
0.59855 0 0
0.12621 62 53
0.12621 65 63
0.12621 64 61
0.12659 62 59
0.12779 60 56
0.12911 59 54
0.13188 57 52
0.48068 56 57
0.59624 0 0
0.12621 56 52
0.12621 59 61
0.12621 57 59
0.12659 56 57
0.12779 53 55
0.12911 52 53
0.13200 50 50
0.48192 48 57
0.60160 0 0
0.12621 62 58
0.12621 69 66
0.12621 67 64
0.12659 65 62
0.12779 64 61
0.12911 62 59
0.13140 60 58
0.47594 59 68
0.60160 0 0
0.12621 60 50
0.12621 67 58
0.12621 65 56
0.12659 64 55
0.12779 62 53
0.12911 60 51
0.13140 59 49
0.47594 57 57
0.59624 0 0
0.12621 59 50
0.12621 65 56
0.12621 64 54
0.12659 62 53
0.12779 60 51
0.12911 59 49
0.13200 57 48
0.48192 56 54
0.59624 0 0
0.12621 57 44
0.12621 60 52
0.12621 59 50
0.12659 57 48
0.12779 55 46
0.12911 53 45
0.13194 52 43
0.94851 50 51
0.96124 58 57
0.96124 55 46
0.96124 48 46
0.21972 65 40
0.21972 72 30
0.21972 69 30
0.21972 72 30
0.21659 65 40
0.21659 72 30
0.22203 69 30
0.22203 72 30
0.22203 67 30
0.21959 72 29
0.21837 70 31
0.21837 72 28
0.22020 65 40
0.22020 72 29
0.22020 69 32
0.22020 72 29
0.21659 65 40
0.21659 74 32
0.21659 70 32
0.21659 74 32
0.21482 65 40
0.21482 72 32
0.21747 69 32
0.21747 72 32
0.21482 64 40
0.21482 72 32
0.21482 67 32
0.21482 72 32
0.21482 65 40
0.21482 72 34
0.21482 69 34
0.22215 72 34
0.43930 70 40
0.86171 0 0
0.43908 65 40
0.43908 58 40
0.43668 65 40
0.43668 57 40
0.86285 0 0
0.44232 65 40
0.44232 57 40
0.43460 65 40
0.43460 55 40
0.85947 0 0
0.44149 64 40
0.44149 55 40
0.44127 65 40
0.44127 53 40
1.31504 0 0
0.22060 53 48
0.12051 55 42
0.11999 57 42
0.11948 58 43
0.11897 60 45
0.11847 62 46
0.11793 64 47
0.11733 65 49
0.11789 64 48
0.11856 62 48
0.11922 60 47
0.11989 58 46
0.12048 57 45
0.12125 55 43
0.12137 53 42
0.21896 52 48
0.11986 53 42
0.11956 55 42
0.11913 57 43
0.11876 59 45
0.11847 60 46
0.11779 62 47
0.11760 64 49
0.11837 62 48
0.11911 60 48
0.11999 59 47
0.12082 57 46
0.12156 55 45
0.12244 53 43
0.12167 52 42
0.21797 50 48
0.11930 52 42
0.11894 53 42
0.11864 55 43
0.11820 57 45
0.11785 59 46
0.11718 60 47
0.11726 62 49
0.11797 60 48
0.11877 59 48
0.11964 57 47
0.12039 55 46
0.12121 53 45
0.12200 52 43
0.12211 50 42
0.22162 48 48
0.12105 50 42
0.12049 52 42
0.11990 53 43
0.11939 55 45
0.11881 57 46
0.11827 59 47
0.11780 60 49
0.11845 59 48
0.11926 57 48
0.11999 55 47
0.12082 53 46
0.12156 52 45
0.12237 50 43
0.12239 48 42
1.75261 57 38
1.75261 53 38
0.64332 53 60
0.21937 55 55
0.63861 57 60
0.22281 54 54
0.10802 43 65
0.10802 47 56
0.10751 50 56
0.10751 55 50
0.10751 43 65
0.10751 48 55
0.10899 52 55
0.11196 55 50
0.10802 43 65
0.10802 47 55
0.10791 50 55
0.10791 55 54
0.10791 43 65
0.10791 48 57
0.10910 52 56
0.11148 55 53
0.11862 43 65
0.35587 0 0
0.12096 55 59
0.36287 0 0
0.48383 43 61
0.45358 0 0
0.11925 66 42
0.10825 67 36
0.11833 66 42
0.10771 67 36
0.11854 66 42
0.10763 67 38
0.11862 66 42
0.11340 67 37
0.11875 65 42
0.10796 67 36
0.11833 65 42
0.10791 67 37
0.11821 65 42
0.10828 67 37
0.11894 65 42
0.11429 67 38
0.10872 64 42
0.10872 67 36
0.10954 64 42
0.10954 67 36
0.10954 64 42
0.10954 67 32
0.10954 64 38
0.10954 67 33
0.10872 64 39
0.10872 67 32
0.10954 64 39
0.10954 67 34
0.10954 64 42
0.10954 67 37
0.10954 64 42
0.10954 67 38
0.11038 65 46
0.11038 67 38
0.11038 64 42
0.11038 67 36
0.12004 62 39
0.10912 67 27
0.12004 64 47
0.10912 67 35
0.12004 65 50
0.10912 67 36
0.12004 64 44
0.10912 67 30
0.12095 65 52
0.10995 67 31
0.12180 62 40
0.11849 67 28
0.10872 64 42
0.10872 67 36
0.10954 64 42
0.10954 67 36
0.10954 64 42
0.10954 67 32
0.10954 64 38
0.10954 67 33
0.10872 64 39
0.10872 67 32
0.10954 64 39
0.10954 67 34
0.10954 64 42
0.10954 67 37
0.10954 64 42
0.10954 67 38
0.11038 65 42
0.11038 67 36
0.11038 64 42
0.11038 67 36
0.12049 62 39
0.10954 67 29
0.12049 64 42
0.10954 67 32
0.12049 65 48
0.10954 67 36
0.12049 64 43
0.10954 67 30
0.12095 65 48
0.10995 67 36
0.12166 62 43
0.11706 67 30
0.11842 0 0
0.11240 52 37
0.11100 55 39
0.10997 60 37
0.44865 64 45
0.11429 0 0
0.11177 53 39
0.11077 57 41
0.10972 60 38
0.44282 65 49
0.11842 0 0
0.11245 50 37
0.11114 53 39
0.11079 59 37
0.43798 62 45
0.11397 0 0
0.11075 52 39
0.11028 55 41
0.11706 59 38
0.44282 64 49
0.11897 0 0
0.11182 60 39
0.11094 64 42
0.11007 69 39
0.44408 72 48
0.11408 0 0
0.11162 62 42
0.11047 65 44
0.10936 69 41
0.44282 74 52
0.11429 0 0
0.11038 59 39
0.11038 62 42
0.11038 67 39
0.44248 71 48
0.11429 0 0
0.10995 60 42
0.10995 64 44
0.10995 67 41
0.44282 72 52
0.21991 0 0
0.10995 65 39
0.10995 69 39
0.10995 0 0
0.10995 65 39
0.10995 69 39
0.10995 0 0
0.10995 69 39
0.10995 65 39
0.10995 0 0
0.10995 65 44
0.10995 69 44
0.10995 0 0
0.10995 69 40
0.10995 65 40
0.10995 0 0
0.10995 69 40
0.10995 65 40
0.10995 0 0
0.11383 69 41
0.11383 65 41
0.33374 0 0
0.10995 60 40
0.10995 63 40
0.10995 54 40
0.10995 0 0
0.10995 60 41
0.10995 63 41
0.10995 54 41
0.10995 0 0
0.10995 63 41
0.10995 60 41
0.10995 54 41
0.10995 0 0
0.10995 63 47
0.10995 60 47
0.10995 54 47
0.10995 0 0
0.10995 63 43
0.10995 60 43
0.10995 54 43
0.10995 0 0
0.10995 63 43
0.10995 60 43
0.10995 54 43
0.10995 0 0
0.11383 60 44
0.11383 63 44
0.11383 54 44
0.11383 0 0
0.11383 55 54
0.11383 64 42
0.11383 60 42
0.11474 64 42
0.10912 55 56
0.10912 64 44
0.10912 60 42
0.10912 64 42
0.10912 55 48
0.10912 64 42
0.10912 60 42
0.10912 64 42
0.10912 55 49
0.10912 64 42
0.10912 60 42
0.11662 64 42
0.11787 55 50
0.11599 65 42
0.11423 59 42
0.11252 65 42
0.11258 55 49
0.11314 65 42
0.11222 59 42
0.11132 65 42
0.11122 55 48
0.11122 65 42
0.11122 59 42
0.11161 65 42
0.11279 55 49
0.11403 65 42
0.11530 59 42
0.11612 65 42
0.46447 60 49
0.46447 64 58
0.92313 0 0
0.46097 62 40
0.46097 65 48
0.46097 55 40
0.46447 60 49
0.46447 64 58
0.92543 0 0
0.46349 53 48
0.46349 50 40
0.46349 43 40
0.13270 48 44
0.13270 52 52
0.39809 0 0
0.12983 60 59
0.38948 0 0
0.51930 36 44
0.51930 48 58
