"New Song"

# Piano right
0.000000 69 47
0.070000 88 86
0.140000 70 79
0.210000 42 47
0.280000 77 81
0.350000 70 79
0.420000 70 75
0.490000 83 33
0.560000 67 52
0.630000 77 57
0.700000 65 49
0.770000 57 39
0.840000 61 17
0.910000 88 86
0.980000 70 79
1.050000 83 33
1.120000 64 94
1.190000 77 81
1.260000 79 69
1.330000 77 57
1.400000 83 43
1.470000 70 75
1.540000 47 34
1.610000 62 34
1.680000 70 75
1.750000 61 17
1.820000 70 34
1.890000 66 41
1.960000 63 44
2.030000 77 57
2.100000 79 66
2.170000 76 28
2.240000 88 86
2.310000 72 49
2.380000 71 39
2.450000 76 28
2.520000 83 66
2.590000 89 72
2.660000 83 33
2.730000 77 57
2.800000 61 17
2.870000 74 57
2.940000 57 39
3.010000 62 45
3.080000 63 44
3.150000 77 81
3.220000 94 70
3.290000 77 81
3.360000 70 79
3.430000 83 33
3.500000 66 34
3.570000 54 33
3.640000 63 44
3.710000 74 57
3.780000 85 38
3.850000 74 57
3.920000 55 107
3.990000 55 39
4.060000 77 81
4.130000 72 72
4.200000 94 70
4.270000 86 65
4.340000 55 31
4.410000 49 68
4.480000 71 59
4.550000 76 28
4.620000 50 64
4.690000 49 68
4.760000 76 52
4.830000 74 57
4.900000 57 39
4.970000 70 79
5.040000 66 41
5.110000 66 41
5.180000 63 44
5.250000 48 30
5.320000 76 28
5.390000 66 34
5.460000 57 50
5.530000 61 38
5.600000 64 36
5.670000 81 48
5.740000 71 39
5.810000 71 39
5.880000 65 28
5.950000 66 62
6.020000 61 38
6.090000 55 58
6.160000 85 38
6.230000 61 38
6.300000 71 52
6.370000 55 58
6.440000 65 49
6.510000 55 39
6.580000 70 79
6.650000 66 62
6.720000 70 37
6.790000 49 68
6.860000 77 57
6.930000 63 44
