"alb_esp6"

# Piano right
0.000000 0 0
0.070000 0 0
0.140000 0 0
0.210000 0 0
0.280000 0 0
0.350000 0 0
0.420000 0 0
0.490000 0 0
0.560000 0 0
0.630000 0 0
0.700000 0 0
0.770000 0 0
0.840000 0 0
0.910000 0 0
0.980000 0 0
1.050000 0 0
1.120000 0 0
1.190000 0 0
1.260000 0 0
1.330000 0 0
1.400000 0 0
1.470000 0 0
1.540000 0 0
1.610000 0 0
1.680000 0 0
1.750000 0 0
1.820000 0 0
1.890000 0 0
1.960000 0 0
2.030000 0 0
2.100000 0 0
2.170000 65 49
2.240000 65 49
2.310000 65 49
2.380000 65 49
2.450000 65 49
2.520000 65 49
2.590000 65 49
2.660000 66 50
2.730000 66 50
2.800000 66 50
2.870000 0 0
2.940000 66 47
3.010000 66 47
3.080000 66 47
3.150000 66 47
3.220000 66 47
3.290000 0 0
3.360000 64 44
3.430000 63 47
3.500000 63 47
3.570000 63 47
3.640000 63 47
3.710000 63 47
3.780000 0 0
3.850000 67 51
3.920000 0 0
3.990000 64 47
4.060000 64 47
4.130000 64 47
4.200000 0 0
4.270000 68 49
4.340000 68 49
4.410000 68 49
4.480000 68 49
4.550000 68 49
4.620000 80 58
4.690000 0 0
4.760000 78 55
4.830000 78 55
4.900000 78 55
4.970000 78 55
5.040000 78 55
5.110000 0 0
5.180000 76 52
5.250000 0 0
5.320000 75 56
5.390000 76 48
5.460000 75 48
5.530000 0 0
5.600000 73 53
5.670000 73 53
5.740000 73 53
5.810000 73 53
5.880000 73 53
5.950000 75 52
6.020000 0 0
6.090000 73 47
6.160000 73 47
6.230000 73 47
6.300000 73 47
6.370000 73 47
6.440000 0 0
6.510000 73 52
6.580000 0 0
6.650000 68 40
6.720000 68 40
6.790000 68 40
6.860000 68 40
6.930000 68 40
7.000000 68 40
7.070000 68 40
7.140000 68 40
7.210000 68 40
7.280000 68 40
7.350000 68 40
7.420000 0 0
7.490000 0 0
7.560000 0 0
7.630000 0 0
7.700000 0 0
7.770000 0 0
7.840000 0 0
7.910000 0 0
7.980000 71 49
8.050000 71 49
8.120000 71 49
8.190000 0 0
8.260000 73 49
8.330000 73 49
8.400000 73 49
8.470000 73 49
8.540000 73 49
8.610000 0 0
8.680000 74 55
8.750000 83 50
8.820000 77 49
8.890000 77 49
8.960000 77 49
9.030000 77 49
9.100000 77 49
9.170000 77 49
9.240000 77 49
9.310000 73 46
9.380000 73 46
9.450000 73 46
9.520000 73 46
9.590000 73 46
9.660000 73 46
9.730000 73 46
9.800000 73 46
9.870000 73 46
9.940000 73 46
10.010000 73 46
10.080000 0 0
10.150000 78 53
10.220000 78 53
10.290000 78 53
10.360000 78 53
10.430000 78 53
10.500000 72 55
10.570000 0 0
10.640000 69 47
10.710000 69 47
10.780000 69 47
10.850000 69 47
10.920000 69 47
10.990000 69 47
11.060000 69 47
11.130000 69 47
11.200000 69 47
11.270000 69 47
11.340000 69 47
11.410000 0 0
11.480000 81 61
11.550000 81 61
11.620000 81 61
11.690000 81 61
11.760000 81 61
11.830000 80 57
11.900000 80 57
11.970000 71 38
12.040000 71 38
12.110000 71 38
12.180000 71 38
12.250000 71 38
12.320000 71 38
12.390000 71 38
12.460000 71 38
12.530000 71 38
12.600000 71 38
12.670000 71 38
12.740000 71 38
12.810000 71 38
12.880000 71 38
12.950000 71 38
13.020000 71 38
13.090000 71 38
13.160000 0 0
13.230000 65 49
13.300000 65 49
13.370000 66 50
13.440000 66 50
13.510000 66 50
13.580000 0 0
13.650000 66 47
13.720000 66 47
13.790000 66 47
13.860000 66 47
13.930000 66 47
14.000000 64 44
14.070000 0 0
14.140000 63 47
14.210000 63 47
14.280000 63 47
14.350000 63 47
14.420000 63 47
14.490000 0 0
14.560000 67 51
14.630000 0 0
14.700000 64 47
14.770000 64 47
14.840000 64 47
14.910000 0 0
14.980000 68 49
15.050000 68 49
15.120000 68 49
15.190000 68 49
15.260000 68 49
15.330000 80 60
15.400000 0 0
15.470000 78 55
15.540000 78 55
15.610000 78 55
15.680000 78 55
15.750000 78 55
15.820000 0 0
15.890000 76 52
15.960000 0 0
16.030000 75 56
16.100000 76 48
16.170000 75 48
16.240000 73 53
16.310000 73 53
16.380000 73 53
16.450000 73 53
16.520000 73 53
16.590000 0 0
16.660000 75 52
16.730000 0 0
16.800000 73 47
16.870000 73 47
16.940000 73 47
17.010000 73 47
17.080000 73 47
17.150000 0 0
17.220000 73 52
17.290000 0 0
17.360000 68 40
17.430000 68 40
17.500000 68 40
17.570000 68 40
17.640000 68 40
17.710000 68 40
17.780000 68 40
17.850000 68 40
17.920000 68 40
17.990000 68 40
18.060000 68 40
18.130000 0 0
18.200000 0 0
18.270000 0 0
18.340000 0 0
18.410000 0 0
18.480000 0 0
18.550000 0 0
18.620000 0 0
18.690000 76 52
18.760000 76 52
18.830000 76 52
18.900000 76 52
18.970000 76 52
19.040000 76 52
19.110000 76 52
19.180000 76 52
19.250000 76 52
19.320000 76 52
19.390000 76 52
19.460000 79 51
19.530000 79 51
19.600000 79 51
19.670000 79 51
19.740000 79 51
19.810000 79 51
19.880000 79 51
19.950000 0 0
20.020000 75 48
20.090000 75 48
20.160000 75 48
20.230000 75 48
20.300000 75 48
20.370000 75 48
20.440000 75 48
20.510000 75 48
20.580000 75 48
20.650000 75 48
20.720000 75 48
20.790000 78 44
20.860000 78 44
20.930000 78 44
21.000000 78 44
21.070000 78 44
21.140000 78 44
21.210000 78 44
21.280000 0 0
21.350000 77 56
21.420000 77 56
21.490000 77 56
21.560000 0 0
21.630000 78 55
21.700000 78 55
21.770000 78 55
21.840000 78 55
21.910000 78 55
21.980000 80 55
22.050000 80 55
22.120000 0 0
22.190000 81 58
22.260000 81 58
22.330000 81 58
22.400000 81 58
22.470000 81 58
22.540000 81 58
22.610000 81 58
22.680000 78 60
22.750000 78 60
22.820000 78 60
22.890000 0 0
22.960000 81 58
23.030000 81 58
23.100000 81 58
23.170000 81 58
23.240000 81 58
23.310000 0 0
23.380000 80 53
23.450000 76 55
23.520000 76 55
23.590000 76 55
23.660000 76 55
23.730000 76 55
23.800000 76 55
23.870000 76 55
23.940000 0 0
24.010000 69 60
24.080000 69 60
24.150000 69 60
24.220000 0 0
24.290000 69 56
24.360000 69 56
24.430000 69 56
24.500000 69 56
24.570000 69 56
24.640000 0 0
24.710000 73 52
24.780000 71 56
24.850000 71 56
24.920000 71 56
24.990000 71 56
25.060000 71 56
25.130000 0 0
25.200000 63 42
25.270000 0 0
25.340000 68 56
25.410000 68 56
25.480000 68 56
25.550000 0 0
25.620000 71 58
25.690000 71 58
25.760000 71 58
25.830000 71 58
25.900000 71 58
25.970000 76 50
26.040000 0 0
26.110000 75 46
26.180000 75 46
26.250000 75 46
26.320000 75 46
26.390000 75 46
26.460000 0 0
26.530000 76 52
26.600000 0 0
26.670000 71 47
26.740000 73 40
26.810000 71 40
26.880000 0 0
26.950000 69 45
27.020000 69 45
27.090000 69 45
27.160000 69 45
27.230000 69 45
27.300000 71 44
27.370000 0 0
27.440000 73 47
27.510000 73 47
27.580000 73 47
27.650000 73 47
27.720000 73 47
27.790000 0 0
27.860000 69 44
27.930000 0 0
28.000000 68 40
28.070000 68 40
28.140000 68 40
28.210000 68 40
28.280000 68 40
28.350000 68 40
28.420000 68 40
28.490000 68 40
28.560000 68 40
28.630000 68 40
28.700000 68 40
28.770000 0 0
28.840000 0 0
28.910000 0 0
28.980000 0 0
29.050000 0 0
29.120000 0 0
29.190000 0 0
29.260000 0 0
29.330000 77 56
29.400000 77 56
29.470000 77 56
29.540000 0 0
29.610000 78 55
29.680000 78 55
29.750000 78 55
29.820000 78 55
29.890000 78 55
29.960000 0 0
30.030000 80 55
30.100000 83 50
30.170000 77 46
30.240000 77 46
30.310000 77 46
30.380000 77 46
30.450000 77 46
30.520000 77 46
30.590000 77 46
30.660000 85 46
30.730000 85 46
30.800000 85 46
30.870000 85 46
30.940000 85 46
31.010000 85 46
31.080000 85 46
31.150000 85 46
31.220000 85 46
31.290000 85 46
31.360000 85 46
31.430000 0 0
31.500000 78 55
31.570000 78 55
31.640000 78 55
31.710000 78 55
31.780000 78 55
31.850000 72 55
31.920000 0 0
31.990000 69 47
32.060000 69 47
32.130000 69 47
32.200000 69 47
32.270000 69 47
32.340000 69 47
32.410000 69 47
32.480000 69 47
32.550000 69 47
32.620000 69 47
32.690000 69 47
32.760000 0 0
32.830000 75 47
32.900000 75 47
32.970000 75 47
33.040000 75 47
33.110000 75 47
33.180000 75 47
33.250000 75 47
33.320000 71 39
33.390000 71 39
33.460000 71 39
33.530000 71 39
33.600000 71 39
33.670000 71 39
33.740000 71 39
33.810000 71 39
33.880000 71 39
33.950000 71 39
34.020000 71 39
34.090000 71 39
34.160000 71 39
34.230000 71 39
34.300000 71 39
34.370000 71 39
34.440000 71 39
34.510000 0 0
34.580000 68 58
34.650000 68 58
34.720000 69 60
34.790000 69 60
34.860000 69 60
34.930000 0 0
35.000000 66 47
35.070000 66 47
35.140000 66 47
35.210000 66 47
35.280000 66 47
35.350000 64 44
35.420000 0 0
35.490000 63 47
35.560000 63 47
35.630000 63 47
35.700000 63 47
35.770000 63 47
35.840000 0 0
35.910000 67 51
35.980000 0 0
36.050000 64 47
36.120000 64 47
36.190000 64 47
36.260000 0 0
36.330000 68 49
36.400000 68 49
36.470000 68 49
36.540000 68 49
36.610000 68 49
36.680000 80 60
36.750000 0 0
36.820000 75 46
36.890000 75 46
36.960000 75 46
37.030000 75 46
37.100000 75 46
37.170000 0 0
37.240000 76 52
37.310000 0 0
37.380000 75 56
37.450000 76 48
37.520000 75 48
37.590000 73 53
37.660000 73 53
37.730000 73 53
37.800000 73 53
37.870000 73 53
37.940000 0 0
38.010000 75 52
38.080000 0 0
38.150000 76 56
38.220000 76 56
38.290000 76 56
38.360000 76 56
38.430000 76 56
38.500000 0 0
38.570000 69 44
38.640000 0 0
38.710000 71 48
38.780000 71 48
38.850000 71 48
38.920000 71 48
38.990000 71 48
39.060000 71 48
39.130000 71 48
39.200000 71 48
39.270000 71 48
39.340000 71 48
39.410000 71 48
39.480000 0 0
39.550000 0 0
39.620000 0 0
39.690000 0 0
39.760000 0 0
39.830000 0 0
39.900000 0 0
39.970000 0 0
40.040000 76 53
40.110000 76 53
40.180000 76 53
40.250000 76 53
40.320000 76 53
40.390000 76 53
40.460000 76 53
40.530000 76 53
40.600000 76 53
40.670000 76 53
40.740000 76 53
40.810000 79 61
40.880000 79 61
40.950000 79 61
41.020000 79 61
41.090000 79 61
41.160000 79 61
41.230000 79 61
41.300000 0 0
41.370000 75 46
41.440000 75 46
41.510000 75 46
41.580000 75 46
41.650000 75 46
41.720000 75 46
41.790000 75 46
41.860000 75 46
41.930000 75 46
42.000000 75 46
42.070000 75 46
42.140000 78 47
42.210000 78 47
42.280000 78 47
42.350000 78 47
42.420000 78 47
42.490000 78 47
42.560000 78 47
42.630000 0 0
42.700000 74 49
42.770000 74 49
42.840000 74 49
42.910000 0 0
42.980000 78 55
43.050000 78 55
43.120000 78 55
43.190000 78 55
43.260000 78 55
43.330000 80 55
43.400000 80 55
43.470000 81 58
43.540000 81 58
43.610000 81 58
43.680000 81 58
43.750000 81 58
43.820000 81 58
43.890000 81 58
43.960000 0 0
44.030000 78 60
44.100000 78 60
44.170000 78 60
44.240000 0 0
44.310000 81 58
44.380000 81 58
44.450000 81 58
44.520000 81 58
44.590000 81 58
44.660000 80 53
44.730000 0 0
44.800000 76 55
44.870000 76 55
44.940000 76 55
45.010000 76 55
45.080000 76 55
45.150000 76 55
45.220000 76 55
45.290000 0 0
45.360000 0 0
45.430000 0 0
45.500000 0 0
45.570000 0 0
45.640000 66 30
45.710000 66 30
45.780000 66 30
45.850000 66 30
45.920000 66 30
45.990000 66 30
46.060000 66 30
46.130000 66 30
46.200000 66 30
46.270000 66 30
46.340000 66 30
46.410000 66 30
46.480000 66 30
46.550000 66 30
46.620000 0 0
46.690000 0 0
46.760000 0 0
46.830000 0 0
46.900000 66 30
46.970000 66 30
47.040000 66 30
47.110000 66 30
47.180000 66 30
47.250000 66 30
47.320000 66 30
47.390000 0 0
47.460000 66 30
47.530000 66 30
47.600000 66 30
47.670000 66 30
47.740000 66 30
47.810000 66 30
47.880000 66 30
47.950000 0 0
48.020000 0 0
48.090000 0 0
48.160000 0 0
48.230000 66 30
48.300000 66 30
48.370000 66 30
48.440000 66 30
48.510000 66 30
48.580000 66 30
48.650000 66 30
48.720000 0 0
48.790000 66 30
48.860000 66 30
48.930000 66 30
49.000000 66 30
49.070000 66 30
49.140000 66 30
49.210000 66 30
49.280000 0 0
49.350000 0 0
49.420000 0 0
49.490000 0 0
49.560000 62 52
49.630000 62 52
49.700000 62 52
49.770000 62 52
49.840000 62 52
49.910000 0 0
49.980000 63 51
50.050000 0 0
50.120000 66 56
50.190000 66 56
50.260000 66 56
50.330000 66 56
50.400000 66 56
50.470000 71 56
50.540000 0 0
50.610000 69 57
50.680000 69 57
50.750000 69 57
50.820000 69 57
50.890000 69 57
50.960000 69 57
51.030000 69 57
51.100000 69 57
51.170000 69 57
51.240000 69 57
51.310000 69 57
51.380000 69 57
51.450000 69 57
51.520000 69 57
51.590000 69 57
51.660000 69 57
51.730000 69 57
51.800000 69 57
51.870000 69 57
51.940000 68 51
52.010000 68 51
52.080000 68 51
52.150000 68 51
52.220000 68 51
52.290000 68 51
52.360000 68 51
52.430000 68 51
52.500000 68 51
52.570000 68 51
52.640000 68 51
52.710000 0 0
52.780000 80 64
52.850000 80 64
52.920000 80 64
52.990000 80 64
53.060000 80 64
53.130000 83 61
53.200000 0 0
53.270000 83 62
53.340000 83 62
53.410000 83 62
53.480000 0 0
53.550000 82 55
53.620000 82 55
53.690000 82 55
53.760000 82 55
53.830000 82 55
53.900000 0 0
53.970000 78 53
54.040000 0 0
54.110000 76 58
54.180000 76 58
54.250000 76 58
54.320000 76 58
54.390000 76 58
54.460000 0 0
54.530000 74 49
54.600000 75 52
54.670000 75 52
54.740000 75 52
54.810000 75 52
54.880000 75 52
54.950000 75 52
55.020000 75 52
55.090000 75 52
55.160000 75 52
55.230000 75 52
55.300000 75 52
55.370000 75 52
55.440000 75 52
55.510000 75 52
55.580000 75 52
55.650000 75 52
55.720000 75 52
55.790000 75 52
55.860000 75 52
55.930000 0 0
56.000000 0 0
56.070000 0 0
56.140000 0 0
56.210000 0 0
56.280000 71 27
56.350000 71 27
56.420000 71 27
56.490000 71 27
56.560000 71 27
56.630000 71 27
56.700000 71 27
56.770000 71 27
56.840000 71 27
56.910000 71 27
56.980000 71 27
57.050000 71 27
57.120000 71 27
57.190000 71 27
57.260000 0 0
57.330000 0 0
57.400000 0 0
57.470000 0 0
57.540000 0 0
57.610000 71 27
57.680000 71 27
57.750000 71 27
57.820000 71 27
57.890000 71 27
57.960000 71 27
58.030000 71 27
58.100000 71 27
58.170000 71 27
58.240000 71 27
58.310000 71 27
58.380000 71 27
58.450000 71 27
58.520000 71 27
58.590000 0 0
58.660000 0 0
58.730000 0 0
58.800000 0 0
58.870000 0 0
58.940000 71 27
59.010000 71 27
59.080000 71 27
59.150000 71 27
59.220000 71 27
59.290000 71 27
59.360000 71 27
59.430000 76 39
59.500000 76 39
59.570000 76 39
59.640000 76 39
59.710000 76 39
59.780000 76 39
59.850000 76 39
59.920000 0 0
59.990000 74 47
60.060000 74 47
60.130000 74 47
60.200000 74 47
60.270000 74 47
60.340000 74 47
60.410000 74 47
60.480000 74 47
60.550000 74 47
60.620000 74 47
60.690000 74 47
60.760000 0 0
60.830000 0 0
60.900000 0 0
60.970000 0 0
61.040000 0 0
61.110000 0 0
61.180000 0 0
61.250000 0 0
61.320000 0 0
61.390000 72 56
61.460000 72 56
61.530000 72 56
61.600000 71 54
61.670000 71 54
61.740000 71 54
61.810000 71 54
61.880000 71 54
61.950000 0 0
62.020000 73 53
62.090000 0 0
62.160000 74 56
62.230000 74 56
62.300000 74 56
62.370000 74 56
62.440000 74 56
62.510000 0 0
62.580000 78 52
62.650000 78 52
62.720000 71 65
62.790000 71 65
62.860000 71 65
62.930000 0 0
63.000000 71 60
63.070000 71 60
63.140000 71 60
63.210000 71 60
63.280000 71 60
63.350000 71 60
63.420000 71 60
63.490000 71 60
63.560000 71 61
63.630000 71 61
63.700000 71 61
63.770000 71 61
63.840000 71 61
63.910000 71 61
63.980000 71 61
64.050000 71 61
64.120000 67 48
64.190000 67 48
64.260000 67 48
64.330000 0 0
64.400000 67 46
64.470000 67 46
64.540000 67 46
64.610000 67 46
64.680000 67 46
64.750000 0 0
64.820000 67 51
64.890000 67 51
64.960000 67 53
65.030000 67 53
65.100000 67 53
65.170000 67 53
65.240000 67 53
65.310000 67 53
65.380000 67 53
65.450000 0 0
65.520000 70 53
65.590000 70 53
65.660000 70 53
65.730000 70 38
65.800000 70 38
65.870000 70 38
65.940000 70 38
66.010000 70 38
66.080000 0 0
66.150000 70 36
66.220000 0 0
66.290000 66 33
66.360000 66 33
66.430000 66 33
66.500000 66 33
66.570000 66 33
66.640000 66 33
66.710000 66 33
66.780000 0 0
66.850000 0 0
66.920000 0 0
66.990000 0 0
67.060000 66 30
67.130000 66 30
67.200000 66 30
67.270000 66 30
67.340000 66 30
67.410000 66 30
67.480000 66 30
67.550000 0 0
67.620000 66 30
67.690000 66 30
67.760000 66 30
67.830000 66 30
67.900000 66 30
67.970000 66 30
68.040000 66 30
68.110000 0 0
68.180000 0 0
68.250000 0 0
68.320000 0 0
68.390000 66 30
68.460000 66 30
68.530000 66 30
68.600000 66 30
68.670000 66 30
68.740000 66 30
68.810000 66 30
68.880000 0 0
68.950000 66 30
69.020000 66 30
69.090000 66 30
69.160000 66 30
69.230000 66 30
69.300000 66 30
69.370000 66 30
69.440000 0 0
69.510000 0 0
69.580000 0 0
69.650000 0 0
69.720000 66 30
69.790000 66 30
69.860000 66 30
69.930000 66 30
70.000000 66 30
70.070000 66 30
70.140000 66 30
70.210000 66 30
70.280000 66 30
70.350000 66 30
70.420000 66 30
70.490000 66 30
70.560000 66 30
70.630000 66 30
70.700000 0 0
70.770000 0 0
70.840000 0 0
70.910000 0 0
70.980000 0 0
71.050000 62 52
71.120000 62 52
71.190000 62 52
71.260000 62 52
71.330000 62 52
71.400000 63 51
71.470000 0 0
71.540000 66 56
71.610000 66 56
71.680000 66 56
71.750000 66 56
71.820000 66 56
71.890000 0 0
71.960000 71 56
72.030000 0 0
72.100000 69 57
72.170000 69 57
72.240000 69 57
72.310000 69 57
72.380000 69 57
72.450000 69 57
72.520000 69 57
72.590000 69 57
72.660000 69 57
72.730000 69 57
72.800000 69 57
72.870000 69 57
72.940000 69 57
73.010000 69 57
73.080000 69 57
73.150000 69 57
73.220000 69 57
73.290000 69 57
73.360000 69 57
73.430000 68 51
73.500000 68 51
73.570000 68 51
73.640000 68 51
73.710000 68 51
73.780000 68 51
73.850000 68 51
73.920000 68 51
73.990000 68 51
74.060000 68 51
74.130000 68 51
74.200000 80 64
74.270000 80 64
74.340000 80 64
74.410000 80 64
74.480000 80 64
74.550000 0 0
74.620000 83 61
74.690000 0 0
74.760000 83 62
74.830000 83 62
74.900000 83 62
74.970000 0 0
75.040000 82 55
75.110000 82 55
75.180000 82 55
75.250000 82 55
75.320000 82 55
75.390000 78 53
75.460000 0 0
75.530000 76 58
75.600000 76 58
75.670000 76 58
75.740000 76 58
75.810000 76 58
75.880000 0 0
75.950000 74 49
76.020000 0 0
76.090000 75 52
76.160000 75 52
76.230000 75 52
76.300000 75 52
76.370000 75 52
76.440000 75 52
76.510000 75 52
76.580000 75 52
76.650000 75 52
76.720000 75 52
76.790000 75 52
76.860000 75 52
76.930000 75 52
77.000000 75 52
77.070000 75 52
77.140000 75 52
77.210000 75 52
77.280000 75 52
77.350000 75 52
77.420000 0 0
77.490000 0 0
77.560000 0 0
77.630000 0 0
77.700000 71 27
77.770000 71 27
77.840000 71 27
77.910000 71 27
77.980000 71 27
78.050000 71 27
78.120000 71 27
78.190000 0 0
78.260000 71 27
78.330000 71 27
78.400000 71 27
78.470000 71 27
78.540000 71 27
78.610000 71 27
78.680000 71 27
78.750000 0 0
78.820000 0 0
78.890000 0 0
78.960000 0 0
79.030000 71 27
79.100000 71 27
79.170000 71 27
79.240000 71 27
79.310000 71 27
79.380000 71 27
79.450000 71 27
79.520000 0 0
79.590000 71 27
79.660000 71 27
79.730000 71 27
79.800000 71 27
79.870000 71 27
79.940000 71 27
80.010000 71 27
80.080000 0 0
80.150000 0 0
80.220000 0 0
80.290000 0 0
80.360000 71 27
80.430000 71 27
80.500000 71 27
80.570000 71 27
80.640000 71 27
80.710000 71 27
80.780000 71 27
80.850000 0 0
80.920000 76 39
80.990000 76 39
81.060000 76 39
81.130000 76 39
81.200000 76 39
81.270000 76 39
81.340000 76 39
81.410000 0 0
81.480000 74 47
81.550000 74 47
81.620000 74 47
81.690000 74 47
81.760000 74 47
81.830000 74 47
81.900000 74 47
81.970000 74 47
82.040000 74 47
82.110000 74 47
82.180000 74 47
82.250000 0 0
82.320000 0 0
82.390000 0 0
82.460000 0 0
82.530000 0 0
82.600000 0 0
82.670000 0 0
82.740000 0 0
82.810000 72 56
82.880000 72 56
82.950000 72 56
83.020000 0 0
83.090000 71 54
83.160000 71 54
83.230000 71 54
83.300000 71 54
83.370000 71 54
83.440000 0 0
83.510000 73 53
83.580000 0 0
83.650000 74 56
83.720000 74 56
83.790000 74 56
83.860000 74 56
83.930000 74 56
84.000000 0 0
84.070000 78 52
84.140000 78 52
84.210000 71 65
84.280000 71 65
84.350000 71 65
84.420000 0 0
84.490000 71 60
84.560000 71 60
84.630000 71 60
84.700000 71 60
84.770000 71 60
84.840000 71 60
84.910000 71 60
84.980000 71 60
85.050000 71 61
85.120000 71 61
85.190000 71 61
85.260000 71 61
85.330000 71 61
85.400000 71 61
85.470000 71 61
85.540000 71 61
85.610000 67 48
85.680000 67 48
85.750000 67 48
85.820000 0 0
85.890000 67 46
85.960000 67 46
86.030000 67 46
86.100000 67 46
86.170000 67 46
86.240000 67 51
86.310000 67 51
86.380000 67 53
86.450000 67 53
86.520000 67 53
86.590000 67 53
86.660000 67 53
86.730000 67 53
86.800000 67 53
86.870000 0 0
86.940000 70 53
87.010000 70 53
87.080000 70 53
87.150000 0 0
87.220000 70 38
87.290000 70 38
87.360000 70 38
87.430000 70 38
87.500000 70 38
87.570000 70 36
87.640000 0 0
87.710000 66 33
87.780000 66 33
87.850000 66 33
87.920000 66 33
87.990000 66 33
88.060000 66 33
88.130000 66 33
88.200000 0 0
88.270000 66 50
88.340000 66 50
88.410000 66 50
88.480000 0 0
88.550000 66 47
88.620000 66 47
88.690000 66 47
88.760000 66 47
88.830000 66 47
88.900000 64 44
88.970000 0 0
89.040000 63 47
89.110000 63 47
89.180000 63 47
89.250000 63 47
89.320000 63 47
89.390000 0 0
89.460000 67 51
89.530000 0 0
89.600000 64 47
89.670000 64 47
89.740000 64 47
89.810000 0 0
89.880000 68 49
89.950000 68 49
90.020000 68 49
90.090000 68 49
90.160000 68 49
90.230000 80 58
90.300000 0 0
90.370000 75 46
90.440000 75 46
90.510000 75 46
90.580000 75 46
90.650000 75 46
90.720000 0 0
90.790000 73 44
90.860000 0 0
90.930000 71 47
91.000000 73 40
91.070000 71 40
91.140000 69 45
91.210000 69 45
91.280000 69 45
91.350000 69 45
91.420000 69 45
91.490000 0 0
91.560000 71 44
91.630000 0 0
91.700000 73 47
91.770000 73 47
91.840000 73 47
91.910000 73 47
91.980000 73 47
92.050000 0 0
92.120000 69 44
92.190000 0 0
92.260000 68 40
92.330000 68 40
92.400000 68 40
92.470000 68 40
92.540000 68 40
92.610000 68 40
92.680000 68 40
92.750000 68 40
92.820000 68 40
92.890000 68 40
92.960000 68 40
93.030000 0 0
93.100000 0 0
93.170000 0 0
93.240000 0 0
93.310000 0 0
93.380000 0 0
93.450000 0 0
93.520000 0 0
93.590000 71 49
93.660000 71 49
93.730000 71 49
93.800000 0 0
93.870000 73 49
93.940000 73 49
94.010000 73 49
94.080000 73 49
94.150000 73 49
94.220000 74 55
94.290000 83 50
94.360000 77 49
94.430000 77 49
94.500000 77 49
94.570000 77 49
94.640000 77 49
94.710000 77 49
94.780000 77 49
94.850000 0 0
94.920000 73 46
94.990000 73 46
95.060000 73 46
95.130000 73 46
95.200000 73 46
95.270000 73 46
95.340000 73 46
95.410000 73 46
95.480000 73 46
95.550000 73 46
95.620000 73 46
95.690000 78 53
95.760000 78 53
95.830000 78 53
95.900000 78 53
95.970000 78 53
96.040000 0 0
96.110000 69 55
96.180000 0 0
96.250000 69 47
96.320000 69 47
96.390000 69 47
96.460000 69 47
96.530000 69 47
96.600000 69 47
96.670000 69 47
96.740000 69 47
96.810000 69 47
96.880000 69 47
96.950000 69 47
97.020000 81 61
97.090000 81 61
97.160000 81 61
97.230000 81 61
97.300000 81 61
97.370000 0 0
97.440000 80 57
97.510000 80 57
97.580000 71 38
97.650000 71 38
97.720000 71 38
97.790000 71 38
97.860000 71 38
97.930000 71 38
98.000000 71 38
98.070000 71 38
98.140000 71 38
98.210000 71 38
98.280000 71 38
98.350000 71 38
98.420000 71 38
98.490000 71 38
98.560000 71 38
98.630000 71 38
98.700000 71 38
98.770000 0 0
98.840000 68 58
98.910000 68 58
98.980000 66 50
99.050000 66 50
99.120000 66 50
99.190000 66 47
99.260000 66 47
99.330000 66 47
99.400000 66 47
99.470000 66 47
99.540000 0 0
99.610000 64 44
99.680000 0 0
99.750000 63 47
99.820000 63 47
99.890000 63 47
99.960000 63 47
100.030000 63 47
100.100000 0 0
100.170000 67 51
100.240000 64 47
100.310000 64 47
100.380000 64 47
100.450000 0 0
100.520000 68 49
100.590000 68 49
100.660000 68 49
100.730000 68 49
100.800000 68 49
100.870000 0 0
100.940000 80 60
101.010000 0 0
101.080000 75 46
101.150000 75 46
101.220000 75 46
101.290000 75 46
101.360000 75 46
101.430000 73 44
101.500000 0 0
101.570000 71 47
101.640000 0 0
101.710000 73 40
101.780000 71 40
101.850000 69 45
101.920000 69 45
101.990000 69 45
102.060000 69 45
102.130000 69 45
102.200000 0 0
102.270000 71 44
102.340000 0 0
102.410000 73 47
102.480000 73 47
102.550000 73 47
102.620000 73 47
102.690000 73 47
102.760000 69 44
102.830000 0 0
102.900000 68 40
102.970000 68 40
103.040000 68 40
103.110000 68 40
103.180000 68 40
103.250000 68 40
103.320000 68 40
103.390000 68 40
103.460000 68 40
103.530000 68 40
103.600000 68 40
103.670000 0 0
103.740000 0 0
103.810000 0 0
103.880000 0 0
103.950000 0 0
104.020000 0 0
104.090000 0 0
104.160000 0 0
104.230000 76 54
104.300000 76 54
104.370000 76 54
104.440000 76 54
104.510000 76 54
104.580000 76 54
104.650000 76 54
104.720000 76 54
104.790000 76 54
104.860000 76 54
104.930000 76 54
105.000000 0 0
105.070000 79 51
105.140000 79 51
105.210000 79 51
105.280000 79 51
105.350000 79 51
105.420000 79 51
105.490000 79 51
105.560000 75 48
105.630000 75 48
105.700000 75 48
105.770000 75 48
105.840000 75 48
105.910000 75 48
105.980000 75 48
106.050000 75 48
106.120000 75 48
106.190000 75 48
106.260000 75 48
106.330000 0 0
106.400000 78 44
106.470000 78 44
106.540000 78 44
106.610000 78 44
106.680000 78 44
106.750000 78 44
106.820000 78 44
106.890000 74 49
106.960000 74 49
107.030000 74 49
107.100000 0 0
107.170000 73 49
107.240000 73 49
107.310000 73 49
107.380000 73 49
107.450000 73 49
107.520000 0 0
107.590000 74 55
107.660000 74 55
107.730000 73 48
107.800000 73 48
107.870000 73 48
107.940000 73 48
108.010000 73 48
108.080000 73 48
108.150000 73 48
108.220000 0 0
108.290000 75 50
108.360000 75 50
108.430000 75 50
108.500000 75 49
108.570000 75 49
108.640000 75 49
108.710000 75 49
108.780000 75 49
108.850000 0 0
108.920000 75 45
108.990000 0 0
109.060000 71 42
109.130000 71 42
109.200000 71 42
109.270000 71 42
109.340000 71 42
109.410000 71 42
109.480000 71 42
109.550000 0 0
109.620000 64 42
109.690000 64 42
109.760000 64 42
109.830000 0 0
109.900000 62 39
109.970000 62 39
110.040000 62 39
110.110000 62 39
110.180000 62 39
110.250000 64 37
110.320000 0 0
110.390000 62 39
110.460000 62 39
110.530000 62 39
110.600000 62 39
110.670000 62 39
110.740000 0 0
110.810000 72 43
110.880000 72 43
110.950000 67 52
111.020000 67 52
111.090000 67 52
111.160000 69 48
111.230000 69 48
111.300000 69 48
111.370000 69 48
111.440000 69 48
111.510000 0 0
111.580000 68 46
111.650000 0 0
111.720000 71 48
111.790000 71 48
111.860000 71 48
111.930000 71 48
112.000000 71 48
112.070000 0 0
112.140000 83 58
112.210000 0 0
112.280000 76 63
112.350000 76 63
112.420000 76 63
112.490000 84 65
112.560000 84 65
112.630000 84 65
112.700000 84 65
112.770000 84 65
112.840000 0 0
112.910000 88 69
112.980000 0 0
113.050000 81 71
113.120000 81 71
113.190000 81 71
113.260000 81 71
113.330000 81 71
113.400000 0 0
113.470000 95 73
113.540000 95 73
113.610000 92 81
113.680000 92 81
113.750000 92 81
113.820000 92 81
113.890000 92 81
113.960000 92 81
114.030000 92 81
114.100000 92 81
114.170000 92 81
114.240000 92 81
114.310000 92 81
114.380000 0 0
114.450000 0 0
114.520000 0 0
114.590000 0 0
114.660000 0 0
114.730000 0 0
114.800000 0 0
114.870000 69 57
114.940000 69 57
115.010000 69 57
115.080000 69 57
115.150000 69 57
115.220000 69 57
115.290000 69 57
115.360000 69 57
115.430000 69 57
115.500000 69 57
115.570000 69 57
115.640000 0 0
115.710000 69 59
115.780000 69 59
115.850000 69 59
115.920000 69 59
115.990000 69 59
116.060000 69 59
116.130000 69 59
116.200000 71 57
116.270000 71 57
116.340000 71 57
116.410000 71 57
116.480000 71 57
116.550000 71 57
116.620000 71 57
116.690000 71 57
116.760000 71 57
116.830000 71 57
116.900000 71 57
116.970000 0 0
117.040000 0 0
117.110000 0 0
117.180000 0 0
117.250000 0 0
117.320000 0 0
117.390000 0 0
117.460000 0 0
117.530000 57 51
117.600000 57 51
117.670000 57 51
117.740000 57 51
117.810000 57 51
117.880000 57 51
117.950000 57 51
118.020000 57 51
118.090000 57 51
118.160000 57 51
118.230000 57 51
118.300000 0 0
118.370000 57 53
118.440000 57 53
118.510000 57 53
118.580000 57 53
118.650000 57 53
118.720000 57 53
118.790000 57 53
118.860000 57 53
118.930000 59 58
119.000000 59 58
119.070000 59 58
119.140000 59 58
119.210000 76 74
119.280000 76 74
119.350000 76 74
119.420000 76 74
119.490000 76 74
119.560000 76 74
119.630000 76 74
119.700000 0 0
119.770000 0 0
119.840000 0 0
119.910000 0 0
119.980000 0 0
120.050000 0 0
120.120000 0 0
120.190000 0 0
120.260000 0 0
120.330000 66 50
120.400000 66 50
120.470000 66 50
120.540000 66 47
120.610000 66 47
120.680000 66 47
120.750000 66 47
120.820000 66 47
120.890000 0 0
120.960000 64 44
121.030000 0 0
121.100000 63 47
121.170000 63 47
121.240000 63 47
121.310000 63 47
121.380000 63 47
121.450000 0 0
121.520000 67 51
121.590000 0 0
121.660000 64 47
121.730000 64 47
121.800000 64 47
121.870000 68 49
121.940000 68 49
122.010000 68 49
122.080000 68 49
122.150000 68 49
122.220000 0 0
122.290000 80 58
122.360000 0 0
122.430000 75 46
122.500000 75 46
122.570000 75 46
122.640000 75 46
122.710000 75 46
122.780000 0 0
122.850000 73 44
122.920000 71 47
122.990000 0 0
123.060000 73 40
123.130000 71 40
123.200000 69 45
123.270000 69 45
123.340000 69 45
123.410000 69 45
123.480000 69 45
123.550000 0 0
123.620000 71 44
123.690000 0 0
123.760000 73 47
123.830000 73 47
123.900000 73 47
123.970000 73 47
124.040000 73 47
124.110000 0 0
124.180000 69 44
124.250000 0 0
124.320000 68 40
124.390000 68 40
124.460000 68 40
124.530000 68 40
124.600000 68 40
124.670000 68 40
124.740000 68 40
124.810000 68 40
124.880000 68 40
124.950000 68 40
125.020000 68 40
125.090000 0 0
125.160000 0 0
125.230000 0 0
125.300000 0 0
125.370000 0 0
125.440000 0 0
125.510000 0 0
125.580000 0 0
125.650000 71 49
125.720000 71 49
125.790000 71 49
125.860000 73 49
125.930000 73 49
126.000000 73 49
126.070000 73 49
126.140000 73 49
126.210000 0 0
126.280000 74 55
126.350000 83 50
126.420000 77 49
126.490000 77 49
126.560000 77 49
126.630000 77 49
126.700000 77 49
126.770000 77 49
126.840000 77 49
126.910000 0 0
126.980000 73 46
127.050000 73 46
127.120000 73 46
127.190000 73 46
127.260000 73 46
127.330000 73 46
127.400000 73 46
127.470000 73 46
127.540000 73 46
127.610000 73 46
127.680000 73 46
127.750000 78 53
127.820000 78 53
127.890000 78 53
127.960000 78 53
128.030000 78 53
128.100000 0 0
128.170000 69 55
128.240000 0 0
128.310000 69 47
128.380000 69 47
128.450000 69 47
128.520000 69 47
128.590000 69 47
128.660000 69 47
128.730000 69 47
128.800000 69 47
128.870000 69 47
128.940000 69 47
129.010000 69 47
129.080000 81 61
129.150000 81 61
129.220000 81 61
129.290000 81 61
129.360000 81 61
129.430000 0 0
129.500000 80 57
129.570000 80 57
129.640000 71 38
129.710000 71 38
129.780000 71 38
129.850000 71 38
129.920000 71 38
129.990000 71 38
130.060000 71 38
130.130000 71 38
130.200000 71 38
130.270000 71 38
130.340000 71 38
130.410000 71 38
130.480000 71 38
130.550000 71 38
130.620000 71 38
130.690000 71 38
130.760000 71 38
130.830000 68 58
130.900000 68 58
130.970000 66 50
131.040000 66 50
131.110000 66 50
131.180000 0 0
131.250000 66 47
131.320000 66 47
131.390000 66 47
131.460000 66 47
131.530000 66 47
131.600000 0 0
131.670000 64 44
131.740000 0 0
131.810000 63 47
131.880000 63 47
131.950000 63 47
132.020000 63 47
132.090000 63 47
132.160000 67 51
132.230000 0 0
132.300000 64 47
132.370000 64 47
132.440000 64 47
132.510000 0 0
132.580000 68 49
132.650000 68 49
132.720000 68 49
132.790000 68 49
132.860000 68 49
132.930000 0 0
133.000000 80 60
133.070000 75 46
133.140000 75 46
133.210000 75 46
133.280000 75 46
133.350000 75 46
133.420000 0 0
133.490000 73 44
133.560000 0 0
133.630000 71 47
133.700000 73 40
133.770000 71 40
133.840000 0 0
133.910000 69 45
133.980000 69 45
134.050000 69 45
134.120000 69 45
134.190000 69 45
134.260000 71 44
134.330000 0 0
134.400000 73 47
134.470000 73 47
134.540000 73 47
134.610000 73 47
134.680000 73 47
134.750000 0 0
134.820000 69 44
134.890000 0 0
134.960000 68 40
135.030000 68 40
135.100000 68 40
135.170000 68 40
135.240000 68 40
135.310000 68 40
135.380000 68 40
135.450000 68 40
135.520000 68 40
135.590000 68 40
135.660000 68 40
135.730000 0 0
135.800000 0 0
135.870000 0 0
135.940000 0 0
136.010000 0 0
136.080000 0 0
136.150000 0 0
136.220000 0 0
136.290000 76 53
136.360000 76 53
136.430000 76 53
136.500000 76 53
136.570000 76 53
136.640000 76 53
136.710000 76 53
136.780000 76 53
136.850000 76 53
136.920000 76 53
136.990000 76 53
137.060000 79 51
137.130000 79 51
137.200000 79 51
137.270000 79 51
137.340000 79 51
137.410000 79 51
137.480000 79 51
137.550000 0 0
137.620000 75 48
137.690000 75 48
137.760000 75 48
137.830000 75 48
137.900000 75 48
137.970000 75 48
138.040000 75 48
138.110000 75 48
138.180000 75 48
138.250000 75 48
138.320000 75 48
138.390000 78 44
138.460000 78 44
138.530000 78 44
138.600000 78 44
138.670000 78 44
138.740000 78 44
138.810000 78 44
138.880000 0 0
138.950000 74 49
139.020000 74 49
139.090000 74 49
139.160000 0 0
139.230000 73 49
139.300000 73 49
139.370000 73 49
139.440000 73 49
139.510000 73 49
139.580000 0 0
139.650000 74 55
139.720000 74 55
139.790000 73 48
139.860000 73 48
139.930000 73 48
140.000000 73 48
140.070000 73 48
140.140000 73 48
140.210000 73 48
140.280000 75 50
140.350000 75 50
140.420000 75 50
140.490000 0 0
140.560000 75 49
140.630000 75 49
140.700000 75 49
140.770000 75 49
140.840000 75 49
140.910000 0 0
140.980000 75 45
141.050000 71 42
141.120000 71 42
141.190000 71 42
141.260000 71 42
141.330000 71 42
141.400000 71 42
141.470000 71 42
141.540000 0 0
141.610000 64 42
141.680000 64 42
141.750000 64 42
141.820000 0 0
141.890000 62 39
141.960000 62 39
142.030000 62 39
142.100000 62 39
142.170000 62 39
142.240000 0 0
142.310000 64 37
142.380000 0 0
142.450000 62 39
142.520000 62 39
142.590000 62 39
142.660000 62 39
142.730000 62 39
142.800000 72 43
142.870000 72 43
142.940000 67 52
143.010000 67 52
143.080000 67 52
143.150000 0 0
143.220000 69 48
143.290000 69 48
143.360000 69 48
143.430000 69 48
143.500000 69 48
143.570000 0 0
143.640000 68 46
143.710000 71 48
143.780000 71 48
143.850000 71 48
143.920000 71 48
143.990000 71 48
144.060000 0 0
144.130000 83 58
144.200000 0 0
144.270000 76 68
144.340000 76 68
144.410000 76 68
144.480000 0 0
144.550000 84 65
144.620000 84 65
144.690000 84 65
144.760000 84 65
144.830000 84 65
144.900000 88 69
144.970000 0 0
145.040000 81 71
145.110000 81 71
145.180000 81 71
145.250000 81 71
145.320000 81 71
145.390000 0 0
145.460000 95 73
145.530000 95 73
145.600000 92 81
145.670000 92 81
145.740000 92 81
145.810000 92 81
145.880000 92 81
145.950000 92 81
146.020000 92 81
146.090000 92 81
146.160000 92 81
146.230000 92 81
146.300000 92 81
146.370000 0 0
146.440000 0 0
146.510000 0 0
146.580000 0 0
146.650000 0 0
146.720000 0 0
146.790000 0 0
146.860000 0 0
146.930000 69 57
147.000000 69 57
147.070000 69 57
147.140000 69 57
147.210000 69 57
147.280000 69 57
147.350000 69 57
147.420000 69 57
147.490000 69 57
147.560000 69 57
147.630000 69 57
147.700000 69 59
147.770000 69 59
147.840000 69 59
147.910000 69 59
147.980000 69 59
148.050000 69 59
148.120000 69 59
148.190000 0 0
148.260000 71 57
148.330000 71 57
148.400000 71 57
148.470000 71 57
148.540000 71 57
148.610000 71 57
148.680000 71 57
148.750000 71 57
148.820000 71 57
148.890000 71 57
148.960000 71 57
149.030000 0 0
149.100000 0 0
149.170000 0 0
149.240000 0 0
149.310000 0 0
149.380000 0 0
149.450000 0 0
149.520000 0 0
149.590000 57 51
149.660000 57 51
149.730000 57 51
149.800000 57 51
149.870000 57 51
149.940000 57 51
150.010000 57 51
150.080000 57 51
150.150000 57 51
150.220000 57 51
150.290000 57 51
150.360000 57 53
150.430000 57 53
150.500000 57 53
150.570000 57 53
150.640000 57 53
150.710000 57 53
150.780000 57 53
150.850000 57 53
150.920000 59 58
150.990000 59 58
151.060000 59 58
151.130000 59 58
151.200000 0 0
151.270000 76 77
151.340000 76 77
151.410000 76 77
151.480000 76 77
151.550000 76 77
151.620000 76 77
151.690000 76 77
151.760000 76 77
# Piano left
0.000000 59 44
0.070000 59 44
0.140000 59 44
0.210000 0 0
0.280000 59 40
0.350000 59 40
0.420000 59 40
0.490000 59 40
0.560000 59 40
0.630000 0 0
0.700000 59 41
0.770000 0 0
0.840000 59 44
0.910000 59 44
0.980000 59 44
1.050000 59 44
1.120000 59 44
1.190000 59 40
1.260000 0 0
1.330000 59 44
1.400000 59 44
1.470000 59 44
1.540000 0 0
1.610000 59 40
1.680000 59 40
1.750000 59 40
1.820000 59 40
1.890000 59 40
1.960000 0 0
2.030000 59 40
2.100000 0 0
2.170000 59 44
2.240000 59 44
2.310000 59 44
2.380000 59 44
2.450000 59 44
2.520000 59 38
2.590000 0 0
2.660000 59 44
2.730000 59 44
2.800000 59 44
2.870000 0 0
2.940000 59 40
3.010000 59 40
3.080000 59 40
3.150000 59 40
3.220000 59 40
3.290000 0 0
3.360000 59 40
3.430000 59 44
3.500000 59 44
3.570000 59 44
3.640000 59 44
3.710000 59 44
3.780000 0 0
3.850000 59 40
3.920000 0 0
3.990000 59 44
4.060000 59 44
4.130000 59 44
4.200000 0 0
4.270000 59 40
4.340000 59 40
4.410000 59 40
4.480000 59 40
4.550000 59 40
4.620000 59 40
4.690000 0 0
4.760000 59 44
4.830000 59 44
4.900000 59 44
4.970000 59 44
5.040000 59 44
5.110000 0 0
5.180000 59 40
5.250000 0 0
5.320000 59 44
5.390000 59 44
5.460000 59 44
5.530000 0 0
5.600000 59 40
5.670000 59 40
5.740000 59 40
5.810000 59 40
5.880000 59 40
5.950000 59 40
6.020000 0 0
6.090000 59 44
6.160000 59 44
6.230000 59 44
6.300000 59 44
6.370000 59 44
6.440000 0 0
6.510000 59 44
6.580000 0 0
6.650000 52 39
6.720000 52 39
6.790000 52 39
6.860000 52 39
6.930000 52 39
7.000000 52 39
7.070000 52 39
7.140000 52 39
7.210000 52 39
7.280000 52 39
7.350000 52 39
7.420000 0 0
7.490000 63 49
7.560000 63 49
7.630000 63 49
7.700000 63 49
7.770000 63 49
7.840000 62 45
7.910000 0 0
7.980000 61 48
8.050000 61 48
8.120000 61 48
8.190000 61 48
8.260000 61 48
8.330000 61 48
8.400000 61 48
8.470000 61 48
8.540000 61 48
8.610000 61 48
8.680000 61 48
8.750000 61 48
8.820000 61 48
8.890000 61 48
8.960000 61 48
9.030000 61 48
9.100000 61 48
9.170000 61 48
9.240000 61 48
9.310000 66 39
9.380000 66 39
9.450000 66 39
9.520000 66 39
9.590000 66 39
9.660000 66 39
9.730000 66 39
9.800000 66 39
9.870000 66 39
9.940000 66 39
10.010000 66 39
10.080000 0 0
10.150000 69 48
10.220000 69 48
10.290000 69 48
10.360000 69 48
10.430000 69 48
10.500000 64 46
10.570000 0 0
10.640000 59 37
10.710000 59 37
10.780000 59 37
10.850000 59 37
10.920000 59 37
10.990000 59 37
11.060000 59 37
11.130000 59 37
11.200000 59 37
11.270000 59 37
11.340000 59 37
11.410000 0 0
11.480000 59 37
11.550000 59 37
11.620000 59 37
11.690000 59 37
11.760000 59 37
11.830000 59 37
11.900000 59 37
11.970000 64 34
12.040000 64 34
12.110000 64 34
12.180000 64 34
12.250000 64 34
12.320000 64 34
12.390000 64 34
12.460000 64 34
12.530000 64 34
12.600000 64 34
12.670000 64 34
12.740000 64 34
12.810000 64 34
12.880000 64 34
12.950000 64 34
13.020000 64 34
13.090000 64 34
13.160000 0 0
13.230000 0 0
13.300000 0 0
13.370000 59 44
13.440000 59 44
13.510000 59 44
13.580000 0 0
13.650000 59 40
13.720000 59 40
13.790000 59 40
13.860000 59 40
13.930000 59 40
14.000000 59 40
14.070000 0 0
14.140000 59 44
14.210000 59 44
14.280000 59 44
14.350000 59 44
14.420000 59 44
14.490000 0 0
14.560000 59 40
14.630000 0 0
14.700000 59 44
14.770000 59 44
14.840000 59 44
14.910000 0 0
14.980000 59 40
15.050000 59 40
15.120000 59 40
15.190000 59 40
15.260000 59 40
15.330000 59 40
15.400000 0 0
15.470000 59 44
15.540000 59 44
15.610000 59 44
15.680000 59 44
15.750000 59 44
15.820000 0 0
15.890000 59 40
15.960000 0 0
16.030000 59 44
16.100000 59 44
16.170000 59 44
16.240000 59 40
16.310000 59 40
16.380000 59 40
16.450000 59 40
16.520000 59 40
16.590000 0 0
16.660000 59 40
16.730000 0 0
16.800000 59 44
16.870000 59 44
16.940000 59 44
17.010000 59 44
17.080000 59 44
17.150000 0 0
17.220000 59 44
17.290000 0 0
17.360000 52 50
17.430000 52 50
17.500000 52 50
17.570000 0 0
17.640000 59 48
17.710000 59 48
17.780000 59 48
17.850000 59 48
17.920000 59 48
17.990000 64 51
18.060000 0 0
18.130000 68 54
18.200000 68 54
18.270000 68 54
18.340000 68 54
18.410000 68 54
18.480000 0 0
18.550000 71 55
18.620000 0 0
18.690000 72 59
18.760000 72 59
18.830000 72 59
18.900000 72 59
18.970000 72 59
19.040000 72 59
19.110000 72 59
19.180000 72 59
19.250000 72 59
19.320000 72 59
19.390000 72 59
19.460000 72 59
19.530000 72 59
19.600000 72 59
19.670000 72 59
19.740000 72 59
19.810000 72 59
19.880000 72 59
19.950000 0 0
20.020000 71 49
20.090000 71 49
20.160000 71 49
20.230000 71 49
20.300000 71 49
20.370000 71 49
20.440000 71 49
20.510000 71 49
20.580000 71 49
20.650000 71 49
20.720000 71 49
20.790000 71 49
20.860000 71 49
20.930000 71 49
21.000000 71 49
21.070000 71 49
21.140000 71 49
21.210000 71 49
21.280000 71 49
21.350000 71 48
21.420000 71 48
21.490000 71 48
21.560000 0 0
21.630000 69 51
21.700000 69 51
21.770000 69 51
21.840000 69 51
21.910000 69 51
21.980000 65 55
22.050000 65 55
22.120000 0 0
22.190000 66 44
22.260000 66 44
22.330000 66 44
22.400000 66 44
22.470000 66 44
22.540000 66 44
22.610000 66 44
22.680000 59 39
22.750000 59 39
22.820000 59 39
22.890000 59 39
22.960000 59 39
23.030000 59 39
23.100000 59 39
23.170000 59 39
23.240000 59 39
23.310000 59 39
23.380000 59 39
23.450000 64 36
23.520000 64 36
23.590000 64 36
23.660000 64 36
23.730000 64 36
23.800000 64 36
23.870000 64 36
23.940000 0 0
24.010000 59 44
24.080000 59 44
24.150000 59 44
24.220000 0 0
24.290000 59 40
24.360000 59 40
24.430000 59 40
24.500000 59 40
24.570000 59 40
24.640000 0 0
24.710000 59 40
24.780000 59 44
24.850000 59 44
24.920000 59 44
24.990000 59 44
25.060000 59 44
25.130000 0 0
25.200000 59 40
25.270000 0 0
25.340000 59 44
25.410000 59 44
25.480000 59 44
25.550000 0 0
25.620000 59 40
25.690000 59 40
25.760000 59 40
25.830000 59 40
25.900000 59 40
25.970000 59 40
26.040000 0 0
26.110000 59 44
26.180000 59 44
26.250000 59 44
26.320000 59 44
26.390000 59 44
26.460000 0 0
26.530000 59 40
26.600000 0 0
26.670000 59 44
26.740000 59 44
26.810000 59 44
26.880000 0 0
26.950000 59 40
27.020000 59 40
27.090000 59 40
27.160000 59 40
27.230000 59 40
27.300000 59 40
27.370000 0 0
27.440000 59 44
27.510000 59 44
27.580000 59 44
27.650000 59 44
27.720000 59 44
27.790000 0 0
27.860000 59 44
27.930000 0 0
28.000000 52 39
28.070000 52 39
28.140000 52 39
28.210000 52 39
28.280000 52 39
28.350000 52 39
28.420000 52 39
28.490000 52 39
28.560000 52 39
28.630000 52 39
28.700000 52 39
28.770000 63 49
28.840000 63 49
28.910000 63 49
28.980000 63 49
29.050000 63 49
29.120000 0 0
29.190000 62 45
29.260000 0 0
29.330000 61 48
29.400000 61 48
29.470000 61 48
29.540000 61 48
29.610000 61 48
29.680000 61 48
29.750000 61 48
29.820000 61 48
29.890000 61 48
29.960000 61 48
30.030000 61 48
30.100000 61 48
30.170000 61 48
30.240000 61 48
30.310000 61 48
30.380000 61 48
30.450000 61 48
30.520000 61 48
30.590000 61 48
30.660000 66 39
30.730000 66 39
30.800000 66 39
30.870000 66 39
30.940000 66 39
31.010000 66 39
31.080000 66 39
31.150000 66 39
31.220000 66 39
31.290000 66 39
31.360000 66 39
31.430000 0 0
31.500000 69 48
31.570000 69 48
31.640000 69 48
31.710000 69 48
31.780000 69 48
31.850000 64 46
31.920000 0 0
31.990000 59 39
32.060000 59 39
32.130000 59 39
32.200000 59 39
32.270000 59 39
32.340000 59 39
32.410000 59 39
32.480000 59 39
32.550000 59 39
32.620000 59 39
32.690000 59 39
32.760000 0 0
32.830000 59 39
32.900000 59 39
32.970000 59 39
33.040000 59 39
33.110000 59 39
33.180000 59 39
33.250000 59 39
33.320000 64 34
33.390000 64 34
33.460000 64 34
33.530000 64 34
33.600000 64 34
33.670000 64 34
33.740000 64 34
33.810000 64 34
33.880000 64 34
33.950000 64 34
34.020000 64 34
34.090000 64 34
34.160000 64 34
34.230000 64 34
34.300000 64 34
34.370000 64 34
34.440000 64 34
34.510000 0 0
34.580000 0 0
34.650000 0 0
34.720000 59 44
34.790000 59 44
34.860000 59 44
34.930000 0 0
35.000000 59 40
35.070000 59 40
35.140000 59 40
35.210000 59 40
35.280000 59 40
35.350000 59 40
35.420000 0 0
35.490000 59 44
35.560000 59 44
35.630000 59 44
35.700000 59 44
35.770000 59 44
35.840000 0 0
35.910000 59 40
35.980000 0 0
36.050000 59 44
36.120000 59 44
36.190000 59 44
36.260000 0 0
36.330000 59 40
36.400000 59 40
36.470000 59 40
36.540000 59 40
36.610000 59 40
36.680000 59 40
36.750000 0 0
36.820000 59 44
36.890000 59 44
36.960000 59 44
37.030000 59 44
37.100000 59 44
37.170000 0 0
37.240000 59 40
37.310000 0 0
37.380000 59 44
37.450000 59 44
37.520000 59 44
37.590000 59 40
37.660000 59 40
37.730000 59 40
37.800000 59 40
37.870000 59 40
37.940000 0 0
38.010000 59 40
38.080000 0 0
38.150000 59 44
38.220000 59 44
38.290000 59 44
38.360000 59 44
38.430000 59 44
38.500000 0 0
38.570000 59 44
38.640000 0 0
38.710000 52 50
38.780000 52 50
38.850000 52 50
38.920000 59 48
38.990000 59 48
39.060000 59 48
39.130000 59 48
39.200000 59 48
39.270000 0 0
39.340000 64 50
39.410000 0 0
39.480000 68 54
39.550000 68 54
39.620000 68 54
39.690000 68 54
39.760000 68 54
39.830000 0 0
39.900000 71 55
39.970000 0 0
40.040000 72 59
40.110000 72 59
40.180000 72 59
40.250000 72 59
40.320000 72 59
40.390000 72 59
40.460000 72 59
40.530000 72 59
40.600000 72 59
40.670000 72 59
40.740000 72 59
40.810000 72 59
40.880000 72 59
40.950000 72 59
41.020000 72 59
41.090000 72 59
41.160000 72 59
41.230000 72 59
41.300000 0 0
41.370000 71 49
41.440000 71 49
41.510000 71 49
41.580000 71 49
41.650000 71 49
41.720000 71 49
41.790000 71 49
41.860000 71 49
41.930000 71 49
42.000000 71 49
42.070000 71 49
42.140000 71 49
42.210000 71 49
42.280000 71 49
42.350000 71 49
42.420000 71 49
42.490000 71 49
42.560000 71 49
42.630000 71 49
42.700000 71 48
42.770000 71 48
42.840000 71 48
42.910000 0 0
42.980000 69 51
43.050000 69 51
43.120000 69 51
43.190000 69 51
43.260000 69 51
43.330000 65 55
43.400000 65 55
43.470000 66 46
43.540000 66 46
43.610000 66 46
43.680000 66 46
43.750000 66 46
43.820000 66 46
43.890000 66 46
43.960000 0 0
44.030000 59 39
44.100000 59 39
44.170000 59 39
44.240000 59 39
44.310000 59 39
44.380000 59 39
44.450000 59 39
44.520000 59 39
44.590000 59 39
44.660000 59 39
44.730000 59 39
44.800000 64 36
44.870000 64 36
44.940000 64 36
45.010000 64 36
45.080000 64 36
45.150000 64 36
45.220000 64 36
45.290000 0 0
45.360000 59 48
45.430000 61 42
45.500000 59 42
45.570000 0 0
45.640000 58 44
45.710000 58 44
45.780000 58 44
45.850000 58 44
45.920000 58 44
45.990000 56 44
46.060000 0 0
46.130000 58 48
46.200000 58 48
46.270000 58 48
46.340000 58 48
46.410000 58 48
46.480000 0 0
46.550000 54 41
46.620000 0 0
46.690000 56 48
46.760000 58 42
46.830000 56 42
46.900000 54 44
46.970000 54 44
47.040000 54 44
47.110000 54 44
47.180000 54 44
47.250000 0 0
47.320000 56 44
47.390000 0 0
47.460000 58 48
47.530000 58 48
47.600000 58 48
47.670000 58 48
47.740000 58 48
47.810000 0 0
47.880000 59 41
47.950000 0 0
48.020000 58 48
48.090000 59 42
48.160000 58 42
48.230000 56 44
48.300000 56 44
48.370000 56 44
48.440000 56 44
48.510000 56 44
48.580000 0 0
48.650000 54 44
48.720000 0 0
48.790000 56 48
48.860000 56 48
48.930000 56 48
49.000000 56 48
49.070000 56 48
49.140000 0 0
49.210000 58 41
49.280000 54 48
49.350000 54 48
49.420000 54 48
49.490000 54 48
49.560000 54 48
49.630000 54 48
49.700000 54 48
49.770000 54 48
49.840000 54 48
49.910000 54 48
49.980000 54 48
50.050000 0 0
50.120000 0 0
50.190000 0 0
50.260000 0 0
50.330000 0 0
50.400000 0 0
50.470000 0 0
50.540000 0 0
50.610000 51 46
50.680000 51 46
50.750000 51 46
50.820000 51 46
50.890000 51 46
50.960000 51 46
51.030000 51 46
51.100000 51 46
51.170000 51 46
51.240000 51 46
51.310000 51 46
51.380000 51 46
51.450000 51 46
51.520000 51 46
51.590000 51 46
51.660000 51 46
51.730000 51 46
51.800000 51 46
51.870000 51 46
51.940000 64 46
52.010000 64 46
52.080000 64 46
52.150000 0 0
52.220000 61 40
52.290000 61 40
52.360000 61 40
52.430000 61 40
52.500000 61 40
52.570000 0 0
52.640000 56 49
52.710000 0 0
52.780000 52 46
52.850000 52 46
52.920000 52 46
52.990000 52 46
53.060000 52 46
53.130000 49 51
53.200000 0 0
53.270000 42 53
53.340000 42 53
53.410000 42 53
53.480000 0 0
53.550000 53 48
53.620000 53 48
53.690000 53 48
53.760000 53 48
53.830000 53 48
53.900000 0 0
53.970000 54 49
54.040000 0 0
54.110000 58 52
54.180000 58 52
54.250000 58 52
54.320000 58 52
54.390000 58 52
54.460000 0 0
54.530000 66 49
54.600000 47 53
54.670000 47 53
54.740000 47 53
54.810000 0 0
54.880000 53 45
54.950000 53 45
55.020000 53 45
55.090000 53 45
55.160000 53 45
55.230000 0 0
55.300000 54 39
55.370000 58 37
55.440000 55 46
55.510000 55 46
55.580000 55 46
55.650000 55 46
55.720000 55 46
55.790000 55 46
55.860000 54 42
55.930000 54 42
56.000000 62 42
56.070000 62 42
56.140000 62 42
56.210000 0 0
56.280000 61 39
56.350000 61 39
56.420000 61 39
56.490000 61 39
56.560000 61 39
56.630000 59 39
56.700000 0 0
56.770000 61 42
56.840000 61 42
56.910000 61 42
56.980000 61 42
57.050000 61 42
57.120000 0 0
57.190000 62 37
57.260000 0 0
57.330000 61 42
57.400000 62 38
57.470000 0 0
57.540000 61 38
57.610000 59 39
57.680000 59 39
57.750000 59 39
57.820000 59 39
57.890000 59 39
57.960000 61 39
58.030000 0 0
58.100000 62 42
58.170000 62 42
58.240000 62 42
58.310000 62 42
58.380000 62 42
58.450000 0 0
58.520000 64 37
58.590000 0 0
58.660000 62 42
58.730000 64 38
58.800000 0 0
58.870000 62 38
58.940000 61 39
59.010000 61 39
59.080000 61 39
59.150000 61 39
59.220000 61 39
59.290000 59 39
59.360000 59 39
59.430000 59 39
59.500000 59 39
59.570000 59 39
59.640000 59 39
59.710000 59 39
59.780000 59 39
59.850000 59 39
59.920000 0 0
59.990000 71 48
60.060000 71 48
60.130000 71 48
60.200000 0 0
60.270000 65 39
60.340000 65 39
60.410000 65 39
60.480000 65 39
60.550000 65 39
60.620000 0 0
60.690000 0 0
60.760000 69 35
60.830000 67 44
60.900000 67 44
60.970000 67 44
61.040000 67 44
61.110000 67 44
61.180000 0 0
61.250000 66 38
61.320000 66 38
61.390000 63 53
61.460000 63 53
61.530000 63 53
61.600000 64 50
61.670000 64 50
61.740000 64 50
61.810000 64 50
61.880000 64 50
61.950000 0 0
62.020000 58 50
62.090000 0 0
62.160000 59 53
62.230000 59 53
62.300000 59 53
62.370000 59 53
62.440000 59 53
62.510000 0 0
62.580000 57 50
62.650000 57 50
62.720000 56 54
62.790000 56 54
62.860000 56 54
62.930000 0 0
63.000000 55 50
63.070000 55 50
63.140000 55 50
63.210000 55 50
63.280000 55 50
63.350000 55 50
63.420000 53 55
63.490000 53 55
63.560000 54 51
63.630000 54 51
63.700000 54 51
63.770000 54 51
63.840000 54 51
63.910000 54 51
63.980000 54 51
64.050000 54 51
64.120000 64 45
64.190000 64 45
64.260000 64 45
64.330000 0 0
64.400000 64 48
64.470000 64 48
64.540000 64 48
64.610000 64 48
64.680000 64 48
64.750000 0 0
64.820000 62 47
64.890000 62 47
64.960000 61 49
65.030000 61 49
65.100000 61 49
65.170000 61 49
65.240000 61 49
65.310000 61 49
65.380000 61 49
65.450000 0 0
65.520000 54 42
65.590000 54 42
65.660000 54 42
65.730000 54 40
65.800000 54 40
65.870000 54 40
65.940000 54 40
66.010000 54 40
66.080000 0 0
66.150000 54 33
66.220000 0 0
66.290000 59 28
66.360000 59 28
66.430000 59 28
66.500000 59 28
66.570000 59 28
66.640000 59 28
66.710000 59 28
66.780000 0 0
66.850000 59 48
66.920000 61 42
66.990000 59 42
67.060000 58 44
67.130000 58 44
67.200000 58 44
67.270000 58 44
67.340000 58 44
67.410000 0 0
67.480000 56 44
67.550000 0 0
67.620000 58 48
67.690000 58 48
67.760000 58 48
67.830000 58 48
67.900000 58 48
67.970000 0 0
68.040000 54 41
68.110000 56 48
68.180000 0 0
68.250000 58 42
68.320000 56 42
68.390000 54 44
68.460000 54 44
68.530000 54 44
68.600000 54 44
68.670000 54 44
68.740000 0 0
68.810000 56 44
68.880000 0 0
68.950000 58 48
69.020000 58 48
69.090000 58 48
69.160000 58 48
69.230000 58 48
69.300000 59 41
69.370000 0 0
69.440000 58 48
69.510000 59 42
69.580000 0 0
69.650000 58 42
69.720000 56 44
69.790000 56 44
69.860000 56 44
69.930000 56 44
70.000000 56 44
70.070000 54 44
70.140000 0 0
70.210000 56 48
70.280000 56 48
70.350000 56 48
70.420000 56 48
70.490000 56 48
70.560000 0 0
70.630000 58 41
70.700000 0 0
70.770000 54 48
70.840000 54 48
70.910000 54 48
70.980000 54 48
71.050000 54 48
71.120000 54 48
71.190000 54 48
71.260000 54 48
71.330000 54 48
71.400000 54 48
71.470000 54 48
71.540000 0 0
71.610000 0 0
71.680000 0 0
71.750000 0 0
71.820000 0 0
71.890000 0 0
71.960000 0 0
72.030000 0 0
72.100000 51 46
72.170000 51 46
72.240000 51 46
72.310000 51 46
72.380000 51 46
72.450000 51 46
72.520000 51 46
72.590000 51 46
72.660000 51 46
72.730000 51 46
72.800000 51 46
72.870000 51 46
72.940000 51 46
73.010000 51 46
73.080000 51 46
73.150000 51 46
73.220000 51 46
73.290000 51 46
73.360000 51 46
73.430000 64 46
73.500000 64 46
73.570000 64 46
73.640000 0 0
73.710000 61 40
73.780000 61 40
73.850000 61 40
73.920000 61 40
73.990000 61 40
74.060000 56 49
74.130000 0 0
74.200000 52 46
74.270000 52 46
74.340000 52 46
74.410000 52 46
74.480000 52 46
74.550000 0 0
74.620000 49 51
74.690000 0 0
74.760000 42 53
74.830000 42 53
74.900000 42 53
74.970000 0 0
75.040000 53 48
75.110000 53 48
75.180000 53 48
75.250000 53 48
75.320000 53 48
75.390000 54 49
75.460000 0 0
75.530000 58 52
75.600000 58 52
75.670000 58 52
75.740000 58 52
75.810000 58 52
75.880000 0 0
75.950000 66 49
76.020000 0 0
76.090000 47 53
76.160000 47 53
76.230000 47 53
76.300000 0 0
76.370000 53 45
76.440000 53 45
76.510000 53 45
76.580000 53 45
76.650000 53 45
76.720000 54 39
76.790000 58 37
76.860000 0 0
76.930000 55 46
77.000000 55 46
77.070000 55 46
77.140000 55 46
77.210000 55 46
77.280000 55 46
77.350000 54 42
77.420000 54 42
77.490000 62 42
77.560000 62 42
77.630000 62 42
77.700000 61 39
77.770000 61 39
77.840000 61 39
77.910000 61 39
77.980000 61 39
78.050000 0 0
78.120000 59 39
78.190000 0 0
78.260000 61 42
78.330000 61 42
78.400000 61 42
78.470000 61 42
78.540000 61 42
78.610000 0 0
78.680000 62 37
78.750000 0 0
78.820000 61 42
78.890000 62 38
78.960000 61 38
79.030000 59 39
79.100000 59 39
79.170000 59 39
79.240000 59 39
79.310000 59 39
79.380000 0 0
79.450000 61 39
79.520000 0 0
79.590000 62 42
79.660000 62 42
79.730000 62 42
79.800000 62 42
79.870000 62 42
79.940000 0 0
80.010000 64 37
80.080000 62 42
80.150000 0 0
80.220000 64 38
80.290000 62 38
80.360000 61 39
80.430000 61 39
80.500000 61 39
80.570000 61 39
80.640000 61 39
80.710000 0 0
80.780000 59 39
80.850000 59 39
80.920000 59 39
80.990000 59 39
81.060000 59 39
81.130000 59 39
81.200000 59 39
81.270000 59 39
81.340000 59 39
81.410000 0 0
81.480000 71 48
81.550000 71 48
81.620000 71 48
81.690000 65 39
81.760000 65 39
81.830000 65 39
81.900000 65 39
81.970000 65 39
82.040000 0 0
82.110000 0 0
82.180000 69 35
82.250000 67 44
82.320000 67 44
82.390000 67 44
82.460000 67 44
82.530000 67 44
82.600000 0 0
82.670000 66 38
82.740000 66 38
82.810000 63 53
82.880000 63 53
82.950000 63 53
83.020000 0 0
83.090000 64 50
83.160000 64 50
83.230000 64 50
83.300000 64 50
83.370000 64 50
83.440000 0 0
83.510000 58 50
83.580000 0 0
83.650000 59 53
83.720000 59 53
83.790000 59 53
83.860000 59 53
83.930000 59 53
84.000000 0 0
84.070000 57 50
84.140000 57 50
84.210000 56 54
84.280000 56 54
84.350000 56 54
84.420000 0 0
84.490000 55 50
84.560000 55 50
84.630000 55 50
84.700000 55 50
84.770000 55 50
84.840000 55 50
84.910000 53 55
84.980000 53 55
85.050000 54 51
85.120000 54 51
85.190000 54 51
85.260000 54 51
85.330000 54 51
85.400000 54 51
85.470000 54 51
85.540000 54 51
85.610000 64 45
85.680000 64 45
85.750000 64 45
85.820000 0 0
85.890000 64 48
85.960000 64 48
86.030000 64 48
86.100000 64 48
86.170000 64 48
86.240000 62 47
86.310000 62 47
86.380000 61 49
86.450000 61 49
86.520000 61 49
86.590000 61 49
86.660000 61 49
86.730000 61 49
86.800000 61 49
86.870000 0 0
86.940000 54 42
87.010000 54 42
87.080000 54 42
87.150000 0 0
87.220000 54 40
87.290000 54 40
87.360000 54 40
87.430000 54 40
87.500000 54 40
87.570000 64 39
87.640000 0 0
87.710000 62 44
87.780000 62 44
87.850000 62 44
87.920000 62 44
87.990000 62 44
88.060000 62 44
88.130000 62 44
88.200000 0 0
88.270000 59 44
88.340000 59 44
88.410000 59 44
88.480000 0 0
88.550000 59 40
88.620000 59 40
88.690000 59 40
88.760000 59 40
88.830000 59 40
88.900000 59 40
88.970000 0 0
89.040000 59 44
89.110000 59 44
89.180000 59 44
89.250000 59 44
89.320000 59 44
89.390000 0 0
89.460000 59 40
89.530000 0 0
89.600000 59 44
89.670000 59 44
89.740000 59 44
89.810000 0 0
89.880000 59 40
89.950000 59 40
90.020000 59 40
90.090000 59 40
90.160000 59 40
90.230000 59 40
90.300000 0 0
90.370000 59 44
90.440000 59 44
90.510000 59 44
90.580000 59 44
90.650000 59 44
90.720000 0 0
90.790000 59 40
90.860000 0 0
90.930000 59 44
91.000000 59 44
91.070000 59 44
91.140000 59 40
91.210000 59 40
91.280000 59 40
91.350000 59 40
91.420000 59 40
91.490000 0 0
91.560000 59 40
91.630000 0 0
91.700000 59 44
91.770000 59 44
91.840000 59 44
91.910000 59 44
91.980000 59 44
92.050000 0 0
92.120000 59 44
92.190000 0 0
92.260000 52 37
92.330000 52 37
92.400000 52 37
92.470000 52 37
92.540000 52 37
92.610000 52 37
92.680000 52 37
92.750000 52 37
92.820000 52 37
92.890000 52 37
92.960000 52 37
93.030000 63 49
93.100000 63 49
93.170000 63 49
93.240000 63 49
93.310000 63 49
93.380000 0 0
93.450000 62 45
93.520000 0 0
93.590000 61 48
93.660000 61 48
93.730000 61 48
93.800000 61 48
93.870000 61 48
93.940000 61 48
94.010000 61 48
94.080000 61 48
94.150000 61 48
94.220000 61 48
94.290000 61 48
94.360000 61 48
94.430000 61 48
94.500000 61 48
94.570000 61 48
94.640000 61 48
94.710000 61 48
94.780000 61 48
94.850000 61 48
94.920000 66 39
94.990000 66 39
95.060000 66 39
95.130000 66 39
95.200000 66 39
95.270000 66 39
95.340000 66 39
95.410000 66 39
95.480000 66 39
95.550000 66 39
95.620000 66 39
95.690000 69 48
95.760000 69 48
95.830000 69 48
95.900000 69 48
95.970000 69 48
96.040000 0 0
96.110000 64 46
96.180000 0 0
96.250000 59 37
96.320000 59 37
96.390000 59 37
96.460000 59 37
96.530000 59 37
96.600000 59 37
96.670000 59 37
96.740000 59 37
96.810000 59 37
96.880000 59 37
96.950000 59 37
97.020000 59 37
97.090000 59 37
97.160000 59 37
97.230000 59 37
97.300000 59 37
97.370000 59 37
97.440000 59 37
97.510000 71 48
97.580000 64 34
97.650000 64 34
97.720000 64 34
97.790000 64 34
97.860000 64 34
97.930000 64 34
98.000000 64 34
98.070000 64 34
98.140000 64 34
98.210000 64 34
98.280000 64 34
98.350000 64 34
98.420000 64 34
98.490000 64 34
98.560000 64 34
98.630000 64 34
98.700000 64 34
98.770000 0 0
98.840000 0 0
98.910000 0 0
98.980000 59 44
99.050000 59 44
99.120000 59 44
99.190000 59 40
99.260000 59 40
99.330000 59 40
99.400000 59 40
99.470000 59 40
99.540000 0 0
99.610000 59 40
99.680000 0 0
99.750000 59 44
99.820000 59 44
99.890000 59 44
99.960000 59 44
100.030000 59 44
100.100000 0 0
100.170000 59 40
100.240000 59 44
100.310000 59 44
100.380000 59 44
100.450000 0 0
100.520000 59 40
100.590000 59 40
100.660000 59 40
100.730000 59 40
100.800000 59 40
100.870000 0 0
100.940000 59 40
101.010000 0 0
101.080000 59 44
101.150000 59 44
101.220000 59 44
101.290000 59 44
101.360000 59 44
101.430000 59 40
101.500000 0 0
101.570000 59 44
101.640000 59 44
101.710000 59 44
101.780000 0 0
101.850000 59 40
101.920000 59 40
101.990000 59 40
102.060000 59 40
102.130000 59 40
102.200000 0 0
102.270000 59 40
102.340000 0 0
102.410000 59 44
102.480000 59 44
102.550000 59 44
102.620000 59 44
102.690000 59 44
102.760000 59 44
102.830000 0 0
102.900000 52 50
102.970000 52 50
103.040000 52 50
103.110000 0 0
103.180000 59 48
103.250000 59 48
103.320000 59 48
103.390000 59 48
103.460000 59 48
103.530000 0 0
103.600000 64 51
103.670000 0 0
103.740000 68 54
103.810000 68 54
103.880000 68 54
103.950000 68 54
104.020000 68 54
104.090000 71 55
104.160000 0 0
104.230000 72 59
104.300000 72 59
104.370000 72 59
104.440000 72 59
104.510000 72 59
104.580000 72 59
104.650000 72 59
104.720000 72 59
104.790000 72 59
104.860000 72 59
104.930000 72 59
105.000000 72 59
105.070000 72 59
105.140000 72 59
105.210000 72 59
105.280000 72 59
105.350000 72 59
105.420000 72 59
105.490000 69 55
105.560000 71 49
105.630000 71 49
105.700000 71 49
105.770000 71 49
105.840000 71 49
105.910000 71 49
105.980000 71 49
106.050000 71 49
106.120000 71 49
106.190000 71 49
106.260000 71 49
106.330000 71 49
106.400000 71 49
106.470000 71 49
106.540000 71 49
106.610000 71 49
106.680000 71 49
106.750000 71 49
106.820000 71 49
106.890000 71 48
106.960000 71 48
107.030000 71 48
107.100000 0 0
107.170000 69 51
107.240000 69 51
107.310000 69 51
107.380000 69 51
107.450000 69 51
107.520000 0 0
107.590000 65 55
107.660000 65 55
107.730000 66 44
107.800000 66 44
107.870000 66 44
107.940000 66 44
108.010000 66 44
108.080000 66 44
108.150000 66 44
108.220000 0 0
108.290000 59 39
108.360000 59 39
108.430000 59 39
108.500000 59 39
108.570000 59 39
108.640000 59 39
108.710000 59 39
108.780000 59 39
108.850000 59 39
108.920000 59 39
108.990000 59 39
109.060000 68 47
109.130000 68 47
109.200000 68 47
109.270000 68 47
109.340000 68 47
109.410000 68 47
109.480000 68 47
109.550000 0 0
109.620000 60 37
109.690000 60 37
109.760000 60 37
109.830000 0 0
109.900000 59 34
109.970000 59 34
110.040000 59 34
110.110000 59 34
110.180000 59 34
110.250000 60 34
110.320000 0 0
110.390000 59 37
110.460000 59 37
110.530000 59 37
110.600000 59 37
110.670000 59 37
110.740000 0 0
110.810000 57 41
110.880000 57 41
110.950000 55 50
111.020000 55 50
111.090000 55 50
111.160000 54 45
111.230000 54 45
111.300000 54 45
111.370000 54 45
111.440000 54 45
111.510000 0 0
111.580000 52 44
111.650000 0 0
111.720000 50 48
111.790000 50 48
111.860000 50 48
111.930000 50 48
112.000000 50 48
112.070000 0 0
112.140000 47 47
112.210000 0 0
112.280000 48 55
112.350000 48 55
112.420000 48 55
112.490000 45 52
112.560000 45 52
112.630000 45 52
112.700000 45 52
112.770000 45 52
112.840000 0 0
112.910000 42 55
112.980000 0 0
113.050000 47 60
113.120000 47 60
113.190000 47 60
113.260000 47 60
113.330000 47 60
113.400000 0 0
113.470000 35 59
113.540000 35 59
113.610000 40 70
113.680000 40 70
113.750000 40 70
113.820000 47 64
113.890000 47 64
113.960000 47 64
114.030000 47 64
114.100000 47 64
114.170000 0 0
114.240000 52 62
114.310000 0 0
114.380000 56 70
114.450000 56 70
114.520000 56 70
114.590000 56 70
114.660000 56 70
114.730000 0 0
114.800000 59 64
114.870000 59 45
114.940000 59 45
115.010000 59 45
115.080000 59 45
115.150000 59 45
115.220000 59 45
115.290000 59 45
115.360000 59 45
115.430000 59 45
115.500000 59 45
115.570000 59 45
115.640000 59 45
115.710000 59 45
115.780000 59 45
115.850000 59 45
115.920000 59 45
115.990000 59 45
116.060000 59 45
116.130000 0 0
116.200000 68 52
116.270000 68 52
116.340000 68 52
116.410000 68 52
116.480000 68 52
116.550000 68 52
116.620000 68 52
116.690000 68 52
116.760000 68 52
116.830000 68 52
116.900000 68 52
116.970000 0 0
117.040000 61 49
117.110000 61 49
117.180000 61 49
117.250000 61 49
117.320000 61 49
117.390000 60 51
117.460000 0 0
117.530000 47 40
117.600000 47 40
117.670000 47 40
117.740000 47 40
117.810000 47 40
117.880000 47 40
117.950000 47 40
118.020000 47 40
118.090000 47 40
118.160000 47 40
118.230000 47 40
118.300000 47 40
118.370000 47 40
118.440000 47 40
118.510000 47 40
118.580000 47 40
118.650000 47 40
118.720000 47 40
118.790000 47 40
118.860000 54 42
118.930000 52 45
119.000000 52 45
119.070000 52 45
119.140000 52 45
119.210000 40 50
119.280000 40 50
119.350000 40 50
119.420000 40 50
119.490000 40 50
119.560000 40 50
119.630000 40 50
119.700000 0 0
119.770000 0 0
119.840000 0 0
119.910000 0 0
119.980000 0 0
120.050000 0 0
120.120000 0 0
120.190000 0 0
120.260000 0 0
120.330000 59 44
120.400000 59 44
120.470000 59 44
120.540000 59 40
120.610000 59 40
120.680000 59 40
120.750000 59 40
120.820000 59 40
120.890000 0 0
120.960000 59 40
121.030000 0 0
121.100000 59 44
121.170000 59 44
121.240000 59 44
121.310000 59 44
121.380000 59 44
121.450000 0 0
121.520000 59 40
121.590000 0 0
121.660000 59 44
121.730000 59 44
121.800000 59 44
121.870000 59 40
121.940000 59 40
122.010000 59 40
122.080000 59 40
122.150000 59 40
122.220000 0 0
122.290000 59 40
122.360000 0 0
122.430000 59 44
122.500000 59 44
122.570000 59 44
122.640000 59 44
122.710000 59 44
122.780000 0 0
122.850000 59 40
122.920000 59 44
122.990000 59 44
123.060000 59 44
123.130000 0 0
123.200000 59 40
123.270000 59 40
123.340000 59 40
123.410000 59 40
123.480000 59 40
123.550000 0 0
123.620000 59 40
123.690000 0 0
123.760000 59 44
123.830000 59 44
123.900000 59 44
123.970000 59 44
124.040000 59 44
124.110000 0 0
124.180000 59 44
124.250000 0 0
124.320000 52 39
124.390000 52 39
124.460000 52 39
124.530000 52 39
124.600000 52 39
124.670000 52 39
124.740000 52 39
124.810000 52 39
124.880000 52 39
124.950000 52 39
125.020000 52 39
125.090000 63 49
125.160000 63 49
125.230000 63 49
125.300000 63 49
125.370000 63 49
125.440000 0 0
125.510000 62 45
125.580000 0 0
125.650000 61 48
125.720000 61 48
125.790000 61 48
125.860000 61 48
125.930000 61 48
126.000000 61 48
126.070000 61 48
126.140000 61 48
126.210000 61 48
126.280000 61 48
126.350000 61 48
126.420000 61 48
126.490000 61 48
126.560000 61 48
126.630000 61 48
126.700000 61 48
126.770000 61 48
126.840000 61 48
126.910000 61 48
126.980000 66 39
127.050000 66 39
127.120000 66 39
127.190000 66 39
127.260000 66 39
127.330000 66 39
127.400000 66 39
127.470000 66 39
127.540000 66 39
127.610000 66 39
127.680000 66 39
127.750000 69 48
127.820000 69 48
127.890000 69 48
127.960000 69 48
128.030000 69 48
128.100000 0 0
128.170000 64 46
128.240000 0 0
128.310000 59 37
128.380000 59 37
128.450000 59 37
128.520000 59 37
128.590000 59 37
128.660000 59 37
128.730000 59 37
128.800000 59 37
128.870000 59 37
128.940000 59 37
129.010000 59 37
129.080000 59 37
129.150000 59 37
129.220000 59 37
129.290000 59 37
129.360000 59 37
129.430000 59 37
129.500000 59 37
129.570000 71 48
129.640000 64 34
129.710000 64 34
129.780000 64 34
129.850000 64 34
129.920000 64 34
129.990000 64 34
130.060000 64 34
130.130000 64 34
130.200000 64 34
130.270000 64 34
130.340000 64 34
130.410000 64 34
130.480000 64 34
130.550000 64 34
130.620000 64 34
130.690000 64 34
130.760000 64 34
130.830000 0 0
130.900000 0 0
130.970000 59 44
131.040000 59 44
131.110000 59 44
131.180000 0 0
131.250000 59 40
131.320000 59 40
131.390000 59 40
131.460000 59 40
131.530000 59 40
131.600000 0 0
131.670000 59 40
131.740000 0 0
131.810000 59 44
131.880000 59 44
131.950000 59 44
132.020000 59 44
132.090000 59 44
132.160000 59 40
132.230000 0 0
132.300000 59 44
132.370000 59 44
132.440000 59 44
132.510000 0 0
132.580000 59 40
132.650000 59 40
132.720000 59 40
132.790000 59 40
132.860000 59 40
132.930000 0 0
133.000000 59 40
133.070000 59 44
133.140000 59 44
133.210000 59 44
133.280000 59 44
133.350000 59 44
133.420000 0 0
133.490000 59 40
133.560000 0 0
133.630000 59 44
133.700000 59 44
133.770000 59 44
133.840000 0 0
133.910000 59 40
133.980000 59 40
134.050000 59 40
134.120000 59 40
134.190000 59 40
134.260000 59 40
134.330000 0 0
134.400000 59 44
134.470000 59 44
134.540000 59 44
134.610000 59 44
134.680000 59 44
134.750000 0 0
134.820000 59 44
134.890000 0 0
134.960000 52 50
135.030000 52 50
135.100000 52 50
135.170000 0 0
135.240000 59 48
135.310000 59 48
135.380000 59 48
135.450000 59 48
135.520000 59 48
135.590000 0 0
135.660000 64 51
135.730000 68 54
135.800000 68 54
135.870000 68 54
135.940000 68 54
136.010000 68 54
136.080000 0 0
136.150000 71 55
136.220000 0 0
136.290000 72 59
136.360000 72 59
136.430000 72 59
136.500000 72 59
136.570000 72 59
136.640000 72 59
136.710000 72 59
136.780000 72 59
136.850000 72 59
136.920000 72 59
136.990000 72 59
137.060000 72 59
137.130000 72 59
137.200000 72 59
137.270000 72 59
137.340000 72 59
137.410000 72 59
137.480000 72 59
137.550000 0 0
137.620000 71 49
137.690000 71 49
137.760000 71 49
137.830000 71 49
137.900000 71 49
137.970000 71 49
138.040000 71 49
138.110000 71 49
138.180000 71 49
138.250000 71 49
138.320000 71 49
138.390000 71 49
138.460000 71 49
138.530000 71 49
138.600000 71 49
138.670000 71 49
138.740000 71 49
138.810000 71 49
138.880000 71 49
138.950000 71 48
139.020000 71 48
139.090000 71 48
139.160000 0 0
139.230000 69 51
139.300000 69 51
139.370000 69 51
139.440000 69 51
139.510000 69 51
139.580000 0 0
139.650000 65 55
139.720000 65 55
139.790000 66 44
139.860000 66 44
139.930000 66 44
140.000000 66 44
140.070000 66 44
140.140000 66 44
140.210000 66 44
140.280000 59 39
140.350000 59 39
140.420000 59 39
140.490000 59 39
140.560000 59 39
140.630000 59 39
140.700000 59 39
140.770000 59 39
140.840000 59 39
140.910000 59 39
140.980000 59 39
141.050000 68 47
141.120000 68 47
141.190000 68 47
141.260000 68 47
141.330000 68 47
141.400000 68 47
141.470000 68 47
141.540000 0 0
141.610000 60 37
141.680000 60 37
141.750000 60 37
141.820000 0 0
141.890000 59 34
141.960000 59 34
142.030000 59 34
142.100000 59 34
142.170000 59 34
142.240000 0 0
142.310000 60 34
142.380000 0 0
142.450000 59 37
142.520000 59 37
142.590000 59 37
142.660000 59 37
142.730000 59 37
142.800000 57 41
142.870000 57 41
142.940000 55 50
143.010000 55 50
143.080000 55 50
143.150000 0 0
143.220000 54 45
143.290000 54 45
143.360000 54 45
143.430000 54 45
143.500000 54 45
143.570000 0 0
143.640000 52 44
143.710000 50 48
143.780000 50 48
143.850000 50 48
143.920000 50 48
143.990000 50 48
144.060000 0 0
144.130000 47 47
144.200000 0 0
144.270000 48 55
144.340000 48 55
144.410000 48 55
144.480000 0 0
144.550000 45 52
144.620000 45 52
144.690000 45 52
144.760000 45 52
144.830000 45 52
144.900000 42 55
144.970000 0 0
145.040000 47 60
145.110000 47 60
145.180000 47 60
145.250000 47 60
145.320000 47 60
145.390000 0 0
145.460000 35 59
145.530000 35 59
145.600000 40 70
145.670000 40 70
145.740000 40 70
145.810000 0 0
145.880000 47 64
145.950000 47 64
146.020000 47 64
146.090000 47 64
146.160000 47 64
146.230000 52 62
146.300000 0 0
146.370000 56 70
146.440000 56 70
146.510000 56 70
146.580000 56 70
146.650000 56 70
146.720000 0 0
146.790000 59 64
146.860000 0 0
146.930000 59 45
147.000000 59 45
147.070000 59 45
147.140000 59 45
147.210000 59 45
147.280000 59 45
147.350000 59 45
147.420000 59 45
147.490000 59 45
147.560000 59 45
147.630000 59 45
147.700000 59 45
147.770000 59 45
147.840000 59 45
147.910000 59 45
147.980000 59 45
148.050000 59 45
148.120000 59 45
148.190000 0 0
148.260000 68 52
148.330000 68 52
148.400000 68 52
148.470000 68 52
148.540000 68 52
148.610000 68 52
148.680000 68 52
148.750000 68 52
148.820000 68 52
148.890000 68 52
148.960000 68 52
149.030000 61 49
149.100000 61 49
149.170000 61 49
149.240000 61 49
149.310000 61 49
149.380000 0 0
149.450000 60 51
149.520000 0 0
149.590000 47 40
149.660000 47 40
149.730000 47 40
149.800000 47 40
149.870000 47 40
149.940000 47 40
150.010000 47 40
150.080000 47 40
150.150000 47 40
150.220000 47 40
150.290000 47 40
150.360000 47 40
150.430000 47 40
150.500000 47 40
150.570000 47 40
150.640000 47 40
150.710000 47 40
150.780000 47 40
150.850000 47 40
150.920000 52 45
150.990000 52 45
151.060000 52 45
151.130000 52 45
151.200000 0 0
151.270000 40 52
151.340000 40 52
151.410000 40 52
151.480000 40 52
151.550000 40 52
151.620000 40 52
151.690000 40 52
151.760000 40 52
