"A Force - Crystal Dawn"

# MIDI out
0.00000 0.00000 0.00000
0.07000 0.00000 0.00000
0.14000 0.00000 0.00000
0.21000 0.00000 0.00000
0.28000 0.00000 0.00000
0.35000 0.00000 0.00000
0.42000 0.00000 0.00000
0.49000 0.00000 0.00000
0.56000 0.00000 0.00000
0.63000 0.00000 0.00000
0.70000 0.00000 0.00000
0.77000 0.00000 0.00000
0.84000 0.00000 0.00000
0.91000 0.00000 0.00000
0.98000 0.00000 0.00000
1.05000 0.00000 0.00000
1.12000 0.00000 0.00000
1.19000 0.00000 0.00000
1.26000 0.00000 0.00000
1.33000 0.00000 0.00000
1.40000 0.00000 0.00000
1.47000 0.00000 0.00000
1.54000 0.00000 0.00000
1.61000 0.00000 0.00000
1.68000 0.00000 0.00000
1.75000 0.00000 0.00000
1.82000 0.00000 0.00000
1.89000 0.00000 0.00000
1.96000 0.00000 0.00000
2.03000 0.00000 0.00000
2.10000 0.00000 0.00000
2.17000 0.00000 0.00000
2.24000 0.00000 0.00000
2.31000 0.00000 0.00000
2.38000 0.00000 0.00000
2.45000 0.00000 0.00000
2.52000 0.00000 0.00000
2.59000 0.00000 0.00000
2.66000 0.00000 0.00000
2.73000 0.00000 0.00000
2.80000 0.00000 0.00000
2.87000 0.00000 0.00000
2.94000 0.00000 0.00000
3.01000 0.00000 0.00000
3.08000 0.00000 0.00000
3.15000 0.00000 0.00000
3.22000 0.00000 0.00000
3.29000 0.00000 0.00000
3.36000 0.00000 0.00000
3.43000 0.00000 0.00000
3.50000 0.00000 0.00000
3.57000 0.00000 0.00000
3.64000 0.00000 0.00000
3.71000 0.00000 0.00000
3.78000 0.00000 0.00000
3.85000 0.00000 0.00000
3.92000 0.00000 0.00000
3.99000 0.00000 0.00000
4.06000 0.00000 0.00000
4.13000 0.00000 0.00000
4.20000 0.00000 0.00000
4.27000 0.00000 0.00000
4.34000 0.00000 0.00000
4.41000 0.00000 0.00000
4.48000 0.00000 0.00000
4.55000 0.00000 0.00000
4.62000 0.00000 0.00000
4.69000 0.00000 0.00000
4.76000 0.00000 0.00000
4.83000 0.00000 0.00000
4.90000 0.00000 0.00000
4.97000 0.00000 0.00000
5.04000 0.00000 0.00000
5.11000 0.00000 0.00000
5.18000 0.00000 0.00000
5.25000 0.00000 0.00000
5.32000 0.00000 0.00000
5.39000 0.00000 0.00000
5.46000 0.00000 0.00000
5.53000 0.00000 0.00000
5.60000 0.00000 0.00000
5.67000 0.00000 0.00000
5.74000 0.00000 0.00000
5.81000 0.00000 0.00000
5.88000 0.00000 0.00000
5.95000 0.00000 0.00000
6.02000 0.00000 0.00000
6.09000 0.00000 0.00000
6.16000 0.00000 0.00000
6.23000 0.00000 0.00000
6.30000 0.00000 0.00000
6.37000 0.00000 0.00000
6.44000 0.00000 0.00000
6.51000 0.00000 0.00000
6.58000 0.00000 0.00000
6.65000 0.00000 0.00000
6.72000 0.00000 0.00000
6.79000 0.00000 0.00000
6.86000 0.00000 0.00000
6.93000 0.00000 0.00000
7.00000 0.00000 0.00000
7.07000 0.00000 0.00000
7.14000 0.00000 0.00000
7.21000 0.00000 0.00000
7.28000 0.00000 0.00000
7.35000 0.00000 0.00000
7.42000 0.00000 0.00000
7.49000 0.00000 0.00000
7.56000 0.00000 0.00000
7.63000 0.00000 0.00000
7.70000 0.00000 0.00000
7.77000 0.00000 0.00000
7.84000 0.00000 0.00000
7.91000 0.00000 0.00000
7.98000 0.00000 0.00000
8.05000 0.00000 0.00000
8.12000 0.00000 0.00000
8.19000 0.00000 0.00000
8.26000 0.00000 0.00000
8.33000 0.00000 0.00000
8.40000 0.00000 0.00000
8.47000 0.00000 0.00000
8.54000 0.00000 0.00000
8.61000 0.00000 0.00000
8.68000 0.00000 0.00000
8.75000 0.00000 0.00000
8.82000 0.00000 0.00000
8.89000 0.00000 0.00000
8.96000 0.00000 0.00000
9.03000 0.00000 0.00000
9.10000 0.00000 0.00000
9.17000 0.00000 0.00000
9.24000 0.00000 0.00000
9.31000 0.00000 0.00000
9.38000 0.00000 0.00000
9.45000 0.00000 0.00000
9.52000 0.00000 0.00000
9.59000 0.00000 0.00000
9.66000 0.00000 0.00000
9.73000 0.00000 0.00000
9.80000 0.00000 0.00000
9.87000 0.00000 0.00000
9.94000 0.00000 0.00000
10.01000 0.00000 0.00000
10.08000 0.00000 0.00000
10.15000 0.00000 0.00000
10.22000 0.00000 0.00000
10.29000 0.00000 0.00000
10.36000 0.00000 0.00000
10.43000 0.00000 0.00000
10.50000 0.00000 0.00000
10.57000 0.00000 0.00000
10.64000 0.00000 0.00000
10.71000 0.00000 0.00000
10.78000 0.00000 0.00000
10.85000 0.00000 0.00000
10.92000 0.00000 0.00000
10.99000 0.00000 0.00000
11.06000 0.00000 0.00000
11.13000 0.00000 0.00000
11.20000 0.00000 0.00000
11.27000 0.00000 0.00000
11.34000 0.00000 0.00000
11.41000 0.00000 0.00000
11.48000 0.00000 0.00000
11.55000 0.00000 0.00000
11.62000 0.00000 0.00000
11.69000 0.00000 0.00000
11.76000 0.00000 0.00000
11.83000 0.00000 0.00000
11.90000 0.00000 0.00000
11.97000 0.00000 0.00000
12.04000 0.00000 0.00000
12.11000 0.00000 0.00000
12.18000 0.00000 0.00000
12.25000 0.00000 0.00000
12.32000 0.00000 0.00000
12.39000 0.00000 0.00000
12.46000 0.00000 0.00000
12.53000 0.00000 0.00000
12.60000 0.00000 0.00000
12.67000 0.00000 0.00000
12.74000 0.00000 0.00000
12.81000 0.00000 0.00000
12.88000 0.00000 0.00000
12.95000 0.00000 0.00000
13.02000 0.00000 0.00000
13.09000 0.00000 0.00000
13.16000 0.00000 0.00000
13.23000 0.00000 0.00000
13.30000 0.00000 0.00000
13.37000 0.00000 0.00000
13.44000 0.00000 0.00000
13.51000 0.00000 0.00000
13.58000 0.00000 0.00000
13.65000 0.00000 0.00000
13.72000 0.00000 0.00000
13.79000 0.00000 0.00000
13.86000 0.00000 0.00000
13.93000 0.00000 0.00000
14.00000 0.00000 0.00000
# MIDI out #2
0.00000 30.00000 99.00000
0.07000 0.00000 0.00000
0.14000 0.00000 0.00000
0.21000 0.00000 0.00000
0.28000 0.00000 0.00000
0.35000 30.00000 99.00000
0.42000 0.00000 0.00000
0.49000 0.00000 0.00000
0.56000 0.00000 0.00000
0.63000 0.00000 0.00000
0.70000 30.00000 99.00000
0.77000 0.00000 0.00000
0.84000 0.00000 0.00000
0.91000 30.00000 99.00000
0.98000 0.00000 0.00000
1.05000 0.00000 0.00000
1.12000 0.00000 0.00000
1.19000 0.00000 0.00000
1.26000 30.00000 99.00000
1.33000 0.00000 0.00000
1.40000 0.00000 0.00000
1.47000 0.00000 0.00000
1.54000 0.00000 0.00000
1.61000 30.00000 99.00000
1.68000 0.00000 0.00000
1.75000 0.00000 0.00000
1.82000 30.00000 99.00000
1.89000 0.00000 0.00000
1.96000 0.00000 0.00000
2.03000 0.00000 0.00000
2.10000 30.00000 99.00000
2.17000 0.00000 0.00000
2.24000 0.00000 0.00000
2.31000 0.00000 0.00000
2.38000 0.00000 0.00000
2.45000 30.00000 99.00000
2.52000 0.00000 0.00000
2.59000 0.00000 0.00000
2.66000 30.00000 99.00000
2.73000 0.00000 0.00000
2.80000 0.00000 0.00000
2.87000 0.00000 0.00000
2.94000 0.00000 0.00000
3.01000 30.00000 99.00000
3.08000 0.00000 0.00000
3.15000 0.00000 0.00000
3.22000 0.00000 0.00000
3.29000 0.00000 0.00000
3.36000 30.00000 99.00000
3.43000 0.00000 0.00000
3.50000 0.00000 0.00000
3.57000 37.00000 99.00000
3.64000 0.00000 0.00000
3.71000 0.00000 0.00000
3.78000 0.00000 0.00000
3.85000 0.00000 0.00000
3.92000 37.00000 99.00000
3.99000 0.00000 0.00000
4.06000 0.00000 0.00000
4.13000 0.00000 0.00000
4.20000 37.00000 99.00000
4.27000 0.00000 0.00000
4.34000 0.00000 0.00000
4.41000 0.00000 0.00000
4.48000 37.00000 99.00000
4.55000 0.00000 0.00000
4.62000 0.00000 0.00000
4.69000 0.00000 0.00000
4.76000 37.00000 99.00000
4.83000 0.00000 0.00000
4.90000 0.00000 0.00000
4.97000 0.00000 0.00000
5.04000 0.00000 0.00000
5.11000 37.00000 99.00000
5.18000 0.00000 0.00000
5.25000 0.00000 0.00000
5.32000 37.00000 99.00000
5.39000 0.00000 0.00000
5.46000 0.00000 0.00000
5.53000 0.00000 0.00000
5.60000 0.00000 0.00000
5.67000 37.00000 99.00000
5.74000 0.00000 0.00000
5.81000 0.00000 0.00000
5.88000 0.00000 0.00000
5.95000 0.00000 0.00000
6.02000 37.00000 99.00000
6.09000 0.00000 0.00000
6.16000 0.00000 0.00000
6.23000 37.00000 99.00000
6.30000 0.00000 0.00000
6.37000 0.00000 0.00000
6.44000 0.00000 0.00000
6.51000 37.00000 99.00000
6.58000 0.00000 0.00000
6.65000 0.00000 0.00000
6.72000 0.00000 0.00000
6.79000 0.00000 0.00000
6.86000 37.00000 99.00000
6.93000 0.00000 0.00000
7.00000 0.00000 0.00000
7.07000 38.00000 99.00000
7.14000 0.00000 0.00000
7.21000 0.00000 0.00000
7.28000 0.00000 0.00000
7.35000 0.00000 0.00000
7.42000 38.00000 99.00000
7.49000 0.00000 0.00000
7.56000 0.00000 0.00000
7.63000 0.00000 0.00000
7.70000 0.00000 0.00000
7.77000 38.00000 99.00000
7.84000 0.00000 0.00000
7.91000 0.00000 0.00000
7.98000 38.00000 99.00000
8.05000 0.00000 0.00000
8.12000 0.00000 0.00000
8.19000 0.00000 0.00000
8.26000 0.00000 0.00000
8.33000 38.00000 99.00000
8.40000 0.00000 0.00000
8.47000 0.00000 0.00000
8.54000 0.00000 0.00000
8.61000 38.00000 99.00000
8.68000 0.00000 0.00000
8.75000 0.00000 0.00000
8.82000 0.00000 0.00000
8.89000 38.00000 99.00000
8.96000 0.00000 0.00000
9.03000 0.00000 0.00000
9.10000 0.00000 0.00000
9.17000 38.00000 99.00000
9.24000 0.00000 0.00000
9.31000 0.00000 0.00000
9.38000 0.00000 0.00000
9.45000 0.00000 0.00000
9.52000 38.00000 99.00000
9.59000 0.00000 0.00000
9.66000 0.00000 0.00000
9.73000 38.00000 99.00000
9.80000 0.00000 0.00000
9.87000 0.00000 0.00000
9.94000 0.00000 0.00000
10.01000 0.00000 0.00000
10.08000 38.00000 99.00000
10.15000 0.00000 0.00000
10.22000 0.00000 0.00000
10.29000 0.00000 0.00000
10.36000 0.00000 0.00000
10.43000 38.00000 99.00000
10.50000 0.00000 0.00000
10.57000 0.00000 0.00000
10.64000 35.00000 99.00000
10.71000 0.00000 0.00000
10.78000 0.00000 0.00000
10.85000 0.00000 0.00000
10.92000 35.00000 99.00000
10.99000 0.00000 0.00000
11.06000 0.00000 0.00000
11.13000 0.00000 0.00000
11.20000 0.00000 0.00000
11.27000 35.00000 99.00000
11.34000 0.00000 0.00000
11.41000 0.00000 0.00000
11.48000 35.00000 99.00000
11.55000 0.00000 0.00000
11.62000 0.00000 0.00000
11.69000 0.00000 0.00000
11.76000 0.00000 0.00000
11.83000 35.00000 99.00000
11.90000 0.00000 0.00000
11.97000 0.00000 0.00000
12.04000 0.00000 0.00000
12.11000 0.00000 0.00000
12.18000 35.00000 99.00000
12.25000 0.00000 0.00000
12.32000 0.00000 0.00000
12.39000 40.00000 99.00000
12.46000 0.00000 0.00000
12.53000 0.00000 0.00000
12.60000 0.00000 0.00000
12.67000 0.00000 0.00000
12.74000 40.00000 99.00000
12.81000 0.00000 0.00000
12.88000 0.00000 0.00000
12.95000 0.00000 0.00000
13.02000 40.00000 99.00000
13.09000 0.00000 0.00000
13.16000 0.00000 0.00000
13.23000 0.00000 0.00000
13.30000 40.00000 99.00000
13.37000 0.00000 0.00000
13.44000 0.00000 0.00000
13.51000 0.00000 0.00000
13.58000 40.00000 99.00000
13.65000 0.00000 0.00000
13.72000 0.00000 0.00000
13.79000 0.00000 0.00000
13.86000 0.00000 0.00000
13.93000 40.00000 99.00000
14.00000 0.00000 0.00000
# MIDI out #3
0.00000 0.00000 0.00000
0.07000 0.00000 0.00000
0.14000 0.00000 0.00000
0.21000 0.00000 0.00000
0.28000 0.00000 0.00000
0.35000 0.00000 0.00000
0.42000 0.00000 0.00000
0.49000 0.00000 0.00000
0.56000 0.00000 0.00000
0.63000 0.00000 0.00000
0.70000 0.00000 0.00000
0.77000 0.00000 0.00000
0.84000 0.00000 0.00000
0.91000 0.00000 0.00000
0.98000 0.00000 0.00000
1.05000 0.00000 0.00000
1.12000 0.00000 0.00000
1.19000 0.00000 0.00000
1.26000 0.00000 0.00000
1.33000 0.00000 0.00000
1.40000 0.00000 0.00000
1.47000 0.00000 0.00000
1.54000 0.00000 0.00000
1.61000 0.00000 0.00000
1.68000 0.00000 0.00000
1.75000 0.00000 0.00000
1.82000 0.00000 0.00000
1.89000 0.00000 0.00000
1.96000 0.00000 0.00000
2.03000 0.00000 0.00000
2.10000 0.00000 0.00000
2.17000 0.00000 0.00000
2.24000 0.00000 0.00000
2.31000 0.00000 0.00000
2.38000 0.00000 0.00000
2.45000 0.00000 0.00000
2.52000 0.00000 0.00000
2.59000 0.00000 0.00000
2.66000 0.00000 0.00000
2.73000 0.00000 0.00000
2.80000 0.00000 0.00000
2.87000 0.00000 0.00000
2.94000 0.00000 0.00000
3.01000 0.00000 0.00000
3.08000 0.00000 0.00000
3.15000 0.00000 0.00000
3.22000 0.00000 0.00000
3.29000 0.00000 0.00000
3.36000 0.00000 0.00000
3.43000 0.00000 0.00000
3.50000 0.00000 0.00000
3.57000 0.00000 0.00000
3.64000 0.00000 0.00000
3.71000 0.00000 0.00000
3.78000 0.00000 0.00000
3.85000 0.00000 0.00000
3.92000 0.00000 0.00000
3.99000 0.00000 0.00000
4.06000 0.00000 0.00000
4.13000 0.00000 0.00000
4.20000 0.00000 0.00000
4.27000 0.00000 0.00000
4.34000 0.00000 0.00000
4.41000 0.00000 0.00000
4.48000 0.00000 0.00000
4.55000 0.00000 0.00000
4.62000 0.00000 0.00000
4.69000 0.00000 0.00000
4.76000 0.00000 0.00000
4.83000 0.00000 0.00000
4.90000 0.00000 0.00000
4.97000 0.00000 0.00000
5.04000 0.00000 0.00000
5.11000 0.00000 0.00000
5.18000 0.00000 0.00000
5.25000 0.00000 0.00000
5.32000 0.00000 0.00000
5.39000 0.00000 0.00000
5.46000 0.00000 0.00000
5.53000 0.00000 0.00000
5.60000 0.00000 0.00000
5.67000 0.00000 0.00000
5.74000 0.00000 0.00000
5.81000 0.00000 0.00000
5.88000 0.00000 0.00000
5.95000 0.00000 0.00000
6.02000 0.00000 0.00000
6.09000 0.00000 0.00000
6.16000 0.00000 0.00000
6.23000 0.00000 0.00000
6.30000 0.00000 0.00000
6.37000 0.00000 0.00000
6.44000 0.00000 0.00000
6.51000 0.00000 0.00000
6.58000 0.00000 0.00000
6.65000 0.00000 0.00000
6.72000 0.00000 0.00000
6.79000 0.00000 0.00000
6.86000 0.00000 0.00000
6.93000 0.00000 0.00000
7.00000 0.00000 0.00000
7.07000 0.00000 0.00000
7.14000 0.00000 0.00000
7.21000 0.00000 0.00000
7.28000 0.00000 0.00000
7.35000 0.00000 0.00000
7.42000 0.00000 0.00000
7.49000 0.00000 0.00000
7.56000 0.00000 0.00000
7.63000 0.00000 0.00000
7.70000 0.00000 0.00000
7.77000 0.00000 0.00000
7.84000 0.00000 0.00000
7.91000 0.00000 0.00000
7.98000 0.00000 0.00000
8.05000 0.00000 0.00000
8.12000 0.00000 0.00000
8.19000 0.00000 0.00000
8.26000 0.00000 0.00000
8.33000 0.00000 0.00000
8.40000 0.00000 0.00000
8.47000 0.00000 0.00000
8.54000 0.00000 0.00000
8.61000 0.00000 0.00000
8.68000 0.00000 0.00000
8.75000 0.00000 0.00000
8.82000 0.00000 0.00000
8.89000 0.00000 0.00000
8.96000 0.00000 0.00000
9.03000 0.00000 0.00000
9.10000 0.00000 0.00000
9.17000 0.00000 0.00000
9.24000 0.00000 0.00000
9.31000 0.00000 0.00000
9.38000 0.00000 0.00000
9.45000 0.00000 0.00000
9.52000 0.00000 0.00000
9.59000 0.00000 0.00000
9.66000 0.00000 0.00000
9.73000 0.00000 0.00000
9.80000 0.00000 0.00000
9.87000 0.00000 0.00000
9.94000 0.00000 0.00000
10.01000 0.00000 0.00000
10.08000 0.00000 0.00000
10.15000 0.00000 0.00000
10.22000 0.00000 0.00000
10.29000 0.00000 0.00000
10.36000 0.00000 0.00000
10.43000 0.00000 0.00000
10.50000 0.00000 0.00000
10.57000 0.00000 0.00000
10.64000 0.00000 0.00000
10.71000 0.00000 0.00000
10.78000 0.00000 0.00000
10.85000 0.00000 0.00000
10.92000 0.00000 0.00000
10.99000 0.00000 0.00000
11.06000 0.00000 0.00000
11.13000 0.00000 0.00000
11.20000 0.00000 0.00000
11.27000 0.00000 0.00000
11.34000 0.00000 0.00000
11.41000 0.00000 0.00000
11.48000 0.00000 0.00000
11.55000 0.00000 0.00000
11.62000 0.00000 0.00000
11.69000 0.00000 0.00000
11.76000 0.00000 0.00000
11.83000 0.00000 0.00000
11.90000 0.00000 0.00000
11.97000 0.00000 0.00000
12.04000 0.00000 0.00000
12.11000 0.00000 0.00000
12.18000 0.00000 0.00000
12.25000 0.00000 0.00000
12.32000 0.00000 0.00000
12.39000 0.00000 0.00000
12.46000 0.00000 0.00000
12.53000 0.00000 0.00000
12.60000 0.00000 0.00000
12.67000 0.00000 0.00000
12.74000 0.00000 0.00000
12.81000 0.00000 0.00000
12.88000 0.00000 0.00000
12.95000 0.00000 0.00000
13.02000 0.00000 0.00000
13.09000 0.00000 0.00000
13.16000 0.00000 0.00000
13.23000 0.00000 0.00000
13.30000 0.00000 0.00000
13.37000 0.00000 0.00000
13.44000 0.00000 0.00000
13.51000 0.00000 0.00000
13.58000 0.00000 0.00000
