"A.S.H.A._-_JJ_Tribute__XimeR_20100424111408"

# Combinator 1
0.00000 41.00000 100.00000
0.07000 41.00000 100.00000
0.14000 41.00000 100.00000
0.21000 41.00000 100.00000
0.28000 41.00000 100.00000
0.35000 41.00000 100.00000
0.42000 41.00000 100.00000
0.49000 41.00000 100.00000
0.56000 41.00000 100.00000
0.63000 41.00000 100.00000
0.70000 41.00000 100.00000
0.77000 41.00000 100.00000
0.84000 41.00000 100.00000
0.91000 41.00000 100.00000
0.98000 41.00000 100.00000
1.05000 41.00000 100.00000
1.12000 41.00000 100.00000
1.19000 41.00000 100.00000
1.26000 41.00000 100.00000
1.33000 41.00000 100.00000
1.40000 41.00000 100.00000
1.47000 41.00000 100.00000
1.54000 41.00000 100.00000
1.61000 41.00000 100.00000
1.68000 41.00000 100.00000
1.75000 41.00000 100.00000
1.82000 41.00000 100.00000
1.89000 41.00000 100.00000
1.96000 41.00000 100.00000
2.03000 41.00000 100.00000
2.10000 41.00000 100.00000
2.17000 41.00000 100.00000
2.24000 41.00000 100.00000
2.31000 41.00000 100.00000
2.38000 41.00000 100.00000
2.45000 41.00000 100.00000
2.52000 41.00000 100.00000
2.59000 41.00000 100.00000
2.66000 41.00000 100.00000
2.73000 41.00000 100.00000
2.80000 41.00000 100.00000
2.87000 41.00000 100.00000
2.94000 41.00000 100.00000
3.01000 41.00000 100.00000
3.08000 41.00000 100.00000
3.15000 41.00000 100.00000
3.22000 41.00000 100.00000
3.29000 41.00000 100.00000
3.36000 41.00000 100.00000
3.43000 41.00000 100.00000
3.50000 41.00000 100.00000
3.57000 41.00000 100.00000
3.64000 72.00000 100.00000
3.71000 46.00000 100.00000
3.78000 46.00000 100.00000
3.85000 46.00000 100.00000
3.92000 46.00000 100.00000
3.99000 46.00000 100.00000
4.06000 46.00000 100.00000
4.13000 46.00000 100.00000
4.20000 46.00000 100.00000
4.27000 46.00000 100.00000
4.34000 46.00000 100.00000
4.41000 46.00000 100.00000
4.48000 46.00000 100.00000
4.55000 46.00000 100.00000
4.62000 46.00000 100.00000
4.69000 46.00000 100.00000
4.76000 46.00000 100.00000
4.83000 46.00000 100.00000
4.90000 46.00000 100.00000
4.97000 46.00000 100.00000
5.04000 46.00000 100.00000
5.11000 46.00000 100.00000
5.18000 46.00000 100.00000
5.25000 46.00000 100.00000
5.32000 46.00000 100.00000
5.39000 46.00000 100.00000
5.46000 46.00000 100.00000
5.53000 46.00000 100.00000
5.60000 48.00000 100.00000
5.67000 48.00000 100.00000
5.74000 48.00000 100.00000
5.81000 48.00000 100.00000
5.88000 48.00000 100.00000
5.95000 48.00000 100.00000
6.02000 48.00000 100.00000
6.09000 48.00000 100.00000
6.16000 48.00000 100.00000
6.23000 48.00000 100.00000
6.30000 48.00000 100.00000
6.37000 48.00000 100.00000
6.44000 48.00000 100.00000
6.51000 48.00000 100.00000
6.58000 48.00000 100.00000
6.65000 48.00000 100.00000
6.72000 48.00000 100.00000
6.79000 48.00000 100.00000
6.86000 48.00000 100.00000
6.93000 48.00000 100.00000
7.00000 48.00000 100.00000
7.07000 48.00000 100.00000
7.14000 48.00000 100.00000
7.21000 48.00000 100.00000
7.28000 48.00000 100.00000
7.35000 48.00000 100.00000
7.42000 41.00000 100.00000
7.49000 41.00000 100.00000
7.56000 41.00000 100.00000
7.63000 41.00000 100.00000
7.70000 41.00000 100.00000
7.77000 41.00000 100.00000
7.84000 41.00000 100.00000
7.91000 41.00000 100.00000
7.98000 41.00000 100.00000
8.05000 41.00000 100.00000
8.12000 41.00000 100.00000
8.19000 41.00000 100.00000
8.26000 41.00000 100.00000
8.33000 41.00000 100.00000
8.40000 41.00000 100.00000
8.47000 41.00000 100.00000
8.54000 41.00000 100.00000
8.61000 41.00000 100.00000
8.68000 41.00000 100.00000
8.75000 41.00000 100.00000
8.82000 41.00000 100.00000
8.89000 41.00000 100.00000
8.96000 41.00000 100.00000
9.03000 41.00000 100.00000
9.10000 41.00000 100.00000
9.17000 41.00000 100.00000
9.24000 41.00000 100.00000
9.31000 41.00000 100.00000
9.38000 41.00000 100.00000
9.45000 41.00000 100.00000
9.52000 41.00000 100.00000
9.59000 41.00000 100.00000
9.66000 41.00000 100.00000
9.73000 41.00000 100.00000
9.80000 41.00000 100.00000
9.87000 41.00000 100.00000
9.94000 41.00000 100.00000
10.01000 41.00000 100.00000
10.08000 41.00000 100.00000
10.15000 41.00000 100.00000
10.22000 41.00000 100.00000
10.29000 41.00000 100.00000
10.36000 41.00000 100.00000
10.43000 41.00000 100.00000
10.50000 41.00000 100.00000
10.57000 41.00000 100.00000
10.64000 41.00000 100.00000
10.71000 41.00000 100.00000
10.78000 41.00000 100.00000
10.85000 41.00000 100.00000
10.92000 41.00000 100.00000
10.99000 41.00000 100.00000
11.06000 0.00000 0.00000
11.13000 46.00000 100.00000
11.20000 46.00000 100.00000
11.27000 46.00000 100.00000
11.34000 46.00000 100.00000
11.41000 46.00000 100.00000
11.48000 46.00000 100.00000
11.55000 46.00000 100.00000
11.62000 46.00000 100.00000
11.69000 46.00000 100.00000
11.76000 46.00000 100.00000
11.83000 46.00000 100.00000
11.90000 46.00000 100.00000
11.97000 46.00000 100.00000
12.04000 46.00000 100.00000
12.11000 46.00000 100.00000
12.18000 46.00000 100.00000
12.25000 46.00000 100.00000
12.32000 46.00000 100.00000
12.39000 46.00000 100.00000
12.46000 46.00000 100.00000
12.53000 46.00000 100.00000
12.60000 46.00000 100.00000
12.67000 46.00000 100.00000
12.74000 46.00000 100.00000
12.81000 46.00000 100.00000
12.88000 46.00000 100.00000
12.95000 48.00000 100.00000
13.02000 48.00000 100.00000
13.09000 48.00000 100.00000
13.16000 48.00000 100.00000
13.23000 48.00000 100.00000
13.30000 48.00000 100.00000
13.37000 48.00000 100.00000
13.44000 48.00000 100.00000
13.51000 48.00000 100.00000
13.58000 48.00000 100.00000
13.65000 48.00000 100.00000
13.72000 48.00000 100.00000
13.79000 48.00000 100.00000
13.86000 48.00000 100.00000
13.93000 48.00000 100.00000
14.00000 48.00000 100.00000
14.07000 48.00000 100.00000
14.14000 48.00000 100.00000
14.21000 48.00000 100.00000
14.28000 48.00000 100.00000
14.35000 48.00000 100.00000
14.42000 48.00000 100.00000
14.49000 48.00000 100.00000
14.56000 48.00000 100.00000
14.63000 48.00000 100.00000
14.70000 48.00000 100.00000
14.77000 75.00000 100.00000
14.84000 0.00000 0.00000
14.91000 0.00000 0.00000
14.98000 0.00000 0.00000
15.05000 37.00000 100.00000
15.12000 37.00000 100.00000
15.19000 37.00000 100.00000
15.26000 72.00000 100.00000
15.33000 0.00000 0.00000
15.40000 0.00000 0.00000
15.47000 37.00000 100.00000
15.54000 37.00000 100.00000
15.61000 75.00000 100.00000
15.68000 0.00000 0.00000
15.75000 0.00000 0.00000
15.82000 37.00000 100.00000
15.89000 0.00000 0.00000
15.96000 70.00000 100.00000
16.03000 0.00000 0.00000
16.10000 0.00000 0.00000
16.17000 37.00000 100.00000
16.24000 37.00000 100.00000
16.31000 37.00000 100.00000
16.38000 0.00000 0.00000
16.45000 72.00000 100.00000
16.52000 0.00000 0.00000
16.59000 0.00000 0.00000
16.66000 75.00000 100.00000
16.73000 0.00000 0.00000
16.80000 0.00000 0.00000
16.87000 39.00000 100.00000
16.94000 39.00000 100.00000
17.01000 39.00000 100.00000
17.08000 70.00000 100.00000
17.15000 0.00000 0.00000
17.22000 0.00000 0.00000
17.29000 0.00000 0.00000
17.36000 39.00000 100.00000
17.43000 72.00000 100.00000
17.50000 39.00000 100.00000
17.57000 0.00000 0.00000
17.64000 0.00000 0.00000
17.71000 39.00000 100.00000
17.78000 70.00000 100.00000
17.85000 0.00000 0.00000
17.92000 0.00000 0.00000
17.99000 0.00000 0.00000
18.06000 39.00000 100.00000
18.13000 39.00000 100.00000
18.20000 39.00000 100.00000
18.27000 65.00000 100.00000
18.34000 0.00000 0.00000
18.41000 0.00000 0.00000
18.48000 75.00000 100.00000
18.55000 0.00000 0.00000
18.62000 0.00000 0.00000
18.69000 0.00000 0.00000
18.76000 41.00000 100.00000
18.83000 41.00000 100.00000
18.90000 41.00000 100.00000
18.97000 72.00000 100.00000
19.04000 0.00000 0.00000
19.11000 0.00000 0.00000
19.18000 41.00000 100.00000
19.25000 41.00000 100.00000
19.32000 75.00000 100.00000
19.39000 0.00000 0.00000
19.46000 0.00000 0.00000
19.53000 41.00000 100.00000
19.60000 0.00000 0.00000
19.67000 70.00000 100.00000
19.74000 0.00000 0.00000
19.81000 0.00000 0.00000
19.88000 41.00000 100.00000
19.95000 41.00000 100.00000
20.02000 41.00000 100.00000
20.09000 72.00000 100.00000
20.16000 0.00000 0.00000
20.23000 0.00000 0.00000
20.30000 0.00000 0.00000
20.37000 75.00000 100.00000
20.44000 0.00000 0.00000
20.51000 0.00000 0.00000
20.58000 41.00000 100.00000
20.65000 41.00000 100.00000
20.72000 41.00000 100.00000
20.79000 70.00000 100.00000
20.86000 0.00000 0.00000
20.93000 0.00000 0.00000
21.00000 41.00000 100.00000
21.07000 41.00000 100.00000
21.14000 41.00000 100.00000
21.21000 0.00000 0.00000
21.28000 0.00000 0.00000
21.35000 0.00000 0.00000
21.42000 0.00000 0.00000
21.49000 44.00000 100.00000
21.56000 44.00000 100.00000
21.63000 44.00000 100.00000
21.70000 0.00000 0.00000
21.77000 0.00000 0.00000
21.84000 46.00000 100.00000
21.91000 46.00000 100.00000
21.98000 46.00000 100.00000
22.05000 0.00000 0.00000
22.12000 0.00000 0.00000
22.19000 75.00000 100.00000
22.26000 0.00000 0.00000
22.33000 0.00000 0.00000
22.40000 37.00000 100.00000
22.47000 37.00000 100.00000
22.54000 37.00000 100.00000
22.61000 0.00000 0.00000
22.68000 72.00000 100.00000
22.75000 0.00000 0.00000
22.82000 0.00000 0.00000
22.89000 37.00000 100.00000
22.96000 37.00000 100.00000
23.03000 75.00000 100.00000
23.10000 0.00000 0.00000
23.17000 0.00000 0.00000
23.24000 37.00000 100.00000
23.31000 70.00000 100.00000
23.38000 0.00000 0.00000
23.45000 0.00000 0.00000
23.52000 0.00000 0.00000
23.59000 37.00000 100.00000
23.66000 37.00000 100.00000
23.73000 37.00000 100.00000
23.80000 72.00000 100.00000
23.87000 0.00000 0.00000
23.94000 0.00000 0.00000
24.01000 75.00000 100.00000
24.08000 0.00000 0.00000
24.15000 0.00000 0.00000
24.22000 0.00000 0.00000
24.29000 39.00000 100.00000
24.36000 39.00000 100.00000
24.43000 39.00000 100.00000
24.50000 70.00000 100.00000
24.57000 0.00000 0.00000
24.64000 0.00000 0.00000
24.71000 39.00000 100.00000
24.78000 39.00000 100.00000
24.85000 72.00000 100.00000
24.92000 0.00000 0.00000
24.99000 0.00000 0.00000
25.06000 39.00000 100.00000
25.13000 0.00000 0.00000
25.20000 70.00000 100.00000
25.27000 0.00000 0.00000
25.34000 0.00000 0.00000
25.41000 39.00000 100.00000
25.48000 39.00000 100.00000
25.55000 39.00000 100.00000
25.62000 65.00000 100.00000
25.69000 0.00000 0.00000
25.76000 0.00000 0.00000
25.83000 0.00000 0.00000
25.90000 75.00000 100.00000
25.97000 0.00000 0.00000
26.04000 0.00000 0.00000
26.11000 41.00000 100.00000
26.18000 41.00000 100.00000
26.25000 41.00000 100.00000
26.32000 72.00000 100.00000
26.39000 0.00000 0.00000
26.46000 0.00000 0.00000
26.53000 0.00000 0.00000
26.60000 41.00000 100.00000
26.67000 75.00000 100.00000
26.74000 41.00000 100.00000
26.81000 0.00000 0.00000
26.88000 0.00000 0.00000
26.95000 41.00000 100.00000
27.02000 70.00000 100.00000
27.09000 0.00000 0.00000
27.16000 0.00000 0.00000
27.23000 0.00000 0.00000
27.30000 41.00000 100.00000
27.37000 41.00000 100.00000
27.44000 41.00000 100.00000
27.51000 72.00000 100.00000
27.58000 0.00000 0.00000
27.65000 0.00000 0.00000
27.72000 75.00000 100.00000
27.79000 0.00000 0.00000
27.86000 0.00000 0.00000
27.93000 41.00000 100.00000
28.00000 41.00000 100.00000
28.07000 41.00000 100.00000
28.14000 0.00000 0.00000
28.21000 70.00000 100.00000
28.28000 0.00000 0.00000
28.35000 0.00000 0.00000
28.42000 41.00000 100.00000
28.49000 41.00000 100.00000
28.56000 41.00000 100.00000
28.63000 0.00000 0.00000
28.70000 0.00000 0.00000
28.77000 0.00000 0.00000
28.84000 0.00000 0.00000
28.91000 70.00000 100.00000
28.98000 70.00000 100.00000
29.05000 70.00000 100.00000
29.12000 0.00000 0.00000
29.19000 0.00000 0.00000
29.26000 75.00000 100.00000
29.33000 75.00000 100.00000
29.40000 75.00000 100.00000
