"D. Gray-Man - Road Kamelot Song"

# Acoustic Grand Piano
0.00000 0.00000 0.00000
0.07000 50.00000 69.00000
0.14000 50.00000 69.00000
0.21000 50.00000 69.00000
0.28000 50.00000 69.00000
0.35000 50.00000 69.00000
0.42000 50.00000 69.00000
0.49000 50.00000 69.00000
0.56000 50.00000 69.00000
0.63000 50.00000 69.00000
0.70000 50.00000 69.00000
0.77000 0.00000 0.00000
0.84000 57.00000 71.00000
0.91000 57.00000 71.00000
0.98000 57.00000 71.00000
1.05000 57.00000 71.00000
1.12000 57.00000 71.00000
1.19000 57.00000 71.00000
1.26000 57.00000 71.00000
1.33000 57.00000 71.00000
1.40000 57.00000 71.00000
1.47000 57.00000 71.00000
1.54000 52.00000 67.00000
1.61000 52.00000 67.00000
1.68000 52.00000 67.00000
1.75000 52.00000 67.00000
1.82000 52.00000 67.00000
1.89000 52.00000 67.00000
1.96000 52.00000 67.00000
2.03000 52.00000 67.00000
2.10000 52.00000 67.00000
2.17000 52.00000 67.00000
2.24000 0.00000 0.00000
2.31000 59.00000 71.00000
2.38000 59.00000 71.00000
2.45000 59.00000 71.00000
2.52000 59.00000 71.00000
2.59000 59.00000 71.00000
2.66000 59.00000 71.00000
2.73000 59.00000 71.00000
2.80000 59.00000 71.00000
2.87000 59.00000 71.00000
2.94000 59.00000 71.00000
3.01000 50.00000 69.00000
3.08000 50.00000 69.00000
3.15000 50.00000 69.00000
3.22000 50.00000 69.00000
3.29000 50.00000 69.00000
3.36000 50.00000 69.00000
3.43000 50.00000 69.00000
3.50000 50.00000 69.00000
3.57000 50.00000 69.00000
3.64000 50.00000 69.00000
3.71000 0.00000 0.00000
3.78000 57.00000 71.00000
3.85000 57.00000 71.00000
3.92000 57.00000 71.00000
3.99000 57.00000 71.00000
4.06000 57.00000 71.00000
4.13000 57.00000 71.00000
4.20000 57.00000 71.00000
4.27000 57.00000 71.00000
4.34000 57.00000 71.00000
4.41000 57.00000 71.00000
4.48000 0.00000 0.00000
4.55000 52.00000 67.00000
4.62000 52.00000 67.00000
4.69000 52.00000 67.00000
4.76000 52.00000 67.00000
4.83000 52.00000 67.00000
4.90000 52.00000 67.00000
4.97000 52.00000 67.00000
5.04000 52.00000 67.00000
5.11000 52.00000 67.00000
5.18000 52.00000 67.00000
5.25000 0.00000 0.00000
5.32000 59.00000 71.00000
5.39000 59.00000 71.00000
5.46000 59.00000 71.00000
5.53000 59.00000 71.00000
5.60000 59.00000 71.00000
5.67000 59.00000 71.00000
5.74000 59.00000 71.00000
5.81000 59.00000 71.00000
5.88000 59.00000 71.00000
5.95000 59.00000 71.00000
6.02000 50.00000 69.00000
6.09000 50.00000 69.00000
6.16000 50.00000 69.00000
6.23000 50.00000 69.00000
6.30000 50.00000 69.00000
6.37000 50.00000 69.00000
6.44000 50.00000 69.00000
6.51000 50.00000 69.00000
6.58000 50.00000 69.00000
6.65000 50.00000 69.00000
6.72000 0.00000 0.00000
6.79000 57.00000 71.00000
6.86000 57.00000 71.00000
6.93000 57.00000 71.00000
7.00000 57.00000 71.00000
7.07000 57.00000 71.00000
7.14000 57.00000 71.00000
7.21000 57.00000 71.00000
7.28000 57.00000 71.00000
7.35000 57.00000 71.00000
7.42000 57.00000 71.00000
7.49000 0.00000 0.00000
7.56000 52.00000 67.00000
7.63000 52.00000 67.00000
7.70000 52.00000 67.00000
7.77000 52.00000 67.00000
7.84000 52.00000 67.00000
7.91000 52.00000 67.00000
7.98000 52.00000 67.00000
8.05000 52.00000 67.00000
8.12000 52.00000 67.00000
8.19000 52.00000 67.00000
8.26000 0.00000 0.00000
8.33000 59.00000 71.00000
8.40000 59.00000 71.00000
8.47000 59.00000 71.00000
8.54000 59.00000 71.00000
8.61000 59.00000 71.00000
8.68000 59.00000 71.00000
8.75000 59.00000 71.00000
8.82000 59.00000 71.00000
8.89000 59.00000 71.00000
8.96000 59.00000 71.00000
9.03000 50.00000 69.00000
9.10000 50.00000 69.00000
9.17000 50.00000 69.00000
9.24000 50.00000 69.00000
9.31000 50.00000 69.00000
9.38000 50.00000 69.00000
9.45000 50.00000 69.00000
9.52000 50.00000 69.00000
9.59000 50.00000 69.00000
9.66000 50.00000 69.00000
9.73000 0.00000 0.00000
9.80000 57.00000 71.00000
9.87000 57.00000 71.00000
9.94000 57.00000 71.00000
10.01000 57.00000 71.00000
10.08000 57.00000 71.00000
10.15000 57.00000 71.00000
10.22000 57.00000 71.00000
10.29000 57.00000 71.00000
10.36000 57.00000 71.00000
10.43000 57.00000 71.00000
10.50000 0.00000 0.00000
10.57000 80.00000 67.00000
10.64000 80.00000 67.00000
10.71000 80.00000 67.00000
10.78000 80.00000 67.00000
10.85000 80.00000 67.00000
10.92000 80.00000 67.00000
10.99000 80.00000 67.00000
11.06000 80.00000 67.00000
11.13000 80.00000 67.00000
11.20000 80.00000 67.00000
11.27000 59.00000 71.00000
11.34000 59.00000 71.00000
11.41000 59.00000 71.00000
11.48000 59.00000 71.00000
11.55000 59.00000 71.00000
11.62000 59.00000 71.00000
11.69000 59.00000 71.00000
11.76000 59.00000 71.00000
11.83000 59.00000 71.00000
11.90000 59.00000 71.00000
11.97000 80.00000 67.00000
12.04000 50.00000 69.00000
12.11000 50.00000 69.00000
12.18000 50.00000 69.00000
12.25000 50.00000 69.00000
12.32000 50.00000 69.00000
12.39000 50.00000 69.00000
12.46000 50.00000 69.00000
12.53000 50.00000 69.00000
12.60000 50.00000 69.00000
12.67000 50.00000 69.00000
12.74000 0.00000 0.00000
12.81000 57.00000 71.00000
12.88000 57.00000 71.00000
12.95000 57.00000 71.00000
13.02000 57.00000 71.00000
13.09000 57.00000 71.00000
13.16000 57.00000 71.00000
13.23000 57.00000 71.00000
13.30000 57.00000 71.00000
13.37000 57.00000 71.00000
13.44000 57.00000 71.00000
13.51000 0.00000 0.00000
13.58000 52.00000 67.00000
13.65000 52.00000 67.00000
13.72000 52.00000 67.00000
13.79000 52.00000 67.00000
13.86000 52.00000 67.00000
13.93000 52.00000 67.00000
14.00000 52.00000 67.00000
14.07000 52.00000 67.00000
14.14000 52.00000 67.00000
14.21000 52.00000 67.00000
14.28000 59.00000 71.00000
14.35000 59.00000 71.00000
14.42000 59.00000 71.00000
14.49000 59.00000 71.00000
14.56000 59.00000 71.00000
14.63000 59.00000 71.00000
14.70000 59.00000 71.00000
14.77000 59.00000 71.00000
14.84000 59.00000 71.00000
14.91000 59.00000 71.00000
14.98000 0.00000 0.00000
15.05000 50.00000 69.00000
15.12000 50.00000 69.00000
15.19000 50.00000 69.00000
15.26000 50.00000 69.00000
15.33000 50.00000 69.00000
15.40000 50.00000 69.00000
15.47000 50.00000 69.00000
15.54000 50.00000 69.00000
15.61000 50.00000 69.00000
15.68000 50.00000 69.00000
15.75000 0.00000 0.00000
15.82000 57.00000 71.00000
15.89000 57.00000 71.00000
15.96000 57.00000 71.00000
16.03000 57.00000 71.00000
16.10000 57.00000 71.00000
16.17000 57.00000 71.00000
16.24000 57.00000 71.00000
16.31000 57.00000 71.00000
16.38000 57.00000 71.00000
16.45000 57.00000 71.00000
16.52000 76.00000 67.00000
16.59000 76.00000 67.00000
16.66000 76.00000 67.00000
16.73000 76.00000 67.00000
16.80000 76.00000 67.00000
16.87000 76.00000 67.00000
16.94000 76.00000 67.00000
17.01000 76.00000 67.00000
17.08000 76.00000 67.00000
17.15000 76.00000 67.00000
17.22000 76.00000 67.00000
17.29000 59.00000 71.00000
17.36000 59.00000 71.00000
17.43000 59.00000 71.00000
17.50000 59.00000 71.00000
17.57000 59.00000 71.00000
17.64000 59.00000 71.00000
17.71000 59.00000 71.00000
17.78000 59.00000 71.00000
17.85000 59.00000 71.00000
17.92000 59.00000 71.00000
17.99000 0.00000 0.00000
18.06000 50.00000 69.00000
18.13000 50.00000 69.00000
18.20000 50.00000 69.00000
18.27000 50.00000 69.00000
18.34000 50.00000 69.00000
18.41000 50.00000 69.00000
18.48000 50.00000 69.00000
18.55000 50.00000 69.00000
18.62000 50.00000 69.00000
18.69000 50.00000 69.00000
18.76000 0.00000 0.00000
18.83000 57.00000 71.00000
18.90000 57.00000 71.00000
18.97000 57.00000 71.00000
19.04000 57.00000 71.00000
19.11000 57.00000 71.00000
19.18000 57.00000 71.00000
19.25000 57.00000 71.00000
19.32000 57.00000 71.00000
19.39000 57.00000 71.00000
19.46000 57.00000 71.00000
19.53000 52.00000 67.00000
19.60000 52.00000 67.00000
19.67000 52.00000 67.00000
19.74000 52.00000 67.00000
19.81000 52.00000 67.00000
19.88000 52.00000 67.00000
19.95000 52.00000 67.00000
20.02000 52.00000 67.00000
20.09000 52.00000 67.00000
20.16000 52.00000 67.00000
20.23000 0.00000 0.00000
20.30000 59.00000 71.00000
20.37000 59.00000 71.00000
20.44000 59.00000 71.00000
20.51000 59.00000 71.00000
20.58000 59.00000 71.00000
20.65000 59.00000 71.00000
20.72000 59.00000 71.00000
20.79000 59.00000 71.00000
20.86000 59.00000 71.00000
20.93000 59.00000 71.00000
21.00000 0.00000 0.00000
21.07000 50.00000 69.00000
21.14000 50.00000 69.00000
21.21000 50.00000 69.00000
21.28000 50.00000 69.00000
21.35000 50.00000 69.00000
21.42000 50.00000 69.00000
21.49000 50.00000 69.00000
21.56000 50.00000 69.00000
21.63000 50.00000 69.00000
21.70000 50.00000 69.00000
21.77000 0.00000 0.00000
21.84000 57.00000 71.00000
21.91000 57.00000 71.00000
21.98000 57.00000 71.00000
22.05000 57.00000 71.00000
22.12000 57.00000 71.00000
22.19000 57.00000 71.00000
22.26000 57.00000 71.00000
22.33000 57.00000 71.00000
22.40000 57.00000 71.00000
22.47000 57.00000 71.00000
22.54000 76.00000 67.00000
22.61000 76.00000 67.00000
22.68000 76.00000 67.00000
22.75000 76.00000 67.00000
22.82000 76.00000 67.00000
22.89000 76.00000 67.00000
22.96000 76.00000 67.00000
23.03000 76.00000 67.00000
23.10000 76.00000 67.00000
23.17000 76.00000 67.00000
23.24000 76.00000 67.00000
23.31000 59.00000 71.00000
23.38000 59.00000 71.00000
23.45000 59.00000 71.00000
23.52000 59.00000 71.00000
23.59000 59.00000 71.00000
23.66000 59.00000 71.00000
23.73000 59.00000 71.00000
23.80000 59.00000 71.00000
23.87000 59.00000 71.00000
23.94000 59.00000 71.00000
24.01000 50.00000 69.00000
24.08000 50.00000 69.00000
24.15000 50.00000 69.00000
24.22000 50.00000 69.00000
24.29000 50.00000 69.00000
24.36000 50.00000 69.00000
24.43000 50.00000 69.00000
24.50000 50.00000 69.00000
24.57000 50.00000 69.00000
24.64000 50.00000 69.00000
24.71000 0.00000 0.00000
24.78000 57.00000 71.00000
24.85000 57.00000 71.00000
24.92000 57.00000 71.00000
24.99000 57.00000 71.00000
25.06000 57.00000 71.00000
25.13000 57.00000 71.00000
25.20000 57.00000 71.00000
25.27000 57.00000 71.00000
25.34000 57.00000 71.00000
25.41000 57.00000 71.00000
25.48000 0.00000 0.00000
25.55000 52.00000 67.00000
25.62000 52.00000 67.00000
25.69000 52.00000 67.00000
25.76000 52.00000 67.00000
25.83000 52.00000 67.00000
25.90000 52.00000 67.00000
25.97000 52.00000 67.00000
26.04000 52.00000 67.00000
26.11000 52.00000 67.00000
26.18000 52.00000 67.00000
26.25000 0.00000 0.00000
26.32000 59.00000 71.00000
26.39000 59.00000 71.00000
26.46000 59.00000 71.00000
26.53000 59.00000 71.00000
26.60000 59.00000 71.00000
26.67000 59.00000 71.00000
26.74000 59.00000 71.00000
26.81000 59.00000 71.00000
26.88000 59.00000 71.00000
26.95000 59.00000 71.00000
27.02000 50.00000 69.00000
27.09000 50.00000 69.00000
27.16000 50.00000 69.00000
27.23000 50.00000 69.00000
27.30000 50.00000 69.00000
27.37000 50.00000 69.00000
27.44000 50.00000 69.00000
27.51000 50.00000 69.00000
27.58000 50.00000 69.00000
27.65000 50.00000 69.00000
27.72000 0.00000 0.00000
27.79000 57.00000 71.00000
27.86000 57.00000 71.00000
27.93000 57.00000 71.00000
28.00000 57.00000 71.00000
28.07000 57.00000 71.00000
28.14000 57.00000 71.00000
28.21000 57.00000 71.00000
28.28000 57.00000 71.00000
28.35000 57.00000 71.00000
28.42000 57.00000 71.00000
28.49000 0.00000 0.00000
28.56000 52.00000 67.00000
28.63000 52.00000 67.00000
28.70000 52.00000 67.00000
28.77000 52.00000 67.00000
28.84000 52.00000 67.00000
28.91000 52.00000 67.00000
28.98000 52.00000 67.00000
29.05000 52.00000 67.00000
29.12000 52.00000 67.00000
29.19000 52.00000 67.00000
29.26000 0.00000 0.00000
29.33000 59.00000 71.00000
29.40000 59.00000 71.00000
29.47000 59.00000 71.00000
29.54000 59.00000 71.00000
29.61000 59.00000 71.00000
29.68000 59.00000 71.00000
29.75000 59.00000 71.00000
29.82000 59.00000 71.00000
29.89000 59.00000 71.00000
29.96000 59.00000 71.00000
30.03000 50.00000 69.00000
30.10000 50.00000 69.00000
30.17000 50.00000 69.00000
30.24000 50.00000 69.00000
30.31000 50.00000 69.00000
30.38000 50.00000 69.00000
30.45000 50.00000 69.00000
30.52000 50.00000 69.00000
30.59000 50.00000 69.00000
30.66000 50.00000 69.00000
30.73000 0.00000 0.00000
30.80000 57.00000 71.00000
30.87000 57.00000 71.00000
30.94000 57.00000 71.00000
31.01000 57.00000 71.00000
31.08000 57.00000 71.00000
31.15000 57.00000 71.00000
31.22000 57.00000 71.00000
31.29000 57.00000 71.00000
31.36000 57.00000 71.00000
31.43000 57.00000 71.00000
31.50000 0.00000 0.00000
31.57000 52.00000 67.00000
31.64000 52.00000 67.00000
31.71000 52.00000 67.00000
31.78000 52.00000 67.00000
31.85000 52.00000 67.00000
31.92000 52.00000 67.00000
31.99000 52.00000 67.00000
32.06000 52.00000 67.00000
32.13000 52.00000 67.00000
32.20000 52.00000 67.00000
32.27000 59.00000 71.00000
32.34000 59.00000 71.00000
32.41000 59.00000 71.00000
32.48000 59.00000 71.00000
32.55000 59.00000 71.00000
32.62000 59.00000 71.00000
32.69000 59.00000 71.00000
32.76000 59.00000 71.00000
32.83000 59.00000 71.00000
32.90000 59.00000 71.00000
32.97000 0.00000 0.00000
33.04000 50.00000 69.00000
33.11000 50.00000 69.00000
33.18000 50.00000 69.00000
33.25000 50.00000 69.00000
33.32000 50.00000 69.00000
33.39000 50.00000 69.00000
33.46000 50.00000 69.00000
33.53000 50.00000 69.00000
33.60000 50.00000 69.00000
33.67000 50.00000 69.00000
33.74000 0.00000 0.00000
33.81000 57.00000 71.00000
33.88000 57.00000 71.00000
33.95000 57.00000 71.00000
34.02000 57.00000 71.00000
34.09000 57.00000 71.00000
34.16000 57.00000 71.00000
34.23000 57.00000 71.00000
34.30000 57.00000 71.00000
34.37000 57.00000 71.00000
34.44000 57.00000 71.00000
34.51000 0.00000 0.00000
34.58000 68.00000 67.00000
34.65000 68.00000 67.00000
34.72000 68.00000 67.00000
34.79000 68.00000 67.00000
34.86000 68.00000 67.00000
34.93000 68.00000 67.00000
35.00000 68.00000 67.00000
35.07000 68.00000 67.00000
35.14000 68.00000 67.00000
35.21000 68.00000 67.00000
35.28000 59.00000 71.00000
35.35000 59.00000 71.00000
35.42000 59.00000 71.00000
35.49000 59.00000 71.00000
35.56000 59.00000 71.00000
35.63000 59.00000 71.00000
35.70000 59.00000 71.00000
35.77000 59.00000 71.00000
35.84000 59.00000 71.00000
35.91000 59.00000 71.00000
35.98000 68.00000 67.00000
36.05000 50.00000 69.00000
36.12000 50.00000 69.00000
36.19000 50.00000 69.00000
36.26000 50.00000 69.00000
36.33000 50.00000 69.00000
36.40000 50.00000 69.00000
36.47000 50.00000 69.00000
36.54000 50.00000 69.00000
36.61000 50.00000 69.00000
36.68000 50.00000 69.00000
36.75000 0.00000 0.00000
36.82000 57.00000 71.00000
36.89000 57.00000 71.00000
36.96000 57.00000 71.00000
37.03000 57.00000 71.00000
37.10000 57.00000 71.00000
37.17000 57.00000 71.00000
37.24000 57.00000 71.00000
37.31000 57.00000 71.00000
37.38000 57.00000 71.00000
37.45000 57.00000 71.00000
37.52000 0.00000 0.00000
37.59000 52.00000 67.00000
37.66000 52.00000 67.00000
37.73000 52.00000 67.00000
37.80000 52.00000 67.00000
37.87000 52.00000 67.00000
37.94000 52.00000 67.00000
38.01000 52.00000 67.00000
38.08000 52.00000 67.00000
38.15000 52.00000 67.00000
38.22000 52.00000 67.00000
38.29000 59.00000 71.00000
38.36000 59.00000 71.00000
38.43000 59.00000 71.00000
38.50000 59.00000 71.00000
38.57000 59.00000 71.00000
38.64000 59.00000 71.00000
38.71000 59.00000 71.00000
38.78000 59.00000 71.00000
38.85000 59.00000 71.00000
38.92000 59.00000 71.00000
38.99000 0.00000 0.00000
39.06000 50.00000 69.00000
39.13000 50.00000 69.00000
39.20000 50.00000 69.00000
39.27000 50.00000 69.00000
39.34000 50.00000 69.00000
39.41000 50.00000 69.00000
39.48000 50.00000 69.00000
39.55000 50.00000 69.00000
39.62000 50.00000 69.00000
39.69000 50.00000 69.00000
39.76000 0.00000 0.00000
39.83000 57.00000 71.00000
39.90000 57.00000 71.00000
39.97000 57.00000 71.00000
40.04000 57.00000 71.00000
40.11000 57.00000 71.00000
40.18000 57.00000 71.00000
40.25000 57.00000 71.00000
40.32000 57.00000 71.00000
40.39000 57.00000 71.00000
40.46000 57.00000 71.00000
40.53000 64.00000 67.00000
40.60000 64.00000 67.00000
40.67000 64.00000 67.00000
40.74000 64.00000 67.00000
40.81000 64.00000 67.00000
40.88000 64.00000 67.00000
40.95000 64.00000 67.00000
41.02000 64.00000 67.00000
41.09000 64.00000 67.00000
41.16000 64.00000 67.00000
41.23000 64.00000 67.00000
41.30000 59.00000 71.00000
41.37000 59.00000 71.00000
41.44000 59.00000 71.00000
41.51000 59.00000 71.00000
41.58000 59.00000 71.00000
41.65000 59.00000 71.00000
41.72000 59.00000 71.00000
41.79000 59.00000 71.00000
41.86000 59.00000 71.00000
41.93000 59.00000 71.00000
42.00000 0.00000 0.00000
42.07000 50.00000 69.00000
42.14000 50.00000 69.00000
42.21000 50.00000 69.00000
42.28000 50.00000 69.00000
42.35000 50.00000 69.00000
42.42000 50.00000 69.00000
42.49000 50.00000 69.00000
42.56000 50.00000 69.00000
42.63000 50.00000 69.00000
42.70000 50.00000 69.00000
42.77000 0.00000 0.00000
42.84000 57.00000 71.00000
42.91000 57.00000 71.00000
42.98000 57.00000 71.00000
43.05000 57.00000 71.00000
43.12000 57.00000 71.00000
43.19000 57.00000 71.00000
43.26000 57.00000 71.00000
43.33000 57.00000 71.00000
43.40000 57.00000 71.00000
43.47000 57.00000 71.00000
43.54000 52.00000 67.00000
43.61000 52.00000 67.00000
43.68000 52.00000 67.00000
43.75000 52.00000 67.00000
43.82000 52.00000 67.00000
43.89000 52.00000 67.00000
43.96000 52.00000 67.00000
44.03000 52.00000 67.00000
44.10000 52.00000 67.00000
44.17000 52.00000 67.00000
44.24000 0.00000 0.00000
44.31000 59.00000 71.00000
44.38000 59.00000 71.00000
44.45000 59.00000 71.00000
44.52000 59.00000 71.00000
44.59000 59.00000 71.00000
44.66000 59.00000 71.00000
44.73000 59.00000 71.00000
44.80000 59.00000 71.00000
44.87000 59.00000 71.00000
44.94000 59.00000 71.00000
45.01000 0.00000 0.00000
45.08000 50.00000 69.00000
45.15000 50.00000 69.00000
45.22000 50.00000 69.00000
45.29000 50.00000 69.00000
45.36000 50.00000 69.00000
45.43000 50.00000 69.00000
45.50000 50.00000 69.00000
45.57000 50.00000 69.00000
45.64000 50.00000 69.00000
45.71000 50.00000 69.00000
45.78000 0.00000 0.00000
45.85000 57.00000 71.00000
45.92000 57.00000 71.00000
45.99000 57.00000 71.00000
46.06000 57.00000 71.00000
46.13000 57.00000 71.00000
46.20000 57.00000 71.00000
46.27000 57.00000 71.00000
46.34000 57.00000 71.00000
46.41000 57.00000 71.00000
46.48000 57.00000 71.00000
46.55000 64.00000 67.00000
46.62000 64.00000 67.00000
46.69000 64.00000 67.00000
46.76000 64.00000 67.00000
46.83000 64.00000 67.00000
46.90000 64.00000 67.00000
46.97000 64.00000 67.00000
47.04000 64.00000 67.00000
47.11000 64.00000 67.00000
47.18000 64.00000 67.00000
47.25000 64.00000 67.00000
47.32000 59.00000 71.00000
47.39000 59.00000 71.00000
47.46000 59.00000 71.00000
47.53000 59.00000 71.00000
47.60000 59.00000 71.00000
47.67000 59.00000 71.00000
47.74000 59.00000 71.00000
47.81000 59.00000 71.00000
47.88000 59.00000 71.00000
47.95000 59.00000 71.00000
48.02000 50.00000 69.00000
48.09000 50.00000 69.00000
48.16000 50.00000 69.00000
48.23000 50.00000 69.00000
48.30000 50.00000 69.00000
48.37000 50.00000 69.00000
48.44000 50.00000 69.00000
48.51000 50.00000 69.00000
48.58000 50.00000 69.00000
48.65000 50.00000 69.00000
48.72000 0.00000 0.00000
48.79000 57.00000 71.00000
48.86000 57.00000 71.00000
48.93000 57.00000 71.00000
49.00000 57.00000 71.00000
49.07000 57.00000 71.00000
49.14000 57.00000 71.00000
49.21000 57.00000 71.00000
49.28000 57.00000 71.00000
49.35000 57.00000 71.00000
49.42000 57.00000 71.00000
49.49000 69.00000 64.00000
49.56000 52.00000 67.00000
49.63000 52.00000 67.00000
49.70000 52.00000 67.00000
49.77000 52.00000 67.00000
49.84000 52.00000 67.00000
49.91000 52.00000 67.00000
49.98000 52.00000 67.00000
50.05000 52.00000 67.00000
50.12000 52.00000 67.00000
50.19000 52.00000 67.00000
50.26000 0.00000 0.00000
50.33000 59.00000 71.00000
50.40000 59.00000 71.00000
50.47000 59.00000 71.00000
50.54000 59.00000 71.00000
50.61000 59.00000 71.00000
50.68000 59.00000 71.00000
50.75000 59.00000 71.00000
50.82000 59.00000 71.00000
50.89000 59.00000 71.00000
50.96000 59.00000 71.00000
51.03000 50.00000 69.00000
51.10000 50.00000 69.00000
51.17000 50.00000 69.00000
51.24000 50.00000 69.00000
51.31000 50.00000 69.00000
51.38000 50.00000 69.00000
51.45000 50.00000 69.00000
51.52000 50.00000 69.00000
51.59000 50.00000 69.00000
51.66000 50.00000 69.00000
51.73000 0.00000 0.00000
51.80000 57.00000 71.00000
51.87000 57.00000 71.00000
51.94000 57.00000 71.00000
52.01000 57.00000 71.00000
52.08000 57.00000 71.00000
52.15000 57.00000 71.00000
52.22000 57.00000 71.00000
52.29000 57.00000 71.00000
52.36000 57.00000 71.00000
52.43000 57.00000 71.00000
52.50000 65.00000 64.00000
52.57000 64.00000 67.00000
52.64000 64.00000 67.00000
52.71000 64.00000 67.00000
52.78000 64.00000 67.00000
52.85000 64.00000 67.00000
52.92000 64.00000 67.00000
52.99000 64.00000 67.00000
53.06000 64.00000 67.00000
53.13000 64.00000 67.00000
53.20000 64.00000 67.00000
53.27000 64.00000 67.00000
53.34000 59.00000 71.00000
53.41000 59.00000 71.00000
53.48000 59.00000 71.00000
53.55000 59.00000 71.00000
53.62000 59.00000 71.00000
53.69000 59.00000 71.00000
53.76000 59.00000 71.00000
53.83000 59.00000 71.00000
53.90000 59.00000 71.00000
53.97000 59.00000 71.00000
54.04000 50.00000 69.00000
54.11000 50.00000 69.00000
54.18000 50.00000 69.00000
54.25000 50.00000 69.00000
54.32000 50.00000 69.00000
54.39000 50.00000 69.00000
54.46000 50.00000 69.00000
54.53000 50.00000 69.00000
54.60000 50.00000 69.00000
54.67000 50.00000 69.00000
54.74000 0.00000 0.00000
54.81000 57.00000 71.00000
54.88000 57.00000 71.00000
54.95000 57.00000 71.00000
55.02000 57.00000 71.00000
55.09000 57.00000 71.00000
55.16000 57.00000 71.00000
55.23000 57.00000 71.00000
55.30000 57.00000 71.00000
55.37000 57.00000 71.00000
55.44000 57.00000 71.00000
55.51000 0.00000 0.00000
55.58000 52.00000 67.00000
55.65000 52.00000 67.00000
55.72000 52.00000 67.00000
55.79000 52.00000 67.00000
55.86000 52.00000 67.00000
55.93000 52.00000 67.00000
56.00000 52.00000 67.00000
56.07000 52.00000 67.00000
56.14000 52.00000 67.00000
56.21000 52.00000 67.00000
56.28000 59.00000 71.00000
56.35000 59.00000 71.00000
56.42000 59.00000 71.00000
56.49000 59.00000 71.00000
56.56000 59.00000 71.00000
56.63000 59.00000 71.00000
56.70000 59.00000 71.00000
56.77000 59.00000 71.00000
56.84000 59.00000 71.00000
56.91000 59.00000 71.00000
56.98000 0.00000 0.00000
57.05000 50.00000 69.00000
57.12000 50.00000 69.00000
57.19000 50.00000 69.00000
57.26000 50.00000 69.00000
57.33000 50.00000 69.00000
57.40000 50.00000 69.00000
57.47000 50.00000 69.00000
57.54000 50.00000 69.00000
57.61000 50.00000 69.00000
57.68000 50.00000 69.00000
57.75000 0.00000 0.00000
57.82000 57.00000 71.00000
57.89000 57.00000 71.00000
57.96000 57.00000 71.00000
58.03000 57.00000 71.00000
58.10000 57.00000 71.00000
58.17000 57.00000 71.00000
58.24000 57.00000 71.00000
58.31000 57.00000 71.00000
58.38000 57.00000 71.00000
58.45000 57.00000 71.00000
58.52000 0.00000 0.00000
58.59000 68.00000 67.00000
58.66000 68.00000 67.00000
58.73000 68.00000 67.00000
58.80000 68.00000 67.00000
58.87000 68.00000 67.00000
58.94000 68.00000 67.00000
59.01000 68.00000 67.00000
59.08000 68.00000 67.00000
59.15000 68.00000 67.00000
59.22000 68.00000 67.00000
59.29000 59.00000 71.00000
59.36000 59.00000 71.00000
59.43000 59.00000 71.00000
59.50000 59.00000 71.00000
59.57000 59.00000 71.00000
59.64000 59.00000 71.00000
59.71000 59.00000 71.00000
59.78000 59.00000 71.00000
59.85000 59.00000 71.00000
59.92000 59.00000 71.00000
59.99000 68.00000 67.00000
60.06000 50.00000 69.00000
60.13000 50.00000 69.00000
60.20000 50.00000 69.00000
60.27000 50.00000 69.00000
60.34000 50.00000 69.00000
60.41000 50.00000 69.00000
60.48000 50.00000 69.00000
60.55000 50.00000 69.00000
60.62000 50.00000 69.00000
60.69000 50.00000 69.00000
60.76000 0.00000 0.00000
60.83000 57.00000 71.00000
60.90000 57.00000 71.00000
60.97000 57.00000 71.00000
61.04000 57.00000 71.00000
61.11000 57.00000 71.00000
61.18000 57.00000 71.00000
61.25000 57.00000 71.00000
61.32000 57.00000 71.00000
61.39000 57.00000 71.00000
61.46000 57.00000 71.00000
61.53000 0.00000 0.00000
61.60000 52.00000 67.00000
61.67000 52.00000 67.00000
61.74000 52.00000 67.00000
61.81000 52.00000 67.00000
61.88000 52.00000 67.00000
61.95000 52.00000 67.00000
62.02000 52.00000 67.00000
62.09000 52.00000 67.00000
62.16000 52.00000 67.00000
62.23000 52.00000 67.00000
62.30000 59.00000 71.00000
62.37000 59.00000 71.00000
62.44000 59.00000 71.00000
62.51000 59.00000 71.00000
62.58000 59.00000 71.00000
62.65000 59.00000 71.00000
62.72000 59.00000 71.00000
62.79000 59.00000 71.00000
62.86000 59.00000 71.00000
62.93000 59.00000 71.00000
63.00000 0.00000 0.00000
63.07000 50.00000 69.00000
63.14000 50.00000 69.00000
63.21000 50.00000 69.00000
63.28000 50.00000 69.00000
63.35000 50.00000 69.00000
63.42000 50.00000 69.00000
63.49000 50.00000 69.00000
63.56000 50.00000 69.00000
63.63000 50.00000 69.00000
63.70000 50.00000 69.00000
63.77000 0.00000 0.00000
63.84000 57.00000 71.00000
63.91000 57.00000 71.00000
63.98000 57.00000 71.00000
64.05000 57.00000 71.00000
64.12000 57.00000 71.00000
64.19000 57.00000 71.00000
64.26000 57.00000 71.00000
64.33000 57.00000 71.00000
64.40000 57.00000 71.00000
64.47000 57.00000 71.00000
64.54000 64.00000 67.00000
64.61000 64.00000 67.00000
64.68000 64.00000 67.00000
64.75000 64.00000 67.00000
64.82000 64.00000 67.00000
64.89000 64.00000 67.00000
64.96000 64.00000 67.00000
65.03000 64.00000 67.00000
65.10000 64.00000 67.00000
65.17000 64.00000 67.00000
65.24000 64.00000 67.00000
65.31000 59.00000 71.00000
65.38000 59.00000 71.00000
65.45000 59.00000 71.00000
65.52000 59.00000 71.00000
65.59000 59.00000 71.00000
65.66000 59.00000 71.00000
65.73000 59.00000 71.00000
65.80000 59.00000 71.00000
65.87000 59.00000 71.00000
65.94000 59.00000 71.00000
66.01000 0.00000 0.00000
66.08000 50.00000 69.00000
66.15000 50.00000 69.00000
66.22000 50.00000 69.00000
66.29000 50.00000 69.00000
66.36000 50.00000 69.00000
66.43000 50.00000 69.00000
66.50000 50.00000 69.00000
66.57000 50.00000 69.00000
66.64000 50.00000 69.00000
66.71000 50.00000 69.00000
66.78000 0.00000 0.00000
66.85000 57.00000 71.00000
66.92000 57.00000 71.00000
66.99000 57.00000 71.00000
67.06000 57.00000 71.00000
67.13000 57.00000 71.00000
67.20000 57.00000 71.00000
67.27000 57.00000 71.00000
67.34000 57.00000 71.00000
67.41000 57.00000 71.00000
67.48000 57.00000 71.00000
67.55000 52.00000 67.00000
67.62000 52.00000 67.00000
67.69000 52.00000 67.00000
67.76000 52.00000 67.00000
67.83000 52.00000 67.00000
67.90000 52.00000 67.00000
67.97000 52.00000 67.00000
68.04000 52.00000 67.00000
68.11000 52.00000 67.00000
68.18000 52.00000 67.00000
68.25000 0.00000 0.00000
68.32000 59.00000 71.00000
68.39000 59.00000 71.00000
68.46000 59.00000 71.00000
68.53000 59.00000 71.00000
68.60000 59.00000 71.00000
68.67000 59.00000 71.00000
68.74000 59.00000 71.00000
68.81000 59.00000 71.00000
68.88000 59.00000 71.00000
68.95000 59.00000 71.00000
69.02000 0.00000 0.00000
69.09000 50.00000 69.00000
69.16000 50.00000 69.00000
69.23000 50.00000 69.00000
69.30000 50.00000 69.00000
69.37000 50.00000 69.00000
69.44000 50.00000 69.00000
69.51000 50.00000 69.00000
69.58000 50.00000 69.00000
69.65000 50.00000 69.00000
69.72000 50.00000 69.00000
69.79000 57.00000 71.00000
69.86000 57.00000 71.00000
69.93000 57.00000 71.00000
70.00000 57.00000 71.00000
70.07000 57.00000 71.00000
70.14000 57.00000 71.00000
70.21000 57.00000 71.00000
70.28000 57.00000 71.00000
70.35000 57.00000 71.00000
70.42000 57.00000 71.00000
70.49000 68.00000 64.00000
70.56000 64.00000 67.00000
70.63000 64.00000 67.00000
70.70000 64.00000 67.00000
70.77000 64.00000 67.00000
70.84000 64.00000 67.00000
70.91000 64.00000 67.00000
70.98000 64.00000 67.00000
71.05000 64.00000 67.00000
71.12000 64.00000 67.00000
71.19000 64.00000 67.00000
71.26000 64.00000 67.00000
71.33000 59.00000 71.00000
71.40000 59.00000 71.00000
71.47000 59.00000 71.00000
71.54000 59.00000 71.00000
71.61000 59.00000 71.00000
71.68000 59.00000 71.00000
71.75000 59.00000 71.00000
71.82000 59.00000 71.00000
71.89000 59.00000 71.00000
71.96000 59.00000 71.00000
72.03000 50.00000 69.00000
72.10000 50.00000 69.00000
72.17000 50.00000 69.00000
72.24000 50.00000 69.00000
72.31000 50.00000 69.00000
72.38000 50.00000 69.00000
72.45000 50.00000 69.00000
72.52000 50.00000 69.00000
72.59000 50.00000 69.00000
72.66000 50.00000 69.00000
72.73000 0.00000 0.00000
72.80000 57.00000 71.00000
72.87000 57.00000 71.00000
72.94000 57.00000 71.00000
73.01000 57.00000 71.00000
73.08000 57.00000 71.00000
73.15000 57.00000 71.00000
73.22000 57.00000 71.00000
73.29000 57.00000 71.00000
73.36000 57.00000 71.00000
73.43000 57.00000 71.00000
73.50000 69.00000 64.00000
73.57000 52.00000 67.00000
73.64000 52.00000 67.00000
73.71000 52.00000 67.00000
73.78000 52.00000 67.00000
73.85000 52.00000 67.00000
73.92000 52.00000 67.00000
73.99000 52.00000 67.00000
74.06000 52.00000 67.00000
74.13000 52.00000 67.00000
74.20000 52.00000 67.00000
74.27000 0.00000 0.00000
74.34000 59.00000 71.00000
74.41000 59.00000 71.00000
74.48000 59.00000 71.00000
74.55000 59.00000 71.00000
74.62000 59.00000 71.00000
74.69000 59.00000 71.00000
74.76000 59.00000 71.00000
74.83000 59.00000 71.00000
74.90000 59.00000 71.00000
74.97000 59.00000 71.00000
75.04000 50.00000 69.00000
75.11000 50.00000 69.00000
75.18000 50.00000 69.00000
75.25000 50.00000 69.00000
75.32000 50.00000 69.00000
75.39000 50.00000 69.00000
75.46000 50.00000 69.00000
75.53000 50.00000 69.00000
75.60000 50.00000 69.00000
75.67000 50.00000 69.00000
75.74000 0.00000 0.00000
75.81000 57.00000 71.00000
75.88000 57.00000 71.00000
75.95000 57.00000 71.00000
76.02000 57.00000 71.00000
76.09000 57.00000 71.00000
76.16000 57.00000 71.00000
76.23000 57.00000 71.00000
76.30000 57.00000 71.00000
76.37000 57.00000 71.00000
76.44000 57.00000 71.00000
76.51000 65.00000 64.00000
76.58000 64.00000 67.00000
76.65000 64.00000 67.00000
76.72000 64.00000 67.00000
76.79000 64.00000 67.00000
76.86000 64.00000 67.00000
76.93000 64.00000 67.00000
77.00000 64.00000 67.00000
77.07000 64.00000 67.00000
77.14000 64.00000 67.00000
77.21000 64.00000 67.00000
77.28000 59.00000 71.00000
77.35000 59.00000 71.00000
77.42000 59.00000 71.00000
77.49000 59.00000 71.00000
77.56000 59.00000 71.00000
77.63000 59.00000 71.00000
77.70000 59.00000 71.00000
77.77000 59.00000 71.00000
77.84000 59.00000 71.00000
77.91000 59.00000 71.00000
77.98000 64.00000 67.00000
