"He's a Pirate"

# Right Hand
0.000000 62 108
0.070000 62 108
0.140000 62 108
0.210000 62 108
0.350000 62 108
0.420000 62 108
0.490000 62 108
0.560000 62 108
0.630000 62 108
0.700000 62 108
0.770000 62 108
0.840000 62 108
0.910000 62 108
0.980000 62 108
1.050000 62 108
1.120000 62 108
1.260000 62 108
1.330000 62 108
1.400000 62 108
1.470000 62 108
1.540000 62 108
1.610000 62 108
1.680000 62 108
1.750000 62 108
1.820000 62 108
1.890000 62 108
1.960000 62 108
2.030000 62 108
2.100000 62 108
2.170000 62 108
2.310000 62 108
2.380000 62 108
2.450000 62 108
2.520000 62 108
2.590000 62 108
2.660000 62 108
2.730000 62 108
2.800000 62 108
2.870000 62 108
2.940000 62 108
3.010000 62 108
3.080000 62 108
3.150000 62 108
3.220000 62 108
3.360000 62 108
3.430000 62 108
3.500000 62 108
3.570000 62 108
3.640000 62 108
3.710000 62 108
3.780000 62 108
3.850000 62 108
3.920000 62 108
3.990000 62 108
4.060000 62 108
4.130000 62 108
4.200000 62 108
4.270000 62 108
4.410000 62 108
4.480000 62 108
4.550000 62 108
4.620000 62 108
4.690000 62 108
4.760000 62 108
4.830000 62 108
4.900000 62 108
4.970000 62 108
5.040000 62 108
5.110000 57 108
5.180000 57 108
5.250000 60 108
5.320000 60 108
5.460000 53 108
5.530000 53 108
5.600000 53 108
5.670000 53 108
5.460000 57 108
5.530000 57 108
5.600000 57 108
5.670000 57 108
5.460000 62 108
5.530000 62 108
5.600000 62 108
5.670000 62 108
5.740000 53 108
5.810000 53 108
5.880000 53 108
5.950000 53 108
5.740000 57 108
5.810000 57 108
5.880000 57 108
5.950000 57 108
5.740000 62 108
5.810000 62 108
5.880000 62 108
5.950000 62 108
6.020000 53 108
6.090000 53 108
6.020000 57 108
6.090000 57 108
6.020000 62 108
6.090000 62 108
6.160000 57 108
6.230000 57 108
6.160000 60 108
6.230000 60 108
6.160000 64 108
6.230000 64 108
6.300000 58 108
6.370000 58 108
6.440000 58 108
6.510000 58 108
6.300000 62 108
6.370000 62 108
6.440000 62 108
6.510000 62 108
6.300000 65 108
6.370000 65 108
6.440000 65 108
6.510000 65 108
6.650000 58 108
6.720000 58 108
6.790000 58 108
6.860000 58 108
6.650000 62 108
6.720000 62 108
6.790000 62 108
6.860000 62 108
6.650000 65 108
6.720000 65 108
6.790000 65 108
6.860000 65 108
6.930000 58 108
7.000000 58 108
6.930000 62 108
7.000000 62 108
6.930000 65 108
7.000000 65 108
7.070000 62 108
7.140000 62 108
7.070000 67 108
7.140000 67 108
7.210000 57 108
7.280000 57 108
7.350000 57 108
7.420000 57 108
7.210000 60 108
7.280000 60 108
7.350000 60 108
7.420000 60 108
7.210000 64 108
7.280000 64 108
7.350000 64 108
7.420000 64 108
7.560000 57 108
7.630000 57 108
7.700000 57 108
7.770000 57 108
7.560000 60 108
7.630000 60 108
7.700000 60 108
7.770000 60 108
7.560000 64 108
7.630000 64 108
7.700000 64 108
7.770000 64 108
7.840000 57 108
7.910000 57 108
7.840000 62 108
7.910000 62 108
7.980000 55 108
8.050000 55 108
7.980000 60 108
8.050000 60 108
8.120000 57 108
8.190000 57 108
8.120000 60 108
8.190000 60 108
8.260000 57 108
8.330000 57 108
8.400000 57 108
8.470000 57 108
8.260000 62 108
8.330000 62 108
8.400000 62 108
8.470000 62 108
8.750000 57 108
8.820000 57 108
8.890000 60 108
8.960000 60 108
9.030000 53 108
9.100000 53 108
9.170000 53 108
9.240000 53 108
9.030000 58 108
9.100000 58 108
9.170000 58 108
9.240000 58 108
9.030000 62 108
9.100000 62 108
9.170000 62 108
9.240000 62 108
9.310000 53 108
9.380000 53 108
9.450000 53 108
9.520000 53 108
9.310000 58 108
9.380000 58 108
9.450000 58 108
9.520000 58 108
9.310000 62 108
9.380000 62 108
9.450000 62 108
9.520000 62 108
9.660000 58 108
9.730000 58 108
9.660000 62 108
9.730000 62 108
9.800000 58 108
9.870000 58 108
9.800000 64 108
9.870000 64 108
9.940000 57 108
10.010000 57 108
10.080000 57 108
10.150000 57 108
9.940000 60 108
10.010000 60 108
10.080000 60 108
10.150000 60 108
9.940000 65 108
10.010000 65 108
10.080000 65 108
10.150000 65 108
10.220000 57 108
10.290000 57 108
10.360000 57 108
10.430000 57 108
10.220000 60 108
10.290000 60 108
10.360000 60 108
10.430000 60 108
10.220000 65 108
10.290000 65 108
10.360000 65 108
10.430000 65 108
10.500000 60 108
10.570000 60 108
10.500000 65 108
10.570000 65 108
10.710000 60 108
10.780000 60 108
10.710000 67 108
10.780000 67 108
10.850000 57 108
10.920000 57 108
10.990000 57 108
11.060000 57 108
10.850000 60 108
10.920000 60 108
10.990000 60 108
11.060000 60 108
10.850000 64 108
10.920000 64 108
10.990000 64 108
11.060000 64 108
11.130000 57 108
11.200000 57 108
11.270000 57 108
11.340000 57 108
11.130000 60 108
11.200000 60 108
11.270000 60 108
11.340000 60 108
11.130000 64 108
11.200000 64 108
11.270000 64 108
11.340000 64 108
11.410000 57 108
11.480000 57 108
11.410000 62 108
11.480000 62 108
11.550000 55 108
11.620000 55 108
11.550000 60 108
11.620000 60 108
11.760000 53 108
11.830000 53 108
11.900000 53 108
11.970000 53 108
11.760000 57 108
11.830000 57 108
11.900000 57 108
11.970000 57 108
11.760000 62 108
11.830000 62 108
11.900000 62 108
11.970000 62 108
12.320000 57 108
12.390000 57 108
12.460000 60 108
12.530000 60 108
12.600000 53 108
12.670000 53 108
12.740000 53 108
12.810000 53 108
12.600000 57 108
12.670000 57 108
12.740000 57 108
12.810000 57 108
12.600000 62 108
12.670000 62 108
12.740000 62 108
12.810000 62 108
12.950000 53 108
13.020000 53 108
13.090000 53 108
13.160000 53 108
12.950000 57 108
13.020000 57 108
13.090000 57 108
13.160000 57 108
12.950000 62 108
13.020000 62 108
13.090000 62 108
13.160000 62 108
13.230000 57 108
13.300000 57 108
13.230000 62 108
13.300000 62 108
13.370000 57 108
13.440000 57 108
13.370000 65 108
13.440000 65 108
13.510000 58 108
13.580000 58 108
13.650000 58 108
13.720000 58 108
13.510000 62 108
13.580000 62 108
13.650000 62 108
13.720000 62 108
13.510000 67 108
13.580000 67 108
13.650000 67 108
13.720000 67 108
13.860000 58 108
13.930000 58 108
14.000000 58 108
14.070000 58 108
13.860000 62 108
13.930000 62 108
14.000000 62 108
14.070000 62 108
13.860000 67 108
13.930000 67 108
14.000000 67 108
14.070000 67 108
14.140000 62 108
14.210000 62 108
14.140000 67 108
14.210000 67 108
14.280000 62 108
14.350000 62 108
14.280000 69 108
14.350000 69 108
14.420000 62 108
14.490000 62 108
14.560000 62 108
14.630000 62 108
14.420000 67 108
14.490000 67 108
14.560000 67 108
14.630000 67 108
14.420000 70 108
14.490000 70 108
14.560000 70 108
14.630000 70 108
14.700000 62 108
14.770000 62 108
14.840000 62 108
14.910000 62 108
14.700000 67 108
14.770000 67 108
14.840000 67 108
14.910000 67 108
14.700000 70 108
14.770000 70 108
14.840000 70 108
14.910000 70 108
15.050000 65 108
15.120000 65 108
15.050000 69 108
15.120000 69 108
15.190000 64 108
15.260000 64 108
15.190000 67 108
15.260000 67 108
15.330000 65 108
15.400000 65 108
15.330000 69 108
15.400000 69 108
15.470000 62 108
15.540000 62 108
15.610000 62 108
15.680000 62 108
15.960000 62 108
16.030000 62 108
16.100000 64 108
16.170000 64 108
16.240000 58 108
16.310000 58 108
16.380000 58 108
16.450000 58 108
16.240000 62 108
16.310000 62 108
16.380000 62 108
16.450000 62 108
16.240000 65 108
16.310000 65 108
16.380000 65 108
16.450000 65 108
16.520000 58 108
16.590000 58 108
16.660000 58 108
16.730000 58 108
16.520000 62 108
16.590000 62 108
16.660000 62 108
16.730000 62 108
16.520000 65 108
16.590000 65 108
16.660000 65 108
16.730000 65 108
16.800000 58 108
16.870000 58 108
16.940000 58 108
17.010000 58 108
16.800000 62 108
16.870000 62 108
16.940000 62 108
17.010000 62 108
16.800000 67 108
16.870000 67 108
16.940000 67 108
17.010000 67 108
17.150000 65 108
17.220000 65 108
17.150000 69 108
17.220000 69 108
17.290000 62 108
17.360000 62 108
17.430000 62 108
17.500000 62 108
17.710000 62 108
17.780000 62 108
17.850000 65 108
17.920000 65 108
18.060000 57 108
18.130000 57 108
18.200000 57 108
18.270000 57 108
18.060000 61 108
18.130000 61 108
18.200000 61 108
18.270000 61 108
18.060000 64 108
18.130000 64 108
18.200000 64 108
18.270000 64 108
18.340000 57 108
18.410000 57 108
18.480000 57 108
18.550000 57 108
18.340000 61 108
18.410000 61 108
18.480000 61 108
18.550000 61 108
18.340000 64 108
18.410000 64 108
18.480000 64 108
18.550000 64 108
18.620000 62 108
18.690000 62 108
18.620000 65 108
18.690000 65 108
18.760000 59 108
18.830000 59 108
18.760000 62 108
18.830000 62 108
18.900000 57 108
18.970000 57 108
19.040000 57 108
19.110000 57 108
19.180000 57 108
19.250000 57 108
18.900000 61 108
18.970000 61 108
19.040000 61 108
19.110000 61 108
19.180000 61 108
19.250000 61 108
18.900000 64 108
18.970000 64 108
19.040000 64 108
19.110000 64 108
19.180000 64 108
19.250000 64 108
19.530000 69 108
19.600000 69 108
19.670000 72 108
19.740000 72 108
19.810000 65 108
19.880000 65 108
19.950000 65 108
20.020000 65 108
19.810000 69 108
19.880000 69 108
19.950000 69 108
20.020000 69 108
19.810000 74 108
19.880000 74 108
19.950000 74 108
20.020000 74 108
20.160000 65 108
20.230000 65 108
20.300000 65 108
20.370000 65 108
20.160000 69 108
20.230000 69 108
20.300000 69 108
20.370000 69 108
20.160000 74 108
20.230000 74 108
20.300000 74 108
20.370000 74 108
20.440000 65 108
20.510000 65 108
20.440000 69 108
20.510000 69 108
20.440000 74 108
20.510000 74 108
20.580000 69 108
20.650000 69 108
20.580000 72 108
20.650000 72 108
20.580000 76 108
20.650000 76 108
20.720000 70 108
20.790000 70 108
20.860000 70 108
20.930000 70 108
20.720000 74 108
20.790000 74 108
20.860000 74 108
20.930000 74 108
20.720000 77 108
20.790000 77 108
20.860000 77 108
20.930000 77 108
21.000000 70 108
21.070000 70 108
21.140000 70 108
21.210000 70 108
21.000000 74 108
21.070000 74 108
21.140000 74 108
21.210000 74 108
21.000000 77 108
21.070000 77 108
21.140000 77 108
21.210000 77 108
21.350000 70 108
21.420000 70 108
21.350000 74 108
21.420000 74 108
21.350000 77 108
21.420000 77 108
21.490000 74 108
21.560000 74 108
21.490000 79 108
21.560000 79 108
21.630000 69 108
21.700000 69 108
21.770000 69 108
21.840000 69 108
21.630000 72 108
21.700000 72 108
21.770000 72 108
21.840000 72 108
21.630000 76 108
21.700000 76 108
21.770000 76 108
21.840000 76 108
21.910000 69 108
21.980000 69 108
22.050000 69 108
22.120000 69 108
21.910000 72 108
21.980000 72 108
22.050000 72 108
22.120000 72 108
21.910000 76 108
21.980000 76 108
22.050000 76 108
22.120000 76 108
22.260000 69 108
22.330000 69 108
22.260000 74 108
22.330000 74 108
22.400000 67 108
22.470000 67 108
22.400000 72 108
22.470000 72 108
22.540000 69 108
22.610000 69 108
22.540000 72 108
22.610000 72 108
22.680000 69 108
22.750000 69 108
22.820000 69 108
22.680000 74 108
22.750000 74 108
22.820000 74 108
23.100000 69 108
23.170000 69 108
23.310000 72 108
23.380000 72 108
23.450000 65 108
23.520000 65 108
23.590000 65 108
23.660000 65 108
23.450000 70 108
23.520000 70 108
23.590000 70 108
23.660000 70 108
23.450000 74 108
23.520000 74 108
23.590000 74 108
23.660000 74 108
23.730000 65 108
23.800000 65 108
23.870000 65 108
23.940000 65 108
23.730000 70 108
23.800000 70 108
23.870000 70 108
23.940000 70 108
23.730000 74 108
23.800000 74 108
23.870000 74 108
23.940000 74 108
24.010000 70 108
24.080000 70 108
24.010000 74 108
24.080000 74 108
24.150000 70 108
24.220000 70 108
24.150000 76 108
24.220000 76 108
24.360000 69 108
24.430000 69 108
24.500000 69 108
24.570000 69 108
24.360000 72 108
24.430000 72 108
24.500000 72 108
24.570000 72 108
24.360000 77 108
24.430000 77 108
24.500000 77 108
24.570000 77 108
24.640000 69 108
24.710000 69 108
24.780000 69 108
24.850000 69 108
24.640000 72 108
24.710000 72 108
24.780000 72 108
24.850000 72 108
24.640000 77 108
24.710000 77 108
24.780000 77 108
24.850000 77 108
24.920000 72 108
24.990000 72 108
24.920000 77 108
24.990000 77 108
25.060000 72 108
25.130000 72 108
25.060000 79 108
25.130000 79 108
25.200000 72 108
25.270000 72 108
25.340000 72 108
25.410000 72 108
25.200000 76 108
25.270000 76 108
25.340000 76 108
25.410000 76 108
25.550000 72 108
25.620000 72 108
25.690000 72 108
25.760000 72 108
25.550000 76 108
25.620000 76 108
25.690000 76 108
25.760000 76 108
25.830000 69 108
25.900000 69 108
25.830000 74 108
25.900000 74 108
25.970000 72 108
26.040000 72 108
26.110000 65 108
26.180000 65 108
26.250000 65 108
26.320000 65 108
26.110000 69 108
26.180000 69 108
26.250000 69 108
26.320000 69 108
26.110000 74 108
26.180000 74 108
26.250000 74 108
26.320000 74 108
26.740000 69 108
26.810000 69 108
26.880000 72 108
26.950000 72 108
27.020000 65 108
27.090000 65 108
27.160000 65 108
27.230000 65 108
27.020000 69 108
27.090000 69 108
27.160000 69 108
27.230000 69 108
27.020000 74 108
27.090000 74 108
27.160000 74 108
27.230000 74 108
27.300000 65 108
27.370000 65 108
27.440000 65 108
27.510000 65 108
27.300000 69 108
27.370000 69 108
27.440000 69 108
27.510000 69 108
27.300000 74 108
27.370000 74 108
27.440000 74 108
27.510000 74 108
27.650000 69 108
27.720000 69 108
27.650000 74 108
27.720000 74 108
27.790000 69 108
27.860000 69 108
27.790000 77 108
27.860000 77 108
27.930000 70 108
28.000000 70 108
28.070000 70 108
28.140000 70 108
27.930000 74 108
28.000000 74 108
28.070000 74 108
28.140000 74 108
27.930000 79 108
28.000000 79 108
28.070000 79 108
28.140000 79 108
28.210000 70 108
28.280000 70 108
28.350000 70 108
28.420000 70 108
28.210000 74 108
28.280000 74 108
28.350000 74 108
28.420000 74 108
28.210000 79 108
28.280000 79 108
28.350000 79 108
28.420000 79 108
28.560000 74 108
28.630000 74 108
28.560000 79 108
28.630000 79 108
28.700000 74 108
28.770000 74 108
28.700000 81 108
28.770000 81 108
28.840000 74 108
28.910000 74 108
28.980000 74 108
29.050000 74 108
28.840000 79 108
28.910000 79 108
28.980000 79 108
29.050000 79 108
28.840000 82 108
28.910000 82 108
28.980000 82 108
29.050000 82 108
29.120000 74 108
29.190000 74 108
29.260000 74 108
29.330000 74 108
29.120000 79 108
29.190000 79 108
29.260000 79 108
29.330000 79 108
29.120000 82 108
29.190000 82 108
29.260000 82 108
29.330000 82 108
29.400000 77 108
29.470000 77 108
29.400000 81 108
29.470000 81 108
29.610000 76 108
29.680000 76 108
29.610000 79 108
29.680000 79 108
29.750000 77 108
29.820000 77 108
29.750000 81 108
29.820000 81 108
29.890000 74 108
29.960000 74 108
30.030000 74 108
30.100000 74 108
30.310000 74 108
30.380000 74 108
30.450000 76 108
30.520000 76 108
30.660000 70 108
30.730000 70 108
30.800000 70 108
30.870000 70 108
30.660000 74 108
30.730000 74 108
30.800000 74 108
30.870000 74 108
30.660000 77 108
30.730000 77 108
30.800000 77 108
30.870000 77 108
30.940000 70 108
31.010000 70 108
31.080000 70 108
31.150000 70 108
30.940000 74 108
31.010000 74 108
31.080000 74 108
31.150000 74 108
30.940000 77 108
31.010000 77 108
31.080000 77 108
31.150000 77 108
31.220000 70 108
31.290000 70 108
31.360000 70 108
31.430000 70 108
31.220000 74 108
31.290000 74 108
31.360000 74 108
31.430000 74 108
31.220000 79 108
31.290000 79 108
31.360000 79 108
31.430000 79 108
31.500000 77 108
31.570000 77 108
31.500000 81 108
31.570000 81 108
31.710000 74 108
31.780000 74 108
31.850000 74 108
31.920000 74 108
32.130000 74 108
32.200000 74 108
32.270000 77 108
32.340000 77 108
32.410000 69 108
32.480000 69 108
32.550000 69 108
32.620000 69 108
32.410000 73 108
32.480000 73 108
32.550000 73 108
32.620000 73 108
32.410000 76 108
32.480000 76 108
32.550000 76 108
32.620000 76 108
32.760000 69 108
32.830000 69 108
32.900000 69 108
32.970000 69 108
32.760000 73 108
32.830000 73 108
32.900000 73 108
32.970000 73 108
32.760000 76 108
32.830000 76 108
32.900000 76 108
32.970000 76 108
33.040000 74 108
33.110000 74 108
33.180000 73 108
33.250000 73 108
33.320000 69 108
33.390000 69 108
33.460000 69 108
33.530000 69 108
33.320000 74 108
33.390000 74 108
33.460000 74 108
33.530000 74 108
33.600000 69 108
33.670000 69 108
33.740000 69 108
33.810000 69 108
33.600000 74 108
33.670000 74 108
33.740000 74 108
33.810000 74 108
33.950000 69 108
34.020000 69 108
34.090000 69 108
34.160000 69 108
33.950000 72 108
34.020000 72 108
34.090000 72 108
34.160000 72 108
33.950000 76 108
34.020000 76 108
34.090000 76 108
34.160000 76 108
34.230000 72 108
34.300000 72 108
34.370000 72 108
34.440000 72 108
34.230000 74 108
34.300000 74 108
34.370000 74 108
34.440000 74 108
34.230000 77 108
34.300000 77 108
34.370000 77 108
34.440000 77 108
34.510000 77 108
34.580000 77 108
34.650000 77 108
34.720000 77 108
34.860000 70 108
34.930000 70 108
35.000000 70 108
35.070000 70 108
34.860000 74 108
34.930000 74 108
35.000000 74 108
35.070000 74 108
34.860000 79 108
34.930000 79 108
35.000000 79 108
35.070000 79 108
35.140000 74 108
35.210000 74 108
35.140000 81 108
35.210000 81 108
35.280000 77 108
35.350000 77 108
35.700000 69 108
35.770000 69 108
35.700000 77 108
35.770000 77 108
35.910000 69 108
35.980000 69 108
35.910000 74 108
35.980000 74 108
36.050000 69 108
36.120000 69 108
36.960000 74 108
37.030000 74 108
36.960000 79 108
37.030000 79 108
36.960000 82 108
37.030000 82 108
37.520000 70 108
37.590000 70 108
37.520000 79 108
37.590000 79 108
37.660000 70 108
37.730000 70 108
37.660000 74 108
37.730000 74 108
37.800000 70 108
37.870000 70 108
38.710000 61 108
38.780000 61 108
38.710000 64 108
38.780000 64 108
38.850000 61 108
38.920000 61 108
38.990000 61 108
38.850000 64 108
38.920000 64 108
38.990000 64 108
39.200000 55 108
39.270000 55 108
39.340000 55 108
39.410000 55 108
39.480000 55 108
39.200000 62 108
39.270000 62 108
39.340000 62 108
39.410000 62 108
39.480000 62 108
39.620000 57 108
39.690000 57 108
39.760000 57 108
39.830000 57 108
39.900000 57 108
39.620000 61 108
39.690000 61 108
39.760000 61 108
39.830000 61 108
39.900000 61 108
39.620000 65 108
39.690000 65 108
39.760000 65 108
39.830000 65 108
39.900000 65 108
40.250000 65 108
40.320000 65 108
40.390000 67 108
40.460000 67 108
40.530000 62 108
40.600000 62 108
40.670000 62 108
40.530000 65 108
40.600000 65 108
40.670000 65 108
40.530000 69 108
40.600000 69 108
40.670000 69 108
40.810000 62 108
40.880000 62 108
40.950000 62 108
40.810000 65 108
40.880000 65 108
40.950000 65 108
40.810000 69 108
40.880000 69 108
40.950000 69 108
41.160000 62 108
41.230000 62 108
41.300000 62 108
41.160000 65 108
41.230000 65 108
41.300000 65 108
41.160000 69 108
41.230000 69 108
41.300000 69 108
41.440000 62 108
41.510000 62 108
41.440000 65 108
41.510000 65 108
41.440000 70 108
41.510000 70 108
41.580000 62 108
41.650000 62 108
41.580000 65 108
41.650000 65 108
41.580000 69 108
41.650000 69 108
42.350000 60 108
42.420000 60 108
42.490000 60 108
42.350000 64 108
42.420000 64 108
42.490000 64 108
42.350000 67 108
42.420000 67 108
42.490000 67 108
42.630000 60 108
42.700000 60 108
42.770000 60 108
42.630000 64 108
42.700000 64 108
42.770000 64 108
42.630000 67 108
42.700000 67 108
42.770000 67 108
42.910000 60 108
42.980000 60 108
43.050000 60 108
42.910000 64 108
42.980000 64 108
43.050000 64 108
42.910000 67 108
42.980000 67 108
43.050000 67 108
43.260000 60 108
43.330000 60 108
43.260000 64 108
43.330000 64 108
43.260000 67 108
43.330000 67 108
43.400000 60 108
43.470000 60 108
43.400000 65 108
43.470000 65 108
43.400000 69 108
43.470000 69 108
44.100000 62 108
44.170000 62 108
44.240000 62 108
44.100000 65 108
44.170000 65 108
44.240000 65 108
44.100000 69 108
44.170000 69 108
44.240000 69 108
44.450000 62 108
44.520000 62 108
44.590000 62 108
44.450000 65 108
44.520000 65 108
44.590000 65 108
44.450000 69 108
44.520000 69 108
44.590000 69 108
44.730000 62 108
44.800000 62 108
44.870000 62 108
44.730000 65 108
44.800000 65 108
44.870000 65 108
44.730000 69 108
44.800000 69 108
44.870000 69 108
45.010000 62 108
45.080000 62 108
45.010000 65 108
45.080000 65 108
45.010000 70 108
45.080000 70 108
45.150000 62 108
45.220000 62 108
45.150000 65 108
45.220000 65 108
45.150000 69 108
45.220000 69 108
45.920000 61 108
45.990000 61 108
46.060000 61 108
45.920000 64 108
45.990000 64 108
46.060000 64 108
45.920000 67 108
45.990000 67 108
46.060000 67 108
46.200000 61 108
46.270000 61 108
46.340000 61 108
46.200000 65 108
46.270000 65 108
46.340000 65 108
46.550000 57 108
46.620000 57 108
46.690000 57 108
46.550000 64 108
46.620000 64 108
46.690000 64 108
46.830000 53 108
46.900000 53 108
46.970000 53 108
46.830000 57 108
46.900000 57 108
46.970000 57 108
46.830000 62 108
46.900000 62 108
46.970000 62 108
47.460000 62 108
47.530000 62 108
47.600000 64 108
47.670000 64 108
47.740000 57 108
47.810000 57 108
47.880000 57 108
47.950000 57 108
48.020000 57 108
48.090000 57 108
48.160000 57 108
47.740000 62 108
47.810000 62 108
47.880000 62 108
47.950000 62 108
48.020000 62 108
48.090000 62 108
48.160000 62 108
47.740000 65 108
47.810000 65 108
47.880000 65 108
47.950000 65 108
48.020000 65 108
48.090000 65 108
48.160000 65 108
48.300000 67 108
48.370000 67 108
48.510000 69 108
48.580000 69 108
48.650000 60 108
48.720000 60 108
48.790000 60 108
48.650000 67 108
48.720000 67 108
48.790000 67 108
48.930000 60 108
49.000000 60 108
49.070000 60 108
48.930000 65 108
49.000000 65 108
49.070000 65 108
49.210000 60 108
49.280000 60 108
49.350000 60 108
49.210000 64 108
49.280000 64 108
49.350000 64 108
49.560000 57 108
49.630000 57 108
49.700000 57 108
49.560000 60 108
49.630000 60 108
49.700000 60 108
49.560000 65 108
49.630000 65 108
49.700000 65 108
49.840000 57 108
49.910000 57 108
49.980000 57 108
49.840000 60 108
49.910000 60 108
49.980000 60 108
49.840000 67 108
49.910000 67 108
49.980000 67 108
50.120000 57 108
50.190000 57 108
50.260000 57 108
50.120000 60 108
50.190000 60 108
50.260000 60 108
50.120000 69 108
50.190000 69 108
50.260000 69 108
50.400000 60 108
50.470000 60 108
50.540000 60 108
50.400000 64 108
50.470000 64 108
50.540000 64 108
50.400000 67 108
50.470000 67 108
50.540000 67 108
51.030000 65 108
51.100000 65 108
51.170000 67 108
51.240000 67 108
51.310000 60 108
51.380000 60 108
51.450000 60 108
51.310000 65 108
51.380000 65 108
51.450000 65 108
51.310000 69 108
51.380000 69 108
51.450000 69 108
51.940000 67 108
52.010000 67 108
52.080000 65 108
52.150000 65 108
52.220000 61 108
52.290000 61 108
52.360000 61 108
52.220000 64 108
52.290000 64 108
52.360000 64 108
52.500000 61 108
52.570000 61 108
52.640000 61 108
52.500000 65 108
52.570000 65 108
52.640000 65 108
52.850000 61 108
52.920000 61 108
52.990000 61 108
52.850000 64 108
52.920000 64 108
52.990000 64 108
53.130000 53 108
53.200000 53 108
53.270000 53 108
53.130000 57 108
53.200000 57 108
53.270000 57 108
53.130000 62 108
53.200000 62 108
53.270000 62 108
53.760000 64 108
53.830000 64 108
53.900000 60 108
53.970000 60 108
54.040000 53 108
54.110000 53 108
54.040000 57 108
54.110000 57 108
54.040000 62 108
54.110000 62 108
54.600000 74 108
54.670000 74 108
54.810000 76 108
54.880000 76 108
54.950000 69 108
55.020000 69 108
55.090000 69 108
54.950000 74 108
55.020000 74 108
55.090000 74 108
54.950000 77 108
55.020000 77 108
55.090000 77 108
55.510000 76 108
55.580000 76 108
55.650000 77 108
55.720000 77 108
55.860000 72 108
55.930000 72 108
56.000000 72 108
55.860000 79 108
55.930000 79 108
56.000000 79 108
56.140000 72 108
56.210000 72 108
56.280000 72 108
56.140000 77 108
56.210000 77 108
56.280000 77 108
56.420000 72 108
56.490000 72 108
56.560000 72 108
56.420000 79 108
56.490000 79 108
56.560000 79 108
56.700000 77 108
56.770000 77 108
56.840000 77 108
56.700000 81 108
56.770000 81 108
56.840000 81 108
57.050000 72 108
57.120000 72 108
57.190000 72 108
57.050000 79 108
57.120000 79 108
57.190000 79 108
57.330000 72 108
57.400000 72 108
57.470000 72 108
57.330000 77 108
57.400000 77 108
57.470000 77 108
57.610000 65 108
57.680000 65 108
57.750000 65 108
57.610000 70 108
57.680000 70 108
57.750000 70 108
57.610000 74 108
57.680000 74 108
57.750000 74 108
58.240000 74 108
58.310000 74 108
58.380000 76 108
58.450000 76 108
58.520000 69 108
58.590000 69 108
58.660000 69 108
58.520000 74 108
58.590000 74 108
58.660000 74 108
58.520000 77 108
58.590000 77 108
58.660000 77 108
58.800000 69 108
58.870000 69 108
58.940000 69 108
58.800000 74 108
58.870000 74 108
58.940000 74 108
58.800000 79 108
58.870000 79 108
58.940000 79 108
59.150000 74 108
59.220000 74 108
59.290000 74 108
59.150000 81 108
59.220000 81 108
59.290000 81 108
59.430000 70 108
59.500000 70 108
59.570000 70 108
59.430000 74 108
59.500000 74 108
59.570000 74 108
59.430000 82 108
59.500000 82 108
59.570000 82 108
59.710000 70 108
59.780000 70 108
59.850000 70 108
59.710000 74 108
59.780000 74 108
59.850000 74 108
60.060000 70 108
60.130000 70 108
60.200000 70 108
60.060000 79 108
60.130000 79 108
60.200000 79 108
60.340000 69 108
60.410000 69 108
60.480000 69 108
60.340000 77 108
60.410000 77 108
60.480000 77 108
60.900000 79 108
60.970000 79 108
61.110000 76 108
61.180000 76 108
61.250000 69 108
61.320000 69 108
61.390000 69 108
61.250000 74 108
61.320000 74 108
61.390000 74 108
61.810000 76 108
61.880000 76 108
61.950000 73 108
62.020000 73 108
62.160000 74 108
62.230000 74 108
62.300000 74 108
62.160000 77 108
62.230000 77 108
62.300000 77 108
62.160000 81 108
62.230000 81 108
62.300000 81 108
63.000000 74 108
63.070000 74 108
63.140000 74 108
63.000000 79 108
63.070000 79 108
63.140000 79 108
63.000000 82 108
63.070000 82 108
63.140000 82 108
63.910000 72 108
63.980000 72 108
64.050000 72 108
63.910000 77 108
63.980000 77 108
64.050000 77 108
63.910000 81 108
63.980000 81 108
64.050000 81 108
64.260000 72 108
64.330000 72 108
64.400000 72 108
64.260000 77 108
64.330000 77 108
64.400000 77 108
64.260000 81 108
64.330000 81 108
64.400000 81 108
64.540000 72 108
64.610000 72 108
64.680000 72 108
64.540000 77 108
64.610000 77 108
64.680000 77 108
64.540000 81 108
64.610000 81 108
64.680000 81 108
64.820000 72 108
64.890000 72 108
64.820000 76 108
64.890000 76 108
64.820000 81 108
64.890000 81 108
64.960000 79 108
65.030000 79 108
65.730000 70 108
65.800000 70 108
65.870000 70 108
65.730000 74 108
65.800000 74 108
65.870000 74 108
65.730000 79 108
65.800000 79 108
65.870000 79 108
66.640000 69 108
66.710000 69 108
66.780000 69 108
66.640000 74 108
66.710000 74 108
66.780000 74 108
66.640000 77 108
66.710000 77 108
66.780000 77 108
67.550000 69 108
67.620000 69 108
67.690000 69 108
67.550000 77 108
67.620000 77 108
67.690000 77 108
67.830000 69 108
67.900000 69 108
67.970000 69 108
67.830000 79 108
67.900000 79 108
67.970000 79 108
68.110000 69 108
68.180000 69 108
68.250000 69 108
68.110000 76 108
68.180000 76 108
68.250000 76 108
68.460000 65 108
68.530000 65 108
68.600000 65 108
68.670000 65 108
68.740000 65 108
68.460000 69 108
68.530000 69 108
68.600000 69 108
68.670000 69 108
68.740000 69 108
68.460000 74 108
68.530000 74 108
68.600000 74 108
68.670000 74 108
68.740000 74 108
68.880000 74 108
68.950000 74 108
69.020000 76 108
69.090000 76 108
69.160000 77 108
69.230000 77 108
69.300000 74 108
69.370000 74 108
69.440000 74 108
69.510000 74 108
69.580000 74 108
69.300000 77 108
69.370000 77 108
69.440000 77 108
69.510000 77 108
69.580000 77 108
69.300000 81 108
69.370000 81 108
69.440000 81 108
69.510000 81 108
69.580000 81 108
69.790000 74 108
69.860000 74 108
69.930000 76 108
70.000000 76 108
70.070000 77 108
70.140000 77 108
70.210000 74 108
70.280000 74 108
70.350000 74 108
70.420000 74 108
70.490000 74 108
70.210000 77 108
70.280000 77 108
70.350000 77 108
70.420000 77 108
70.490000 77 108
70.210000 82 108
70.280000 82 108
70.350000 82 108
70.420000 82 108
70.490000 82 108
70.700000 74 108
70.770000 74 108
70.840000 76 108
70.910000 76 108
70.980000 77 108
71.050000 77 108
71.120000 72 108
71.190000 72 108
71.260000 72 108
71.120000 77 108
71.190000 77 108
71.260000 77 108
71.120000 81 108
71.190000 81 108
71.260000 81 108
71.400000 72 108
71.470000 72 108
71.540000 72 108
71.400000 77 108
71.470000 77 108
71.540000 77 108
71.400000 81 108
71.470000 81 108
71.540000 81 108
71.750000 77 108
71.820000 77 108
71.890000 77 108
71.750000 84 108
71.820000 84 108
71.890000 84 108
72.030000 72 108
72.100000 72 108
72.030000 76 108
72.100000 76 108
72.030000 81 108
72.100000 81 108
72.170000 79 108
72.240000 79 108
72.940000 70 108
73.010000 70 108
73.080000 70 108
72.940000 74 108
73.010000 74 108
73.080000 74 108
72.940000 79 108
73.010000 79 108
73.080000 79 108
73.850000 69 108
73.920000 69 108
73.990000 69 108
73.850000 74 108
73.920000 74 108
73.990000 74 108
73.850000 77 108
73.920000 77 108
73.990000 77 108
74.760000 69 108
74.830000 69 108
74.900000 69 108
74.760000 77 108
74.830000 77 108
74.900000 77 108
75.040000 69 108
75.110000 69 108
75.180000 69 108
75.040000 79 108
75.110000 79 108
75.180000 79 108
75.320000 69 108
75.390000 69 108
75.460000 69 108
75.320000 76 108
75.390000 76 108
75.460000 76 108
75.600000 65 108
75.670000 65 108
75.740000 65 108
75.810000 65 108
75.880000 65 108
75.600000 69 108
75.670000 69 108
75.740000 69 108
75.810000 69 108
75.880000 69 108
75.600000 74 108
75.670000 74 108
75.740000 74 108
75.810000 74 108
75.880000 74 108
76.510000 62 108
76.580000 62 108
76.650000 62 108
76.720000 62 108
76.790000 62 108
76.860000 62 108
76.930000 62 108
77.000000 62 108
77.070000 62 108
77.140000 62 108
77.210000 62 108
77.280000 62 108
77.350000 62 108
77.420000 62 108
77.490000 62 108
77.560000 62 108
# Left Hand
3.640000 26 110
3.710000 26 110
3.780000 26 110
3.850000 26 110
3.920000 26 110
3.990000 26 110
4.060000 26 110
4.130000 26 110
4.200000 26 110
4.270000 26 110
4.340000 26 110
3.640000 38 110
3.710000 38 110
3.780000 38 110
3.850000 38 110
3.920000 38 110
3.990000 38 110
4.060000 38 110
4.130000 38 110
4.200000 38 110
4.270000 38 110
4.340000 38 110
4.550000 26 110
4.620000 26 110
4.690000 26 110
4.760000 26 110
4.830000 26 110
4.550000 38 110
4.620000 38 110
4.690000 38 110
4.760000 38 110
4.830000 38 110
4.970000 26 110
5.040000 26 110
5.110000 26 110
5.180000 26 110
5.250000 26 110
4.970000 38 110
5.040000 38 110
5.110000 38 110
5.180000 38 110
5.250000 38 110
5.460000 38 110
5.530000 38 110
5.600000 38 110
5.460000 50 110
5.530000 50 110
5.600000 50 110
5.740000 38 110
5.810000 38 110
5.740000 50 110
5.810000 50 110
5.880000 38 110
5.950000 38 110
6.020000 38 110
5.880000 50 110
5.950000 50 110
6.020000 50 110
6.160000 36 110
6.230000 36 110
6.160000 48 110
6.230000 48 110
6.300000 34 110
6.370000 34 110
6.440000 34 110
6.300000 46 110
6.370000 46 110
6.440000 46 110
6.650000 34 110
6.720000 34 110
6.650000 46 110
6.720000 46 110
6.790000 34 110
6.860000 34 110
6.930000 34 110
6.790000 46 110
6.860000 46 110
6.930000 46 110
7.070000 34 110
7.140000 34 110
7.070000 46 110
7.140000 46 110
7.210000 33 110
7.280000 33 110
7.350000 33 110
7.210000 45 110
7.280000 45 110
7.350000 45 110
7.560000 33 110
7.630000 33 110
7.560000 45 110
7.630000 45 110
7.700000 33 110
7.770000 33 110
7.840000 33 110
7.700000 45 110
7.770000 45 110
7.840000 45 110
7.980000 33 110
8.050000 33 110
7.980000 45 110
8.050000 45 110
8.120000 38 110
8.190000 38 110
8.260000 38 110
8.120000 50 110
8.190000 50 110
8.260000 50 110
8.400000 38 110
8.470000 38 110
8.400000 50 110
8.470000 50 110
8.610000 38 110
8.680000 38 110
8.750000 38 110
8.610000 50 110
8.680000 50 110
8.750000 50 110
8.890000 38 110
8.960000 38 110
8.890000 50 110
8.960000 50 110
9.030000 34 110
9.100000 34 110
9.170000 34 110
9.030000 46 110
9.100000 46 110
9.170000 46 110
9.310000 34 110
9.380000 34 110
9.310000 46 110
9.380000 46 110
9.450000 34 110
9.520000 34 110
9.590000 34 110
9.450000 46 110
9.520000 46 110
9.590000 46 110
9.800000 34 110
9.870000 34 110
9.800000 46 110
9.870000 46 110
9.940000 34 110
10.010000 34 110
10.080000 34 110
9.940000 46 110
10.010000 46 110
10.080000 46 110
10.220000 34 110
10.290000 34 110
10.220000 46 110
10.290000 46 110
10.360000 34 110
10.430000 34 110
10.500000 34 110
10.360000 46 110
10.430000 46 110
10.500000 46 110
10.710000 34 110
10.780000 34 110
10.710000 46 110
10.780000 46 110
10.850000 33 110
10.920000 33 110
10.990000 33 110
10.850000 45 110
10.920000 45 110
10.990000 45 110
11.130000 33 110
11.200000 33 110
11.130000 45 110
11.200000 45 110
11.270000 33 110
11.340000 33 110
11.410000 33 110
11.270000 45 110
11.340000 45 110
11.410000 45 110
11.550000 33 110
11.620000 33 110
11.550000 45 110
11.620000 45 110
11.760000 38 110
11.830000 38 110
11.900000 38 110
11.760000 50 110
11.830000 50 110
11.900000 50 110
12.040000 38 110
12.110000 38 110
12.040000 50 110
12.110000 50 110
12.180000 38 110
12.250000 38 110
12.320000 38 110
12.180000 50 110
12.250000 50 110
12.320000 50 110
12.460000 38 110
12.530000 38 110
12.460000 50 110
12.530000 50 110
12.600000 38 110
12.670000 38 110
12.740000 38 110
12.600000 50 110
12.670000 50 110
12.740000 50 110
12.950000 38 110
13.020000 38 110
12.950000 50 110
13.020000 50 110
13.090000 38 110
13.160000 38 110
13.230000 38 110
13.090000 50 110
13.160000 50 110
13.230000 50 110
13.370000 38 110
13.440000 38 110
13.370000 50 110
13.440000 50 110
13.510000 34 110
13.580000 34 110
13.650000 34 110
13.510000 46 110
13.580000 46 110
13.650000 46 110
13.860000 34 110
13.930000 34 110
13.860000 46 110
13.930000 46 110
14.000000 34 110
14.070000 34 110
14.140000 34 110
14.000000 46 110
14.070000 46 110
14.140000 46 110
14.280000 34 110
14.350000 34 110
14.280000 46 110
14.350000 46 110
14.420000 31 110
14.490000 31 110
14.560000 31 110
14.420000 43 110
14.490000 43 110
14.560000 43 110
14.700000 31 110
14.770000 31 110
14.700000 43 110
14.770000 43 110
14.910000 31 110
14.980000 31 110
15.050000 31 110
14.910000 43 110
14.980000 43 110
15.050000 43 110
15.190000 31 110
15.260000 31 110
15.190000 43 110
15.260000 43 110
15.330000 38 110
15.400000 38 110
15.470000 38 110
15.330000 50 110
15.400000 50 110
15.470000 50 110
15.610000 38 110
15.680000 38 110
15.610000 50 110
15.680000 50 110
15.750000 38 110
15.820000 38 110
15.890000 38 110
15.750000 50 110
15.820000 50 110
15.890000 50 110
16.100000 38 110
16.170000 38 110
16.100000 50 110
16.170000 50 110
16.240000 34 110
16.310000 34 110
16.380000 34 110
16.240000 46 110
16.310000 46 110
16.380000 46 110
16.520000 34 110
16.590000 34 110
16.520000 46 110
16.590000 46 110
16.660000 34 110
16.730000 34 110
16.800000 34 110
16.660000 46 110
16.730000 46 110
16.800000 46 110
17.010000 34 110
17.080000 34 110
17.010000 46 110
17.080000 46 110
17.150000 38 110
17.220000 38 110
17.290000 38 110
17.150000 50 110
17.220000 50 110
17.290000 50 110
17.430000 38 110
17.500000 38 110
17.430000 50 110
17.500000 50 110
17.570000 38 110
17.640000 38 110
17.710000 38 110
17.570000 50 110
17.640000 50 110
17.710000 50 110
17.850000 38 110
17.920000 38 110
17.850000 50 110
17.920000 50 110
18.060000 33 110
18.130000 33 110
18.200000 33 110
18.060000 45 110
18.130000 45 110
18.200000 45 110
18.340000 33 110
18.410000 33 110
18.340000 45 110
18.410000 45 110
18.480000 33 110
18.550000 33 110
18.620000 33 110
18.480000 45 110
18.550000 45 110
18.620000 45 110
18.760000 33 110
18.830000 33 110
18.760000 45 110
18.830000 45 110
18.900000 33 110
18.970000 33 110
19.040000 33 110
18.900000 45 110
18.970000 45 110
19.040000 45 110
19.250000 33 110
19.320000 33 110
19.250000 45 110
19.320000 45 110
19.390000 33 110
19.460000 33 110
19.530000 33 110
19.390000 45 110
19.460000 45 110
19.530000 45 110
19.670000 33 110
19.740000 33 110
19.670000 45 110
19.740000 45 110
19.810000 38 110
19.880000 38 110
19.950000 38 110
19.810000 50 110
19.880000 50 110
19.950000 50 110
20.160000 38 110
20.230000 38 110
20.160000 50 110
20.230000 50 110
20.300000 38 110
20.370000 38 110
20.440000 38 110
20.300000 50 110
20.370000 50 110
20.440000 50 110
20.580000 36 110
20.650000 36 110
20.580000 48 110
20.650000 48 110
20.720000 34 110
20.790000 34 110
20.860000 34 110
20.720000 46 110
20.790000 46 110
20.860000 46 110
21.000000 34 110
21.070000 34 110
21.000000 46 110
21.070000 46 110
21.210000 34 110
21.280000 34 110
21.350000 34 110
21.210000 46 110
21.280000 46 110
21.350000 46 110
21.490000 34 110
21.560000 34 110
21.490000 46 110
21.560000 46 110
21.630000 33 110
21.700000 33 110
21.770000 33 110
21.630000 45 110
21.700000 45 110
21.770000 45 110
21.910000 33 110
21.980000 33 110
21.910000 45 110
21.980000 45 110
22.050000 33 110
22.120000 33 110
22.190000 33 110
22.050000 45 110
22.120000 45 110
22.190000 45 110
22.400000 33 110
22.470000 33 110
22.400000 45 110
22.470000 45 110
22.540000 38 110
22.610000 38 110
22.680000 38 110
22.540000 50 110
22.610000 50 110
22.680000 50 110
22.820000 38 110
22.890000 38 110
22.820000 50 110
22.890000 50 110
22.960000 38 110
23.030000 38 110
23.100000 38 110
22.960000 50 110
23.030000 50 110
23.100000 50 110
23.310000 38 110
23.380000 38 110
23.310000 50 110
23.380000 50 110
23.450000 34 110
23.520000 34 110
23.590000 34 110
23.450000 46 110
23.520000 46 110
23.590000 46 110
23.730000 34 110
23.800000 34 110
23.730000 46 110
23.800000 46 110
23.870000 34 110
23.940000 34 110
24.010000 34 110
23.870000 46 110
23.940000 46 110
24.010000 46 110
24.150000 34 110
24.220000 34 110
24.150000 46 110
24.220000 46 110
24.360000 29 110
24.430000 29 110
24.500000 29 110
24.360000 41 110
24.430000 41 110
24.500000 41 110
24.640000 29 110
24.710000 29 110
24.640000 41 110
24.710000 41 110
24.780000 29 110
24.850000 29 110
24.920000 29 110
24.780000 41 110
24.850000 41 110
24.920000 41 110
25.060000 29 110
25.130000 29 110
25.060000 41 110
25.130000 41 110
25.200000 36 110
25.270000 36 110
25.340000 36 110
25.200000 48 110
25.270000 48 110
25.340000 48 110
25.550000 36 110
25.620000 36 110
25.550000 48 110
25.620000 48 110
25.690000 33 110
25.760000 33 110
25.830000 33 110
25.690000 45 110
25.760000 45 110
25.830000 45 110
25.970000 33 110
26.040000 33 110
25.970000 45 110
26.040000 45 110
26.110000 38 110
26.180000 38 110
26.250000 38 110
26.110000 50 110
26.180000 50 110
26.250000 50 110
26.460000 38 110
26.530000 38 110
26.460000 50 110
26.530000 50 110
26.600000 38 110
26.670000 38 110
26.740000 38 110
26.600000 50 110
26.670000 50 110
26.740000 50 110
26.880000 38 110
26.950000 38 110
26.880000 50 110
26.950000 50 110
27.020000 38 110
27.090000 38 110
27.160000 38 110
27.020000 50 110
27.090000 50 110
27.160000 50 110
27.300000 38 110
27.370000 38 110
27.300000 50 110
27.370000 50 110
27.510000 38 110
27.580000 38 110
27.650000 38 110
27.510000 50 110
27.580000 50 110
27.650000 50 110
27.790000 38 110
27.860000 38 110
27.790000 50 110
27.860000 50 110
27.930000 34 110
28.000000 34 110
28.070000 34 110
27.930000 46 110
28.000000 46 110
28.070000 46 110
28.210000 34 110
28.280000 34 110
28.210000 46 110
28.280000 46 110
28.350000 34 110
28.420000 34 110
28.490000 34 110
28.350000 46 110
28.420000 46 110
28.490000 46 110
28.700000 34 110
28.770000 34 110
28.700000 46 110
28.770000 46 110
28.840000 31 110
28.910000 31 110
28.980000 31 110
28.840000 43 110
28.910000 43 110
28.980000 43 110
29.120000 31 110
29.190000 31 110
29.120000 43 110
29.190000 43 110
29.260000 31 110
29.330000 31 110
29.400000 31 110
29.260000 43 110
29.330000 43 110
29.400000 43 110
29.610000 31 110
29.680000 31 110
29.610000 43 110
29.680000 43 110
29.750000 38 110
29.820000 38 110
29.890000 38 110
29.750000 50 110
29.820000 50 110
29.890000 50 110
30.030000 38 110
30.100000 38 110
30.030000 50 110
30.100000 50 110
30.170000 38 110
30.240000 38 110
30.310000 38 110
30.170000 50 110
30.240000 50 110
30.310000 50 110
30.450000 38 110
30.520000 38 110
30.450000 50 110
30.520000 50 110
30.660000 34 110
30.730000 34 110
30.800000 34 110
30.660000 46 110
30.730000 46 110
30.800000 46 110
30.940000 34 110
31.010000 34 110
30.940000 46 110
31.010000 46 110
31.080000 34 110
31.150000 34 110
31.220000 34 110
31.080000 46 110
31.150000 46 110
31.220000 46 110
31.360000 34 110
31.430000 34 110
31.360000 46 110
31.430000 46 110
31.500000 38 110
31.570000 38 110
31.640000 38 110
31.500000 50 110
31.570000 50 110
31.640000 50 110
31.850000 38 110
31.920000 38 110
31.850000 50 110
31.920000 50 110
31.990000 38 110
32.060000 38 110
32.130000 38 110
31.990000 50 110
32.060000 50 110
32.130000 50 110
32.270000 38 110
32.340000 38 110
32.270000 50 110
32.340000 50 110
32.410000 33 110
32.480000 33 110
32.550000 33 110
32.410000 45 110
32.480000 45 110
32.550000 45 110
32.760000 33 110
32.830000 33 110
32.760000 45 110
32.830000 45 110
32.900000 33 110
32.970000 33 110
33.040000 33 110
32.900000 45 110
32.970000 45 110
33.040000 45 110
33.180000 33 110
33.250000 33 110
33.180000 45 110
33.250000 45 110
33.320000 38 110
33.390000 38 110
33.460000 38 110
33.320000 50 110
33.390000 50 110
33.460000 50 110
33.600000 38 110
33.670000 38 110
33.740000 38 110
33.600000 50 110
33.670000 50 110
33.740000 50 110
33.950000 36 110
34.020000 36 110
34.090000 36 110
33.950000 48 110
34.020000 48 110
34.090000 48 110
34.230000 36 110
34.300000 36 110
34.370000 36 110
34.230000 48 110
34.300000 48 110
34.370000 48 110
34.510000 36 110
34.580000 36 110
34.650000 36 110
34.510000 48 110
34.580000 48 110
34.650000 48 110
34.860000 34 110
34.930000 34 110
35.000000 34 110
34.860000 46 110
34.930000 46 110
35.000000 46 110
35.140000 33 110
35.210000 33 110
35.280000 33 110
35.140000 45 110
35.210000 45 110
35.280000 45 110
35.420000 33 110
35.490000 33 110
35.420000 45 110
35.490000 45 110
35.560000 33 110
35.630000 33 110
35.700000 33 110
35.560000 45 110
35.630000 45 110
35.700000 45 110
35.910000 33 110
35.980000 33 110
35.910000 45 110
35.980000 45 110
36.050000 33 110
36.120000 33 110
36.190000 33 110
36.050000 45 110
36.120000 45 110
36.190000 45 110
36.330000 33 110
36.400000 33 110
36.330000 45 110
36.400000 45 110
36.470000 33 110
36.540000 33 110
36.610000 33 110
36.470000 45 110
36.540000 45 110
36.610000 45 110
36.750000 33 110
36.820000 33 110
36.750000 45 110
36.820000 45 110
36.960000 31 110
37.030000 31 110
37.100000 31 110
36.960000 43 110
37.030000 43 110
37.100000 43 110
37.240000 31 110
37.310000 31 110
37.240000 43 110
37.310000 43 110
37.380000 31 110
37.450000 31 110
37.520000 31 110
37.380000 43 110
37.450000 43 110
37.520000 43 110
37.660000 31 110
37.730000 31 110
37.660000 43 110
37.730000 43 110
37.800000 31 110
37.870000 31 110
37.940000 31 110
37.800000 43 110
37.870000 43 110
37.940000 43 110
38.150000 31 110
38.220000 31 110
38.150000 43 110
38.220000 43 110
38.290000 31 110
38.360000 31 110
38.430000 31 110
38.290000 43 110
38.360000 43 110
38.430000 43 110
38.570000 31 110
38.640000 31 110
38.570000 43 110
38.640000 43 110
38.710000 33 110
38.780000 33 110
38.850000 33 110
38.710000 45 110
38.780000 45 110
38.850000 45 110
39.060000 33 110
39.130000 33 110
39.060000 45 110
39.130000 45 110
39.200000 33 110
39.270000 33 110
39.340000 33 110
39.200000 45 110
39.270000 45 110
39.340000 45 110
39.480000 33 110
39.550000 33 110
39.480000 45 110
39.550000 45 110
39.620000 33 110
39.690000 33 110
39.760000 33 110
39.620000 45 110
39.690000 45 110
39.760000 45 110
39.900000 33 110
39.970000 33 110
39.900000 45 110
39.970000 45 110
40.110000 33 110
40.180000 33 110
40.250000 33 110
40.110000 45 110
40.180000 45 110
40.250000 45 110
40.390000 33 110
40.460000 33 110
40.390000 45 110
40.460000 45 110
40.530000 38 110
40.600000 38 110
40.670000 38 110
40.530000 50 110
40.600000 50 110
40.670000 50 110
40.810000 38 110
40.880000 38 110
40.810000 50 110
40.880000 50 110
40.950000 38 110
41.020000 38 110
41.090000 38 110
40.950000 50 110
41.020000 50 110
41.090000 50 110
41.300000 38 110
41.370000 38 110
41.300000 50 110
41.370000 50 110
41.440000 38 110
41.510000 38 110
41.580000 38 110
41.440000 50 110
41.510000 50 110
41.580000 50 110
41.720000 38 110
41.790000 38 110
41.720000 50 110
41.790000 50 110
41.860000 38 110
41.930000 38 110
41.860000 50 110
41.930000 50 110
42.000000 38 110
42.070000 38 110
42.000000 50 110
42.070000 50 110
42.210000 38 110
42.280000 38 110
42.210000 50 110
42.280000 50 110
42.350000 36 110
42.420000 36 110
42.490000 36 110
42.350000 48 110
42.420000 48 110
42.490000 48 110
42.630000 36 110
42.700000 36 110
42.630000 48 110
42.700000 48 110
42.770000 36 110
42.840000 36 110
42.910000 36 110
42.770000 48 110
42.840000 48 110
42.910000 48 110
43.050000 36 110
43.120000 36 110
43.050000 48 110
43.120000 48 110
43.260000 41 110
43.330000 41 110
43.400000 41 110
43.260000 53 110
43.330000 53 110
43.400000 53 110
43.540000 41 110
43.610000 41 110
43.540000 53 110
43.610000 53 110
43.680000 41 110
43.750000 41 110
43.680000 53 110
43.750000 53 110
43.820000 41 110
43.890000 41 110
43.820000 53 110
43.890000 53 110
43.960000 41 110
44.030000 41 110
43.960000 53 110
44.030000 53 110
44.100000 38 110
44.170000 38 110
44.240000 38 110
44.100000 50 110
44.170000 50 110
44.240000 50 110
44.450000 38 110
44.520000 38 110
44.450000 50 110
44.520000 50 110
44.590000 38 110
44.660000 38 110
44.730000 38 110
44.590000 50 110
44.660000 50 110
44.730000 50 110
44.870000 38 110
44.940000 38 110
44.870000 50 110
44.940000 50 110
45.010000 38 110
45.080000 38 110
45.150000 38 110
45.010000 50 110
45.080000 50 110
45.150000 50 110
45.360000 38 110
45.430000 38 110
45.360000 50 110
45.430000 50 110
45.500000 38 110
45.570000 38 110
45.500000 50 110
45.570000 50 110
45.640000 38 110
45.710000 38 110
45.640000 50 110
45.710000 50 110
45.780000 38 110
45.850000 38 110
45.780000 50 110
45.850000 50 110
45.920000 33 110
45.990000 33 110
46.060000 33 110
45.920000 45 110
45.990000 45 110
46.060000 45 110
46.200000 33 110
46.270000 33 110
46.200000 45 110
46.270000 45 110
46.410000 33 110
46.480000 33 110
46.550000 33 110
46.410000 45 110
46.480000 45 110
46.550000 45 110
46.690000 33 110
46.760000 33 110
46.690000 45 110
46.760000 45 110
46.830000 38 110
46.900000 38 110
46.970000 38 110
46.830000 50 110
46.900000 50 110
46.970000 50 110
47.110000 38 110
47.180000 38 110
47.110000 50 110
47.180000 50 110
47.250000 38 110
47.320000 38 110
47.390000 38 110
47.250000 50 110
47.320000 50 110
47.390000 50 110
47.600000 38 110
47.670000 38 110
47.600000 50 110
47.670000 50 110
47.740000 38 110
47.810000 38 110
47.880000 38 110
47.740000 50 110
47.810000 50 110
47.880000 50 110
48.020000 38 110
48.090000 38 110
48.020000 50 110
48.090000 50 110
48.160000 38 110
48.230000 38 110
48.300000 38 110
48.160000 50 110
48.230000 50 110
48.300000 50 110
48.510000 38 110
48.580000 38 110
48.510000 50 110
48.580000 50 110
48.650000 36 110
48.720000 36 110
48.790000 36 110
48.650000 48 110
48.720000 48 110
48.790000 48 110
48.930000 36 110
49.000000 36 110
48.930000 48 110
49.000000 48 110
49.070000 36 110
49.140000 36 110
49.070000 48 110
49.140000 48 110
49.210000 36 110
49.280000 36 110
49.210000 48 110
49.280000 48 110
49.350000 36 110
49.420000 36 110
49.350000 48 110
49.420000 48 110
49.560000 41 110
49.630000 41 110
49.700000 41 110
49.560000 53 110
49.630000 53 110
49.700000 53 110
49.840000 41 110
49.910000 41 110
49.840000 53 110
49.910000 53 110
49.980000 41 110
50.050000 41 110
49.980000 53 110
50.050000 53 110
50.120000 41 110
50.190000 41 110
50.120000 53 110
50.190000 53 110
50.260000 41 110
50.330000 41 110
50.260000 53 110
50.330000 53 110
50.400000 36 110
50.470000 36 110
50.540000 36 110
50.400000 48 110
50.470000 48 110
50.540000 48 110
50.750000 36 110
50.820000 36 110
50.750000 48 110
50.820000 48 110
50.890000 36 110
50.960000 36 110
50.890000 48 110
50.960000 48 110
51.030000 36 110
51.100000 36 110
51.030000 48 110
51.100000 48 110
51.170000 36 110
51.240000 36 110
51.170000 48 110
51.240000 48 110
51.310000 41 110
51.380000 41 110
51.450000 41 110
51.310000 53 110
51.380000 53 110
51.450000 53 110
51.660000 41 110
51.730000 41 110
51.660000 53 110
51.730000 53 110
51.800000 41 110
51.870000 41 110
51.800000 53 110
51.870000 53 110
51.940000 41 110
52.010000 41 110
51.940000 53 110
52.010000 53 110
52.080000 41 110
52.150000 41 110
52.080000 53 110
52.150000 53 110
52.220000 33 110
52.290000 33 110
52.360000 33 110
52.220000 45 110
52.290000 45 110
52.360000 45 110
52.500000 33 110
52.570000 33 110
52.500000 45 110
52.570000 45 110
52.710000 33 110
52.780000 33 110
52.710000 45 110
52.780000 45 110
52.850000 33 110
52.920000 33 110
52.850000 45 110
52.920000 45 110
52.990000 33 110
53.060000 33 110
52.990000 45 110
53.060000 45 110
53.130000 38 110
53.200000 38 110
53.270000 38 110
53.130000 50 110
53.200000 50 110
53.270000 50 110
53.410000 38 110
53.480000 38 110
53.410000 50 110
53.480000 50 110
53.550000 38 110
53.620000 38 110
53.690000 38 110
53.550000 50 110
53.620000 50 110
53.690000 50 110
53.900000 38 110
53.970000 38 110
53.900000 50 110
53.970000 50 110
54.040000 38 110
54.110000 38 110
54.180000 38 110
54.040000 50 110
54.110000 50 110
54.180000 50 110
54.320000 38 110
54.390000 38 110
54.320000 50 110
54.390000 50 110
54.460000 38 110
54.530000 38 110
54.460000 50 110
54.530000 50 110
54.600000 38 110
54.670000 38 110
54.600000 50 110
54.670000 50 110
54.810000 38 110
54.880000 38 110
54.810000 50 110
54.880000 50 110
54.950000 38 110
55.020000 38 110
55.090000 38 110
54.950000 50 110
55.020000 50 110
55.090000 50 110
55.230000 38 110
55.300000 38 110
55.230000 50 110
55.300000 50 110
55.370000 38 110
55.440000 38 110
55.370000 50 110
55.440000 50 110
55.510000 38 110
55.580000 38 110
55.510000 50 110
55.580000 50 110
55.650000 38 110
55.720000 38 110
55.650000 50 110
55.720000 50 110
55.860000 36 110
55.930000 36 110
56.000000 36 110
55.860000 48 110
55.930000 48 110
56.000000 48 110
56.140000 36 110
56.210000 36 110
56.140000 48 110
56.210000 48 110
56.280000 36 110
56.350000 36 110
56.280000 48 110
56.350000 48 110
56.420000 36 110
56.490000 36 110
56.420000 48 110
56.490000 48 110
56.560000 36 110
56.630000 36 110
56.560000 48 110
56.630000 48 110
56.700000 41 110
56.770000 41 110
56.840000 41 110
56.700000 53 110
56.770000 53 110
56.840000 53 110
57.050000 41 110
57.120000 41 110
57.050000 53 110
57.120000 53 110
57.190000 41 110
57.260000 41 110
57.190000 53 110
57.260000 53 110
57.330000 41 110
57.400000 41 110
57.330000 53 110
57.400000 53 110
57.470000 41 110
57.540000 41 110
57.470000 53 110
57.540000 53 110
57.610000 34 110
57.680000 34 110
57.750000 34 110
57.610000 46 110
57.680000 46 110
57.750000 46 110
57.960000 34 110
58.030000 34 110
57.960000 46 110
58.030000 46 110
58.100000 34 110
58.170000 34 110
58.100000 46 110
58.170000 46 110
58.240000 34 110
58.310000 34 110
58.240000 46 110
58.310000 46 110
58.380000 34 110
58.450000 34 110
58.380000 46 110
58.450000 46 110
58.520000 38 110
58.590000 38 110
58.660000 38 110
58.520000 50 110
58.590000 50 110
58.660000 50 110
58.800000 38 110
58.870000 38 110
58.800000 50 110
58.870000 50 110
59.010000 38 110
59.080000 38 110
59.010000 50 110
59.080000 50 110
59.150000 38 110
59.220000 38 110
59.150000 50 110
59.220000 50 110
59.290000 38 110
59.360000 38 110
59.290000 50 110
59.360000 50 110
59.430000 31 110
59.500000 31 110
59.570000 31 110
59.430000 43 110
59.500000 43 110
59.570000 43 110
59.710000 31 110
59.780000 31 110
59.710000 43 110
59.780000 43 110
59.850000 31 110
59.920000 31 110
59.850000 43 110
59.920000 43 110
60.060000 31 110
60.130000 31 110
60.060000 43 110
60.130000 43 110
60.200000 31 110
60.270000 31 110
60.200000 43 110
60.270000 43 110
60.340000 33 110
60.410000 33 110
60.480000 33 110
60.340000 45 110
60.410000 45 110
60.480000 45 110
60.620000 33 110
60.690000 33 110
60.620000 45 110
60.690000 45 110
60.760000 33 110
60.830000 33 110
60.760000 45 110
60.830000 45 110
60.900000 33 110
60.970000 33 110
60.900000 45 110
60.970000 45 110
61.110000 33 110
61.180000 33 110
61.110000 45 110
61.180000 45 110
61.250000 33 110
61.320000 33 110
61.390000 33 110
61.250000 45 110
61.320000 45 110
61.390000 45 110
61.530000 33 110
61.600000 33 110
61.530000 45 110
61.600000 45 110
61.670000 33 110
61.740000 33 110
61.670000 45 110
61.740000 45 110
61.810000 33 110
61.880000 33 110
61.810000 45 110
61.880000 45 110
61.950000 33 110
62.020000 33 110
61.950000 45 110
62.020000 45 110
62.160000 38 110
62.230000 38 110
62.300000 38 110
62.160000 50 110
62.230000 50 110
62.300000 50 110
62.440000 38 110
62.510000 38 110
62.440000 50 110
62.510000 50 110
62.580000 38 110
62.650000 38 110
62.580000 50 110
62.650000 50 110
62.720000 38 110
62.790000 38 110
62.720000 50 110
62.790000 50 110
62.860000 38 110
62.930000 38 110
62.860000 50 110
62.930000 50 110
63.000000 31 110
63.070000 31 110
63.140000 31 110
63.000000 43 110
63.070000 43 110
63.140000 43 110
63.350000 31 110
63.420000 31 110
63.350000 43 110
63.420000 43 110
63.490000 31 110
63.560000 31 110
63.490000 43 110
63.560000 43 110
63.630000 31 110
63.700000 31 110
63.630000 43 110
63.700000 43 110
63.770000 31 110
63.840000 31 110
63.770000 43 110
63.840000 43 110
63.910000 41 110
63.980000 41 110
64.050000 41 110
63.910000 53 110
63.980000 53 110
64.050000 53 110
64.260000 41 110
64.330000 41 110
64.260000 53 110
64.330000 53 110
64.400000 41 110
64.470000 41 110
64.540000 41 110
64.400000 53 110
64.470000 53 110
64.540000 53 110
64.680000 41 110
64.750000 41 110
64.680000 53 110
64.750000 53 110
64.820000 36 110
64.890000 36 110
64.960000 36 110
64.820000 48 110
64.890000 48 110
64.960000 48 110
65.100000 36 110
65.170000 36 110
65.100000 48 110
65.170000 48 110
65.310000 36 110
65.380000 36 110
65.310000 48 110
65.380000 48 110
65.450000 36 110
65.520000 36 110
65.450000 48 110
65.520000 48 110
65.590000 36 110
65.660000 36 110
65.590000 48 110
65.660000 48 110
65.730000 31 110
65.800000 31 110
65.870000 31 110
65.730000 43 110
65.800000 43 110
65.870000 43 110
66.010000 31 110
66.080000 31 110
66.010000 43 110
66.080000 43 110
66.150000 31 110
66.220000 31 110
66.150000 43 110
66.220000 43 110
66.360000 31 110
66.430000 31 110
66.360000 43 110
66.430000 43 110
66.500000 31 110
66.570000 31 110
66.500000 43 110
66.570000 43 110
66.640000 33 110
66.710000 33 110
66.780000 33 110
66.640000 45 110
66.710000 45 110
66.780000 45 110
66.920000 33 110
66.990000 33 110
66.920000 45 110
66.990000 45 110
67.060000 33 110
67.130000 33 110
67.060000 45 110
67.130000 45 110
67.200000 33 110
67.270000 33 110
67.200000 45 110
67.270000 45 110
67.410000 33 110
67.480000 33 110
67.410000 45 110
67.480000 45 110
67.550000 33 110
67.620000 33 110
67.690000 33 110
67.550000 45 110
67.620000 45 110
67.690000 45 110
67.830000 33 110
67.900000 33 110
67.830000 45 110
67.900000 45 110
67.970000 33 110
68.040000 33 110
67.970000 45 110
68.040000 45 110
68.110000 33 110
68.180000 33 110
68.110000 45 110
68.180000 45 110
68.250000 33 110
68.320000 33 110
68.250000 45 110
68.320000 45 110
68.460000 38 110
68.530000 38 110
68.600000 38 110
68.460000 50 110
68.530000 50 110
68.600000 50 110
68.740000 38 110
68.810000 38 110
68.740000 50 110
68.810000 50 110
68.880000 38 110
68.950000 38 110
68.880000 50 110
68.950000 50 110
69.020000 38 110
69.090000 38 110
69.020000 50 110
69.090000 50 110
69.160000 38 110
69.230000 38 110
69.160000 50 110
69.230000 50 110
69.300000 38 110
69.370000 38 110
69.440000 38 110
69.300000 50 110
69.370000 50 110
69.440000 50 110
69.650000 38 110
69.720000 38 110
69.650000 50 110
69.720000 50 110
69.790000 38 110
69.860000 38 110
69.790000 50 110
69.860000 50 110
69.930000 38 110
70.000000 38 110
69.930000 50 110
70.000000 50 110
70.070000 38 110
70.140000 38 110
70.070000 50 110
70.140000 50 110
70.210000 34 110
70.280000 34 110
70.350000 34 110
70.210000 46 110
70.280000 46 110
70.350000 46 110
70.560000 34 110
70.630000 34 110
70.560000 46 110
70.630000 46 110
70.700000 34 110
70.770000 34 110
70.700000 46 110
70.770000 46 110
70.840000 34 110
70.910000 34 110
70.840000 46 110
70.910000 46 110
70.980000 34 110
71.050000 34 110
70.980000 46 110
71.050000 46 110
71.120000 41 110
71.190000 41 110
71.260000 41 110
71.120000 53 110
71.190000 53 110
71.260000 53 110
71.400000 41 110
71.470000 41 110
71.400000 53 110
71.470000 53 110
71.610000 41 110
71.680000 41 110
71.610000 53 110
71.680000 53 110
71.750000 41 110
71.820000 41 110
71.750000 53 110
71.820000 53 110
71.890000 41 110
71.960000 41 110
71.890000 53 110
71.960000 53 110
72.030000 36 110
72.100000 36 110
72.170000 36 110
72.030000 48 110
72.100000 48 110
72.170000 48 110
72.310000 36 110
72.380000 36 110
72.310000 48 110
72.380000 48 110
72.450000 36 110
72.520000 36 110
72.450000 48 110
72.520000 48 110
72.660000 36 110
72.730000 36 110
72.660000 48 110
72.730000 48 110
72.800000 36 110
72.870000 36 110
72.800000 48 110
72.870000 48 110
72.940000 31 110
73.010000 31 110
73.080000 31 110
72.940000 43 110
73.010000 43 110
73.080000 43 110
73.220000 31 110
73.290000 31 110
73.220000 43 110
73.290000 43 110
73.360000 31 110
73.430000 31 110
73.360000 43 110
73.430000 43 110
73.500000 31 110
73.570000 31 110
73.500000 43 110
73.570000 43 110
73.710000 31 110
73.780000 31 110
73.710000 43 110
73.780000 43 110
73.850000 33 110
73.920000 33 110
73.990000 33 110
73.850000 45 110
73.920000 45 110
73.990000 45 110
74.130000 33 110
74.200000 33 110
74.130000 45 110
74.200000 45 110
74.270000 33 110
74.340000 33 110
74.270000 45 110
74.340000 45 110
74.410000 33 110
74.480000 33 110
74.410000 45 110
74.480000 45 110
74.550000 33 110
74.620000 33 110
74.550000 45 110
74.620000 45 110
74.760000 33 110
74.830000 33 110
74.900000 33 110
74.760000 45 110
74.830000 45 110
74.900000 45 110
75.040000 33 110
75.110000 33 110
75.040000 45 110
75.110000 45 110
75.180000 33 110
75.250000 33 110
75.180000 45 110
75.250000 45 110
75.320000 33 110
75.390000 33 110
75.320000 45 110
75.390000 45 110
75.460000 33 110
75.530000 33 110
75.460000 45 110
75.530000 45 110
75.600000 38 110
75.670000 38 110
75.740000 38 110
75.810000 38 110
75.880000 38 110
75.600000 50 110
75.670000 50 110
75.740000 50 110
75.810000 50 110
75.880000 50 110
76.090000 38 110
76.160000 38 110
76.090000 50 110
76.160000 50 110
76.230000 38 110
76.300000 38 110
76.230000 50 110
76.300000 50 110
76.370000 38 110
76.440000 38 110
76.370000 50 110
76.440000 50 110
76.510000 26 110
76.580000 26 110
76.650000 26 110
76.720000 26 110
76.790000 26 110
76.860000 26 110
76.930000 26 110
77.000000 26 110
77.070000 26 110
77.140000 26 110
77.210000 26 110
77.280000 26 110
77.350000 26 110
77.420000 26 110
77.490000 26 110
77.560000 26 110
76.510000 38 110
76.580000 38 110
76.650000 38 110
76.720000 38 110
76.790000 38 110
76.860000 38 110
76.930000 38 110
77.000000 38 110
77.070000 38 110
77.140000 38 110
77.210000 38 110
77.280000 38 110
77.350000 38 110
77.420000 38 110
77.490000 38 110
77.560000 38 110
# Staff-1
2.730000 62 75
2.800000 62 75
2.870000 62 75
2.940000 62 75
3.010000 62 75
3.080000 62 75
3.150000 62 75
3.220000 62 75
3.290000 62 75
3.360000 62 75
3.430000 62 75
3.640000 62 75
3.710000 62 75
3.780000 62 75
3.850000 62 75
3.920000 62 75
3.990000 62 75
4.060000 62 75
4.130000 62 75
4.200000 62 75
4.270000 62 75
4.340000 62 75
4.550000 70 75
4.620000 70 75
4.690000 70 75
4.760000 70 75
4.830000 70 75
4.970000 69 75
5.040000 69 75
5.110000 69 75
5.180000 69 75
5.250000 69 75
5.320000 69 75
5.460000 62 75
5.530000 62 75
5.600000 62 75
5.670000 62 75
5.740000 62 75
5.810000 62 75
5.880000 62 75
6.020000 62 75
6.090000 62 75
6.160000 64 75
6.230000 64 75
6.300000 65 75
6.370000 65 75
6.440000 65 75
6.510000 65 75
6.580000 65 75
6.650000 65 75
6.720000 65 75
6.930000 65 75
7.000000 65 75
7.070000 67 75
7.140000 67 75
7.210000 64 75
7.280000 64 75
7.350000 64 75
7.420000 64 75
7.490000 64 75
7.560000 64 75
7.630000 64 75
7.840000 62 75
7.910000 62 75
7.980000 60 75
8.050000 60 75
8.120000 60 75
8.190000 60 75
8.260000 62 75
8.330000 62 75
8.750000 57 75
8.820000 57 75
8.890000 60 75
8.960000 60 75
9.030000 62 75
9.100000 62 75
9.170000 62 75
9.240000 62 75
9.310000 62 75
9.380000 62 75
9.450000 62 75
9.660000 62 75
9.730000 62 75
9.800000 64 75
9.870000 64 75
9.940000 65 75
10.010000 65 75
10.080000 65 75
10.150000 65 75
10.220000 65 75
10.290000 65 75
10.360000 65 75
10.500000 65 75
10.570000 65 75
10.710000 67 75
10.780000 67 75
10.850000 64 75
10.920000 64 75
10.990000 64 75
11.060000 64 75
11.130000 64 75
11.200000 64 75
11.270000 64 75
11.410000 62 75
11.480000 62 75
11.550000 60 75
11.620000 60 75
11.760000 62 75
11.830000 62 75
11.900000 62 75
12.320000 57 75
12.390000 57 75
12.460000 60 75
12.530000 60 75
12.600000 62 75
12.670000 62 75
12.740000 62 75
12.810000 62 75
12.880000 62 75
12.950000 62 75
13.020000 62 75
13.230000 62 75
13.300000 62 75
13.370000 65 75
13.440000 65 75
13.510000 67 75
13.580000 67 75
13.650000 67 75
13.720000 67 75
13.790000 67 75
13.860000 67 75
13.930000 67 75
14.140000 67 75
14.210000 67 75
14.280000 69 75
14.350000 69 75
14.420000 70 75
14.490000 70 75
14.560000 70 75
14.630000 70 75
14.700000 70 75
14.770000 70 75
14.840000 70 75
15.050000 69 75
15.120000 69 75
15.190000 67 75
15.260000 67 75
15.330000 69 75
15.400000 69 75
15.470000 62 75
15.540000 62 75
15.610000 62 75
15.960000 62 75
16.030000 62 75
16.100000 64 75
16.170000 64 75
16.240000 65 75
16.310000 65 75
16.380000 65 75
16.450000 65 75
16.520000 65 75
16.590000 65 75
16.660000 65 75
16.800000 67 75
16.870000 67 75
16.940000 67 75
17.150000 69 75
17.220000 69 75
17.290000 62 75
17.360000 62 75
17.430000 62 75
17.710000 62 75
17.780000 62 75
17.850000 65 75
17.920000 65 75
18.060000 64 75
18.130000 64 75
18.200000 64 75
18.270000 64 75
18.340000 64 75
18.410000 64 75
18.480000 64 75
18.620000 65 75
18.690000 65 75
18.760000 62 75
18.830000 62 75
18.900000 64 75
18.970000 64 75
19.040000 64 75
19.110000 64 75
19.180000 64 75
19.530000 69 75
19.600000 69 75
19.670000 72 75
19.740000 72 75
19.810000 74 75
19.880000 74 75
19.950000 74 75
20.020000 74 75
20.090000 74 75
20.160000 74 75
20.230000 74 75
20.440000 74 75
20.510000 74 75
20.580000 76 75
20.650000 76 75
20.720000 77 75
20.790000 77 75
20.860000 77 75
20.930000 77 75
21.000000 77 75
21.070000 77 75
21.140000 77 75
21.350000 77 75
21.420000 77 75
21.490000 79 75
21.560000 79 75
21.630000 76 75
21.700000 76 75
21.770000 76 75
21.840000 76 75
21.910000 76 75
21.980000 76 75
22.050000 76 75
22.260000 74 75
22.330000 74 75
22.400000 72 75
22.470000 72 75
22.540000 72 75
22.610000 72 75
22.680000 74 75
22.750000 74 75
22.820000 74 75
22.890000 74 75
22.960000 74 75
23.100000 69 75
23.170000 69 75
23.310000 72 75
23.380000 72 75
23.450000 74 75
23.520000 74 75
23.590000 74 75
23.660000 74 75
23.730000 74 75
23.800000 74 75
23.870000 74 75
24.010000 74 75
24.080000 74 75
24.150000 76 75
24.220000 76 75
24.360000 77 75
24.430000 77 75
24.500000 77 75
24.570000 77 75
24.640000 77 75
24.710000 77 75
24.780000 77 75
24.920000 77 75
24.990000 77 75
25.060000 79 75
25.130000 79 75
25.200000 76 75
25.270000 76 75
25.340000 76 75
25.410000 76 75
25.480000 76 75
25.550000 76 75
25.620000 76 75
25.830000 74 75
25.900000 74 75
25.970000 72 75
26.040000 72 75
26.110000 74 75
26.180000 74 75
26.250000 74 75
26.740000 69 75
26.810000 69 75
26.880000 72 75
26.950000 72 75
27.020000 74 75
27.090000 74 75
27.160000 74 75
27.230000 74 75
27.300000 74 75
27.370000 74 75
27.440000 74 75
27.650000 74 75
27.720000 74 75
27.790000 77 75
27.860000 77 75
27.930000 79 75
28.000000 79 75
28.070000 79 75
28.140000 79 75
28.210000 79 75
28.280000 79 75
28.350000 79 75
28.560000 79 75
28.630000 79 75
28.700000 81 75
28.770000 81 75
28.840000 82 75
28.910000 82 75
28.980000 82 75
29.050000 82 75
29.120000 82 75
29.190000 82 75
29.260000 82 75
29.400000 81 75
29.470000 81 75
29.610000 79 75
29.680000 79 75
29.750000 81 75
29.820000 81 75
29.890000 74 75
29.960000 74 75
30.030000 74 75
30.310000 74 75
30.380000 74 75
30.450000 76 75
30.520000 76 75
30.660000 77 75
30.730000 77 75
30.800000 77 75
30.870000 77 75
30.940000 77 75
31.010000 77 75
31.080000 77 75
31.220000 79 75
31.290000 79 75
31.360000 79 75
31.500000 81 75
31.570000 81 75
31.710000 74 75
31.780000 74 75
31.850000 74 75
32.130000 74 75
32.200000 74 75
32.270000 77 75
32.340000 77 75
32.410000 76 75
32.480000 76 75
32.550000 76 75
32.620000 76 75
32.690000 76 75
32.760000 76 75
32.830000 76 75
33.040000 74 75
33.110000 74 75
33.180000 72 75
33.250000 72 75
33.320000 74 75
33.390000 74 75
33.460000 74 75
33.530000 74 75
33.600000 74 75
33.670000 74 75
33.740000 74 75
33.950000 76 75
34.020000 76 75
34.090000 76 75
34.230000 72 75
34.300000 72 75
34.370000 72 75
34.230000 77 75
34.300000 77 75
34.370000 77 75
34.510000 77 75
34.580000 77 75
34.650000 77 75
34.860000 79 75
34.930000 79 75
35.000000 79 75
35.140000 81 75
35.210000 81 75
35.280000 81 75
35.350000 81 75
35.420000 81 75
35.490000 81 75
35.560000 81 75
35.700000 77 75
35.770000 77 75
35.840000 77 75
36.960000 82 75
37.030000 82 75
37.100000 82 75
37.170000 82 75
37.240000 82 75
37.310000 82 75
37.380000 82 75
37.450000 82 75
37.520000 82 75
37.590000 82 75
37.660000 82 75
38.710000 60 75
38.780000 60 75
38.850000 60 75
38.920000 60 75
38.990000 60 75
38.710000 64 75
38.780000 64 75
38.850000 64 75
38.920000 64 75
38.990000 64 75
39.200000 62 75
39.270000 62 75
39.340000 62 75
39.410000 62 75
39.480000 62 75
39.620000 65 75
39.690000 65 75
39.760000 65 75
39.830000 65 75
39.900000 65 75
39.970000 65 75
40.040000 65 75
40.110000 65 75
40.180000 65 75
40.250000 65 75
40.320000 65 75
40.530000 69 75
40.600000 69 75
40.670000 69 75
40.740000 69 75
40.810000 69 75
40.880000 69 75
40.950000 69 75
41.020000 69 75
41.090000 69 75
41.160000 69 75
41.230000 69 75
41.440000 70 75
41.510000 70 75
42.350000 67 75
42.420000 67 75
42.490000 67 75
42.560000 67 75
42.630000 67 75
42.700000 67 75
42.770000 67 75
42.840000 67 75
42.910000 67 75
42.980000 67 75
43.050000 67 75
43.260000 69 75
43.330000 69 75
44.100000 69 75
44.170000 69 75
44.240000 69 75
44.310000 69 75
44.380000 69 75
44.450000 69 75
44.520000 69 75
44.590000 69 75
44.660000 69 75
44.730000 69 75
44.800000 69 75
45.010000 70 75
45.080000 70 75
45.920000 67 75
45.990000 67 75
46.060000 67 75
46.200000 65 75
46.270000 65 75
46.340000 65 75
46.550000 64 75
46.620000 64 75
46.690000 64 75
46.830000 62 75
46.900000 62 75
46.970000 62 75
47.460000 62 75
47.530000 62 75
47.600000 64 75
47.670000 64 75
47.740000 57 75
47.810000 57 75
47.880000 57 75
47.950000 57 75
48.020000 57 75
48.090000 57 75
48.160000 57 75
48.230000 57 75
48.300000 57 75
48.370000 57 75
48.440000 57 75
47.740000 65 75
47.810000 65 75
47.880000 65 75
47.950000 65 75
48.020000 65 75
48.090000 65 75
48.160000 65 75
48.230000 65 75
48.300000 65 75
48.370000 65 75
48.440000 65 75
48.650000 67 75
48.720000 67 75
48.790000 67 75
48.860000 67 75
48.930000 67 75
49.000000 67 75
49.070000 67 75
49.210000 64 75
49.280000 64 75
49.350000 64 75
49.560000 65 75
49.630000 65 75
49.700000 65 75
49.840000 67 75
49.910000 67 75
49.980000 67 75
50.120000 69 75
50.190000 69 75
50.260000 69 75
50.400000 60 75
50.470000 60 75
50.540000 60 75
50.610000 60 75
50.680000 60 75
50.750000 60 75
50.820000 60 75
50.890000 60 75
50.960000 60 75
51.030000 60 75
51.100000 60 75
50.400000 67 75
50.470000 67 75
50.540000 67 75
50.610000 67 75
50.680000 67 75
50.750000 67 75
50.820000 67 75
50.890000 67 75
50.960000 67 75
51.030000 67 75
51.100000 67 75
51.310000 69 75
51.380000 69 75
51.450000 69 75
51.520000 69 75
51.590000 69 75
51.660000 69 75
51.730000 69 75
51.940000 67 75
52.010000 67 75
52.080000 65 75
52.150000 65 75
52.220000 64 75
52.290000 64 75
52.360000 64 75
52.500000 65 75
52.570000 65 75
52.640000 65 75
52.850000 64 75
52.920000 64 75
52.990000 64 75
53.130000 62 75
53.200000 62 75
53.270000 62 75
53.340000 62 75
53.410000 62 75
53.480000 62 75
53.550000 62 75
53.760000 64 75
53.830000 64 75
53.900000 60 75
53.970000 60 75
54.040000 62 75
54.110000 62 75
54.180000 62 75
54.250000 62 75
54.320000 62 75
54.390000 62 75
54.460000 62 75
54.600000 74 75
54.670000 74 75
54.810000 76 75
54.880000 76 75
54.950000 69 75
55.020000 69 75
55.090000 69 75
55.160000 69 75
55.230000 69 75
55.300000 69 75
55.370000 69 75
55.440000 69 75
55.510000 69 75
55.580000 69 75
55.650000 69 75
54.950000 77 75
55.020000 77 75
55.090000 77 75
55.160000 77 75
55.230000 77 75
55.300000 77 75
55.370000 77 75
55.440000 77 75
55.510000 77 75
55.580000 77 75
55.650000 77 75
55.860000 79 75
55.930000 79 75
56.000000 79 75
56.140000 77 75
56.210000 77 75
56.280000 77 75
56.420000 79 75
56.490000 79 75
56.560000 79 75
56.700000 81 75
56.770000 81 75
56.840000 81 75
57.050000 79 75
57.120000 79 75
57.190000 79 75
57.330000 77 75
57.400000 77 75
57.470000 77 75
57.610000 65 75
57.680000 65 75
57.750000 65 75
57.820000 65 75
57.890000 65 75
57.960000 65 75
58.030000 65 75
57.610000 74 75
57.680000 74 75
57.750000 74 75
57.820000 74 75
57.890000 74 75
57.960000 74 75
58.030000 74 75
58.240000 76 75
58.310000 76 75
58.380000 76 75
58.520000 77 75
58.590000 77 75
58.660000 77 75
58.800000 79 75
58.870000 79 75
58.940000 79 75
59.150000 81 75
59.220000 81 75
59.290000 81 75
59.430000 82 75
59.500000 82 75
59.570000 82 75
59.710000 74 75
59.780000 74 75
59.850000 74 75
60.060000 79 75
60.130000 79 75
60.200000 79 75
60.340000 77 75
60.410000 77 75
60.480000 77 75
60.550000 77 75
60.620000 77 75
60.690000 77 75
60.760000 77 75
60.900000 79 75
60.970000 79 75
61.110000 76 75
61.180000 76 75
61.250000 74 75
61.320000 74 75
61.390000 74 75
61.460000 74 75
61.530000 74 75
61.600000 74 75
61.670000 74 75
61.740000 74 75
61.810000 74 75
61.880000 74 75
61.950000 74 75
62.160000 81 75
62.230000 81 75
62.300000 81 75
62.370000 81 75
62.440000 81 75
62.510000 81 75
62.580000 81 75
62.650000 81 75
62.720000 81 75
62.790000 81 75
62.860000 81 75
63.000000 82 75
63.070000 82 75
63.140000 82 75
63.210000 82 75
63.280000 82 75
63.350000 82 75
63.420000 82 75
63.490000 82 75
63.560000 82 75
63.630000 82 75
63.700000 82 75
63.910000 81 75
63.980000 81 75
64.050000 81 75
64.260000 81 75
64.330000 81 75
64.400000 81 75
64.540000 81 75
64.610000 81 75
64.680000 81 75
64.820000 81 75
64.890000 81 75
64.960000 79 75
65.030000 79 75
65.100000 79 75
65.170000 79 75
65.240000 79 75
65.730000 79 75
65.800000 79 75
65.870000 79 75
65.940000 79 75
66.010000 79 75
66.080000 79 75
66.150000 79 75
66.220000 79 75
66.290000 79 75
66.360000 79 75
66.430000 79 75
66.640000 77 75
66.710000 77 75
66.780000 77 75
66.850000 77 75
66.920000 77 75
66.990000 77 75
67.060000 77 75
67.130000 77 75
67.200000 77 75
67.270000 77 75
67.340000 77 75
67.550000 77 75
67.620000 77 75
67.690000 77 75
67.830000 79 75
67.900000 79 75
67.970000 79 75
68.110000 76 75
68.180000 76 75
68.250000 76 75
68.460000 74 75
68.530000 74 75
68.600000 74 75
68.670000 74 75
68.740000 74 75
68.810000 74 75
68.880000 74 75
68.950000 74 75
69.020000 74 75
69.090000 74 75
69.160000 74 75
69.300000 81 75
69.370000 81 75
69.440000 81 75
69.510000 81 75
69.580000 81 75
69.650000 81 75
69.720000 81 75
69.790000 81 75
69.860000 81 75
69.930000 81 75
70.000000 81 75
70.210000 82 75
70.280000 82 75
70.350000 82 75
70.420000 82 75
70.490000 82 75
70.560000 82 75
70.630000 82 75
70.700000 82 75
70.770000 82 75
70.840000 82 75
70.910000 82 75
71.120000 81 75
71.190000 81 75
71.260000 81 75
71.400000 81 75
71.470000 81 75
71.540000 81 75
71.750000 84 75
71.820000 84 75
71.890000 84 75
72.030000 81 75
72.100000 81 75
72.170000 79 75
72.240000 79 75
72.310000 79 75
72.380000 79 75
72.450000 79 75
72.940000 79 75
73.010000 79 75
73.080000 79 75
73.150000 79 75
73.220000 79 75
73.290000 79 75
73.360000 79 75
73.430000 79 75
73.500000 79 75
73.570000 79 75
73.640000 79 75
73.850000 77 75
73.920000 77 75
73.990000 77 75
74.060000 77 75
74.130000 77 75
74.200000 77 75
74.270000 77 75
74.340000 77 75
74.410000 77 75
74.480000 77 75
74.550000 77 75
74.760000 77 75
74.830000 77 75
74.900000 77 75
75.040000 79 75
75.110000 79 75
75.180000 79 75
75.320000 76 75
75.390000 76 75
75.460000 76 75
75.600000 74 75
75.670000 74 75
75.740000 74 75
75.810000 74 75
75.880000 74 75
75.950000 74 75
76.020000 74 75
76.090000 74 75
76.160000 74 75
76.230000 74 75
76.300000 74 75
