"MIDI_sample"

# Bass
0.000000 45 78
0.070000 45 78
0.140000 45 78
0.770000 48 81
0.840000 48 81
0.910000 48 81
1.050000 50 79
1.120000 50 79
1.190000 50 79
1.260000 52 68
1.750000 45 82
1.820000 45 82
1.890000 45 82
1.960000 45 82
2.030000 45 82
2.100000 45 82
2.170000 45 82
2.240000 45 82
2.310000 45 82
2.380000 45 82
2.520000 43 62
2.590000 43 62
2.660000 43 62
2.730000 43 62
2.800000 43 62
2.870000 43 62
3.010000 45 80
3.080000 45 80
3.150000 45 80
4.060000 45 88
4.130000 45 88
4.760000 48 77
4.830000 48 77
5.040000 50 90
5.110000 50 90
5.180000 50 90
5.250000 52 75
5.320000 52 75
5.810000 45 75
5.880000 45 75
5.950000 45 75
6.020000 45 75
6.090000 45 75
6.160000 45 75
6.230000 45 75
6.300000 45 75
6.370000 45 75
6.440000 45 75
6.510000 48 77
6.580000 48 77
6.650000 48 77
6.720000 48 77
6.790000 48 77
6.860000 48 77
7.000000 45 78
7.070000 45 78
8.050000 45 80
8.120000 45 80
8.260000 45 78
8.330000 45 78
8.750000 43 80
8.820000 43 80
8.890000 43 80
9.030000 45 76
9.100000 45 76
9.310000 45 78
9.800000 43 75
9.870000 43 75
9.940000 43 75
10.010000 45 76
10.080000 45 76
10.290000 45 76
10.360000 45 76
10.780000 48 70
10.850000 48 70
10.920000 48 70
10.990000 48 70
11.060000 48 70
11.130000 48 70
11.200000 48 70
11.270000 48 70
11.340000 48 70
11.410000 48 70
11.550000 50 69
11.620000 50 69
12.040000 45 79
12.110000 45 79
12.250000 45 78
12.320000 45 78
12.810000 43 74
12.880000 43 74
12.950000 43 74
13.020000 45 75
13.090000 45 75
13.300000 45 78
13.370000 45 78
13.790000 43 74
13.860000 43 74
13.930000 43 74
14.000000 45 75
14.070000 45 75
14.280000 45 73
14.350000 45 73
14.420000 45 73
14.560000 48 74
14.630000 48 74
14.700000 48 74
14.770000 45 76
14.840000 45 76
14.910000 45 76
14.980000 45 76
15.050000 45 76
15.120000 45 76
15.190000 45 76
15.260000 45 76
15.330000 45 76
15.400000 45 76
15.470000 45 76
56.000000 45 78
56.070000 45 78
56.140000 45 78
56.770000 48 81
56.840000 48 81
56.910000 48 81
57.050000 50 79
57.120000 50 79
57.190000 50 79
57.260000 52 68
57.750000 45 82
57.820000 45 82
57.890000 45 82
57.960000 45 82
58.030000 45 82
58.100000 45 82
58.170000 45 82
58.240000 45 82
58.310000 45 82
58.380000 45 82
58.520000 43 62
58.590000 43 62
58.660000 43 62
58.730000 43 62
58.800000 43 62
58.870000 43 62
59.010000 45 80
59.080000 45 80
59.150000 45 80
60.060000 45 88
60.130000 45 88
60.760000 48 77
60.830000 48 77
61.040000 50 90
61.110000 50 90
61.180000 50 90
61.250000 52 75
61.320000 52 75
61.810000 45 75
61.880000 45 75
61.950000 45 75
62.020000 45 75
62.090000 45 75
62.160000 45 75
62.230000 45 75
62.300000 45 75
62.370000 45 75
62.440000 45 75
62.510000 48 77
62.580000 48 77
62.650000 48 77
62.720000 48 77
62.790000 48 77
62.860000 48 77
63.000000 45 78
63.070000 45 78
64.050000 45 80
64.120000 45 80
64.260000 45 78
64.330000 45 78
64.750000 43 80
64.820000 43 80
64.890000 43 80
65.030000 45 76
65.100000 45 76
65.310000 45 78
65.800000 43 75
65.870000 43 75
65.940000 43 75
66.010000 45 76
66.080000 45 76
66.290000 45 76
66.360000 45 76
66.780000 48 70
66.850000 48 70
66.920000 48 70
66.990000 48 70
67.060000 48 70
67.130000 48 70
67.200000 48 70
67.270000 48 70
67.340000 48 70
67.410000 48 70
67.550000 50 69
67.620000 50 69
68.040000 45 79
68.110000 45 79
68.250000 45 78
68.320000 45 78
68.810000 43 74
68.880000 43 74
68.950000 43 74
69.020000 45 75
69.090000 45 75
69.300000 45 78
69.370000 45 78
69.790000 43 74
69.860000 43 74
69.930000 43 74
70.000000 45 75
70.070000 45 75
70.280000 45 73
70.350000 45 73
70.420000 45 73
70.560000 48 74
70.630000 48 74
70.700000 48 74
70.770000 45 76
70.840000 45 76
70.910000 45 76
70.980000 45 76
71.050000 45 76
71.120000 45 76
71.190000 45 76
71.260000 45 76
71.330000 45 76
71.400000 45 76
71.470000 45 76
80.010000 45 80
80.080000 45 80
80.290000 45 78
80.360000 45 78
80.780000 43 80
80.850000 43 80
80.920000 43 80
81.060000 45 76
81.130000 45 76
81.270000 45 78
81.760000 43 75
81.830000 43 75
81.900000 43 75
82.040000 45 76
82.110000 45 76
82.250000 45 76
82.320000 45 76
82.810000 48 70
82.880000 48 70
82.950000 48 70
83.020000 48 70
83.090000 48 70
83.160000 48 70
83.230000 48 70
83.300000 48 70
83.370000 48 70
83.440000 48 70
83.510000 50 69
83.580000 50 69
84.000000 45 79
84.070000 45 79
84.280000 45 78
84.350000 45 78
84.770000 43 74
84.840000 43 74
84.910000 43 74
85.050000 45 75
85.120000 45 75
85.260000 45 78
85.330000 45 78
85.750000 43 74
85.820000 43 74
85.890000 43 74
86.030000 45 75
86.100000 45 75
86.310000 45 73
86.380000 45 73
86.450000 45 73
86.520000 48 74
86.590000 48 74
86.660000 48 74
86.800000 45 76
86.870000 45 76
86.940000 45 76
87.010000 45 76
87.080000 45 76
87.150000 45 76
87.220000 45 76
87.290000 45 76
87.360000 45 76
87.430000 45 76
87.500000 45 76
104.020000 45 78
104.090000 45 78
104.160000 45 78
104.790000 48 81
104.860000 48 81
104.930000 48 81
105.000000 50 79
105.070000 50 79
105.140000 50 79
105.280000 52 68
105.770000 45 82
105.840000 45 82
105.910000 45 82
105.980000 45 82
106.050000 45 82
106.120000 45 82
106.190000 45 82
106.260000 45 82
106.330000 45 82
106.400000 45 82
106.540000 43 62
106.610000 43 62
106.680000 43 62
106.750000 43 62
106.820000 43 62
106.890000 43 62
107.030000 45 80
107.100000 45 80
107.170000 45 80
108.010000 45 88
108.080000 45 88
108.780000 48 77
108.850000 48 77
109.060000 50 90
109.130000 50 90
109.200000 50 90
109.270000 52 75
109.340000 52 75
109.760000 45 75
109.830000 45 75
109.900000 45 75
109.970000 45 75
110.040000 45 75
110.110000 45 75
110.180000 45 75
110.250000 45 75
110.320000 45 75
110.390000 45 75
110.530000 48 77
110.600000 48 77
110.670000 48 77
110.740000 48 77
110.810000 48 77
110.880000 48 77
111.020000 45 78
111.090000 45 78
112.000000 45 80
112.070000 45 80
112.280000 45 78
112.350000 45 78
112.770000 43 80
112.840000 43 80
112.910000 43 80
113.050000 45 76
113.120000 45 76
113.260000 45 78
113.750000 43 75
113.820000 43 75
113.890000 43 75
114.030000 45 76
114.100000 45 76
114.310000 45 76
114.380000 45 76
114.800000 48 70
114.870000 48 70
114.940000 48 70
115.010000 48 70
115.080000 48 70
115.150000 48 70
115.220000 48 70
115.290000 48 70
115.360000 48 70
115.430000 48 70
115.500000 50 69
115.570000 50 69
116.060000 45 79
116.130000 45 79
116.270000 45 78
116.340000 45 78
116.760000 43 74
116.830000 43 74
116.900000 43 74
117.040000 45 75
117.110000 45 75
117.250000 45 78
117.320000 45 78
117.810000 43 74
117.880000 43 74
117.950000 43 74
118.020000 45 75
118.090000 45 75
118.300000 45 73
118.370000 45 73
118.440000 45 73
118.510000 48 74
118.580000 48 74
118.650000 48 74
118.790000 45 76
118.860000 45 76
118.930000 45 76
119.000000 45 76
119.070000 45 76
119.140000 45 76
119.210000 45 76
119.280000 45 76
119.350000 45 76
119.420000 45 76
119.490000 45 76
120.050000 50 109
120.260000 50 114
120.330000 50 114
120.400000 50 114
120.470000 50 114
120.540000 50 114
120.610000 50 114
120.680000 50 114
120.750000 48 114
120.820000 48 114
121.030000 50 109
121.310000 50 109
121.380000 50 109
121.450000 50 109
121.520000 50 109
121.590000 50 109
121.660000 50 109
121.730000 50 109
121.800000 48 120
121.870000 48 120
121.940000 48 120
122.010000 45 114
122.290000 45 104
122.360000 45 104
122.430000 45 104
122.500000 45 104
122.570000 45 104
122.640000 45 104
122.710000 45 104
122.780000 43 120
122.850000 43 120
123.060000 45 114
123.270000 45 104
123.340000 45 104
123.410000 45 104
123.550000 43 104
123.620000 43 104
123.690000 43 104
123.760000 43 66
123.830000 43 66
124.040000 40 74
124.250000 40 104
124.320000 40 104
124.390000 40 104
124.460000 40 104
124.530000 40 104
124.810000 40 109
124.880000 40 109
125.020000 44 120
125.090000 44 120
125.300000 40 109
125.370000 40 109
125.510000 44 120
125.580000 44 120
125.650000 44 120
125.790000 47 95
125.860000 47 95
126.000000 45 124
126.070000 45 124
126.280000 45 109
126.350000 45 109
126.560000 40 104
126.630000 40 104
126.770000 43 98
126.840000 43 98
127.050000 45 120
127.120000 45 120
127.190000 45 120
127.260000 45 120
# Piano
72.030000 45 124
72.100000 45 124
72.170000 45 124
72.240000 45 124
72.310000 45 124
72.030000 57 120
72.100000 57 120
72.170000 57 120
72.240000 57 120
72.310000 57 120
72.380000 57 120
72.450000 57 120
72.520000 60 120
72.520000 64 114
72.800000 60 114
72.870000 60 114
72.800000 48 120
72.870000 48 120
72.940000 48 120
73.010000 62 109
73.080000 62 109
73.010000 50 109
73.080000 50 109
73.150000 50 109
73.290000 64 127
73.360000 64 127
73.290000 60 124
73.360000 60 124
73.290000 52 120
73.360000 52 120
73.780000 57 98
73.850000 57 98
73.920000 57 98
73.990000 57 98
74.060000 57 98
74.130000 57 98
74.200000 57 98
74.270000 64 109
74.340000 64 109
74.270000 60 114
74.340000 60 114
73.780000 45 127
73.850000 45 127
73.920000 45 127
73.990000 45 127
74.060000 45 127
74.130000 45 127
74.200000 45 127
74.270000 45 127
74.340000 45 127
74.760000 59 120
74.760000 62 114
74.550000 55 124
74.620000 55 124
74.690000 55 124
74.760000 55 124
74.830000 55 124
74.550000 43 127
74.620000 43 127
74.690000 43 127
74.760000 43 127
74.830000 43 127
74.900000 43 127
74.970000 43 127
75.040000 45 127
75.040000 57 124
75.110000 57 124
75.250000 52 109
75.250000 40 104
75.530000 40 114
75.600000 40 114
75.530000 52 109
75.600000 52 109
75.810000 55 120
75.880000 55 120
75.810000 43 114
75.880000 43 114
76.020000 45 124
76.090000 45 124
76.160000 45 124
76.020000 57 120
76.090000 57 120
76.160000 57 120
76.230000 57 120
76.300000 57 120
76.370000 57 120
76.510000 60 124
76.510000 64 120
76.580000 64 120
76.510000 45 124
76.580000 45 124
76.650000 45 124
76.790000 60 104
76.860000 60 104
76.790000 48 114
76.860000 48 114
76.930000 48 114
77.000000 50 114
77.070000 50 114
77.140000 50 114
77.000000 62 109
77.070000 62 109
77.140000 62 109
77.280000 52 124
77.280000 60 114
77.280000 64 109
77.770000 45 120
77.840000 45 120
77.910000 45 120
77.770000 52 114
77.840000 52 114
77.910000 52 114
77.980000 52 114
78.050000 52 114
78.120000 52 114
78.190000 52 114
78.260000 52 114
77.770000 57 120
77.840000 57 120
77.910000 57 120
77.980000 57 120
78.050000 57 120
78.120000 57 120
78.190000 57 120
78.260000 57 120
77.770000 60 127
77.840000 60 127
77.910000 60 127
77.980000 60 127
78.050000 60 127
78.120000 60 127
78.190000 60 127
78.260000 60 127
78.330000 60 127
78.400000 60 127
78.260000 45 114
78.330000 45 114
78.400000 45 114
78.540000 59 127
78.540000 56 109
78.610000 56 109
78.540000 52 114
78.610000 52 114
78.540000 47 121
78.610000 47 121
78.680000 47 121
79.030000 57 127
79.100000 57 127
79.170000 57 127
79.030000 48 120
79.100000 48 120
79.170000 48 120
79.240000 48 120
79.030000 52 120
79.100000 52 120
79.170000 52 120
79.240000 52 120
79.030000 45 127
79.100000 45 127
79.170000 45 127
79.240000 45 127
79.310000 45 127
80.010000 64 120
80.010000 60 114
80.010000 69 124
80.290000 64 114
80.360000 64 114
80.430000 64 114
80.500000 64 114
80.290000 60 109
80.360000 60 109
80.430000 60 109
80.500000 60 109
80.570000 60 109
80.290000 69 120
80.360000 69 120
80.430000 69 120
80.500000 69 120
80.570000 69 120
80.640000 69 120
80.780000 62 104
80.780000 59 98
80.780000 67 114
80.850000 67 114
81.060000 69 120
81.060000 60 104
81.060000 64 114
81.270000 64 95
81.340000 64 95
81.410000 64 95
81.270000 60 109
81.340000 60 109
81.410000 60 109
81.480000 60 109
81.270000 69 120
81.340000 69 120
81.410000 69 120
81.480000 69 120
81.550000 69 120
81.620000 69 120
81.690000 69 120
81.760000 59 98
81.760000 62 114
81.760000 67 109
81.830000 67 109
82.040000 69 124
82.040000 64 114
82.040000 60 114
82.250000 60 104
82.250000 69 124
82.250000 64 109
82.320000 64 109
82.810000 64 114
82.880000 64 114
82.950000 64 114
83.020000 64 114
83.090000 64 114
83.160000 64 114
83.230000 64 114
82.810000 67 109
82.880000 67 109
82.950000 67 109
83.020000 67 109
83.090000 67 109
83.160000 67 109
83.230000 67 109
83.300000 67 109
82.810000 72 127
82.880000 72 127
82.950000 72 127
83.020000 72 127
83.090000 72 127
83.160000 72 127
83.230000 72 127
83.300000 72 127
83.370000 72 127
83.510000 68 88
83.580000 68 88
83.510000 74 127
83.580000 74 127
83.650000 74 127
83.510000 71 124
83.580000 71 124
83.650000 71 124
84.000000 60 98
84.000000 69 114
84.000000 64 98
84.280000 69 104
84.350000 69 104
84.280000 60 104
84.350000 60 104
84.280000 64 98
84.350000 64 98
84.770000 59 98
84.840000 59 98
84.910000 59 98
84.770000 67 114
84.840000 67 114
84.910000 67 114
84.770000 62 109
84.840000 62 109
84.910000 62 109
84.980000 62 109
85.050000 60 104
85.050000 69 114
85.050000 64 104
85.260000 60 109
85.330000 60 109
85.260000 69 120
85.330000 69 120
85.260000 64 109
85.330000 64 109
85.400000 64 109
85.750000 59 109
85.820000 59 109
85.890000 59 109
85.750000 67 109
85.820000 67 109
85.890000 67 109
85.750000 62 114
85.820000 62 114
85.890000 62 114
86.030000 69 124
86.030000 64 88
86.030000 60 88
86.170000 60 91
86.170000 69 104
86.240000 69 104
86.310000 64 98
86.520000 64 120
86.590000 64 120
86.520000 72 120
86.590000 72 120
86.520000 69 120
86.590000 69 120
86.660000 69 120
86.800000 64 120
86.870000 64 120
86.940000 64 120
87.010000 64 120
86.800000 60 120
86.870000 60 120
86.940000 60 120
87.010000 60 120
87.080000 60 120
86.800000 69 127
86.870000 69 127
86.940000 69 127
87.010000 69 127
87.080000 69 127
104.020000 45 124
104.090000 45 124
104.160000 45 124
104.230000 45 124
104.300000 45 124
104.020000 57 120
104.090000 57 120
104.160000 57 120
104.230000 57 120
104.300000 57 120
104.370000 57 120
104.440000 57 120
104.510000 60 120
104.510000 64 114
104.790000 60 114
104.860000 60 114
104.790000 48 120
104.860000 48 120
104.930000 48 120
105.000000 62 109
105.070000 62 109
105.000000 50 109
105.070000 50 109
105.140000 50 109
105.280000 64 127
105.350000 64 127
105.280000 60 124
105.350000 60 124
105.280000 52 120
105.350000 52 120
105.770000 57 98
105.840000 57 98
105.910000 57 98
105.980000 57 98
106.050000 57 98
106.120000 57 98
106.190000 57 98
106.260000 64 109
106.330000 64 109
106.260000 60 114
106.330000 60 114
105.770000 45 127
105.840000 45 127
105.910000 45 127
105.980000 45 127
106.050000 45 127
106.120000 45 127
106.190000 45 127
106.260000 45 127
106.330000 45 127
106.750000 59 120
106.750000 62 114
106.540000 55 124
106.610000 55 124
106.680000 55 124
106.750000 55 124
106.820000 55 124
106.540000 43 127
106.610000 43 127
106.680000 43 127
106.750000 43 127
106.820000 43 127
106.890000 43 127
106.960000 43 127
107.030000 45 127
107.030000 57 124
107.100000 57 124
107.310000 52 109
107.310000 40 104
107.520000 40 114
107.590000 40 114
107.520000 52 109
107.590000 52 109
107.800000 55 120
107.870000 55 120
107.800000 43 114
107.870000 43 114
108.010000 45 124
108.080000 45 124
108.150000 45 124
108.010000 57 120
108.080000 57 120
108.150000 57 120
108.220000 57 120
108.290000 57 120
108.360000 57 120
108.500000 60 124
108.500000 64 120
108.570000 64 120
108.500000 45 124
108.570000 45 124
108.640000 45 124
108.780000 60 104
108.850000 60 104
108.780000 48 114
108.850000 48 114
108.920000 48 114
109.060000 50 114
109.130000 50 114
109.200000 50 114
109.060000 62 109
109.130000 62 109
109.200000 62 109
109.270000 52 124
109.270000 60 114
109.270000 64 109
109.760000 45 120
109.830000 45 120
109.900000 45 120
109.760000 52 114
109.830000 52 114
109.900000 52 114
109.970000 52 114
110.040000 52 114
110.110000 52 114
110.180000 52 114
110.250000 52 114
109.760000 57 120
109.830000 57 120
109.900000 57 120
109.970000 57 120
110.040000 57 120
110.110000 57 120
110.180000 57 120
110.250000 57 120
109.760000 60 127
109.830000 60 127
109.900000 60 127
109.970000 60 127
110.040000 60 127
110.110000 60 127
110.180000 60 127
110.250000 60 127
110.320000 60 127
110.390000 60 127
110.250000 45 114
110.320000 45 114
110.390000 45 114
110.530000 59 127
110.530000 56 109
110.600000 56 109
110.530000 52 114
110.600000 52 114
110.530000 47 121
110.600000 47 121
110.670000 47 121
111.020000 57 127
111.090000 57 127
111.160000 57 127
111.020000 48 120
111.090000 48 120
111.160000 48 120
111.230000 48 120
111.020000 52 120
111.090000 52 120
111.160000 52 120
111.230000 52 120
111.020000 45 127
111.090000 45 127
111.160000 45 127
111.230000 45 127
111.300000 45 127
112.000000 64 120
112.000000 60 114
112.000000 69 124
112.280000 64 114
112.350000 64 114
112.420000 64 114
112.490000 64 114
112.280000 60 109
112.350000 60 109
112.420000 60 109
112.490000 60 109
112.560000 60 109
112.280000 69 120
112.350000 69 120
112.420000 69 120
112.490000 69 120
112.560000 69 120
112.630000 69 120
112.770000 62 104
112.770000 59 98
112.770000 67 114
112.840000 67 114
113.050000 69 120
113.050000 60 104
113.050000 64 114
113.260000 64 95
113.330000 64 95
113.400000 64 95
113.260000 60 109
113.330000 60 109
113.400000 60 109
113.470000 60 109
113.260000 69 120
113.330000 69 120
113.400000 69 120
113.470000 69 120
113.540000 69 120
113.610000 69 120
113.680000 69 120
113.750000 59 98
113.750000 62 114
113.750000 67 109
113.820000 67 109
114.030000 69 124
114.030000 64 114
114.030000 60 114
114.310000 60 104
114.310000 69 124
114.310000 64 109
114.380000 64 109
114.800000 64 114
114.870000 64 114
114.940000 64 114
115.010000 64 114
115.080000 64 114
115.150000 64 114
115.220000 64 114
114.800000 67 109
114.870000 67 109
114.940000 67 109
115.010000 67 109
115.080000 67 109
115.150000 67 109
115.220000 67 109
115.290000 67 109
114.800000 72 127
114.870000 72 127
114.940000 72 127
115.010000 72 127
115.080000 72 127
115.150000 72 127
115.220000 72 127
115.290000 72 127
115.360000 72 127
115.500000 68 88
115.570000 68 88
115.500000 74 127
115.570000 74 127
115.640000 74 127
115.500000 71 124
115.570000 71 124
115.640000 71 124
116.060000 60 98
116.060000 69 114
116.060000 64 98
116.270000 69 104
116.340000 69 104
116.270000 60 104
116.340000 60 104
116.270000 64 98
116.340000 64 98
116.760000 59 98
116.830000 59 98
116.900000 59 98
116.760000 67 114
116.830000 67 114
116.900000 67 114
116.760000 62 109
116.830000 62 109
116.900000 62 109
116.970000 62 109
117.040000 60 104
117.040000 69 114
117.040000 64 104
117.250000 60 109
117.320000 60 109
117.250000 69 120
117.320000 69 120
117.250000 64 109
117.320000 64 109
117.390000 64 109
117.810000 59 109
117.880000 59 109
117.950000 59 109
117.810000 67 109
117.880000 67 109
117.950000 67 109
117.810000 62 114
117.880000 62 114
117.950000 62 114
118.020000 69 124
118.020000 64 88
118.020000 60 88
118.160000 60 91
118.160000 69 104
118.230000 69 104
118.300000 64 98
118.510000 64 120
118.580000 64 120
118.510000 72 120
118.580000 72 120
118.510000 69 120
118.580000 69 120
118.650000 69 120
118.790000 64 120
118.860000 64 120
118.930000 64 120
119.000000 64 120
118.790000 60 120
118.860000 60 120
118.930000 60 120
119.000000 60 120
119.070000 60 120
118.790000 69 127
118.860000 69 127
118.930000 69 127
119.000000 69 127
119.070000 69 127
120.050000 57 120
120.120000 57 120
120.190000 57 120
120.260000 57 120
120.330000 57 120
120.050000 38 120
120.120000 38 120
120.190000 38 120
120.260000 38 120
120.330000 38 120
120.050000 69 124
120.120000 69 124
120.190000 69 124
120.260000 69 124
120.330000 69 124
120.400000 69 124
120.470000 69 124
120.540000 69 124
120.050000 65 120
120.120000 65 120
120.190000 65 120
120.260000 65 120
120.330000 65 120
120.400000 65 120
120.470000 65 120
120.540000 65 120
120.050000 62 109
120.120000 62 109
120.190000 62 109
120.260000 62 109
120.330000 62 109
120.400000 62 109
120.470000 62 109
120.540000 62 109
120.540000 41 120
120.610000 41 120
120.750000 45 114
120.820000 45 114
120.890000 45 114
120.540000 57 120
120.610000 57 120
120.680000 57 120
120.750000 57 120
120.820000 57 120
120.890000 57 120
120.960000 57 120
121.030000 57 120
121.100000 57 120
120.750000 69 120
120.820000 69 120
120.890000 69 120
120.960000 69 120
121.030000 69 120
121.100000 69 120
121.170000 69 120
120.750000 62 114
120.820000 62 114
120.890000 62 114
120.960000 62 114
121.030000 62 114
121.100000 62 114
121.170000 62 114
120.750000 65 124
120.820000 65 124
120.890000 65 124
120.960000 65 124
121.030000 65 124
121.100000 65 124
121.170000 65 124
121.310000 38 120
121.380000 38 120
121.310000 57 114
121.380000 57 114
121.450000 57 114
121.520000 57 114
121.520000 50 114
121.590000 50 114
121.660000 50 114
121.520000 69 124
121.590000 69 124
121.660000 69 124
121.520000 62 114
121.590000 62 114
121.660000 62 114
121.520000 65 124
121.590000 65 124
121.660000 65 124
121.730000 65 124
121.800000 45 120
121.800000 57 109
122.010000 45 120
122.080000 45 120
122.150000 45 120
122.010000 57 120
122.080000 57 120
122.150000 57 120
122.220000 57 120
122.290000 57 120
122.290000 48 114
122.360000 48 114
122.430000 48 114
122.500000 57 120
122.570000 57 120
122.010000 69 124
122.080000 69 124
122.150000 69 124
122.220000 69 124
122.290000 69 124
122.360000 69 124
122.430000 69 124
122.500000 69 124
122.570000 69 124
122.010000 64 120
122.080000 64 120
122.150000 64 120
122.220000 64 120
122.290000 64 120
122.360000 64 120
122.430000 64 120
122.500000 64 120
122.570000 64 120
122.010000 60 98
122.080000 60 98
122.150000 60 98
122.220000 60 98
122.290000 60 98
122.360000 60 98
122.430000 60 98
122.500000 60 98
122.570000 60 98
122.500000 52 110
122.570000 52 110
122.640000 52 110
122.780000 57 120
122.850000 57 120
122.780000 57 114
122.850000 57 114
123.270000 45 120
123.340000 45 120
123.550000 57 120
123.620000 57 120
123.270000 60 114
123.340000 60 114
123.410000 60 114
123.480000 60 114
123.550000 60 114
123.550000 52 120
123.620000 52 120
123.270000 64 120
123.340000 64 120
123.410000 64 120
123.480000 64 120
123.550000 64 120
123.620000 64 120
123.690000 64 120
123.760000 64 120
123.760000 48 120
123.760000 57 104
123.830000 57 104
123.270000 69 124
123.340000 69 124
123.410000 69 124
123.480000 69 124
123.550000 69 124
123.620000 69 124
123.690000 69 124
123.760000 69 124
123.830000 69 124
123.900000 69 124
123.970000 69 124
124.040000 40 120
124.110000 40 120
124.250000 40 104
124.320000 40 104
124.040000 59 127
124.110000 59 127
124.180000 59 127
124.250000 59 127
124.320000 59 127
124.390000 59 127
124.460000 59 127
124.530000 59 127
124.040000 56 124
124.110000 56 124
124.180000 56 124
124.250000 56 124
124.320000 56 124
124.390000 56 124
124.460000 56 124
124.530000 56 124
124.530000 44 124
124.600000 44 124
124.810000 40 98
124.880000 40 98
124.810000 56 91
124.880000 56 91
124.950000 56 91
124.810000 59 98
124.880000 59 98
124.950000 59 98
125.020000 59 98
125.020000 50 109
125.020000 52 91
124.530000 64 114
124.600000 64 114
124.670000 64 114
124.740000 64 114
124.810000 64 114
124.880000 64 114
124.950000 64 114
125.020000 64 114
125.090000 64 114
125.160000 64 114
124.530000 68 114
124.600000 68 114
124.670000 68 114
124.740000 68 114
124.810000 68 114
124.880000 68 114
124.950000 68 114
125.020000 68 114
125.090000 68 114
125.160000 68 114
125.300000 47 109
125.370000 47 109
125.300000 59 120
125.370000 59 120
125.440000 59 120
125.300000 56 109
125.370000 56 109
125.440000 56 109
125.510000 56 109
125.510000 44 120
125.580000 44 120
125.650000 44 120
125.790000 56 88
125.790000 40 104
125.790000 59 109
125.860000 59 109
125.510000 64 124
125.580000 64 124
125.650000 64 124
125.720000 64 124
125.790000 64 124
125.510000 68 114
125.580000 68 114
125.650000 68 114
125.720000 68 114
125.790000 68 114
125.860000 68 114
126.000000 45 120
126.070000 45 120
126.000000 64 120
126.070000 64 120
126.140000 64 120
126.210000 64 120
126.280000 64 120
126.000000 60 109
126.070000 60 109
126.140000 60 109
126.210000 60 109
126.280000 60 109
126.350000 60 109
126.000000 69 120
126.070000 69 120
126.140000 69 120
126.210000 69 120
126.280000 69 120
126.350000 69 120
126.000000 57 124
126.070000 57 124
126.140000 57 124
126.210000 57 124
126.280000 57 124
126.350000 57 124
126.420000 40 114
126.490000 40 114
126.560000 64 120
126.630000 64 120
126.700000 64 120
126.560000 68 114
126.630000 68 114
126.700000 68 114
126.770000 68 114
126.560000 56 114
126.630000 56 114
126.700000 56 114
126.770000 56 114
126.770000 45 124
126.840000 45 124
126.910000 45 124
127.050000 55 120
127.050000 64 114
127.120000 64 114
127.190000 64 114
127.260000 64 114
127.330000 64 114
127.050000 60 124
127.120000 60 124
127.190000 60 124
127.260000 60 124
127.330000 60 124
127.050000 57 114
127.120000 57 114
127.190000 57 114
127.260000 57 114
127.330000 57 114
127.540000 33 124
127.610000 33 124
127.680000 33 124
# Hi-hat only
32.060000 42 89
32.270000 46 96
32.760000 46 104
32.830000 46 104
33.040000 42 109
34.020000 42 114
34.300000 46 92
34.370000 46 92
34.790000 46 100
34.860000 46 100
35.000000 42 104
35.560000 42 84
36.260000 46 96
36.330000 46 96
36.750000 46 89
36.820000 46 89
38.290000 46 92
38.360000 46 92
38.780000 46 92
38.850000 46 92
39.410000 46 92
39.550000 42 109
96.040000 42 89
96.250000 46 96
96.810000 46 104
96.880000 46 104
97.020000 42 109
98.000000 42 114
98.280000 46 92
98.350000 46 92
98.770000 46 100
98.840000 46 100
99.050000 42 104
99.540000 42 84
100.310000 46 96
100.380000 46 96
100.800000 46 89
100.870000 46 89
102.270000 46 92
102.340000 46 92
102.760000 46 92
102.830000 46 92
103.390000 46 92
103.530000 42 109
# Drums
16.030000 36 97
16.520000 38 94
16.590000 38 94
16.660000 38 94
16.800000 36 94
16.870000 36 94
16.940000 36 94
17.010000 36 94
17.290000 36 94
17.360000 36 94
17.500000 38 101
17.570000 38 101
17.640000 38 101
18.060000 36 90
18.130000 36 90
18.550000 38 99
18.620000 38 99
18.690000 38 99
18.760000 36 88
18.830000 36 88
18.900000 36 88
18.970000 36 88
19.040000 36 88
19.250000 36 94
19.320000 36 94
19.390000 36 94
19.530000 38 97
19.600000 38 97
19.670000 38 97
19.810000 36 79
20.020000 36 101
20.090000 36 101
20.510000 38 94
20.580000 38 94
20.650000 38 94
20.790000 36 97
20.860000 36 97
20.930000 36 97
21.000000 36 97
21.280000 36 99
21.560000 38 101
21.630000 38 101
22.050000 36 101
22.120000 36 101
22.540000 38 99
22.610000 38 99
22.680000 38 99
22.750000 36 97
22.820000 36 97
22.890000 36 97
22.960000 36 97
23.030000 36 97
23.310000 36 94
23.520000 38 101
23.590000 38 101
24.010000 36 92
24.290000 36 85
24.500000 38 94
24.570000 38 94
24.780000 36 101
26.040000 36 101
26.250000 36 97
26.530000 38 107
26.600000 38 107
26.670000 38 107
26.810000 36 104
26.880000 36 104
26.950000 36 104
27.510000 38 107
27.580000 38 107
27.790000 36 74
28.000000 36 92
28.280000 36 85
28.560000 38 94
28.630000 38 94
28.770000 36 101
30.030000 36 101
30.310000 36 97
30.520000 38 107
30.590000 38 107
30.660000 38 107
30.800000 36 104
30.870000 36 104
30.940000 36 104
31.500000 38 107
31.570000 38 107
31.780000 36 74
40.040000 42 89
40.040000 36 97
40.250000 46 96
40.530000 38 94
40.600000 38 94
40.670000 38 94
40.810000 46 104
40.880000 46 104
40.810000 36 94
40.880000 36 94
40.950000 36 94
41.020000 36 94
41.020000 42 109
41.300000 36 94
41.370000 36 94
41.510000 38 101
41.580000 38 101
41.650000 38 101
42.000000 42 114
42.000000 36 90
42.070000 36 90
42.280000 46 92
42.350000 46 92
42.560000 38 99
42.630000 38 99
42.700000 38 99
42.770000 46 100
42.840000 46 100
43.050000 42 104
42.770000 36 88
42.840000 36 88
42.910000 36 88
42.980000 36 88
43.050000 36 88
43.260000 36 94
43.330000 36 94
43.400000 36 94
43.540000 42 84
43.540000 38 97
43.610000 38 97
43.680000 38 97
43.750000 36 79
44.030000 36 101
44.100000 36 101
44.310000 46 96
44.380000 46 96
44.520000 38 94
44.590000 38 94
44.660000 38 94
44.800000 46 89
44.870000 46 89
44.800000 36 97
44.870000 36 97
44.940000 36 97
45.010000 36 97
45.290000 36 99
45.500000 38 101
45.570000 38 101
46.060000 36 101
46.130000 36 101
46.270000 46 92
46.340000 46 92
46.550000 38 99
46.620000 38 99
46.690000 38 99
46.760000 46 92
46.830000 46 92
46.760000 36 97
46.830000 36 97
46.900000 36 97
46.970000 36 97
47.040000 36 97
47.250000 36 94
47.390000 46 92
47.530000 42 109
47.530000 38 101
47.600000 38 101
48.020000 42 89
48.020000 36 92
48.300000 36 85
48.300000 46 96
48.510000 38 94
48.580000 38 94
48.790000 36 101
48.790000 46 104
48.860000 46 104
49.000000 42 109
50.050000 42 114
50.050000 36 101
50.260000 36 97
50.260000 46 92
50.330000 46 92
50.540000 38 107
50.610000 38 107
50.680000 38 107
50.750000 46 100
50.820000 46 100
50.750000 36 104
50.820000 36 104
50.890000 36 104
51.030000 42 104
51.520000 42 84
51.520000 38 107
51.590000 38 107
51.800000 36 74
52.010000 36 92
52.290000 36 85
52.290000 46 96
52.360000 46 96
52.500000 38 94
52.570000 38 94
52.780000 36 101
52.780000 46 89
52.850000 46 89
54.040000 36 101
54.250000 36 97
54.250000 46 92
54.320000 46 92
54.530000 38 107
54.600000 38 107
54.670000 38 107
54.810000 46 92
54.880000 46 92
54.810000 36 104
54.880000 36 104
54.950000 36 104
55.440000 46 92
55.510000 42 109
55.510000 38 107
55.580000 38 107
55.790000 36 74
56.000000 36 97
56.560000 38 94
56.630000 38 94
56.700000 38 94
56.770000 36 94
56.840000 36 94
56.910000 36 94
56.980000 36 94
57.260000 36 94
57.330000 36 94
57.540000 38 101
57.610000 38 101
57.680000 38 101
58.030000 36 90
58.100000 36 90
58.520000 38 99
58.590000 38 99
58.660000 38 99
58.800000 36 88
58.870000 36 88
58.940000 36 88
59.010000 36 88
59.080000 36 88
59.290000 36 94
59.360000 36 94
59.430000 36 94
59.500000 38 97
59.570000 38 97
59.640000 38 97
59.780000 36 79
60.060000 36 101
60.130000 36 101
60.550000 38 94
60.620000 38 94
60.690000 38 94
60.760000 36 97
60.830000 36 97
60.900000 36 97
60.970000 36 97
61.250000 36 99
61.530000 38 101
61.600000 38 101
62.020000 36 101
62.090000 36 101
62.510000 38 99
62.580000 38 99
62.650000 38 99
62.790000 36 97
62.860000 36 97
62.930000 36 97
63.000000 36 97
63.070000 36 97
63.280000 36 94
63.560000 38 101
63.630000 38 101
64.050000 36 92
64.260000 36 85
64.540000 38 94
64.610000 38 94
64.750000 36 101
66.010000 36 101
66.290000 36 97
66.500000 38 107
66.570000 38 107
66.640000 38 107
66.780000 36 104
66.850000 36 104
66.920000 36 104
67.550000 38 107
67.620000 38 107
67.760000 36 74
68.040000 36 92
68.250000 36 85
68.530000 38 94
68.600000 38 94
68.810000 36 101
70.000000 36 101
70.280000 36 97
70.560000 38 107
70.630000 38 107
70.700000 38 107
70.770000 36 104
70.840000 36 104
70.910000 36 104
71.540000 38 107
71.610000 38 107
71.750000 36 74
104.020000 42 89
104.020000 36 97
104.300000 46 96
104.510000 38 94
104.580000 38 94
104.650000 38 94
104.790000 46 104
104.860000 46 104
104.790000 36 94
104.860000 36 94
104.930000 36 94
105.000000 36 94
105.000000 42 109
105.280000 36 94
105.350000 36 94
105.560000 38 101
105.630000 38 101
105.700000 38 101
106.050000 42 114
106.050000 36 90
106.120000 36 90
106.260000 46 92
106.330000 46 92
106.540000 38 99
106.610000 38 99
106.680000 38 99
106.750000 46 100
106.820000 46 100
107.030000 42 104
106.750000 36 88
106.820000 36 88
106.890000 36 88
106.960000 36 88
107.030000 36 88
107.310000 36 94
107.380000 36 94
107.450000 36 94
107.520000 42 84
107.520000 38 97
107.590000 38 97
107.660000 38 97
107.800000 36 79
108.010000 36 101
108.080000 36 101
108.290000 46 96
108.360000 46 96
108.500000 38 94
108.570000 38 94
108.640000 38 94
108.780000 46 89
108.850000 46 89
108.780000 36 97
108.850000 36 97
108.920000 36 97
108.990000 36 97
109.270000 36 99
109.550000 38 101
109.620000 38 101
110.040000 36 101
110.110000 36 101
110.250000 46 92
110.320000 46 92
110.530000 38 99
110.600000 38 99
110.670000 38 99
110.810000 46 92
110.880000 46 92
110.810000 36 97
110.880000 36 97
110.950000 36 97
111.020000 36 97
111.090000 36 97
111.300000 36 94
111.440000 46 92
111.510000 42 109
111.510000 38 101
111.580000 38 101
112.000000 42 89
112.000000 36 92
112.280000 36 85
112.280000 46 96
112.560000 38 94
112.630000 38 94
112.770000 36 101
112.770000 46 104
112.840000 46 104
113.050000 42 109
114.030000 42 114
114.030000 36 101
114.310000 36 97
114.310000 46 92
114.380000 46 92
114.520000 38 107
114.590000 38 107
114.660000 38 107
114.800000 46 100
114.870000 46 100
114.800000 36 104
114.870000 36 104
114.940000 36 104
115.010000 42 104
115.500000 42 84
115.500000 38 107
115.570000 38 107
115.780000 36 74
116.060000 36 92
116.270000 36 85
116.270000 46 96
116.340000 46 96
116.550000 38 94
116.620000 38 94
116.760000 36 101
116.760000 46 89
116.830000 46 89
118.020000 36 101
118.300000 36 97
118.300000 46 92
118.370000 46 92
118.510000 38 107
118.580000 38 107
118.650000 38 107
118.790000 46 92
118.860000 46 92
118.790000 36 104
118.860000 36 104
118.930000 36 104
119.420000 46 92
119.560000 42 109
119.560000 38 107
119.630000 38 107
119.770000 36 74
120.050000 36 104
120.050000 42 100
120.120000 42 100
120.190000 42 100
120.260000 36 85
120.330000 36 85
120.260000 42 100
120.330000 42 100
120.400000 42 100
120.540000 38 120
120.610000 38 120
120.540000 42 100
120.610000 42 100
120.680000 42 100
120.750000 36 104
120.750000 42 100
120.820000 42 100
120.890000 42 100
121.030000 36 88
121.030000 42 100
121.100000 42 100
121.170000 42 100
121.310000 36 82
121.310000 42 100
121.380000 42 100
121.450000 42 100
121.520000 38 114
121.590000 38 114
121.520000 42 100
121.590000 42 100
121.660000 42 100
121.800000 36 91
121.800000 42 100
121.870000 42 100
121.940000 42 100
122.010000 36 104
122.080000 36 104
122.010000 42 100
122.080000 42 100
122.150000 42 100
122.290000 36 70
122.290000 42 100
122.360000 42 100
122.430000 42 100
122.500000 38 114
122.570000 38 114
122.500000 42 100
122.570000 42 100
122.640000 42 100
122.780000 36 114
122.850000 36 114
122.920000 36 114
122.780000 42 100
122.850000 42 100
122.920000 42 100
123.060000 42 100
123.130000 42 100
123.200000 42 100
123.270000 36 104
123.340000 36 104
123.270000 42 100
123.340000 42 100
123.410000 42 100
123.550000 38 127
123.620000 38 127
123.550000 42 100
123.620000 42 100
123.690000 42 100
123.760000 36 71
123.760000 42 100
123.830000 42 100
123.900000 42 100
124.040000 36 109
124.110000 36 109
124.040000 42 100
124.110000 42 100
124.180000 42 100
124.250000 42 100
124.320000 42 100
124.390000 42 100
124.530000 38 120
124.600000 38 120
124.530000 42 100
124.600000 42 100
124.670000 42 100
124.810000 36 109
124.880000 36 109
124.810000 42 100
124.880000 42 100
124.950000 42 100
125.020000 42 100
125.090000 42 100
125.160000 42 100
125.300000 36 109
125.370000 36 109
125.300000 42 100
125.370000 42 100
125.440000 42 100
125.510000 38 109
125.580000 38 109
125.510000 42 100
125.580000 42 100
125.650000 42 100
125.790000 36 85
125.790000 42 100
125.860000 42 100
125.930000 42 100
126.000000 36 109
126.000000 42 100
126.070000 42 100
126.140000 42 100
126.280000 36 82
126.280000 42 100
126.350000 42 100
126.420000 42 100
126.560000 38 104
126.630000 38 104
126.560000 42 100
126.630000 42 100
126.700000 42 100
126.770000 36 98
126.770000 42 100
126.840000 42 100
126.910000 42 100
127.050000 36 104
127.050000 42 100
127.120000 42 100
127.190000 42 100
127.260000 42 100
127.330000 42 100
127.400000 42 100
127.540000 55 124
127.540000 42 100
127.610000 42 100
127.680000 42 100
127.750000 42 100
127.820000 42 100
127.890000 42 100
# Jazz Guitar
88.060000 52 95
88.130000 52 95
88.200000 52 95
88.270000 52 95
88.340000 52 95
88.410000 52 95
88.480000 52 95
88.550000 52 95
88.620000 52 95
88.690000 52 95
88.760000 52 95
88.830000 52 95
88.900000 52 95
88.970000 52 95
88.760000 60 95
88.830000 60 95
88.900000 60 95
88.970000 60 95
89.040000 62 104
89.110000 62 104
89.180000 62 104
89.250000 62 104
88.060000 57 98
88.130000 57 98
88.200000 57 98
88.270000 57 98
88.340000 57 98
88.410000 57 98
88.480000 57 98
88.550000 57 98
88.620000 57 98
88.690000 57 98
88.760000 57 98
88.830000 57 98
88.900000 57 98
88.970000 57 98
89.040000 57 98
89.110000 57 98
89.180000 57 98
89.250000 57 98
89.320000 57 98
89.250000 64 114
89.320000 64 114
89.390000 64 114
89.460000 64 114
89.530000 64 114
89.600000 64 114
89.670000 64 114
89.810000 57 104
89.880000 57 104
89.950000 57 104
90.020000 57 104
90.090000 57 104
90.160000 57 104
90.230000 57 104
90.300000 57 104
90.370000 57 104
90.440000 57 104
90.510000 55 98
90.580000 55 98
90.650000 55 98
90.720000 55 98
90.790000 55 98
90.860000 55 98
90.930000 55 98
91.000000 55 98
89.810000 52 95
89.880000 52 95
89.950000 52 95
90.020000 52 95
90.090000 52 95
90.160000 52 95
90.230000 52 95
90.300000 52 95
90.370000 52 95
90.440000 52 95
90.510000 52 95
90.580000 52 95
90.650000 52 95
90.720000 52 95
90.790000 52 95
90.860000 52 95
90.930000 52 95
91.000000 52 95
91.070000 52 95
91.140000 52 95
91.210000 52 95
91.280000 52 95
91.350000 52 95
91.000000 57 98
91.070000 57 98
91.140000 57 98
91.210000 57 98
91.280000 57 98
91.350000 57 98
91.420000 57 98
91.490000 57 98
91.560000 57 98
91.630000 57 98
91.700000 57 98
91.770000 52 98
91.840000 52 98
92.050000 57 104
92.120000 57 104
92.190000 57 104
92.260000 57 104
92.330000 57 104
92.400000 57 104
92.470000 57 104
92.540000 57 104
92.610000 57 104
92.680000 57 104
92.750000 57 104
92.050000 52 88
92.120000 52 88
92.190000 52 88
92.260000 52 88
92.330000 52 88
92.400000 52 88
92.470000 52 88
92.540000 52 88
92.610000 52 88
92.680000 52 88
92.750000 52 88
92.820000 52 88
92.890000 52 88
92.750000 60 88
92.820000 60 88
92.890000 60 88
93.030000 62 104
93.100000 62 104
93.170000 62 104
93.030000 57 88
93.100000 57 88
93.170000 57 88
93.240000 57 88
93.310000 57 88
93.380000 57 88
93.450000 57 88
93.520000 57 88
93.310000 64 114
93.380000 64 114
93.450000 64 114
93.520000 64 114
93.590000 64 114
93.660000 64 114
93.730000 64 114
93.800000 52 109
93.870000 52 109
93.940000 52 109
94.010000 52 109
94.080000 52 109
93.800000 57 104
93.870000 57 104
93.940000 57 104
94.010000 57 104
94.080000 57 104
94.150000 57 104
94.500000 55 98
94.570000 55 98
94.640000 55 98
94.710000 55 98
94.780000 55 98
94.850000 55 98
94.500000 60 114
94.570000 60 114
94.640000 60 114
94.710000 60 114
94.780000 60 114
94.850000 60 114
95.060000 57 109
95.130000 57 109
95.200000 57 109
95.270000 57 109
95.340000 57 109
95.410000 57 109
95.060000 52 98
95.130000 52 98
95.200000 52 98
95.270000 52 98
95.340000 52 98
95.410000 52 98
96.040000 57 91
96.040000 60 98
96.110000 60 98
96.180000 60 98
96.250000 60 98
96.320000 60 98
96.250000 64 88
96.320000 64 88
96.390000 64 88
96.250000 57 95
96.320000 57 95
96.390000 57 95
96.460000 57 95
96.530000 57 95
96.600000 57 95
96.670000 57 95
96.530000 69 88
96.600000 69 88
96.670000 69 88
96.740000 69 88
96.810000 55 104
96.880000 55 104
96.810000 64 88
96.880000 64 88
96.950000 64 88
97.020000 57 95
97.020000 60 70
97.090000 60 70
97.160000 60 70
97.230000 60 70
97.300000 60 70
97.370000 60 70
97.300000 64 88
97.370000 64 88
97.440000 64 88
97.510000 64 88
97.300000 57 98
97.370000 57 98
97.440000 57 98
97.510000 57 98
97.580000 57 98
97.650000 57 98
97.720000 57 98
97.510000 69 95
97.580000 69 95
97.650000 69 95
97.720000 69 95
97.790000 69 95
97.790000 55 114
97.860000 55 114
97.790000 64 82
97.860000 64 82
97.930000 64 82
98.000000 57 98
98.000000 60 74
98.070000 60 74
98.140000 60 74
98.210000 60 74
98.280000 64 95
98.350000 64 95
98.420000 64 95
98.280000 57 104
98.350000 57 104
98.420000 57 104
98.490000 57 104
98.560000 57 104
98.630000 57 104
98.700000 57 104
98.560000 69 98
98.630000 69 98
98.700000 69 98
98.770000 69 98
98.770000 64 95
98.840000 64 95
98.910000 64 95
98.770000 60 95
98.840000 60 95
98.910000 60 95
98.980000 60 95
99.050000 60 95
99.120000 60 95
99.190000 60 95
99.260000 60 95
99.050000 60 74
99.120000 60 74
99.190000 60 74
99.260000 60 74
99.260000 64 95
99.330000 64 95
99.400000 64 95
99.540000 69 104
99.610000 69 104
99.680000 69 104
99.540000 62 98
99.610000 62 98
99.680000 62 98
99.750000 62 98
99.750000 64 91
99.820000 64 91
99.890000 64 91
99.960000 64 91
100.030000 57 95
100.030000 60 95
100.100000 60 95
100.170000 60 95
100.240000 60 95
100.310000 64 95
100.380000 64 95
100.450000 64 95
100.310000 57 104
100.380000 57 104
100.450000 57 104
100.520000 57 104
100.590000 57 104
100.660000 57 104
100.520000 69 95
100.590000 69 95
100.660000 69 95
100.730000 69 95
100.800000 55 109
100.870000 55 109
100.800000 64 85
100.870000 64 85
100.940000 64 85
101.010000 57 98
101.010000 60 95
101.080000 60 95
101.150000 60 95
101.220000 60 95
101.290000 64 91
101.360000 64 91
101.430000 64 91
101.500000 69 95
101.570000 69 95
101.640000 69 95
101.710000 69 95
101.290000 57 104
101.360000 57 104
101.430000 57 104
101.500000 57 104
101.570000 57 104
101.640000 57 104
101.710000 57 104
101.780000 55 109
101.850000 55 109
101.780000 64 88
101.850000 64 88
101.920000 64 88
102.060000 57 104
102.060000 60 91
102.130000 60 91
102.200000 60 91
102.270000 60 91
102.340000 60 91
102.270000 57 95
102.340000 57 95
102.410000 57 95
102.270000 64 95
102.340000 64 95
102.410000 64 95
102.480000 64 95
102.550000 60 104
102.620000 60 104
102.690000 60 104
102.550000 69 85
102.620000 69 85
102.690000 69 85
102.760000 69 85
102.830000 69 85
102.900000 69 85
102.760000 64 88
102.830000 64 88
102.900000 64 88
102.970000 64 88
103.040000 60 80
103.110000 60 80
103.180000 60 80
103.250000 60 80
102.760000 57 104
102.830000 57 104
102.900000 57 104
102.970000 57 104
103.040000 57 104
103.110000 57 104
103.180000 57 104
103.250000 57 104
103.320000 57 104
103.390000 57 104
103.250000 64 95
103.320000 64 95
103.390000 64 95
103.460000 64 95
103.530000 69 91
103.600000 69 91
103.670000 69 91
103.810000 64 95
103.880000 64 95
103.950000 64 95
104.020000 52 95
104.090000 52 95
104.160000 52 95
104.230000 52 95
104.300000 52 95
104.370000 52 95
104.440000 52 95
104.510000 52 95
104.580000 52 95
104.650000 52 95
104.720000 52 95
104.790000 52 95
104.860000 52 95
104.930000 52 95
104.790000 60 95
104.860000 60 95
104.930000 60 95
105.000000 60 95
105.000000 62 104
105.070000 62 104
105.140000 62 104
105.210000 62 104
104.020000 57 98
104.090000 57 98
104.160000 57 98
104.230000 57 98
104.300000 57 98
104.370000 57 98
104.440000 57 98
104.510000 57 98
104.580000 57 98
104.650000 57 98
104.720000 57 98
104.790000 57 98
104.860000 57 98
104.930000 57 98
105.000000 57 98
105.070000 57 98
105.140000 57 98
105.210000 57 98
105.280000 57 98
105.280000 64 114
105.350000 64 114
105.420000 64 114
105.490000 64 114
105.560000 64 114
105.630000 64 114
105.700000 64 114
105.770000 57 104
105.840000 57 104
105.910000 57 104
105.980000 57 104
106.050000 57 104
106.120000 57 104
106.190000 57 104
106.260000 57 104
106.330000 57 104
106.400000 57 104
106.540000 55 98
106.610000 55 98
106.680000 55 98
106.750000 55 98
106.820000 55 98
106.890000 55 98
106.960000 55 98
107.030000 55 98
105.770000 52 95
105.840000 52 95
105.910000 52 95
105.980000 52 95
106.050000 52 95
106.120000 52 95
106.190000 52 95
106.260000 52 95
106.330000 52 95
106.400000 52 95
106.470000 52 95
106.540000 52 95
106.610000 52 95
106.680000 52 95
106.750000 52 95
106.820000 52 95
106.890000 52 95
106.960000 52 95
107.030000 52 95
107.100000 52 95
107.170000 52 95
107.240000 52 95
107.310000 52 95
107.030000 57 98
107.100000 57 98
107.170000 57 98
107.240000 57 98
107.310000 57 98
107.380000 57 98
107.450000 57 98
107.520000 57 98
107.590000 57 98
107.660000 57 98
107.730000 57 98
107.800000 52 98
107.870000 52 98
108.010000 57 104
108.080000 57 104
108.150000 57 104
108.220000 57 104
108.290000 57 104
108.360000 57 104
108.430000 57 104
108.500000 57 104
108.570000 57 104
108.640000 57 104
108.710000 57 104
108.010000 52 88
108.080000 52 88
108.150000 52 88
108.220000 52 88
108.290000 52 88
108.360000 52 88
108.430000 52 88
108.500000 52 88
108.570000 52 88
108.640000 52 88
108.710000 52 88
108.780000 52 88
108.850000 52 88
108.780000 60 88
108.850000 60 88
108.920000 60 88
109.060000 62 104
109.130000 62 104
109.200000 62 104
109.060000 57 88
109.130000 57 88
109.200000 57 88
109.270000 57 88
109.340000 57 88
109.410000 57 88
109.480000 57 88
109.550000 57 88
109.270000 64 114
109.340000 64 114
109.410000 64 114
109.480000 64 114
109.550000 64 114
109.620000 64 114
109.690000 64 114
109.760000 52 109
109.830000 52 109
109.900000 52 109
109.970000 52 109
110.040000 52 109
109.760000 57 104
109.830000 57 104
109.900000 57 104
109.970000 57 104
110.040000 57 104
110.110000 57 104
110.530000 55 98
110.600000 55 98
110.670000 55 98
110.740000 55 98
110.810000 55 98
110.880000 55 98
110.530000 60 114
110.600000 60 114
110.670000 60 114
110.740000 60 114
110.810000 60 114
110.880000 60 114
111.020000 57 109
111.090000 57 109
111.160000 57 109
111.230000 57 109
111.300000 57 109
111.370000 57 109
111.020000 52 98
111.090000 52 98
111.160000 52 98
111.230000 52 98
111.300000 52 98
111.370000 52 98
112.000000 57 91
112.000000 60 98
112.070000 60 98
112.140000 60 98
112.210000 60 98
112.280000 60 98
112.280000 64 88
112.350000 64 88
112.420000 64 88
112.280000 57 95
112.350000 57 95
112.420000 57 95
112.490000 57 95
112.560000 57 95
112.630000 57 95
112.700000 57 95
112.560000 69 88
112.630000 69 88
112.700000 69 88
112.770000 69 88
112.770000 55 104
112.840000 55 104
112.770000 64 88
112.840000 64 88
112.910000 64 88
113.050000 57 95
113.050000 60 70
113.120000 60 70
113.190000 60 70
113.260000 60 70
113.330000 60 70
113.400000 60 70
113.260000 64 88
113.330000 64 88
113.400000 64 88
113.470000 64 88
113.260000 57 98
113.330000 57 98
113.400000 57 98
113.470000 57 98
113.540000 57 98
113.610000 57 98
113.680000 57 98
113.540000 69 95
113.610000 69 95
113.680000 69 95
113.750000 69 95
113.820000 69 95
113.750000 55 114
113.820000 55 114
113.750000 64 82
113.820000 64 82
113.890000 64 82
114.030000 57 98
114.030000 60 74
114.100000 60 74
114.170000 60 74
114.240000 60 74
114.310000 64 95
114.380000 64 95
114.450000 64 95
114.310000 57 104
114.380000 57 104
114.450000 57 104
114.520000 57 104
114.590000 57 104
114.660000 57 104
114.730000 57 104
114.520000 69 98
114.590000 69 98
114.660000 69 98
114.730000 69 98
114.800000 64 95
114.870000 64 95
114.940000 64 95
114.800000 60 95
114.870000 60 95
114.940000 60 95
115.010000 60 95
115.080000 60 95
115.150000 60 95
115.220000 60 95
115.290000 60 95
115.010000 60 74
115.080000 60 74
115.150000 60 74
115.220000 60 74
115.290000 64 95
115.360000 64 95
115.430000 64 95
115.500000 69 104
115.570000 69 104
115.640000 69 104
115.500000 62 98
115.570000 62 98
115.640000 62 98
115.710000 62 98
115.780000 64 91
115.850000 64 91
115.920000 64 91
115.990000 64 91
116.060000 57 95
116.060000 60 95
116.130000 60 95
116.200000 60 95
116.270000 60 95
116.270000 64 95
116.340000 64 95
116.410000 64 95
116.270000 57 104
116.340000 57 104
116.410000 57 104
116.480000 57 104
116.550000 57 104
116.620000 57 104
116.550000 69 95
116.620000 69 95
116.690000 69 95
116.760000 69 95
116.760000 55 109
116.830000 55 109
116.760000 64 85
116.830000 64 85
116.900000 64 85
117.040000 57 98
117.040000 60 95
117.110000 60 95
117.180000 60 95
117.250000 60 95
117.250000 64 91
117.320000 64 91
117.390000 64 91
117.530000 69 95
117.600000 69 95
117.670000 69 95
117.740000 69 95
117.250000 57 104
117.320000 57 104
117.390000 57 104
117.460000 57 104
117.530000 57 104
117.600000 57 104
117.670000 57 104
117.810000 55 109
117.880000 55 109
117.810000 64 88
117.880000 64 88
117.950000 64 88
118.020000 57 104
118.020000 60 91
118.090000 60 91
118.160000 60 91
118.230000 60 91
118.300000 60 91
118.300000 57 95
118.370000 57 95
118.440000 57 95
118.300000 64 95
118.370000 64 95
118.440000 64 95
118.510000 64 95
118.510000 60 104
118.580000 60 104
118.650000 60 104
118.510000 69 85
118.580000 69 85
118.650000 69 85
118.720000 69 85
118.790000 69 85
118.860000 69 85
118.790000 64 88
118.860000 64 88
118.930000 64 88
119.000000 64 88
119.000000 60 80
119.070000 60 80
119.140000 60 80
119.210000 60 80
118.790000 57 104
118.860000 57 104
118.930000 57 104
119.000000 57 104
119.070000 57 104
119.140000 57 104
119.210000 57 104
119.280000 57 104
119.350000 57 104
119.420000 57 104
119.280000 64 95
119.350000 64 95
119.420000 64 95
119.490000 64 95
119.560000 69 91
119.630000 69 91
119.700000 69 91
119.770000 64 95
119.840000 64 95
119.910000 64 95
120.050000 62 98
120.120000 62 98
120.190000 62 98
120.260000 62 98
120.330000 62 98
120.400000 62 98
120.260000 65 95
120.330000 65 95
120.400000 65 95
120.750000 65 98
120.820000 65 98
120.890000 65 98
120.540000 69 85
120.610000 69 85
120.680000 69 85
120.750000 69 85
120.820000 69 85
120.890000 69 85
120.960000 69 85
121.310000 65 104
121.380000 65 104
121.450000 65 104
121.030000 62 91
121.100000 62 91
121.170000 62 91
121.240000 62 91
121.310000 62 91
121.380000 62 91
121.450000 62 91
121.520000 62 91
121.590000 62 91
121.660000 62 91
121.730000 62 91
121.800000 65 98
121.870000 65 98
121.940000 65 98
121.520000 69 82
121.590000 69 82
121.660000 69 82
121.730000 69 82
121.800000 69 82
121.870000 69 82
121.940000 69 82
122.010000 69 82
122.010000 60 78
122.080000 60 78
122.150000 60 78
122.220000 60 78
122.290000 60 78
122.360000 60 78
122.290000 64 85
122.360000 64 85
122.430000 64 85
122.500000 64 85
122.780000 64 98
122.850000 64 98
122.920000 64 98
122.500000 69 85
122.570000 69 85
122.640000 69 85
122.710000 69 85
122.780000 69 85
122.850000 69 85
122.920000 69 85
122.990000 69 85
123.060000 60 80
123.130000 60 80
123.200000 60 80
123.270000 60 80
123.340000 60 80
123.410000 60 80
123.270000 64 88
123.340000 64 88
123.410000 64 88
123.480000 64 88
123.550000 69 91
123.620000 69 91
123.690000 69 91
123.760000 69 91
123.760000 64 91
123.830000 64 91
123.900000 64 91
124.250000 64 104
124.320000 64 104
124.390000 64 104
124.460000 64 104
124.040000 59 91
124.110000 59 91
124.180000 59 91
124.250000 59 91
124.320000 59 91
124.390000 59 91
124.460000 59 91
124.530000 59 91
124.600000 59 91
124.670000 59 91
124.740000 59 91
124.530000 68 98
124.600000 68 98
124.670000 68 98
124.740000 68 98
124.810000 68 98
124.880000 68 98
124.810000 64 98
124.880000 64 98
124.950000 64 98
125.300000 64 85
125.370000 64 85
125.020000 59 91
125.090000 59 91
125.160000 59 91
125.230000 59 91
125.300000 59 91
125.370000 59 91
125.440000 59 91
125.510000 59 91
125.580000 59 91
125.650000 59 91
125.720000 59 91
125.510000 68 104
125.580000 68 104
125.650000 68 104
125.720000 68 104
125.790000 64 98
125.860000 64 98
125.930000 64 98
126.000000 69 114
126.070000 69 114
126.140000 69 114
126.210000 69 114
126.280000 69 114
126.280000 64 85
126.350000 64 85
126.560000 60 98
126.630000 60 98
126.700000 60 98
126.770000 60 98
126.840000 60 98
126.910000 60 98
126.770000 64 82
126.840000 64 82
126.910000 64 82
127.050000 57 98
127.120000 57 98
127.190000 57 98
127.260000 57 98
127.330000 57 98
127.400000 57 98
127.470000 57 98
127.540000 57 98
