"beethoven_les_adieux_2"

# Piano right
0.000000 67 40
0.070000 67 40
0.140000 67 40
0.210000 67 40
0.280000 67 40
0.350000 67 40
0.420000 67 40
0.490000 67 40
0.560000 67 40
0.630000 67 40
0.700000 67 40
0.770000 0 0
0.840000 66 36
0.910000 66 36
0.980000 66 36
1.050000 0 0
1.120000 69 40
1.190000 69 40
1.260000 69 40
1.330000 69 40
1.400000 69 40
1.470000 69 40
1.540000 69 40
1.610000 69 40
1.680000 69 40
1.750000 69 40
1.820000 69 40
1.890000 69 40
1.960000 69 40
2.030000 69 40
2.100000 69 40
2.170000 69 40
2.240000 69 40
2.310000 69 40
2.380000 69 40
2.450000 69 40
2.520000 69 40
2.590000 69 40
2.660000 69 40
2.730000 69 40
2.800000 69 40
2.870000 69 40
2.940000 69 40
3.010000 69 40
3.080000 69 40
3.150000 69 40
3.220000 69 40
3.290000 69 40
3.360000 69 40
3.430000 69 40
3.500000 69 40
3.570000 69 40
3.640000 69 40
3.710000 69 40
3.780000 69 40
3.850000 69 40
3.920000 69 40
3.990000 69 40
4.060000 69 40
4.130000 69 40
4.200000 69 40
4.270000 67 40
4.340000 67 40
4.410000 67 40
4.480000 67 40
4.550000 67 40
4.620000 67 40
4.690000 67 40
4.760000 67 40
4.830000 67 40
4.900000 67 40
4.970000 67 40
5.040000 0 0
5.110000 66 36
5.180000 66 36
5.250000 66 36
5.320000 0 0
5.390000 69 40
5.460000 69 40
5.530000 69 40
5.600000 69 40
5.670000 69 40
5.740000 69 40
5.810000 69 40
5.880000 69 40
5.950000 69 40
6.020000 69 40
6.090000 69 40
6.160000 69 40
6.230000 69 40
6.300000 69 40
6.370000 69 40
6.440000 69 40
6.510000 69 40
6.580000 69 40
6.650000 69 40
6.720000 69 40
6.790000 69 40
6.860000 69 40
6.930000 69 40
7.000000 69 40
7.070000 69 40
7.140000 69 40
7.210000 69 40
7.280000 69 40
7.350000 69 40
7.420000 69 40
7.490000 69 40
7.560000 69 46
7.630000 69 46
7.700000 69 46
7.770000 69 46
7.840000 69 46
7.910000 69 46
7.980000 69 46
8.050000 69 46
8.120000 69 46
8.190000 69 46
8.260000 69 46
8.330000 75 42
8.400000 75 42
8.470000 75 42
8.540000 0 0
8.610000 75 52
8.680000 75 52
8.750000 75 52
8.820000 75 52
8.890000 75 52
8.960000 75 52
9.030000 75 52
9.100000 75 52
9.170000 75 52
9.240000 75 52
9.310000 75 52
9.380000 75 52
9.450000 75 52
9.520000 75 52
9.590000 0 0
9.660000 62 29
9.730000 62 29
9.800000 62 29
9.870000 62 29
9.940000 62 29
10.010000 62 29
10.080000 62 29
10.150000 62 29
10.220000 62 29
10.290000 62 29
10.360000 62 29
10.430000 62 29
10.500000 62 29
10.570000 62 29
10.640000 62 29
10.710000 67 41
10.780000 67 41
10.850000 67 41
10.920000 67 41
10.990000 67 41
11.060000 67 41
11.130000 67 41
11.200000 67 41
11.270000 67 41
11.340000 67 41
11.410000 67 41
11.480000 67 41
11.550000 67 41
11.620000 67 41
11.690000 0 0
11.760000 60 29
11.830000 60 29
11.900000 60 29
11.970000 60 29
12.040000 60 29
12.110000 60 29
12.180000 60 29
12.250000 60 29
12.320000 60 29
12.390000 60 29
12.460000 60 29
12.530000 60 29
12.600000 60 29
12.670000 60 29
12.740000 69 44
12.810000 69 44
12.880000 69 44
12.950000 69 44
13.020000 69 44
13.090000 69 44
13.160000 69 44
13.230000 69 44
13.300000 69 44
13.370000 69 44
13.440000 69 44
13.510000 71 40
13.580000 71 40
13.650000 71 40
13.720000 71 40
13.790000 71 40
13.860000 71 40
13.930000 71 40
14.000000 71 40
14.070000 71 40
14.140000 71 40
14.210000 71 40
14.280000 71 40
14.350000 71 40
14.420000 71 40
14.490000 71 40
14.560000 71 40
14.630000 71 40
14.700000 71 40
14.770000 71 40
14.840000 62 24
14.910000 62 24
14.980000 62 24
15.050000 62 24
15.120000 62 24
15.190000 62 24
15.260000 62 24
15.330000 62 24
15.400000 62 24
15.470000 62 24
15.540000 62 24
15.610000 62 24
15.680000 62 24
15.750000 62 24
15.820000 71 39
15.890000 71 39
15.960000 71 39
16.030000 71 39
16.100000 71 39
16.170000 71 39
16.240000 71 39
16.310000 72 46
16.380000 72 46
16.450000 72 46
16.520000 72 46
16.590000 72 46
16.660000 72 46
16.730000 72 46
16.800000 0 0
16.870000 75 58
16.940000 75 58
17.010000 75 58
17.080000 75 58
17.150000 75 58
17.220000 75 58
17.290000 75 58
17.360000 75 58
17.430000 75 58
17.500000 75 58
17.570000 75 58
17.640000 74 52
17.710000 74 52
17.780000 74 52
17.850000 0 0
17.920000 77 60
17.990000 77 60
18.060000 77 60
18.130000 77 60
18.200000 77 60
18.270000 77 60
18.340000 77 60
18.410000 77 60
18.480000 77 60
18.550000 77 60
18.620000 77 60
18.690000 77 60
18.760000 77 60
18.830000 77 60
18.900000 77 60
18.970000 77 60
19.040000 77 60
19.110000 77 60
19.180000 77 60
19.250000 77 60
19.320000 77 60
19.390000 77 60
19.460000 77 60
19.530000 77 60
19.600000 77 60
19.670000 77 60
19.740000 77 60
19.810000 77 60
19.880000 77 60
19.950000 77 60
20.020000 77 60
20.090000 77 60
20.160000 77 60
20.230000 77 60
20.300000 77 60
20.370000 77 60
20.440000 77 60
20.510000 77 60
20.580000 77 60
20.650000 77 60
20.720000 77 60
20.790000 0 0
20.860000 74 41
20.930000 0 0
21.000000 77 42
21.070000 0 0
21.140000 75 58
21.210000 75 58
21.280000 75 58
21.350000 75 58
21.420000 75 58
21.490000 75 58
21.560000 75 58
21.630000 75 58
21.700000 75 58
21.770000 75 58
21.840000 75 58
21.910000 74 53
21.980000 74 53
22.050000 74 53
22.120000 0 0
22.190000 77 61
22.260000 77 61
22.330000 77 61
22.400000 77 61
22.470000 77 61
22.540000 77 61
22.610000 77 61
22.680000 77 61
22.750000 77 61
22.820000 77 61
22.890000 77 61
22.960000 77 61
23.030000 77 61
23.100000 77 61
23.170000 77 61
23.240000 77 61
23.310000 77 61
23.380000 77 61
23.450000 77 61
23.520000 77 61
23.590000 77 61
23.660000 77 61
23.730000 77 61
23.800000 77 61
23.870000 77 61
23.940000 77 61
24.010000 77 61
24.080000 77 61
24.150000 77 61
24.220000 77 61
24.290000 77 61
24.360000 77 61
24.430000 77 61
24.500000 77 61
24.570000 77 61
24.640000 77 61
24.710000 77 61
24.780000 77 61
24.850000 77 61
24.920000 77 61
24.990000 77 61
25.060000 77 61
25.130000 77 61
25.200000 77 61
25.270000 77 61
25.340000 0 0
25.410000 80 70
25.480000 80 70
25.550000 80 70
25.620000 80 70
25.690000 80 70
25.760000 80 70
25.830000 80 70
25.900000 80 70
25.970000 80 70
26.040000 80 70
26.110000 80 70
26.180000 80 70
26.250000 80 70
26.320000 80 70
26.390000 0 0
26.460000 67 33
26.530000 67 33
26.600000 67 33
26.670000 67 33
26.740000 67 33
26.810000 67 33
26.880000 67 33
26.950000 67 33
27.020000 67 33
27.090000 67 33
27.160000 67 33
27.230000 67 33
27.300000 67 33
27.370000 67 33
27.440000 67 33
27.510000 72 47
27.580000 72 47
27.650000 72 47
27.720000 72 47
27.790000 72 47
27.860000 72 47
27.930000 72 47
28.000000 72 47
28.070000 72 47
28.140000 72 47
28.210000 72 47
28.280000 72 47
28.350000 72 47
28.420000 72 47
28.490000 0 0
28.560000 65 33
28.630000 65 33
28.700000 65 33
28.770000 65 33
28.840000 65 33
28.910000 65 33
28.980000 65 33
29.050000 65 33
29.120000 65 33
29.190000 65 33
29.260000 65 33
29.330000 65 33
29.400000 65 33
29.470000 65 33
29.540000 0 0
29.610000 74 50
29.680000 74 50
29.750000 74 50
29.820000 74 50
29.890000 74 50
29.960000 74 50
30.030000 74 50
30.100000 74 50
30.170000 74 50
30.240000 74 50
30.310000 74 50
30.380000 75 46
30.450000 75 46
30.520000 75 46
30.590000 75 46
30.660000 75 46
30.730000 75 46
30.800000 75 46
30.870000 75 46
30.940000 75 46
31.010000 75 46
31.080000 75 46
31.150000 75 46
31.220000 75 46
31.290000 75 46
31.360000 75 46
31.430000 75 46
31.500000 75 46
31.570000 75 46
31.640000 75 46
31.710000 75 46
31.780000 75 46
31.850000 75 46
31.920000 75 46
31.990000 75 46
32.060000 75 46
32.130000 75 46
32.200000 75 46
32.270000 75 46
32.340000 75 46
32.410000 75 46
32.480000 75 46
32.550000 75 46
32.620000 75 46
32.690000 75 46
32.760000 75 46
32.830000 67 43
32.900000 67 43
32.970000 67 43
33.040000 67 43
33.110000 67 43
33.180000 67 43
33.250000 67 43
33.320000 0 0
33.390000 68 49
33.460000 68 49
33.530000 68 49
33.600000 68 49
33.670000 68 49
33.740000 68 49
33.810000 68 49
33.880000 68 49
33.950000 72 59
34.020000 72 59
34.090000 72 59
34.160000 72 59
34.230000 72 59
34.300000 72 59
34.370000 72 59
34.440000 72 59
34.510000 72 59
34.580000 72 59
34.650000 70 44
34.720000 0 0
34.790000 72 44
34.860000 70 44
34.930000 0 0
35.000000 69 44
35.070000 70 52
35.140000 70 52
35.210000 70 52
35.280000 70 52
35.350000 70 52
35.420000 70 52
35.490000 70 52
35.560000 70 52
35.630000 70 52
35.700000 70 52
35.770000 70 52
35.840000 72 55
35.910000 72 55
35.980000 72 55
36.050000 0 0
36.120000 73 61
36.190000 73 61
36.260000 73 61
36.330000 73 61
36.400000 73 61
36.470000 73 61
36.540000 73 61
36.610000 73 61
36.680000 73 61
36.750000 73 61
36.820000 73 61
36.890000 73 61
36.960000 73 61
37.030000 73 61
37.100000 73 61
37.170000 73 61
37.240000 73 61
37.310000 73 61
37.380000 0 0
37.450000 72 56
37.520000 72 56
37.590000 72 56
37.660000 82 64
37.730000 82 64
37.800000 82 64
37.870000 82 64
37.940000 79 58
38.010000 79 58
38.080000 79 58
38.150000 0 0
38.220000 0 0
38.290000 79 67
38.360000 79 67
38.430000 79 67
38.500000 79 67
38.570000 79 67
38.640000 79 67
38.710000 79 67
38.780000 79 67
38.850000 79 67
38.920000 79 67
38.990000 79 67
39.060000 79 67
39.130000 79 67
39.200000 79 67
39.270000 79 67
39.340000 79 67
39.410000 79 67
39.480000 79 67
39.550000 79 67
39.620000 79 67
39.690000 79 67
39.760000 79 67
39.830000 79 67
39.900000 82 45
39.970000 82 45
40.040000 82 45
40.110000 82 45
40.180000 80 45
40.250000 80 45
40.320000 80 45
40.390000 80 45
40.460000 0 0
40.530000 0 0
40.600000 0 0
40.670000 0 0
40.740000 0 0
40.810000 0 0
40.880000 0 0
40.950000 0 0
41.020000 0 0
41.090000 0 0
41.160000 0 0
41.230000 0 0
41.300000 0 0
41.370000 0 0
41.440000 0 0
41.510000 0 0
41.580000 68 45
41.650000 68 45
41.720000 68 45
41.790000 68 45
41.860000 68 45
41.930000 68 45
42.000000 68 45
42.070000 0 0
42.140000 67 39
42.210000 67 39
42.280000 67 39
42.350000 67 39
42.420000 67 39
42.490000 67 39
42.560000 67 39
42.630000 57 37
42.700000 57 37
42.770000 57 37
42.840000 57 37
42.910000 57 37
42.980000 57 37
43.050000 57 37
43.120000 57 37
43.190000 57 37
43.260000 57 37
43.330000 57 37
43.400000 57 37
43.470000 57 37
43.540000 57 37
43.610000 57 37
43.680000 57 37
43.750000 57 37
43.820000 57 37
43.890000 57 37
43.960000 57 37
44.030000 57 37
44.100000 57 37
44.170000 57 37
44.240000 57 37
44.310000 57 37
44.380000 57 37
44.450000 57 37
44.520000 57 37
44.590000 57 37
44.660000 57 37
44.730000 57 37
44.800000 57 37
44.870000 57 37
44.940000 57 37
45.010000 57 37
45.080000 57 37
45.150000 57 37
45.220000 57 37
45.290000 57 37
45.360000 57 37
45.430000 57 37
45.500000 57 37
45.570000 69 58
45.640000 62 51
45.710000 62 51
45.780000 62 51
45.850000 62 51
45.920000 62 51
45.990000 62 51
46.060000 62 51
46.130000 62 51
46.200000 62 51
46.270000 62 51
46.340000 62 51
46.410000 62 51
46.480000 62 51
46.550000 62 51
46.620000 0 0
46.690000 60 52
46.760000 60 52
46.830000 60 52
46.900000 60 52
46.970000 60 52
47.040000 60 52
47.110000 60 52
47.180000 60 52
47.250000 60 52
47.320000 60 52
47.390000 60 52
47.460000 60 52
47.530000 60 52
47.600000 60 52
47.670000 58 54
47.740000 58 54
47.810000 58 54
47.880000 58 54
47.950000 58 54
48.020000 58 54
48.090000 58 54
48.160000 58 54
48.230000 58 54
48.300000 58 54
48.370000 58 54
48.440000 58 54
48.510000 58 54
48.580000 58 54
48.650000 57 58
48.720000 57 58
48.790000 57 58
48.860000 57 58
48.930000 57 58
49.000000 57 58
49.070000 57 58
49.140000 57 58
49.210000 57 58
49.280000 57 58
49.350000 57 58
49.420000 57 58
49.490000 57 58
49.560000 0 0
49.630000 66 51
49.700000 66 51
49.770000 66 51
49.840000 69 46
49.910000 69 46
49.980000 69 46
50.050000 72 42
50.120000 72 42
50.190000 72 42
50.260000 0 0
50.330000 75 48
50.400000 75 48
50.470000 75 48
50.540000 74 54
50.610000 74 54
50.680000 74 54
50.750000 0 0
50.820000 72 43
50.890000 72 43
50.960000 72 43
51.030000 70 43
51.100000 70 43
51.170000 70 43
51.240000 0 0
51.310000 69 43
51.380000 69 43
51.450000 69 43
51.520000 72 53
51.590000 72 53
51.660000 72 53
51.730000 0 0
51.800000 78 45
51.870000 78 45
51.940000 78 45
52.010000 81 45
52.080000 81 45
52.150000 81 45
52.220000 0 0
52.290000 84 45
52.360000 84 45
52.430000 84 45
52.500000 82 54
52.570000 82 54
52.640000 82 54
52.710000 0 0
52.780000 81 45
52.850000 81 45
52.920000 81 45
52.990000 79 45
53.060000 79 45
53.130000 79 45
53.200000 78 45
53.270000 78 45
53.340000 78 45
53.410000 0 0
53.480000 81 51
53.550000 81 51
53.620000 81 51
53.690000 84 53
53.760000 84 53
53.830000 84 53
53.900000 0 0
53.970000 86 55
54.040000 86 55
54.110000 86 55
54.180000 87 57
54.250000 87 57
54.320000 87 57
54.390000 0 0
54.460000 86 60
54.530000 86 60
54.600000 86 60
54.670000 84 51
54.740000 84 51
54.810000 84 51
54.880000 0 0
54.950000 82 52
55.020000 82 52
55.090000 82 52
55.160000 81 52
55.230000 81 52
55.300000 81 52
55.370000 84 58
55.440000 84 58
55.510000 84 58
55.580000 0 0
55.650000 81 48
55.720000 81 48
55.790000 81 48
55.860000 79 49
55.930000 79 49
56.000000 79 49
56.070000 78 49
56.140000 78 49
56.210000 78 49
56.280000 0 0
56.350000 84 60
56.420000 84 60
56.490000 84 60
56.560000 0 0
56.630000 81 53
56.700000 81 53
56.770000 81 53
56.840000 79 55
56.910000 79 55
56.980000 79 55
57.050000 0 0
57.120000 78 56
57.190000 78 56
57.260000 78 56
57.330000 0 0
57.400000 81 69
57.470000 81 69
57.540000 0 0
57.610000 0 0
57.680000 78 59
57.750000 78 59
57.820000 78 59
57.890000 0 0
57.960000 75 63
58.030000 75 63
58.100000 75 63
58.170000 0 0
58.240000 74 65
58.310000 74 65
58.380000 74 65
58.450000 74 65
58.520000 0 0
58.590000 0 0
58.660000 74 64
58.730000 74 64
58.800000 74 64
58.870000 74 64
58.940000 74 64
59.010000 74 64
59.080000 74 64
59.150000 74 64
59.220000 74 64
59.290000 74 64
59.360000 74 64
59.430000 74 64
59.500000 74 64
59.570000 74 64
59.640000 0 0
59.710000 69 58
59.780000 69 58
59.850000 69 58
59.920000 69 58
59.990000 69 58
60.060000 69 58
60.130000 69 58
60.200000 69 58
60.270000 69 58
60.340000 69 58
60.410000 69 58
60.480000 69 58
60.550000 69 58
60.620000 69 58
60.690000 69 58
60.760000 69 58
60.830000 69 58
60.900000 69 58
60.970000 69 58
61.040000 69 58
61.110000 69 58
61.180000 69 58
61.250000 69 58
61.320000 69 58
61.390000 69 58
61.460000 69 58
61.530000 69 58
61.600000 71 64
61.670000 71 64
61.740000 71 64
61.810000 71 64
61.880000 71 64
61.950000 71 64
62.020000 0 0
62.090000 67 53
62.160000 67 53
62.230000 67 53
62.300000 67 53
62.370000 67 53
62.440000 67 53
62.510000 67 53
62.580000 0 0
62.650000 67 64
62.720000 67 64
62.790000 67 64
62.860000 67 64
62.930000 67 64
63.000000 67 64
63.070000 67 64
63.140000 66 55
63.210000 67 55
63.280000 0 0
63.350000 66 55
63.420000 0 0
63.490000 64 55
63.560000 0 0
63.630000 66 64
63.700000 66 64
63.770000 66 64
63.840000 66 64
63.910000 66 64
63.980000 66 64
64.050000 67 59
64.120000 67 59
64.190000 67 59
64.260000 67 59
64.330000 67 59
64.400000 67 59
64.470000 67 59
64.540000 0 0
64.610000 69 57
64.680000 69 57
64.750000 69 57
64.820000 69 57
64.890000 69 57
64.960000 69 57
65.030000 69 57
65.100000 71 62
65.170000 71 62
65.240000 71 62
65.310000 71 62
65.380000 71 62
65.450000 71 62
65.520000 71 62
65.590000 72 64
65.660000 72 64
65.730000 72 64
65.800000 0 0
65.870000 73 57
65.940000 73 57
66.010000 73 57
66.080000 73 64
66.150000 73 64
66.220000 73 64
66.290000 0 0
66.360000 74 59
66.430000 74 59
66.500000 74 59
66.570000 73 64
66.640000 73 64
66.710000 73 64
66.780000 0 0
66.850000 74 57
66.920000 74 57
66.990000 74 57
67.060000 76 57
67.130000 76 57
67.200000 76 57
67.270000 0 0
67.340000 74 57
67.410000 74 57
67.480000 74 57
67.550000 74 57
67.620000 69 64
67.690000 69 64
67.760000 69 64
67.830000 69 64
67.900000 69 64
67.970000 69 64
68.040000 69 64
68.110000 69 64
68.180000 69 64
68.250000 69 64
68.320000 69 64
68.390000 69 64
68.460000 69 64
68.530000 69 64
68.600000 69 64
68.670000 69 64
68.740000 69 64
68.810000 71 64
68.880000 0 0
68.950000 69 55
69.020000 71 64
69.090000 0 0
69.160000 69 54
69.230000 0 0
69.300000 72 64
69.370000 0 0
69.440000 71 55
69.510000 72 64
69.580000 0 0
69.650000 71 56
69.720000 0 0
69.790000 74 64
69.860000 73 57
69.930000 0 0
70.000000 0 0
70.070000 0 0
70.140000 0 0
70.210000 0 0
70.280000 67 60
70.350000 67 60
70.420000 67 60
70.490000 67 64
70.560000 67 64
70.630000 67 64
70.700000 67 64
70.770000 67 64
70.840000 67 64
70.910000 67 64
70.980000 67 64
71.050000 67 64
71.120000 67 64
71.190000 67 64
71.260000 67 64
71.330000 67 64
71.400000 0 0
71.470000 0 0
71.540000 0 0
71.610000 0 0
71.680000 0 0
71.750000 0 0
71.820000 0 0
71.890000 0 0
71.960000 67 57
72.030000 67 57
72.100000 67 57
72.170000 67 57
72.240000 67 57
72.310000 67 57
72.380000 67 57
72.450000 69 59
72.520000 69 59
72.590000 69 59
72.660000 69 59
72.730000 69 59
72.800000 69 59
72.870000 0 0
72.940000 70 64
73.010000 70 64
73.080000 70 64
73.150000 70 64
73.220000 70 64
73.290000 70 64
73.360000 0 0
73.430000 72 64
73.500000 72 64
73.570000 72 64
73.640000 73 58
73.710000 73 58
73.780000 73 58
73.850000 0 0
73.920000 73 64
73.990000 73 64
74.060000 73 64
74.130000 74 56
74.200000 74 56
74.270000 74 56
74.340000 0 0
74.410000 74 71
74.480000 74 71
74.550000 74 71
74.620000 74 71
74.690000 74 71
74.760000 74 71
74.830000 0 0
74.900000 82 76
74.970000 82 76
75.040000 82 76
75.110000 82 76
75.180000 82 76
75.250000 82 76
75.320000 82 76
75.390000 0 0
75.460000 0 0
75.530000 0 0
75.600000 0 0
75.670000 0 0
75.740000 0 0
75.810000 0 0
75.880000 82 73
75.950000 82 73
76.020000 82 73
76.090000 82 73
76.160000 82 73
76.230000 82 73
76.300000 82 73
76.370000 0 0
76.440000 0 0
76.510000 0 0
76.580000 0 0
76.650000 0 0
76.720000 0 0
76.790000 0 0
76.860000 81 67
76.930000 81 67
77.000000 81 67
77.070000 81 67
77.140000 81 67
77.210000 81 67
77.280000 0 0
77.350000 0 0
77.420000 0 0
77.490000 0 0
77.560000 0 0
77.630000 0 0
77.700000 0 0
77.770000 0 0
77.840000 79 61
77.910000 79 61
77.980000 79 61
78.050000 79 61
78.120000 79 61
78.190000 79 61
78.260000 79 61
78.330000 0 0
78.400000 0 0
78.470000 0 0
78.540000 0 0
78.610000 0 0
78.680000 0 0
78.750000 0 0
78.820000 79 66
78.890000 79 66
78.960000 79 66
79.030000 79 66
79.100000 79 66
79.170000 79 66
79.240000 0 0
79.310000 0 0
79.380000 0 0
79.450000 0 0
79.520000 0 0
79.590000 0 0
79.660000 0 0
79.730000 79 64
79.800000 79 64
79.870000 79 64
79.940000 79 64
80.010000 79 64
80.080000 79 64
80.150000 0 0
80.220000 0 0
80.290000 0 0
80.360000 0 0
80.430000 0 0
80.500000 0 0
80.570000 0 0
80.640000 0 0
80.710000 77 56
80.780000 77 56
80.850000 77 56
80.920000 77 56
80.990000 77 56
81.060000 77 56
81.130000 77 56
81.200000 0 0
81.270000 0 0
81.340000 0 0
81.410000 0 0
81.480000 0 0
81.550000 0 0
81.620000 0 0
81.690000 0 0
81.760000 75 48
81.830000 75 48
81.900000 75 48
81.970000 75 48
82.040000 75 48
82.110000 75 48
82.180000 75 48
82.250000 67 30
82.320000 67 30
82.390000 67 30
82.460000 67 30
82.530000 67 30
82.600000 67 30
82.670000 67 30
82.740000 67 30
82.810000 67 30
82.880000 67 30
82.950000 67 30
83.020000 67 30
83.090000 67 30
83.160000 67 30
83.230000 67 30
83.300000 67 30
83.370000 67 30
83.440000 67 30
83.510000 67 30
83.580000 67 30
83.650000 67 30
83.720000 67 30
83.790000 67 30
83.860000 67 30
83.930000 67 30
84.000000 67 30
84.070000 67 30
84.140000 67 30
84.210000 67 30
84.280000 67 30
84.350000 67 30
84.420000 67 30
84.490000 67 30
84.560000 67 30
84.630000 67 30
84.700000 67 30
84.770000 67 30
84.840000 67 30
84.910000 67 30
84.980000 67 30
85.050000 67 30
85.120000 67 30
85.190000 67 30
85.260000 67 30
85.330000 67 30
85.400000 67 30
85.470000 67 30
85.540000 67 30
85.610000 67 30
85.680000 67 30
85.750000 67 30
85.820000 67 30
85.890000 67 30
85.960000 67 30
86.030000 67 30
86.100000 67 30
86.170000 67 30
86.240000 67 30
86.310000 67 30
86.380000 67 30
86.450000 79 50
86.520000 70 30
86.590000 70 30
86.660000 70 30
86.730000 70 30
86.800000 70 30
86.870000 70 30
86.940000 70 30
87.010000 70 30
87.080000 70 30
87.150000 70 30
87.220000 70 30
87.290000 70 30
87.360000 70 30
87.430000 70 30
87.500000 70 30
87.570000 70 30
87.640000 79 50
87.710000 79 50
87.780000 79 50
87.850000 79 50
87.920000 79 50
87.990000 79 50
88.060000 79 50
88.130000 79 50
88.200000 79 50
88.270000 79 50
88.340000 79 50
88.410000 79 50
88.480000 79 50
88.550000 79 50
88.620000 79 50
88.690000 79 50
88.760000 79 50
88.830000 79 50
88.900000 79 50
88.970000 79 50
89.040000 79 50
89.110000 79 50
89.180000 79 50
89.250000 79 50
89.320000 79 50
89.390000 79 50
89.460000 79 50
89.530000 79 50
89.600000 79 50
89.670000 79 50
89.740000 79 50
89.810000 73 30
89.880000 73 30
89.950000 73 30
90.020000 73 30
90.090000 73 30
90.160000 73 30
90.230000 73 30
90.300000 73 30
90.370000 73 30
90.440000 73 30
90.510000 73 30
90.580000 73 30
90.650000 73 30
90.720000 73 30
90.790000 0 0
90.860000 85 65
90.930000 85 65
91.000000 85 65
91.070000 85 65
91.140000 85 65
91.210000 85 65
91.280000 85 65
91.350000 85 65
91.420000 85 65
91.490000 85 65
91.560000 85 65
91.630000 85 65
91.700000 85 65
91.770000 85 65
91.840000 0 0
91.910000 72 29
91.980000 72 29
92.050000 72 29
92.120000 72 29
92.190000 72 29
92.260000 72 29
92.330000 72 29
92.400000 72 29
92.470000 72 29
92.540000 72 29
92.610000 72 29
92.680000 72 29
92.750000 72 29
92.820000 72 29
92.890000 72 29
92.960000 77 51
93.030000 77 51
93.100000 77 51
93.170000 77 51
93.240000 77 51
93.310000 77 51
93.380000 77 51
93.450000 77 51
93.520000 77 51
93.590000 77 51
93.660000 77 51
93.730000 77 51
93.800000 77 51
93.870000 77 51
93.940000 0 0
94.010000 70 29
94.080000 70 29
94.150000 70 29
94.220000 70 29
94.290000 70 29
94.360000 70 29
94.430000 70 29
94.500000 70 29
94.570000 70 29
94.640000 70 29
94.710000 70 29
94.780000 70 29
94.850000 70 29
94.920000 70 29
94.990000 79 55
95.060000 79 55
95.130000 79 55
95.200000 79 55
95.270000 79 55
95.340000 79 55
95.410000 79 55
95.480000 79 55
95.550000 79 55
95.620000 79 55
95.690000 79 55
95.760000 80 50
95.830000 80 50
95.900000 80 50
95.970000 80 50
96.040000 80 50
96.110000 80 50
96.180000 80 50
96.250000 80 50
96.320000 80 50
96.390000 80 50
96.460000 80 50
96.530000 80 50
96.600000 80 50
96.670000 80 50
96.740000 80 50
96.810000 80 50
96.880000 80 50
96.950000 80 50
97.020000 80 50
97.090000 80 50
97.160000 80 50
97.230000 80 50
97.300000 80 50
97.370000 80 50
97.440000 80 50
97.510000 80 50
97.580000 80 50
97.650000 80 50
97.720000 73 38
97.790000 73 38
97.860000 73 38
97.930000 73 38
98.000000 73 38
98.070000 73 38
98.140000 73 38
98.210000 0 0
98.280000 72 43
98.350000 72 43
98.420000 72 43
98.490000 72 43
98.560000 72 43
98.630000 72 43
98.700000 72 43
98.770000 73 49
98.840000 73 49
98.910000 73 49
98.980000 73 49
99.050000 73 49
99.120000 73 49
99.190000 73 49
99.260000 0 0
99.330000 77 59
99.400000 77 59
99.470000 77 59
99.540000 77 59
99.610000 77 59
99.680000 77 59
99.750000 77 59
99.820000 77 59
99.890000 77 59
99.960000 77 59
100.030000 0 0
100.100000 75 44
100.170000 0 0
100.240000 77 44
100.310000 75 44
100.380000 0 0
100.450000 74 44
100.520000 75 52
100.590000 75 52
100.660000 75 52
100.730000 75 52
100.800000 75 52
100.870000 75 52
100.940000 75 52
101.010000 75 52
101.080000 75 52
101.150000 75 52
101.220000 75 52
101.290000 77 55
101.360000 77 55
101.430000 77 55
101.500000 0 0
101.570000 78 61
101.640000 78 61
101.710000 78 61
101.780000 78 61
101.850000 78 61
101.920000 78 61
101.990000 78 61
102.060000 78 61
102.130000 78 61
102.200000 78 61
102.270000 78 61
102.340000 78 61
102.410000 78 61
102.480000 78 61
102.550000 78 61
102.620000 78 61
102.690000 78 61
102.760000 78 61
102.830000 77 56
102.900000 77 56
102.970000 77 56
103.040000 0 0
103.110000 87 64
103.180000 87 64
103.250000 87 64
103.320000 87 64
103.390000 84 58
103.460000 84 58
103.530000 84 58
103.600000 84 58
103.670000 84 67
103.740000 84 67
103.810000 84 67
103.880000 84 67
103.950000 84 67
104.020000 84 67
104.090000 84 67
104.160000 84 67
104.230000 84 67
104.300000 84 67
104.370000 84 67
104.440000 84 67
104.510000 84 67
104.580000 84 67
104.650000 84 67
104.720000 84 67
104.790000 84 67
104.860000 84 67
104.930000 84 67
105.000000 84 67
105.070000 84 67
105.140000 84 67
105.210000 84 67
105.280000 0 0
105.350000 87 45
105.420000 87 45
105.490000 87 45
105.560000 87 45
105.630000 85 45
105.700000 85 45
105.770000 85 45
105.840000 85 45
105.910000 0 0
105.980000 0 0
106.050000 0 0
106.120000 0 0
106.190000 0 0
106.260000 0 0
106.330000 0 0
106.400000 0 0
106.470000 0 0
106.540000 0 0
106.610000 0 0
106.680000 0 0
106.750000 0 0
106.820000 0 0
106.890000 0 0
106.960000 0 0
107.030000 66 45
107.100000 66 45
107.170000 66 45
107.240000 66 45
107.310000 66 45
107.380000 66 45
107.450000 66 45
107.520000 65 39
107.590000 65 39
107.660000 65 39
107.730000 65 39
107.800000 65 39
107.870000 65 39
107.940000 65 39
108.010000 0 0
108.080000 55 32
108.150000 55 32
108.220000 55 32
108.290000 55 32
108.360000 55 32
108.430000 55 32
108.500000 55 32
108.570000 55 32
108.640000 55 32
108.710000 55 32
108.780000 55 32
108.850000 55 32
108.920000 55 32
108.990000 55 32
109.060000 67 58
109.130000 67 58
109.200000 67 58
109.270000 67 58
109.340000 67 58
109.410000 67 58
109.480000 67 58
109.550000 67 58
109.620000 67 58
109.690000 67 58
109.760000 67 58
109.830000 67 58
109.900000 67 58
109.970000 67 58
110.040000 67 58
110.110000 67 58
110.180000 67 58
110.250000 67 58
110.320000 67 58
110.390000 67 58
110.460000 67 58
110.530000 67 58
110.600000 67 58
110.670000 67 58
110.740000 67 58
110.810000 67 58
110.880000 67 58
110.950000 67 58
111.020000 0 0
111.090000 60 51
111.160000 60 51
111.230000 60 51
111.300000 60 51
111.370000 60 51
111.440000 60 51
111.510000 60 51
111.580000 60 51
111.650000 60 51
111.720000 60 51
111.790000 60 51
111.860000 60 51
111.930000 60 51
112.000000 60 51
112.070000 58 52
112.140000 58 52
112.210000 58 52
112.280000 58 52
112.350000 58 52
112.420000 58 52
112.490000 58 52
112.560000 58 52
112.630000 58 52
112.700000 58 52
112.770000 58 52
112.840000 58 52
112.910000 58 52
112.980000 58 52
113.050000 56 54
113.120000 56 54
113.190000 56 54
113.260000 56 54
113.330000 56 54
113.400000 56 54
113.470000 56 54
113.540000 56 54
113.610000 56 54
113.680000 56 54
113.750000 56 54
113.820000 56 54
113.890000 56 54
113.960000 56 54
114.030000 55 58
114.100000 55 58
114.170000 55 58
114.240000 55 58
114.310000 55 58
114.380000 55 58
114.450000 55 58
114.520000 55 58
114.590000 55 58
114.660000 55 58
114.730000 55 58
114.800000 55 58
114.870000 55 58
114.940000 67 45
115.010000 64 51
115.080000 64 51
115.150000 64 51
115.220000 0 0
115.290000 67 46
115.360000 67 46
115.430000 67 46
115.500000 70 42
115.570000 70 42
115.640000 70 42
115.710000 0 0
115.780000 73 48
115.850000 73 48
115.920000 73 48
115.990000 72 54
116.060000 72 54
116.130000 72 54
116.200000 0 0
116.270000 70 43
116.340000 70 43
116.410000 70 43
116.480000 68 43
116.550000 68 43
116.620000 68 43
116.690000 0 0
116.760000 67 43
116.830000 67 43
116.900000 67 43
116.970000 70 53
117.040000 70 53
117.110000 70 53
117.180000 0 0
117.250000 76 45
117.320000 76 45
117.390000 76 45
117.460000 79 45
117.530000 79 45
117.600000 79 45
117.670000 0 0
117.740000 82 45
117.810000 82 45
117.880000 82 45
117.950000 80 54
118.020000 80 54
118.090000 80 54
118.160000 0 0
118.230000 79 45
118.300000 79 45
118.370000 79 45
118.440000 77 45
118.510000 77 45
118.580000 77 45
118.650000 76 45
118.720000 76 45
118.790000 76 45
118.860000 0 0
118.930000 79 51
119.000000 79 51
119.070000 79 51
119.140000 82 53
119.210000 82 53
119.280000 82 53
119.350000 0 0
119.420000 84 55
119.490000 84 55
119.560000 84 55
119.630000 85 57
119.700000 85 57
119.770000 85 57
119.840000 0 0
119.910000 84 60
119.980000 84 60
120.050000 84 60
120.120000 82 51
120.190000 82 51
120.260000 82 51
120.330000 80 52
120.400000 80 52
120.470000 80 52
120.540000 0 0
120.610000 79 52
120.680000 79 52
120.750000 79 52
120.820000 82 58
120.890000 82 58
120.960000 82 58
121.030000 0 0
121.100000 79 48
121.170000 79 48
121.240000 79 48
121.310000 77 49
121.380000 77 49
121.450000 77 49
121.520000 76 49
121.590000 76 49
121.660000 76 49
121.730000 0 0
121.800000 82 60
121.870000 82 60
121.940000 82 60
122.010000 0 0
122.080000 79 53
122.150000 79 53
122.220000 79 53
122.290000 77 55
122.360000 77 55
122.430000 77 55
122.500000 0 0
122.570000 76 56
122.640000 76 56
122.710000 76 56
122.780000 0 0
122.850000 79 69
122.920000 79 69
122.990000 0 0
123.060000 0 0
123.130000 88 59
123.200000 88 59
123.270000 88 59
123.340000 0 0
123.410000 73 63
123.480000 73 63
123.550000 73 63
123.620000 0 0
123.690000 72 65
123.760000 72 65
123.830000 72 65
123.900000 72 65
123.970000 0 0
124.040000 84 64
124.110000 84 64
124.180000 84 64
124.250000 84 64
124.320000 84 64
124.390000 84 64
124.460000 84 64
124.530000 84 64
124.600000 84 64
124.670000 84 64
124.740000 84 64
124.810000 84 64
124.880000 84 64
124.950000 84 64
125.020000 0 0
125.090000 79 58
125.160000 79 58
125.230000 79 58
125.300000 79 58
125.370000 79 58
125.440000 79 58
125.510000 79 58
125.580000 79 58
125.650000 79 58
125.720000 79 58
125.790000 79 58
125.860000 79 58
125.930000 79 58
126.000000 79 58
126.070000 79 58
126.140000 79 58
126.210000 79 58
126.280000 79 58
126.350000 79 58
126.420000 79 58
126.490000 79 58
126.560000 79 58
126.630000 79 58
126.700000 79 58
126.770000 79 58
126.840000 79 58
126.910000 79 58
126.980000 0 0
127.050000 81 64
127.120000 81 64
127.190000 81 64
127.260000 81 64
127.330000 81 64
127.400000 81 64
127.470000 0 0
127.540000 77 53
127.610000 77 53
127.680000 77 53
127.750000 77 53
127.820000 77 53
127.890000 77 53
127.960000 77 53
128.030000 65 54
128.100000 65 54
128.170000 65 54
128.240000 65 54
128.310000 65 54
128.380000 65 54
128.450000 65 54
128.520000 65 54
128.590000 65 54
128.660000 65 54
128.730000 65 54
128.800000 65 54
128.870000 65 54
128.940000 74 55
129.010000 76 64
129.080000 76 64
129.150000 76 64
129.220000 76 64
129.290000 76 64
129.360000 76 64
129.430000 0 0
129.500000 77 59
129.570000 77 59
129.640000 77 59
129.710000 77 59
129.780000 77 59
129.850000 77 59
129.920000 77 59
129.990000 79 62
130.060000 79 62
130.130000 79 62
130.200000 79 62
130.270000 79 62
130.340000 79 62
130.410000 79 62
130.480000 81 62
130.550000 81 62
130.620000 81 62
130.690000 81 62
130.760000 81 62
130.830000 81 62
130.900000 81 62
130.970000 0 0
131.040000 82 64
131.110000 82 64
131.180000 82 64
131.250000 83 57
131.320000 83 57
131.390000 83 57
131.460000 0 0
131.530000 83 64
131.600000 83 64
131.670000 83 64
131.740000 84 59
131.810000 84 59
131.880000 84 59
131.950000 0 0
132.020000 83 64
132.090000 83 64
132.160000 83 64
132.230000 84 57
132.300000 84 57
132.370000 84 57
132.440000 0 0
132.510000 86 57
132.580000 86 57
132.650000 86 57
132.720000 84 57
132.790000 84 57
132.860000 84 57
132.930000 84 57
133.000000 79 64
133.070000 79 64
133.140000 79 64
133.210000 79 64
133.280000 79 64
133.350000 79 64
133.420000 79 64
133.490000 79 64
133.560000 79 64
133.630000 79 64
133.700000 79 64
133.770000 79 64
133.840000 79 64
133.910000 79 64
133.980000 79 64
134.050000 79 64
134.120000 79 64
134.190000 0 0
134.260000 81 64
134.330000 79 55
134.400000 0 0
134.470000 81 64
134.540000 0 0
134.610000 79 54
134.680000 0 0
134.750000 82 64
134.820000 81 55
134.890000 0 0
134.960000 82 64
135.030000 0 0
135.100000 81 56
135.170000 84 64
135.240000 0 0
135.310000 83 57
135.380000 0 0
135.450000 0 0
135.520000 0 0
135.590000 0 0
135.660000 89 60
135.730000 0 0
135.800000 77 54
135.870000 0 0
135.940000 65 54
136.010000 65 54
136.080000 65 54
136.150000 65 54
136.220000 65 54
136.290000 65 54
136.360000 65 54
136.430000 65 54
136.500000 65 54
136.570000 65 54
136.640000 65 54
136.710000 65 54
136.780000 65 54
136.850000 0 0
136.920000 76 64
136.990000 76 64
137.060000 76 64
137.130000 76 64
137.200000 76 64
137.270000 76 64
137.340000 0 0
137.410000 77 59
137.480000 77 59
137.550000 77 59
137.620000 77 59
137.690000 77 59
137.760000 77 59
137.830000 77 59
137.900000 79 59
137.970000 79 59
138.040000 79 59
138.110000 79 59
138.180000 79 59
138.250000 79 59
138.320000 0 0
138.390000 80 64
138.460000 80 64
138.530000 80 64
138.600000 80 64
138.670000 80 64
138.740000 80 64
138.810000 82 64
138.880000 82 64
138.950000 82 64
139.020000 0 0
139.090000 83 58
139.160000 83 58
139.230000 83 58
139.300000 83 64
139.370000 83 64
139.440000 83 64
139.510000 0 0
139.580000 84 56
139.650000 84 56
139.720000 84 56
139.790000 84 71
139.860000 84 71
139.930000 84 71
140.000000 84 71
140.070000 84 71
140.140000 84 71
140.210000 0 0
140.280000 84 64
140.350000 84 64
140.420000 84 64
140.490000 84 64
140.560000 84 64
140.630000 84 64
140.700000 0 0
140.770000 0 0
140.840000 0 0
140.910000 0 0
140.980000 0 0
141.050000 0 0
141.120000 0 0
141.190000 0 0
141.260000 80 73
141.330000 80 73
141.400000 80 73
141.470000 80 73
141.540000 80 73
141.610000 80 73
141.680000 80 73
141.750000 0 0
141.820000 0 0
141.890000 0 0
141.960000 0 0
142.030000 0 0
142.100000 0 0
142.170000 0 0
142.240000 79 67
142.310000 79 67
142.380000 79 67
142.450000 79 67
142.520000 79 67
142.590000 79 67
142.660000 0 0
142.730000 0 0
142.800000 0 0
142.870000 0 0
142.940000 0 0
143.010000 0 0
143.080000 0 0
143.150000 0 0
143.220000 68 51
143.290000 68 51
143.360000 68 51
143.430000 68 51
143.500000 68 51
143.570000 68 51
143.640000 68 51
143.710000 77 71
143.780000 77 71
143.850000 77 71
143.920000 77 71
143.990000 77 71
144.060000 77 71
144.130000 0 0
144.200000 80 64
144.270000 80 64
144.340000 80 64
144.410000 80 64
144.480000 80 64
144.550000 80 64
144.620000 0 0
144.690000 0 0
144.760000 0 0
144.830000 0 0
144.900000 0 0
144.970000 0 0
145.040000 0 0
145.110000 65 59
145.180000 65 59
145.250000 65 59
145.320000 65 59
145.390000 65 59
145.460000 65 59
145.530000 0 0
145.600000 0 0
145.670000 0 0
145.740000 0 0
145.810000 0 0
145.880000 0 0
145.950000 0 0
146.020000 0 0
146.090000 65 53
146.160000 65 53
146.230000 65 53
146.300000 65 53
146.370000 65 53
146.440000 65 53
146.510000 65 53
146.580000 0 0
146.650000 0 0
146.720000 0 0
146.790000 0 0
146.860000 0 0
146.930000 0 0
147.000000 0 0
147.070000 0 0
147.140000 65 47
147.210000 65 47
147.280000 65 47
147.350000 65 47
147.420000 65 47
147.490000 65 47
147.560000 65 47
147.630000 0 0
147.700000 62 30
147.770000 62 30
147.840000 62 30
147.910000 62 30
147.980000 62 30
148.050000 62 30
148.120000 62 30
148.190000 62 30
148.260000 62 30
148.330000 62 30
148.400000 62 30
148.470000 62 30
148.540000 62 30
148.610000 62 30
148.680000 62 30
148.750000 62 30
148.820000 62 30
148.890000 62 30
148.960000 62 30
149.030000 62 30
149.100000 62 30
149.170000 62 30
149.240000 62 30
149.310000 62 30
149.380000 62 30
149.450000 62 30
149.520000 62 30
149.590000 62 30
149.660000 62 30
149.730000 62 30
149.800000 62 30
149.870000 62 30
149.940000 62 30
150.010000 62 30
150.080000 62 30
150.150000 62 30
150.220000 62 30
150.290000 62 30
150.360000 62 30
150.430000 62 30
150.500000 62 30
150.570000 62 30
150.640000 62 30
150.710000 62 30
150.780000 62 30
150.850000 62 30
150.920000 62 30
150.990000 62 30
151.060000 62 30
151.130000 62 30
151.200000 62 30
151.270000 62 30
151.340000 62 30
151.410000 62 30
151.480000 62 30
151.550000 62 30
151.620000 62 30
151.690000 62 30
151.760000 62 30
151.830000 62 30
151.900000 0 0
151.970000 72 50
152.040000 72 50
152.110000 72 50
152.180000 72 50
152.250000 72 50
152.320000 72 50
152.390000 72 50
152.460000 72 50
152.530000 72 50
152.600000 72 50
152.670000 72 50
152.740000 71 45
152.810000 71 45
152.880000 71 45
152.950000 0 0
153.020000 74 50
153.090000 74 50
153.160000 74 50
153.230000 74 50
153.300000 74 50
153.370000 74 50
153.440000 74 50
153.510000 0 0
153.580000 0 0
153.650000 0 0
153.720000 0 0
153.790000 0 0
153.860000 0 0
153.930000 0 0
154.000000 0 0
154.070000 74 50
154.140000 74 50
154.210000 74 50
154.280000 74 50
154.350000 74 50
154.420000 74 50
154.490000 74 50
154.560000 74 50
154.630000 74 50
154.700000 74 50
154.770000 74 50
154.840000 72 45
154.910000 72 45
154.980000 72 45
155.050000 0 0
155.120000 75 50
155.190000 75 50
155.260000 75 50
155.330000 75 50
155.400000 75 50
155.470000 75 50
155.540000 75 50
155.610000 0 0
155.680000 0 0
155.750000 0 0
155.820000 0 0
155.890000 0 0
155.960000 0 0
156.030000 0 0
156.100000 0 0
156.170000 68 30
156.240000 68 30
156.310000 68 30
156.380000 68 30
156.450000 68 30
156.520000 68 30
156.590000 68 30
156.660000 68 30
156.730000 68 30
156.800000 68 30
156.870000 68 30
156.940000 68 30
157.010000 68 30
157.080000 68 30
157.150000 68 30
157.220000 68 30
157.290000 68 30
157.360000 68 30
157.430000 68 30
157.500000 68 30
157.570000 68 30
157.640000 68 30
157.710000 68 30
157.780000 68 30
157.850000 68 30
157.920000 68 30
157.990000 68 30
158.060000 68 30
158.130000 68 30
158.200000 68 30
158.270000 68 30
158.340000 68 30
158.410000 68 30
158.480000 68 30
158.550000 68 30
158.620000 68 30
158.690000 68 30
158.760000 68 30
158.830000 68 30
158.900000 68 30
158.970000 68 30
159.040000 68 30
159.110000 68 30
159.180000 68 30
159.250000 68 30
159.320000 68 30
159.390000 68 30
159.460000 68 30
159.530000 68 30
159.600000 68 30
159.670000 68 30
159.740000 68 30
159.810000 68 30
159.880000 68 30
159.950000 68 30
160.020000 68 30
160.090000 68 30
160.160000 68 30
160.230000 68 30
160.300000 68 30
160.370000 75 50
160.440000 75 50
160.510000 75 50
160.580000 75 50
160.650000 75 50
160.720000 75 50
160.790000 75 50
160.860000 75 50
160.930000 75 50
161.000000 75 50
161.070000 75 50
161.140000 0 0
161.210000 74 45
161.280000 74 45
161.350000 74 45
161.420000 77 50
161.490000 77 50
161.560000 77 50
161.630000 77 50
161.700000 77 50
161.770000 77 50
161.840000 77 50
161.910000 0 0
161.980000 0 0
162.050000 0 0
162.120000 0 0
162.190000 0 0
162.260000 0 0
162.330000 0 0
162.400000 0 0
162.470000 0 0
162.540000 77 50
162.610000 77 50
162.680000 77 50
162.750000 77 50
162.820000 77 50
162.890000 77 50
162.960000 77 50
163.030000 77 50
163.100000 77 50
163.170000 77 50
163.240000 77 50
163.310000 75 45
163.380000 75 45
163.450000 75 45
163.520000 0 0
163.590000 79 50
163.660000 79 50
163.730000 79 50
163.800000 79 50
163.870000 79 50
163.940000 79 50
164.010000 79 50
164.080000 0 0
164.150000 0 0
164.220000 0 0
164.290000 0 0
164.360000 0 0
164.430000 0 0
164.500000 0 0
164.570000 0 0
164.640000 68 40
164.710000 68 40
164.780000 68 40
164.850000 68 40
164.920000 68 40
164.990000 68 40
165.060000 68 40
165.130000 68 40
165.200000 68 40
165.270000 68 40
165.340000 68 40
165.410000 77 45
165.480000 77 45
165.550000 77 45
165.620000 0 0
165.690000 80 50
165.760000 80 50
165.830000 80 50
165.900000 80 50
165.970000 80 50
166.040000 80 50
166.110000 80 50
166.180000 80 50
166.250000 80 50
166.320000 80 50
166.390000 80 50
166.460000 80 50
166.530000 80 50
166.600000 80 50
166.670000 80 50
166.740000 80 50
166.810000 80 50
166.880000 80 50
166.950000 80 50
167.020000 80 50
167.090000 80 50
167.160000 80 50
167.230000 80 50
167.300000 80 50
167.370000 80 50
167.440000 80 50
167.510000 0 0
167.580000 77 45
167.650000 77 45
167.720000 77 45
167.790000 0 0
167.860000 86 50
167.930000 86 50
168.000000 86 50
168.070000 86 50
168.140000 86 50
168.210000 86 50
168.280000 86 50
168.350000 86 50
168.420000 86 50
168.490000 86 50
168.560000 86 50
168.630000 86 50
168.700000 86 50
168.770000 86 50
168.840000 86 50
168.910000 86 50
168.980000 86 50
169.050000 86 50
169.120000 86 50
169.190000 86 50
169.260000 86 50
169.330000 86 50
169.400000 86 50
169.470000 86 50
169.540000 86 50
169.610000 86 50
169.680000 86 50
169.750000 80 45
169.820000 80 45
169.890000 80 45
169.960000 0 0
170.030000 89 50
170.100000 89 50
170.170000 89 50
170.240000 89 50
170.310000 89 50
170.380000 89 50
170.450000 89 50
170.520000 89 50
170.590000 89 50
170.660000 89 50
170.730000 89 50
170.800000 89 50
170.870000 89 50
170.940000 89 50
171.010000 89 50
171.080000 89 50
171.150000 89 50
171.220000 89 50
171.290000 89 50
171.360000 89 50
171.430000 89 50
171.500000 89 50
171.570000 89 50
171.640000 89 50
171.710000 89 50
171.780000 89 50
171.850000 89 50
171.920000 89 50
171.990000 0 0
172.060000 86 45
172.130000 86 45
172.200000 86 45
172.270000 86 45
172.340000 92 53
172.410000 92 53
172.480000 92 53
172.550000 92 53
172.620000 92 53
172.690000 92 53
172.760000 92 53
172.830000 92 53
172.900000 92 53
172.970000 92 53
173.040000 92 53
173.110000 92 53
173.180000 92 53
173.250000 92 53
173.320000 92 53
173.390000 92 53
173.460000 92 53
173.530000 0 0
# Piano left
0.000000 48 30
0.070000 48 30
0.140000 48 30
0.210000 48 30
0.280000 48 30
0.350000 48 30
0.420000 48 30
0.490000 48 30
0.560000 48 30
0.630000 48 30
0.700000 48 30
0.770000 48 30
0.840000 48 30
0.910000 48 30
0.980000 48 30
1.050000 48 30
1.120000 48 30
1.190000 48 30
1.260000 48 30
1.330000 48 30
1.400000 48 30
1.470000 48 30
1.540000 48 30
1.610000 48 30
1.680000 48 30
1.750000 48 30
1.820000 48 30
1.890000 48 30
1.960000 48 30
2.030000 48 30
2.100000 48 30
2.170000 48 30
2.240000 48 30
2.310000 48 30
2.380000 48 30
2.450000 48 30
2.520000 48 30
2.590000 48 30
2.660000 48 30
2.730000 48 30
2.800000 48 30
2.870000 48 30
2.940000 48 30
3.010000 48 30
3.080000 48 30
3.150000 48 30
3.220000 48 30
3.290000 48 30
3.360000 48 30
3.430000 48 30
3.500000 48 30
3.570000 48 30
3.640000 48 30
3.710000 48 30
3.780000 48 30
3.850000 48 30
3.920000 48 30
3.990000 48 30
4.060000 48 30
4.130000 48 30
4.200000 54 23
4.270000 48 30
4.340000 48 30
4.410000 48 30
4.480000 48 30
4.550000 48 30
4.620000 48 30
4.690000 48 30
4.760000 48 30
4.830000 48 30
4.900000 48 30
4.970000 48 30
5.040000 48 30
5.110000 48 30
5.180000 48 30
5.250000 48 30
5.320000 48 30
5.390000 48 30
5.460000 48 30
5.530000 48 30
5.600000 48 30
5.670000 48 30
5.740000 48 30
5.810000 48 30
5.880000 48 30
5.950000 48 30
6.020000 48 30
6.090000 48 30
6.160000 48 30
6.230000 48 30
6.300000 48 30
6.370000 48 30
6.440000 48 30
6.510000 48 30
6.580000 48 30
6.650000 48 30
6.720000 48 30
6.790000 48 30
6.860000 48 30
6.930000 48 30
7.000000 48 30
7.070000 48 30
7.140000 48 30
7.210000 48 30
7.280000 48 30
7.350000 48 30
7.420000 48 30
7.490000 48 30
7.560000 48 30
7.630000 48 30
7.700000 48 30
7.770000 48 30
7.840000 48 30
7.910000 48 30
7.980000 48 30
8.050000 48 30
8.120000 48 30
8.190000 48 30
8.260000 48 30
8.330000 48 30
8.400000 48 30
8.470000 48 30
8.540000 0 0
8.610000 0 0
8.680000 0 0
8.750000 0 0
8.820000 0 0
8.890000 0 0
8.960000 0 0
9.030000 0 0
9.100000 0 0
9.170000 0 0
9.240000 0 0
9.310000 0 0
9.380000 0 0
9.450000 0 0
9.520000 0 0
9.590000 0 0
9.660000 47 24
9.730000 47 24
9.800000 47 24
9.870000 47 24
9.940000 47 24
10.010000 47 24
10.080000 47 24
10.150000 47 24
10.220000 47 24
10.290000 47 24
10.360000 47 24
10.430000 47 24
10.500000 47 24
10.570000 47 24
10.640000 47 24
10.710000 0 0
10.780000 0 0
10.850000 0 0
10.920000 0 0
10.990000 0 0
11.060000 0 0
11.130000 0 0
11.200000 0 0
11.270000 0 0
11.340000 0 0
11.410000 0 0
11.480000 0 0
11.550000 0 0
11.620000 0 0
11.690000 0 0
11.760000 50 24
11.830000 50 24
11.900000 50 24
11.970000 50 24
12.040000 50 24
12.110000 50 24
12.180000 50 24
12.250000 50 24
12.320000 50 24
12.390000 50 24
12.460000 50 24
12.530000 50 24
12.600000 50 24
12.670000 50 24
12.740000 0 0
12.810000 0 0
12.880000 0 0
12.950000 0 0
13.020000 0 0
13.090000 0 0
13.160000 0 0
13.230000 0 0
13.300000 0 0
13.370000 0 0
13.440000 0 0
13.510000 0 0
13.580000 0 0
13.650000 0 0
13.720000 0 0
13.790000 43 20
13.860000 43 20
13.930000 43 20
14.000000 43 20
14.070000 43 20
14.140000 43 20
14.210000 43 20
14.280000 43 20
14.350000 43 20
14.420000 43 20
14.490000 43 20
14.560000 43 20
14.630000 43 20
14.700000 43 20
14.770000 0 0
14.840000 43 20
14.910000 43 20
14.980000 43 20
15.050000 43 20
15.120000 43 20
15.190000 43 20
15.260000 43 20
15.330000 43 20
15.400000 43 20
15.470000 43 20
15.540000 43 20
15.610000 43 20
15.680000 43 20
15.750000 43 20
15.820000 0 0
15.890000 0 0
15.960000 0 0
16.030000 0 0
16.100000 0 0
16.170000 0 0
16.240000 0 0
16.310000 0 0
16.380000 0 0
16.450000 0 0
16.520000 0 0
16.590000 0 0
16.660000 0 0
16.730000 0 0
16.800000 0 0
16.870000 53 30
16.940000 53 30
17.010000 53 30
17.080000 53 30
17.150000 53 30
17.220000 53 30
17.290000 53 30
17.360000 53 30
17.430000 53 30
17.500000 53 30
17.570000 53 30
17.640000 53 30
17.710000 53 30
17.780000 53 30
17.850000 53 30
17.920000 53 30
17.990000 53 30
18.060000 53 30
18.130000 53 30
18.200000 53 30
18.270000 53 30
18.340000 53 30
18.410000 53 30
18.480000 53 30
18.550000 53 30
18.620000 53 30
18.690000 53 30
18.760000 53 30
18.830000 53 30
18.900000 53 30
18.970000 53 30
19.040000 53 30
19.110000 53 30
19.180000 53 30
19.250000 53 30
19.320000 53 30
19.390000 53 30
19.460000 53 30
19.530000 53 30
19.600000 53 30
19.670000 53 30
19.740000 53 30
19.810000 53 30
19.880000 53 30
19.950000 53 30
20.020000 53 30
20.090000 53 30
20.160000 53 30
20.230000 53 30
20.300000 53 30
20.370000 53 30
20.440000 53 30
20.510000 53 30
20.580000 53 30
20.650000 53 30
20.720000 53 30
20.790000 53 30
20.860000 53 30
20.930000 53 30
21.000000 53 30
21.070000 0 0
21.140000 53 34
21.210000 53 34
21.280000 53 34
21.350000 53 34
21.420000 53 34
21.490000 53 34
21.560000 53 34
21.630000 53 34
21.700000 53 34
21.770000 53 34
21.840000 53 34
21.910000 53 34
21.980000 53 34
22.050000 53 34
22.120000 53 34
22.190000 53 34
22.260000 53 34
22.330000 53 34
22.400000 53 34
22.470000 53 34
22.540000 53 34
22.610000 53 34
22.680000 53 34
22.750000 53 34
22.820000 53 34
22.890000 53 34
22.960000 53 34
23.030000 53 34
23.100000 53 34
23.170000 53 34
23.240000 53 34
23.310000 53 34
23.380000 53 34
23.450000 53 34
23.520000 53 34
23.590000 53 34
23.660000 53 34
23.730000 53 34
23.800000 53 34
23.870000 53 34
23.940000 53 34
24.010000 53 34
24.080000 53 34
24.150000 53 34
24.220000 53 34
24.290000 53 34
24.360000 53 34
24.430000 53 34
24.500000 53 34
24.570000 53 34
24.640000 53 34
24.710000 53 34
24.780000 53 34
24.850000 53 34
24.920000 53 34
24.990000 53 34
25.060000 53 34
25.130000 53 34
25.200000 53 34
25.270000 53 34
25.340000 53 34
25.410000 0 0
25.480000 0 0
25.550000 0 0
25.620000 0 0
25.690000 0 0
25.760000 0 0
25.830000 0 0
25.900000 0 0
25.970000 0 0
26.040000 0 0
26.110000 0 0
26.180000 0 0
26.250000 0 0
26.320000 0 0
26.390000 0 0
26.460000 51 27
26.530000 51 27
26.600000 51 27
26.670000 51 27
26.740000 51 27
26.810000 51 27
26.880000 51 27
26.950000 51 27
27.020000 51 27
27.090000 51 27
27.160000 51 27
27.230000 51 27
27.300000 51 27
27.370000 51 27
27.440000 51 27
27.510000 0 0
27.580000 0 0
27.650000 0 0
27.720000 0 0
27.790000 0 0
27.860000 0 0
27.930000 0 0
28.000000 0 0
28.070000 0 0
28.140000 0 0
28.210000 0 0
28.280000 0 0
28.350000 0 0
28.420000 0 0
28.490000 0 0
28.560000 55 27
28.630000 55 27
28.700000 55 27
28.770000 55 27
28.840000 55 27
28.910000 55 27
28.980000 55 27
29.050000 55 27
29.120000 55 27
29.190000 55 27
29.260000 55 27
29.330000 55 27
29.400000 55 27
29.470000 55 27
29.540000 0 0
29.610000 0 0
29.680000 0 0
29.750000 0 0
29.820000 0 0
29.890000 0 0
29.960000 0 0
30.030000 0 0
30.100000 0 0
30.170000 0 0
30.240000 0 0
30.310000 0 0
30.380000 0 0
30.450000 0 0
30.520000 0 0
30.590000 48 24
30.660000 48 24
30.730000 48 24
30.800000 48 24
30.870000 48 24
30.940000 48 24
31.010000 48 24
31.080000 48 24
31.150000 48 24
31.220000 48 24
31.290000 48 24
31.360000 48 24
31.430000 48 24
31.500000 48 24
31.570000 0 0
31.640000 48 33
31.710000 48 33
31.780000 48 33
31.850000 48 33
31.920000 48 33
31.990000 48 33
32.060000 48 33
32.130000 48 33
32.200000 48 33
32.270000 63 35
32.340000 63 35
32.410000 63 35
32.480000 63 35
32.550000 63 35
32.620000 63 35
32.690000 63 35
32.760000 0 0
32.830000 58 31
32.900000 58 31
32.970000 58 31
33.040000 58 31
33.110000 58 31
33.180000 58 31
33.250000 58 31
33.320000 0 0
33.390000 63 40
33.460000 63 40
33.530000 63 40
33.600000 63 40
33.670000 63 40
33.740000 63 40
33.810000 63 40
33.880000 63 40
33.950000 55 38
34.020000 55 38
34.090000 55 38
34.160000 55 38
34.230000 55 38
34.300000 55 38
34.370000 55 38
34.440000 55 38
34.510000 55 38
34.580000 55 38
34.650000 55 38
34.720000 55 38
34.790000 55 38
34.860000 55 38
34.930000 55 38
35.000000 55 38
35.070000 55 36
35.140000 55 36
35.210000 55 36
35.280000 55 36
35.350000 55 36
35.420000 55 36
35.490000 55 36
35.560000 55 36
35.630000 55 36
35.700000 55 36
35.770000 55 36
35.840000 55 36
35.910000 55 36
35.980000 55 36
36.050000 55 36
36.120000 55 36
36.190000 55 36
36.260000 55 36
36.330000 55 36
36.400000 55 36
36.470000 55 36
36.540000 55 36
36.610000 0 0
36.680000 53 34
36.750000 53 34
36.820000 53 34
36.890000 53 34
36.960000 53 34
37.030000 53 34
37.100000 53 34
37.170000 52 42
37.240000 52 42
37.310000 52 42
37.380000 52 42
37.450000 52 42
37.520000 52 42
37.590000 52 42
37.660000 52 34
37.730000 52 34
37.800000 52 34
37.870000 52 34
37.940000 52 34
38.010000 52 34
38.080000 52 34
38.150000 52 34
38.220000 0 0
38.290000 52 34
38.360000 52 34
38.430000 52 34
38.500000 52 34
38.570000 52 34
38.640000 52 34
38.710000 52 34
38.780000 52 34
38.850000 52 34
38.920000 52 34
38.990000 52 34
39.060000 52 34
39.130000 52 34
39.200000 52 34
39.270000 52 34
39.340000 53 24
39.410000 53 24
39.480000 53 24
39.550000 53 24
39.620000 53 24
39.690000 53 24
39.760000 53 24
39.830000 53 24
39.900000 53 24
39.970000 53 24
40.040000 53 24
40.110000 53 24
40.180000 53 24
40.250000 53 24
40.320000 53 24
40.390000 53 24
40.460000 0 0
40.530000 0 0
40.600000 0 0
40.670000 0 0
40.740000 0 0
40.810000 0 0
40.880000 0 0
40.950000 0 0
41.020000 0 0
41.090000 0 0
41.160000 0 0
41.230000 0 0
41.300000 0 0
41.370000 0 0
41.440000 0 0
41.510000 0 0
41.580000 0 0
41.650000 0 0
41.720000 0 0
41.790000 0 0
41.860000 0 0
41.930000 0 0
42.000000 0 0
42.070000 0 0
42.140000 0 0
42.210000 0 0
42.280000 0 0
42.350000 0 0
42.420000 0 0
42.490000 0 0
42.560000 0 0
42.630000 38 27
42.700000 38 27
42.770000 38 27
42.840000 38 27
42.910000 38 27
42.980000 38 27
43.050000 38 27
43.120000 38 27
43.190000 38 27
43.260000 38 27
43.330000 38 27
43.400000 38 27
43.470000 38 27
43.540000 38 27
43.610000 38 27
43.680000 38 27
43.750000 38 27
43.820000 38 27
43.890000 38 27
43.960000 38 27
44.030000 38 27
44.100000 38 27
44.170000 38 27
44.240000 38 27
44.310000 38 27
44.380000 38 27
44.450000 38 27
44.520000 38 27
44.590000 38 27
44.660000 38 27
44.730000 38 27
44.800000 38 27
44.870000 38 27
44.940000 38 27
45.010000 38 27
45.080000 38 27
45.150000 38 27
45.220000 38 27
45.290000 38 27
45.360000 38 27
45.430000 38 27
45.500000 38 27
45.570000 45 43
45.640000 46 32
45.710000 46 32
45.780000 46 32
45.850000 46 32
45.920000 46 32
45.990000 46 32
46.060000 46 32
46.130000 46 32
46.200000 46 32
46.270000 46 32
46.340000 46 32
46.410000 46 32
46.480000 46 32
46.550000 46 32
46.620000 0 0
46.690000 45 32
46.760000 45 32
46.830000 45 32
46.900000 45 32
46.970000 45 32
47.040000 45 32
47.110000 45 32
47.180000 45 32
47.250000 45 32
47.320000 45 32
47.390000 45 32
47.460000 45 32
47.530000 45 32
47.600000 45 32
47.670000 43 32
47.740000 43 32
47.810000 43 32
47.880000 43 32
47.950000 43 32
48.020000 43 32
48.090000 43 32
48.160000 43 32
48.230000 43 32
48.300000 43 32
48.370000 43 32
48.440000 43 32
48.510000 43 32
48.580000 43 32
48.650000 42 32
48.720000 42 32
48.790000 42 32
48.860000 42 32
48.930000 42 32
49.000000 42 32
49.070000 42 32
49.140000 42 32
49.210000 42 32
49.280000 42 32
49.350000 42 32
49.420000 42 32
49.490000 42 32
49.560000 0 0
49.630000 0 0
49.700000 0 0
49.770000 0 0
49.840000 0 0
49.910000 0 0
49.980000 0 0
50.050000 0 0
50.120000 0 0
50.190000 0 0
50.260000 0 0
50.330000 0 0
50.400000 0 0
50.470000 0 0
50.540000 0 0
50.610000 0 0
50.680000 0 0
50.750000 0 0
50.820000 0 0
50.890000 0 0
50.960000 0 0
51.030000 0 0
51.100000 0 0
51.170000 0 0
51.240000 0 0
51.310000 0 0
51.380000 0 0
51.450000 0 0
51.520000 0 0
51.590000 0 0
51.660000 0 0
51.730000 0 0
51.800000 0 0
51.870000 0 0
51.940000 0 0
52.010000 0 0
52.080000 0 0
52.150000 0 0
52.220000 0 0
52.290000 0 0
52.360000 0 0
52.430000 0 0
52.500000 0 0
52.570000 0 0
52.640000 0 0
52.710000 0 0
52.780000 0 0
52.850000 0 0
52.920000 0 0
52.990000 0 0
53.060000 0 0
53.130000 0 0
53.200000 0 0
53.270000 0 0
53.340000 0 0
53.410000 0 0
53.480000 0 0
53.550000 0 0
53.620000 0 0
53.690000 0 0
53.760000 0 0
53.830000 0 0
53.900000 0 0
53.970000 0 0
54.040000 0 0
54.110000 0 0
54.180000 0 0
54.250000 0 0
54.320000 0 0
54.390000 0 0
54.460000 0 0
54.530000 0 0
54.600000 0 0
54.670000 0 0
54.740000 0 0
54.810000 0 0
54.880000 0 0
54.950000 0 0
55.020000 0 0
55.090000 0 0
55.160000 0 0
55.230000 0 0
55.300000 0 0
55.370000 0 0
55.440000 0 0
55.510000 0 0
55.580000 0 0
55.650000 0 0
55.720000 0 0
55.790000 0 0
55.860000 0 0
55.930000 0 0
56.000000 0 0
56.070000 0 0
56.140000 0 0
56.210000 0 0
56.280000 0 0
56.350000 0 0
56.420000 0 0
56.490000 0 0
56.560000 0 0
56.630000 0 0
56.700000 0 0
56.770000 0 0
56.840000 0 0
56.910000 0 0
56.980000 0 0
57.050000 0 0
57.120000 0 0
57.190000 0 0
57.260000 0 0
57.330000 0 0
57.400000 0 0
57.470000 0 0
57.540000 0 0
57.610000 0 0
57.680000 0 0
57.750000 0 0
57.820000 0 0
57.890000 0 0
57.960000 0 0
58.030000 0 0
58.100000 0 0
58.170000 0 0
58.240000 0 0
58.310000 0 0
58.380000 0 0
58.450000 0 0
58.520000 0 0
58.590000 0 0
58.660000 54 38
58.730000 54 38
58.800000 54 38
58.870000 54 38
58.940000 62 31
59.010000 62 31
59.080000 62 31
59.150000 54 26
59.220000 54 26
59.290000 54 26
59.360000 0 0
59.430000 62 31
59.500000 62 31
59.570000 62 31
59.640000 0 0
59.710000 54 36
59.780000 54 36
59.850000 54 36
59.920000 62 32
59.990000 62 32
60.060000 62 32
60.130000 0 0
60.200000 54 27
60.270000 54 27
60.340000 54 27
60.410000 62 32
60.480000 62 32
60.550000 62 32
60.620000 0 0
60.690000 54 35
60.760000 54 35
60.830000 54 35
60.900000 62 33
60.970000 62 33
61.040000 62 33
61.110000 0 0
61.180000 54 28
61.250000 54 28
61.320000 54 28
61.390000 62 33
61.460000 62 33
61.530000 62 33
61.600000 55 36
61.670000 55 36
61.740000 55 36
61.810000 0 0
61.880000 62 30
61.950000 62 30
62.020000 62 30
62.090000 55 25
62.160000 55 25
62.230000 55 25
62.300000 0 0
62.370000 62 30
62.440000 62 30
62.510000 62 30
62.580000 0 0
62.650000 57 38
62.720000 57 38
62.790000 57 38
62.860000 62 32
62.930000 62 32
63.000000 62 32
63.070000 0 0
63.140000 57 27
63.210000 57 27
63.280000 57 27
63.350000 62 32
63.420000 62 32
63.490000 62 32
63.560000 0 0
63.630000 57 38
63.700000 57 38
63.770000 57 38
63.840000 62 31
63.910000 62 31
63.980000 62 31
64.050000 57 26
64.120000 57 26
64.190000 57 26
64.260000 0 0
64.330000 62 31
64.400000 62 31
64.470000 62 31
64.540000 0 0
64.610000 57 38
64.680000 57 38
64.750000 57 38
64.820000 62 33
64.890000 62 33
64.960000 62 33
65.030000 0 0
65.100000 55 28
65.170000 55 28
65.240000 55 28
65.310000 62 33
65.380000 62 33
65.450000 62 33
65.520000 62 33
65.590000 54 38
65.660000 54 38
65.730000 54 38
65.800000 0 0
65.870000 62 33
65.940000 62 33
66.010000 62 33
66.080000 54 28
66.150000 54 28
66.220000 54 28
66.290000 0 0
66.360000 62 33
66.430000 62 33
66.500000 62 33
66.570000 54 38
66.640000 54 38
66.710000 54 38
66.780000 0 0
66.850000 62 34
66.920000 62 34
66.990000 62 34
67.060000 54 28
67.130000 54 28
67.200000 54 28
67.270000 0 0
67.340000 62 34
67.410000 62 34
67.480000 62 34
67.550000 62 34
67.620000 54 37
67.690000 54 37
67.760000 54 37
67.830000 62 33
67.900000 62 33
67.970000 62 33
68.040000 0 0
68.110000 54 28
68.180000 54 28
68.250000 54 28
68.320000 62 33
68.390000 62 33
68.460000 62 33
68.530000 0 0
68.600000 54 38
68.670000 54 38
68.740000 54 38
68.810000 62 34
68.880000 62 34
68.950000 62 34
69.020000 54 28
69.090000 54 28
69.160000 54 28
69.230000 0 0
69.300000 62 34
69.370000 62 34
69.440000 62 34
69.510000 55 38
69.580000 55 38
69.650000 55 38
69.720000 0 0
69.790000 62 34
69.860000 62 34
69.930000 62 34
70.000000 55 28
70.070000 55 28
70.140000 55 28
70.210000 0 0
70.280000 62 34
70.350000 62 34
70.420000 62 34
70.490000 57 38
70.560000 57 38
70.630000 57 38
70.700000 0 0
70.770000 62 33
70.840000 62 33
70.910000 62 33
70.980000 57 28
71.050000 57 28
71.120000 57 28
71.190000 0 0
71.260000 62 34
71.330000 62 34
71.400000 62 34
71.470000 57 39
71.540000 57 39
71.610000 57 39
71.680000 0 0
71.750000 62 35
71.820000 62 35
71.890000 62 35
71.960000 57 29
72.030000 57 29
72.100000 57 29
72.170000 0 0
72.240000 62 35
72.310000 62 35
72.380000 62 35
72.450000 57 38
72.520000 57 38
72.590000 57 38
72.660000 0 0
72.730000 62 35
72.800000 62 35
72.870000 62 35
72.940000 55 29
73.010000 55 29
73.080000 55 29
73.150000 0 0
73.220000 62 35
73.290000 62 35
73.360000 62 35
73.430000 54 39
73.500000 54 39
73.570000 54 39
73.640000 62 36
73.710000 62 36
73.780000 62 36
73.850000 0 0
73.920000 54 30
73.990000 54 30
74.060000 54 30
74.130000 62 36
74.200000 62 36
74.270000 62 36
74.340000 0 0
74.410000 58 56
74.480000 0 0
74.550000 0 0
74.620000 62 47
74.690000 0 0
74.760000 0 0
74.830000 0 0
74.900000 66 47
74.970000 0 0
75.040000 0 0
75.110000 0 0
75.180000 67 47
75.250000 0 0
75.320000 0 0
75.390000 62 56
75.460000 0 0
75.530000 0 0
75.600000 0 0
75.670000 58 42
75.740000 0 0
75.810000 0 0
75.880000 57 42
75.950000 0 0
76.020000 0 0
76.090000 55 42
76.160000 0 0
76.230000 0 0
76.300000 0 0
76.370000 50 47
76.440000 0 0
76.510000 0 0
76.580000 57 40
76.650000 0 0
76.720000 0 0
76.790000 0 0
76.860000 60 40
76.930000 0 0
77.000000 0 0
77.070000 50 40
77.140000 0 0
77.210000 0 0
77.280000 0 0
77.350000 51 52
77.420000 0 0
77.490000 0 0
77.560000 55 36
77.630000 0 0
77.700000 0 0
77.770000 0 0
77.840000 58 36
77.910000 0 0
77.980000 0 0
78.050000 55 36
78.120000 0 0
78.190000 0 0
78.260000 0 0
78.330000 51 44
78.400000 0 0
78.470000 0 0
78.540000 58 36
78.610000 0 0
78.680000 0 0
78.750000 0 0
78.820000 62 35
78.890000 0 0
78.960000 0 0
79.030000 63 35
79.100000 0 0
79.170000 0 0
79.240000 58 43
79.310000 0 0
79.380000 0 0
79.450000 0 0
79.520000 55 30
79.590000 0 0
79.660000 0 0
79.730000 53 30
79.800000 0 0
79.870000 0 0
79.940000 0 0
80.010000 51 30
80.080000 0 0
80.150000 0 0
80.220000 43 39
80.290000 0 0
80.360000 0 0
80.430000 0 0
80.500000 50 29
80.570000 0 0
80.640000 0 0
80.710000 55 29
80.780000 0 0
80.850000 0 0
80.920000 0 0
80.990000 47 29
81.060000 0 0
81.130000 0 0
81.200000 48 38
81.270000 0 0
81.340000 0 0
81.410000 0 0
81.480000 51 28
81.550000 0 0
81.620000 0 0
81.690000 0 0
81.760000 55 29
81.830000 0 0
81.900000 0 0
81.970000 48 26
82.040000 48 26
82.110000 0 0
82.180000 0 0
82.250000 46 30
82.320000 46 30
82.390000 46 30
82.460000 46 30
82.530000 46 30
82.600000 46 30
82.670000 46 30
82.740000 46 30
82.810000 46 30
82.880000 46 30
82.950000 46 30
83.020000 46 30
83.090000 46 30
83.160000 46 30
83.230000 46 30
83.300000 46 30
83.370000 46 30
83.440000 46 30
83.510000 46 30
83.580000 46 30
83.650000 46 30
83.720000 46 30
83.790000 46 30
83.860000 46 30
83.930000 46 30
84.000000 46 30
84.070000 46 30
84.140000 46 30
84.210000 46 30
84.280000 46 30
84.350000 46 30
84.420000 46 30
84.490000 46 30
84.560000 46 30
84.630000 46 30
84.700000 46 30
84.770000 46 30
84.840000 46 30
84.910000 46 30
84.980000 46 30
85.050000 46 30
85.120000 46 30
85.190000 46 30
85.260000 46 30
85.330000 46 30
85.400000 46 30
85.470000 46 30
85.540000 46 30
85.610000 46 30
85.680000 46 30
85.750000 46 30
85.820000 46 30
85.890000 46 30
85.960000 46 30
86.030000 46 30
86.100000 46 30
86.170000 46 30
86.240000 46 30
86.310000 46 30
86.380000 46 30
86.450000 52 23
86.520000 61 30
86.590000 61 30
86.660000 61 30
86.730000 61 30
86.800000 61 30
86.870000 61 30
86.940000 61 30
87.010000 61 30
87.080000 61 30
87.150000 61 30
87.220000 61 30
87.290000 61 30
87.360000 61 30
87.430000 61 30
87.500000 61 30
87.570000 61 30
87.640000 61 30
87.710000 61 30
87.780000 61 30
87.850000 61 30
87.920000 61 30
87.990000 61 30
88.060000 61 30
88.130000 61 30
88.200000 61 30
88.270000 61 30
88.340000 61 30
88.410000 61 30
88.480000 61 30
88.550000 61 30
88.620000 61 30
88.690000 61 30
88.760000 61 30
88.830000 61 30
88.900000 61 30
88.970000 61 30
89.040000 61 30
89.110000 61 30
89.180000 61 30
89.250000 61 30
89.320000 61 30
89.390000 61 30
89.460000 61 30
89.530000 61 30
89.600000 61 30
89.670000 61 30
89.740000 61 30
89.810000 61 30
89.880000 61 30
89.950000 61 30
90.020000 61 30
90.090000 61 30
90.160000 61 30
90.230000 61 30
90.300000 61 30
90.370000 61 30
90.440000 61 30
90.510000 61 30
90.580000 61 30
90.650000 61 30
90.720000 61 30
90.790000 0 0
90.860000 0 0
90.930000 0 0
91.000000 0 0
91.070000 0 0
91.140000 0 0
91.210000 0 0
91.280000 0 0
91.350000 0 0
91.420000 0 0
91.490000 0 0
91.560000 0 0
91.630000 0 0
91.700000 0 0
91.770000 0 0
91.840000 0 0
91.910000 48 24
91.980000 48 24
92.050000 48 24
92.120000 48 24
92.190000 48 24
92.260000 48 24
92.330000 48 24
92.400000 48 24
92.470000 48 24
92.540000 48 24
92.610000 48 24
92.680000 48 24
92.750000 48 24
92.820000 48 24
92.890000 48 24
92.960000 0 0
93.030000 0 0
93.100000 0 0
93.170000 0 0
93.240000 0 0
93.310000 0 0
93.380000 0 0
93.450000 0 0
93.520000 0 0
93.590000 0 0
93.660000 0 0
93.730000 0 0
93.800000 0 0
93.870000 0 0
93.940000 0 0
94.010000 64 29
94.080000 64 29
94.150000 64 29
94.220000 64 29
94.290000 64 29
94.360000 64 29
94.430000 64 29
94.500000 64 29
94.570000 64 29
94.640000 64 29
94.710000 64 29
94.780000 64 29
94.850000 64 29
94.920000 64 29
94.990000 0 0
95.060000 0 0
95.130000 0 0
95.200000 0 0
95.270000 0 0
95.340000 0 0
95.410000 0 0
95.480000 0 0
95.550000 0 0
95.620000 0 0
95.690000 0 0
95.760000 0 0
95.830000 0 0
95.900000 0 0
95.970000 0 0
96.040000 53 20
96.110000 53 20
96.180000 53 20
96.250000 53 20
96.320000 53 20
96.390000 53 20
96.460000 53 20
96.530000 53 20
96.600000 53 20
96.670000 53 20
96.740000 53 20
96.810000 53 20
96.880000 53 20
96.950000 53 20
97.020000 0 0
97.090000 53 20
97.160000 53 20
97.230000 53 20
97.300000 53 20
97.370000 53 20
97.440000 53 20
97.510000 53 20
97.580000 53 20
97.650000 53 20
97.720000 68 35
97.790000 68 35
97.860000 68 35
97.930000 68 35
98.000000 68 35
98.070000 68 35
98.140000 68 35
98.210000 0 0
98.280000 63 31
98.350000 63 31
98.420000 63 31
98.490000 63 31
98.560000 63 31
98.630000 63 31
98.700000 63 31
98.770000 68 40
98.840000 68 40
98.910000 68 40
98.980000 68 40
99.050000 68 40
99.120000 68 40
99.190000 68 40
99.260000 0 0
99.330000 60 38
99.400000 60 38
99.470000 60 38
99.540000 60 38
99.610000 60 38
99.680000 60 38
99.750000 60 38
99.820000 60 38
99.890000 60 38
99.960000 60 38
100.030000 60 38
100.100000 60 38
100.170000 60 38
100.240000 60 38
100.310000 60 38
100.380000 60 38
100.450000 0 0
100.520000 60 36
100.590000 60 36
100.660000 60 36
100.730000 60 36
100.800000 60 36
100.870000 60 36
100.940000 60 36
101.010000 60 36
101.080000 60 36
101.150000 60 36
101.220000 60 36
101.290000 60 36
101.360000 60 36
101.430000 60 36
101.500000 60 36
101.570000 60 36
101.640000 60 36
101.710000 60 36
101.780000 60 36
101.850000 60 36
101.920000 60 36
101.990000 60 36
102.060000 58 34
102.130000 58 34
102.200000 58 34
102.270000 58 34
102.340000 58 34
102.410000 58 34
102.480000 58 34
102.550000 0 0
102.620000 57 42
102.690000 57 42
102.760000 57 42
102.830000 57 42
102.900000 57 42
102.970000 57 42
103.040000 57 42
103.110000 57 34
103.180000 57 34
103.250000 57 34
103.320000 57 34
103.390000 57 34
103.460000 57 34
103.530000 57 34
103.600000 57 34
103.670000 57 34
103.740000 57 34
103.810000 57 34
103.880000 57 34
103.950000 57 34
104.020000 57 34
104.090000 57 34
104.160000 57 34
104.230000 57 34
104.300000 57 34
104.370000 57 34
104.440000 57 34
104.510000 57 34
104.580000 57 34
104.650000 57 34
104.720000 0 0
104.790000 58 24
104.860000 58 24
104.930000 58 24
105.000000 58 24
105.070000 58 24
105.140000 58 24
105.210000 58 24
105.280000 58 24
105.350000 58 24
105.420000 58 24
105.490000 58 24
105.560000 58 24
105.630000 58 24
105.700000 58 24
105.770000 58 24
105.840000 58 24
105.910000 0 0
105.980000 0 0
106.050000 0 0
106.120000 0 0
106.190000 0 0
106.260000 0 0
106.330000 0 0
106.400000 0 0
106.470000 0 0
106.540000 0 0
106.610000 0 0
106.680000 0 0
106.750000 0 0
106.820000 0 0
106.890000 0 0
106.960000 0 0
107.030000 0 0
107.100000 0 0
107.170000 0 0
107.240000 0 0
107.310000 0 0
107.380000 0 0
107.450000 0 0
107.520000 0 0
107.590000 0 0
107.660000 0 0
107.730000 0 0
107.800000 0 0
107.870000 0 0
107.940000 0 0
108.010000 0 0
108.080000 36 32
108.150000 36 32
108.220000 36 32
108.290000 36 32
108.360000 36 32
108.430000 36 32
108.500000 36 32
108.570000 36 32
108.640000 36 32
108.710000 36 32
108.780000 36 32
108.850000 36 32
108.920000 36 32
108.990000 36 32
109.060000 36 32
109.130000 36 32
109.200000 36 32
109.270000 36 32
109.340000 36 32
109.410000 36 32
109.480000 36 32
109.550000 36 32
109.620000 36 32
109.690000 36 32
109.760000 36 32
109.830000 36 32
109.900000 36 32
109.970000 36 32
110.040000 36 32
110.110000 36 32
110.180000 36 32
110.250000 36 32
110.320000 36 32
110.390000 36 32
110.460000 36 32
110.530000 36 32
110.600000 36 32
110.670000 36 32
110.740000 36 32
110.810000 36 32
110.880000 36 32
110.950000 36 32
111.020000 43 43
111.090000 32 32
111.160000 32 32
111.230000 32 32
111.300000 32 32
111.370000 32 32
111.440000 32 32
111.510000 32 32
111.580000 32 32
111.650000 32 32
111.720000 32 32
111.790000 32 32
111.860000 32 32
111.930000 32 32
112.000000 32 32
112.070000 31 32
112.140000 31 32
112.210000 31 32
112.280000 31 32
112.350000 31 32
112.420000 31 32
112.490000 31 32
112.560000 31 32
112.630000 31 32
112.700000 31 32
112.770000 31 32
112.840000 31 32
112.910000 31 32
112.980000 31 32
113.050000 36 32
113.120000 36 32
113.190000 36 32
113.260000 36 32
113.330000 36 32
113.400000 36 32
113.470000 36 32
113.540000 36 32
113.610000 36 32
113.680000 36 32
113.750000 36 32
113.820000 36 32
113.890000 36 32
113.960000 36 32
114.030000 36 32
114.100000 36 32
114.170000 36 32
114.240000 36 32
114.310000 36 32
114.380000 36 32
114.450000 36 32
114.520000 36 32
114.590000 36 32
114.660000 36 32
114.730000 36 32
114.800000 36 32
114.870000 36 32
114.940000 0 0
115.010000 0 0
115.080000 0 0
115.150000 0 0
115.220000 0 0
115.290000 0 0
115.360000 0 0
115.430000 0 0
115.500000 0 0
115.570000 0 0
115.640000 0 0
115.710000 0 0
115.780000 0 0
115.850000 0 0
115.920000 0 0
115.990000 0 0
116.060000 0 0
116.130000 0 0
116.200000 0 0
116.270000 0 0
116.340000 0 0
116.410000 0 0
116.480000 0 0
116.550000 0 0
116.620000 0 0
116.690000 0 0
116.760000 0 0
116.830000 0 0
116.900000 0 0
116.970000 0 0
117.040000 0 0
117.110000 0 0
117.180000 0 0
117.250000 0 0
117.320000 0 0
117.390000 0 0
117.460000 0 0
117.530000 0 0
117.600000 0 0
117.670000 0 0
117.740000 0 0
117.810000 0 0
117.880000 0 0
117.950000 0 0
118.020000 0 0
118.090000 0 0
118.160000 0 0
118.230000 0 0
118.300000 0 0
118.370000 0 0
118.440000 0 0
118.510000 0 0
118.580000 0 0
118.650000 0 0
118.720000 0 0
118.790000 0 0
118.860000 0 0
118.930000 0 0
119.000000 0 0
119.070000 0 0
119.140000 0 0
119.210000 0 0
119.280000 0 0
119.350000 0 0
119.420000 0 0
119.490000 0 0
119.560000 0 0
119.630000 0 0
119.700000 0 0
119.770000 0 0
119.840000 0 0
119.910000 0 0
119.980000 0 0
120.050000 0 0
120.120000 0 0
120.190000 0 0
120.260000 0 0
120.330000 0 0
120.400000 0 0
120.470000 0 0
120.540000 0 0
120.610000 0 0
120.680000 0 0
120.750000 0 0
120.820000 0 0
120.890000 0 0
120.960000 0 0
121.030000 0 0
121.100000 0 0
121.170000 0 0
121.240000 0 0
121.310000 0 0
121.380000 0 0
121.450000 0 0
121.520000 0 0
121.590000 0 0
121.660000 0 0
121.730000 0 0
121.800000 0 0
121.870000 0 0
121.940000 0 0
122.010000 0 0
122.080000 0 0
122.150000 0 0
122.220000 0 0
122.290000 0 0
122.360000 0 0
122.430000 0 0
122.500000 0 0
122.570000 0 0
122.640000 0 0
122.710000 0 0
122.780000 0 0
122.850000 0 0
122.920000 0 0
122.990000 0 0
123.060000 0 0
123.130000 0 0
123.200000 0 0
123.270000 0 0
123.340000 0 0
123.410000 0 0
123.480000 0 0
123.550000 0 0
123.620000 0 0
123.690000 0 0
123.760000 0 0
123.830000 0 0
123.900000 0 0
123.970000 0 0
124.040000 52 38
124.110000 52 38
124.180000 52 38
124.250000 52 38
124.320000 60 31
124.390000 60 31
124.460000 60 31
124.530000 0 0
124.600000 52 26
124.670000 52 26
124.740000 52 26
124.810000 0 0
124.880000 60 31
124.950000 60 31
125.020000 60 31
125.090000 52 36
125.160000 52 36
125.230000 52 36
125.300000 0 0
125.370000 60 32
125.440000 60 32
125.510000 60 32
125.580000 52 27
125.650000 52 27
125.720000 52 27
125.790000 0 0
125.860000 60 32
125.930000 60 32
126.000000 60 32
126.070000 52 35
126.140000 52 35
126.210000 52 35
126.280000 0 0
126.350000 60 33
126.420000 60 33
126.490000 60 33
126.560000 52 28
126.630000 52 28
126.700000 52 28
126.770000 0 0
126.840000 60 33
126.910000 60 33
126.980000 60 33
127.050000 53 36
127.120000 53 36
127.190000 53 36
127.260000 0 0
127.330000 60 30
127.400000 60 30
127.470000 60 30
127.540000 53 25
127.610000 53 25
127.680000 53 25
127.750000 0 0
127.820000 60 30
127.890000 60 30
127.960000 60 30
128.030000 55 38
128.100000 55 38
128.170000 55 38
128.240000 0 0
128.310000 60 32
128.380000 60 32
128.450000 60 32
128.520000 55 27
128.590000 55 27
128.660000 55 27
128.730000 0 0
128.800000 60 32
128.870000 60 32
128.940000 60 32
129.010000 55 38
129.080000 55 38
129.150000 55 38
129.220000 0 0
129.290000 60 31
129.360000 60 31
129.430000 60 31
129.500000 55 26
129.570000 55 26
129.640000 55 26
129.710000 0 0
129.780000 60 31
129.850000 60 31
129.920000 60 31
129.990000 55 38
130.060000 55 38
130.130000 55 38
130.200000 0 0
130.270000 60 33
130.340000 60 33
130.410000 60 33
130.480000 53 28
130.550000 53 28
130.620000 53 28
130.690000 0 0
130.760000 60 33
130.830000 60 33
130.900000 60 33
130.970000 60 33
131.040000 52 38
131.110000 52 38
131.180000 52 38
131.250000 60 33
131.320000 60 33
131.390000 60 33
131.460000 0 0
131.530000 52 28
131.600000 52 28
131.670000 52 28
131.740000 60 33
131.810000 60 33
131.880000 60 33
131.950000 0 0
132.020000 52 38
132.090000 52 38
132.160000 52 38
132.230000 60 34
132.300000 60 34
132.370000 60 34
132.440000 0 0
132.510000 52 28
132.580000 52 28
132.650000 52 28
132.720000 60 34
132.790000 60 34
132.860000 60 34
132.930000 60 34
133.000000 52 37
133.070000 52 37
133.140000 52 37
133.210000 0 0
133.280000 60 33
133.350000 60 33
133.420000 60 33
133.490000 52 28
133.560000 52 28
133.630000 52 28
133.700000 0 0
133.770000 60 33
133.840000 60 33
133.910000 60 33
133.980000 52 38
134.050000 52 38
134.120000 52 38
134.190000 0 0
134.260000 60 34
134.330000 60 34
134.400000 60 34
134.470000 52 28
134.540000 52 28
134.610000 52 28
134.680000 0 0
134.750000 60 34
134.820000 60 34
134.890000 60 34
134.960000 53 38
135.030000 53 38
135.100000 53 38
135.170000 60 34
135.240000 60 34
135.310000 60 34
135.380000 0 0
135.450000 53 28
135.520000 53 28
135.590000 53 28
135.660000 60 34
135.730000 60 34
135.800000 60 34
135.870000 0 0
135.940000 55 38
136.010000 55 38
136.080000 55 38
136.150000 60 33
136.220000 60 33
136.290000 60 33
136.360000 0 0
136.430000 55 28
136.500000 55 28
136.570000 55 28
136.640000 60 34
136.710000 60 34
136.780000 60 34
136.850000 0 0
136.920000 55 39
136.990000 55 39
137.060000 55 39
137.130000 60 35
137.200000 60 35
137.270000 60 35
137.340000 0 0
137.410000 55 29
137.480000 55 29
137.550000 55 29
137.620000 60 35
137.690000 60 35
137.760000 60 35
137.830000 0 0
137.900000 55 38
137.970000 55 38
138.040000 55 38
138.110000 60 35
138.180000 60 35
138.250000 60 35
138.320000 0 0
138.390000 53 29
138.460000 53 29
138.530000 53 29
138.600000 60 35
138.670000 60 35
138.740000 60 35
138.810000 52 39
138.880000 52 39
138.950000 52 39
139.020000 0 0
139.090000 60 36
139.160000 60 36
139.230000 60 36
139.300000 52 30
139.370000 52 30
139.440000 52 30
139.510000 0 0
139.580000 60 36
139.650000 60 36
139.720000 60 36
139.790000 56 56
139.860000 0 0
139.930000 0 0
140.000000 0 0
140.070000 60 47
140.140000 0 0
140.210000 0 0
140.280000 64 47
140.350000 0 0
140.420000 0 0
140.490000 0 0
140.560000 65 47
140.630000 0 0
140.700000 0 0
140.770000 60 56
140.840000 0 0
140.910000 0 0
140.980000 0 0
141.050000 56 42
141.120000 0 0
141.190000 0 0
141.260000 55 42
141.330000 0 0
141.400000 0 0
141.470000 0 0
141.540000 53 42
141.610000 0 0
141.680000 0 0
141.750000 48 56
141.820000 0 0
141.890000 0 0
141.960000 0 0
142.030000 55 40
142.100000 0 0
142.170000 0 0
142.240000 58 40
142.310000 0 0
142.380000 0 0
142.450000 48 40
142.520000 0 0
142.590000 0 0
142.660000 0 0
142.730000 49 52
142.800000 0 0
142.870000 0 0
142.940000 53 36
143.010000 0 0
143.080000 0 0
143.150000 0 0
143.220000 56 36
143.290000 0 0
143.360000 0 0
143.430000 53 36
143.500000 0 0
143.570000 0 0
143.640000 0 0
143.710000 49 51
143.780000 0 0
143.850000 0 0
143.920000 56 38
143.990000 0 0
144.060000 0 0
144.130000 0 0
144.200000 60 38
144.270000 0 0
144.340000 0 0
144.410000 61 38
144.480000 0 0
144.550000 0 0
144.620000 0 0
144.690000 56 47
144.760000 0 0
144.830000 0 0
144.900000 53 33
144.970000 0 0
145.040000 0 0
145.110000 51 33
145.180000 0 0
145.250000 0 0
145.320000 0 0
145.390000 49 33
145.460000 0 0
145.530000 0 0
145.600000 41 44
145.670000 0 0
145.740000 0 0
145.810000 0 0
145.880000 48 33
145.950000 0 0
146.020000 0 0
146.090000 53 33
146.160000 0 0
146.230000 0 0
146.300000 0 0
146.370000 45 33
146.440000 0 0
146.510000 0 0
146.580000 0 0
146.650000 46 44
146.720000 0 0
146.790000 0 0
146.860000 49 33
146.930000 0 0
147.000000 0 0
147.070000 0 0
147.140000 53 34
147.210000 0 0
147.280000 0 0
147.350000 0 0
147.420000 46 34
147.490000 46 34
147.560000 0 0
147.630000 0 0
147.700000 43 30
147.770000 43 30
147.840000 43 30
147.910000 43 30
147.980000 43 30
148.050000 43 30
148.120000 43 30
148.190000 43 30
148.260000 43 30
148.330000 43 30
148.400000 43 30
148.470000 43 30
148.540000 43 30
148.610000 43 30
148.680000 43 30
148.750000 43 30
148.820000 43 30
148.890000 43 30
148.960000 43 30
149.030000 43 30
149.100000 43 30
149.170000 43 30
149.240000 43 30
149.310000 43 30
149.380000 43 30
149.450000 43 30
149.520000 43 30
149.590000 43 30
149.660000 43 30
149.730000 43 30
149.800000 43 30
149.870000 43 30
149.940000 43 30
150.010000 43 30
150.080000 43 30
150.150000 43 30
150.220000 43 30
150.290000 43 30
150.360000 43 30
150.430000 43 30
150.500000 43 30
150.570000 43 30
150.640000 43 30
150.710000 43 30
150.780000 43 30
150.850000 43 30
150.920000 43 30
150.990000 43 30
151.060000 43 30
151.130000 43 30
151.200000 43 30
151.270000 43 30
151.340000 43 30
151.410000 43 30
151.480000 43 30
151.550000 43 30
151.620000 43 30
151.690000 43 30
151.760000 43 30
151.830000 43 30
151.900000 0 0
151.970000 0 0
152.040000 0 0
152.110000 0 0
152.180000 0 0
152.250000 0 0
152.320000 0 0
152.390000 0 0
152.460000 0 0
152.530000 0 0
152.600000 0 0
152.670000 0 0
152.740000 0 0
152.810000 0 0
152.880000 0 0
152.950000 0 0
153.020000 0 0
153.090000 0 0
153.160000 0 0
153.230000 0 0
153.300000 0 0
153.370000 0 0
153.440000 0 0
153.510000 0 0
153.580000 0 0
153.650000 0 0
153.720000 0 0
153.790000 0 0
153.860000 0 0
153.930000 0 0
154.000000 0 0
154.070000 0 0
154.140000 0 0
154.210000 0 0
154.280000 0 0
154.350000 0 0
154.420000 0 0
154.490000 0 0
154.560000 0 0
154.630000 0 0
154.700000 0 0
154.770000 0 0
154.840000 0 0
154.910000 0 0
154.980000 0 0
155.050000 0 0
155.120000 0 0
155.190000 0 0
155.260000 0 0
155.330000 0 0
155.400000 0 0
155.470000 0 0
155.540000 0 0
155.610000 0 0
155.680000 0 0
155.750000 0 0
155.820000 0 0
155.890000 0 0
155.960000 0 0
156.030000 0 0
156.100000 0 0
156.170000 47 30
156.240000 47 30
156.310000 47 30
156.380000 47 30
156.450000 47 30
156.520000 47 30
156.590000 47 30
156.660000 47 30
156.730000 47 30
156.800000 47 30
156.870000 47 30
156.940000 47 30
157.010000 47 30
157.080000 47 30
157.150000 47 30
157.220000 47 30
157.290000 47 30
157.360000 47 30
157.430000 47 30
157.500000 47 30
157.570000 47 30
157.640000 47 30
157.710000 47 30
157.780000 47 30
157.850000 47 30
157.920000 47 30
157.990000 47 30
158.060000 47 30
158.130000 47 30
158.200000 47 30
158.270000 47 30
158.340000 47 30
158.410000 47 30
158.480000 47 30
158.550000 47 30
158.620000 47 30
158.690000 47 30
158.760000 47 30
158.830000 47 30
158.900000 47 30
158.970000 47 30
159.040000 47 30
159.110000 47 30
159.180000 47 30
159.250000 47 30
159.320000 47 30
159.390000 47 30
159.460000 47 30
159.530000 47 30
159.600000 47 30
159.670000 47 30
159.740000 47 30
159.810000 47 30
159.880000 47 30
159.950000 47 30
160.020000 47 30
160.090000 47 30
160.160000 47 30
160.230000 47 30
160.300000 47 30
160.370000 0 0
160.440000 0 0
160.510000 0 0
160.580000 0 0
160.650000 0 0
160.720000 0 0
160.790000 0 0
160.860000 0 0
160.930000 0 0
161.000000 0 0
161.070000 0 0
161.140000 0 0
161.210000 0 0
161.280000 0 0
161.350000 0 0
161.420000 0 0
161.490000 0 0
161.560000 0 0
161.630000 0 0
161.700000 0 0
161.770000 0 0
161.840000 0 0
161.910000 0 0
161.980000 0 0
162.050000 0 0
162.120000 0 0
162.190000 0 0
162.260000 0 0
162.330000 0 0
162.400000 0 0
162.470000 0 0
162.540000 0 0
162.610000 0 0
162.680000 0 0
162.750000 0 0
162.820000 0 0
162.890000 0 0
162.960000 0 0
163.030000 0 0
163.100000 0 0
163.170000 0 0
163.240000 0 0
163.310000 0 0
163.380000 0 0
163.450000 0 0
163.520000 0 0
163.590000 0 0
163.660000 0 0
163.730000 0 0
163.800000 0 0
163.870000 0 0
163.940000 0 0
164.010000 0 0
164.080000 0 0
164.150000 0 0
164.220000 0 0
164.290000 0 0
164.360000 0 0
164.430000 0 0
164.500000 46 33
164.570000 0 0
164.640000 62 33
164.710000 62 33
164.780000 62 33
164.850000 62 33
164.920000 62 33
164.990000 62 33
165.060000 62 33
165.130000 62 33
165.200000 62 33
165.270000 62 33
165.340000 62 33
165.410000 62 33
165.480000 62 33
165.550000 62 33
165.620000 62 33
165.690000 53 26
165.760000 53 26
165.830000 53 26
165.900000 53 26
165.970000 53 26
166.040000 53 26
166.110000 53 26
166.180000 53 26
166.250000 53 26
166.320000 53 26
166.390000 53 26
166.460000 53 26
166.530000 53 26
166.600000 53 26
166.670000 53 26
166.740000 62 31
166.810000 62 31
166.880000 62 31
166.950000 62 31
167.020000 62 31
167.090000 62 31
167.160000 62 31
167.230000 62 31
167.300000 62 31
167.370000 62 31
167.440000 62 31
167.510000 62 31
167.580000 62 31
167.650000 62 31
167.720000 62 31
167.790000 0 0
167.860000 53 25
167.930000 53 25
168.000000 53 25
168.070000 53 25
168.140000 53 25
168.210000 53 25
168.280000 53 25
168.350000 53 25
168.420000 53 25
168.490000 53 25
168.560000 53 25
168.630000 53 25
168.700000 53 25
168.770000 53 25
168.840000 53 25
168.910000 65 33
168.980000 65 33
169.050000 65 33
169.120000 65 33
169.190000 65 33
169.260000 65 33
169.330000 65 33
169.400000 65 33
169.470000 65 33
169.540000 65 33
169.610000 65 33
169.680000 65 33
169.750000 65 33
169.820000 65 33
169.890000 65 33
169.960000 0 0
170.030000 62 28
170.100000 62 28
170.170000 62 28
170.240000 62 28
170.310000 62 28
170.380000 62 28
170.450000 62 28
170.520000 62 28
170.590000 62 28
170.660000 62 28
170.730000 62 28
170.800000 62 28
170.870000 62 28
170.940000 62 28
171.010000 62 28
171.080000 0 0
171.150000 68 28
171.220000 68 28
171.290000 68 28
171.360000 68 28
171.430000 68 28
171.500000 68 28
171.570000 68 28
171.640000 68 28
171.710000 68 28
171.780000 68 28
171.850000 68 28
171.920000 68 28
171.990000 68 28
172.060000 68 28
172.130000 68 28
172.200000 68 28
172.270000 68 28
172.340000 65 28
172.410000 65 28
172.480000 65 28
172.550000 65 28
172.620000 65 28
172.690000 65 28
172.760000 65 28
172.830000 65 28
172.900000 65 28
172.970000 65 28
173.040000 65 28
173.110000 65 28
173.180000 65 28
173.250000 65 28
173.320000 65 28
173.390000 65 28
173.460000 65 28
173.530000 0 0
