"beethoven_opus22_3"

# Piano right
0.000000 0 0
0.070000 0 0
0.140000 0 0
0.210000 0 0
0.280000 0 0
0.350000 0 0
0.420000 0 0
0.490000 0 0
0.560000 0 0
0.630000 0 0
0.700000 0 0
0.770000 0 0
0.840000 0 0
0.910000 0 0
0.980000 0 0
1.050000 0 0
1.120000 62 50
1.190000 62 50
1.260000 62 50
1.330000 62 50
1.400000 62 50
1.470000 63 46
1.540000 0 0
1.610000 65 50
1.680000 65 50
1.750000 65 50
1.820000 65 50
1.890000 65 50
1.960000 65 50
2.030000 65 50
2.100000 65 50
2.170000 65 50
2.240000 65 50
2.310000 65 50
2.380000 65 50
2.450000 65 50
2.520000 65 50
2.590000 0 0
2.660000 67 50
2.730000 0 0
2.800000 65 45
2.870000 67 50
2.940000 0 0
3.010000 69 43
3.080000 0 0
3.150000 70 50
3.220000 70 50
3.290000 70 50
3.360000 70 50
3.430000 70 50
3.500000 70 50
3.570000 70 50
3.640000 65 41
3.710000 65 41
3.780000 65 41
3.850000 65 41
3.920000 65 41
3.990000 65 41
4.060000 0 0
4.130000 67 50
4.200000 0 0
4.270000 65 46
4.340000 0 0
4.410000 67 50
4.480000 0 0
4.550000 69 50
4.620000 0 0
4.690000 0 0
4.760000 0 0
4.830000 0 0
4.900000 0 0
4.970000 0 0
5.040000 0 0
5.110000 0 0
5.180000 0 0
5.250000 0 0
5.320000 0 0
5.390000 0 0
5.460000 0 0
5.530000 0 0
5.600000 0 0
5.670000 0 0
5.740000 0 0
5.810000 0 0
5.880000 0 0
5.950000 0 0
6.020000 0 0
6.090000 0 0
6.160000 70 53
6.230000 70 53
6.300000 70 53
6.370000 70 53
6.440000 70 53
6.510000 70 53
6.580000 70 53
6.650000 69 48
6.720000 69 48
6.790000 69 48
6.860000 0 0
6.930000 0 0
7.000000 0 0
7.070000 0 0
7.140000 75 50
7.210000 0 0
7.280000 74 46
7.350000 0 0
7.420000 75 54
7.490000 0 0
7.560000 77 51
7.630000 79 59
7.700000 79 59
7.770000 79 59
7.840000 79 59
7.910000 79 59
7.980000 79 59
8.050000 79 59
8.120000 72 50
8.190000 72 50
8.260000 72 50
8.330000 72 50
8.400000 72 50
8.470000 72 50
8.540000 0 0
8.610000 0 0
8.680000 72 50
8.750000 71 46
8.820000 0 0
8.890000 72 54
8.960000 0 0
9.030000 74 51
9.100000 0 0
9.170000 75 59
9.240000 75 59
9.310000 75 59
9.380000 75 59
9.450000 75 59
9.520000 75 59
9.590000 75 59
9.660000 69 50
9.730000 69 50
9.800000 69 50
9.870000 69 50
9.940000 69 50
10.010000 69 50
10.080000 0 0
10.150000 69 50
10.220000 67 46
10.290000 0 0
10.360000 69 52
10.430000 0 0
10.500000 70 48
10.570000 0 0
10.640000 72 53
10.710000 0 0
10.780000 71 50
10.850000 72 54
10.920000 0 0
10.990000 74 51
11.060000 0 0
11.130000 75 57
11.200000 0 0
11.270000 74 52
11.340000 75 58
11.410000 0 0
11.480000 77 55
11.550000 0 0
11.620000 0 0
11.690000 0 0
11.760000 0 0
11.830000 0 0
11.900000 0 0
11.970000 69 42
12.040000 69 42
12.110000 0 0
12.180000 72 50
12.250000 72 50
12.320000 72 50
12.390000 72 50
12.460000 72 50
12.530000 72 50
12.600000 72 50
12.670000 70 44
12.740000 70 44
12.810000 70 44
12.880000 70 44
12.950000 0 0
13.020000 0 0
13.090000 0 0
13.160000 0 0
13.230000 62 50
13.300000 62 50
13.370000 62 50
13.440000 62 50
13.510000 62 50
13.580000 0 0
13.650000 63 46
13.720000 0 0
13.790000 65 50
13.860000 65 50
13.930000 65 50
14.000000 65 50
14.070000 65 50
14.140000 65 50
14.210000 65 50
14.280000 65 50
14.350000 65 50
14.420000 65 50
14.490000 65 50
14.560000 65 50
14.630000 65 50
14.700000 0 0
14.770000 67 50
14.840000 0 0
14.910000 65 45
14.980000 0 0
15.050000 67 50
15.120000 0 0
15.190000 69 43
15.260000 0 0
15.330000 70 50
15.400000 70 50
15.470000 70 50
15.540000 70 50
15.610000 70 50
15.680000 70 50
15.750000 70 50
15.820000 65 41
15.890000 65 41
15.960000 65 41
16.030000 65 41
16.100000 65 41
16.170000 65 41
16.240000 0 0
16.310000 67 50
16.380000 65 46
16.450000 0 0
16.520000 67 50
16.590000 0 0
16.660000 69 50
16.730000 0 0
16.800000 0 0
16.870000 0 0
16.940000 0 0
17.010000 0 0
17.080000 0 0
17.150000 0 0
17.220000 0 0
17.290000 0 0
17.360000 0 0
17.430000 0 0
17.500000 0 0
17.570000 0 0
17.640000 0 0
17.710000 0 0
17.780000 0 0
17.850000 0 0
17.920000 0 0
17.990000 0 0
18.060000 0 0
18.130000 0 0
18.200000 0 0
18.270000 70 53
18.340000 70 53
18.410000 70 53
18.480000 70 53
18.550000 70 53
18.620000 70 53
18.690000 70 53
18.760000 69 48
18.830000 69 48
18.900000 69 48
18.970000 0 0
19.040000 0 0
19.110000 0 0
19.180000 0 0
19.250000 0 0
19.320000 75 50
19.390000 74 46
19.460000 0 0
19.530000 75 54
19.600000 0 0
19.670000 77 51
19.740000 0 0
19.810000 79 59
19.880000 79 59
19.950000 79 59
20.020000 79 59
20.090000 79 59
20.160000 79 59
20.230000 0 0
20.300000 72 50
20.370000 72 50
20.440000 72 50
20.510000 72 50
20.580000 72 50
20.650000 72 50
20.720000 0 0
20.790000 72 50
20.860000 0 0
20.930000 71 46
21.000000 72 54
21.070000 0 0
21.140000 74 51
21.210000 0 0
21.280000 75 59
21.350000 75 59
21.420000 75 59
21.490000 75 59
21.560000 75 59
21.630000 75 59
21.700000 0 0
21.770000 69 50
21.840000 69 50
21.910000 69 50
21.980000 69 50
22.050000 69 50
22.120000 69 50
22.190000 0 0
22.260000 69 50
22.330000 0 0
22.400000 67 46
22.470000 69 52
22.540000 0 0
22.610000 70 48
22.680000 0 0
22.750000 72 53
22.820000 0 0
22.890000 71 50
22.960000 72 54
23.030000 0 0
23.100000 74 51
23.170000 0 0
23.240000 75 57
23.310000 0 0
23.380000 74 52
23.450000 75 58
23.520000 0 0
23.590000 77 55
23.660000 0 0
23.730000 0 0
23.800000 0 0
23.870000 0 0
23.940000 0 0
24.010000 0 0
24.080000 0 0
24.150000 69 42
24.220000 69 42
24.290000 72 50
24.360000 72 50
24.430000 72 50
24.500000 72 50
24.570000 72 50
24.640000 72 50
24.710000 72 50
24.780000 0 0
24.850000 70 44
24.920000 70 44
24.990000 70 44
25.060000 70 44
25.130000 0 0
25.200000 0 0
25.270000 0 0
25.340000 0 0
25.410000 69 38
25.480000 0 0
25.550000 70 34
25.620000 0 0
25.690000 69 42
25.760000 70 34
25.830000 0 0
25.900000 69 45
25.970000 0 0
26.040000 70 40
26.110000 0 0
26.180000 69 49
26.250000 70 39
26.320000 0 0
26.390000 69 52
26.460000 0 0
26.530000 70 47
26.600000 69 55
26.670000 0 0
26.740000 70 46
26.810000 0 0
26.880000 69 59
26.950000 70 53
27.020000 0 0
27.090000 69 63
27.160000 0 0
27.230000 70 52
27.300000 0 0
27.370000 69 83
27.440000 69 83
27.510000 69 83
27.580000 0 0
27.650000 0 0
27.720000 0 0
27.790000 0 0
27.860000 86 100
27.930000 86 100
28.000000 86 100
28.070000 86 100
28.140000 86 100
28.210000 86 100
28.280000 86 100
28.350000 86 100
28.420000 86 100
28.490000 86 100
28.560000 0 0
28.630000 84 75
28.700000 0 0
28.770000 0 0
28.840000 82 91
28.910000 82 91
28.980000 82 91
29.050000 0 0
29.120000 0 0
29.190000 0 0
29.260000 0 0
29.330000 0 0
29.400000 70 72
29.470000 70 72
29.540000 70 72
29.610000 0 0
29.680000 0 0
29.750000 0 0
29.820000 0 0
29.890000 72 69
29.960000 72 69
30.030000 72 69
30.100000 0 0
30.170000 0 0
30.240000 0 0
30.310000 0 0
30.380000 72 69
30.450000 72 69
30.520000 72 69
30.590000 72 69
30.660000 72 69
30.730000 72 69
30.800000 72 69
30.870000 70 61
30.940000 70 61
31.010000 70 61
31.080000 0 0
31.150000 0 0
31.220000 0 0
31.290000 0 0
31.360000 0 0
31.430000 56 25
31.500000 59 27
31.570000 0 0
31.640000 56 27
31.710000 0 0
31.780000 59 26
31.850000 0 0
31.920000 56 28
31.990000 59 30
32.060000 0 0
32.130000 56 30
32.200000 0 0
32.270000 59 29
32.340000 56 33
32.410000 0 0
32.480000 59 36
32.550000 0 0
32.620000 56 36
32.690000 0 0
32.760000 59 34
32.830000 56 38
32.900000 0 0
32.970000 59 41
33.040000 0 0
33.110000 56 40
33.180000 0 0
33.250000 59 40
33.320000 59 40
33.390000 56 65
33.460000 56 65
33.530000 56 65
33.600000 0 0
33.670000 0 0
33.740000 0 0
33.810000 0 0
33.880000 80 85
33.950000 80 85
34.020000 80 85
34.090000 80 85
34.160000 80 85
34.230000 80 85
34.300000 80 85
34.370000 80 85
34.440000 80 85
34.510000 80 85
34.580000 79 59
34.650000 79 59
34.720000 79 59
34.790000 0 0
34.860000 77 70
34.930000 77 70
35.000000 77 70
35.070000 77 70
35.140000 77 70
35.210000 75 53
35.280000 0 0
35.350000 65 52
35.420000 65 52
35.490000 65 52
35.560000 65 52
35.630000 65 52
35.700000 65 52
35.770000 65 52
35.840000 63 46
35.910000 63 46
35.980000 63 46
36.050000 63 46
36.120000 63 46
36.190000 63 46
36.260000 63 46
36.330000 0 0
36.400000 62 40
36.470000 62 40
36.540000 62 40
36.610000 62 40
36.680000 62 40
36.750000 62 40
36.820000 62 40
36.890000 60 36
36.960000 60 36
37.030000 60 36
37.100000 0 0
37.170000 0 0
37.240000 0 0
37.310000 0 0
37.380000 62 50
37.450000 62 50
37.520000 62 50
37.590000 62 50
37.660000 62 50
37.730000 0 0
37.800000 63 46
37.870000 0 0
37.940000 65 50
38.010000 65 50
38.080000 65 50
38.150000 65 50
38.220000 65 50
38.290000 65 50
38.360000 65 50
38.430000 65 50
38.500000 65 50
38.570000 65 50
38.640000 65 50
38.710000 65 50
38.780000 65 50
38.850000 0 0
38.920000 67 50
38.990000 0 0
39.060000 65 45
39.130000 0 0
39.200000 67 50
39.270000 69 43
39.340000 0 0
39.410000 70 50
39.480000 70 50
39.550000 70 50
39.620000 70 50
39.690000 70 50
39.760000 70 50
39.830000 70 50
39.900000 65 41
39.970000 65 41
40.040000 65 41
40.110000 65 41
40.180000 65 41
40.250000 65 41
40.320000 0 0
40.390000 67 50
40.460000 0 0
40.530000 65 46
40.600000 0 0
40.670000 67 50
40.740000 0 0
40.810000 69 50
40.880000 0 0
40.950000 0 0
41.020000 0 0
41.090000 0 0
41.160000 0 0
41.230000 0 0
41.300000 0 0
41.370000 0 0
41.440000 0 0
41.510000 0 0
41.580000 0 0
41.650000 0 0
41.720000 0 0
41.790000 0 0
41.860000 0 0
41.930000 0 0
42.000000 0 0
42.070000 0 0
42.140000 0 0
42.210000 0 0
42.280000 0 0
42.350000 0 0
42.420000 70 53
42.490000 70 53
42.560000 70 53
42.630000 70 53
42.700000 70 53
42.770000 70 53
42.840000 70 53
42.910000 69 48
42.980000 69 48
43.050000 69 48
43.120000 0 0
43.190000 0 0
43.260000 0 0
43.330000 0 0
43.400000 0 0
43.470000 75 50
43.540000 74 46
43.610000 0 0
43.680000 75 54
43.750000 0 0
43.820000 77 51
43.890000 0 0
43.960000 79 59
44.030000 79 59
44.100000 79 59
44.170000 79 59
44.240000 79 59
44.310000 79 59
44.380000 79 59
44.450000 72 50
44.520000 72 50
44.590000 72 50
44.660000 72 50
44.730000 72 50
44.800000 72 50
44.870000 0 0
44.940000 72 50
45.010000 0 0
45.080000 71 46
45.150000 72 54
45.220000 0 0
45.290000 74 51
45.360000 0 0
45.430000 75 59
45.500000 75 59
45.570000 75 59
45.640000 75 59
45.710000 75 59
45.780000 75 59
45.850000 75 59
45.920000 69 50
45.990000 69 50
46.060000 69 50
46.130000 69 50
46.200000 69 50
46.270000 69 50
46.340000 0 0
46.410000 69 50
46.480000 0 0
46.550000 67 46
46.620000 69 52
46.690000 0 0
46.760000 70 48
46.830000 0 0
46.900000 72 53
46.970000 0 0
47.040000 71 50
47.110000 72 54
47.180000 0 0
47.250000 74 51
47.320000 0 0
47.390000 75 57
47.460000 0 0
47.530000 74 52
47.600000 0 0
47.670000 75 58
47.740000 77 55
47.810000 0 0
47.880000 79 61
47.950000 0 0
48.020000 75 59
48.090000 0 0
48.160000 72 52
48.230000 0 0
48.300000 69 42
48.370000 69 42
48.440000 70 50
48.510000 70 50
48.580000 70 50
48.650000 70 50
48.720000 70 50
48.790000 70 50
48.860000 70 50
48.930000 0 0
49.000000 0 0
49.070000 0 0
49.140000 0 0
49.210000 0 0
49.280000 0 0
49.350000 0 0
49.420000 79 50
49.490000 0 0
49.560000 78 45
49.630000 79 50
49.700000 0 0
49.770000 81 43
49.840000 0 0
49.910000 82 50
49.980000 82 50
50.050000 82 50
50.120000 82 50
50.190000 82 50
50.260000 82 50
50.330000 82 50
50.400000 77 41
50.470000 77 41
50.540000 77 41
50.610000 77 41
50.680000 77 41
50.750000 77 41
50.820000 0 0
50.890000 75 41
50.960000 75 41
51.030000 75 41
51.100000 75 41
51.170000 75 41
51.240000 75 41
51.310000 75 41
51.380000 74 44
51.450000 74 44
51.520000 74 44
51.590000 74 44
51.660000 74 44
51.730000 74 44
51.800000 74 44
51.870000 65 41
51.940000 65 41
52.010000 65 41
52.080000 0 0
52.150000 0 0
52.220000 0 0
52.290000 0 0
52.360000 0 0
52.430000 67 50
52.500000 66 46
52.570000 0 0
52.640000 67 50
52.710000 0 0
52.780000 69 46
52.850000 0 0
52.920000 70 50
52.990000 70 50
53.060000 70 50
53.130000 70 50
53.200000 70 50
53.270000 70 50
53.340000 70 50
53.410000 65 41
53.480000 65 41
53.550000 65 41
53.620000 65 41
53.690000 65 41
53.760000 65 41
53.830000 0 0
53.900000 63 34
53.970000 63 34
54.040000 63 34
54.110000 63 34
54.180000 63 34
54.250000 63 34
54.320000 63 34
54.390000 62 34
54.460000 62 34
54.530000 62 34
54.600000 62 34
54.670000 62 34
54.740000 62 34
54.810000 62 34
54.880000 63 39
54.950000 63 39
55.020000 63 39
55.090000 63 39
55.160000 63 39
55.230000 63 39
55.300000 63 39
55.370000 0 0
55.440000 62 36
55.510000 62 36
55.580000 62 36
55.650000 62 36
55.720000 62 36
55.790000 62 36
55.860000 62 36
55.930000 63 44
56.000000 63 44
56.070000 63 44
56.140000 63 44
56.210000 63 44
56.280000 63 44
56.350000 63 44
56.420000 62 42
56.490000 62 42
56.560000 62 42
56.630000 0 0
56.700000 63 40
56.770000 63 40
56.840000 63 40
56.910000 62 49
56.980000 62 49
57.050000 62 49
57.120000 0 0
57.190000 63 42
57.260000 63 42
57.330000 63 42
57.400000 58 34
57.470000 0 0
57.540000 0 0
57.610000 0 0
57.680000 0 0
57.750000 0 0
57.820000 0 0
57.890000 0 0
57.960000 62 34
58.030000 0 0
58.100000 0 0
58.170000 0 0
58.240000 0 0
58.310000 0 0
58.380000 0 0
58.450000 69 38
58.520000 70 34
58.590000 0 0
58.660000 69 42
58.730000 0 0
58.800000 70 34
58.870000 0 0
58.940000 69 45
59.010000 70 40
59.080000 0 0
59.150000 69 48
59.220000 0 0
59.290000 70 39
59.360000 0 0
59.430000 69 52
59.500000 70 47
59.570000 0 0
59.640000 69 55
59.710000 0 0
59.780000 70 46
59.850000 69 59
59.920000 0 0
59.990000 70 53
60.060000 0 0
60.130000 69 63
60.200000 70 52
60.270000 0 0
60.340000 69 83
60.410000 69 83
60.480000 69 83
60.550000 0 0
60.620000 0 0
60.690000 0 0
60.760000 0 0
60.830000 86 100
60.900000 86 100
60.970000 86 100
61.040000 86 100
61.110000 86 100
61.180000 86 100
61.250000 86 100
61.320000 86 100
61.390000 86 100
61.460000 86 100
61.530000 0 0
61.600000 84 75
61.670000 0 0
61.740000 0 0
61.810000 0 0
61.880000 82 91
61.950000 82 91
62.020000 82 91
62.090000 0 0
62.160000 0 0
62.230000 0 0
62.300000 0 0
62.370000 70 72
62.440000 70 72
62.510000 70 72
62.580000 0 0
62.650000 0 0
62.720000 0 0
62.790000 0 0
62.860000 72 69
62.930000 72 69
63.000000 72 69
63.070000 0 0
63.140000 0 0
63.210000 0 0
63.280000 0 0
63.350000 0 0
63.420000 72 69
63.490000 72 69
63.560000 72 69
63.630000 72 69
63.700000 72 69
63.770000 72 69
63.840000 72 69
63.910000 70 61
63.980000 70 61
64.050000 70 61
64.120000 0 0
64.190000 0 0
64.260000 0 0
64.330000 0 0
64.400000 56 25
64.470000 0 0
64.540000 59 27
64.610000 0 0
64.680000 56 27
64.750000 59 27
64.820000 0 0
64.890000 56 29
64.960000 0 0
65.030000 59 32
65.100000 0 0
65.170000 56 32
65.240000 59 30
65.310000 0 0
65.380000 56 34
65.450000 0 0
65.520000 59 38
65.590000 56 37
65.660000 0 0
65.730000 59 35
65.800000 0 0
65.870000 56 39
65.940000 0 0
66.010000 59 42
66.080000 56 42
66.150000 0 0
66.220000 59 41
66.290000 59 41
66.360000 56 65
66.430000 56 65
66.500000 56 65
66.570000 0 0
66.640000 0 0
66.710000 0 0
66.780000 0 0
66.850000 80 85
66.920000 80 85
66.990000 80 85
67.060000 80 85
67.130000 80 85
67.200000 80 85
67.270000 80 85
67.340000 80 85
67.410000 80 85
67.480000 80 85
67.550000 0 0
67.620000 79 59
67.690000 79 59
67.760000 79 59
67.830000 0 0
67.900000 77 70
67.970000 77 70
68.040000 77 70
68.110000 77 70
68.180000 77 70
68.250000 75 53
68.320000 0 0
68.390000 65 52
68.460000 65 52
68.530000 65 52
68.600000 65 52
68.670000 65 52
68.740000 65 52
68.810000 65 52
68.880000 63 46
68.950000 63 46
69.020000 63 46
69.090000 63 46
69.160000 63 46
69.230000 63 46
69.300000 63 46
69.370000 62 40
69.440000 62 40
69.510000 62 40
69.580000 62 40
69.650000 62 40
69.720000 62 40
69.790000 62 40
69.860000 0 0
69.930000 60 36
70.000000 60 36
70.070000 60 36
70.140000 0 0
70.210000 0 0
70.280000 0 0
70.350000 0 0
70.420000 62 50
70.490000 62 50
70.560000 62 50
70.630000 62 50
70.700000 62 50
70.770000 63 46
70.840000 0 0
70.910000 65 50
70.980000 65 50
71.050000 65 50
71.120000 65 50
71.190000 65 50
71.260000 65 50
71.330000 65 50
71.400000 65 50
71.470000 65 50
71.540000 65 50
71.610000 65 50
71.680000 65 50
71.750000 65 50
71.820000 0 0
71.890000 67 50
71.960000 0 0
72.030000 65 45
72.100000 0 0
72.170000 67 50
72.240000 0 0
72.310000 69 43
72.380000 0 0
72.450000 70 50
72.520000 70 50
72.590000 70 50
72.660000 70 50
72.730000 70 50
72.800000 70 50
72.870000 70 50
72.940000 65 41
73.010000 65 41
73.080000 65 41
73.150000 65 41
73.220000 65 41
73.290000 65 41
73.360000 0 0
73.430000 67 50
73.500000 65 46
73.570000 0 0
73.640000 67 50
73.710000 0 0
73.780000 69 50
73.850000 0 0
73.920000 0 0
73.990000 0 0
74.060000 0 0
74.130000 0 0
74.200000 0 0
74.270000 0 0
74.340000 0 0
74.410000 0 0
74.480000 0 0
74.550000 0 0
74.620000 0 0
74.690000 0 0
74.760000 0 0
74.830000 0 0
74.900000 0 0
74.970000 0 0
75.040000 0 0
75.110000 0 0
75.180000 0 0
75.250000 76 59
75.320000 0 0
75.390000 70 53
75.460000 70 53
75.530000 70 53
75.600000 70 53
75.670000 70 53
75.740000 70 53
75.810000 70 53
75.880000 0 0
75.950000 69 48
76.020000 69 48
76.090000 69 48
76.160000 0 0
76.230000 0 0
76.300000 0 0
76.370000 0 0
76.440000 75 50
76.510000 0 0
76.580000 74 46
76.650000 0 0
76.720000 75 54
76.790000 77 51
76.860000 0 0
76.930000 79 59
77.000000 79 59
77.070000 79 59
77.140000 79 59
77.210000 79 59
77.280000 79 59
77.350000 79 59
77.420000 72 50
77.490000 72 50
77.560000 72 50
77.630000 72 50
77.700000 72 50
77.770000 72 50
77.840000 0 0
77.910000 72 50
77.980000 0 0
78.050000 71 46
78.120000 0 0
78.190000 72 54
78.260000 74 51
78.330000 0 0
78.400000 75 59
78.470000 75 59
78.540000 75 59
78.610000 75 59
78.680000 75 59
78.750000 75 59
78.820000 75 59
78.890000 69 50
78.960000 69 50
79.030000 69 50
79.100000 69 50
79.170000 69 50
79.240000 69 50
79.310000 0 0
79.380000 69 50
79.450000 0 0
79.520000 67 46
79.590000 0 0
79.660000 69 52
79.730000 70 48
79.800000 0 0
79.870000 72 53
79.940000 0 0
80.010000 71 50
80.080000 0 0
80.150000 72 54
80.220000 0 0
80.290000 74 51
80.360000 75 57
80.430000 0 0
80.500000 74 52
80.570000 0 0
80.640000 75 58
80.710000 0 0
80.780000 77 55
80.850000 79 61
80.920000 0 0
80.990000 75 59
81.060000 0 0
81.130000 72 52
81.200000 0 0
81.270000 69 42
81.340000 69 42
81.410000 70 50
81.480000 70 50
81.550000 70 50
81.620000 70 50
81.690000 70 50
81.760000 70 50
81.830000 70 50
81.900000 0 0
81.970000 0 0
82.040000 0 0
82.110000 0 0
82.180000 0 0
82.250000 0 0
82.320000 0 0
82.390000 79 50
82.460000 0 0
82.530000 78 45
82.600000 0 0
82.670000 79 50
82.740000 0 0
82.810000 81 43
82.880000 0 0
82.950000 82 50
83.020000 82 50
83.090000 82 50
83.160000 82 50
83.230000 82 50
83.300000 82 50
83.370000 82 50
83.440000 77 41
83.510000 77 41
83.580000 77 41
83.650000 77 41
83.720000 77 41
83.790000 77 41
83.860000 0 0
83.930000 75 41
84.000000 75 41
84.070000 75 41
84.140000 75 41
84.210000 75 41
84.280000 75 41
84.350000 75 41
84.420000 74 44
84.490000 74 44
84.560000 74 44
84.630000 74 44
84.700000 74 44
84.770000 74 44
84.840000 74 44
84.910000 65 41
84.980000 65 41
85.050000 65 41
85.120000 0 0
85.190000 0 0
85.260000 0 0
85.330000 0 0
85.400000 67 50
85.470000 0 0
85.540000 66 46
85.610000 67 50
85.680000 0 0
85.750000 69 46
85.820000 0 0
85.890000 70 50
85.960000 70 50
86.030000 70 50
86.100000 70 50
86.170000 70 50
86.240000 70 50
86.310000 70 50
86.380000 65 41
86.450000 65 41
86.520000 65 41
86.590000 65 41
86.660000 65 41
86.730000 65 41
86.800000 0 0
86.870000 63 34
86.940000 63 34
87.010000 63 34
87.080000 63 34
87.150000 63 34
87.220000 63 34
87.290000 63 34
87.360000 62 34
87.430000 62 34
87.500000 62 34
87.570000 62 34
87.640000 62 34
87.710000 62 34
87.780000 62 34
87.850000 0 0
87.920000 63 39
87.990000 63 39
88.060000 63 39
88.130000 63 39
88.200000 63 39
88.270000 63 39
88.340000 63 39
88.410000 62 36
88.480000 62 36
88.550000 62 36
88.620000 62 36
88.690000 62 36
88.760000 62 36
88.830000 62 36
88.900000 63 44
88.970000 63 44
89.040000 63 44
89.110000 63 44
89.180000 63 44
89.250000 63 44
89.320000 63 44
89.390000 62 42
89.460000 62 42
89.530000 62 42
89.600000 0 0
89.670000 63 40
89.740000 63 40
89.810000 63 40
89.880000 62 49
89.950000 62 49
90.020000 62 49
90.090000 0 0
90.160000 63 42
90.230000 63 42
90.300000 63 42
90.370000 0 0
90.440000 58 34
90.510000 0 0
90.580000 0 0
90.650000 0 0
90.720000 0 0
90.790000 0 0
90.860000 0 0
90.930000 62 34
91.000000 0 0
91.070000 0 0
91.140000 0 0
91.210000 0 0
91.280000 0 0
91.350000 0 0
91.420000 0 0
91.490000 0 0
91.560000 0 0
91.630000 0 0
91.700000 0 0
91.770000 0 0
91.840000 0 0
91.910000 0 0
91.980000 0 0
92.050000 0 0
92.120000 0 0
92.190000 0 0
92.260000 0 0
92.330000 0 0
92.400000 74 79
92.470000 74 79
92.540000 74 79
92.610000 74 79
92.680000 74 79
92.750000 74 79
92.820000 74 79
92.890000 74 79
92.960000 74 79
93.030000 74 79
93.100000 74 79
93.170000 74 79
93.240000 74 79
93.310000 74 79
93.380000 74 79
93.450000 74 79
93.520000 74 79
93.590000 74 79
93.660000 74 79
93.730000 74 79
93.800000 0 0
93.870000 62 59
93.940000 62 59
94.010000 62 59
94.080000 62 59
94.150000 62 59
94.220000 62 59
94.290000 62 59
94.360000 62 59
94.430000 62 59
94.500000 62 59
94.570000 62 59
94.640000 62 59
94.710000 62 59
94.780000 62 59
94.850000 62 59
94.920000 62 59
94.990000 62 59
95.060000 62 59
95.130000 62 59
95.200000 62 59
95.270000 0 0
95.340000 67 68
95.410000 67 68
95.480000 67 68
95.550000 67 68
95.620000 67 68
95.690000 67 68
95.760000 67 68
95.830000 67 68
95.900000 67 68
95.970000 67 68
96.040000 67 68
96.110000 67 68
96.180000 67 68
96.250000 0 0
96.320000 66 63
96.390000 66 63
96.460000 66 63
96.530000 66 63
96.600000 66 63
96.670000 66 63
96.740000 0 0
96.810000 0 0
96.880000 0 0
96.950000 0 0
97.020000 0 0
97.090000 0 0
97.160000 0 0
97.230000 0 0
97.300000 0 0
97.370000 0 0
97.440000 0 0
97.510000 0 0
97.580000 0 0
97.650000 0 0
97.720000 0 0
97.790000 0 0
97.860000 0 0
97.930000 0 0
98.000000 0 0
98.070000 0 0
98.140000 0 0
98.210000 0 0
98.280000 70 61
98.350000 70 61
98.420000 70 61
98.490000 70 61
98.560000 70 61
98.630000 70 61
98.700000 70 61
98.770000 70 61
98.840000 70 61
98.910000 70 61
98.980000 70 61
99.050000 70 61
99.120000 70 61
99.190000 70 61
99.260000 70 61
99.330000 70 61
99.400000 70 61
99.470000 70 61
99.540000 70 61
99.610000 70 61
99.680000 0 0
99.750000 85 86
99.820000 85 86
99.890000 85 86
99.960000 85 86
100.030000 85 86
100.100000 85 86
100.170000 85 86
100.240000 85 86
100.310000 85 86
100.380000 85 86
100.450000 85 86
100.520000 85 86
100.590000 85 86
100.660000 79 80
100.730000 74 74
100.800000 0 0
100.870000 0 0
100.940000 0 0
101.010000 0 0
101.080000 0 0
101.150000 0 0
101.220000 74 74
101.290000 74 74
101.360000 74 74
101.430000 0 0
101.500000 0 0
101.570000 0 0
101.640000 0 0
101.710000 73 70
101.780000 73 70
101.850000 73 70
101.920000 0 0
101.990000 0 0
102.060000 0 0
102.130000 0 0
102.200000 74 74
102.270000 74 74
102.340000 74 74
102.410000 74 74
102.480000 74 74
102.550000 74 74
102.620000 0 0
102.690000 0 0
102.760000 0 0
102.830000 0 0
102.900000 0 0
102.970000 0 0
103.040000 0 0
103.110000 0 0
103.180000 0 0
103.250000 0 0
103.320000 0 0
103.390000 0 0
103.460000 0 0
103.530000 0 0
103.600000 0 0
103.670000 0 0
103.740000 0 0
103.810000 0 0
103.880000 0 0
103.950000 0 0
104.020000 0 0
104.090000 74 79
104.160000 74 79
104.230000 74 79
104.300000 74 79
104.370000 74 79
104.440000 74 79
104.510000 74 79
104.580000 74 79
104.650000 74 79
104.720000 74 79
104.790000 74 79
104.860000 74 79
104.930000 74 79
105.000000 74 79
105.070000 74 79
105.140000 74 79
105.210000 74 79
105.280000 74 79
105.350000 74 79
105.420000 74 79
105.490000 0 0
105.560000 62 59
105.630000 62 59
105.700000 62 59
105.770000 62 59
105.840000 62 59
105.910000 62 59
105.980000 62 59
106.050000 62 59
106.120000 62 59
106.190000 62 59
106.260000 62 59
106.330000 62 59
106.400000 62 59
106.470000 62 59
106.540000 62 59
106.610000 62 59
106.680000 62 59
106.750000 62 59
106.820000 62 59
106.890000 62 59
106.960000 0 0
107.030000 67 68
107.100000 67 68
107.170000 67 68
107.240000 67 68
107.310000 67 68
107.380000 67 68
107.450000 67 68
107.520000 67 68
107.590000 67 68
107.660000 67 68
107.730000 67 68
107.800000 67 68
107.870000 67 68
107.940000 0 0
108.010000 66 63
108.080000 66 63
108.150000 66 63
108.220000 66 63
108.290000 66 63
108.360000 66 63
108.430000 0 0
108.500000 0 0
108.570000 0 0
108.640000 0 0
108.710000 0 0
108.780000 0 0
108.850000 0 0
108.920000 0 0
108.990000 0 0
109.060000 0 0
109.130000 0 0
109.200000 0 0
109.270000 0 0
109.340000 0 0
109.410000 0 0
109.480000 0 0
109.550000 0 0
109.620000 0 0
109.690000 0 0
109.760000 0 0
109.830000 0 0
109.900000 0 0
109.970000 70 61
110.040000 70 61
110.110000 70 61
110.180000 70 61
110.250000 70 61
110.320000 70 61
110.390000 70 61
110.460000 70 61
110.530000 70 61
110.600000 70 61
110.670000 70 61
110.740000 70 61
110.810000 70 61
110.880000 70 61
110.950000 70 61
111.020000 70 61
111.090000 70 61
111.160000 70 61
111.230000 70 61
111.300000 70 61
111.370000 0 0
111.440000 85 86
111.510000 85 86
111.580000 85 86
111.650000 85 86
111.720000 85 86
111.790000 85 86
111.860000 85 86
111.930000 85 86
112.000000 85 86
112.070000 85 86
112.140000 85 86
112.210000 85 86
112.280000 85 86
112.350000 79 80
112.420000 74 74
112.490000 0 0
112.560000 0 0
112.630000 0 0
112.700000 0 0
112.770000 0 0
112.840000 0 0
112.910000 74 74
112.980000 74 74
113.050000 74 74
113.120000 0 0
113.190000 0 0
113.260000 0 0
113.330000 0 0
113.400000 73 70
113.470000 73 70
113.540000 73 70
113.610000 0 0
113.680000 0 0
113.750000 0 0
113.820000 0 0
113.890000 74 74
113.960000 74 74
114.030000 74 74
114.100000 74 74
114.170000 74 74
114.240000 74 74
114.310000 0 0
114.380000 0 0
114.450000 0 0
114.520000 0 0
114.590000 0 0
114.660000 0 0
114.730000 0 0
114.800000 80 74
114.870000 0 0
114.940000 82 48
115.010000 0 0
115.080000 80 48
115.150000 0 0
115.220000 79 48
115.290000 77 68
115.360000 0 0
115.430000 79 48
115.500000 0 0
115.570000 77 47
115.640000 75 47
115.710000 0 0
115.780000 74 63
115.850000 0 0
115.920000 75 46
115.990000 0 0
116.060000 74 46
116.130000 72 46
116.200000 0 0
116.270000 71 84
116.340000 71 84
116.410000 71 84
116.480000 71 84
116.550000 71 84
116.620000 71 84
116.690000 0 0
116.760000 72 66
116.830000 72 66
116.900000 72 66
116.970000 0 0
117.040000 75 47
117.110000 74 47
117.180000 0 0
117.250000 72 63
117.320000 72 63
117.390000 72 63
117.460000 0 0
117.530000 72 46
117.600000 74 46
117.670000 0 0
117.740000 75 74
117.810000 0 0
117.880000 77 48
117.950000 75 48
118.020000 0 0
118.090000 74 48
118.160000 0 0
118.230000 72 68
118.300000 0 0
118.370000 74 48
118.440000 72 47
118.510000 0 0
118.580000 70 47
118.650000 0 0
118.720000 69 63
118.790000 70 46
118.860000 0 0
118.930000 69 46
119.000000 0 0
119.070000 67 46
119.140000 0 0
119.210000 66 79
119.280000 66 79
119.350000 66 79
119.420000 66 79
119.490000 66 79
119.560000 66 79
119.630000 0 0
119.700000 67 66
119.770000 67 66
119.840000 67 66
119.910000 70 47
119.980000 0 0
120.050000 69 47
120.120000 0 0
120.190000 67 63
120.260000 66 46
120.330000 0 0
120.400000 67 46
120.470000 0 0
120.540000 69 46
120.610000 67 59
120.680000 67 59
120.750000 67 59
120.820000 67 59
120.890000 67 59
120.960000 67 59
121.030000 67 59
121.100000 67 59
121.170000 67 59
121.240000 67 59
121.310000 67 59
121.380000 67 59
121.450000 67 59
121.520000 0 0
121.590000 70 61
121.660000 70 61
121.730000 70 61
121.800000 70 61
121.870000 70 61
121.940000 70 61
122.010000 70 61
122.080000 70 61
122.150000 70 61
122.220000 70 61
122.290000 70 61
122.360000 70 61
122.430000 70 61
122.500000 70 61
122.570000 70 61
122.640000 70 61
122.710000 70 61
122.780000 70 61
122.850000 70 61
122.920000 70 61
122.990000 0 0
123.060000 72 66
123.130000 72 66
123.200000 72 66
123.270000 72 66
123.340000 72 66
123.410000 72 66
123.480000 72 66
123.550000 72 66
123.620000 72 66
123.690000 72 66
123.760000 72 66
123.830000 72 66
123.900000 72 66
123.970000 72 66
124.040000 78 74
124.110000 0 0
124.180000 0 0
124.250000 0 0
124.320000 0 0
124.390000 0 0
124.460000 0 0
124.530000 74 67
124.600000 74 67
124.670000 74 67
124.740000 0 0
124.810000 0 0
124.880000 0 0
124.950000 0 0
125.020000 74 70
125.090000 74 70
125.160000 74 70
125.230000 0 0
125.300000 0 0
125.370000 0 0
125.440000 0 0
125.510000 74 74
125.580000 74 74
125.650000 74 74
125.720000 74 74
125.790000 74 74
125.860000 74 74
125.930000 0 0
126.000000 0 0
126.070000 0 0
126.140000 0 0
126.210000 0 0
126.280000 0 0
126.350000 0 0
126.420000 0 0
126.490000 80 74
126.560000 82 48
126.630000 0 0
126.700000 80 48
126.770000 0 0
126.840000 79 48
126.910000 0 0
126.980000 77 68
127.050000 79 48
127.120000 0 0
127.190000 77 47
127.260000 0 0
127.330000 75 47
127.400000 74 63
127.470000 0 0
127.540000 75 46
127.610000 0 0
127.680000 74 46
127.750000 0 0
127.820000 72 46
127.890000 71 84
127.960000 71 84
128.030000 71 84
128.100000 71 84
128.170000 71 84
128.240000 71 84
128.310000 77 48
128.380000 72 66
128.450000 72 66
128.520000 72 66
128.590000 0 0
128.660000 75 47
128.730000 0 0
128.800000 74 47
128.870000 72 63
128.940000 72 63
129.010000 72 63
129.080000 0 0
129.150000 72 46
129.220000 0 0
129.290000 74 46
129.360000 75 74
129.430000 0 0
129.500000 77 48
129.570000 0 0
129.640000 75 48
129.710000 74 48
129.780000 0 0
129.850000 72 68
129.920000 0 0
129.990000 74 48
130.060000 0 0
130.130000 72 47
130.200000 70 47
130.270000 0 0
130.340000 69 63
130.410000 0 0
130.480000 70 46
130.550000 0 0
130.620000 69 46
130.690000 67 46
130.760000 0 0
130.830000 66 79
130.900000 66 79
130.970000 66 79
131.040000 66 79
131.110000 66 79
131.180000 66 79
131.250000 0 0
131.320000 67 66
131.390000 67 66
131.460000 67 66
131.530000 70 47
131.600000 0 0
131.670000 69 47
131.740000 0 0
131.810000 67 63
131.880000 0 0
131.950000 66 46
132.020000 67 46
132.090000 0 0
132.160000 69 46
132.230000 0 0
132.300000 67 59
132.370000 67 59
132.440000 67 59
132.510000 67 59
132.580000 67 59
132.650000 67 59
132.720000 67 59
132.790000 67 59
132.860000 67 59
132.930000 67 59
133.000000 67 59
133.070000 67 59
133.140000 67 59
133.210000 67 59
133.280000 70 61
133.350000 70 61
133.420000 70 61
133.490000 70 61
133.560000 70 61
133.630000 70 61
133.700000 70 61
133.770000 70 61
133.840000 70 61
133.910000 70 61
133.980000 70 61
134.050000 70 61
134.120000 70 61
134.190000 70 61
134.260000 70 61
134.330000 70 61
134.400000 70 61
134.470000 70 61
134.540000 70 61
134.610000 70 61
134.680000 0 0
134.750000 72 66
134.820000 72 66
134.890000 72 66
134.960000 72 66
135.030000 72 66
135.100000 72 66
135.170000 72 66
135.240000 72 66
135.310000 72 66
135.380000 72 66
135.450000 72 66
135.520000 72 66
135.590000 72 66
135.660000 72 66
135.730000 78 74
135.800000 0 0
135.870000 0 0
135.940000 0 0
136.010000 0 0
136.080000 0 0
136.150000 0 0
136.220000 74 67
136.290000 74 67
136.360000 74 67
136.430000 0 0
136.500000 0 0
136.570000 0 0
136.640000 0 0
136.710000 74 70
136.780000 74 70
136.850000 74 70
136.920000 0 0
136.990000 0 0
137.060000 0 0
137.130000 0 0
137.200000 74 74
137.270000 74 74
137.340000 74 74
137.410000 74 74
137.480000 74 74
137.550000 74 74
137.620000 0 0
137.690000 0 0
137.760000 0 0
137.830000 0 0
137.900000 0 0
137.970000 0 0
138.040000 0 0
138.110000 0 0
138.180000 0 0
138.250000 62 50
138.320000 62 50
138.390000 62 50
138.460000 62 50
138.530000 62 50
138.600000 0 0
138.670000 63 46
138.740000 0 0
138.810000 65 50
138.880000 65 50
138.950000 65 50
139.020000 65 50
139.090000 65 50
139.160000 65 50
139.230000 65 50
139.300000 65 50
139.370000 65 50
139.440000 65 50
139.510000 65 50
139.580000 65 50
139.650000 65 50
139.720000 65 50
139.790000 67 50
139.860000 0 0
139.930000 65 45
140.000000 0 0
140.070000 67 50
140.140000 69 43
140.210000 0 0
140.280000 70 50
140.350000 70 50
140.420000 70 50
140.490000 70 50
140.560000 70 50
140.630000 70 50
140.700000 70 50
140.770000 65 41
140.840000 65 41
140.910000 65 41
140.980000 65 41
141.050000 65 41
141.120000 65 41
141.190000 0 0
141.260000 67 50
141.330000 0 0
141.400000 65 46
141.470000 0 0
141.540000 67 50
141.610000 0 0
141.680000 69 50
141.750000 0 0
141.820000 0 0
141.890000 0 0
141.960000 0 0
142.030000 0 0
142.100000 0 0
142.170000 0 0
142.240000 0 0
142.310000 0 0
142.380000 0 0
142.450000 0 0
142.520000 0 0
142.590000 0 0
142.660000 0 0
142.730000 0 0
142.800000 0 0
142.870000 0 0
142.940000 0 0
143.010000 0 0
143.080000 0 0
143.150000 0 0
143.220000 0 0
143.290000 70 53
143.360000 70 53
143.430000 70 53
143.500000 70 53
143.570000 70 53
143.640000 70 53
143.710000 70 53
143.780000 69 48
143.850000 69 48
143.920000 69 48
143.990000 0 0
144.060000 0 0
144.130000 0 0
144.200000 0 0
144.270000 75 50
144.340000 0 0
144.410000 74 46
144.480000 0 0
144.550000 75 54
144.620000 0 0
144.690000 77 51
144.760000 0 0
144.830000 79 59
144.900000 79 59
144.970000 79 59
145.040000 79 59
145.110000 79 59
145.180000 79 59
145.250000 79 59
145.320000 72 50
145.390000 72 50
145.460000 72 50
145.530000 72 50
145.600000 72 50
145.670000 72 50
145.740000 0 0
145.810000 72 50
145.880000 71 46
145.950000 0 0
146.020000 72 54
146.090000 0 0
146.160000 74 51
146.230000 0 0
146.300000 75 59
146.370000 75 59
146.440000 75 59
146.510000 75 59
146.580000 75 59
146.650000 75 59
146.720000 0 0
146.790000 69 50
146.860000 69 50
146.930000 69 50
147.000000 69 50
147.070000 69 50
147.140000 69 50
147.210000 0 0
147.280000 69 50
147.350000 67 46
147.420000 0 0
147.490000 69 52
147.560000 0 0
147.630000 70 48
147.700000 0 0
147.770000 72 53
147.840000 71 50
147.910000 0 0
147.980000 72 54
148.050000 0 0
148.120000 74 51
148.190000 0 0
148.260000 75 57
148.330000 74 52
148.400000 0 0
148.470000 75 58
148.540000 0 0
148.610000 77 55
148.680000 0 0
148.750000 0 0
148.820000 0 0
148.890000 0 0
148.960000 0 0
149.030000 0 0
149.100000 69 42
149.170000 69 42
149.240000 72 50
149.310000 72 50
149.380000 72 50
149.450000 72 50
149.520000 72 50
149.590000 72 50
149.660000 72 50
149.730000 0 0
149.800000 70 44
149.870000 70 44
149.940000 70 44
150.010000 70 44
150.080000 0 0
150.150000 0 0
150.220000 0 0
150.290000 0 0
150.360000 69 38
150.430000 0 0
150.500000 70 34
150.570000 0 0
150.640000 69 41
150.710000 70 34
150.780000 0 0
150.850000 69 45
150.920000 0 0
150.990000 70 40
151.060000 0 0
151.130000 69 48
151.200000 70 39
151.270000 0 0
151.340000 69 52
151.410000 0 0
151.480000 70 47
151.550000 69 55
151.620000 0 0
151.690000 70 46
151.760000 0 0
151.830000 69 59
151.900000 70 53
151.970000 0 0
152.040000 69 63
152.110000 0 0
152.180000 70 52
152.250000 0 0
152.320000 69 82
152.390000 69 82
152.460000 69 82
152.530000 0 0
152.600000 0 0
152.670000 0 0
152.740000 0 0
152.810000 86 100
152.880000 86 100
152.950000 86 100
153.020000 86 100
153.090000 86 100
153.160000 86 100
153.230000 86 100
153.300000 86 100
153.370000 86 100
153.440000 86 100
153.510000 0 0
153.580000 84 75
153.650000 0 0
153.720000 0 0
153.790000 82 91
153.860000 82 91
153.930000 82 91
154.000000 0 0
154.070000 0 0
154.140000 0 0
154.210000 0 0
154.280000 0 0
154.350000 70 72
154.420000 70 72
154.490000 70 72
154.560000 0 0
154.630000 0 0
154.700000 0 0
154.770000 0 0
154.840000 72 69
154.910000 72 69
154.980000 72 69
155.050000 0 0
155.120000 0 0
155.190000 0 0
155.260000 0 0
155.330000 72 69
155.400000 72 69
155.470000 72 69
155.540000 72 69
155.610000 72 69
155.680000 72 69
155.750000 72 69
155.820000 70 61
155.890000 70 61
155.960000 70 61
156.030000 0 0
156.100000 0 0
156.170000 0 0
156.240000 0 0
156.310000 0 0
156.380000 56 25
156.450000 59 27
156.520000 0 0
156.590000 56 27
156.660000 0 0
156.730000 59 27
156.800000 0 0
156.870000 56 29
156.940000 59 32
157.010000 0 0
157.080000 56 32
157.150000 0 0
157.220000 59 30
157.290000 56 34
157.360000 0 0
157.430000 59 38
157.500000 0 0
157.570000 56 37
157.640000 0 0
157.710000 59 35
157.780000 56 39
157.850000 0 0
157.920000 59 42
157.990000 0 0
158.060000 56 41
158.130000 0 0
158.200000 59 41
158.270000 56 65
158.340000 56 65
158.410000 56 65
158.480000 0 0
158.550000 0 0
158.620000 0 0
158.690000 0 0
158.760000 0 0
158.830000 80 85
158.900000 80 85
158.970000 80 85
159.040000 80 85
159.110000 80 85
159.180000 80 85
159.250000 80 85
159.320000 80 85
159.390000 80 85
159.460000 80 85
159.530000 79 59
159.600000 79 59
159.670000 79 59
159.740000 0 0
159.810000 77 70
159.880000 77 70
159.950000 77 70
160.020000 77 70
160.090000 77 70
160.160000 75 53
160.230000 0 0
160.300000 65 52
160.370000 65 52
160.440000 65 52
160.510000 65 52
160.580000 65 52
160.650000 65 52
160.720000 65 52
160.790000 63 46
160.860000 63 46
160.930000 63 46
161.000000 63 46
161.070000 63 46
161.140000 63 46
161.210000 63 46
161.280000 0 0
161.350000 62 40
161.420000 62 40
161.490000 62 40
161.560000 62 40
161.630000 62 40
161.700000 62 40
161.770000 62 40
161.840000 60 36
161.910000 60 36
161.980000 60 36
162.050000 0 0
162.120000 0 0
162.190000 0 0
162.260000 0 0
162.330000 62 50
162.400000 62 50
162.470000 62 50
162.540000 62 50
162.610000 62 50
162.680000 0 0
162.750000 63 46
162.820000 0 0
162.890000 65 50
162.960000 65 50
163.030000 65 50
163.100000 65 50
163.170000 65 50
163.240000 65 50
163.310000 65 50
163.380000 65 50
163.450000 65 50
163.520000 65 50
163.590000 65 50
163.660000 65 50
163.730000 65 50
163.800000 0 0
163.870000 67 50
163.940000 0 0
164.010000 65 45
164.080000 67 50
164.150000 0 0
164.220000 69 43
164.290000 0 0
164.360000 70 50
164.430000 70 50
164.500000 70 50
164.570000 70 50
164.640000 70 50
164.710000 70 50
164.780000 70 50
164.850000 65 41
164.920000 65 41
164.990000 65 41
165.060000 65 41
165.130000 65 41
165.200000 65 41
165.270000 0 0
165.340000 67 50
165.410000 0 0
165.480000 65 46
165.550000 0 0
165.620000 67 50
165.690000 69 50
165.760000 0 0
165.830000 0 0
165.900000 0 0
165.970000 0 0
166.040000 0 0
166.110000 0 0
166.180000 0 0
166.250000 0 0
166.320000 0 0
166.390000 0 0
166.460000 0 0
166.530000 0 0
166.600000 0 0
166.670000 0 0
166.740000 0 0
166.810000 0 0
166.880000 0 0
166.950000 0 0
167.020000 0 0
167.090000 0 0
167.160000 0 0
167.230000 76 59
167.300000 0 0
167.370000 70 53
167.440000 70 53
167.510000 70 53
167.580000 70 53
167.650000 70 53
167.720000 70 53
167.790000 70 53
167.860000 69 48
167.930000 69 48
168.000000 69 48
168.070000 0 0
168.140000 0 0
168.210000 0 0
168.280000 0 0
168.350000 75 50
168.420000 0 0
168.490000 74 46
168.560000 0 0
168.630000 75 54
168.700000 0 0
168.770000 77 51
168.840000 79 59
168.910000 79 59
168.980000 79 59
169.050000 79 59
169.120000 79 59
169.190000 79 59
169.260000 79 59
169.330000 72 50
169.400000 72 50
169.470000 72 50
169.540000 72 50
169.610000 72 50
169.680000 72 50
169.750000 0 0
169.820000 0 0
169.890000 72 50
169.960000 71 46
170.030000 0 0
170.100000 72 54
170.170000 0 0
170.240000 74 51
170.310000 0 0
170.380000 75 59
170.450000 75 59
170.520000 75 59
170.590000 75 59
170.660000 75 59
170.730000 75 59
170.800000 75 59
170.870000 69 50
170.940000 69 50
171.010000 69 50
171.080000 69 50
171.150000 69 50
171.220000 69 50
171.290000 0 0
171.360000 69 50
171.430000 67 46
171.500000 0 0
171.570000 69 52
171.640000 0 0
171.710000 70 48
171.780000 0 0
171.850000 72 53
171.920000 71 50
171.990000 0 0
172.060000 72 54
172.130000 0 0
172.200000 74 51
172.270000 0 0
172.340000 75 57
172.410000 74 52
172.480000 0 0
172.550000 75 58
172.620000 0 0
172.690000 77 55
172.760000 0 0
172.830000 79 61
172.900000 0 0
172.970000 75 59
173.040000 72 52
173.110000 0 0
173.180000 69 42
173.250000 69 42
173.320000 70 50
173.390000 70 50
173.460000 70 50
173.530000 70 50
173.600000 70 50
173.670000 70 50
173.740000 70 50
173.810000 0 0
173.880000 0 0
173.950000 0 0
174.020000 0 0
174.090000 0 0
174.160000 0 0
174.230000 0 0
174.300000 0 0
174.370000 79 50
174.440000 78 45
174.510000 0 0
174.580000 79 50
174.650000 0 0
174.720000 81 43
174.790000 0 0
174.860000 82 50
174.930000 82 50
175.000000 82 50
175.070000 82 50
175.140000 82 50
175.210000 82 50
175.280000 82 50
175.350000 77 41
175.420000 77 41
175.490000 77 41
175.560000 77 41
175.630000 77 41
175.700000 77 41
175.770000 0 0
175.840000 75 41
175.910000 75 41
175.980000 75 41
176.050000 75 41
176.120000 75 41
176.190000 75 41
176.260000 75 41
176.330000 74 44
176.400000 74 44
176.470000 74 44
176.540000 74 44
176.610000 74 44
176.680000 74 44
176.750000 74 44
176.820000 65 41
176.890000 65 41
176.960000 65 41
177.030000 0 0
177.100000 0 0
177.170000 0 0
177.240000 0 0
177.310000 67 50
177.380000 0 0
177.450000 66 46
177.520000 0 0
177.590000 67 50
177.660000 0 0
177.730000 69 46
177.800000 70 50
177.870000 70 50
177.940000 70 50
178.010000 70 50
178.080000 70 50
178.150000 70 50
178.220000 70 50
178.290000 65 41
178.360000 65 41
178.430000 65 41
178.500000 65 41
178.570000 65 41
178.640000 65 41
178.710000 0 0
178.780000 63 34
178.850000 63 34
178.920000 63 34
178.990000 63 34
179.060000 63 34
179.130000 63 34
179.200000 63 34
179.270000 0 0
179.340000 62 34
179.410000 62 34
179.480000 62 34
179.550000 62 34
179.620000 62 34
179.690000 62 34
179.760000 62 34
179.830000 63 39
179.900000 63 39
179.970000 63 39
180.040000 63 39
180.110000 63 39
180.180000 63 39
180.250000 63 39
180.320000 62 36
180.390000 62 36
180.460000 62 36
180.530000 62 36
180.600000 62 36
180.670000 62 36
180.740000 62 36
180.810000 63 44
180.880000 63 44
180.950000 63 44
181.020000 63 44
181.090000 63 44
181.160000 63 44
181.230000 63 44
181.300000 0 0
181.370000 62 42
181.440000 62 42
181.510000 62 42
181.580000 63 40
181.650000 63 40
181.720000 63 40
181.790000 0 0
181.860000 62 49
181.930000 62 49
182.000000 62 49
182.070000 63 42
182.140000 63 42
182.210000 63 42
182.280000 0 0
182.350000 58 34
182.420000 0 0
182.490000 0 0
182.560000 0 0
182.630000 0 0
182.700000 0 0
182.770000 0 0
182.840000 62 34
182.910000 0 0
# Piano left
0.000000 0 0
0.070000 0 0
0.140000 0 0
0.210000 0 0
0.280000 0 0
0.350000 0 0
0.420000 0 0
0.490000 0 0
0.560000 0 0
0.630000 0 0
0.700000 0 0
0.770000 0 0
0.840000 0 0
0.910000 0 0
0.980000 0 0
1.050000 0 0
1.120000 0 0
1.190000 0 0
1.260000 0 0
1.330000 0 0
1.400000 0 0
1.470000 0 0
1.540000 0 0
1.610000 46 40
1.680000 0 0
1.750000 0 0
1.820000 0 0
1.890000 58 29
1.960000 58 29
2.030000 58 29
2.100000 0 0
2.170000 62 34
2.240000 62 34
2.310000 62 34
2.380000 58 29
2.450000 58 29
2.520000 58 29
2.590000 0 0
2.660000 63 34
2.730000 63 34
2.800000 63 34
2.870000 60 31
2.940000 60 31
3.010000 60 31
3.080000 0 0
3.150000 62 40
3.220000 62 40
3.290000 62 40
3.360000 0 0
3.430000 61 30
3.500000 61 30
3.570000 61 30
3.640000 62 34
3.710000 62 34
3.780000 62 34
3.850000 0 0
3.920000 58 30
3.990000 58 30
4.060000 58 30
4.130000 63 34
4.200000 63 34
4.270000 63 34
4.340000 0 0
4.410000 60 29
4.480000 60 29
4.550000 60 29
4.620000 62 40
4.690000 62 40
4.760000 62 40
4.830000 0 0
4.900000 61 30
4.970000 61 30
5.040000 61 30
5.110000 62 34
5.180000 62 34
5.250000 62 34
5.320000 0 0
5.390000 57 30
5.460000 57 30
5.530000 57 30
5.600000 58 34
5.670000 58 34
5.740000 58 34
5.810000 0 0
5.880000 55 30
5.950000 55 30
6.020000 55 30
6.090000 0 0
6.160000 53 40
6.230000 53 40
6.300000 53 40
6.370000 53 40
6.440000 53 40
6.510000 53 40
6.580000 53 40
6.650000 53 40
6.720000 53 40
6.790000 53 40
6.860000 0 0
6.930000 0 0
7.000000 0 0
7.070000 0 0
7.140000 0 0
7.210000 0 0
7.280000 0 0
7.350000 0 0
7.420000 0 0
7.490000 0 0
7.560000 0 0
7.630000 0 0
7.700000 0 0
7.770000 0 0
7.840000 0 0
7.910000 53 36
7.980000 53 36
8.050000 53 36
8.120000 53 36
8.190000 53 36
8.260000 53 36
8.330000 53 36
8.400000 53 36
8.470000 53 36
8.540000 53 36
8.610000 53 36
8.680000 53 36
8.750000 53 36
8.820000 53 36
8.890000 53 36
8.960000 53 36
9.030000 53 36
9.100000 53 36
9.170000 53 36
9.240000 53 36
9.310000 53 36
9.380000 53 42
9.450000 53 42
9.520000 53 42
9.590000 53 42
9.660000 53 42
9.730000 53 42
9.800000 53 42
9.870000 53 42
9.940000 53 42
10.010000 53 42
10.080000 53 42
10.150000 53 42
10.220000 53 42
10.290000 53 42
10.360000 53 42
10.430000 53 42
10.500000 53 42
10.570000 53 42
10.640000 53 42
10.710000 53 42
10.780000 53 42
10.850000 53 42
10.920000 53 42
10.990000 53 42
11.060000 66 55
11.130000 65 38
11.200000 65 38
11.270000 65 38
11.340000 65 38
11.410000 65 38
11.480000 65 38
11.550000 65 38
11.620000 53 32
11.690000 53 32
11.760000 53 32
11.830000 53 32
11.900000 53 32
11.970000 53 32
12.040000 53 32
12.110000 0 0
12.180000 58 30
12.250000 58 30
12.320000 58 30
12.390000 58 30
12.460000 58 30
12.530000 58 30
12.600000 58 30
12.670000 58 30
12.740000 58 30
12.810000 58 30
12.880000 58 30
12.950000 0 0
13.020000 0 0
13.090000 0 0
13.160000 0 0
13.230000 0 0
13.300000 0 0
13.370000 0 0
13.440000 0 0
13.510000 0 0
13.580000 0 0
13.650000 0 0
13.720000 0 0
13.790000 46 40
13.860000 0 0
13.930000 0 0
14.000000 0 0
14.070000 58 29
14.140000 58 29
14.210000 58 29
14.280000 62 34
14.350000 62 34
14.420000 62 34
14.490000 0 0
14.560000 58 29
14.630000 58 29
14.700000 58 29
14.770000 63 34
14.840000 63 34
14.910000 63 34
14.980000 0 0
15.050000 60 31
15.120000 60 31
15.190000 60 31
15.260000 0 0
15.330000 62 40
15.400000 62 40
15.470000 62 40
15.540000 61 30
15.610000 61 30
15.680000 61 30
15.750000 0 0
15.820000 62 34
15.890000 62 34
15.960000 62 34
16.030000 58 30
16.100000 58 30
16.170000 58 30
16.240000 0 0
16.310000 63 34
16.380000 63 34
16.450000 63 34
16.520000 60 29
16.590000 60 29
16.660000 60 29
16.730000 0 0
16.800000 62 40
16.870000 62 40
16.940000 62 40
17.010000 61 30
17.080000 61 30
17.150000 61 30
17.220000 0 0
17.290000 62 34
17.360000 62 34
17.430000 62 34
17.500000 57 30
17.570000 57 30
17.640000 57 30
17.710000 0 0
17.780000 58 34
17.850000 58 34
17.920000 58 34
17.990000 55 30
18.060000 55 30
18.130000 55 30
18.200000 0 0
18.270000 53 40
18.340000 53 40
18.410000 53 40
18.480000 53 40
18.550000 53 40
18.620000 53 40
18.690000 53 40
18.760000 53 40
18.830000 53 40
18.900000 53 40
18.970000 0 0
19.040000 0 0
19.110000 0 0
19.180000 0 0
19.250000 0 0
19.320000 0 0
19.390000 0 0
19.460000 0 0
19.530000 0 0
19.600000 0 0
19.670000 0 0
19.740000 0 0
19.810000 0 0
19.880000 0 0
19.950000 0 0
20.020000 53 36
20.090000 53 36
20.160000 53 36
20.230000 53 36
20.300000 53 36
20.370000 53 36
20.440000 53 36
20.510000 53 36
20.580000 53 36
20.650000 53 36
20.720000 53 36
20.790000 53 36
20.860000 53 36
20.930000 53 36
21.000000 53 36
21.070000 53 36
21.140000 53 36
21.210000 53 36
21.280000 53 36
21.350000 53 36
21.420000 53 36
21.490000 53 42
21.560000 53 42
21.630000 53 42
21.700000 53 42
21.770000 53 42
21.840000 53 42
21.910000 53 42
21.980000 53 42
22.050000 53 42
22.120000 53 42
22.190000 53 42
22.260000 53 42
22.330000 53 42
22.400000 53 42
22.470000 53 42
22.540000 53 42
22.610000 53 42
22.680000 53 42
22.750000 53 42
22.820000 53 42
22.890000 53 42
22.960000 53 42
23.030000 53 42
23.100000 53 42
23.170000 66 55
23.240000 65 38
23.310000 65 38
23.380000 65 38
23.450000 65 38
23.520000 65 38
23.590000 65 38
23.660000 65 38
23.730000 53 32
23.800000 53 32
23.870000 53 32
23.940000 53 32
24.010000 53 32
24.080000 53 32
24.150000 53 32
24.220000 0 0
24.290000 58 30
24.360000 58 30
24.430000 58 30
24.500000 58 30
24.570000 58 30
24.640000 58 30
24.710000 58 30
24.780000 58 30
24.850000 58 30
24.920000 58 30
24.990000 58 30
25.060000 58 30
25.130000 0 0
25.200000 0 0
25.270000 0 0
25.340000 0 0
25.410000 66 38
25.480000 0 0
25.550000 67 33
25.620000 0 0
25.690000 66 42
25.760000 67 38
25.830000 0 0
25.900000 66 45
25.970000 0 0
26.040000 67 39
26.110000 0 0
26.180000 66 49
26.250000 67 45
26.320000 0 0
26.390000 66 52
26.460000 0 0
26.530000 67 45
26.600000 66 55
26.670000 0 0
26.740000 67 52
26.810000 0 0
26.880000 66 59
26.950000 67 52
27.020000 0 0
27.090000 66 63
27.160000 0 0
27.230000 67 58
27.300000 0 0
27.370000 66 70
27.440000 66 70
27.510000 66 70
27.580000 0 0
27.650000 0 0
27.720000 0 0
27.790000 0 0
27.860000 50 62
27.930000 50 62
28.000000 50 62
28.070000 50 62
28.140000 50 62
28.210000 50 62
28.280000 50 62
28.350000 50 62
28.420000 50 62
28.490000 50 62
28.560000 0 0
28.630000 50 46
28.700000 0 0
28.770000 0 0
28.840000 51 57
28.910000 51 57
28.980000 51 57
29.050000 0 0
29.120000 0 0
29.190000 0 0
29.260000 0 0
29.330000 0 0
29.400000 50 53
29.470000 50 53
29.540000 50 53
29.610000 0 0
29.680000 0 0
29.750000 0 0
29.820000 0 0
29.890000 38 51
29.960000 38 51
30.030000 38 51
30.100000 0 0
30.170000 0 0
30.240000 0 0
30.310000 0 0
30.380000 43 51
30.450000 43 51
30.520000 43 51
30.590000 43 51
30.660000 43 51
30.730000 43 51
30.800000 43 51
30.870000 43 51
30.940000 43 51
31.010000 43 51
31.080000 0 0
31.150000 0 0
31.220000 0 0
31.290000 0 0
31.360000 0 0
31.430000 50 25
31.500000 51 22
31.570000 0 0
31.640000 50 27
31.710000 0 0
31.780000 51 24
31.850000 0 0
31.920000 50 28
31.990000 51 24
32.060000 0 0
32.130000 50 30
32.200000 0 0
32.270000 51 28
32.340000 50 33
32.410000 0 0
32.480000 51 29
32.550000 0 0
32.620000 50 36
32.690000 0 0
32.760000 51 33
32.830000 50 38
32.900000 0 0
32.970000 51 33
33.040000 0 0
33.110000 50 40
33.180000 0 0
33.250000 51 38
33.320000 51 38
33.390000 50 54
33.460000 50 54
33.530000 50 54
33.600000 0 0
33.670000 0 0
33.740000 0 0
33.810000 0 0
33.880000 50 53
33.950000 50 53
34.020000 50 53
34.090000 50 53
34.160000 50 53
34.230000 50 53
34.300000 50 53
34.370000 50 53
34.440000 50 53
34.510000 50 53
34.580000 51 36
34.650000 51 36
34.720000 51 36
34.790000 0 0
34.860000 47 43
34.930000 47 43
35.000000 47 43
35.070000 47 43
35.140000 47 43
35.210000 48 32
35.280000 0 0
35.350000 50 38
35.420000 50 38
35.490000 50 38
35.560000 50 38
35.630000 50 38
35.700000 50 38
35.770000 50 38
35.840000 51 34
35.910000 51 34
35.980000 51 34
36.050000 51 34
36.120000 51 34
36.190000 51 34
36.260000 51 34
36.330000 0 0
36.400000 53 36
36.470000 53 36
36.540000 53 36
36.610000 53 36
36.680000 53 36
36.750000 53 36
36.820000 53 36
36.890000 41 30
36.960000 41 30
37.030000 41 30
37.100000 0 0
37.170000 0 0
37.240000 0 0
37.310000 0 0
37.380000 0 0
37.450000 0 0
37.520000 0 0
37.590000 0 0
37.660000 0 0
37.730000 0 0
37.800000 0 0
37.870000 0 0
37.940000 46 40
38.010000 0 0
38.080000 0 0
38.150000 58 29
38.220000 58 29
38.290000 58 29
38.360000 0 0
38.430000 62 34
38.500000 62 34
38.570000 62 34
38.640000 58 29
38.710000 58 29
38.780000 58 29
38.850000 0 0
38.920000 63 34
38.990000 63 34
39.060000 63 34
39.130000 0 0
39.200000 60 31
39.270000 60 31
39.340000 60 31
39.410000 62 40
39.480000 62 40
39.550000 62 40
39.620000 0 0
39.690000 61 30
39.760000 61 30
39.830000 61 30
39.900000 62 34
39.970000 62 34
40.040000 62 34
40.110000 0 0
40.180000 58 30
40.250000 58 30
40.320000 58 30
40.390000 63 34
40.460000 63 34
40.530000 63 34
40.600000 0 0
40.670000 60 29
40.740000 60 29
40.810000 60 29
40.880000 0 0
40.950000 62 40
41.020000 62 40
41.090000 62 40
41.160000 61 30
41.230000 61 30
41.300000 61 30
41.370000 0 0
41.440000 62 34
41.510000 62 34
41.580000 62 34
41.650000 57 30
41.720000 57 30
41.790000 57 30
41.860000 0 0
41.930000 58 34
42.000000 58 34
42.070000 58 34
42.140000 55 30
42.210000 55 30
42.280000 55 30
42.350000 0 0
42.420000 53 40
42.490000 53 40
42.560000 53 40
42.630000 53 40
42.700000 53 40
42.770000 53 40
42.840000 53 40
42.910000 53 40
42.980000 53 40
43.050000 53 40
43.120000 0 0
43.190000 0 0
43.260000 0 0
43.330000 0 0
43.400000 0 0
43.470000 0 0
43.540000 0 0
43.610000 0 0
43.680000 0 0
43.750000 0 0
43.820000 0 0
43.890000 0 0
43.960000 0 0
44.030000 41 37
44.100000 0 0
44.170000 45 38
44.240000 0 0
44.310000 48 39
44.380000 0 0
44.450000 53 40
44.520000 57 41
44.590000 0 0
44.660000 60 42
44.730000 0 0
44.800000 62 43
44.870000 0 0
44.940000 63 48
45.010000 63 48
45.080000 63 48
45.150000 63 48
45.220000 63 48
45.290000 63 48
45.360000 63 48
45.430000 63 48
45.500000 0 0
45.570000 41 37
45.640000 45 41
45.710000 0 0
45.780000 48 43
45.850000 0 0
45.920000 53 44
45.990000 0 0
46.060000 57 46
46.130000 60 48
46.200000 0 0
46.270000 63 49
46.340000 0 0
46.410000 66 55
46.480000 66 55
46.550000 66 55
46.620000 66 55
46.690000 66 55
46.760000 66 55
46.830000 66 55
46.900000 66 55
46.970000 66 55
47.040000 66 55
47.110000 66 55
47.180000 66 55
47.250000 66 55
47.320000 66 55
47.390000 65 38
47.460000 65 38
47.530000 65 38
47.600000 65 38
47.670000 65 38
47.740000 65 38
47.810000 65 38
47.880000 53 32
47.950000 53 32
48.020000 53 32
48.090000 53 32
48.160000 53 32
48.230000 53 32
48.300000 53 32
48.370000 0 0
48.440000 46 40
48.510000 0 0
48.580000 0 0
48.650000 58 29
48.720000 58 29
48.790000 58 29
48.860000 0 0
48.930000 62 34
49.000000 62 34
49.070000 62 34
49.140000 58 29
49.210000 58 29
49.280000 58 29
49.350000 0 0
49.420000 63 34
49.490000 63 34
49.560000 63 34
49.630000 58 31
49.700000 58 31
49.770000 58 31
49.840000 0 0
49.910000 62 40
49.980000 62 40
50.050000 62 40
50.120000 0 0
50.190000 61 30
50.260000 61 30
50.330000 61 30
50.400000 62 34
50.470000 62 34
50.540000 62 34
50.610000 0 0
50.680000 58 30
50.750000 58 30
50.820000 58 30
50.890000 60 34
50.960000 60 34
51.030000 60 34
51.100000 0 0
51.170000 53 29
51.240000 53 29
51.310000 53 29
51.380000 58 40
51.450000 58 40
51.520000 58 40
51.590000 0 0
51.660000 46 30
51.730000 46 30
51.800000 46 30
51.870000 50 34
51.940000 50 34
52.010000 50 34
52.080000 0 0
52.150000 46 30
52.220000 46 30
52.290000 46 30
52.360000 0 0
52.430000 51 34
52.500000 51 34
52.570000 51 34
52.640000 46 29
52.710000 46 29
52.780000 46 29
52.850000 0 0
52.920000 50 40
52.990000 50 40
53.060000 50 40
53.130000 49 30
53.200000 49 30
53.270000 49 30
53.340000 0 0
53.410000 50 34
53.480000 50 34
53.550000 50 34
53.620000 46 30
53.690000 46 30
53.760000 46 30
53.830000 0 0
53.900000 48 34
53.970000 48 34
54.040000 48 34
54.110000 41 29
54.180000 41 29
54.250000 41 29
54.320000 0 0
54.390000 46 40
54.460000 46 40
54.530000 46 40
54.600000 0 0
54.670000 50 30
54.740000 50 30
54.810000 50 30
54.880000 48 35
54.950000 48 35
55.020000 48 35
55.090000 0 0
55.160000 41 31
55.230000 41 31
55.300000 41 31
55.370000 0 0
55.440000 46 36
55.510000 46 36
55.580000 46 36
55.650000 50 31
55.720000 50 31
55.790000 50 31
55.860000 0 0
55.930000 48 44
56.000000 48 44
56.070000 48 44
56.140000 41 33
56.210000 41 33
56.280000 41 33
56.350000 0 0
56.420000 46 45
56.490000 0 0
56.560000 50 37
56.630000 0 0
56.700000 41 46
56.770000 48 39
56.840000 0 0
56.910000 46 47
56.980000 0 0
57.050000 50 41
57.120000 0 0
57.190000 41 49
57.260000 0 0
57.330000 48 43
57.400000 46 24
57.470000 0 0
57.540000 0 0
57.610000 0 0
57.680000 0 0
57.750000 0 0
57.820000 0 0
57.890000 0 0
57.960000 34 24
58.030000 0 0
58.100000 0 0
58.170000 0 0
58.240000 0 0
58.310000 0 0
58.380000 0 0
58.450000 66 38
58.520000 67 33
58.590000 0 0
58.660000 66 42
58.730000 0 0
58.800000 67 38
58.870000 0 0
58.940000 66 45
59.010000 67 39
59.080000 0 0
59.150000 66 48
59.220000 0 0
59.290000 67 45
59.360000 0 0
59.430000 66 52
59.500000 67 45
59.570000 0 0
59.640000 66 55
59.710000 0 0
59.780000 67 52
59.850000 66 59
59.920000 0 0
59.990000 67 51
60.060000 0 0
60.130000 66 63
60.200000 67 58
60.270000 0 0
60.340000 66 70
60.410000 66 70
60.480000 66 70
60.550000 0 0
60.620000 0 0
60.690000 0 0
60.760000 0 0
60.830000 50 62
60.900000 50 62
60.970000 50 62
61.040000 50 62
61.110000 50 62
61.180000 50 62
61.250000 50 62
61.320000 50 62
61.390000 50 62
61.460000 50 62
61.530000 0 0
61.600000 50 46
61.670000 0 0
61.740000 0 0
61.810000 0 0
61.880000 51 57
61.950000 51 57
62.020000 51 57
62.090000 0 0
62.160000 0 0
62.230000 0 0
62.300000 0 0
62.370000 50 53
62.440000 50 53
62.510000 50 53
62.580000 0 0
62.650000 0 0
62.720000 0 0
62.790000 0 0
62.860000 38 51
62.930000 38 51
63.000000 38 51
63.070000 0 0
63.140000 0 0
63.210000 0 0
63.280000 0 0
63.350000 0 0
63.420000 43 51
63.490000 43 51
63.560000 43 51
63.630000 43 51
63.700000 43 51
63.770000 43 51
63.840000 43 51
63.910000 43 51
63.980000 43 51
64.050000 43 51
64.120000 0 0
64.190000 0 0
64.260000 0 0
64.330000 0 0
64.400000 50 25
64.470000 0 0
64.540000 51 22
64.610000 0 0
64.680000 50 27
64.750000 51 24
64.820000 0 0
64.890000 50 29
64.960000 0 0
65.030000 51 25
65.100000 0 0
65.170000 50 32
65.240000 51 29
65.310000 0 0
65.380000 50 34
65.450000 0 0
65.520000 51 30
65.590000 50 37
65.660000 0 0
65.730000 51 34
65.800000 0 0
65.870000 50 39
65.940000 0 0
66.010000 51 34
66.080000 50 42
66.150000 0 0
66.220000 51 38
66.290000 51 38
66.360000 50 54
66.430000 50 54
66.500000 50 54
66.570000 0 0
66.640000 0 0
66.710000 0 0
66.780000 0 0
66.850000 50 53
66.920000 50 53
66.990000 50 53
67.060000 50 53
67.130000 50 53
67.200000 50 53
67.270000 50 53
67.340000 50 53
67.410000 50 53
67.480000 50 53
67.550000 0 0
67.620000 51 36
67.690000 51 36
67.760000 51 36
67.830000 0 0
67.900000 47 43
67.970000 47 43
68.040000 47 43
68.110000 47 43
68.180000 47 43
68.250000 48 32
68.320000 0 0
68.390000 50 38
68.460000 50 38
68.530000 50 38
68.600000 50 38
68.670000 50 38
68.740000 50 38
68.810000 50 38
68.880000 51 34
68.950000 51 34
69.020000 51 34
69.090000 51 34
69.160000 51 34
69.230000 51 34
69.300000 51 34
69.370000 53 36
69.440000 53 36
69.510000 53 36
69.580000 53 36
69.650000 53 36
69.720000 53 36
69.790000 53 36
69.860000 0 0
69.930000 41 30
70.000000 41 30
70.070000 41 30
70.140000 0 0
70.210000 0 0
70.280000 0 0
70.350000 0 0
70.420000 0 0
70.490000 0 0
70.560000 0 0
70.630000 0 0
70.700000 0 0
70.770000 0 0
70.840000 0 0
70.910000 46 40
70.980000 0 0
71.050000 0 0
71.120000 0 0
71.190000 58 29
71.260000 58 29
71.330000 58 29
71.400000 62 34
71.470000 62 34
71.540000 62 34
71.610000 0 0
71.680000 58 29
71.750000 58 29
71.820000 58 29
71.890000 63 34
71.960000 63 34
72.030000 63 34
72.100000 0 0
72.170000 60 31
72.240000 60 31
72.310000 60 31
72.380000 0 0
72.450000 62 40
72.520000 62 40
72.590000 62 40
72.660000 61 30
72.730000 61 30
72.800000 61 30
72.870000 0 0
72.940000 62 34
73.010000 62 34
73.080000 62 34
73.150000 58 30
73.220000 58 30
73.290000 58 30
73.360000 0 0
73.430000 63 34
73.500000 63 34
73.570000 63 34
73.640000 60 29
73.710000 60 29
73.780000 60 29
73.850000 0 0
73.920000 62 40
73.990000 62 40
74.060000 62 40
74.130000 61 30
74.200000 61 30
74.270000 61 30
74.340000 0 0
74.410000 62 34
74.480000 62 34
74.550000 62 34
74.620000 57 30
74.690000 57 30
74.760000 57 30
74.830000 0 0
74.900000 58 34
74.970000 58 34
75.040000 58 34
75.110000 0 0
75.180000 55 30
75.250000 55 30
75.320000 55 30
75.390000 53 40
75.460000 53 40
75.530000 53 40
75.600000 53 40
75.670000 53 40
75.740000 53 40
75.810000 53 40
75.880000 53 40
75.950000 53 40
76.020000 53 40
76.090000 65 35
76.160000 0 0
76.230000 0 0
76.300000 0 0
76.370000 0 0
76.440000 0 0
76.510000 0 0
76.580000 0 0
76.650000 0 0
76.720000 0 0
76.790000 0 0
76.860000 0 0
76.930000 0 0
77.000000 0 0
77.070000 41 37
77.140000 0 0
77.210000 45 38
77.280000 48 39
77.350000 0 0
77.420000 53 40
77.490000 0 0
77.560000 57 41
77.630000 0 0
77.700000 60 42
77.770000 62 43
77.840000 0 0
77.910000 63 48
77.980000 63 48
78.050000 63 48
78.120000 63 48
78.190000 63 48
78.260000 63 48
78.330000 63 48
78.400000 63 48
78.470000 0 0
78.540000 41 37
78.610000 0 0
78.680000 45 41
78.750000 48 43
78.820000 0 0
78.890000 53 44
78.960000 0 0
79.030000 57 46
79.100000 0 0
79.170000 60 48
79.240000 63 49
79.310000 0 0
79.380000 66 55
79.450000 66 55
79.520000 66 55
79.590000 66 55
79.660000 66 55
79.730000 66 55
79.800000 66 55
79.870000 66 55
79.940000 66 55
80.010000 66 55
80.080000 66 55
80.150000 66 55
80.220000 66 55
80.290000 66 55
80.360000 65 38
80.430000 65 38
80.500000 65 38
80.570000 65 38
80.640000 65 38
80.710000 65 38
80.780000 65 38
80.850000 53 32
80.920000 53 32
80.990000 53 32
81.060000 53 32
81.130000 53 32
81.200000 53 32
81.270000 53 32
81.340000 0 0
81.410000 46 40
81.480000 0 0
81.550000 0 0
81.620000 0 0
81.690000 58 29
81.760000 58 29
81.830000 58 29
81.900000 62 34
81.970000 62 34
82.040000 62 34
82.110000 0 0
82.180000 58 29
82.250000 58 29
82.320000 58 29
82.390000 63 34
82.460000 63 34
82.530000 63 34
82.600000 0 0
82.670000 58 31
82.740000 58 31
82.810000 58 31
82.880000 0 0
82.950000 62 40
83.020000 62 40
83.090000 62 40
83.160000 61 30
83.230000 61 30
83.300000 61 30
83.370000 0 0
83.440000 62 34
83.510000 62 34
83.580000 62 34
83.650000 58 30
83.720000 58 30
83.790000 58 30
83.860000 0 0
83.930000 60 34
84.000000 60 34
84.070000 60 34
84.140000 53 29
84.210000 53 29
84.280000 53 29
84.350000 0 0
84.420000 58 40
84.490000 58 40
84.560000 58 40
84.630000 46 30
84.700000 46 30
84.770000 46 30
84.840000 0 0
84.910000 50 34
84.980000 50 34
85.050000 50 34
85.120000 46 30
85.190000 46 30
85.260000 46 30
85.330000 0 0
85.400000 51 34
85.470000 51 34
85.540000 51 34
85.610000 46 29
85.680000 46 29
85.750000 46 29
85.820000 0 0
85.890000 50 40
85.960000 50 40
86.030000 50 40
86.100000 0 0
86.170000 49 30
86.240000 49 30
86.310000 49 30
86.380000 50 34
86.450000 50 34
86.520000 50 34
86.590000 0 0
86.660000 46 30
86.730000 46 30
86.800000 46 30
86.870000 48 34
86.940000 48 34
87.010000 48 34
87.080000 0 0
87.150000 41 29
87.220000 41 29
87.290000 41 29
87.360000 46 40
87.430000 46 40
87.500000 46 40
87.570000 0 0
87.640000 50 30
87.710000 50 30
87.780000 50 30
87.850000 0 0
87.920000 48 35
87.990000 48 35
88.060000 48 35
88.130000 41 31
88.200000 41 31
88.270000 41 31
88.340000 0 0
88.410000 46 36
88.480000 46 36
88.550000 46 36
88.620000 50 31
88.690000 50 31
88.760000 50 31
88.830000 0 0
88.900000 48 44
88.970000 48 44
89.040000 48 44
89.110000 0 0
89.180000 41 33
89.250000 41 33
89.320000 41 33
89.390000 46 45
89.460000 0 0
89.530000 50 37
89.600000 0 0
89.670000 41 46
89.740000 0 0
89.810000 48 39
89.880000 46 47
89.950000 0 0
90.020000 50 41
90.090000 0 0
90.160000 41 49
90.230000 0 0
90.300000 48 43
90.370000 0 0
90.440000 46 24
90.510000 0 0
90.580000 0 0
90.650000 0 0
90.720000 0 0
90.790000 0 0
90.860000 0 0
90.930000 34 24
91.000000 0 0
91.070000 0 0
91.140000 0 0
91.210000 0 0
91.280000 0 0
91.350000 0 0
91.420000 62 62
91.490000 0 0
91.560000 63 48
91.630000 62 48
91.700000 0 0
91.770000 60 48
91.840000 0 0
91.910000 58 62
91.980000 0 0
92.050000 60 48
92.120000 58 47
92.190000 0 0
92.260000 57 47
92.330000 0 0
92.400000 55 63
92.470000 0 0
92.540000 57 46
92.610000 58 46
92.680000 0 0
92.750000 57 46
92.820000 0 0
92.890000 55 58
92.960000 0 0
93.030000 58 46
93.100000 57 46
93.170000 0 0
93.240000 55 45
93.310000 0 0
93.380000 54 59
93.450000 0 0
93.520000 55 45
93.590000 54 45
93.660000 0 0
93.730000 51 44
93.800000 0 0
93.870000 50 57
93.940000 0 0
94.010000 51 44
94.080000 50 42
94.150000 0 0
94.220000 48 42
94.290000 0 0
94.360000 46 55
94.430000 0 0
94.500000 48 41
94.570000 46 41
94.640000 0 0
94.710000 45 41
94.780000 0 0
94.850000 43 56
94.920000 0 0
94.990000 42 42
95.060000 43 42
95.130000 0 0
95.200000 45 42
95.270000 0 0
95.340000 46 55
95.410000 0 0
95.480000 45 42
95.550000 46 41
95.620000 0 0
95.690000 47 41
95.760000 0 0
95.830000 48 59
95.900000 47 47
95.970000 0 0
96.040000 48 48
96.110000 0 0
96.180000 49 48
96.250000 0 0
96.320000 50 60
96.390000 38 46
96.460000 0 0
96.530000 42 46
96.600000 0 0
96.670000 45 42
96.740000 50 57
96.810000 0 0
96.880000 54 53
96.950000 0 0
97.020000 57 56
97.090000 0 0
97.160000 61 58
97.230000 61 58
97.300000 62 66
97.370000 0 0
97.440000 63 59
97.510000 62 57
97.580000 0 0
97.650000 60 56
97.720000 0 0
97.790000 58 62
97.860000 0 0
97.930000 60 48
98.000000 58 47
98.070000 0 0
98.140000 57 47
98.210000 0 0
98.280000 55 63
98.350000 0 0
98.420000 57 46
98.490000 55 46
98.560000 0 0
98.630000 53 46
98.700000 0 0
98.770000 52 58
98.840000 0 0
98.910000 53 46
98.980000 52 46
99.050000 0 0
99.120000 50 45
99.190000 0 0
99.260000 49 59
99.330000 50 45
99.400000 0 0
99.470000 49 45
99.540000 0 0
99.610000 46 44
99.680000 0 0
99.750000 45 57
99.820000 46 44
99.890000 0 0
99.960000 45 42
100.030000 0 0
100.100000 43 42
100.170000 0 0
100.240000 41 55
100.310000 43 41
100.380000 0 0
100.450000 41 41
100.520000 0 0
100.590000 40 41
100.660000 0 0
100.730000 38 56
100.800000 40 42
100.870000 0 0
100.940000 41 42
101.010000 0 0
101.080000 38 42
101.150000 0 0
101.220000 43 55
101.290000 45 42
101.360000 0 0
101.430000 46 41
101.500000 0 0
101.570000 43 41
101.640000 0 0
101.710000 45 57
101.780000 44 45
101.850000 0 0
101.920000 45 45
101.990000 0 0
102.060000 33 45
102.130000 0 0
102.200000 38 60
102.270000 41 46
102.340000 0 0
102.410000 45 46
102.480000 0 0
102.550000 50 42
102.620000 38 57
102.690000 38 57
102.760000 38 57
102.830000 38 57
102.900000 38 57
102.970000 38 57
103.040000 0 0
103.110000 62 62
103.180000 0 0
103.250000 63 48
103.320000 0 0
103.390000 62 48
103.460000 60 48
103.530000 0 0
103.600000 58 62
103.670000 0 0
103.740000 60 48
103.810000 0 0
103.880000 58 47
103.950000 57 47
104.020000 0 0
104.090000 55 63
104.160000 0 0
104.230000 57 46
104.300000 0 0
104.370000 58 46
104.440000 57 46
104.510000 0 0
104.580000 55 58
104.650000 0 0
104.720000 58 46
104.790000 0 0
104.860000 57 46
104.930000 55 45
105.000000 0 0
105.070000 54 59
105.140000 0 0
105.210000 55 45
105.280000 0 0
105.350000 54 45
105.420000 51 44
105.490000 0 0
105.560000 50 57
105.630000 0 0
105.700000 51 44
105.770000 0 0
105.840000 50 42
105.910000 48 42
105.980000 0 0
106.050000 46 55
106.120000 0 0
106.190000 48 41
106.260000 0 0
106.330000 46 41
106.400000 45 41
106.470000 0 0
106.540000 43 56
106.610000 0 0
106.680000 42 42
106.750000 0 0
106.820000 43 42
106.890000 45 42
106.960000 0 0
107.030000 46 55
107.100000 0 0
107.170000 45 42
107.240000 46 41
107.310000 0 0
107.380000 47 41
107.450000 0 0
107.520000 48 59
107.590000 0 0
107.660000 47 47
107.730000 48 48
107.800000 0 0
107.870000 49 48
107.940000 0 0
108.010000 50 60
108.080000 0 0
108.150000 38 46
108.220000 42 47
108.290000 0 0
108.360000 45 48
108.430000 0 0
108.500000 50 57
108.570000 54 49
108.640000 0 0
108.710000 57 53
108.780000 0 0
108.850000 61 57
108.920000 61 57
108.990000 62 62
109.060000 0 0
109.130000 63 57
109.200000 62 52
109.270000 0 0
109.340000 60 49
109.410000 0 0
109.480000 58 62
109.550000 0 0
109.620000 60 48
109.690000 58 47
109.760000 0 0
109.830000 57 47
109.900000 0 0
109.970000 55 63
110.040000 0 0
110.110000 57 46
110.180000 55 46
110.250000 0 0
110.320000 53 46
110.390000 0 0
110.460000 52 58
110.530000 0 0
110.600000 53 46
110.670000 52 46
110.740000 0 0
110.810000 50 45
110.880000 0 0
110.950000 49 59
111.020000 0 0
111.090000 50 45
111.160000 49 45
111.230000 0 0
111.300000 46 44
111.370000 0 0
111.440000 45 57
111.510000 0 0
111.580000 46 44
111.650000 45 42
111.720000 0 0
111.790000 43 42
111.860000 0 0
111.930000 41 55
112.000000 0 0
112.070000 43 41
112.140000 41 41
112.210000 0 0
112.280000 40 41
112.350000 0 0
112.420000 38 56
112.490000 0 0
112.560000 40 42
112.630000 41 42
112.700000 0 0
112.770000 38 42
112.840000 0 0
112.910000 43 55
112.980000 0 0
113.050000 45 42
113.120000 46 41
113.190000 0 0
113.260000 43 41
113.330000 0 0
113.400000 45 57
113.470000 44 45
113.540000 0 0
113.610000 45 45
113.680000 0 0
113.750000 33 45
113.820000 0 0
113.890000 38 60
113.960000 41 46
114.030000 0 0
114.100000 45 46
114.170000 0 0
114.240000 50 42
114.310000 0 0
114.380000 38 57
114.450000 38 57
114.520000 38 57
114.590000 38 57
114.660000 38 57
114.730000 38 57
114.800000 0 0
114.870000 0 0
114.940000 0 0
115.010000 0 0
115.080000 0 0
115.150000 0 0
115.220000 0 0
115.290000 68 67
115.360000 0 0
115.430000 70 46
115.500000 0 0
115.570000 68 46
115.640000 67 46
115.710000 0 0
115.780000 65 59
115.850000 0 0
115.920000 67 46
115.990000 0 0
116.060000 65 46
116.130000 63 46
116.200000 0 0
116.270000 55 56
116.340000 55 56
116.410000 55 56
116.480000 55 56
116.550000 55 56
116.620000 55 56
116.690000 0 0
116.760000 60 56
116.830000 60 56
116.900000 60 56
116.970000 0 0
117.040000 0 0
117.110000 0 0
117.180000 0 0
117.250000 0 0
117.320000 0 0
117.390000 0 0
117.460000 0 0
117.530000 0 0
117.600000 0 0
117.670000 0 0
117.740000 0 0
117.810000 0 0
117.880000 0 0
117.950000 0 0
118.020000 0 0
118.090000 0 0
118.160000 0 0
118.230000 63 67
118.300000 0 0
118.370000 65 46
118.440000 63 46
118.510000 0 0
118.580000 62 46
118.650000 0 0
118.720000 60 59
118.790000 62 46
118.860000 0 0
118.930000 60 46
119.000000 0 0
119.070000 58 46
119.140000 0 0
119.210000 50 56
119.280000 50 56
119.350000 50 56
119.420000 50 56
119.490000 50 56
119.560000 50 56
119.630000 0 0
119.700000 55 56
119.770000 55 56
119.840000 55 56
119.910000 0 0
119.980000 0 0
120.050000 0 0
120.120000 0 0
120.190000 0 0
120.260000 0 0
120.330000 0 0
120.400000 0 0
120.470000 0 0
120.540000 0 0
120.610000 62 62
120.680000 0 0
120.750000 63 48
120.820000 0 0
120.890000 62 48
120.960000 0 0
121.030000 60 48
121.100000 58 62
121.170000 0 0
121.240000 60 48
121.310000 0 0
121.380000 58 47
121.450000 0 0
121.520000 57 47
121.590000 55 63
121.660000 0 0
121.730000 57 46
121.800000 0 0
121.870000 55 46
121.940000 0 0
122.010000 53 46
122.080000 51 58
122.150000 0 0
122.220000 53 46
122.290000 0 0
122.360000 51 46
122.430000 0 0
122.500000 50 45
122.570000 48 59
122.640000 0 0
122.710000 50 45
122.780000 0 0
122.850000 48 45
122.920000 0 0
122.990000 46 44
123.060000 44 57
123.130000 0 0
123.200000 46 44
123.270000 0 0
123.340000 44 42
123.410000 43 42
123.480000 0 0
123.550000 42 55
123.620000 0 0
123.690000 43 41
123.760000 0 0
123.830000 42 41
123.900000 40 41
123.970000 0 0
124.040000 38 56
124.110000 0 0
124.180000 40 42
124.250000 0 0
124.320000 42 42
124.390000 38 42
124.460000 0 0
124.530000 43 55
124.600000 0 0
124.670000 45 42
124.740000 0 0
124.810000 46 41
124.880000 43 41
124.950000 0 0
125.020000 50 57
125.090000 0 0
125.160000 48 45
125.230000 0 0
125.300000 46 45
125.370000 45 45
125.440000 0 0
125.510000 43 60
125.580000 0 0
125.650000 46 46
125.720000 50 46
125.790000 0 0
125.860000 55 42
125.930000 0 0
126.000000 43 57
126.070000 43 57
126.140000 43 57
126.210000 43 57
126.280000 43 57
126.350000 43 57
126.420000 0 0
126.490000 0 0
126.560000 0 0
126.630000 0 0
126.700000 0 0
126.770000 0 0
126.840000 0 0
126.910000 0 0
126.980000 68 67
127.050000 70 46
127.120000 0 0
127.190000 68 46
127.260000 0 0
127.330000 67 46
127.400000 65 59
127.470000 0 0
127.540000 67 46
127.610000 0 0
127.680000 65 46
127.750000 0 0
127.820000 63 46
127.890000 55 56
127.960000 55 56
128.030000 55 56
128.100000 55 56
128.170000 55 56
128.240000 55 56
128.310000 0 0
128.380000 60 56
128.450000 60 56
128.520000 60 56
128.590000 0 0
128.660000 0 0
128.730000 0 0
128.800000 0 0
128.870000 0 0
128.940000 0 0
129.010000 0 0
129.080000 0 0
129.150000 0 0
129.220000 0 0
129.290000 0 0
129.360000 0 0
129.430000 0 0
129.500000 0 0
129.570000 0 0
129.640000 0 0
129.710000 0 0
129.780000 0 0
129.850000 63 67
129.920000 0 0
129.990000 65 46
130.060000 0 0
130.130000 63 46
130.200000 62 46
130.270000 0 0
130.340000 60 59
130.410000 0 0
130.480000 62 46
130.550000 0 0
130.620000 60 46
130.690000 58 46
130.760000 0 0
130.830000 50 56
130.900000 50 56
130.970000 50 56
131.040000 50 56
131.110000 50 56
131.180000 50 56
131.250000 0 0
131.320000 55 56
131.390000 55 56
131.460000 55 56
131.530000 0 0
131.600000 0 0
131.670000 0 0
131.740000 0 0
131.810000 0 0
131.880000 0 0
131.950000 0 0
132.020000 0 0
132.090000 0 0
132.160000 0 0
132.230000 0 0
132.300000 62 62
132.370000 0 0
132.440000 63 48
132.510000 62 48
132.580000 0 0
132.650000 60 48
132.720000 0 0
132.790000 58 62
132.860000 0 0
132.930000 60 48
133.000000 58 47
133.070000 0 0
133.140000 57 47
133.210000 0 0
133.280000 55 63
133.350000 0 0
133.420000 57 46
133.490000 55 46
133.560000 0 0
133.630000 53 46
133.700000 0 0
133.770000 51 58
133.840000 53 46
133.910000 0 0
133.980000 51 46
134.050000 0 0
134.120000 50 45
134.190000 0 0
134.260000 48 59
134.330000 50 45
134.400000 0 0
134.470000 48 45
134.540000 0 0
134.610000 46 44
134.680000 0 0
134.750000 44 57
134.820000 46 44
134.890000 0 0
134.960000 44 42
135.030000 0 0
135.100000 43 42
135.170000 0 0
135.240000 42 55
135.310000 43 41
135.380000 0 0
135.450000 42 41
135.520000 0 0
135.590000 40 41
135.660000 0 0
135.730000 38 56
135.800000 40 42
135.870000 0 0
135.940000 42 42
136.010000 0 0
136.080000 38 42
136.150000 0 0
136.220000 43 55
136.290000 45 42
136.360000 0 0
136.430000 46 41
136.500000 0 0
136.570000 43 41
136.640000 0 0
136.710000 50 57
136.780000 48 45
136.850000 0 0
136.920000 46 45
136.990000 0 0
137.060000 45 45
137.130000 0 0
137.200000 43 60
137.270000 46 46
137.340000 0 0
137.410000 50 46
137.480000 0 0
137.550000 55 42
137.620000 43 57
137.690000 43 57
137.760000 43 57
137.830000 43 57
137.900000 43 57
137.970000 43 57
138.040000 43 57
138.110000 43 57
138.180000 0 0
138.250000 0 0
138.320000 0 0
138.390000 0 0
138.460000 0 0
138.530000 0 0
138.600000 0 0
138.670000 0 0
138.740000 0 0
138.810000 46 40
138.880000 0 0
138.950000 0 0
139.020000 58 29
139.090000 58 29
139.160000 58 29
139.230000 0 0
139.300000 62 34
139.370000 62 34
139.440000 62 34
139.510000 58 29
139.580000 58 29
139.650000 58 29
139.720000 0 0
139.790000 63 34
139.860000 63 34
139.930000 63 34
140.000000 0 0
140.070000 60 31
140.140000 60 31
140.210000 60 31
140.280000 62 40
140.350000 62 40
140.420000 62 40
140.490000 0 0
140.560000 61 30
140.630000 61 30
140.700000 61 30
140.770000 62 34
140.840000 62 34
140.910000 62 34
140.980000 0 0
141.050000 58 30
141.120000 58 30
141.190000 58 30
141.260000 63 34
141.330000 63 34
141.400000 63 34
141.470000 0 0
141.540000 60 29
141.610000 60 29
141.680000 60 29
141.750000 62 40
141.820000 62 40
141.890000 62 40
141.960000 0 0
142.030000 61 30
142.100000 61 30
142.170000 61 30
142.240000 62 34
142.310000 62 34
142.380000 62 34
142.450000 0 0
142.520000 57 30
142.590000 57 30
142.660000 57 30
142.730000 0 0
142.800000 58 34
142.870000 58 34
142.940000 58 34
143.010000 55 30
143.080000 55 30
143.150000 55 30
143.220000 0 0
143.290000 53 40
143.360000 53 40
143.430000 53 40
143.500000 53 40
143.570000 53 40
143.640000 53 40
143.710000 53 40
143.780000 53 40
143.850000 53 40
143.920000 53 40
143.990000 0 0
144.060000 0 0
144.130000 0 0
144.200000 0 0
144.270000 0 0
144.340000 0 0
144.410000 0 0
144.480000 0 0
144.550000 0 0
144.620000 0 0
144.690000 0 0
144.760000 0 0
144.830000 0 0
144.900000 0 0
144.970000 0 0
145.040000 53 36
145.110000 53 36
145.180000 53 36
145.250000 53 36
145.320000 53 36
145.390000 53 36
145.460000 53 36
145.530000 53 36
145.600000 53 36
145.670000 53 36
145.740000 53 36
145.810000 53 36
145.880000 53 36
145.950000 53 36
146.020000 53 36
146.090000 53 36
146.160000 53 36
146.230000 53 36
146.300000 53 36
146.370000 53 36
146.440000 53 36
146.510000 53 42
146.580000 53 42
146.650000 53 42
146.720000 53 42
146.790000 53 42
146.860000 53 42
146.930000 53 42
147.000000 53 42
147.070000 53 42
147.140000 53 42
147.210000 53 42
147.280000 53 42
147.350000 53 42
147.420000 53 42
147.490000 53 42
147.560000 53 42
147.630000 53 42
147.700000 53 42
147.770000 53 42
147.840000 53 42
147.910000 53 42
147.980000 53 42
148.050000 53 42
148.120000 53 42
148.190000 0 0
148.260000 65 38
148.330000 65 38
148.400000 65 38
148.470000 65 38
148.540000 65 38
148.610000 65 38
148.680000 65 38
148.750000 53 32
148.820000 53 32
148.890000 53 32
148.960000 53 32
149.030000 53 32
149.100000 53 32
149.170000 53 32
149.240000 58 30
149.310000 58 30
149.380000 58 30
149.450000 58 30
149.520000 58 30
149.590000 58 30
149.660000 58 30
149.730000 58 30
149.800000 58 30
149.870000 58 30
149.940000 58 30
150.010000 62 32
150.080000 0 0
150.150000 0 0
150.220000 0 0
150.290000 0 0
150.360000 66 38
150.430000 0 0
150.500000 67 33
150.570000 0 0
150.640000 66 41
150.710000 67 38
150.780000 0 0
150.850000 66 45
150.920000 0 0
150.990000 67 39
151.060000 0 0
151.130000 66 48
151.200000 67 44
151.270000 0 0
151.340000 66 52
151.410000 0 0
151.480000 67 44
151.550000 66 55
151.620000 0 0
151.690000 67 51
151.760000 0 0
151.830000 66 59
151.900000 67 51
151.970000 0 0
152.040000 66 63
152.110000 0 0
152.180000 67 58
152.250000 0 0
152.320000 66 69
152.390000 66 69
152.460000 66 69
152.530000 0 0
152.600000 0 0
152.670000 0 0
152.740000 0 0
152.810000 50 62
152.880000 50 62
152.950000 50 62
153.020000 50 62
153.090000 50 62
153.160000 50 62
153.230000 50 62
153.300000 50 62
153.370000 50 62
153.440000 50 62
153.510000 0 0
153.580000 50 46
153.650000 0 0
153.720000 0 0
153.790000 51 57
153.860000 51 57
153.930000 51 57
154.000000 0 0
154.070000 0 0
154.140000 0 0
154.210000 0 0
154.280000 0 0
154.350000 50 53
154.420000 50 53
154.490000 50 53
154.560000 0 0
154.630000 0 0
154.700000 0 0
154.770000 0 0
154.840000 38 51
154.910000 38 51
154.980000 38 51
155.050000 0 0
155.120000 0 0
155.190000 0 0
155.260000 0 0
155.330000 43 51
155.400000 43 51
155.470000 43 51
155.540000 43 51
155.610000 43 51
155.680000 43 51
155.750000 43 51
155.820000 43 51
155.890000 43 51
155.960000 43 51
156.030000 0 0
156.100000 0 0
156.170000 0 0
156.240000 0 0
156.310000 0 0
156.380000 50 25
156.450000 51 22
156.520000 0 0
156.590000 50 27
156.660000 0 0
156.730000 51 24
156.800000 0 0
156.870000 50 29
156.940000 51 25
157.010000 0 0
157.080000 50 32
157.150000 0 0
157.220000 51 29
157.290000 50 34
157.360000 0 0
157.430000 51 30
157.500000 0 0
157.570000 50 37
157.640000 0 0
157.710000 51 34
157.780000 50 39
157.850000 0 0
157.920000 51 34
157.990000 0 0
158.060000 50 41
158.130000 0 0
158.200000 51 38
158.270000 50 54
158.340000 50 54
158.410000 50 54
158.480000 0 0
158.550000 0 0
158.620000 0 0
158.690000 0 0
158.760000 0 0
158.830000 50 53
158.900000 50 53
158.970000 50 53
159.040000 50 53
159.110000 50 53
159.180000 50 53
159.250000 50 53
159.320000 50 53
159.390000 50 53
159.460000 50 53
159.530000 51 36
159.600000 51 36
159.670000 51 36
159.740000 0 0
159.810000 47 43
159.880000 47 43
159.950000 47 43
160.020000 47 43
160.090000 47 43
160.160000 48 32
160.230000 0 0
160.300000 50 38
160.370000 50 38
160.440000 50 38
160.510000 50 38
160.580000 50 38
160.650000 50 38
160.720000 50 38
160.790000 51 34
160.860000 51 34
160.930000 51 34
161.000000 51 34
161.070000 51 34
161.140000 51 34
161.210000 51 34
161.280000 0 0
161.350000 53 36
161.420000 53 36
161.490000 53 36
161.560000 53 36
161.630000 53 36
161.700000 53 36
161.770000 53 36
161.840000 41 30
161.910000 41 30
161.980000 41 30
162.050000 0 0
162.120000 0 0
162.190000 0 0
162.260000 0 0
162.330000 0 0
162.400000 0 0
162.470000 0 0
162.540000 0 0
162.610000 0 0
162.680000 0 0
162.750000 0 0
162.820000 0 0
162.890000 46 40
162.960000 0 0
163.030000 0 0
163.100000 58 29
163.170000 58 29
163.240000 58 29
163.310000 0 0
163.380000 62 34
163.450000 62 34
163.520000 62 34
163.590000 58 29
163.660000 58 29
163.730000 58 29
163.800000 0 0
163.870000 63 34
163.940000 63 34
164.010000 63 34
164.080000 60 31
164.150000 60 31
164.220000 60 31
164.290000 0 0
164.360000 62 40
164.430000 62 40
164.500000 62 40
164.570000 0 0
164.640000 61 30
164.710000 61 30
164.780000 61 30
164.850000 62 34
164.920000 62 34
164.990000 62 34
165.060000 0 0
165.130000 58 30
165.200000 58 30
165.270000 58 30
165.340000 63 34
165.410000 63 34
165.480000 63 34
165.550000 0 0
165.620000 60 29
165.690000 60 29
165.760000 60 29
165.830000 62 40
165.900000 62 40
165.970000 62 40
166.040000 0 0
166.110000 61 30
166.180000 61 30
166.250000 61 30
166.320000 62 34
166.390000 62 34
166.460000 62 34
166.530000 0 0
166.600000 57 30
166.670000 57 30
166.740000 57 30
166.810000 58 34
166.880000 58 34
166.950000 58 34
167.020000 0 0
167.090000 55 30
167.160000 55 30
167.230000 55 30
167.300000 0 0
167.370000 53 40
167.440000 53 40
167.510000 53 40
167.580000 53 40
167.650000 53 40
167.720000 53 40
167.790000 53 40
167.860000 53 40
167.930000 53 40
168.000000 53 40
168.070000 0 0
168.140000 0 0
168.210000 0 0
168.280000 0 0
168.350000 0 0
168.420000 0 0
168.490000 0 0
168.560000 0 0
168.630000 0 0
168.700000 0 0
168.770000 0 0
168.840000 0 0
168.910000 0 0
168.980000 41 37
169.050000 0 0
169.120000 45 38
169.190000 0 0
169.260000 48 39
169.330000 53 40
169.400000 0 0
169.470000 57 41
169.540000 0 0
169.610000 60 42
169.680000 0 0
169.750000 62 43
169.820000 0 0
169.890000 63 48
169.960000 63 48
170.030000 63 48
170.100000 63 48
170.170000 63 48
170.240000 63 48
170.310000 63 48
170.380000 63 48
170.450000 41 37
170.520000 0 0
170.590000 45 41
170.660000 0 0
170.730000 48 43
170.800000 0 0
170.870000 53 44
170.940000 57 46
171.010000 0 0
171.080000 60 48
171.150000 0 0
171.220000 63 49
171.290000 0 0
171.360000 66 55
171.430000 66 55
171.500000 66 55
171.570000 66 55
171.640000 66 55
171.710000 66 55
171.780000 66 55
171.850000 66 55
171.920000 66 55
171.990000 66 55
172.060000 66 55
172.130000 66 55
172.200000 66 55
172.270000 66 55
172.340000 65 38
172.410000 65 38
172.480000 65 38
172.550000 65 38
172.620000 65 38
172.690000 65 38
172.760000 65 38
172.830000 53 32
172.900000 53 32
172.970000 53 32
173.040000 53 32
173.110000 53 32
173.180000 53 32
173.250000 53 32
173.320000 46 40
173.390000 0 0
173.460000 0 0
173.530000 0 0
173.600000 58 29
173.670000 58 29
173.740000 58 29
173.810000 0 0
173.880000 62 34
173.950000 62 34
174.020000 62 34
174.090000 58 29
174.160000 58 29
174.230000 58 29
174.300000 0 0
174.370000 63 34
174.440000 63 34
174.510000 63 34
174.580000 58 31
174.650000 58 31
174.720000 58 31
174.790000 0 0
174.860000 62 40
174.930000 62 40
175.000000 62 40
175.070000 61 30
175.140000 61 30
175.210000 61 30
175.280000 0 0
175.350000 62 34
175.420000 62 34
175.490000 62 34
175.560000 58 30
175.630000 58 30
175.700000 58 30
175.770000 0 0
175.840000 60 34
175.910000 60 34
175.980000 60 34
176.050000 53 29
176.120000 53 29
176.190000 53 29
176.260000 0 0
176.330000 58 40
176.400000 58 40
176.470000 58 40
176.540000 0 0
176.610000 46 30
176.680000 46 30
176.750000 46 30
176.820000 50 34
176.890000 50 34
176.960000 50 34
177.030000 0 0
177.100000 46 30
177.170000 46 30
177.240000 46 30
177.310000 51 34
177.380000 51 34
177.450000 51 34
177.520000 0 0
177.590000 46 29
177.660000 46 29
177.730000 46 29
177.800000 50 40
177.870000 50 40
177.940000 50 40
178.010000 0 0
178.080000 49 30
178.150000 49 30
178.220000 49 30
178.290000 50 34
178.360000 50 34
178.430000 50 34
178.500000 0 0
178.570000 46 30
178.640000 46 30
178.710000 46 30
178.780000 48 34
178.850000 48 34
178.920000 48 34
178.990000 0 0
179.060000 41 29
179.130000 41 29
179.200000 41 29
179.270000 0 0
179.340000 46 40
179.410000 46 40
179.480000 46 40
179.550000 50 30
179.620000 50 30
179.690000 50 30
179.760000 0 0
179.830000 48 35
179.900000 48 35
179.970000 48 35
180.040000 41 31
180.110000 41 31
180.180000 41 31
180.250000 0 0
180.320000 46 36
180.390000 46 36
180.460000 46 36
180.530000 0 0
180.600000 50 31
180.670000 50 31
180.740000 50 31
180.810000 48 44
180.880000 48 44
180.950000 48 44
181.020000 0 0
181.090000 41 33
181.160000 41 33
181.230000 41 33
181.300000 0 0
181.370000 46 45
181.440000 50 37
181.510000 0 0
181.580000 41 46
181.650000 0 0
181.720000 48 39
181.790000 0 0
181.860000 46 47
181.930000 50 41
182.000000 0 0
182.070000 41 49
182.140000 0 0
182.210000 48 43
182.280000 0 0
182.350000 46 24
182.420000 0 0
182.490000 0 0
182.560000 0 0
182.630000 0 0
182.700000 0 0
182.770000 0 0
182.840000 34 24
182.910000 0 0
