"chpn-p19"

# Piano right
0.000000 0 0
0.070000 0 0
0.140000 0 0
0.210000 0 0
0.280000 0 0
0.350000 0 0
0.420000 0 0
0.490000 0 0
0.560000 0 0
0.630000 70 49
0.700000 70 49
0.770000 70 49
0.840000 70 49
0.910000 0 0
0.980000 70 48
1.050000 58 37
1.120000 67 37
1.190000 0 0
1.260000 75 52
1.330000 63 39
1.400000 0 0
1.470000 70 40
1.540000 79 56
1.610000 0 0
1.680000 67 41
1.750000 75 44
1.820000 0 0
1.890000 82 63
1.960000 70 49
2.030000 0 0
2.100000 79 50
2.170000 87 68
2.240000 0 0
2.310000 75 52
2.380000 82 55
2.450000 91 71
2.520000 0 0
2.590000 79 54
2.660000 82 57
2.730000 0 0
2.800000 89 75
2.870000 74 58
2.940000 0 0
3.010000 80 56
3.080000 87 72
3.150000 75 56
3.220000 0 0
3.290000 80 55
3.360000 84 68
3.430000 0 0
3.500000 72 51
3.570000 80 49
3.640000 0 0
3.710000 84 70
3.780000 72 51
3.850000 0 0
3.920000 79 46
3.990000 82 62
4.060000 0 0
4.130000 70 43
4.200000 75 43
4.270000 0 0
4.340000 79 60
4.410000 67 43
4.480000 0 0
4.550000 70 41
4.620000 75 53
4.690000 0 0
4.760000 63 38
4.830000 69 38
4.900000 0 0
4.970000 74 54
5.040000 62 44
5.110000 0 0
5.180000 69 48
5.250000 75 64
5.320000 0 0
5.390000 63 51
5.460000 69 55
5.530000 79 70
5.600000 0 0
5.670000 67 55
5.740000 70 53
5.810000 0 0
5.880000 77 65
5.950000 65 49
6.020000 70 47
6.090000 0 0
6.160000 74 63
6.230000 62 42
6.300000 0 0
6.370000 65 41
6.440000 75 53
6.510000 0 0
6.580000 63 38
6.650000 69 38
6.720000 0 0
6.790000 74 54
6.860000 62 44
6.930000 0 0
7.000000 69 47
7.070000 75 59
7.140000 0 0
7.210000 63 50
7.280000 69 54
7.350000 0 0
7.420000 79 67
7.490000 67 49
7.560000 0 0
7.630000 72 48
7.700000 77 60
7.770000 0 0
7.840000 65 43
7.910000 68 42
7.980000 0 0
8.050000 72 58
8.120000 60 42
8.190000 0 0
8.260000 65 41
8.330000 70 53
8.400000 0 0
8.470000 58 38
8.540000 67 37
8.610000 0 0
8.680000 75 52
8.750000 63 39
8.820000 0 0
8.890000 70 40
8.960000 79 56
9.030000 0 0
9.100000 67 41
9.170000 75 44
9.240000 0 0
9.310000 82 69
9.380000 70 49
9.450000 79 50
9.520000 0 0
9.590000 87 74
9.660000 75 52
9.730000 0 0
9.800000 82 55
9.870000 91 77
9.940000 0 0
10.010000 79 63
10.080000 82 68
10.150000 89 81
10.220000 0 0
10.290000 74 64
10.360000 80 61
10.430000 0 0
10.500000 87 75
10.570000 75 56
10.640000 0 0
10.710000 80 55
10.780000 84 67
10.850000 0 0
10.920000 72 51
10.990000 80 49
11.060000 0 0
11.130000 84 70
11.200000 72 42
11.270000 0 0
11.340000 79 43
11.410000 82 62
11.480000 0 0
11.550000 70 43
11.620000 75 43
11.690000 0 0
11.760000 79 60
11.830000 67 43
11.900000 0 0
11.970000 75 41
12.040000 78 57
12.110000 0 0
12.180000 66 38
12.250000 75 37
12.320000 77 53
12.390000 0 0
12.460000 65 39
12.530000 75 40
12.600000 0 0
12.670000 78 59
12.740000 66 41
12.810000 0 0
12.880000 75 44
12.950000 79 63
13.020000 0 0
13.090000 67 42
13.160000 74 42
13.230000 81 67
13.300000 0 0
13.370000 69 47
13.440000 74 52
13.510000 0 0
13.580000 82 70
13.650000 70 51
13.720000 0 0
13.790000 74 55
13.860000 84 75
13.930000 0 0
14.000000 72 55
14.070000 77 55
14.140000 86 72
14.210000 0 0
14.280000 74 54
14.350000 77 48
14.420000 0 0
14.490000 81 67
14.560000 69 48
14.630000 0 0
14.700000 77 50
14.770000 84 68
14.840000 0 0
14.910000 72 52
14.980000 77 48
15.050000 0 0
15.120000 82 67
15.190000 70 43
15.260000 0 0
15.330000 77 42
15.400000 77 65
15.470000 0 0
15.540000 65 42
15.610000 70 41
15.680000 0 0
15.750000 77 59
15.820000 65 47
15.890000 0 0
15.960000 71 41
16.030000 75 54
16.100000 0 0
16.170000 63 41
16.240000 70 43
16.310000 0 0
16.380000 77 64
16.450000 61 44
16.520000 68 47
16.590000 0 0
16.660000 80 70
16.730000 61 53
16.800000 0 0
16.870000 70 52
16.940000 78 67
17.010000 0 0
17.080000 61 43
17.150000 70 42
17.220000 0 0
17.290000 73 62
17.360000 61 42
17.430000 70 41
17.500000 0 0
17.570000 77 53
17.640000 61 38
17.710000 0 0
17.780000 71 38
17.850000 75 54
17.920000 0 0
17.990000 61 41
18.060000 70 43
18.130000 0 0
18.200000 77 59
18.270000 61 49
18.340000 68 47
18.410000 0 0
18.480000 80 69
18.550000 61 51
18.620000 0 0
18.690000 70 50
18.760000 78 67
18.830000 0 0
18.900000 61 43
18.970000 70 42
19.040000 73 62
19.110000 0 0
19.180000 61 42
19.250000 70 41
19.320000 0 0
19.390000 76 58
19.460000 64 38
19.530000 0 0
19.600000 70 38
19.670000 82 63
19.740000 0 0
19.810000 64 44
19.880000 73 45
19.950000 0 0
20.020000 85 68
20.090000 70 48
20.160000 0 0
20.230000 76 51
20.300000 86 76
20.370000 70 53
20.440000 0 0
20.510000 77 52
20.580000 87 72
20.650000 0 0
20.720000 70 43
20.790000 79 43
20.860000 0 0
20.930000 83 66
21.000000 68 53
21.070000 0 0
21.140000 74 54
21.210000 84 71
21.280000 0 0
21.350000 69 55
21.420000 75 52
21.490000 86 70
21.560000 0 0
21.630000 69 51
21.700000 77 47
21.770000 0 0
21.840000 81 62
21.910000 69 42
21.980000 0 0
22.050000 72 43
22.120000 84 70
22.190000 0 0
22.260000 65 48
22.330000 75 47
22.400000 0 0
22.470000 82 65
22.540000 65 43
22.610000 0 0
22.680000 74 42
22.750000 77 59
22.820000 0 0
22.890000 65 42
22.960000 70 41
23.030000 0 0
23.100000 77 57
23.170000 65 38
23.240000 0 0
23.310000 71 38
23.380000 75 59
23.450000 0 0
23.520000 63 45
23.590000 70 47
23.660000 0 0
23.730000 77 66
23.800000 61 53
23.870000 68 56
23.940000 0 0
24.010000 80 71
24.080000 61 53
24.150000 0 0
24.220000 70 52
24.290000 78 66
24.360000 0 0
24.430000 61 49
24.500000 70 46
24.570000 73 59
24.640000 0 0
24.710000 61 42
24.780000 70 41
24.850000 0 0
24.920000 77 56
24.990000 61 38
25.060000 0 0
25.130000 71 38
25.200000 75 56
25.270000 0 0
25.340000 61 43
25.410000 70 47
25.480000 77 66
25.550000 0 0
25.620000 61 49
25.690000 68 54
25.760000 0 0
25.830000 80 72
25.900000 61 53
25.970000 0 0
26.040000 70 52
26.110000 78 68
26.180000 61 43
26.250000 0 0
26.320000 70 42
26.390000 77 63
26.460000 0 0
26.530000 61 42
26.600000 70 41
26.670000 0 0
26.740000 76 60
26.810000 61 43
26.880000 0 0
26.950000 70 43
27.020000 79 67
27.090000 64 44
27.160000 0 0
27.230000 73 46
27.300000 78 63
27.370000 0 0
27.440000 63 46
27.510000 72 49
27.580000 0 0
27.650000 81 72
27.720000 66 47
27.790000 75 46
27.860000 0 0
27.930000 80 71
28.000000 65 48
28.070000 0 0
28.140000 74 49
28.210000 83 77
28.280000 68 51
28.350000 0 0
28.420000 77 53
28.490000 82 74
28.560000 0 0
28.630000 67 58
28.700000 76 63
28.770000 85 88
28.840000 0 0
28.910000 70 66
28.980000 79 68
29.050000 84 84
29.120000 0 0
29.190000 69 68
29.260000 78 66
29.330000 0 0
29.400000 87 94
29.470000 72 69
29.540000 81 70
29.610000 0 0
29.680000 86 88
29.750000 71 63
29.820000 0 0
29.890000 80 64
29.960000 89 85
30.030000 89 85
30.100000 0 0
30.170000 0 0
30.240000 0 0
30.310000 0 0
30.380000 0 0
30.450000 70 48
30.520000 0 0
30.590000 58 37
30.660000 67 37
30.730000 0 0
30.800000 75 52
30.870000 63 42
30.940000 0 0
31.010000 70 44
31.080000 79 61
31.150000 0 0
31.220000 67 51
31.290000 75 54
31.360000 0 0
31.430000 82 66
31.500000 70 57
31.570000 0 0
31.640000 79 57
31.710000 87 74
31.780000 75 59
31.850000 0 0
31.920000 82 62
31.990000 91 73
32.060000 0 0
32.130000 79 60
32.200000 82 65
32.270000 0 0
32.340000 89 79
32.410000 74 58
32.480000 80 52
32.550000 0 0
32.620000 87 76
32.690000 75 56
32.760000 0 0
32.830000 80 51
32.900000 84 70
32.970000 0 0
33.040000 72 51
33.110000 80 49
33.180000 0 0
33.250000 84 70
33.320000 72 42
33.390000 0 0
33.460000 79 43
33.530000 82 62
33.600000 0 0
33.670000 70 43
33.740000 75 43
33.810000 0 0
33.880000 79 60
33.950000 67 43
34.020000 0 0
34.090000 70 41
34.160000 75 53
34.230000 0 0
34.300000 63 38
34.370000 69 38
34.440000 0 0
34.510000 74 54
34.580000 62 41
34.650000 69 43
34.720000 0 0
34.790000 75 64
34.860000 63 51
34.930000 0 0
35.000000 69 57
35.070000 79 71
35.140000 0 0
35.210000 67 51
35.280000 70 51
35.350000 77 67
35.420000 0 0
35.490000 65 43
35.560000 70 42
35.630000 0 0
35.700000 74 63
35.770000 62 42
35.840000 0 0
35.910000 65 41
35.980000 75 53
36.050000 0 0
36.120000 63 38
36.190000 69 38
36.260000 0 0
36.330000 74 54
36.400000 62 41
36.470000 69 43
36.540000 0 0
36.610000 75 65
36.680000 63 51
36.750000 0 0
36.820000 69 58
36.890000 0 0
36.960000 79 71
37.030000 67 54
37.100000 72 51
37.170000 0 0
37.240000 77 60
37.310000 65 43
37.380000 0 0
37.450000 68 42
37.520000 0 0
37.590000 72 58
37.660000 60 42
37.730000 0 0
37.800000 65 41
37.870000 70 53
37.940000 0 0
38.010000 58 38
38.080000 67 37
38.150000 0 0
38.220000 75 51
38.290000 63 38
38.360000 0 0
38.430000 70 40
38.500000 79 54
38.570000 67 40
38.640000 0 0
38.710000 75 43
38.780000 82 65
38.850000 0 0
38.920000 70 47
38.990000 79 47
39.060000 0 0
39.130000 87 70
39.200000 75 49
39.270000 0 0
39.340000 82 51
39.410000 91 73
39.480000 79 51
39.550000 0 0
39.620000 82 53
39.690000 90 81
39.760000 0 0
39.830000 75 57
39.900000 81 59
39.970000 0 0
40.040000 89 77
40.110000 74 57
40.180000 80 58
40.250000 0 0
40.320000 88 76
40.390000 73 52
40.460000 0 0
40.530000 79 51
40.600000 87 84
40.670000 0 0
40.740000 72 53
40.810000 78 53
40.880000 86 75
40.950000 0 0
41.020000 71 52
41.090000 77 48
41.160000 0 0
41.230000 85 70
41.300000 73 52
41.370000 0 0
41.440000 79 51
41.510000 84 74
41.580000 0 0
41.650000 72 50
41.720000 77 49
41.790000 86 79
41.860000 0 0
41.930000 72 56
42.000000 77 58
42.070000 0 0
42.140000 87 86
42.210000 72 61
42.280000 0 0
42.350000 77 65
42.420000 89 89
42.490000 0 0
42.560000 77 62
42.630000 84 63
42.700000 91 80
42.770000 0 0
42.840000 79 50
42.910000 84 51
42.980000 0 0
43.050000 89 75
43.120000 77 47
43.190000 0 0
43.260000 80 48
43.330000 84 70
43.400000 0 0
43.470000 72 51
43.540000 77 50
43.610000 0 0
43.680000 86 68
43.750000 74 53
43.820000 77 49
43.890000 0 0
43.960000 84 61
44.030000 72 44
44.100000 0 0
44.170000 77 46
44.240000 77 57
44.310000 0 0
44.380000 65 42
44.450000 72 41
44.520000 0 0
44.590000 79 55
44.660000 65 44
44.730000 0 0
44.800000 72 44
44.870000 74 50
44.940000 62 36
45.010000 0 0
45.080000 70 37
45.150000 75 52
45.220000 0 0
45.290000 63 40
45.360000 70 41
45.430000 0 0
45.500000 82 61
45.570000 67 44
45.640000 0 0
45.710000 75 47
45.780000 83 68
45.850000 0 0
45.920000 67 48
45.990000 75 51
46.060000 0 0
46.130000 82 68
46.200000 68 51
46.270000 0 0
46.340000 74 49
46.410000 81 69
46.480000 0 0
46.550000 68 49
46.620000 74 46
46.690000 80 63
46.760000 0 0
46.830000 68 45
46.900000 74 40
46.970000 0 0
47.040000 79 52
47.110000 67 40
47.180000 0 0
47.250000 75 41
47.320000 82 61
47.390000 0 0
47.460000 67 44
47.530000 75 47
47.600000 0 0
47.670000 84 67
47.740000 67 48
47.810000 0 0
47.880000 75 51
47.950000 82 69
48.020000 68 51
48.090000 0 0
48.160000 74 49
48.230000 81 62
48.300000 0 0
48.370000 68 49
48.440000 74 46
48.510000 0 0
48.580000 80 55
48.650000 68 45
48.720000 0 0
48.790000 74 40
48.860000 79 52
48.930000 0 0
49.000000 67 40
49.070000 75 42
49.140000 0 0
49.210000 82 65
49.280000 67 48
49.350000 79 50
49.420000 0 0
49.490000 87 75
49.560000 75 54
49.630000 0 0
49.700000 82 58
49.770000 0 0
49.840000 91 82
49.910000 74 59
49.980000 83 56
50.050000 0 0
50.120000 89 74
50.190000 74 55
50.260000 0 0
50.330000 79 53
50.400000 87 71
50.470000 0 0
50.540000 72 52
50.610000 79 51
50.680000 0 0
50.750000 87 75
50.820000 72 57
50.890000 78 51
50.960000 0 0
51.030000 86 70
51.100000 71 51
51.170000 0 0
51.240000 78 50
51.310000 84 65
51.380000 0 0
51.450000 72 45
51.520000 78 44
51.590000 0 0
51.660000 84 61
51.730000 68 46
51.800000 0 0
51.870000 77 45
51.940000 82 58
52.010000 67 44
52.080000 0 0
52.150000 72 43
52.220000 80 55
52.290000 0 0
52.360000 65 43
52.430000 74 39
52.500000 0 0
52.570000 79 52
52.640000 63 40
52.710000 0 0
52.780000 75 41
52.850000 82 61
52.920000 0 0
52.990000 67 49
53.060000 75 51
53.130000 0 0
53.200000 83 69
53.270000 67 55
53.340000 75 52
53.410000 0 0
53.480000 82 68
53.550000 68 51
53.620000 0 0
53.690000 74 49
53.760000 81 65
53.830000 0 0
53.900000 68 49
53.970000 74 46
54.040000 0 0
54.110000 80 63
54.180000 68 45
54.250000 0 0
54.320000 74 40
54.390000 79 52
54.460000 0 0
54.530000 67 40
54.600000 75 41
54.670000 82 61
54.740000 0 0
54.810000 67 44
54.880000 75 47
54.950000 0 0
55.020000 84 67
55.090000 67 48
55.160000 0 0
55.230000 75 51
55.300000 82 66
55.370000 0 0
55.440000 68 51
55.510000 74 49
55.580000 81 62
55.650000 0 0
55.720000 68 49
55.790000 74 46
55.860000 0 0
55.930000 80 55
56.000000 68 45
56.070000 0 0
56.140000 74 40
56.210000 79 52
56.280000 0 0
56.350000 67 40
56.420000 75 42
56.490000 0 0
56.560000 82 65
56.630000 70 48
56.700000 0 0
56.770000 79 50
56.840000 87 75
56.910000 75 54
56.980000 0 0
57.050000 82 58
57.120000 82 58
57.190000 91 69
57.260000 74 54
57.330000 0 0
57.400000 83 53
57.470000 89 68
57.540000 0 0
57.610000 74 55
57.680000 83 56
57.750000 0 0
57.820000 88 73
57.890000 74 59
57.960000 0 0
58.030000 83 58
58.100000 88 76
58.170000 0 0
58.240000 73 54
58.310000 81 51
58.380000 87 70
58.450000 0 0
58.520000 72 53
58.590000 81 53
58.660000 0 0
58.730000 84 66
58.800000 69 47
58.870000 0 0
58.940000 75 47
59.010000 84 65
59.080000 0 0
59.150000 69 48
59.220000 75 47
59.290000 0 0
59.360000 82 60
59.430000 70 45
59.500000 0 0
59.570000 75 43
59.640000 74 55
59.710000 62 43
59.780000 0 0
59.850000 70 39
59.920000 75 52
59.990000 0 0
60.060000 63 40
60.130000 70 40
60.200000 0 0
60.270000 82 66
60.340000 63 45
60.410000 0 0
60.480000 70 45
60.550000 75 62
60.620000 63 44
60.690000 0 0
60.760000 70 46
60.830000 81 71
60.900000 63 52
60.970000 0 0
61.040000 70 52
61.110000 75 67
61.180000 0 0
61.250000 63 49
61.320000 70 48
61.390000 80 75
61.460000 0 0
61.530000 63 55
61.600000 70 52
61.670000 0 0
61.740000 75 69
61.810000 63 49
61.880000 70 49
61.950000 0 0
62.020000 79 76
62.090000 63 52
62.160000 70 52
62.230000 0 0
62.300000 75 65
62.370000 63 49
62.440000 0 0
62.510000 70 52
62.580000 78 71
62.650000 63 53
62.720000 0 0
62.790000 70 52
62.860000 75 64
62.930000 0 0
63.000000 63 45
63.070000 70 43
63.140000 79 63
63.210000 0 0
63.280000 63 46
63.350000 70 41
63.420000 0 0
63.490000 75 54
63.560000 75 54
63.630000 75 54
63.700000 75 54
63.770000 0 0
63.840000 0 0
63.910000 0 0
63.980000 0 0
64.050000 0 0
64.120000 0 0
64.190000 0 0
64.260000 0 0
64.330000 0 0
64.400000 94 87
64.470000 94 87
64.540000 94 87
64.610000 94 87
64.680000 0 0
64.750000 0 0
64.820000 0 0
64.890000 0 0
64.960000 0 0
65.030000 0 0
65.100000 0 0
65.170000 0 0
65.240000 0 0
65.310000 0 0
65.380000 58 81
65.450000 58 81
65.520000 58 81
65.590000 58 81
65.660000 58 81
65.730000 58 81
65.800000 58 81
65.870000 58 81
65.940000 58 81
66.010000 58 81
66.080000 58 81
66.150000 58 81
66.220000 58 81
# Piano left
0.000000 0 0
0.070000 0 0
0.140000 0 0
0.210000 0 0
0.280000 0 0
0.350000 0 0
0.420000 0 0
0.490000 0 0
0.560000 0 0
0.630000 0 0
0.700000 0 0
0.770000 0 0
0.840000 0 0
0.910000 0 0
0.980000 39 36
1.050000 55 28
1.120000 46 28
1.190000 0 0
1.260000 39 33
1.330000 55 29
1.400000 0 0
1.470000 46 30
1.540000 39 36
1.610000 0 0
1.680000 58 32
1.750000 46 32
1.820000 0 0
1.890000 39 41
1.960000 63 33
2.030000 0 0
2.100000 55 34
2.170000 46 42
2.240000 0 0
2.310000 67 35
2.380000 58 37
2.450000 51 47
2.520000 0 0
2.590000 70 39
2.660000 58 45
2.730000 0 0
2.800000 51 55
2.870000 71 39
2.940000 0 0
3.010000 59 38
3.080000 51 49
3.150000 72 38
3.220000 0 0
3.290000 60 36
3.360000 51 41
3.430000 0 0
3.500000 68 33
3.570000 62 32
3.640000 0 0
3.710000 51 46
3.780000 67 36
3.850000 0 0
3.920000 63 32
3.990000 58 39
4.060000 0 0
4.130000 67 30
4.200000 63 30
4.270000 0 0
4.340000 51 35
4.410000 63 29
4.480000 0 0
4.550000 55 29
4.620000 41 36
4.690000 0 0
4.760000 60 28
4.830000 53 29
4.900000 0 0
4.970000 48 34
5.040000 60 30
5.110000 0 0
5.180000 53 32
5.250000 41 41
5.320000 0 0
5.390000 60 37
5.460000 53 42
5.530000 46 50
5.600000 0 0
5.670000 63 35
5.740000 53 35
5.810000 0 0
5.880000 50 43
5.950000 62 36
6.020000 53 34
6.090000 0 0
6.160000 46 39
6.230000 58 34
6.300000 0 0
6.370000 53 33
6.440000 41 36
6.510000 0 0
6.580000 60 28
6.650000 53 29
6.720000 0 0
6.790000 48 34
6.860000 59 30
6.930000 0 0
7.000000 53 32
7.070000 41 38
7.140000 0 0
7.210000 60 34
7.280000 53 35
7.350000 0 0
7.420000 46 49
7.490000 63 35
7.560000 0 0
7.630000 56 35
7.700000 53 43
7.770000 0 0
7.840000 62 35
7.910000 53 34
7.980000 0 0
8.050000 46 39
8.120000 56 33
8.190000 0 0
8.260000 50 32
8.330000 39 36
8.400000 0 0
8.470000 55 28
8.540000 46 28
8.610000 0 0
8.680000 39 33
8.750000 55 29
8.820000 0 0
8.890000 46 30
8.960000 39 36
9.030000 0 0
9.100000 58 32
9.170000 46 32
9.240000 0 0
9.310000 39 40
9.380000 63 33
9.450000 55 34
9.520000 0 0
9.590000 46 42
9.660000 67 35
9.730000 0 0
9.800000 58 37
9.870000 51 50
9.940000 0 0
10.010000 70 39
10.080000 58 44
10.150000 51 54
10.220000 0 0
10.290000 71 39
10.360000 59 38
10.430000 0 0
10.500000 51 49
10.570000 72 38
10.640000 0 0
10.710000 60 36
10.780000 51 41
10.850000 0 0
10.920000 68 33
10.990000 62 32
11.060000 0 0
11.130000 51 46
11.200000 67 30
11.270000 0 0
11.340000 63 31
11.410000 58 39
11.480000 0 0
11.550000 67 30
11.620000 63 30
11.690000 0 0
11.760000 51 35
11.830000 63 29
11.900000 0 0
11.970000 55 29
12.040000 47 36
12.110000 0 0
12.180000 63 28
12.250000 57 28
12.320000 51 33
12.390000 0 0
12.460000 63 29
12.530000 57 30
12.600000 0 0
12.670000 47 36
12.740000 63 32
12.810000 0 0
12.880000 57 32
12.950000 46 40
13.020000 0 0
13.090000 62 31
13.160000 55 32
13.230000 45 38
13.300000 0 0
13.370000 62 32
13.440000 54 34
13.510000 0 0
13.580000 43 45
13.650000 62 36
13.720000 0 0
13.790000 55 40
13.860000 41 54
13.930000 0 0
14.000000 70 42
14.070000 63 45
14.140000 53 52
14.210000 0 0
14.280000 70 42
14.350000 63 35
14.420000 0 0
14.490000 60 42
14.560000 65 37
14.630000 0 0
14.700000 63 37
14.770000 46 50
14.840000 0 0
14.910000 63 36
14.980000 53 37
15.050000 0 0
15.120000 46 43
15.190000 62 36
15.260000 0 0
15.330000 53 34
15.400000 46 39
15.470000 0 0
15.540000 61 34
15.610000 53 33
15.680000 0 0
15.750000 44 36
15.820000 59 28
15.890000 0 0
15.960000 53 29
16.030000 49 34
16.100000 0 0
16.170000 59 30
16.240000 53 32
16.310000 0 0
16.380000 37 38
16.450000 59 34
16.520000 53 35
16.590000 0 0
16.660000 42 49
16.730000 58 35
16.800000 0 0
16.870000 54 35
16.940000 49 43
17.010000 0 0
17.080000 58 36
17.150000 54 34
17.220000 0 0
17.290000 42 39
17.360000 58 34
17.430000 49 33
17.500000 0 0
17.570000 37 36
17.640000 59 28
17.710000 0 0
17.780000 53 29
17.850000 44 34
17.920000 0 0
17.990000 59 30
18.060000 53 32
18.130000 0 0
18.200000 37 38
18.270000 59 34
18.340000 53 35
18.410000 0 0
18.480000 42 50
18.550000 58 35
18.620000 0 0
18.690000 54 35
18.760000 49 43
18.830000 0 0
18.900000 58 36
18.970000 54 34
19.040000 42 39
19.110000 0 0
19.180000 58 34
19.250000 49 33
19.320000 0 0
19.390000 42 36
19.460000 58 28
19.530000 0 0
19.600000 49 29
19.670000 42 38
19.740000 0 0
19.810000 61 30
19.880000 54 32
19.950000 0 0
20.020000 42 42
20.090000 64 34
20.160000 0 0
20.230000 58 36
20.300000 41 49
20.370000 65 36
20.440000 0 0
20.510000 58 35
20.580000 53 38
20.650000 0 0
20.720000 67 32
20.790000 58 32
20.860000 0 0
20.930000 53 39
21.000000 65 33
21.070000 0 0
21.140000 59 33
21.210000 53 48
21.280000 0 0
21.350000 65 35
21.420000 60 37
21.490000 53 45
21.560000 0 0
21.630000 65 38
21.700000 63 30
21.770000 0 0
21.840000 53 37
21.910000 63 32
21.980000 0 0
22.050000 57 31
22.120000 46 50
22.190000 0 0
22.260000 63 36
22.330000 53 37
22.400000 0 0
22.470000 46 43
22.540000 62 36
22.610000 0 0
22.680000 53 34
22.750000 46 39
22.820000 0 0
22.890000 61 34
22.960000 53 33
23.030000 0 0
23.100000 44 43
23.170000 59 28
23.240000 0 0
23.310000 53 29
23.380000 49 40
23.450000 0 0
23.520000 59 30
23.590000 53 32
23.660000 0 0
23.730000 37 42
23.800000 59 34
23.870000 53 35
23.940000 0 0
24.010000 42 47
24.080000 58 35
24.150000 0 0
24.220000 54 35
24.290000 49 43
24.360000 0 0
24.430000 58 36
24.500000 54 31
24.570000 42 39
24.640000 0 0
24.710000 58 34
24.780000 49 33
24.850000 0 0
24.920000 37 36
24.990000 59 28
25.060000 0 0
25.130000 53 29
25.200000 44 34
25.270000 0 0
25.340000 59 30
25.410000 53 32
25.480000 37 38
25.550000 0 0
25.620000 59 35
25.690000 53 38
25.760000 0 0
25.830000 42 47
25.900000 58 35
25.970000 0 0
26.040000 54 35
26.110000 49 43
26.180000 58 36
26.250000 0 0
26.320000 54 34
26.390000 42 39
26.460000 0 0
26.530000 58 34
26.600000 49 33
26.670000 0 0
26.740000 43 40
26.810000 58 31
26.880000 0 0
26.950000 52 32
27.020000 46 43
27.090000 61 35
27.160000 0 0
27.230000 52 34
27.300000 45 39
27.370000 0 0
27.440000 60 35
27.510000 51 36
27.580000 0 0
27.650000 48 48
27.720000 63 39
27.790000 54 40
27.860000 0 0
27.930000 47 44
28.000000 62 36
28.070000 0 0
28.140000 53 40
28.210000 50 55
28.280000 65 43
28.350000 0 0
28.420000 56 43
28.490000 49 54
28.560000 0 0
28.630000 64 41
28.700000 55 46
28.770000 52 60
28.840000 0 0
28.910000 67 48
28.980000 58 48
29.050000 51 58
29.120000 0 0
29.190000 66 44
29.260000 57 49
29.330000 0 0
29.400000 54 69
29.470000 69 49
29.540000 60 50
29.610000 0 0
29.680000 53 62
29.750000 68 51
29.820000 0 0
29.890000 59 51
29.960000 58 67
30.030000 58 67
30.100000 0 0
30.170000 0 0
30.240000 0 0
30.310000 0 0
30.380000 0 0
30.450000 39 36
30.520000 0 0
30.590000 55 28
30.660000 46 31
30.730000 0 0
30.800000 39 39
30.870000 55 33
30.940000 0 0
31.010000 46 36
31.080000 39 36
31.150000 0 0
31.220000 58 32
31.290000 46 32
31.360000 0 0
31.430000 39 42
31.500000 63 33
31.570000 0 0
31.640000 55 34
31.710000 46 42
31.780000 67 35
31.850000 0 0
31.920000 58 37
31.990000 51 47
32.060000 0 0
32.130000 70 39
32.200000 58 41
32.270000 0 0
32.340000 51 54
32.410000 71 39
32.480000 59 36
32.550000 0 0
32.620000 51 49
32.690000 72 38
32.760000 0 0
32.830000 60 33
32.900000 51 41
32.970000 0 0
33.040000 68 33
33.110000 62 32
33.180000 0 0
33.250000 51 46
33.320000 67 30
33.390000 0 0
33.460000 63 31
33.530000 58 39
33.600000 0 0
33.670000 67 30
33.740000 63 30
33.810000 0 0
33.880000 51 35
33.950000 63 29
34.020000 0 0
34.090000 55 29
34.160000 41 36
34.230000 0 0
34.300000 60 28
34.370000 53 29
34.440000 0 0
34.510000 48 34
34.580000 60 30
34.650000 53 32
34.720000 0 0
34.790000 41 45
34.860000 60 34
34.930000 0 0
35.000000 53 40
35.070000 46 50
35.140000 0 0
35.210000 63 35
35.280000 53 35
35.350000 50 43
35.420000 0 0
35.490000 62 36
35.560000 53 34
35.630000 0 0
35.700000 46 39
35.770000 58 34
35.840000 0 0
35.910000 53 33
35.980000 41 36
36.050000 0 0
36.120000 60 28
36.190000 53 29
36.260000 0 0
36.330000 48 34
36.400000 59 30
36.470000 53 32
36.540000 0 0
36.610000 41 38
36.680000 60 36
36.750000 0 0
36.820000 53 35
36.890000 0 0
36.960000 46 51
37.030000 63 35
37.100000 56 35
37.170000 0 0
37.240000 53 43
37.310000 62 35
37.380000 0 0
37.450000 53 34
37.520000 0 0
37.590000 46 39
37.660000 56 33
37.730000 0 0
37.800000 50 32
37.870000 39 36
37.940000 0 0
38.010000 55 28
38.080000 46 28
38.150000 0 0
38.220000 39 33
38.290000 55 28
38.360000 0 0
38.430000 46 29
38.500000 39 35
38.570000 58 31
38.640000 0 0
38.710000 46 31
38.780000 39 39
38.850000 0 0
38.920000 63 31
38.990000 55 32
39.060000 0 0
39.130000 46 40
39.200000 67 33
39.270000 0 0
39.340000 58 35
39.410000 51 44
39.480000 70 37
39.550000 0 0
39.620000 58 38
39.690000 45 55
39.760000 0 0
39.830000 60 36
39.900000 54 36
39.970000 0 0
40.040000 47 49
40.110000 62 37
40.180000 56 36
40.250000 0 0
40.320000 49 47
40.390000 64 34
40.460000 0 0
40.530000 58 33
40.600000 51 54
40.670000 0 0
40.740000 66 38
40.810000 60 35
40.880000 53 46
40.950000 0 0
41.020000 68 34
41.090000 62 34
41.160000 0 0
41.230000 55 42
41.300000 70 35
41.370000 0 0
41.440000 64 35
41.510000 56 47
41.580000 0 0
41.650000 68 36
41.720000 65 43
41.790000 60 54
41.860000 0 0
41.930000 68 42
42.000000 65 42
42.070000 0 0
42.140000 56 60
42.210000 68 46
42.280000 0 0
42.350000 65 49
42.420000 53 62
42.490000 0 0
42.560000 75 46
42.630000 68 46
42.700000 63 50
42.770000 0 0
42.840000 75 37
42.910000 68 38
42.980000 0 0
43.050000 56 46
43.120000 75 37
43.190000 0 0
43.260000 68 35
43.330000 44 46
43.400000 0 0
43.470000 68 35
43.540000 65 38
43.610000 0 0
43.680000 60 47
43.750000 68 38
43.820000 65 32
43.890000 0 0
43.960000 53 38
44.030000 68 34
44.100000 0 0
44.170000 63 34
44.240000 46 37
44.310000 0 0
44.380000 63 28
44.450000 56 31
44.520000 0 0
44.590000 53 38
44.660000 62 31
44.730000 0 0
44.800000 56 32
44.870000 46 31
44.940000 58 27
45.010000 0 0
45.080000 56 27
45.150000 39 32
45.220000 0 0
45.290000 55 27
45.360000 46 28
45.430000 0 0
45.500000 39 36
45.570000 58 29
45.640000 0 0
45.710000 46 32
45.780000 39 40
45.850000 0 0
45.920000 58 34
45.990000 46 36
46.060000 0 0
46.130000 39 46
46.200000 56 54
46.270000 0 0
46.340000 46 33
46.410000 39 42
46.480000 0 0
46.550000 58 32
46.620000 46 30
46.690000 39 34
46.760000 0 0
46.830000 58 28
46.900000 46 26
46.970000 0 0
47.040000 39 32
47.110000 58 27
47.180000 0 0
47.250000 46 28
47.320000 39 36
47.390000 0 0
47.460000 58 29
47.530000 46 32
47.600000 0 0
47.670000 39 40
47.740000 58 34
47.810000 0 0
47.880000 46 36
47.950000 39 40
48.020000 56 42
48.090000 0 0
48.160000 46 33
48.230000 39 42
48.300000 0 0
48.370000 58 32
48.440000 46 30
48.510000 0 0
48.580000 39 34
48.650000 58 28
48.720000 0 0
48.790000 46 26
48.860000 39 32
48.930000 0 0
49.000000 58 27
49.070000 46 28
49.140000 0 0
49.210000 39 39
49.280000 58 29
49.350000 46 32
49.420000 0 0
49.490000 43 45
49.560000 58 35
49.630000 0 0
49.700000 51 37
49.770000 0 0
49.840000 43 53
49.910000 65 35
49.980000 59 35
50.050000 0 0
50.120000 50 47
50.190000 65 34
50.260000 0 0
50.330000 59 33
50.400000 48 45
50.470000 0 0
50.540000 63 31
50.610000 55 29
50.680000 0 0
50.750000 45 44
50.820000 63 33
50.890000 54 33
50.960000 0 0
51.030000 51 40
51.100000 63 31
51.170000 0 0
51.240000 54 29
51.310000 44 33
51.380000 0 0
51.450000 63 27
51.520000 54 26
51.590000 0 0
51.660000 46 35
51.730000 62 29
51.800000 0 0
51.870000 56 29
51.940000 53 33
52.010000 62 28
52.080000 0 0
52.150000 56 28
52.220000 46 32
52.290000 0 0
52.360000 58 27
52.430000 56 26
52.500000 0 0
52.570000 39 32
52.640000 55 27
52.710000 0 0
52.780000 46 28
52.850000 39 36
52.920000 0 0
52.990000 58 29
53.060000 46 32
53.130000 0 0
53.200000 39 40
53.270000 58 34
53.340000 46 33
53.410000 0 0
53.480000 39 46
53.550000 56 34
53.620000 0 0
53.690000 46 33
53.760000 39 42
53.830000 0 0
53.900000 58 32
53.970000 46 30
54.040000 0 0
54.110000 39 34
54.180000 58 28
54.250000 0 0
54.320000 46 26
54.390000 39 32
54.460000 0 0
54.530000 58 27
54.600000 46 28
54.670000 39 36
54.740000 0 0
54.810000 58 29
54.880000 46 32
54.950000 0 0
55.020000 39 40
55.090000 58 34
55.160000 0 0
55.230000 46 36
55.300000 39 40
55.370000 0 0
55.440000 56 40
55.510000 46 33
55.580000 39 42
55.650000 0 0
55.720000 58 32
55.790000 46 30
55.860000 0 0
55.930000 39 34
56.000000 58 28
56.070000 0 0
56.140000 46 26
56.210000 39 32
56.280000 0 0
56.350000 58 27
56.420000 46 28
56.490000 0 0
56.560000 39 39
56.630000 58 29
56.700000 0 0
56.770000 46 32
56.840000 39 45
56.910000 58 35
56.980000 0 0
57.050000 51 37
57.120000 51 37
57.190000 31 43
57.260000 59 30
57.330000 0 0
57.400000 53 30
57.470000 43 45
57.540000 0 0
57.610000 59 35
57.680000 53 33
57.750000 0 0
57.820000 44 45
57.890000 59 31
57.960000 0 0
58.030000 52 30
58.100000 52 30
58.170000 52 30
58.240000 61 34
58.310000 52 34
58.380000 52 34
58.450000 52 34
58.520000 52 34
58.590000 53 31
58.660000 53 31
58.730000 53 31
58.800000 53 31
58.870000 0 0
58.940000 54 28
59.010000 54 28
59.080000 54 28
59.150000 54 28
59.220000 54 30
59.290000 0 0
59.360000 46 34
59.430000 63 28
59.500000 0 0
59.570000 55 28
59.640000 34 32
59.710000 56 27
59.780000 0 0
59.850000 46 26
59.920000 39 32
59.990000 0 0
60.060000 55 27
60.130000 46 27
60.200000 0 0
60.270000 39 45
60.340000 58 27
60.410000 0 0
60.480000 46 29
60.550000 39 39
60.620000 55 28
60.690000 0 0
60.760000 46 28
60.830000 39 48
60.900000 58 31
60.970000 0 0
61.040000 46 31
61.110000 39 43
61.180000 0 0
61.250000 55 31
61.320000 46 30
61.390000 39 52
61.460000 0 0
61.530000 58 31
61.600000 46 30
61.670000 0 0
61.740000 39 44
61.810000 55 32
61.880000 46 32
61.950000 0 0
62.020000 39 48
62.090000 58 31
62.160000 46 33
62.230000 0 0
62.300000 39 44
62.370000 55 31
62.440000 0 0
62.510000 46 36
62.580000 39 52
62.650000 58 34
62.720000 0 0
62.790000 46 33
62.860000 39 42
62.930000 0 0
63.000000 55 29
63.070000 46 29
63.140000 39 38
63.210000 0 0
63.280000 58 29
63.350000 46 27
63.420000 0 0
63.490000 39 33
63.560000 39 33
63.630000 39 33
63.700000 39 33
63.770000 0 0
63.840000 0 0
63.910000 0 0
63.980000 0 0
64.050000 0 0
64.120000 0 0
64.190000 0 0
64.260000 0 0
64.330000 0 0
64.400000 75 73
64.470000 75 73
64.540000 75 73
64.610000 75 73
64.680000 0 0
64.750000 0 0
64.820000 0 0
64.890000 0 0
64.960000 0 0
65.030000 0 0
65.100000 0 0
65.170000 0 0
65.240000 0 0
65.310000 0 0
65.380000 39 67
65.450000 39 67
65.520000 39 67
65.590000 39 67
65.660000 39 67
65.730000 39 67
65.800000 39 67
65.870000 39 67
65.940000 39 67
66.010000 39 67
66.080000 39 67
66.150000 39 67
66.220000 39 67
