"chpn-p2"

# Piano right
0.000000 0 0
0.070000 0 0
0.140000 0 0
0.210000 0 0
0.280000 0 0
0.350000 0 0
0.420000 0 0
0.490000 0 0
0.560000 0 0
0.630000 0 0
0.700000 0 0
0.770000 0 0
0.840000 0 0
0.910000 0 0
0.980000 0 0
1.050000 0 0
1.120000 0 0
1.190000 0 0
1.260000 0 0
1.330000 0 0
1.400000 0 0
1.470000 0 0
1.540000 0 0
1.610000 0 0
1.680000 0 0
1.750000 0 0
1.820000 0 0
1.890000 0 0
1.960000 0 0
2.030000 0 0
2.100000 0 0
2.170000 0 0
2.240000 0 0
2.310000 0 0
2.380000 0 0
2.450000 0 0
2.520000 0 0
2.590000 0 0
2.660000 0 0
2.730000 0 0
2.800000 0 0
2.870000 0 0
2.940000 0 0
3.010000 0 0
3.080000 0 0
3.150000 0 0
3.220000 0 0
3.290000 0 0
3.360000 0 0
3.430000 0 0
3.500000 0 0
3.570000 0 0
3.640000 0 0
3.710000 0 0
3.780000 0 0
3.850000 0 0
3.920000 0 0
3.990000 0 0
4.060000 0 0
4.130000 0 0
4.200000 0 0
4.270000 0 0
4.340000 0 0
4.410000 0 0
4.480000 0 0
4.550000 0 0
4.620000 0 0
4.690000 0 0
4.760000 0 0
4.830000 0 0
4.900000 0 0
4.970000 0 0
5.040000 0 0
5.110000 0 0
5.180000 0 0
5.250000 0 0
5.320000 0 0
5.390000 0 0
5.460000 0 0
5.530000 0 0
5.600000 0 0
5.670000 0 0
5.740000 0 0
5.810000 0 0
5.880000 0 0
5.950000 0 0
6.020000 0 0
6.090000 0 0
6.160000 0 0
6.230000 0 0
6.300000 0 0
6.370000 0 0
6.440000 0 0
6.510000 0 0
6.580000 0 0
6.650000 0 0
6.720000 0 0
6.790000 0 0
6.860000 0 0
6.930000 0 0
7.000000 0 0
7.070000 0 0
7.140000 0 0
7.210000 0 0
7.280000 0 0
7.350000 0 0
7.420000 0 0
7.490000 0 0
7.560000 0 0
7.630000 0 0
7.700000 0 0
7.770000 0 0
7.840000 0 0
7.910000 0 0
7.980000 0 0
8.050000 0 0
8.120000 0 0
8.190000 0 0
8.260000 0 0
8.330000 0 0
8.400000 0 0
8.470000 0 0
8.540000 0 0
8.610000 0 0
8.680000 0 0
8.750000 0 0
8.820000 0 0
8.890000 0 0
8.960000 0 0
9.030000 0 0
9.100000 0 0
9.170000 0 0
9.240000 0 0
9.310000 0 0
9.380000 64 55
9.450000 64 55
9.520000 64 55
9.590000 64 55
9.660000 64 55
9.730000 64 55
9.800000 64 55
9.870000 64 55
9.940000 64 55
10.010000 64 55
10.080000 64 55
10.150000 64 55
10.220000 64 55
10.290000 64 55
10.360000 64 55
10.430000 64 55
10.500000 64 55
10.570000 64 55
10.640000 64 55
10.710000 64 55
10.780000 64 55
10.850000 64 55
10.920000 64 55
10.990000 64 55
11.060000 64 55
11.130000 64 55
11.200000 64 55
11.270000 64 55
11.340000 64 55
11.410000 64 55
11.480000 64 55
11.550000 64 55
11.620000 64 55
11.690000 64 55
11.760000 64 55
11.830000 64 55
11.900000 64 55
11.970000 64 55
12.040000 64 55
12.110000 64 55
12.180000 64 55
12.250000 64 55
12.320000 64 55
12.390000 64 55
12.460000 64 55
12.530000 64 55
12.600000 64 55
12.670000 64 55
12.740000 64 55
12.810000 64 55
12.880000 64 55
12.950000 64 55
13.020000 64 55
13.090000 64 55
13.160000 64 55
13.230000 64 55
13.300000 64 55
13.370000 64 55
13.440000 0 0
13.510000 59 41
13.580000 59 41
13.650000 59 41
13.720000 59 41
13.790000 59 41
13.860000 59 41
13.930000 59 41
14.000000 59 41
14.070000 62 55
14.140000 62 55
14.210000 62 55
14.280000 62 55
14.350000 62 55
14.420000 62 55
14.490000 62 55
14.560000 62 55
14.630000 62 55
14.700000 62 55
14.770000 62 55
14.840000 62 55
14.910000 62 55
14.980000 62 55
15.050000 62 55
15.120000 62 55
15.190000 62 55
15.260000 62 55
15.330000 62 55
15.400000 62 55
15.470000 62 55
15.540000 62 55
15.610000 62 55
15.680000 62 55
15.750000 62 55
15.820000 62 55
15.890000 62 55
15.960000 62 55
16.030000 62 55
16.100000 62 55
16.170000 62 55
16.240000 62 55
16.310000 62 55
16.380000 62 55
16.450000 62 55
16.520000 62 55
16.590000 62 55
16.660000 62 55
16.730000 62 55
16.800000 62 55
16.870000 62 55
16.940000 62 55
17.010000 62 55
17.080000 62 55
17.150000 62 55
17.220000 62 55
17.290000 62 55
17.360000 62 55
17.430000 62 55
17.500000 62 55
17.570000 62 55
17.640000 62 55
17.710000 62 55
17.780000 62 55
17.850000 62 55
17.920000 62 55
17.990000 62 55
18.060000 62 55
18.130000 62 55
18.200000 62 55
18.270000 62 55
18.340000 62 55
18.410000 62 55
18.480000 62 55
18.550000 62 55
18.620000 62 55
18.690000 62 55
18.760000 62 55
18.830000 62 55
18.900000 62 55
18.970000 62 55
19.040000 62 55
19.110000 62 55
19.180000 62 55
19.250000 62 55
19.320000 62 55
19.390000 62 55
19.460000 62 55
19.530000 62 55
19.600000 62 55
19.670000 62 55
19.740000 62 55
19.810000 62 55
19.880000 62 55
19.950000 62 55
20.020000 62 55
20.090000 62 55
20.160000 0 0
20.230000 66 44
20.300000 66 44
20.370000 64 51
20.440000 64 51
20.510000 64 51
20.580000 64 51
20.650000 64 51
20.720000 64 51
20.790000 64 51
20.860000 64 51
20.930000 62 53
21.000000 62 53
21.070000 62 53
21.140000 62 53
21.210000 62 53
21.280000 62 53
21.350000 62 53
21.420000 62 53
21.490000 62 53
21.560000 62 53
21.630000 62 53
21.700000 62 53
21.770000 62 53
21.840000 62 53
21.910000 62 53
21.980000 62 53
22.050000 62 53
22.120000 62 53
22.190000 62 53
22.260000 62 53
22.330000 62 53
22.400000 62 53
22.470000 62 53
22.540000 62 53
22.610000 0 0
22.680000 57 41
22.750000 57 41
22.820000 57 41
22.890000 57 41
22.960000 57 41
23.030000 57 41
23.100000 57 41
23.170000 57 41
23.240000 0 0
23.310000 59 52
23.380000 59 52
23.450000 59 52
23.520000 59 52
23.590000 59 52
23.660000 59 52
23.730000 59 52
23.800000 59 52
23.870000 59 52
23.940000 59 52
24.010000 59 52
24.080000 59 52
24.150000 59 52
24.220000 59 52
24.290000 59 52
24.360000 59 52
24.430000 0 0
24.500000 59 48
24.570000 59 48
24.640000 59 48
24.710000 59 48
24.780000 59 48
24.850000 59 48
24.920000 59 48
24.990000 59 48
25.060000 59 48
25.130000 59 48
25.200000 59 48
25.270000 59 48
25.340000 59 48
25.410000 0 0
25.480000 59 44
25.550000 59 44
25.620000 59 44
25.690000 59 44
25.760000 0 0
25.830000 59 46
25.900000 59 46
25.970000 59 46
26.040000 59 46
26.110000 59 46
26.180000 59 46
26.250000 59 46
26.320000 59 46
26.390000 59 46
26.460000 59 46
26.530000 59 46
26.600000 59 46
26.670000 59 46
26.740000 59 46
26.810000 59 46
26.880000 59 46
26.950000 59 46
27.020000 59 46
27.090000 59 46
27.160000 59 46
27.230000 59 46
27.300000 59 46
27.370000 59 46
27.440000 59 46
27.510000 59 46
27.580000 59 46
27.650000 59 46
27.720000 59 46
27.790000 59 46
27.860000 59 46
27.930000 59 46
28.000000 59 46
28.070000 59 46
28.140000 59 46
28.210000 59 46
28.280000 59 46
28.350000 59 46
28.420000 59 46
28.490000 59 46
28.560000 59 46
28.630000 59 46
28.700000 59 46
28.770000 59 46
28.840000 59 46
28.910000 59 46
28.980000 59 46
29.050000 59 46
29.120000 59 46
29.190000 59 46
29.260000 59 46
29.330000 59 46
29.400000 59 46
29.470000 59 46
29.540000 59 46
29.610000 59 46
29.680000 59 46
29.750000 59 46
29.820000 59 46
29.890000 59 46
29.960000 59 46
30.030000 59 46
30.100000 59 46
30.170000 59 46
30.240000 59 46
30.310000 0 0
30.380000 0 0
30.450000 0 0
30.520000 0 0
30.590000 0 0
30.660000 0 0
30.730000 0 0
30.800000 0 0
30.870000 0 0
30.940000 0 0
31.010000 0 0
31.080000 0 0
31.150000 0 0
31.220000 0 0
31.290000 0 0
31.360000 0 0
31.430000 0 0
31.500000 0 0
31.570000 0 0
31.640000 0 0
31.710000 0 0
31.780000 0 0
31.850000 0 0
31.920000 0 0
31.990000 0 0
32.060000 0 0
32.130000 0 0
32.200000 0 0
32.270000 0 0
32.340000 0 0
32.410000 0 0
32.480000 0 0
32.550000 0 0
32.620000 0 0
32.690000 0 0
32.760000 0 0
32.830000 0 0
32.900000 0 0
32.970000 0 0
33.040000 0 0
33.110000 0 0
33.180000 0 0
33.250000 0 0
33.320000 0 0
33.390000 0 0
33.460000 0 0
33.530000 0 0
33.600000 0 0
33.670000 0 0
33.740000 0 0
33.810000 0 0
33.880000 0 0
33.950000 0 0
34.020000 0 0
34.090000 0 0
34.160000 0 0
34.230000 0 0
34.300000 0 0
34.370000 0 0
34.440000 0 0
34.510000 0 0
34.580000 0 0
34.650000 0 0
34.720000 0 0
34.790000 0 0
34.860000 71 62
34.930000 71 62
35.000000 71 62
35.070000 71 62
35.140000 71 62
35.210000 71 62
35.280000 71 62
35.350000 71 62
35.420000 71 62
35.490000 71 62
35.560000 71 62
35.630000 71 62
35.700000 71 62
35.770000 71 62
35.840000 71 62
35.910000 71 62
35.980000 71 62
36.050000 71 62
36.120000 71 62
36.190000 71 62
36.260000 71 62
36.330000 71 62
36.400000 71 62
36.470000 71 62
36.540000 0 0
36.610000 66 53
36.680000 66 53
36.750000 66 53
36.820000 66 53
36.890000 66 53
36.960000 66 53
37.030000 66 53
37.100000 66 53
37.170000 66 53
37.240000 69 59
37.310000 69 59
37.380000 69 59
37.450000 69 59
37.520000 69 59
37.590000 69 59
37.660000 69 59
37.730000 69 59
37.800000 69 59
37.870000 69 59
37.940000 69 59
38.010000 69 59
38.080000 69 59
38.150000 69 59
38.220000 69 59
38.290000 69 59
38.360000 69 59
38.430000 69 59
38.500000 69 59
38.570000 69 59
38.640000 69 59
38.710000 69 59
38.780000 69 59
38.850000 69 59
38.920000 69 59
38.990000 69 59
39.060000 69 59
39.130000 69 59
39.200000 69 59
39.270000 69 59
39.340000 69 59
39.410000 69 59
39.480000 69 59
39.550000 69 59
39.620000 69 59
39.690000 69 59
39.760000 69 59
39.830000 69 59
39.900000 69 59
39.970000 69 59
40.040000 69 59
40.110000 69 59
40.180000 69 59
40.250000 69 59
40.320000 69 59
40.390000 69 59
40.460000 69 59
40.530000 69 59
40.600000 69 59
40.670000 69 59
40.740000 69 59
40.810000 69 59
40.880000 69 59
40.950000 69 59
41.020000 69 59
41.090000 69 59
41.160000 69 59
41.230000 69 59
41.300000 69 59
41.370000 69 59
41.440000 69 59
41.510000 69 59
41.580000 69 59
41.650000 69 59
41.720000 0 0
41.790000 69 51
41.860000 69 51
41.930000 69 51
42.000000 69 51
42.070000 69 51
42.140000 69 51
42.210000 69 51
42.280000 69 51
42.350000 69 51
42.420000 69 51
42.490000 69 51
42.560000 69 51
42.630000 69 51
42.700000 69 51
42.770000 69 51
42.840000 69 51
42.910000 69 51
42.980000 69 51
43.050000 69 51
43.120000 69 51
43.190000 69 51
43.260000 69 51
43.330000 73 38
43.400000 73 38
43.470000 71 47
43.540000 71 47
43.610000 71 47
43.680000 71 47
43.750000 71 47
43.820000 71 47
43.890000 71 47
43.960000 71 47
44.030000 0 0
44.100000 69 51
44.170000 69 51
44.240000 69 51
44.310000 69 51
44.380000 69 51
44.450000 69 51
44.520000 69 51
44.590000 69 51
44.660000 69 51
44.730000 69 51
44.800000 69 51
44.870000 69 51
44.940000 69 51
45.010000 69 51
45.080000 69 51
45.150000 69 51
45.220000 69 51
45.290000 69 51
45.360000 69 51
45.430000 69 51
45.500000 69 51
45.570000 69 51
45.640000 69 51
45.710000 0 0
45.780000 64 46
45.850000 64 46
45.920000 64 46
45.990000 64 46
46.060000 64 46
46.130000 64 46
46.200000 64 46
46.270000 64 46
46.340000 66 53
46.410000 66 53
46.480000 66 53
46.550000 66 53
46.620000 66 53
46.690000 66 53
46.760000 66 53
46.830000 66 53
46.900000 66 53
46.970000 66 53
47.040000 66 53
47.110000 66 53
47.180000 66 53
47.250000 66 53
47.320000 66 53
47.390000 0 0
47.460000 66 58
47.530000 66 58
47.600000 66 58
47.670000 66 58
47.740000 66 58
47.810000 66 58
47.880000 66 58
47.950000 66 58
48.020000 66 58
48.090000 66 58
48.160000 66 58
48.230000 66 58
48.300000 0 0
48.370000 66 56
48.440000 66 56
48.510000 66 56
48.580000 66 56
48.650000 0 0
48.720000 66 63
48.790000 66 63
48.860000 66 63
48.930000 66 63
49.000000 66 63
49.070000 66 63
49.140000 66 63
49.210000 66 63
49.280000 66 63
49.350000 66 63
49.420000 66 63
49.490000 66 63
49.560000 66 63
49.630000 66 63
49.700000 66 63
49.770000 66 63
49.840000 66 63
49.910000 66 63
49.980000 66 63
50.050000 66 63
50.120000 66 63
50.190000 66 63
50.260000 66 63
50.330000 66 63
50.400000 66 63
50.470000 66 63
50.540000 66 63
50.610000 66 63
50.680000 66 63
50.750000 66 63
50.820000 66 63
50.890000 66 63
50.960000 66 63
51.030000 66 63
51.100000 66 63
51.170000 66 63
51.240000 66 63
51.310000 66 63
51.380000 66 63
51.450000 66 63
51.520000 66 63
51.590000 66 63
51.660000 66 63
51.730000 66 63
51.800000 66 63
51.870000 66 63
51.940000 66 63
52.010000 66 63
52.080000 66 63
52.150000 66 63
52.220000 66 63
52.290000 66 63
52.360000 66 63
52.430000 66 63
52.500000 66 63
52.570000 66 63
52.640000 66 63
52.710000 66 63
52.780000 66 63
52.850000 66 63
52.920000 66 63
52.990000 66 63
53.060000 66 63
53.130000 0 0
53.200000 0 0
53.270000 0 0
53.340000 0 0
53.410000 0 0
53.480000 0 0
53.550000 0 0
53.620000 0 0
53.690000 0 0
53.760000 0 0
53.830000 0 0
53.900000 0 0
53.970000 0 0
54.040000 0 0
54.110000 0 0
54.180000 0 0
54.250000 0 0
54.320000 0 0
54.390000 0 0
54.460000 0 0
54.530000 0 0
54.600000 0 0
54.670000 0 0
54.740000 0 0
54.810000 0 0
54.880000 0 0
54.950000 0 0
55.020000 0 0
55.090000 0 0
55.160000 0 0
55.230000 0 0
55.300000 0 0
55.370000 0 0
55.440000 0 0
55.510000 0 0
55.580000 0 0
55.650000 0 0
55.720000 0 0
55.790000 0 0
55.860000 0 0
55.930000 0 0
56.000000 0 0
56.070000 0 0
56.140000 0 0
56.210000 0 0
56.280000 0 0
56.350000 0 0
56.420000 0 0
56.490000 0 0
56.560000 0 0
56.630000 0 0
56.700000 0 0
56.770000 0 0
56.840000 0 0
56.910000 0 0
56.980000 0 0
57.050000 0 0
57.120000 0 0
57.190000 0 0
57.260000 0 0
57.330000 0 0
57.400000 0 0
57.470000 0 0
57.540000 0 0
57.610000 0 0
57.680000 0 0
57.750000 0 0
57.820000 0 0
57.890000 0 0
57.960000 0 0
58.030000 0 0
58.100000 0 0
58.170000 0 0
58.240000 0 0
58.310000 0 0
58.380000 0 0
58.450000 0 0
58.520000 0 0
58.590000 0 0
58.660000 0 0
58.730000 0 0
58.800000 0 0
58.870000 0 0
58.940000 0 0
59.010000 0 0
59.080000 0 0
59.150000 0 0
59.220000 0 0
59.290000 0 0
59.360000 0 0
59.430000 0 0
59.500000 0 0
59.570000 0 0
59.640000 0 0
59.710000 0 0
59.780000 0 0
59.850000 0 0
59.920000 0 0
59.990000 0 0
60.060000 0 0
60.130000 0 0
60.200000 0 0
60.270000 0 0
60.340000 0 0
60.410000 0 0
60.480000 0 0
60.550000 0 0
60.620000 0 0
60.690000 0 0
60.760000 0 0
60.830000 0 0
60.900000 0 0
60.970000 0 0
61.040000 0 0
61.110000 0 0
61.180000 69 55
61.250000 69 55
61.320000 69 55
61.390000 69 55
61.460000 69 55
61.530000 69 55
61.600000 69 55
61.670000 69 55
61.740000 69 55
61.810000 69 55
61.880000 69 55
61.950000 69 55
62.020000 69 55
62.090000 69 55
62.160000 69 55
62.230000 69 55
62.300000 69 55
62.370000 69 55
62.440000 69 55
62.510000 69 55
62.580000 69 55
62.650000 69 55
62.720000 69 55
62.790000 69 55
62.860000 69 55
62.930000 69 55
63.000000 69 55
63.070000 69 55
63.140000 69 55
63.210000 69 55
63.280000 69 55
63.350000 69 55
63.420000 69 55
63.490000 69 55
63.560000 69 55
63.630000 69 55
63.700000 69 55
63.770000 69 55
63.840000 69 55
63.910000 69 55
63.980000 69 55
64.050000 69 55
64.120000 69 55
64.190000 69 55
64.260000 69 55
64.330000 69 55
64.400000 69 55
64.470000 69 55
64.540000 69 55
64.610000 69 55
64.680000 69 55
64.750000 69 55
64.820000 69 55
64.890000 69 55
64.960000 69 55
65.030000 69 55
65.100000 69 55
65.170000 69 55
65.240000 69 55
65.310000 69 55
65.380000 69 55
65.450000 69 55
65.520000 69 55
65.590000 69 55
65.660000 69 55
65.730000 69 55
65.800000 69 55
65.870000 69 55
65.940000 69 55
66.010000 69 55
66.080000 69 55
66.150000 69 55
66.220000 69 55
66.290000 69 55
66.360000 69 55
66.430000 69 55
66.500000 69 55
66.570000 69 55
66.640000 69 55
66.710000 69 55
66.780000 69 55
66.850000 69 55
66.920000 69 55
66.990000 69 55
67.060000 69 55
67.130000 69 55
67.200000 69 55
67.270000 69 55
67.340000 69 55
67.410000 69 55
67.480000 69 55
67.550000 69 55
67.620000 69 55
67.690000 69 55
67.760000 69 55
67.830000 69 55
67.900000 69 55
67.970000 69 55
68.040000 69 55
68.110000 69 55
68.180000 69 55
68.250000 69 55
68.320000 69 55
68.390000 69 55
68.460000 69 55
68.530000 64 47
68.600000 64 47
68.670000 64 47
68.740000 64 47
68.810000 64 47
68.880000 64 47
68.950000 64 47
69.020000 64 47
69.090000 64 47
69.160000 0 0
69.230000 65 49
69.300000 65 49
69.370000 65 49
69.440000 65 49
69.510000 65 49
69.580000 65 49
69.650000 65 49
69.720000 65 49
69.790000 65 49
69.860000 65 49
69.930000 65 49
70.000000 65 49
70.070000 65 49
70.140000 65 49
70.210000 65 49
70.280000 65 49
70.350000 65 49
70.420000 65 49
70.490000 65 49
70.560000 65 49
70.630000 65 49
70.700000 65 49
70.770000 65 49
70.840000 65 49
70.910000 65 49
70.980000 65 49
71.050000 65 49
71.120000 65 49
71.190000 65 49
71.260000 65 49
71.330000 65 49
71.400000 65 49
71.470000 65 49
71.540000 65 49
71.610000 65 49
71.680000 65 49
71.750000 65 49
71.820000 65 49
71.890000 65 49
71.960000 65 49
72.030000 65 49
72.100000 65 49
72.170000 65 49
72.240000 65 49
72.310000 65 49
72.380000 65 49
72.450000 65 49
72.520000 65 49
72.590000 65 49
72.660000 65 49
72.730000 65 49
72.800000 65 49
72.870000 65 49
72.940000 65 49
73.010000 65 49
73.080000 65 49
73.150000 65 49
73.220000 65 49
73.290000 65 49
73.360000 65 49
73.430000 65 49
73.500000 65 49
73.570000 65 49
73.640000 65 49
73.710000 65 49
73.780000 65 49
73.850000 65 49
73.920000 65 49
73.990000 65 46
74.060000 65 46
74.130000 65 46
74.200000 65 46
74.270000 65 46
74.340000 65 46
74.410000 65 46
74.480000 65 46
74.550000 65 46
74.620000 65 46
74.690000 65 46
74.760000 65 46
74.830000 65 46
74.900000 65 46
74.970000 65 46
75.040000 65 46
75.110000 65 46
75.180000 65 46
75.250000 65 46
75.320000 65 46
75.390000 65 46
75.460000 65 46
75.530000 65 46
75.600000 65 46
75.670000 65 46
75.740000 65 46
75.810000 69 37
75.880000 69 37
75.950000 0 0
76.020000 67 42
76.090000 67 42
76.160000 67 42
76.230000 67 42
76.300000 67 42
76.370000 67 42
76.440000 67 42
76.510000 67 42
76.580000 67 42
76.650000 65 46
76.720000 65 46
76.790000 65 46
76.860000 65 46
76.930000 65 46
77.000000 65 46
77.070000 65 46
77.140000 65 46
77.210000 65 46
77.280000 65 46
77.350000 65 46
77.420000 65 46
77.490000 65 46
77.560000 65 46
77.630000 65 46
77.700000 65 46
77.770000 65 46
77.840000 65 46
77.910000 65 46
77.980000 65 46
78.050000 65 46
78.120000 65 46
78.190000 65 46
78.260000 65 46
78.330000 65 46
78.400000 65 46
78.470000 65 46
78.540000 65 46
78.610000 0 0
78.680000 60 42
78.750000 60 42
78.820000 60 42
78.890000 60 42
78.960000 60 42
79.030000 60 42
79.100000 60 42
79.170000 60 42
79.240000 60 42
79.310000 62 46
79.380000 62 46
79.450000 62 46
79.520000 62 46
79.590000 62 46
79.660000 62 46
79.730000 62 46
79.800000 62 46
79.870000 62 46
79.940000 62 46
80.010000 62 46
80.080000 62 46
80.150000 62 46
80.220000 62 46
80.290000 62 46
80.360000 62 46
80.430000 62 46
80.500000 0 0
80.570000 62 44
80.640000 62 44
80.710000 62 44
80.780000 62 44
80.850000 62 44
80.920000 62 44
80.990000 62 44
81.060000 62 44
81.130000 62 44
81.200000 62 44
81.270000 62 44
81.340000 62 44
81.410000 62 44
81.480000 0 0
81.550000 62 42
81.620000 62 42
81.690000 62 42
81.760000 62 42
81.830000 62 46
81.900000 62 46
81.970000 62 46
82.040000 62 46
82.110000 62 46
82.180000 62 46
82.250000 62 46
82.320000 62 46
82.390000 62 46
82.460000 62 46
82.530000 62 46
82.600000 62 46
82.670000 62 46
82.740000 62 46
82.810000 62 46
82.880000 62 46
82.950000 62 46
83.020000 62 46
83.090000 62 46
83.160000 62 46
83.230000 62 46
83.300000 62 46
83.370000 62 46
83.440000 62 46
83.510000 62 46
83.580000 62 46
83.650000 62 46
83.720000 62 46
83.790000 62 46
83.860000 62 46
83.930000 62 46
84.000000 62 46
84.070000 62 46
84.140000 62 46
84.210000 62 46
84.280000 62 46
84.350000 62 46
84.420000 62 46
84.490000 62 46
84.560000 62 46
84.630000 62 46
84.700000 62 46
84.770000 62 46
84.840000 62 46
84.910000 62 46
84.980000 62 46
85.050000 62 46
85.120000 62 46
85.190000 62 46
85.260000 62 46
85.330000 62 46
85.400000 62 46
85.470000 62 46
85.540000 62 46
85.610000 62 46
85.680000 62 46
85.750000 62 46
85.820000 62 46
85.890000 62 46
85.960000 62 46
86.030000 62 46
86.100000 62 46
86.170000 62 46
86.240000 62 46
86.310000 62 46
86.380000 0 0
86.450000 0 0
86.520000 0 0
86.590000 0 0
86.660000 0 0
86.730000 0 0
86.800000 0 0
86.870000 0 0
86.940000 0 0
87.010000 0 0
87.080000 0 0
87.150000 0 0
87.220000 0 0
87.290000 0 0
87.360000 0 0
87.430000 0 0
87.500000 0 0
87.570000 0 0
87.640000 0 0
87.710000 0 0
87.780000 0 0
87.850000 0 0
87.920000 0 0
87.990000 0 0
88.060000 0 0
88.130000 0 0
88.200000 0 0
88.270000 0 0
88.340000 0 0
88.410000 0 0
88.480000 0 0
88.550000 0 0
88.620000 0 0
88.690000 0 0
88.760000 0 0
88.830000 62 46
88.900000 62 46
88.970000 62 46
89.040000 62 46
89.110000 62 46
89.180000 62 46
89.250000 62 46
89.320000 62 46
89.390000 62 46
89.460000 62 46
89.530000 62 46
89.600000 62 46
89.670000 62 46
89.740000 62 46
89.810000 62 46
89.880000 62 46
89.950000 62 46
90.020000 62 46
90.090000 62 46
90.160000 62 46
90.230000 62 46
90.300000 62 46
90.370000 62 46
90.440000 62 46
90.510000 62 46
90.580000 0 0
90.650000 65 37
90.720000 65 37
90.790000 64 42
90.860000 64 42
90.930000 64 42
91.000000 64 42
91.070000 64 42
91.140000 64 42
91.210000 64 42
91.280000 64 42
91.350000 64 42
91.420000 0 0
91.490000 62 46
91.560000 62 46
91.630000 62 46
91.700000 62 46
91.770000 62 46
91.840000 62 46
91.910000 62 46
91.980000 62 46
92.050000 62 46
92.120000 62 46
92.190000 62 46
92.260000 62 46
92.330000 62 46
92.400000 62 46
92.470000 62 46
92.540000 62 46
92.610000 62 46
92.680000 62 46
92.750000 62 46
92.820000 62 46
92.890000 62 46
92.960000 62 46
93.030000 62 46
93.100000 62 46
93.170000 62 46
93.240000 62 46
93.310000 62 46
93.380000 0 0
93.450000 57 35
93.520000 57 35
93.590000 57 35
93.660000 57 35
93.730000 57 35
93.800000 57 35
93.870000 57 35
93.940000 57 35
94.010000 57 35
94.080000 57 35
94.150000 57 35
94.220000 57 35
94.290000 57 35
94.360000 57 35
94.430000 57 35
94.500000 57 35
94.570000 57 35
94.640000 57 35
94.710000 57 35
94.780000 57 35
94.850000 57 35
94.920000 57 35
94.990000 57 35
95.060000 57 35
95.130000 57 35
95.200000 57 35
95.270000 57 35
95.340000 57 35
95.410000 57 35
95.480000 57 35
95.550000 57 35
95.620000 57 35
95.690000 57 35
95.760000 57 35
95.830000 57 35
95.900000 57 35
95.970000 57 35
96.040000 57 35
96.110000 57 35
96.180000 57 35
96.250000 57 35
96.320000 57 35
96.390000 57 35
96.460000 57 35
96.530000 57 35
96.600000 57 35
96.670000 57 35
96.740000 52 31
96.810000 52 31
96.880000 52 31
96.950000 52 31
97.020000 52 31
97.090000 52 31
97.160000 52 31
97.230000 52 31
97.300000 52 31
97.370000 52 31
97.440000 52 31
97.510000 52 31
97.580000 52 31
97.650000 52 31
97.720000 52 31
97.790000 52 31
97.860000 52 31
97.930000 52 31
98.000000 52 31
98.070000 0 0
98.140000 54 30
98.210000 54 30
98.280000 54 30
98.350000 54 30
98.420000 54 30
98.490000 54 30
98.560000 54 30
98.630000 54 30
98.700000 54 30
98.770000 54 30
98.840000 54 30
98.910000 54 30
98.980000 54 30
99.050000 54 30
99.120000 54 30
99.190000 54 30
99.260000 54 30
99.330000 54 30
99.400000 54 30
99.470000 54 30
99.540000 54 30
99.610000 59 38
99.680000 59 38
99.750000 59 38
99.820000 59 38
99.890000 59 38
99.960000 59 38
100.030000 59 38
100.100000 59 38
100.170000 59 38
100.240000 59 38
100.310000 59 38
100.380000 59 38
100.450000 59 38
100.520000 59 38
100.590000 59 38
100.660000 59 38
100.730000 59 38
100.800000 59 38
100.870000 59 38
100.940000 59 38
101.010000 59 38
101.080000 59 38
101.150000 59 38
101.220000 59 38
101.290000 59 38
101.360000 59 38
101.430000 59 38
101.500000 59 38
101.570000 59 38
101.640000 59 38
101.710000 59 38
101.780000 59 38
101.850000 59 38
101.920000 59 38
101.990000 50 31
102.060000 50 31
102.130000 50 31
102.200000 50 31
102.270000 50 31
102.340000 50 31
102.410000 50 31
102.480000 50 31
102.550000 50 31
102.620000 50 31
102.690000 50 31
102.760000 50 31
102.830000 50 31
102.900000 50 31
102.970000 50 31
103.040000 50 31
103.110000 50 31
103.180000 50 31
103.250000 50 31
103.320000 50 31
103.390000 50 31
103.460000 50 31
103.530000 50 31
103.600000 50 31
103.670000 50 31
103.740000 50 31
103.810000 50 31
103.880000 50 31
103.950000 50 31
104.020000 50 31
104.090000 50 31
104.160000 50 31
104.230000 50 31
104.300000 50 31
104.370000 50 31
104.440000 50 31
104.510000 50 31
104.580000 50 31
104.650000 50 31
104.720000 50 31
104.790000 50 31
104.860000 50 31
104.930000 50 31
105.000000 50 31
105.070000 50 31
105.140000 50 31
105.210000 50 31
105.280000 50 31
105.350000 50 31
105.420000 50 31
105.490000 50 31
105.560000 50 31
105.630000 56 31
105.700000 0 0
105.770000 0 0
105.840000 0 0
105.910000 0 0
105.980000 0 0
106.050000 0 0
106.120000 0 0
106.190000 48 31
106.260000 48 31
106.330000 48 31
106.400000 48 31
106.470000 48 31
106.540000 48 31
106.610000 48 31
106.680000 48 31
106.750000 48 31
106.820000 48 31
106.890000 48 31
106.960000 48 31
107.030000 48 31
107.100000 48 31
107.170000 48 31
107.240000 48 31
107.310000 48 31
107.380000 48 31
107.450000 48 31
107.520000 48 31
107.590000 48 31
107.660000 48 31
107.730000 48 31
107.800000 48 31
107.870000 48 31
107.940000 48 31
108.010000 48 31
108.080000 48 31
108.150000 48 31
108.220000 48 31
108.290000 48 31
108.360000 48 31
108.430000 48 31
108.500000 48 31
108.570000 48 31
108.640000 48 31
108.710000 48 31
108.780000 48 31
108.850000 48 31
108.920000 48 31
108.990000 48 31
109.060000 48 31
109.130000 48 31
109.200000 48 31
109.270000 48 31
109.340000 48 31
109.410000 48 31
109.480000 48 31
109.550000 48 31
109.620000 48 31
109.690000 48 31
109.760000 48 31
109.830000 48 31
109.900000 48 31
109.970000 48 31
110.040000 48 31
110.110000 48 31
110.180000 48 31
110.250000 48 31
110.320000 48 31
110.390000 48 31
110.460000 48 31
110.530000 48 31
110.600000 48 31
110.670000 48 31
110.740000 48 31
110.810000 48 31
110.880000 48 31
110.950000 48 31
111.020000 48 31
111.090000 48 31
111.160000 48 31
111.230000 48 31
111.300000 48 31
111.370000 48 31
111.440000 48 31
111.510000 48 31
111.580000 48 31
111.650000 48 31
111.720000 48 31
111.790000 48 31
111.860000 48 31
111.930000 48 31
112.000000 48 31
112.070000 48 31
112.140000 48 31
112.210000 48 31
112.280000 48 31
112.350000 48 31
112.420000 48 31
112.490000 48 31
112.560000 48 31
112.630000 48 31
112.700000 48 31
112.770000 48 31
112.840000 48 31
112.910000 48 31
112.980000 48 31
113.050000 48 31
113.120000 48 31
113.190000 48 31
113.260000 48 31
113.330000 48 31
113.400000 48 31
113.470000 48 31
113.540000 52 31
# Piano left
0.000000 0 0
0.070000 40 34
0.140000 40 34
0.210000 40 34
0.280000 40 34
0.350000 40 34
0.420000 40 34
0.490000 40 34
0.560000 40 34
0.630000 46 28
0.700000 46 28
0.770000 46 28
0.840000 46 28
0.910000 46 28
0.980000 46 28
1.050000 46 28
1.120000 46 28
1.190000 40 34
1.260000 40 34
1.330000 40 34
1.400000 40 34
1.470000 40 34
1.540000 40 34
1.610000 40 34
1.680000 40 34
1.750000 43 28
1.820000 43 28
1.890000 43 28
1.960000 43 28
2.030000 43 28
2.100000 43 28
2.170000 43 28
2.240000 43 28
2.310000 40 34
2.380000 40 34
2.450000 40 34
2.520000 40 34
2.590000 40 34
2.660000 40 34
2.730000 40 34
2.800000 40 34
2.870000 0 0
2.940000 46 28
3.010000 46 28
3.080000 46 28
3.150000 46 28
3.220000 46 28
3.290000 46 28
3.360000 46 28
3.430000 46 28
3.500000 47 40
3.570000 47 40
3.640000 47 40
3.710000 47 40
3.780000 47 40
3.850000 47 40
3.920000 47 40
3.990000 47 40
4.060000 43 27
4.130000 43 27
4.200000 43 27
4.270000 43 27
4.340000 43 27
4.410000 43 27
4.480000 43 27
4.550000 43 27
4.620000 47 40
4.690000 47 40
4.760000 47 40
4.830000 47 40
4.900000 47 40
4.970000 47 40
5.040000 47 40
5.110000 47 40
5.180000 0 0
5.250000 55 33
5.320000 55 33
5.390000 55 33
5.460000 55 33
5.530000 55 33
5.600000 55 33
5.670000 55 33
5.740000 55 33
5.810000 40 31
5.880000 40 31
5.950000 40 31
6.020000 40 31
6.090000 40 31
6.160000 40 31
6.230000 40 31
6.300000 40 31
6.370000 43 26
6.440000 43 26
6.510000 43 26
6.580000 43 26
6.650000 43 26
6.720000 43 26
6.790000 43 26
6.860000 43 26
6.930000 40 30
7.000000 40 30
7.070000 40 30
7.140000 40 30
7.210000 40 30
7.280000 40 30
7.350000 40 30
7.420000 40 30
7.490000 46 25
7.560000 46 25
7.630000 46 25
7.700000 46 25
7.770000 46 25
7.840000 46 25
7.910000 46 25
7.980000 46 25
8.050000 0 0
8.120000 47 35
8.190000 47 35
8.260000 47 35
8.330000 47 35
8.400000 47 35
8.470000 47 35
8.540000 47 35
8.610000 47 35
8.680000 43 22
8.750000 43 22
8.820000 43 22
8.890000 43 22
8.960000 43 22
9.030000 43 22
9.100000 43 22
9.170000 43 22
9.240000 43 22
9.310000 0 0
9.380000 47 33
9.450000 47 33
9.520000 47 33
9.590000 47 33
9.660000 47 33
9.730000 47 33
9.800000 47 33
9.870000 47 33
9.940000 46 23
10.010000 46 23
10.080000 46 23
10.150000 46 23
10.220000 46 23
10.290000 46 23
10.360000 46 23
10.430000 46 23
10.500000 0 0
10.570000 47 33
10.640000 47 33
10.710000 47 33
10.780000 47 33
10.850000 47 33
10.920000 47 33
10.990000 47 33
11.060000 47 33
11.130000 43 23
11.200000 43 23
11.270000 43 23
11.340000 43 23
11.410000 43 23
11.480000 43 23
11.550000 43 23
11.620000 43 23
11.690000 47 33
11.760000 47 33
11.830000 47 33
11.900000 47 33
11.970000 47 33
12.040000 47 33
12.110000 47 33
12.180000 47 33
12.250000 46 23
12.320000 46 23
12.390000 46 23
12.460000 46 23
12.530000 46 23
12.600000 46 23
12.670000 46 23
12.740000 46 23
12.810000 47 33
12.880000 47 33
12.950000 47 33
13.020000 47 33
13.090000 47 33
13.160000 47 33
13.230000 47 33
13.300000 47 33
13.370000 0 0
13.440000 55 26
13.510000 55 26
13.580000 55 26
13.650000 55 26
13.720000 55 26
13.790000 55 26
13.860000 55 26
13.930000 55 26
14.000000 0 0
14.070000 38 27
14.140000 38 27
14.210000 38 27
14.280000 38 27
14.350000 38 27
14.420000 38 27
14.490000 38 27
14.560000 0 0
14.630000 55 27
14.700000 55 27
14.770000 55 27
14.840000 55 27
14.910000 55 27
14.980000 55 27
15.050000 55 27
15.120000 0 0
15.190000 38 27
15.260000 38 27
15.330000 38 27
15.400000 38 27
15.470000 38 27
15.540000 38 27
15.610000 38 27
15.680000 38 27
15.750000 55 27
15.820000 55 27
15.890000 55 27
15.960000 55 27
16.030000 55 27
16.100000 55 27
16.170000 55 27
16.240000 55 27
16.310000 0 0
16.380000 47 33
16.450000 47 33
16.520000 47 33
16.590000 47 33
16.660000 47 33
16.730000 47 33
16.800000 47 33
16.870000 46 23
16.940000 46 23
17.010000 46 23
17.080000 46 23
17.150000 46 23
17.220000 46 23
17.290000 46 23
17.360000 0 0
17.430000 47 33
17.500000 47 33
17.570000 47 33
17.640000 47 33
17.710000 47 33
17.780000 47 33
17.850000 47 33
17.920000 0 0
17.990000 43 22
18.060000 43 22
18.130000 43 22
18.200000 43 22
18.270000 43 22
18.340000 43 22
18.410000 43 22
18.480000 43 22
18.550000 45 33
18.620000 45 33
18.690000 45 33
18.760000 45 33
18.830000 45 33
18.900000 45 33
18.970000 45 33
19.040000 45 33
19.110000 0 0
19.180000 55 27
19.250000 55 27
19.320000 55 27
19.390000 55 27
19.460000 55 27
19.530000 55 27
19.600000 55 27
19.670000 55 27
19.740000 38 27
19.810000 38 27
19.880000 38 27
19.950000 38 27
20.020000 38 27
20.090000 38 27
20.160000 38 27
20.230000 38 27
20.300000 0 0
20.370000 55 27
20.440000 55 27
20.510000 55 27
20.580000 55 27
20.650000 55 27
20.720000 55 27
20.790000 55 27
20.860000 55 27
20.930000 38 27
21.000000 38 27
21.070000 38 27
21.140000 38 27
21.210000 38 27
21.280000 38 27
21.350000 38 27
21.420000 0 0
21.490000 54 27
21.560000 54 27
21.630000 54 27
21.700000 54 27
21.770000 54 27
21.840000 54 27
21.910000 54 27
21.980000 54 27
22.050000 38 27
22.120000 38 27
22.190000 38 27
22.260000 38 27
22.330000 38 27
22.400000 38 27
22.470000 38 27
22.540000 38 27
22.610000 0 0
22.680000 54 26
22.750000 54 26
22.820000 54 26
22.890000 54 26
22.960000 54 26
23.030000 54 26
23.100000 54 26
23.170000 54 26
23.240000 0 0
23.310000 31 27
23.380000 31 27
23.450000 31 27
23.520000 31 27
23.590000 31 27
23.660000 31 27
23.730000 31 27
23.800000 31 27
23.870000 55 26
23.940000 55 26
24.010000 55 26
24.080000 55 26
24.150000 55 26
24.220000 55 26
24.290000 55 26
24.360000 55 26
24.430000 0 0
24.500000 43 25
24.570000 43 25
24.640000 43 25
24.710000 43 25
24.780000 43 25
24.850000 43 25
24.920000 43 25
24.990000 43 25
25.060000 43 25
25.130000 51 19
25.200000 51 19
25.270000 51 19
25.340000 51 19
25.410000 51 19
25.480000 51 19
25.550000 51 19
25.620000 51 19
25.690000 51 19
25.760000 0 0
25.830000 43 23
25.900000 43 23
25.970000 43 23
26.040000 43 23
26.110000 43 23
26.180000 43 23
26.250000 43 23
26.320000 43 23
26.390000 52 18
26.460000 52 18
26.530000 52 18
26.600000 52 18
26.670000 52 18
26.740000 52 18
26.810000 52 18
26.880000 52 18
26.950000 50 27
27.020000 50 27
27.090000 50 27
27.160000 50 27
27.230000 50 27
27.300000 50 27
27.370000 50 27
27.440000 50 27
27.510000 55 22
27.580000 55 22
27.650000 55 22
27.720000 55 22
27.790000 55 22
27.860000 55 22
27.930000 55 22
28.000000 55 22
28.070000 43 24
28.140000 43 24
28.210000 43 24
28.280000 43 24
28.350000 43 24
28.420000 43 24
28.490000 43 24
28.560000 0 0
28.630000 55 25
28.700000 55 25
28.770000 55 25
28.840000 55 25
28.910000 55 25
28.980000 55 25
29.050000 55 25
29.120000 0 0
29.190000 43 25
29.260000 43 25
29.330000 43 25
29.400000 43 25
29.470000 43 25
29.540000 43 25
29.610000 43 25
29.680000 0 0
29.750000 51 22
29.820000 51 22
29.890000 51 22
29.960000 51 22
30.030000 51 22
30.100000 51 22
30.170000 51 22
30.240000 0 0
30.310000 43 26
30.380000 43 26
30.450000 43 26
30.520000 43 26
30.590000 43 26
30.660000 43 26
30.730000 43 26
30.800000 52 23
30.870000 52 23
30.940000 52 23
31.010000 52 23
31.080000 52 23
31.150000 52 23
31.220000 52 23
31.290000 0 0
31.360000 43 27
31.430000 43 27
31.500000 43 27
31.570000 43 27
31.640000 43 27
31.710000 43 27
31.780000 43 27
31.850000 43 27
31.920000 55 26
31.990000 55 26
32.060000 55 26
32.130000 55 26
32.200000 55 26
32.270000 55 26
32.340000 55 26
32.410000 55 26
32.480000 47 27
32.550000 47 27
32.620000 47 27
32.690000 47 27
32.760000 47 27
32.830000 47 27
32.900000 47 27
32.970000 47 27
33.040000 0 0
33.110000 53 23
33.180000 53 23
33.250000 53 23
33.320000 53 23
33.390000 53 23
33.460000 53 23
33.530000 53 23
33.600000 53 23
33.670000 47 27
33.740000 47 27
33.810000 47 27
33.880000 47 27
33.950000 47 27
34.020000 47 27
34.090000 47 27
34.160000 47 27
34.230000 50 23
34.300000 50 23
34.370000 50 23
34.440000 50 23
34.510000 50 23
34.580000 50 23
34.650000 50 23
34.720000 50 23
34.790000 0 0
34.860000 54 33
34.930000 54 33
35.000000 54 33
35.070000 54 33
35.140000 54 33
35.210000 54 33
35.280000 54 33
35.350000 54 33
35.420000 53 23
35.490000 53 23
35.560000 53 23
35.630000 53 23
35.700000 53 23
35.770000 53 23
35.840000 53 23
35.910000 53 23
35.980000 54 33
36.050000 54 33
36.120000 54 33
36.190000 54 33
36.260000 54 33
36.330000 54 33
36.400000 54 33
36.470000 54 33
36.540000 0 0
36.610000 50 22
36.680000 50 22
36.750000 50 22
36.820000 50 22
36.890000 50 22
36.960000 50 22
37.030000 50 22
37.100000 50 22
37.170000 50 22
37.240000 54 33
37.310000 54 33
37.380000 54 33
37.450000 54 33
37.520000 54 33
37.590000 54 33
37.660000 54 33
37.730000 54 33
37.800000 53 23
37.870000 53 23
37.940000 53 23
38.010000 53 23
38.080000 53 23
38.150000 53 23
38.220000 53 23
38.290000 53 23
38.360000 45 27
38.430000 45 27
38.500000 45 27
38.570000 45 27
38.640000 45 27
38.710000 45 27
38.780000 45 27
38.850000 45 27
38.920000 50 23
38.990000 50 23
39.060000 50 23
39.130000 50 23
39.200000 50 23
39.270000 50 23
39.340000 50 23
39.410000 50 23
39.480000 45 27
39.550000 45 27
39.620000 45 27
39.690000 45 27
39.760000 45 27
39.830000 45 27
39.900000 45 27
39.970000 0 0
40.040000 53 23
40.110000 53 23
40.180000 53 23
40.250000 53 23
40.320000 53 23
40.390000 53 23
40.460000 53 23
40.530000 0 0
40.600000 54 33
40.670000 54 33
40.740000 54 33
40.810000 54 33
40.880000 54 33
40.950000 54 33
41.020000 54 33
41.090000 54 33
41.160000 50 22
41.230000 50 22
41.300000 50 22
41.370000 50 22
41.440000 50 22
41.510000 50 22
41.580000 50 22
41.650000 50 22
41.720000 0 0
41.790000 52 33
41.860000 52 33
41.930000 52 33
42.000000 52 33
42.070000 52 33
42.140000 52 33
42.210000 52 33
42.280000 52 33
42.350000 62 27
42.420000 62 27
42.490000 62 27
42.560000 62 27
42.630000 62 27
42.700000 62 27
42.770000 62 27
42.840000 62 27
42.910000 52 33
42.980000 52 33
43.050000 52 33
43.120000 52 33
43.190000 52 33
43.260000 52 33
43.330000 52 33
43.400000 52 33
43.470000 62 27
43.540000 62 27
43.610000 62 27
43.680000 62 27
43.750000 62 27
43.820000 62 27
43.890000 62 27
43.960000 62 27
44.030000 0 0
44.100000 45 28
44.170000 45 28
44.240000 45 28
44.310000 45 28
44.380000 45 28
44.450000 45 28
44.520000 45 28
44.590000 45 28
44.660000 61 27
44.730000 61 27
44.800000 61 27
44.870000 61 27
44.940000 61 27
45.010000 61 27
45.080000 61 27
45.150000 61 27
45.220000 45 27
45.290000 45 27
45.360000 45 27
45.430000 45 27
45.500000 45 27
45.570000 45 27
45.640000 45 27
45.710000 0 0
45.780000 49 22
45.850000 49 22
45.920000 49 22
45.990000 49 22
46.060000 49 22
46.130000 49 22
46.200000 49 22
46.270000 49 22
46.340000 45 27
46.410000 45 27
46.480000 45 27
46.550000 45 27
46.620000 45 27
46.690000 45 27
46.760000 45 27
46.830000 0 0
46.900000 50 25
46.970000 50 25
47.040000 50 25
47.110000 50 25
47.180000 50 25
47.250000 50 25
47.320000 50 25
47.390000 50 25
47.460000 45 31
47.530000 45 31
47.600000 45 31
47.670000 45 31
47.740000 45 31
47.810000 45 31
47.880000 45 31
47.950000 45 31
48.020000 0 0
48.090000 61 34
48.160000 61 34
48.230000 61 34
48.300000 61 34
48.370000 61 34
48.440000 61 34
48.510000 61 34
48.580000 61 34
48.650000 61 34
48.720000 45 36
48.790000 45 36
48.860000 45 36
48.930000 45 36
49.000000 45 36
49.070000 45 36
49.140000 45 36
49.210000 45 36
49.280000 61 36
49.350000 61 36
49.420000 61 36
49.490000 61 36
49.560000 61 36
49.630000 61 36
49.700000 61 36
49.770000 61 36
49.840000 45 36
49.910000 45 36
49.980000 45 36
50.050000 45 36
50.120000 45 36
50.190000 45 36
50.260000 45 36
50.330000 45 36
50.400000 61 35
50.470000 61 35
50.540000 61 35
50.610000 61 35
50.680000 61 35
50.750000 61 35
50.820000 61 35
50.890000 61 35
50.960000 45 36
51.030000 45 36
51.100000 45 36
51.170000 45 36
51.240000 45 36
51.310000 45 36
51.380000 45 36
51.450000 0 0
51.520000 50 30
51.590000 50 30
51.660000 50 30
51.730000 50 30
51.800000 50 30
51.870000 50 30
51.940000 50 30
52.010000 0 0
52.080000 45 36
52.150000 45 36
52.220000 45 36
52.290000 45 36
52.360000 45 36
52.430000 45 36
52.500000 45 36
52.570000 0 0
52.640000 49 30
52.710000 49 30
52.780000 49 30
52.850000 49 30
52.920000 49 30
52.990000 49 30
53.060000 49 30
53.130000 51 44
53.200000 51 44
53.270000 51 44
53.340000 51 44
53.410000 51 44
53.480000 51 44
53.550000 51 44
53.620000 0 0
53.690000 50 30
53.760000 50 30
53.830000 50 30
53.900000 50 30
53.970000 50 30
54.040000 50 30
54.110000 50 30
54.180000 50 30
54.250000 45 36
54.320000 45 36
54.390000 45 36
54.460000 45 36
54.530000 45 36
54.600000 45 36
54.670000 45 36
54.740000 0 0
54.810000 48 29
54.880000 48 29
54.950000 48 29
55.020000 48 29
55.090000 48 29
55.160000 48 29
55.230000 48 29
55.300000 48 29
55.370000 0 0
55.440000 42 36
55.510000 42 36
55.580000 42 36
55.650000 42 36
55.720000 42 36
55.790000 42 36
55.860000 42 36
55.930000 42 36
56.000000 50 29
56.070000 50 29
56.140000 50 29
56.210000 50 29
56.280000 50 29
56.350000 50 29
56.420000 50 29
56.490000 50 29
56.560000 51 40
56.630000 51 40
56.700000 51 40
56.770000 51 40
56.840000 51 40
56.910000 51 40
56.980000 51 40
57.050000 48 27
57.120000 48 27
57.190000 48 27
57.260000 48 27
57.330000 48 27
57.400000 48 27
57.470000 48 27
57.540000 48 27
57.610000 0 0
57.680000 51 38
57.750000 51 38
57.820000 51 38
57.890000 51 38
57.960000 51 38
58.030000 51 38
58.100000 51 38
58.170000 57 30
58.240000 57 30
58.310000 57 30
58.380000 57 30
58.450000 57 30
58.520000 57 30
58.590000 57 30
58.660000 0 0
58.730000 42 28
58.800000 42 28
58.870000 42 28
58.940000 42 28
59.010000 42 28
59.080000 42 28
59.150000 42 28
59.220000 42 28
59.290000 0 0
59.360000 48 20
59.430000 48 20
59.500000 48 20
59.570000 48 20
59.640000 48 20
59.710000 48 20
59.780000 48 20
59.850000 48 20
59.920000 42 26
59.990000 42 26
60.060000 42 26
60.130000 42 26
60.200000 42 26
60.270000 42 26
60.340000 42 26
60.410000 42 26
60.480000 50 22
60.550000 50 22
60.620000 50 22
60.690000 50 22
60.760000 50 22
60.830000 50 22
60.900000 50 22
60.970000 50 22
61.040000 50 22
61.110000 0 0
61.180000 51 31
61.250000 51 31
61.320000 51 31
61.390000 51 31
61.460000 51 31
61.530000 51 31
61.600000 51 31
61.670000 51 31
61.740000 48 22
61.810000 48 22
61.880000 48 22
61.950000 48 22
62.020000 48 22
62.090000 48 22
62.160000 48 22
62.230000 48 22
62.300000 51 30
62.370000 51 30
62.440000 51 30
62.510000 51 30
62.580000 51 30
62.650000 51 30
62.720000 51 30
62.790000 51 30
62.860000 50 22
62.930000 50 22
63.000000 50 22
63.070000 50 22
63.140000 50 22
63.210000 50 22
63.280000 50 22
63.350000 50 22
63.420000 51 30
63.490000 51 30
63.560000 51 30
63.630000 51 30
63.700000 51 30
63.770000 51 30
63.840000 51 30
63.910000 51 30
63.980000 47 20
64.050000 47 20
64.120000 47 20
64.190000 47 20
64.260000 47 20
64.330000 47 20
64.400000 47 20
64.470000 47 20
64.540000 0 0
64.610000 48 30
64.680000 48 30
64.750000 48 30
64.820000 48 30
64.890000 48 30
64.960000 48 30
65.030000 48 30
65.100000 48 30
65.170000 47 20
65.240000 47 20
65.310000 47 20
65.380000 47 20
65.450000 47 20
65.520000 47 20
65.590000 47 20
65.660000 47 20
65.730000 48 29
65.800000 48 29
65.870000 48 29
65.940000 48 29
66.010000 48 29
66.080000 48 29
66.150000 48 29
66.220000 48 29
66.290000 57 25
66.360000 57 25
66.430000 57 25
66.500000 57 25
66.570000 57 25
66.640000 57 25
66.710000 57 25
66.780000 57 25
66.850000 40 25
66.920000 40 25
66.990000 40 25
67.060000 40 25
67.130000 40 25
67.200000 40 25
67.270000 40 25
67.340000 40 25
67.410000 57 24
67.480000 57 24
67.550000 57 24
67.620000 57 24
67.690000 57 24
67.760000 57 24
67.830000 57 24
67.900000 57 24
67.970000 40 24
68.040000 40 24
68.110000 40 24
68.180000 40 24
68.250000 40 24
68.320000 40 24
68.390000 40 24
68.460000 40 24
68.530000 57 23
68.600000 57 23
68.670000 57 23
68.740000 57 23
68.810000 57 23
68.880000 57 23
68.950000 57 23
69.020000 57 23
69.090000 57 23
69.160000 0 0
69.230000 48 29
69.300000 48 29
69.370000 48 29
69.440000 48 29
69.510000 48 29
69.580000 48 29
69.650000 48 29
69.720000 48 29
69.790000 47 19
69.860000 47 19
69.930000 47 19
70.000000 47 19
70.070000 47 19
70.140000 47 19
70.210000 47 19
70.280000 47 19
70.350000 48 28
70.420000 48 28
70.490000 48 28
70.560000 48 28
70.630000 48 28
70.700000 48 28
70.770000 48 28
70.840000 48 28
70.910000 45 19
70.980000 45 19
71.050000 45 19
71.120000 45 19
71.190000 45 19
71.260000 45 19
71.330000 45 19
71.400000 45 19
71.470000 48 28
71.540000 48 28
71.610000 48 28
71.680000 48 28
71.750000 48 28
71.820000 48 28
71.890000 48 28
71.960000 48 28
72.030000 0 0
72.100000 57 23
72.170000 57 23
72.240000 57 23
72.310000 57 23
72.380000 57 23
72.450000 57 23
72.520000 57 23
72.590000 57 23
72.660000 0 0
72.730000 40 23
72.800000 40 23
72.870000 40 23
72.940000 40 23
73.010000 40 23
73.080000 40 23
73.150000 40 23
73.220000 40 23
73.290000 40 23
73.360000 57 22
73.430000 57 22
73.500000 57 22
73.570000 57 22
73.640000 57 22
73.710000 57 22
73.780000 57 22
73.850000 57 22
73.920000 57 22
73.990000 0 0
74.060000 0 0
74.130000 0 0
74.200000 0 0
74.270000 0 0
74.340000 0 0
74.410000 0 0
74.480000 0 0
74.550000 0 0
74.620000 0 0
74.690000 0 0
74.760000 0 0
74.830000 0 0
74.900000 0 0
74.970000 0 0
75.040000 0 0
75.110000 0 0
75.180000 0 0
75.250000 0 0
75.320000 0 0
75.390000 0 0
75.460000 0 0
75.530000 0 0
75.600000 0 0
75.670000 0 0
75.740000 0 0
75.810000 0 0
75.880000 0 0
75.950000 0 0
76.020000 0 0
76.090000 0 0
76.160000 0 0
76.230000 0 0
76.300000 0 0
76.370000 0 0
76.440000 0 0
76.510000 0 0
76.580000 0 0
76.650000 0 0
76.720000 0 0
76.790000 0 0
76.860000 0 0
76.930000 0 0
77.000000 0 0
77.070000 0 0
77.140000 0 0
77.210000 0 0
77.280000 0 0
77.350000 0 0
77.420000 0 0
77.490000 0 0
77.560000 0 0
77.630000 0 0
77.700000 0 0
77.770000 0 0
77.840000 0 0
77.910000 0 0
77.980000 0 0
78.050000 0 0
78.120000 0 0
78.190000 0 0
78.260000 0 0
78.330000 0 0
78.400000 0 0
78.470000 0 0
78.540000 0 0
78.610000 0 0
78.680000 0 0
78.750000 0 0
78.820000 0 0
78.890000 0 0
78.960000 0 0
79.030000 0 0
79.100000 0 0
79.170000 0 0
79.240000 0 0
79.310000 0 0
79.380000 0 0
79.450000 0 0
79.520000 0 0
79.590000 0 0
79.660000 0 0
79.730000 0 0
79.800000 0 0
79.870000 0 0
79.940000 0 0
80.010000 0 0
80.080000 0 0
80.150000 0 0
80.220000 0 0
80.290000 0 0
80.360000 0 0
80.430000 0 0
80.500000 0 0
80.570000 0 0
80.640000 0 0
80.710000 0 0
80.780000 0 0
80.850000 0 0
80.920000 0 0
80.990000 0 0
81.060000 0 0
81.130000 0 0
81.200000 0 0
81.270000 0 0
81.340000 0 0
81.410000 0 0
81.480000 0 0
81.550000 0 0
81.620000 0 0
81.690000 0 0
81.760000 0 0
81.830000 40 23
81.900000 40 23
81.970000 40 23
82.040000 40 23
82.110000 40 23
82.180000 40 23
82.250000 40 23
82.320000 40 23
82.390000 0 0
82.460000 53 23
82.530000 53 23
82.600000 53 23
82.670000 53 23
82.740000 53 23
82.810000 53 23
82.880000 53 23
82.950000 53 23
83.020000 40 23
83.090000 40 23
83.160000 40 23
83.230000 40 23
83.300000 40 23
83.370000 40 23
83.440000 40 23
83.510000 40 23
83.580000 53 23
83.650000 53 23
83.720000 53 23
83.790000 53 23
83.860000 53 23
83.930000 53 23
84.000000 53 23
84.070000 53 23
84.140000 40 23
84.210000 40 23
84.280000 40 23
84.350000 40 23
84.420000 40 23
84.490000 40 23
84.560000 40 23
84.630000 40 23
84.700000 47 18
84.770000 47 18
84.840000 47 18
84.910000 47 18
84.980000 47 18
85.050000 47 18
85.120000 47 18
85.190000 47 18
85.260000 0 0
85.330000 40 23
85.400000 40 23
85.470000 40 23
85.540000 40 23
85.610000 40 23
85.680000 40 23
85.750000 40 23
85.820000 40 23
85.890000 45 18
85.960000 45 18
86.030000 45 18
86.100000 45 18
86.170000 45 18
86.240000 45 18
86.310000 45 18
86.380000 45 18
86.450000 0 0
86.520000 0 0
86.590000 0 0
86.660000 0 0
86.730000 0 0
86.800000 0 0
86.870000 0 0
86.940000 0 0
87.010000 0 0
87.080000 0 0
87.150000 0 0
87.220000 0 0
87.290000 0 0
87.360000 0 0
87.430000 0 0
87.500000 0 0
87.570000 0 0
87.640000 0 0
87.710000 0 0
87.780000 0 0
87.850000 0 0
87.920000 0 0
87.990000 0 0
88.060000 0 0
88.130000 0 0
88.200000 0 0
88.270000 0 0
88.340000 0 0
88.410000 0 0
88.480000 0 0
88.550000 0 0
88.620000 0 0
88.690000 0 0
88.760000 0 0
88.830000 0 0
88.900000 0 0
88.970000 0 0
89.040000 0 0
89.110000 0 0
89.180000 0 0
89.250000 0 0
89.320000 0 0
89.390000 0 0
89.460000 0 0
89.530000 0 0
89.600000 0 0
89.670000 0 0
89.740000 0 0
89.810000 0 0
89.880000 0 0
89.950000 0 0
90.020000 0 0
90.090000 0 0
90.160000 0 0
90.230000 0 0
90.300000 0 0
90.370000 0 0
90.440000 0 0
90.510000 0 0
90.580000 0 0
90.650000 0 0
90.720000 0 0
90.790000 0 0
90.860000 0 0
90.930000 0 0
91.000000 0 0
91.070000 0 0
91.140000 0 0
91.210000 0 0
91.280000 0 0
91.350000 0 0
91.420000 0 0
91.490000 0 0
91.560000 0 0
91.630000 0 0
91.700000 0 0
91.770000 0 0
91.840000 0 0
91.910000 0 0
91.980000 0 0
92.050000 0 0
92.120000 0 0
92.190000 0 0
92.260000 0 0
92.330000 0 0
92.400000 0 0
92.470000 0 0
92.540000 0 0
92.610000 0 0
92.680000 0 0
92.750000 0 0
92.820000 0 0
92.890000 0 0
92.960000 0 0
93.030000 0 0
93.100000 0 0
93.170000 0 0
93.240000 0 0
93.310000 0 0
93.380000 0 0
93.450000 0 0
93.520000 0 0
93.590000 0 0
93.660000 0 0
93.730000 0 0
93.800000 0 0
93.870000 0 0
93.940000 0 0
94.010000 0 0
94.080000 0 0
94.150000 0 0
94.220000 0 0
94.290000 0 0
94.360000 0 0
94.430000 0 0
94.500000 0 0
94.570000 0 0
94.640000 0 0
94.710000 0 0
94.780000 0 0
94.850000 0 0
94.920000 0 0
94.990000 0 0
95.060000 0 0
95.130000 0 0
95.200000 0 0
95.270000 0 0
95.340000 0 0
95.410000 0 0
95.480000 0 0
95.550000 0 0
95.620000 0 0
95.690000 0 0
95.760000 0 0
95.830000 0 0
95.900000 0 0
95.970000 0 0
96.040000 0 0
96.110000 0 0
96.180000 0 0
96.250000 0 0
96.320000 0 0
96.390000 0 0
96.460000 0 0
96.530000 0 0
96.600000 0 0
96.670000 0 0
96.740000 40 30
96.810000 40 30
96.880000 40 30
96.950000 40 30
97.020000 40 30
97.090000 40 30
97.160000 40 30
97.230000 40 30
97.300000 40 30
97.370000 40 30
97.440000 40 30
97.510000 40 30
97.580000 40 30
97.650000 40 30
97.720000 40 30
97.790000 40 30
97.860000 40 30
97.930000 40 30
98.000000 40 30
98.070000 0 0
98.140000 35 24
98.210000 35 24
98.280000 35 24
98.350000 35 24
98.420000 35 24
98.490000 35 24
98.560000 35 24
98.630000 35 24
98.700000 35 24
98.770000 35 24
98.840000 35 24
98.910000 35 24
98.980000 35 24
99.050000 35 24
99.120000 35 24
99.190000 35 24
99.260000 35 24
99.330000 35 24
99.400000 35 24
99.470000 35 24
99.540000 35 24
99.610000 47 30
99.680000 47 30
99.750000 47 30
99.820000 47 30
99.890000 47 30
99.960000 47 30
100.030000 47 30
100.100000 47 30
100.170000 47 30
100.240000 47 30
100.310000 47 30
100.380000 47 30
100.450000 47 30
100.520000 47 30
100.590000 47 30
100.660000 47 30
100.730000 47 30
100.800000 47 30
100.870000 47 30
100.940000 47 30
101.010000 47 30
101.080000 47 30
101.150000 47 30
101.220000 47 30
101.290000 47 30
101.360000 47 30
101.430000 47 30
101.500000 47 30
101.570000 47 30
101.640000 47 30
101.710000 47 30
101.780000 47 30
101.850000 47 30
101.920000 47 30
101.990000 47 30
102.060000 47 30
102.130000 47 30
102.200000 47 30
102.270000 47 30
102.340000 47 30
102.410000 47 30
102.480000 47 30
102.550000 40 30
102.620000 40 30
102.690000 40 30
102.760000 40 30
102.830000 40 30
102.900000 40 30
102.970000 40 30
103.040000 40 30
103.110000 40 30
103.180000 40 30
103.250000 40 30
103.320000 40 30
103.390000 40 30
103.460000 40 30
103.530000 40 30
103.600000 40 30
103.670000 40 30
103.740000 40 30
103.810000 40 30
103.880000 40 30
103.950000 40 30
104.020000 40 30
104.090000 40 30
104.160000 40 30
104.230000 40 30
104.300000 40 30
104.370000 40 30
104.440000 40 30
104.510000 40 30
104.580000 40 30
104.650000 40 30
104.720000 40 30
104.790000 40 30
104.860000 40 30
104.930000 40 30
105.000000 40 30
105.070000 40 30
105.140000 40 30
105.210000 40 30
105.280000 40 30
105.350000 40 30
105.420000 40 30
105.490000 40 30
105.560000 40 30
105.630000 0 0
105.700000 33 25
105.770000 33 25
105.840000 33 25
105.910000 33 25
105.980000 33 25
106.050000 33 25
106.120000 33 25
106.190000 33 25
106.260000 33 25
106.330000 33 25
106.400000 33 25
106.470000 33 25
106.540000 33 25
106.610000 33 25
106.680000 33 25
106.750000 33 25
106.820000 33 25
106.890000 33 25
106.960000 33 25
107.030000 33 25
107.100000 33 25
107.170000 33 25
107.240000 33 25
107.310000 33 25
107.380000 33 25
107.450000 33 25
107.520000 33 25
107.590000 33 25
107.660000 33 25
107.730000 33 25
107.800000 33 25
107.870000 33 25
107.940000 33 25
108.010000 33 25
108.080000 33 25
108.150000 33 25
108.220000 33 25
108.290000 33 25
108.360000 33 25
108.430000 33 25
108.500000 33 25
108.570000 33 25
108.640000 33 25
108.710000 33 25
108.780000 33 25
108.850000 33 25
108.920000 33 25
108.990000 33 25
109.060000 33 25
109.130000 33 25
109.200000 33 25
109.270000 33 25
109.340000 33 25
109.410000 33 25
109.480000 33 25
109.550000 33 25
109.620000 33 25
109.690000 33 25
109.760000 33 25
109.830000 33 25
109.900000 33 25
109.970000 33 25
110.040000 33 25
110.110000 33 25
110.180000 33 25
110.250000 33 25
110.320000 33 25
110.390000 33 25
110.460000 33 25
110.530000 33 25
110.600000 33 25
110.670000 33 25
110.740000 33 25
110.810000 33 25
110.880000 33 25
110.950000 33 25
111.020000 33 25
111.090000 33 25
111.160000 33 25
111.230000 33 25
111.300000 33 25
111.370000 33 25
111.440000 33 25
111.510000 33 25
111.580000 33 25
111.650000 33 25
111.720000 33 25
111.790000 33 25
111.860000 33 25
111.930000 33 25
112.000000 33 25
112.070000 33 25
112.140000 33 25
112.210000 33 25
112.280000 33 25
112.350000 33 25
112.420000 33 25
112.490000 33 25
112.560000 33 25
112.630000 33 25
112.700000 33 25
112.770000 33 25
112.840000 33 25
112.910000 33 25
112.980000 33 25
113.050000 33 25
113.120000 33 25
113.190000 33 25
113.260000 33 25
113.330000 33 25
113.400000 33 25
113.470000 33 25
113.540000 33 25
