"chpn_op10_e12"

# Piano right
0.000000 0 0
0.070000 74 94
0.140000 74 94
0.210000 74 94
0.280000 74 94
0.350000 74 94
0.420000 74 94
0.490000 74 94
0.560000 74 94
0.630000 74 94
0.700000 74 94
0.770000 74 94
0.840000 0 0
0.910000 0 0
0.980000 0 0
1.050000 0 0
1.120000 0 0
1.190000 0 0
1.260000 0 0
1.330000 0 0
1.400000 0 0
1.470000 0 0
1.540000 0 0
1.610000 0 0
1.680000 0 0
1.750000 0 0
1.820000 0 0
1.890000 0 0
1.960000 0 0
2.030000 0 0
2.100000 0 0
2.170000 0 0
2.240000 0 0
2.310000 0 0
2.380000 0 0
2.450000 0 0
2.520000 0 0
2.590000 0 0
2.660000 77 93
2.730000 77 93
2.800000 77 93
2.870000 77 93
2.940000 77 93
3.010000 0 0
3.080000 67 87
3.150000 67 87
3.220000 79 96
3.290000 79 96
3.360000 79 96
3.430000 79 96
3.500000 79 96
3.570000 79 96
3.640000 79 96
3.710000 79 96
3.780000 79 96
3.850000 79 96
3.920000 0 0
3.990000 0 0
4.060000 0 0
4.130000 0 0
4.200000 0 0
4.270000 0 0
4.340000 0 0
4.410000 0 0
4.480000 0 0
4.550000 0 0
4.620000 0 0
4.690000 0 0
4.760000 0 0
4.830000 0 0
4.900000 0 0
4.970000 0 0
5.040000 0 0
5.110000 0 0
5.180000 0 0
5.250000 0 0
5.320000 0 0
5.390000 0 0
5.460000 0 0
5.530000 0 0
5.600000 0 0
5.670000 0 0
5.740000 0 0
5.810000 0 0
5.880000 77 92
5.950000 77 92
6.020000 77 92
6.090000 77 92
6.160000 77 92
6.230000 0 0
6.300000 67 88
6.370000 67 88
6.440000 79 96
6.510000 79 96
6.580000 0 0
6.650000 92 87
6.720000 91 80
6.790000 0 0
6.860000 89 87
6.930000 86 77
7.000000 87 77
7.070000 86 76
7.140000 0 0
7.210000 83 87
7.280000 79 77
7.350000 80 77
7.420000 0 0
7.490000 79 76
7.560000 77 87
7.630000 74 77
7.700000 0 0
7.770000 75 77
7.840000 74 76
7.910000 71 87
7.980000 0 0
8.050000 67 77
8.120000 68 77
8.190000 67 76
8.260000 0 0
8.330000 65 87
8.400000 62 77
8.470000 63 77
8.540000 0 0
8.610000 62 76
8.680000 59 87
8.750000 55 77
8.820000 0 0
8.890000 56 77
8.960000 55 76
9.030000 53 87
9.100000 0 0
9.170000 50 77
9.240000 51 77
9.310000 50 76
9.380000 0 0
9.450000 48 69
9.520000 47 69
9.590000 55 73
9.660000 0 0
9.730000 53 72
9.800000 51 71
9.870000 50 70
9.940000 51 69
10.010000 0 0
10.080000 50 69
10.150000 48 69
10.220000 0 0
10.290000 47 68
10.360000 58 76
10.430000 56 74
10.500000 55 76
10.570000 0 0
10.640000 53 74
10.710000 55 74
10.780000 53 73
10.850000 0 0
10.920000 51 73
10.990000 50 73
11.060000 63 82
11.130000 0 0
11.200000 62 83
11.270000 60 84
11.340000 0 0
11.410000 59 85
11.480000 60 85
11.550000 59 87
11.620000 0 0
11.690000 56 88
11.760000 55 89
11.830000 56 90
11.900000 0 0
11.970000 55 89
12.040000 53 92
12.110000 0 0
12.180000 51 94
12.250000 53 97
12.320000 0 0
12.390000 51 102
12.460000 48 104
12.530000 48 104
12.600000 48 104
12.670000 0 0
12.740000 0 0
12.810000 0 0
12.880000 0 0
12.950000 0 0
13.020000 0 0
13.090000 0 0
13.160000 0 0
13.230000 0 0
13.300000 0 0
13.370000 0 0
13.440000 0 0
13.510000 0 0
13.580000 0 0
13.650000 0 0
13.720000 0 0
13.790000 0 0
13.860000 0 0
13.930000 0 0
14.000000 0 0
14.070000 0 0
14.140000 0 0
14.210000 0 0
14.280000 0 0
14.350000 0 0
14.420000 0 0
14.490000 0 0
14.560000 0 0
14.630000 0 0
14.700000 0 0
14.770000 0 0
14.840000 0 0
14.910000 0 0
14.980000 0 0
15.050000 0 0
15.120000 0 0
15.190000 84 95
15.260000 0 0
15.330000 86 102
15.400000 86 102
15.470000 86 102
15.540000 86 102
15.610000 86 102
15.680000 87 107
15.750000 0 0
15.820000 75 104
15.890000 75 104
15.960000 75 104
16.030000 75 104
16.100000 75 104
16.170000 75 104
16.240000 75 104
16.310000 75 104
16.380000 75 104
16.450000 75 104
16.520000 75 104
16.590000 0 0
16.660000 0 0
16.730000 0 0
16.800000 0 0
16.870000 0 0
16.940000 75 47
17.010000 75 47
17.080000 75 47
17.150000 75 47
17.220000 75 47
17.290000 75 47
17.360000 0 0
17.430000 75 54
17.500000 0 0
17.570000 75 55
17.640000 75 55
17.710000 75 55
17.780000 75 55
17.850000 75 55
17.920000 75 55
17.990000 75 55
18.060000 75 55
18.130000 75 55
18.200000 75 55
18.270000 75 55
18.340000 75 55
18.410000 75 47
18.480000 75 47
18.550000 75 47
18.620000 0 0
18.690000 0 0
18.760000 84 95
18.830000 86 101
18.900000 86 101
18.970000 86 101
19.040000 86 101
19.110000 86 101
19.180000 0 0
19.250000 87 107
19.320000 0 0
19.390000 75 103
19.460000 75 103
19.530000 75 103
19.600000 75 103
19.670000 75 103
19.740000 75 103
19.810000 75 103
19.880000 75 103
19.950000 75 103
20.020000 75 103
20.090000 75 103
20.160000 0 0
20.230000 0 0
20.300000 0 0
20.370000 0 0
20.440000 75 69
20.510000 0 0
20.580000 75 69
20.650000 75 69
20.720000 75 69
20.790000 75 69
20.860000 75 69
20.930000 75 75
21.000000 0 0
21.070000 75 84
21.140000 75 84
21.210000 75 84
21.280000 75 84
21.350000 75 84
21.420000 75 84
21.490000 75 84
21.560000 75 84
21.630000 75 84
21.700000 75 84
21.770000 75 84
21.840000 75 84
21.910000 75 84
21.980000 75 84
22.050000 75 84
22.120000 75 84
22.190000 75 84
22.260000 75 84
22.330000 75 84
22.400000 75 84
22.470000 75 84
22.540000 75 84
22.610000 75 84
22.680000 74 95
22.750000 74 95
22.820000 74 95
22.890000 74 95
22.960000 0 0
23.030000 0 0
23.100000 0 0
23.170000 79 91
23.240000 79 91
23.310000 79 91
23.380000 79 91
23.450000 79 91
23.520000 0 0
23.590000 0 0
23.660000 0 0
23.730000 0 0
23.800000 0 0
23.870000 67 66
23.940000 0 0
24.010000 73 81
24.080000 73 81
24.150000 73 81
24.220000 73 81
24.290000 73 81
24.360000 73 65
24.430000 0 0
24.500000 67 74
24.570000 67 74
24.640000 67 74
24.710000 84 76
24.780000 0 0
24.850000 0 0
24.920000 0 0
24.990000 65 77
25.060000 65 77
25.130000 65 77
25.200000 65 77
25.270000 65 77
25.340000 0 0
25.410000 0 0
25.480000 0 0
25.550000 0 0
25.620000 0 0
25.690000 65 63
25.760000 0 0
25.830000 67 79
25.900000 67 79
25.970000 67 79
26.040000 67 79
26.110000 67 79
26.180000 65 63
26.250000 64 76
26.320000 64 76
26.390000 64 76
26.460000 64 76
26.530000 64 76
26.600000 64 76
26.670000 64 76
26.740000 64 76
26.810000 64 76
26.880000 64 76
26.950000 64 76
27.020000 64 76
27.090000 64 76
27.160000 64 76
27.230000 64 76
27.300000 64 76
27.370000 64 76
27.440000 64 76
27.510000 64 76
27.580000 64 76
27.650000 64 76
27.720000 0 0
27.790000 63 70
27.860000 0 0
27.930000 71 75
28.000000 71 75
28.070000 71 75
28.140000 71 75
28.210000 71 75
28.280000 71 75
28.350000 71 75
28.420000 71 75
28.490000 71 75
28.560000 71 75
28.630000 71 75
28.700000 71 75
28.770000 0 0
28.840000 0 0
28.910000 0 0
28.980000 0 0
29.050000 0 0
29.120000 0 0
29.190000 0 0
29.260000 0 0
29.330000 0 0
29.400000 0 0
29.470000 0 0
29.540000 0 0
29.610000 0 0
29.680000 0 0
29.750000 0 0
29.820000 0 0
29.890000 0 0
29.960000 0 0
30.030000 0 0
30.100000 0 0
30.170000 0 0
30.240000 0 0
30.310000 0 0
30.380000 0 0
30.450000 0 0
30.520000 0 0
30.590000 0 0
30.660000 0 0
30.730000 0 0
30.800000 0 0
30.870000 0 0
30.940000 0 0
31.010000 0 0
31.080000 0 0
31.150000 0 0
31.220000 0 0
31.290000 0 0
31.360000 0 0
31.430000 0 0
31.500000 0 0
31.570000 0 0
31.640000 0 0
31.710000 0 0
31.780000 0 0
31.850000 0 0
31.920000 0 0
31.990000 0 0
32.060000 0 0
32.130000 0 0
32.200000 72 61
32.270000 74 61
32.340000 74 61
32.410000 74 61
32.480000 74 61
32.550000 74 61
32.620000 87 68
32.690000 0 0
32.760000 75 72
32.830000 75 72
32.900000 75 72
32.970000 75 72
33.040000 75 72
33.110000 75 72
33.180000 75 72
33.250000 75 72
33.320000 75 72
33.390000 75 72
33.460000 75 72
33.530000 0 0
33.600000 0 0
33.670000 0 0
33.740000 0 0
33.810000 0 0
33.880000 75 51
33.950000 0 0
34.020000 75 51
34.090000 75 51
34.160000 75 51
34.230000 75 51
34.300000 75 51
34.370000 75 51
34.440000 0 0
34.510000 75 60
34.580000 75 60
34.650000 75 60
34.720000 75 60
34.790000 75 60
34.860000 75 60
34.930000 75 60
35.000000 75 60
35.070000 75 60
35.140000 75 60
35.210000 75 60
35.280000 75 60
35.350000 79 56
35.420000 79 56
35.490000 79 56
35.560000 0 0
35.630000 72 72
35.700000 0 0
35.770000 86 92
35.840000 86 92
35.910000 86 92
35.980000 86 92
36.050000 86 92
36.120000 87 101
36.190000 0 0
36.260000 75 97
36.330000 75 97
36.400000 75 97
36.470000 75 97
36.540000 75 97
36.610000 75 97
36.680000 75 97
36.750000 75 97
36.820000 75 97
36.890000 75 97
36.960000 75 97
37.030000 0 0
37.100000 0 0
37.170000 0 0
37.240000 0 0
37.310000 75 74
37.380000 0 0
37.450000 75 74
37.520000 75 74
37.590000 75 74
37.660000 75 74
37.730000 0 0
37.800000 75 76
37.870000 77 87
37.940000 77 87
38.010000 77 87
38.080000 77 87
38.150000 77 87
38.220000 77 87
38.290000 77 87
38.360000 77 87
38.430000 77 87
38.500000 77 87
38.570000 77 87
38.640000 77 87
38.710000 77 87
38.780000 77 87
38.850000 77 87
38.920000 77 87
38.990000 77 87
39.060000 77 87
39.130000 77 87
39.200000 77 87
39.270000 77 87
39.340000 77 87
39.410000 77 87
39.480000 0 0
39.550000 70 71
39.620000 70 71
39.690000 70 71
39.760000 70 71
39.830000 70 71
39.900000 70 71
39.970000 70 71
40.040000 70 71
40.110000 0 0
40.180000 70 73
40.250000 70 73
40.320000 70 73
40.390000 70 73
40.460000 70 73
40.530000 0 0
40.600000 70 76
40.670000 70 76
40.740000 70 76
40.810000 70 76
40.880000 70 76
40.950000 79 79
41.020000 79 79
41.090000 79 79
41.160000 79 79
41.230000 79 79
41.300000 0 0
41.370000 82 82
41.440000 82 82
41.510000 82 82
41.580000 82 82
41.650000 82 82
41.720000 0 0
41.790000 73 85
41.860000 73 85
41.930000 73 85
42.000000 73 85
42.070000 73 85
42.140000 0 0
42.210000 74 89
42.280000 74 89
42.350000 74 89
42.420000 87 99
42.490000 87 99
42.560000 87 99
42.630000 88 101
42.700000 88 101
42.770000 88 101
42.840000 82 97
42.910000 82 97
42.980000 82 97
43.050000 82 97
43.120000 82 97
43.190000 82 97
43.260000 82 97
43.330000 82 97
43.400000 82 97
43.470000 82 97
43.540000 82 97
43.610000 82 97
43.680000 86 99
43.750000 86 99
43.820000 86 99
43.890000 86 99
43.960000 86 99
44.030000 86 99
44.100000 75 84
44.170000 75 84
44.240000 75 84
44.310000 75 84
44.380000 75 84
44.450000 0 0
44.520000 74 76
44.590000 74 76
44.660000 0 0
44.730000 0 0
44.800000 0 0
44.870000 0 0
44.940000 0 0
45.010000 0 0
45.080000 0 0
45.150000 0 0
45.220000 0 0
45.290000 0 0
45.360000 0 0
45.430000 0 0
45.500000 0 0
45.570000 0 0
45.640000 0 0
45.710000 0 0
45.780000 0 0
45.850000 0 0
45.920000 0 0
45.990000 0 0
46.060000 0 0
46.130000 80 83
46.200000 80 83
46.270000 80 83
46.340000 80 83
46.410000 80 83
46.480000 80 83
46.550000 80 83
46.620000 80 83
46.690000 80 83
46.760000 80 83
46.830000 80 83
46.900000 80 83
46.970000 80 83
47.040000 80 83
47.110000 80 83
47.180000 80 83
47.250000 71 66
47.320000 71 66
47.390000 71 66
47.460000 71 66
47.530000 0 0
47.600000 65 74
47.670000 0 0
47.740000 75 83
47.810000 75 83
47.880000 75 83
47.950000 75 83
48.020000 75 83
48.090000 75 83
48.160000 75 83
48.230000 75 83
48.300000 75 83
48.370000 75 83
48.440000 75 83
48.510000 75 83
48.580000 75 83
48.650000 75 83
48.720000 75 83
48.790000 75 83
48.860000 0 0
48.930000 66 73
49.000000 66 73
49.070000 66 73
49.140000 66 73
49.210000 0 0
49.280000 80 85
49.350000 73 83
49.420000 73 83
49.490000 73 83
49.560000 73 83
49.630000 73 83
49.700000 73 83
49.770000 73 83
49.840000 73 83
49.910000 73 83
49.980000 73 83
50.050000 73 83
50.120000 73 83
50.190000 73 83
50.260000 73 83
50.330000 73 83
50.400000 73 83
50.470000 0 0
50.540000 69 70
50.610000 69 70
50.680000 69 70
50.750000 69 70
50.820000 0 0
50.890000 63 77
50.960000 73 83
51.030000 73 83
51.100000 73 83
51.170000 73 83
51.240000 73 83
51.310000 73 83
51.380000 73 83
51.450000 73 83
51.520000 73 83
51.590000 73 83
51.660000 73 83
51.730000 73 83
51.800000 73 83
51.870000 73 83
51.940000 73 83
52.010000 73 83
52.080000 0 0
52.150000 64 73
52.220000 64 73
52.290000 64 73
52.360000 64 73
52.430000 66 77
52.500000 0 0
52.570000 78 83
52.640000 78 83
52.710000 78 83
52.780000 78 83
52.850000 78 83
52.920000 78 83
52.990000 78 83
53.060000 78 83
53.130000 78 83
53.200000 78 83
53.270000 78 83
53.340000 78 83
53.410000 78 83
53.480000 78 83
53.550000 78 83
53.620000 78 83
53.690000 78 83
53.760000 78 80
53.830000 78 80
53.900000 78 80
53.970000 78 80
54.040000 0 0
54.110000 70 84
54.180000 0 0
54.250000 80 91
54.320000 80 91
54.390000 80 91
54.460000 80 91
54.530000 80 91
54.600000 0 0
54.670000 80 91
54.740000 80 91
54.810000 80 91
54.880000 80 91
54.950000 80 91
55.020000 80 91
55.090000 80 91
55.160000 80 91
55.230000 80 91
55.300000 80 91
55.370000 80 91
55.440000 80 93
55.510000 80 93
55.580000 80 93
55.650000 80 93
55.720000 80 93
55.790000 0 0
55.860000 72 93
55.930000 0 0
56.000000 82 95
56.070000 82 95
56.140000 82 95
56.210000 82 95
56.280000 82 95
56.350000 82 95
56.420000 79 90
56.490000 79 90
56.560000 79 90
56.630000 79 90
56.700000 79 90
56.770000 0 0
56.840000 0 0
56.910000 0 0
56.980000 0 0
57.050000 0 0
57.120000 0 0
57.190000 0 0
57.260000 0 0
57.330000 0 0
57.400000 0 0
57.470000 0 0
57.540000 0 0
57.610000 0 0
57.680000 0 0
57.750000 0 0
57.820000 0 0
57.890000 0 0
57.960000 0 0
58.030000 0 0
58.100000 0 0
58.170000 0 0
58.240000 0 0
58.310000 0 0
58.380000 0 0
58.450000 0 0
58.520000 0 0
58.590000 0 0
58.660000 0 0
58.730000 0 0
58.800000 0 0
58.870000 0 0
58.940000 0 0
59.010000 0 0
59.080000 0 0
59.150000 84 95
59.220000 84 95
59.290000 84 95
59.360000 84 95
59.430000 84 95
59.500000 84 95
59.570000 84 95
59.640000 84 95
59.710000 84 95
59.780000 84 95
59.850000 84 95
59.920000 0 0
59.990000 89 95
60.060000 89 95
60.130000 89 95
60.200000 89 95
60.270000 89 95
60.340000 0 0
60.410000 72 84
60.480000 72 84
60.550000 72 84
60.620000 72 84
60.690000 72 84
60.760000 72 84
60.830000 77 87
60.900000 77 87
60.970000 77 87
61.040000 77 87
61.110000 77 87
61.180000 77 87
61.250000 77 87
61.320000 77 87
61.390000 77 87
61.460000 77 87
61.530000 77 87
61.600000 77 87
61.670000 77 87
61.740000 77 87
61.810000 77 87
61.880000 77 87
61.950000 77 87
62.020000 0 0
62.090000 0 0
62.160000 0 0
62.230000 0 0
62.300000 0 0
62.370000 0 0
62.440000 84 84
62.510000 84 84
62.580000 84 84
62.650000 84 84
62.720000 84 84
62.790000 84 84
62.860000 84 84
62.930000 84 84
63.000000 84 84
63.070000 84 84
63.140000 84 84
63.210000 0 0
63.280000 89 87
63.350000 89 87
63.420000 89 87
63.490000 89 87
63.560000 89 87
63.630000 89 87
63.700000 72 79
63.770000 72 79
63.840000 72 79
63.910000 72 79
63.980000 72 79
64.050000 72 79
64.120000 72 86
64.190000 72 86
64.260000 72 86
64.330000 72 86
64.400000 72 86
64.470000 72 86
64.540000 72 86
64.610000 72 86
64.680000 72 86
64.750000 72 86
64.820000 72 86
64.890000 72 86
64.960000 72 86
65.030000 72 86
65.100000 72 86
65.170000 72 86
65.240000 72 86
65.310000 71 75
65.380000 71 75
65.450000 71 75
65.520000 71 75
65.590000 0 0
65.660000 72 85
65.730000 77 93
65.800000 77 93
65.870000 77 93
65.940000 77 93
66.010000 77 93
66.080000 77 93
66.150000 77 93
66.220000 77 93
66.290000 77 93
66.360000 77 93
66.430000 77 93
66.500000 0 0
66.570000 0 0
66.640000 0 0
66.710000 0 0
66.780000 0 0
66.850000 0 0
66.920000 0 0
66.990000 0 0
67.060000 0 0
67.130000 0 0
67.200000 0 0
67.270000 0 0
67.340000 0 0
67.410000 0 0
67.480000 0 0
67.550000 0 0
67.620000 0 0
67.690000 0 0
67.760000 0 0
67.830000 0 0
67.900000 0 0
67.970000 0 0
68.040000 0 0
68.110000 0 0
68.180000 0 0
68.250000 0 0
68.320000 0 0
68.390000 77 94
68.460000 77 94
68.530000 77 94
68.600000 77 94
68.670000 77 94
68.740000 0 0
68.810000 67 89
68.880000 67 89
68.950000 77 97
69.020000 77 97
69.090000 77 97
69.160000 77 97
69.230000 77 97
69.300000 77 97
69.370000 77 97
69.440000 77 97
69.510000 77 97
69.580000 77 97
69.650000 0 0
69.720000 0 0
69.790000 0 0
69.860000 0 0
69.930000 0 0
70.000000 0 0
70.070000 0 0
70.140000 0 0
70.210000 0 0
70.280000 0 0
70.350000 0 0
70.420000 0 0
70.490000 0 0
70.560000 0 0
70.630000 0 0
70.700000 0 0
70.770000 0 0
70.840000 0 0
70.910000 0 0
70.980000 0 0
71.050000 0 0
71.120000 0 0
71.190000 0 0
71.260000 0 0
71.330000 0 0
71.400000 0 0
71.470000 0 0
71.540000 0 0
71.610000 77 88
71.680000 77 88
71.750000 77 88
71.820000 77 88
71.890000 77 88
71.960000 67 84
72.030000 67 84
72.100000 0 0
72.170000 79 98
72.240000 79 98
72.310000 0 0
72.380000 92 87
72.450000 91 80
72.520000 89 87
72.590000 0 0
72.660000 86 77
72.730000 87 77
72.800000 86 76
72.870000 0 0
72.940000 83 87
73.010000 79 77
73.080000 80 77
73.150000 79 76
73.220000 0 0
73.290000 77 87
73.360000 74 77
73.430000 75 77
73.500000 0 0
73.570000 74 76
73.640000 71 87
73.710000 67 77
73.780000 0 0
73.850000 68 77
73.920000 67 76
73.990000 65 87
74.060000 0 0
74.130000 62 77
74.200000 63 77
74.270000 62 76
74.340000 0 0
74.410000 59 87
74.480000 55 77
74.550000 56 77
74.620000 0 0
74.690000 55 76
74.760000 53 87
74.830000 50 77
74.900000 0 0
74.970000 51 76
75.040000 50 76
75.110000 48 76
75.180000 0 0
75.250000 47 76
75.320000 55 77
75.390000 53 76
75.460000 0 0
75.530000 51 74
75.600000 50 73
75.670000 51 72
75.740000 0 0
75.810000 50 71
75.880000 48 69
75.950000 47 69
76.020000 0 0
76.090000 58 74
76.160000 56 73
76.230000 55 73
76.300000 0 0
76.370000 53 72
76.440000 55 72
76.510000 53 71
76.580000 51 70
76.650000 0 0
76.720000 50 69
76.790000 63 76
76.860000 0 0
76.930000 62 77
77.000000 60 80
77.070000 59 81
77.140000 0 0
77.210000 60 82
77.280000 59 84
77.350000 56 87
77.420000 0 0
77.490000 55 88
77.560000 56 90
77.630000 0 0
77.700000 55 92
77.770000 53 94
77.840000 0 0
77.910000 51 95
77.980000 53 99
78.050000 0 0
78.120000 51 101
78.190000 48 103
78.260000 48 103
78.330000 48 103
78.400000 0 0
78.470000 0 0
78.540000 0 0
78.610000 0 0
78.680000 0 0
78.750000 0 0
78.820000 0 0
78.890000 0 0
78.960000 0 0
79.030000 0 0
79.100000 0 0
79.170000 0 0
79.240000 0 0
79.310000 0 0
79.380000 0 0
79.450000 0 0
79.520000 0 0
79.590000 0 0
79.660000 0 0
79.730000 0 0
79.800000 0 0
79.870000 0 0
79.940000 0 0
80.010000 0 0
80.080000 0 0
80.150000 0 0
80.220000 0 0
80.290000 0 0
80.360000 0 0
80.430000 0 0
80.500000 0 0
80.570000 0 0
80.640000 0 0
80.710000 0 0
80.780000 0 0
80.850000 84 97
80.920000 0 0
80.990000 85 100
81.060000 85 100
81.130000 0 0
81.200000 86 106
81.270000 86 106
81.340000 86 106
81.410000 86 106
81.480000 87 100
81.550000 0 0
81.620000 75 104
81.690000 75 104
81.760000 75 104
81.830000 75 104
81.900000 75 104
81.970000 75 104
82.040000 75 104
82.110000 75 104
82.180000 75 104
82.250000 75 104
82.320000 75 104
82.390000 0 0
82.460000 0 0
82.530000 0 0
82.600000 0 0
82.670000 0 0
82.740000 75 49
82.810000 0 0
82.880000 75 49
82.950000 75 49
83.020000 75 49
83.090000 75 49
83.160000 75 49
83.230000 75 56
83.300000 0 0
83.370000 72 57
83.440000 72 57
83.510000 72 57
83.580000 72 57
83.650000 72 57
83.720000 72 57
83.790000 72 57
83.860000 72 57
83.930000 72 57
84.000000 72 57
84.070000 72 57
84.140000 72 57
84.210000 79 69
84.280000 79 69
84.350000 71 75
84.420000 71 75
84.490000 72 79
84.560000 72 79
84.630000 85 95
84.700000 85 95
84.770000 86 109
84.840000 86 109
84.910000 0 0
84.980000 0 0
85.050000 0 0
85.120000 75 95
85.190000 75 106
85.260000 75 106
85.330000 75 106
85.400000 75 106
85.470000 75 106
85.540000 75 106
85.610000 75 106
85.680000 75 106
85.750000 75 106
85.820000 75 106
85.890000 75 106
85.960000 0 0
86.030000 0 0
86.100000 0 0
86.170000 0 0
86.240000 0 0
86.310000 75 49
86.380000 0 0
86.450000 75 55
86.520000 75 55
86.590000 75 55
86.660000 75 55
86.730000 0 0
86.800000 75 67
86.870000 0 0
86.940000 75 75
87.010000 75 75
87.080000 75 75
87.150000 75 75
87.220000 75 75
87.290000 75 75
87.360000 75 75
87.430000 75 75
87.500000 75 75
87.570000 75 75
87.640000 75 75
87.710000 75 75
87.780000 75 75
87.850000 75 75
87.920000 75 75
87.990000 75 75
88.060000 75 75
88.130000 75 75
88.200000 75 75
88.270000 0 0
88.340000 0 0
88.410000 69 85
88.480000 81 87
88.550000 81 87
88.620000 74 85
88.690000 0 0
88.760000 0 0
88.830000 0 0
88.900000 0 0
88.970000 67 95
89.040000 67 95
89.110000 67 95
89.180000 67 95
89.250000 67 95
89.320000 0 0
89.390000 0 0
89.460000 0 0
89.530000 73 69
89.600000 0 0
89.670000 73 67
89.740000 79 76
89.810000 0 0
89.880000 80 73
89.950000 0 0
90.020000 0 0
90.090000 0 0
90.160000 67 72
90.230000 0 0
90.300000 84 76
90.370000 0 0
90.440000 0 0
90.510000 0 0
90.580000 0 0
90.650000 65 83
90.720000 65 83
90.790000 65 83
90.860000 65 83
90.930000 65 83
91.000000 0 0
91.070000 0 0
91.140000 65 68
91.210000 65 68
91.280000 65 66
91.350000 65 66
91.420000 0 0
91.490000 64 68
91.560000 77 77
91.630000 0 0
91.700000 79 81
91.770000 0 0
91.840000 0 0
91.910000 65 72
91.980000 64 79
92.050000 64 79
92.120000 64 79
92.190000 64 79
92.260000 64 79
92.330000 64 79
92.400000 0 0
92.470000 72 69
92.540000 72 69
92.610000 72 69
92.680000 72 69
92.750000 72 69
92.820000 72 69
92.890000 72 69
92.960000 72 69
93.030000 72 69
93.100000 72 69
93.170000 72 69
93.240000 72 69
93.310000 72 69
93.380000 72 69
93.450000 72 69
93.520000 72 69
93.590000 72 69
93.660000 0 0
93.730000 71 71
93.800000 71 71
93.870000 71 71
93.940000 71 71
94.010000 71 71
94.080000 71 71
94.150000 71 71
94.220000 71 71
94.290000 71 71
94.360000 71 71
94.430000 71 71
94.500000 0 0
94.570000 0 0
94.640000 0 0
94.710000 0 0
94.780000 0 0
94.850000 0 0
94.920000 0 0
94.990000 0 0
95.060000 0 0
95.130000 0 0
95.200000 0 0
95.270000 0 0
95.340000 0 0
95.410000 0 0
95.480000 0 0
95.550000 0 0
95.620000 0 0
95.690000 0 0
95.760000 0 0
95.830000 0 0
95.900000 0 0
95.970000 0 0
96.040000 0 0
96.110000 0 0
96.180000 0 0
96.250000 0 0
96.320000 0 0
96.390000 0 0
96.460000 0 0
96.530000 0 0
96.600000 0 0
96.670000 0 0
96.740000 0 0
96.810000 0 0
96.880000 0 0
96.950000 0 0
97.020000 0 0
97.090000 0 0
97.160000 0 0
97.230000 0 0
97.300000 0 0
97.370000 0 0
97.440000 0 0
97.510000 0 0
97.580000 0 0
97.650000 0 0
97.720000 0 0
97.790000 0 0
97.860000 71 81
97.930000 71 81
98.000000 72 84
98.070000 72 84
98.140000 85 95
98.210000 85 95
98.280000 86 105
98.350000 86 105
98.420000 0 0
98.490000 0 0
98.560000 0 0
98.630000 75 94
98.700000 0 0
98.770000 75 107
98.840000 75 107
98.910000 75 107
98.980000 75 107
99.050000 75 107
99.120000 75 107
99.190000 75 107
99.260000 75 107
99.330000 75 107
99.400000 75 107
99.470000 75 107
99.540000 0 0
99.610000 0 0
99.680000 0 0
99.750000 0 0
99.820000 75 49
99.890000 0 0
99.960000 75 49
100.030000 75 49
100.100000 75 49
100.170000 75 49
100.240000 0 0
100.310000 75 49
100.380000 75 57
100.450000 75 57
100.520000 75 57
100.590000 75 57
100.660000 75 57
100.730000 75 57
100.800000 75 57
100.870000 75 57
100.940000 75 57
101.010000 75 57
101.080000 75 57
101.150000 75 57
101.220000 0 0
101.290000 75 71
101.360000 75 71
101.430000 71 71
101.500000 71 71
101.570000 72 72
101.640000 72 72
101.710000 85 89
101.780000 0 0
101.850000 86 92
101.920000 86 92
101.990000 77 94
102.060000 77 94
102.130000 0 0
102.200000 0 0
102.270000 87 88
102.340000 0 0
102.410000 75 100
102.480000 75 100
102.550000 75 100
102.620000 75 100
102.690000 75 100
102.760000 75 100
102.830000 75 100
102.900000 75 100
102.970000 75 100
103.040000 75 100
103.110000 75 100
103.180000 0 0
103.250000 0 0
103.320000 0 0
103.390000 0 0
103.460000 0 0
103.530000 75 54
103.600000 72 56
103.670000 72 56
103.740000 72 56
103.810000 72 56
103.880000 0 0
103.950000 75 64
104.020000 0 0
104.090000 69 75
104.160000 69 75
104.230000 69 75
104.300000 69 75
104.370000 69 75
104.440000 69 75
104.510000 69 75
104.580000 69 75
104.650000 69 75
104.720000 69 75
104.790000 69 75
104.860000 69 75
104.930000 69 75
105.000000 69 75
105.070000 69 75
105.140000 69 75
105.210000 69 75
105.280000 69 75
105.350000 69 75
105.420000 69 75
105.490000 69 75
105.560000 69 75
105.630000 69 75
105.700000 0 0
105.770000 70 95
105.840000 70 95
105.910000 70 95
105.980000 70 95
106.050000 70 95
106.120000 70 95
106.190000 70 95
106.260000 70 95
106.330000 70 95
106.400000 70 95
106.470000 70 95
106.540000 70 95
106.610000 73 83
106.680000 73 83
106.750000 73 83
106.820000 73 83
106.890000 73 83
106.960000 73 83
107.030000 73 83
107.100000 73 83
107.170000 73 83
107.240000 73 83
107.310000 0 0
107.380000 73 83
107.450000 0 0
107.520000 70 89
107.590000 70 89
107.660000 70 89
107.730000 70 89
107.800000 70 89
107.870000 70 89
107.940000 70 89
108.010000 70 89
108.080000 70 89
108.150000 70 89
108.220000 70 89
108.290000 70 89
108.360000 70 89
108.430000 70 89
108.500000 70 89
108.570000 70 89
108.640000 70 89
108.710000 70 89
108.780000 0 0
108.850000 0 0
108.920000 0 0
108.990000 0 0
109.060000 0 0
109.130000 0 0
109.200000 0 0
109.270000 76 91
109.340000 76 91
109.410000 76 91
109.480000 76 91
109.550000 76 91
109.620000 76 91
109.690000 76 91
109.760000 76 91
109.830000 76 91
109.900000 76 91
109.970000 76 91
110.040000 76 91
110.110000 71 79
110.180000 71 79
110.250000 71 79
110.320000 71 79
110.390000 71 79
110.460000 71 79
110.530000 71 79
110.600000 71 79
110.670000 71 79
110.740000 71 79
110.810000 0 0
110.880000 71 76
110.950000 0 0
111.020000 68 87
111.090000 68 87
111.160000 68 87
111.230000 68 87
111.300000 68 87
111.370000 68 87
111.440000 68 87
111.510000 68 87
111.580000 68 87
111.650000 68 87
111.720000 68 87
111.790000 68 87
111.860000 68 87
111.930000 68 87
112.000000 68 87
112.070000 68 87
112.140000 68 87
112.210000 68 87
112.280000 0 0
112.350000 0 0
112.420000 0 0
112.490000 0 0
112.560000 0 0
112.630000 0 0
112.700000 0 0
112.770000 67 77
112.840000 67 77
112.910000 67 77
112.980000 67 77
113.050000 67 77
113.120000 67 77
113.190000 67 77
113.260000 67 77
113.330000 67 77
113.400000 67 77
113.470000 67 77
113.540000 67 77
113.610000 67 77
113.680000 67 77
113.750000 67 77
113.820000 67 77
113.890000 67 77
113.960000 67 77
114.030000 67 77
114.100000 67 77
114.170000 67 77
114.240000 67 77
114.310000 67 77
114.380000 67 77
114.450000 0 0
114.520000 74 53
114.590000 74 53
114.660000 74 53
114.730000 74 53
114.800000 74 53
114.870000 74 53
114.940000 74 53
115.010000 74 53
115.080000 74 53
115.150000 74 53
115.220000 74 53
115.290000 74 53
115.360000 74 53
115.430000 74 53
115.500000 74 53
115.570000 74 53
115.640000 74 53
115.710000 74 53
115.780000 74 53
115.850000 74 53
115.920000 74 53
115.990000 74 53
116.060000 74 53
116.130000 74 53
116.200000 77 67
116.270000 67 61
116.340000 67 61
116.410000 67 61
116.480000 67 61
116.550000 67 61
116.620000 67 61
116.690000 67 61
116.760000 67 61
116.830000 67 61
116.900000 67 61
116.970000 67 61
117.040000 67 61
117.110000 67 61
117.180000 67 61
117.250000 67 61
117.320000 67 61
117.390000 67 61
117.460000 67 61
117.530000 67 61
117.600000 67 61
117.670000 67 61
117.740000 67 61
117.810000 67 61
117.880000 67 61
117.950000 0 0
118.020000 65 48
118.090000 65 48
118.160000 65 48
118.230000 65 48
118.300000 65 48
118.370000 65 48
118.440000 65 48
118.510000 65 48
118.580000 65 48
118.650000 65 48
118.720000 65 48
118.790000 65 48
118.860000 65 48
118.930000 65 48
119.000000 65 48
119.070000 65 48
119.140000 65 48
119.210000 65 48
119.280000 65 48
119.350000 65 48
119.420000 65 48
119.490000 65 48
119.560000 65 48
119.630000 65 48
119.700000 0 0
119.770000 63 63
119.840000 63 63
119.910000 63 63
119.980000 63 63
120.050000 63 63
120.120000 63 63
120.190000 63 63
120.260000 63 63
120.330000 63 63
120.400000 63 63
120.470000 63 63
120.540000 63 63
120.610000 63 63
120.680000 63 63
120.750000 63 63
120.820000 63 63
120.890000 63 63
120.960000 63 63
121.030000 63 63
121.100000 63 63
121.170000 63 63
121.240000 63 63
121.310000 63 63
121.380000 63 63
121.450000 63 63
121.520000 63 63
121.590000 63 63
121.660000 63 63
121.730000 63 63
121.800000 63 63
121.870000 63 63
121.940000 63 63
122.010000 63 63
122.080000 63 63
122.150000 63 63
122.220000 63 63
122.290000 63 63
122.360000 63 63
122.430000 63 63
122.500000 63 63
122.570000 63 63
122.640000 63 63
122.710000 63 63
122.780000 63 63
122.850000 63 63
122.920000 63 63
122.990000 63 63
123.060000 62 60
123.130000 62 60
123.200000 62 60
123.270000 62 60
123.340000 62 60
123.410000 62 60
123.480000 62 60
123.550000 62 60
123.620000 62 60
123.690000 62 60
123.760000 62 60
123.830000 62 60
123.900000 62 60
123.970000 62 60
124.040000 62 60
124.110000 62 60
124.180000 62 60
124.250000 0 0
124.320000 0 0
124.390000 0 0
124.460000 0 0
124.530000 0 0
124.600000 0 0
124.670000 0 0
124.740000 0 0
124.810000 0 0
124.880000 0 0
124.950000 0 0
125.020000 0 0
125.090000 0 0
125.160000 0 0
125.230000 0 0
125.300000 0 0
125.370000 0 0
125.440000 0 0
125.510000 0 0
125.580000 0 0
125.650000 0 0
125.720000 0 0
125.790000 0 0
125.860000 0 0
125.930000 0 0
126.000000 0 0
126.070000 0 0
126.140000 0 0
126.210000 0 0
126.280000 0 0
126.350000 72 71
126.420000 72 71
126.490000 72 71
126.560000 72 71
126.630000 72 71
126.700000 72 71
126.770000 72 71
126.840000 72 71
126.910000 72 71
126.980000 72 71
127.050000 72 71
127.120000 72 71
127.190000 72 71
127.260000 72 71
127.330000 72 71
127.400000 72 71
127.470000 72 71
127.540000 72 71
127.610000 72 71
127.680000 72 71
127.750000 72 71
127.820000 72 71
127.890000 72 71
127.960000 65 49
128.030000 65 49
128.100000 65 49
128.170000 65 49
128.240000 65 49
128.310000 65 49
128.380000 65 49
128.450000 65 49
128.520000 65 49
128.590000 65 49
128.660000 65 49
128.730000 65 49
128.800000 65 49
128.870000 65 49
128.940000 65 49
129.010000 65 49
129.080000 65 49
129.150000 65 49
129.220000 65 49
129.290000 65 49
129.360000 65 49
129.430000 65 49
129.500000 0 0
129.570000 64 53
129.640000 64 53
129.710000 64 53
129.780000 64 53
129.850000 64 53
129.920000 64 53
129.990000 64 53
130.060000 64 53
130.130000 64 53
130.200000 64 53
130.270000 64 53
130.340000 64 53
130.410000 64 53
130.480000 64 53
130.550000 64 53
130.620000 64 53
130.690000 64 53
130.760000 64 53
130.830000 64 53
130.900000 64 53
130.970000 64 53
131.040000 64 53
131.110000 60 41
131.180000 60 41
131.250000 60 41
131.320000 60 41
131.390000 60 41
131.460000 60 41
131.530000 60 41
131.600000 60 41
131.670000 60 41
131.740000 60 41
131.810000 60 41
131.880000 60 41
131.950000 60 41
132.020000 60 41
132.090000 60 41
132.160000 60 41
132.230000 60 41
132.300000 60 41
132.370000 71 51
132.440000 71 51
132.510000 71 51
132.580000 71 51
132.650000 71 51
132.720000 71 51
132.790000 0 0
132.860000 67 54
132.930000 0 0
133.000000 0 0
133.070000 92 89
133.140000 91 88
133.210000 88 85
133.280000 0 0
133.350000 84 84
133.420000 85 91
133.490000 0 0
133.560000 84 87
133.630000 82 89
133.700000 79 87
133.770000 0 0
133.840000 80 89
133.910000 79 88
133.980000 76 88
134.050000 0 0
134.120000 72 87
134.190000 73 91
134.260000 72 88
134.330000 0 0
134.400000 70 89
134.470000 67 88
134.540000 0 0
134.610000 68 95
134.680000 67 92
134.750000 64 90
134.820000 0 0
134.890000 60 89
134.960000 61 93
135.030000 0 0
135.100000 60 92
135.170000 58 91
135.240000 55 90
135.310000 0 0
135.380000 56 94
135.450000 55 92
135.520000 0 0
135.590000 52 91
135.660000 48 90
135.730000 49 94
135.800000 0 0
135.870000 48 103
135.940000 53 100
136.010000 53 100
136.080000 53 100
136.150000 53 100
136.220000 53 100
136.290000 53 100
136.360000 53 100
136.430000 53 100
136.500000 53 100
136.570000 53 100
136.640000 53 100
136.710000 53 100
136.780000 53 100
136.850000 0 0
136.920000 56 108
136.990000 56 108
137.060000 56 108
137.130000 56 108
137.200000 56 108
137.270000 56 108
137.340000 56 108
137.410000 56 108
137.480000 56 108
137.550000 56 108
137.620000 56 108
137.690000 56 108
137.760000 56 108
137.830000 0 0
137.900000 53 99
137.970000 53 99
138.040000 53 99
138.110000 0 0
138.180000 0 0
138.250000 0 0
138.320000 0 0
138.390000 55 102
138.460000 55 102
138.530000 55 102
# Piano left
0.000000 0 0
0.070000 0 0
0.140000 0 0
0.210000 0 0
0.280000 68 73
0.350000 67 73
0.420000 0 0
0.490000 65 79
0.560000 62 72
0.630000 63 72
0.700000 62 71
0.770000 0 0
0.840000 59 79
0.910000 55 72
0.980000 56 72
1.050000 0 0
1.120000 55 70
1.190000 53 79
1.260000 50 71
1.330000 0 0
1.400000 51 71
1.470000 50 68
1.540000 47 79
1.610000 0 0
1.680000 43 71
1.750000 44 71
1.820000 43 69
1.890000 0 0
1.960000 41 79
2.030000 38 71
2.100000 39 71
2.170000 0 0
2.240000 38 68
2.310000 36 76
2.380000 31 69
2.450000 0 0
2.520000 36 70
2.590000 31 68
2.660000 36 74
2.730000 36 74
2.800000 31 71
2.870000 31 71
2.940000 36 75
3.010000 36 75
3.080000 31 74
3.150000 31 74
3.220000 35 79
3.290000 0 0
3.360000 0 0
3.430000 0 0
3.500000 68 71
3.570000 67 70
3.640000 65 79
3.710000 62 72
3.780000 0 0
3.850000 63 72
3.920000 62 70
3.990000 59 79
4.060000 0 0
4.130000 55 71
4.200000 56 71
4.270000 55 68
4.340000 0 0
4.410000 53 79
4.480000 50 72
4.550000 51 72
4.620000 0 0
4.690000 50 70
4.760000 47 79
4.830000 43 71
4.900000 44 71
4.970000 0 0
5.040000 43 70
5.110000 41 79
5.180000 0 0
5.250000 38 71
5.320000 39 71
5.390000 38 69
5.460000 0 0
5.530000 36 79
5.600000 31 72
5.670000 36 73
5.740000 0 0
5.810000 31 73
5.880000 36 76
5.950000 36 76
6.020000 31 76
6.090000 31 76
6.160000 36 79
6.230000 36 79
6.300000 31 76
6.370000 31 76
6.440000 35 79
6.510000 0 0
6.580000 0 0
6.650000 80 79
6.720000 79 71
6.790000 0 0
6.860000 77 79
6.930000 74 71
7.000000 75 71
7.070000 74 70
7.140000 0 0
7.210000 71 79
7.280000 67 70
7.350000 68 70
7.420000 0 0
7.490000 67 69
7.560000 65 79
7.630000 62 71
7.700000 0 0
7.770000 63 71
7.840000 62 69
7.910000 59 79
7.980000 0 0
8.050000 55 71
8.120000 56 71
8.190000 55 69
8.260000 0 0
8.330000 53 79
8.400000 50 71
8.470000 51 71
8.540000 0 0
8.610000 50 69
8.680000 47 79
8.750000 43 71
8.820000 0 0
8.890000 44 71
8.960000 43 69
9.030000 41 79
9.100000 0 0
9.170000 38 71
9.240000 39 71
9.310000 38 70
9.380000 0 0
9.450000 36 62
9.520000 35 62
9.590000 43 67
9.660000 0 0
9.730000 41 66
9.800000 39 65
9.870000 38 65
9.940000 39 64
10.010000 0 0
10.080000 38 63
10.150000 36 63
10.220000 35 62
10.290000 0 0
10.360000 46 70
10.430000 44 68
10.500000 43 69
10.570000 0 0
10.640000 41 69
10.710000 43 68
10.780000 41 68
10.850000 0 0
10.920000 39 67
10.990000 38 67
11.060000 51 76
11.130000 0 0
11.200000 50 73
11.270000 48 74
11.340000 0 0
11.410000 47 75
11.480000 48 76
11.550000 47 77
11.620000 0 0
11.690000 44 79
11.760000 43 80
11.830000 44 81
11.900000 0 0
11.970000 43 83
12.040000 41 83
12.110000 0 0
12.180000 39 85
12.250000 41 88
12.320000 0 0
12.390000 39 90
12.460000 36 92
12.530000 36 92
12.600000 0 0
12.670000 43 49
12.740000 48 50
12.810000 50 52
12.880000 0 0
12.950000 51 54
13.020000 55 55
13.090000 0 0
13.160000 60 57
13.230000 62 59
13.300000 63 60
13.370000 0 0
13.440000 62 59
13.510000 60 57
13.580000 0 0
13.650000 55 57
13.720000 51 57
13.790000 50 56
13.860000 0 0
13.930000 48 55
14.000000 43 54
14.070000 36 56
14.140000 0 0
14.210000 43 59
14.280000 48 62
14.350000 0 0
14.420000 50 63
14.490000 51 68
14.560000 50 66
14.630000 0 0
14.700000 48 63
14.770000 43 59
14.840000 0 0
14.910000 36 56
14.980000 43 59
15.050000 0 0
15.120000 48 63
15.190000 50 65
15.260000 0 0
15.330000 51 67
15.400000 0 0
15.470000 50 65
15.540000 48 63
15.610000 0 0
15.680000 43 61
15.750000 0 0
15.820000 36 59
15.890000 0 0
15.960000 43 46
16.030000 48 47
16.100000 50 49
16.170000 0 0
16.240000 51 51
16.310000 55 52
16.380000 0 0
16.450000 60 54
16.520000 62 55
16.590000 63 57
16.660000 0 0
16.730000 62 55
16.800000 60 54
16.870000 0 0
16.940000 55 52
17.010000 51 50
17.080000 51 50
17.150000 50 49
17.220000 50 49
17.290000 48 47
17.360000 48 47
17.430000 43 43
17.500000 0 0
17.570000 36 33
17.640000 43 36
17.710000 0 0
17.780000 48 39
17.850000 50 40
17.920000 0 0
17.990000 51 45
18.060000 50 46
18.130000 0 0
18.200000 48 45
18.270000 43 43
18.340000 0 0
18.410000 36 40
18.480000 43 45
18.550000 0 0
18.620000 48 50
18.690000 0 0
18.760000 50 54
18.830000 51 59
18.900000 0 0
18.970000 50 57
19.040000 0 0
19.110000 48 57
19.180000 0 0
19.250000 43 55
19.320000 36 53
19.390000 0 0
19.460000 43 51
19.530000 48 53
19.600000 0 0
19.670000 50 54
19.740000 51 56
19.810000 0 0
19.880000 55 57
19.950000 60 60
20.020000 0 0
20.090000 62 62
20.160000 63 64
20.230000 62 61
20.300000 0 0
20.370000 60 59
20.440000 55 57
20.510000 0 0
20.580000 51 55
20.650000 0 0
20.720000 50 52
20.790000 48 50
20.860000 0 0
20.930000 43 48
21.000000 0 0
21.070000 36 77
21.140000 42 53
21.210000 0 0
21.280000 48 56
21.350000 50 54
21.420000 0 0
21.490000 51 56
21.560000 50 57
21.630000 0 0
21.700000 48 57
21.770000 42 59
21.840000 36 77
21.910000 0 0
21.980000 42 56
22.050000 48 59
22.120000 0 0
22.190000 50 57
22.260000 51 57
22.330000 0 0
22.400000 50 60
22.470000 48 62
22.540000 0 0
22.610000 42 60
22.680000 35 70
22.750000 0 0
22.820000 47 54
22.890000 0 0
22.960000 50 57
23.030000 55 61
23.100000 0 0
23.170000 62 61
23.240000 0 0
23.310000 55 60
23.380000 50 59
23.450000 0 0
23.520000 47 61
23.590000 34 57
23.660000 0 0
23.730000 46 59
23.800000 49 62
23.870000 55 64
23.940000 0 0
24.010000 61 67
24.080000 0 0
24.150000 55 65
24.220000 49 66
24.290000 0 0
24.360000 46 65
24.430000 0 0
24.500000 33 60
24.570000 0 0
24.640000 45 62
24.710000 48 63
24.780000 0 0
24.850000 53 65
24.920000 0 0
24.990000 60 67
25.060000 53 60
25.130000 0 0
25.200000 48 62
25.270000 45 60
25.340000 32 57
25.410000 0 0
25.480000 44 59
25.550000 48 59
25.620000 0 0
25.690000 53 56
25.760000 0 0
25.830000 60 61
25.900000 53 57
25.970000 0 0
26.040000 48 55
26.110000 0 0
26.180000 44 51
26.250000 31 47
26.320000 0 0
26.390000 43 47
26.460000 48 48
26.530000 0 0
26.600000 47 47
26.670000 49 51
26.740000 0 0
26.810000 48 53
26.880000 50 55
26.950000 0 0
27.020000 49 54
27.090000 51 56
27.160000 0 0
27.230000 50 55
27.300000 52 57
27.370000 51 57
27.440000 0 0
27.510000 53 59
27.580000 52 60
27.650000 0 0
27.720000 54 57
27.790000 53 57
27.860000 0 0
27.930000 55 54
28.000000 54 54
28.070000 0 0
28.140000 56 54
28.210000 55 54
28.280000 0 0
28.350000 58 54
28.420000 0 0
28.490000 56 54
28.560000 55 54
28.630000 53 54
28.700000 0 0
28.770000 51 54
28.840000 50 54
28.910000 0 0
28.980000 48 52
29.050000 47 51
29.120000 0 0
29.190000 44 47
29.260000 43 44
29.330000 41 40
29.400000 0 0
29.470000 38 37
29.540000 36 31
29.610000 0 0
29.680000 43 32
29.750000 48 35
29.820000 0 0
29.890000 50 36
29.960000 51 39
30.030000 55 40
30.100000 0 0
30.170000 60 43
30.240000 62 44
30.310000 63 47
30.380000 0 0
30.450000 62 44
30.520000 60 43
30.590000 0 0
30.660000 55 41
30.730000 51 39
30.800000 50 37
30.870000 0 0
30.940000 48 35
31.010000 43 33
31.080000 36 31
31.150000 0 0
31.220000 43 35
31.290000 48 39
31.360000 0 0
31.430000 50 43
31.500000 51 45
31.570000 50 42
31.640000 0 0
31.710000 48 39
31.780000 43 35
31.850000 0 0
31.920000 36 32
31.990000 43 34
32.060000 48 37
32.130000 0 0
32.200000 50 40
32.270000 51 44
32.340000 0 0
32.410000 50 44
32.480000 0 0
32.550000 48 42
32.620000 43 38
32.690000 0 0
32.760000 36 31
32.830000 0 0
32.900000 43 33
32.970000 48 35
33.040000 0 0
33.110000 50 36
33.180000 51 39
33.250000 0 0
33.320000 55 40
33.390000 60 42
33.460000 62 43
33.530000 0 0
33.600000 63 47
33.670000 62 46
33.740000 0 0
33.810000 60 44
33.880000 55 43
33.950000 0 0
34.020000 51 41
34.090000 50 39
34.160000 0 0
34.230000 48 38
34.300000 0 0
34.370000 43 36
34.440000 0 0
34.510000 36 38
34.580000 43 41
34.650000 0 0
34.720000 48 43
34.790000 50 47
34.860000 0 0
34.930000 51 50
35.000000 50 47
35.070000 0 0
35.140000 48 45
35.210000 43 43
35.280000 0 0
35.350000 36 41
35.420000 43 43
35.490000 0 0
35.560000 48 44
35.630000 50 49
35.700000 0 0
35.770000 51 51
35.840000 0 0
35.910000 50 51
35.980000 48 49
36.050000 0 0
36.120000 43 47
36.190000 0 0
36.260000 36 47
36.330000 43 47
36.400000 48 48
36.470000 0 0
36.540000 50 50
36.610000 51 51
36.680000 0 0
36.750000 55 51
36.820000 60 54
36.890000 0 0
36.960000 62 55
37.030000 63 57
37.100000 0 0
37.170000 62 55
37.240000 60 55
37.310000 55 53
37.380000 0 0
37.450000 51 51
37.520000 0 0
37.590000 50 50
37.660000 48 48
37.730000 0 0
37.800000 43 47
37.870000 36 57
37.940000 0 0
38.010000 41 48
38.080000 0 0
38.150000 48 50
38.220000 50 51
38.290000 51 54
38.360000 0 0
38.430000 50 52
38.500000 48 51
38.570000 0 0
38.640000 41 49
38.710000 36 57
38.780000 0 0
38.850000 41 49
38.920000 48 51
38.990000 0 0
39.060000 50 53
39.130000 51 55
39.200000 0 0
39.270000 50 54
39.340000 48 53
39.410000 0 0
39.480000 41 51
39.550000 38 73
39.620000 46 42
39.690000 0 0
39.760000 47 42
39.830000 46 41
39.900000 0 0
39.970000 58 57
40.040000 46 44
40.110000 0 0
40.180000 47 44
40.250000 46 43
40.320000 0 0
40.390000 39 72
40.460000 46 46
40.530000 0 0
40.600000 47 47
40.670000 46 47
40.740000 0 0
40.810000 58 63
40.880000 46 49
40.950000 47 49
41.020000 0 0
41.090000 46 49
41.160000 40 77
41.230000 0 0
41.300000 46 52
41.370000 48 52
41.440000 0 0
41.510000 46 51
41.580000 58 63
41.650000 0 0
41.720000 46 54
41.790000 48 54
41.860000 0 0
41.930000 46 56
42.000000 41 84
42.070000 0 0
42.140000 46 57
42.210000 58 57
42.280000 46 57
42.350000 0 0
42.420000 42 73
42.490000 0 0
42.560000 46 60
42.630000 58 60
42.700000 46 59
42.770000 0 0
42.840000 41 79
42.910000 46 63
42.980000 0 0
43.050000 50 65
43.120000 53 68
43.190000 0 0
43.260000 58 71
43.330000 62 73
43.400000 0 0
43.470000 67 74
43.540000 67 74
43.610000 0 0
43.680000 65 79
43.750000 0 0
43.820000 62 76
43.890000 58 76
43.960000 0 0
44.030000 55 73
44.100000 53 71
44.170000 0 0
44.240000 51 67
44.310000 48 65
44.380000 0 0
44.450000 41 61
44.520000 34 61
44.590000 49 63
44.660000 0 0
44.730000 48 62
44.800000 47 59
44.870000 0 0
44.940000 46 57
45.010000 48 63
45.080000 47 61
45.150000 0 0
45.220000 46 59
45.290000 45 56
45.360000 47 64
45.430000 0 0
45.500000 46 61
45.570000 45 59
45.640000 0 0
45.710000 44 64
45.780000 46 55
45.850000 0 0
45.920000 45 61
45.990000 44 66
46.060000 0 0
46.130000 32 71
46.200000 0 0
46.270000 43 50
46.340000 0 0
46.410000 44 52
46.480000 47 53
46.550000 0 0
46.620000 51 56
46.690000 46 52
46.760000 47 53
46.830000 0 0
46.900000 51 56
46.970000 56 57
47.040000 50 54
47.110000 0 0
47.180000 51 56
47.250000 56 59
47.320000 0 0
47.390000 59 62
47.460000 0 0
47.530000 55 61
47.600000 56 65
47.670000 0 0
47.740000 0 0
47.810000 63 55
47.880000 0 0
47.950000 53 56
48.020000 54 55
48.090000 0 0
48.160000 58 59
48.230000 63 61
48.300000 50 51
48.370000 0 0
48.440000 51 54
48.510000 54 59
48.580000 0 0
48.650000 58 61
48.720000 45 54
48.790000 46 56
48.860000 0 0
48.930000 51 57
49.000000 54 61
49.070000 0 0
49.140000 41 63
49.210000 0 0
49.280000 42 69
49.350000 30 74
49.420000 0 0
49.490000 0 0
49.560000 41 49
49.630000 0 0
49.700000 42 50
49.770000 45 52
49.840000 49 55
49.910000 0 0
49.980000 44 51
50.050000 45 52
50.120000 49 54
50.190000 0 0
50.260000 54 56
50.330000 48 54
50.400000 0 0
50.470000 49 56
50.540000 54 57
50.610000 57 61
50.680000 0 0
50.750000 53 65
50.820000 0 0
50.890000 54 67
50.960000 0 0
51.030000 0 0
51.100000 61 60
51.170000 51 53
51.240000 52 56
51.310000 0 0
51.380000 56 59
51.450000 61 61
51.520000 0 0
51.590000 48 54
51.660000 49 55
51.730000 52 59
51.800000 0 0
51.870000 56 62
51.940000 43 53
52.010000 0 0
52.080000 44 56
52.150000 49 57
52.220000 52 61
52.290000 0 0
52.360000 39 62
52.430000 40 65
52.500000 0 0
52.570000 0 0
52.640000 0 0
52.710000 63 60
52.780000 55 57
52.850000 56 59
52.920000 0 0
52.990000 57 60
53.060000 56 61
53.130000 0 0
53.200000 54 63
53.270000 52 64
53.340000 0 0
53.410000 51 66
53.480000 49 65
53.550000 48 68
53.620000 0 0
53.690000 45 70
53.760000 43 71
53.830000 0 0
53.900000 44 71
53.970000 0 0
54.040000 39 74
54.110000 44 75
54.180000 0 0
54.250000 0 0
54.320000 65 73
54.390000 0 0
54.460000 57 73
54.530000 58 71
54.600000 0 0
54.670000 59 72
54.740000 58 69
54.810000 0 0
54.880000 56 71
54.950000 54 69
55.020000 0 0
55.090000 53 68
55.160000 51 67
55.230000 0 0
55.300000 50 67
55.370000 47 66
55.440000 45 64
55.510000 0 0
55.580000 46 63
55.650000 0 0
55.720000 41 63
55.790000 0 0
55.860000 46 62
55.930000 0 0
56.000000 0 0
56.070000 67 57
56.140000 0 0
56.210000 59 57
56.280000 60 56
56.350000 0 0
56.420000 61 59
56.490000 60 59
56.560000 0 0
56.630000 58 59
56.700000 56 57
56.770000 0 0
56.840000 55 57
56.910000 53 57
56.980000 0 0
57.050000 52 57
57.120000 55 55
57.190000 0 0
57.260000 53 56
57.330000 52 56
57.400000 0 0
57.470000 49 55
57.540000 48 52
57.610000 47 55
57.680000 0 0
57.750000 48 55
57.820000 49 57
57.890000 48 55
57.960000 0 0
58.030000 46 57
58.100000 44 59
58.170000 0 0
58.240000 43 60
58.310000 41 62
58.380000 40 63
58.450000 0 0
58.520000 37 63
58.590000 36 67
58.660000 35 67
58.730000 0 0
58.800000 36 71
58.870000 34 70
58.940000 0 0
59.010000 32 74
59.080000 31 73
59.150000 29 76
59.220000 0 0
59.290000 36 63
59.360000 41 63
59.430000 0 0
59.500000 43 63
59.570000 44 63
59.640000 0 0
59.710000 48 64
59.780000 53 68
59.850000 0 0
59.920000 55 68
59.990000 56 72
60.060000 60 75
60.130000 0 0
60.200000 65 76
60.270000 67 77
60.340000 0 0
60.410000 68 79
60.480000 67 77
60.550000 0 0
60.620000 65 71
60.690000 60 67
60.760000 0 0
60.830000 61 64
60.900000 0 0
60.970000 65 63
61.040000 61 62
61.110000 56 61
61.180000 0 0
61.250000 53 59
61.320000 49 57
61.390000 0 0
61.460000 44 57
61.530000 41 56
61.600000 0 0
61.670000 37 55
61.740000 32 54
61.810000 0 0
61.880000 37 55
61.950000 41 52
62.020000 37 55
62.090000 0 0
62.160000 32 54
62.230000 37 55
62.300000 0 0
62.370000 41 53
62.440000 29 55
62.510000 0 0
62.580000 36 53
62.650000 41 55
62.720000 43 53
62.790000 0 0
62.860000 44 56
62.930000 48 57
63.000000 0 0
63.070000 53 57
63.140000 55 57
63.210000 0 0
63.280000 56 59
63.350000 60 57
63.420000 0 0
63.490000 65 59
63.560000 67 57
63.630000 0 0
63.700000 68 60
63.770000 67 63
63.840000 0 0
63.910000 65 60
63.980000 60 57
64.050000 0 0
64.120000 62 59
64.190000 65 57
64.260000 0 0
64.330000 62 59
64.400000 60 57
64.470000 0 0
64.540000 56 59
64.610000 53 59
64.680000 50 59
64.750000 0 0
64.820000 48 57
64.890000 44 57
64.960000 0 0
65.030000 41 57
65.100000 38 57
65.170000 36 55
65.240000 0 0
65.310000 32 57
65.380000 36 61
65.450000 0 0
65.520000 38 65
65.590000 0 0
65.660000 44 68
65.730000 43 79
65.800000 43 79
65.870000 43 79
65.940000 0 0
66.010000 68 73
66.080000 67 72
66.150000 65 79
66.220000 0 0
66.290000 62 72
66.360000 63 72
66.430000 62 69
66.500000 0 0
66.570000 59 79
66.640000 55 72
66.710000 56 72
66.780000 55 70
66.850000 0 0
66.920000 53 79
66.990000 50 71
67.060000 51 71
67.130000 0 0
67.200000 50 70
67.270000 47 79
67.340000 43 70
67.410000 0 0
67.480000 44 71
67.550000 43 69
67.620000 41 79
67.690000 0 0
67.760000 38 70
67.830000 39 71
67.900000 38 68
67.970000 0 0
68.040000 36 79
68.110000 31 69
68.180000 36 72
68.250000 0 0
68.320000 31 71
68.390000 36 75
68.460000 36 75
68.530000 31 76
68.600000 31 76
68.670000 36 77
68.740000 36 77
68.810000 31 76
68.880000 31 76
68.950000 35 79
69.020000 0 0
69.090000 0 0
69.160000 68 71
69.230000 0 0
69.300000 67 71
69.370000 65 79
69.440000 62 72
69.510000 0 0
69.580000 63 72
69.650000 62 71
69.720000 59 79
69.790000 55 71
69.860000 0 0
69.930000 56 71
70.000000 55 69
70.070000 53 79
70.140000 0 0
70.210000 50 72
70.280000 51 72
70.350000 50 71
70.420000 0 0
70.490000 47 79
70.560000 43 71
70.630000 44 71
70.700000 0 0
70.770000 43 70
70.840000 41 79
70.910000 38 71
70.980000 0 0
71.050000 39 71
71.120000 38 70
71.190000 36 79
71.260000 0 0
71.330000 31 71
71.400000 36 73
71.470000 0 0
71.540000 31 74
71.610000 36 76
71.680000 36 76
71.750000 31 76
71.820000 31 76
71.890000 36 79
71.960000 36 79
72.030000 31 79
72.100000 31 79
72.170000 35 79
72.240000 0 0
72.310000 0 0
72.380000 80 79
72.450000 79 71
72.520000 77 79
72.590000 0 0
72.660000 74 71
72.730000 75 71
72.800000 74 70
72.870000 0 0
72.940000 71 79
73.010000 67 70
73.080000 68 70
73.150000 0 0
73.220000 67 69
73.290000 65 79
73.360000 62 71
73.430000 63 71
73.500000 0 0
73.570000 62 69
73.640000 59 79
73.710000 55 71
73.780000 0 0
73.850000 56 71
73.920000 55 69
73.990000 53 79
74.060000 0 0
74.130000 50 71
74.200000 51 71
74.270000 50 69
74.340000 0 0
74.410000 47 79
74.480000 43 71
74.550000 44 71
74.620000 0 0
74.690000 43 69
74.760000 41 79
74.830000 38 71
74.900000 0 0
74.970000 39 71
75.040000 38 69
75.110000 36 69
75.180000 0 0
75.250000 35 65
75.320000 43 69
75.390000 41 68
75.460000 0 0
75.530000 39 67
75.600000 38 66
75.670000 39 65
75.740000 0 0
75.810000 38 64
75.880000 36 63
75.950000 35 62
76.020000 0 0
76.090000 46 68
76.160000 44 67
76.230000 43 67
76.300000 0 0
76.370000 41 65
76.440000 43 64
76.510000 41 63
76.580000 39 62
76.650000 0 0
76.720000 38 61
76.790000 51 70
76.860000 0 0
76.930000 50 71
77.000000 48 72
77.070000 47 73
77.140000 0 0
77.210000 48 75
77.280000 47 76
77.350000 0 0
77.420000 44 76
77.490000 43 77
77.560000 44 80
77.630000 0 0
77.700000 43 82
77.770000 41 84
77.840000 0 0
77.910000 39 86
77.980000 41 88
78.050000 0 0
78.120000 39 90
78.190000 36 93
78.260000 36 93
78.330000 0 0
78.400000 43 51
78.470000 48 52
78.540000 50 53
78.610000 0 0
78.680000 51 54
78.750000 55 56
78.820000 0 0
78.890000 60 57
78.960000 62 57
79.030000 63 60
79.100000 0 0
79.170000 62 60
79.240000 60 59
79.310000 55 57
79.380000 0 0
79.450000 51 57
79.520000 50 57
79.590000 48 56
79.660000 0 0
79.730000 43 55
79.800000 36 53
79.870000 0 0
79.940000 43 55
80.010000 48 57
80.080000 50 59
80.150000 0 0
80.220000 51 61
80.290000 50 61
80.360000 48 60
80.430000 0 0
80.500000 43 59
80.570000 36 63
80.640000 0 0
80.710000 43 59
80.780000 48 63
80.850000 50 66
80.920000 0 0
80.990000 51 68
81.060000 51 68
81.130000 50 64
81.200000 50 64
81.270000 48 60
81.340000 48 60
81.410000 43 56
81.480000 43 56
81.550000 0 0
81.620000 36 52
81.690000 0 0
81.760000 43 46
81.830000 48 47
81.900000 0 0
81.970000 50 48
82.040000 51 49
82.110000 55 50
82.180000 0 0
82.250000 60 51
82.320000 62 52
82.390000 0 0
82.460000 63 53
82.530000 62 52
82.600000 0 0
82.670000 60 51
82.740000 55 49
82.810000 0 0
82.880000 51 48
82.950000 50 47
83.020000 0 0
83.090000 48 45
83.160000 0 0
83.230000 43 44
83.300000 36 43
83.370000 0 0
83.440000 43 45
83.510000 0 0
83.580000 48 47
83.650000 50 50
83.720000 0 0
83.790000 51 50
83.860000 50 50
83.930000 0 0
84.000000 48 50
84.070000 43 49
84.140000 0 0
84.210000 36 47
84.280000 43 49
84.350000 0 0
84.420000 48 51
84.490000 0 0
84.560000 50 53
84.630000 51 55
84.700000 0 0
84.770000 50 55
84.840000 0 0
84.910000 48 55
84.980000 48 55
85.050000 43 53
85.120000 43 53
85.190000 0 0
85.260000 36 54
85.330000 43 54
85.400000 48 55
85.470000 0 0
85.540000 50 57
85.610000 51 59
85.680000 0 0
85.750000 55 61
85.820000 60 63
85.890000 0 0
85.960000 62 65
86.030000 63 67
86.100000 0 0
86.170000 62 63
86.240000 60 61
86.310000 55 59
86.380000 0 0
86.450000 51 56
86.520000 0 0
86.590000 50 53
86.660000 48 51
86.730000 0 0
86.800000 43 49
86.870000 0 0
86.940000 36 51
87.010000 42 52
87.080000 0 0
87.150000 48 55
87.220000 50 56
87.290000 0 0
87.360000 51 57
87.430000 50 54
87.500000 0 0
87.570000 48 55
87.640000 42 54
87.710000 0 0
87.780000 36 53
87.850000 42 54
87.920000 48 55
87.990000 0 0
88.060000 50 57
88.130000 51 59
88.200000 0 0
88.270000 50 57
88.340000 48 57
88.410000 0 0
88.480000 42 56
88.550000 35 55
88.620000 0 0
88.690000 47 55
88.760000 50 56
88.830000 55 55
88.900000 0 0
88.970000 62 57
89.040000 55 55
89.110000 0 0
89.180000 50 55
89.250000 47 54
89.320000 0 0
89.390000 34 55
89.460000 46 54
89.530000 0 0
89.600000 49 55
89.670000 55 55
89.740000 61 56
89.810000 0 0
89.880000 55 53
89.950000 49 55
90.020000 0 0
90.090000 46 50
90.160000 33 55
90.230000 0 0
90.300000 45 55
90.370000 48 56
90.440000 0 0
90.510000 53 55
90.580000 60 57
90.650000 0 0
90.720000 53 54
90.790000 48 56
90.860000 0 0
90.930000 45 55
91.000000 32 55
91.070000 0 0
91.140000 44 55
91.210000 48 56
91.280000 0 0
91.350000 53 57
91.420000 0 0
91.490000 60 54
91.560000 53 51
91.630000 0 0
91.700000 48 50
91.770000 48 50
91.840000 44 48
91.910000 44 48
91.980000 31 46
92.050000 0 0
92.120000 43 47
92.190000 0 0
92.260000 48 48
92.330000 47 49
92.400000 0 0
92.470000 49 51
92.540000 48 53
92.610000 0 0
92.680000 50 55
92.750000 49 55
92.820000 0 0
92.890000 51 56
92.960000 50 55
93.030000 0 0
93.100000 52 57
93.170000 51 55
93.240000 0 0
93.310000 53 59
93.380000 52 57
93.450000 0 0
93.520000 54 61
93.590000 53 57
93.660000 0 0
93.730000 55 64
93.800000 54 60
93.870000 0 0
93.940000 56 62
94.010000 55 60
94.080000 0 0
94.150000 58 63
94.220000 56 61
94.290000 0 0
94.360000 55 63
94.430000 53 60
94.500000 51 63
94.570000 0 0
94.640000 50 59
94.710000 48 60
94.780000 0 0
94.850000 47 59
94.920000 44 57
94.990000 0 0
95.060000 43 53
95.130000 41 51
95.200000 0 0
95.270000 38 47
95.340000 36 41
95.410000 43 42
95.480000 0 0
95.550000 48 43
95.620000 50 44
95.690000 0 0
95.760000 51 45
95.830000 55 46
95.900000 60 47
95.970000 0 0
96.040000 62 48
96.110000 63 50
96.180000 0 0
96.250000 62 49
96.320000 60 48
96.390000 55 47
96.460000 0 0
96.530000 51 47
96.600000 50 46
96.670000 48 45
96.740000 0 0
96.810000 43 44
96.880000 36 45
96.950000 0 0
97.020000 43 48
97.090000 48 51
97.160000 50 53
97.230000 0 0
97.300000 51 56
97.370000 50 53
97.440000 0 0
97.510000 48 51
97.580000 43 49
97.650000 0 0
97.720000 36 47
97.790000 43 47
97.860000 0 0
97.930000 48 51
98.000000 50 53
98.070000 0 0
98.140000 51 56
98.210000 0 0
98.280000 50 54
98.350000 50 54
98.420000 48 51
98.490000 48 51
98.560000 43 48
98.630000 43 48
98.700000 0 0
98.770000 36 47
98.840000 43 43
98.910000 48 44
98.980000 0 0
99.050000 50 46
99.120000 51 47
99.190000 0 0
99.260000 55 48
99.330000 60 49
99.400000 0 0
99.470000 62 50
99.540000 63 52
99.610000 0 0
99.680000 62 51
99.750000 60 51
99.820000 55 50
99.890000 0 0
99.960000 51 49
100.030000 0 0
100.100000 50 48
100.170000 48 47
100.240000 0 0
100.310000 43 46
100.380000 36 44
100.450000 0 0
100.520000 43 46
100.590000 48 47
100.660000 0 0
100.730000 50 49
100.800000 0 0
100.870000 51 51
100.940000 50 50
101.010000 0 0
101.080000 48 49
101.150000 43 48
101.220000 0 0
101.290000 36 47
101.360000 43 49
101.430000 0 0
101.500000 48 51
101.570000 0 0
101.640000 50 54
101.710000 51 57
101.780000 0 0
101.850000 50 54
101.920000 50 54
101.990000 48 53
102.060000 48 53
102.130000 48 53
102.200000 43 51
102.270000 43 51
102.340000 43 51
102.410000 36 45
102.480000 0 0
102.550000 43 47
102.620000 48 48
102.690000 0 0
102.760000 50 49
102.830000 51 52
102.900000 0 0
102.970000 55 54
103.040000 60 55
103.110000 62 57
103.180000 0 0
103.250000 63 60
103.320000 62 56
103.390000 0 0
103.460000 60 57
103.530000 55 55
103.600000 0 0
103.670000 51 54
103.740000 50 51
103.810000 0 0
103.880000 48 51
103.950000 43 49
104.020000 0 0
104.090000 36 60
104.160000 0 0
104.230000 42 47
104.300000 48 50
104.370000 0 0
104.440000 50 52
104.510000 51 53
104.580000 50 52
104.650000 0 0
104.720000 48 51
104.790000 42 49
104.860000 0 0
104.930000 36 64
105.000000 42 55
105.070000 0 0
105.140000 48 57
105.210000 50 63
105.280000 0 0
105.350000 51 64
105.420000 50 62
105.490000 0 0
105.560000 48 61
105.630000 42 59
105.700000 0 0
105.770000 37 63
105.840000 49 64
105.910000 0 0
105.980000 54 69
106.050000 56 71
106.120000 0 0
106.190000 58 77
106.260000 0 0
106.330000 56 74
106.400000 54 73
106.470000 0 0
106.540000 49 67
106.610000 37 62
106.680000 0 0
106.750000 49 65
106.820000 54 69
106.890000 0 0
106.960000 56 74
107.030000 58 76
107.100000 0 0
107.170000 56 72
107.240000 54 71
107.310000 0 0
107.380000 49 65
107.450000 0 0
107.520000 37 60
107.590000 49 63
107.660000 0 0
107.730000 55 66
107.800000 0 0
107.870000 58 68
107.940000 61 70
108.010000 0 0
108.080000 60 70
108.150000 58 69
108.220000 0 0
108.290000 56 68
108.360000 55 68
108.430000 0 0
108.500000 53 68
108.570000 52 69
108.640000 0 0
108.710000 49 67
108.780000 48 66
108.850000 0 0
108.920000 46 64
108.990000 44 63
109.060000 0 0
109.130000 43 62
109.200000 0 0
109.270000 35 62
109.340000 47 65
109.410000 0 0
109.480000 52 67
109.550000 0 0
109.620000 54 69
109.690000 56 72
109.760000 0 0
109.830000 54 73
109.900000 52 71
109.970000 0 0
110.040000 47 67
110.110000 35 62
110.180000 0 0
110.250000 47 67
110.320000 52 72
110.390000 0 0
110.460000 54 71
110.530000 56 76
110.600000 0 0
110.670000 54 73
110.740000 52 74
110.810000 0 0
110.880000 47 70
110.950000 0 0
111.020000 35 64
111.090000 47 65
111.160000 0 0
111.230000 53 67
111.300000 56 71
111.370000 0 0
111.440000 59 73
111.510000 58 73
111.580000 0 0
111.650000 56 72
111.720000 0 0
111.790000 54 71
111.860000 53 71
111.930000 0 0
112.000000 51 71
112.070000 50 72
112.140000 0 0
112.210000 47 71
112.280000 46 70
112.350000 0 0
112.420000 44 67
112.490000 0 0
112.560000 42 64
112.630000 41 62
112.700000 0 0
112.770000 34 59
112.840000 0 0
112.910000 46 54
112.980000 51 45
113.050000 0 0
113.120000 53 48
113.190000 0 0
113.260000 55 50
113.330000 53 47
113.400000 0 0
113.470000 51 45
113.540000 46 43
113.610000 0 0
113.680000 34 38
113.750000 46 41
113.820000 51 44
113.890000 0 0
113.960000 53 46
114.030000 0 0
114.100000 55 49
114.170000 53 48
114.240000 0 0
114.310000 51 45
114.380000 46 44
114.450000 0 0
114.520000 35 31
114.590000 47 33
114.660000 0 0
114.730000 50 34
114.800000 55 35
114.870000 0 0
114.940000 62 36
115.010000 0 0
115.080000 55 35
115.150000 50 34
115.220000 0 0
115.290000 47 32
115.360000 35 31
115.430000 0 0
115.500000 47 31
115.570000 50 33
115.640000 0 0
115.710000 55 34
115.780000 62 35
115.850000 0 0
115.920000 55 34
115.990000 0 0
116.060000 50 34
116.130000 47 33
116.200000 0 0
116.270000 36 32
116.340000 43 29
116.410000 0 0
116.480000 48 30
116.550000 50 31
116.620000 0 0
116.690000 51 32
116.760000 55 33
116.830000 0 0
116.900000 60 34
116.970000 0 0
117.040000 62 35
117.110000 63 35
117.180000 0 0
117.250000 62 35
117.320000 60 35
117.390000 0 0
117.460000 55 34
117.530000 51 34
117.600000 0 0
117.670000 50 33
117.740000 48 32
117.810000 0 0
117.880000 43 32
117.950000 0 0
118.020000 29 35
118.090000 37 35
118.160000 0 0
118.230000 41 36
118.300000 43 38
118.370000 0 0
118.440000 44 39
118.510000 49 40
118.580000 0 0
118.650000 53 42
118.720000 55 43
118.790000 0 0
118.860000 56 44
118.930000 0 0
119.000000 55 44
119.070000 53 43
119.140000 0 0
119.210000 49 42
119.280000 44 41
119.350000 0 0
119.420000 41 40
119.490000 37 40
119.560000 0 0
119.630000 32 39
119.700000 31 38
119.770000 0 0
119.840000 0 0
119.910000 0 0
119.980000 40 42
120.050000 39 43
120.120000 0 0
120.190000 41 43
120.260000 40 44
120.330000 0 0
120.400000 42 44
120.470000 41 45
120.540000 0 0
120.610000 43 45
120.680000 42 45
120.750000 0 0
120.820000 44 46
120.890000 43 45
120.960000 0 0
121.030000 45 47
121.100000 44 48
121.170000 0 0
121.240000 46 49
121.310000 45 48
121.380000 0 0
121.450000 47 49
121.520000 46 50
121.590000 0 0
121.660000 48 50
121.730000 47 49
121.800000 0 0
121.870000 49 52
121.940000 48 53
122.010000 0 0
122.080000 50 53
122.150000 49 52
122.220000 0 0
122.290000 51 53
122.360000 50 51
122.430000 0 0
122.500000 52 54
122.570000 51 55
122.640000 53 56
122.710000 0 0
122.780000 52 54
122.850000 54 56
122.920000 0 0
122.990000 53 55
123.060000 55 57
123.130000 0 0
123.200000 54 55
123.270000 56 57
123.340000 0 0
123.410000 55 56
123.480000 58 57
123.550000 0 0
123.620000 56 54
123.690000 55 53
123.760000 0 0
123.830000 53 50
123.900000 51 53
123.970000 0 0
124.040000 50 48
124.110000 53 51
124.180000 0 0
124.250000 51 47
124.320000 55 52
124.390000 0 0
124.460000 53 49
124.530000 51 51
124.600000 50 47
124.670000 0 0
124.740000 48 51
124.810000 47 48
124.880000 0 0
124.950000 50 53
125.020000 48 49
125.090000 0 0
125.160000 46 51
125.230000 44 50
125.300000 0 0
125.370000 43 50
125.440000 42 49
125.510000 0 0
125.580000 43 49
125.650000 44 47
125.720000 41 48
125.790000 0 0
125.860000 43 46
125.930000 39 46
126.000000 0 0
126.070000 41 44
126.140000 38 44
126.210000 0 0
126.280000 39 43
126.350000 36 43
126.420000 0 0
126.490000 0 0
126.560000 61 49
126.630000 0 0
126.700000 60 48
126.770000 58 47
126.840000 55 46
126.910000 0 0
126.980000 56 45
127.050000 55 44
127.120000 52 44
127.190000 0 0
127.260000 48 43
127.330000 49 42
127.400000 0 0
127.470000 48 41
127.540000 46 40
127.610000 0 0
127.680000 43 39
127.750000 44 38
127.820000 43 37
127.890000 0 0
127.960000 41 35
128.030000 36 32
128.100000 0 0
128.170000 41 35
128.240000 36 28
128.310000 0 0
128.380000 41 35
128.450000 36 31
128.520000 41 35
128.590000 0 0
128.660000 36 28
128.730000 41 35
128.800000 0 0
128.870000 36 32
128.940000 41 35
129.010000 0 0
129.080000 36 30
129.150000 41 35
129.220000 0 0
129.290000 36 32
129.360000 41 35
129.430000 36 28
129.500000 0 0
129.570000 48 35
129.640000 0 0
129.710000 0 0
129.780000 61 47
129.850000 60 46
129.920000 58 45
129.990000 0 0
130.060000 55 44
130.130000 56 44
130.200000 0 0
130.270000 55 44
130.340000 52 43
130.410000 48 42
130.480000 0 0
130.550000 49 41
130.620000 48 40
130.690000 0 0
130.760000 46 39
130.830000 43 38
130.900000 0 0
130.970000 44 37
131.040000 43 36
131.110000 0 0
131.180000 41 35
131.250000 36 33
131.320000 41 35
131.390000 0 0
131.460000 36 30
131.530000 41 35
131.600000 0 0
131.670000 36 34
131.740000 41 35
131.810000 0 0
131.880000 36 29
131.950000 41 35
132.020000 0 0
132.090000 36 33
132.160000 41 35
132.230000 0 0
132.300000 36 31
132.370000 41 35
132.440000 0 0
132.510000 36 33
132.580000 41 35
132.650000 0 0
132.720000 36 32
132.790000 0 0
132.860000 48 35
132.930000 0 0
133.000000 0 0
133.070000 80 81
133.140000 79 80
133.210000 76 77
133.280000 0 0
133.350000 72 76
133.420000 73 81
133.490000 0 0
133.560000 72 77
133.630000 70 79
133.700000 67 77
133.770000 0 0
133.840000 68 84
133.910000 67 81
133.980000 64 81
134.050000 0 0
134.120000 60 79
134.190000 61 84
134.260000 60 80
134.330000 0 0
134.400000 58 80
134.470000 55 80
134.540000 0 0
134.610000 56 85
134.680000 55 82
134.750000 52 83
134.820000 0 0
134.890000 48 81
134.960000 49 84
135.030000 0 0
135.100000 48 84
135.170000 46 83
135.240000 43 83
135.310000 0 0
135.380000 44 88
135.450000 43 84
135.520000 0 0
135.590000 40 83
135.660000 36 83
135.730000 37 84
135.800000 0 0
135.870000 36 93
135.940000 29 102
136.010000 29 102
136.080000 29 102
136.150000 29 102
136.220000 29 102
136.290000 29 102
136.360000 29 102
136.430000 29 102
136.500000 29 102
136.570000 29 102
136.640000 29 102
136.710000 29 102
136.780000 29 102
136.850000 0 0
136.920000 29 97
136.990000 29 97
137.060000 29 97
137.130000 29 97
137.200000 29 97
137.270000 29 97
137.340000 29 97
137.410000 29 97
137.480000 29 97
137.550000 29 97
137.620000 29 97
137.690000 29 97
137.760000 29 97
137.830000 0 0
137.900000 24 99
137.970000 24 99
138.040000 24 99
138.110000 0 0
138.180000 0 0
138.250000 0 0
138.320000 0 0
138.390000 24 95
138.460000 24 95
138.530000 24 95
