"chpn_op7_1"

# Piano right
0.000000 65 70
0.070000 65 70
0.140000 0 0
0.210000 0 0
0.280000 0 0
0.350000 65 66
0.420000 67 70
0.490000 67 70
0.560000 67 70
0.630000 67 70
0.700000 67 70
0.770000 0 0
0.840000 69 70
0.910000 69 70
0.980000 69 70
1.050000 69 70
1.120000 69 70
1.190000 0 0
1.260000 70 71
1.330000 70 71
1.400000 0 0
1.470000 0 0
1.540000 72 66
1.610000 0 0
1.680000 74 70
1.750000 74 70
1.820000 74 70
1.890000 74 70
1.960000 74 70
2.030000 75 75
2.100000 75 75
2.170000 0 0
2.240000 77 79
2.310000 77 79
2.380000 0 0
2.450000 79 83
2.520000 0 0
2.590000 0 0
2.660000 0 0
2.730000 0 0
2.800000 81 75
2.870000 0 0
2.940000 0 0
3.010000 0 0
3.080000 0 0
3.150000 0 0
3.220000 0 0
3.290000 81 70
3.360000 81 70
3.430000 0 0
3.500000 79 56
3.570000 79 56
3.640000 0 0
3.710000 82 53
3.780000 0 0
3.850000 0 0
3.920000 0 0
3.990000 0 0
4.060000 0 0
4.130000 82 49
4.200000 74 44
4.270000 74 44
4.340000 74 44
4.410000 74 44
4.480000 74 44
4.550000 74 44
4.620000 74 44
4.690000 74 44
4.760000 74 44
4.830000 74 44
4.900000 74 44
4.970000 0 0
5.040000 79 51
5.110000 0 0
5.180000 0 0
5.250000 0 0
5.320000 0 0
5.390000 79 46
5.460000 0 0
5.530000 69 44
5.600000 69 44
5.670000 69 44
5.740000 69 44
5.810000 69 44
5.880000 69 44
5.950000 69 44
6.020000 69 44
6.090000 69 44
6.160000 69 44
6.230000 69 44
6.300000 0 0
6.370000 74 49
6.440000 0 0
6.510000 0 0
6.580000 0 0
6.650000 74 47
6.720000 0 0
6.790000 64 44
6.860000 64 44
6.930000 64 44
7.000000 64 44
7.070000 64 44
7.140000 64 44
7.210000 64 44
7.280000 64 44
7.350000 64 44
7.420000 64 44
7.490000 64 44
7.560000 64 44
7.630000 65 55
7.700000 0 0
7.770000 0 0
7.840000 0 0
7.910000 69 58
7.980000 0 0
8.050000 72 59
8.120000 72 59
8.190000 0 0
8.260000 75 60
8.330000 75 60
8.400000 0 0
8.470000 79 67
8.540000 79 67
8.610000 79 67
8.680000 79 67
8.750000 0 0
8.820000 0 0
8.890000 86 75
8.960000 0 0
9.030000 0 0
9.100000 0 0
9.170000 0 0
9.240000 84 64
9.310000 0 0
9.380000 0 0
9.450000 82 60
9.520000 79 58
9.590000 79 58
9.660000 0 0
9.730000 77 55
9.800000 77 55
9.870000 77 55
9.940000 77 55
10.010000 77 55
10.080000 77 55
10.150000 0 0
10.220000 82 51
10.290000 0 0
10.360000 0 0
10.430000 0 0
10.500000 0 0
10.570000 0 0
10.640000 82 46
10.710000 69 44
10.780000 69 44
10.850000 69 44
10.920000 69 44
10.990000 69 44
11.060000 69 44
11.130000 69 44
11.200000 69 44
11.270000 69 44
11.340000 69 44
11.410000 0 0
11.480000 0 0
11.550000 77 49
11.620000 0 0
11.690000 0 0
11.760000 0 0
11.830000 0 0
11.900000 77 47
11.970000 64 44
12.040000 64 44
12.110000 64 44
12.180000 64 44
12.250000 64 44
12.320000 64 44
12.390000 64 44
12.460000 64 44
12.530000 64 44
12.600000 64 44
12.670000 64 44
12.740000 64 44
12.810000 65 55
12.880000 0 0
12.950000 0 0
13.020000 0 0
13.090000 0 0
13.160000 69 58
13.230000 72 59
13.300000 72 59
13.370000 0 0
13.440000 75 60
13.510000 75 60
13.580000 0 0
13.650000 0 0
13.720000 0 0
13.790000 74 61
13.860000 72 56
13.930000 72 56
14.000000 72 56
14.070000 74 64
14.140000 0 0
14.210000 0 0
14.280000 0 0
14.350000 0 0
14.420000 65 57
14.490000 70 59
14.560000 70 59
14.630000 70 59
14.700000 70 59
14.770000 70 59
14.840000 70 59
14.910000 69 64
14.980000 69 64
15.050000 69 64
15.120000 0 0
15.190000 67 61
15.260000 67 61
15.330000 67 61
15.400000 65 70
15.470000 65 70
15.540000 65 70
15.610000 0 0
15.680000 65 66
15.750000 0 0
15.820000 67 70
15.890000 67 70
15.960000 67 70
16.030000 67 70
16.100000 67 70
16.170000 0 0
16.240000 69 70
16.310000 69 70
16.380000 69 70
16.450000 69 70
16.520000 69 70
16.590000 0 0
16.660000 70 71
16.730000 70 71
16.800000 0 0
16.870000 0 0
16.940000 72 66
17.010000 74 70
17.080000 74 70
17.150000 74 70
17.220000 74 70
17.290000 74 70
17.360000 0 0
17.430000 75 75
17.500000 75 75
17.570000 0 0
17.640000 77 79
17.710000 77 79
17.780000 0 0
17.850000 79 83
17.920000 0 0
17.990000 0 0
18.060000 0 0
18.130000 81 75
18.200000 0 0
18.270000 0 0
18.340000 0 0
18.410000 0 0
18.480000 0 0
18.550000 0 0
18.620000 0 0
18.690000 81 70
18.760000 81 70
18.830000 0 0
18.900000 79 56
18.970000 79 56
19.040000 79 56
19.110000 77 46
19.180000 82 53
19.250000 0 0
19.320000 0 0
19.390000 0 0
19.460000 0 0
19.530000 82 49
19.600000 0 0
19.670000 74 44
19.740000 74 44
19.810000 74 44
19.880000 74 44
19.950000 74 44
20.020000 74 44
20.090000 74 44
20.160000 74 44
20.230000 74 44
20.300000 74 44
20.370000 74 44
20.440000 0 0
20.510000 79 51
20.580000 0 0
20.650000 0 0
20.720000 0 0
20.790000 0 0
20.860000 79 46
20.930000 69 44
21.000000 69 44
21.070000 69 44
21.140000 69 44
21.210000 69 44
21.280000 69 44
21.350000 69 44
21.420000 69 44
21.490000 69 44
21.560000 69 44
21.630000 69 44
21.700000 0 0
21.770000 74 49
21.840000 0 0
21.910000 0 0
21.980000 0 0
22.050000 0 0
22.120000 74 47
22.190000 0 0
22.260000 64 44
22.330000 64 44
22.400000 64 44
22.470000 64 44
22.540000 64 44
22.610000 64 44
22.680000 64 44
22.750000 64 44
22.820000 64 44
22.890000 64 44
22.960000 64 44
23.030000 64 44
23.100000 65 55
23.170000 0 0
23.240000 0 0
23.310000 0 0
23.380000 69 58
23.450000 0 0
23.520000 72 59
23.590000 72 59
23.660000 0 0
23.730000 75 60
23.800000 75 60
23.870000 0 0
23.940000 79 67
24.010000 79 67
24.080000 79 67
24.150000 79 67
24.220000 0 0
24.290000 0 0
24.360000 86 67
24.430000 0 0
24.500000 0 0
24.570000 0 0
24.640000 0 0
24.710000 84 61
24.780000 0 0
24.850000 0 0
24.920000 82 57
24.990000 0 0
25.060000 79 52
25.130000 79 52
25.200000 79 52
25.270000 77 49
25.340000 77 49
25.410000 77 49
25.480000 77 49
25.550000 77 49
25.620000 77 49
25.690000 82 51
25.760000 0 0
25.830000 0 0
25.900000 0 0
25.970000 0 0
26.040000 0 0
26.110000 82 46
26.180000 69 44
26.250000 69 44
26.320000 69 44
26.390000 69 44
26.460000 69 44
26.530000 69 44
26.600000 69 44
26.670000 69 44
26.740000 69 44
26.810000 69 44
26.880000 0 0
26.950000 0 0
27.020000 77 49
27.090000 0 0
27.160000 0 0
27.230000 0 0
27.300000 0 0
27.370000 0 0
27.440000 77 47
27.510000 64 44
27.580000 64 44
27.650000 64 44
27.720000 64 44
27.790000 64 44
27.860000 64 44
27.930000 64 44
28.000000 64 44
28.070000 64 44
28.140000 64 44
28.210000 64 44
28.280000 64 44
28.350000 65 55
28.420000 0 0
28.490000 0 0
28.560000 0 0
28.630000 0 0
28.700000 69 58
28.770000 0 0
28.840000 72 59
28.910000 72 59
28.980000 72 59
29.050000 75 60
29.120000 75 60
29.190000 75 60
29.260000 0 0
29.330000 74 61
29.400000 0 0
29.470000 72 56
29.540000 72 56
29.610000 72 56
29.680000 74 64
29.750000 0 0
29.820000 0 0
29.890000 0 0
29.960000 0 0
30.030000 65 57
30.100000 0 0
30.170000 70 59
30.240000 70 59
30.310000 70 59
30.380000 70 59
30.450000 70 59
30.520000 70 59
30.590000 69 44
30.660000 69 44
30.730000 69 44
30.800000 70 44
30.870000 70 44
30.940000 70 44
31.010000 72 46
31.080000 72 46
31.150000 72 46
31.220000 72 46
31.290000 0 0
31.360000 74 42
31.430000 0 0
31.500000 72 46
31.570000 72 46
31.640000 72 46
31.710000 72 46
31.780000 72 46
31.850000 72 46
31.920000 76 49
31.990000 76 49
32.060000 0 0
32.130000 77 51
32.200000 77 51
32.270000 0 0
32.340000 79 55
32.410000 79 55
32.480000 79 55
32.550000 79 55
32.620000 0 0
32.690000 81 52
32.760000 79 56
32.830000 79 56
32.900000 79 56
32.970000 79 56
33.040000 79 56
33.110000 79 56
33.180000 77 52
33.250000 77 52
33.320000 77 52
33.390000 74 49
33.460000 74 49
33.530000 0 0
33.600000 72 56
33.670000 72 56
33.740000 0 0
33.810000 74 51
33.880000 74 51
33.950000 74 51
34.020000 72 56
34.090000 72 56
34.160000 72 56
34.230000 72 56
34.300000 72 56
34.370000 72 56
34.440000 0 0
34.510000 76 50
34.580000 76 50
34.650000 76 50
34.720000 0 0
34.790000 77 55
34.860000 0 0
34.930000 79 59
35.000000 79 59
35.070000 81 56
35.140000 81 56
35.210000 79 56
35.280000 79 56
35.350000 77 53
35.420000 77 53
35.490000 77 53
35.560000 77 53
35.630000 77 53
35.700000 77 53
35.770000 77 53
35.840000 77 53
35.910000 77 53
35.980000 74 50
36.050000 74 50
36.120000 74 50
36.190000 72 51
36.260000 72 51
36.330000 0 0
36.400000 74 49
36.470000 74 49
36.540000 74 49
36.610000 72 51
36.680000 72 51
36.750000 72 51
36.820000 72 51
36.890000 72 51
36.960000 72 51
37.030000 0 0
37.100000 76 49
37.170000 76 49
37.240000 0 0
37.310000 77 51
37.380000 77 51
37.450000 77 51
37.520000 79 55
37.590000 79 55
37.660000 79 55
37.730000 81 52
37.800000 81 52
37.870000 81 52
37.940000 0 0
38.010000 0 0
38.080000 0 0
38.150000 0 0
38.220000 0 0
38.290000 0 0
38.360000 77 52
38.430000 77 52
38.500000 77 52
38.570000 74 49
38.640000 74 49
38.710000 74 49
38.780000 72 56
38.850000 72 56
38.920000 0 0
38.990000 74 51
39.060000 74 51
39.130000 74 51
39.200000 72 56
39.270000 72 56
39.340000 72 56
39.410000 72 56
39.480000 72 56
39.550000 72 56
39.620000 76 55
39.690000 76 55
39.760000 76 55
39.830000 77 59
39.900000 77 59
39.970000 77 59
40.040000 79 64
40.110000 79 64
40.180000 0 0
40.250000 81 61
40.320000 81 61
40.390000 79 61
40.460000 79 61
40.530000 77 66
40.600000 77 66
40.670000 77 66
40.740000 77 66
40.810000 77 66
40.880000 67 62
40.950000 77 68
41.020000 77 68
41.090000 0 0
41.160000 66 62
41.230000 66 62
41.300000 77 69
41.370000 0 0
41.440000 77 66
41.510000 65 70
41.580000 65 70
41.650000 65 70
41.720000 0 0
41.790000 65 66
41.860000 0 0
41.930000 67 70
42.000000 67 70
42.070000 67 70
42.140000 67 70
42.210000 67 70
42.280000 0 0
42.350000 69 70
42.420000 69 70
42.490000 69 70
42.560000 69 70
42.630000 69 70
42.700000 0 0
42.770000 70 71
42.840000 70 71
42.910000 0 0
42.980000 0 0
43.050000 72 66
43.120000 74 70
43.190000 74 70
43.260000 74 70
43.330000 74 70
43.400000 74 70
43.470000 0 0
43.540000 75 75
43.610000 75 75
43.680000 0 0
43.750000 77 79
43.820000 77 79
43.890000 0 0
43.960000 79 83
44.030000 0 0
44.100000 0 0
44.170000 0 0
44.240000 81 75
44.310000 0 0
44.380000 0 0
44.450000 0 0
44.520000 0 0
44.590000 0 0
44.660000 0 0
44.730000 0 0
44.800000 81 70
44.870000 81 70
44.940000 0 0
45.010000 79 56
45.080000 79 56
45.150000 0 0
45.220000 82 60
45.290000 0 0
45.360000 0 0
45.430000 0 0
45.500000 0 0
45.570000 0 0
45.640000 82 55
45.710000 74 49
45.780000 74 49
45.850000 74 49
45.920000 74 49
45.990000 74 49
46.060000 74 49
46.130000 74 49
46.200000 74 49
46.270000 74 49
46.340000 74 49
46.410000 74 49
46.480000 0 0
46.550000 79 58
46.620000 0 0
46.690000 0 0
46.760000 0 0
46.830000 0 0
46.900000 0 0
46.970000 79 51
47.040000 69 49
47.110000 69 49
47.180000 69 49
47.250000 69 49
47.320000 69 49
47.390000 69 49
47.460000 69 49
47.530000 69 49
47.600000 69 49
47.670000 69 49
47.740000 69 49
47.810000 0 0
47.880000 74 56
47.950000 0 0
48.020000 0 0
48.090000 0 0
48.160000 0 0
48.230000 74 52
48.300000 64 49
48.370000 64 49
48.440000 64 49
48.510000 64 49
48.580000 64 49
48.650000 64 49
48.720000 64 49
48.790000 64 49
48.860000 64 49
48.930000 64 49
49.000000 64 49
49.070000 64 49
49.140000 0 0
49.210000 65 55
49.280000 0 0
49.350000 0 0
49.420000 0 0
49.490000 69 58
49.560000 0 0
49.630000 72 59
49.700000 72 59
49.770000 0 0
49.840000 75 60
49.910000 75 60
49.980000 79 67
50.050000 79 67
50.120000 79 67
50.190000 79 67
50.260000 0 0
50.330000 0 0
50.400000 0 0
50.470000 86 75
50.540000 0 0
50.610000 0 0
50.680000 0 0
50.750000 84 68
50.820000 0 0
50.890000 0 0
50.960000 82 64
51.030000 0 0
51.100000 79 58
51.170000 79 58
51.240000 0 0
51.310000 77 55
51.380000 77 55
51.450000 77 55
51.520000 77 55
51.590000 77 55
51.660000 77 55
51.730000 82 51
51.800000 0 0
51.870000 0 0
51.940000 0 0
52.010000 0 0
52.080000 0 0
52.150000 82 46
52.220000 69 44
52.290000 69 44
52.360000 69 44
52.430000 69 44
52.500000 69 44
52.570000 69 44
52.640000 69 44
52.710000 69 44
52.780000 69 44
52.850000 69 44
52.920000 0 0
52.990000 0 0
53.060000 77 49
53.130000 0 0
53.200000 0 0
53.270000 0 0
53.340000 0 0
53.410000 0 0
53.480000 77 47
53.550000 64 44
53.620000 64 44
53.690000 64 44
53.760000 64 44
53.830000 64 44
53.900000 64 44
53.970000 64 44
54.040000 64 44
54.110000 64 44
54.180000 64 44
54.250000 64 44
54.320000 64 44
54.390000 65 55
54.460000 0 0
54.530000 0 0
54.600000 0 0
54.670000 69 58
54.740000 0 0
54.810000 72 59
54.880000 72 59
54.950000 0 0
55.020000 75 60
55.090000 75 60
55.160000 0 0
55.230000 0 0
55.300000 74 61
55.370000 0 0
55.440000 72 56
55.510000 72 56
55.580000 72 56
55.650000 74 64
55.720000 0 0
55.790000 0 0
55.860000 0 0
55.930000 65 57
56.000000 0 0
56.070000 70 59
56.140000 70 59
56.210000 70 59
56.280000 70 59
56.350000 70 59
56.420000 0 0
56.490000 69 44
56.560000 69 44
56.630000 69 44
56.700000 70 44
56.770000 70 44
56.840000 70 44
56.910000 72 46
56.980000 72 46
57.050000 72 46
57.120000 72 46
57.190000 0 0
57.260000 74 42
57.330000 72 46
57.400000 72 46
57.470000 72 46
57.540000 72 46
57.610000 72 46
57.680000 72 46
57.750000 0 0
57.820000 76 49
57.890000 76 49
57.960000 0 0
58.030000 77 51
58.100000 77 51
58.170000 0 0
58.240000 79 55
58.310000 79 55
58.380000 79 55
58.450000 79 55
58.520000 0 0
58.590000 81 52
58.660000 79 56
58.730000 79 56
58.800000 79 56
58.870000 79 56
58.940000 79 56
59.010000 79 56
59.080000 77 52
59.150000 77 52
59.220000 77 52
59.290000 74 49
59.360000 74 49
59.430000 0 0
59.500000 72 56
59.570000 72 56
59.640000 0 0
59.710000 74 51
59.780000 74 51
59.850000 74 51
59.920000 72 56
59.990000 72 56
60.060000 72 56
60.130000 72 56
60.200000 72 56
60.270000 72 56
60.340000 76 50
60.410000 76 50
60.480000 76 50
60.550000 0 0
60.620000 0 0
60.690000 77 55
60.760000 0 0
60.830000 79 59
60.900000 79 59
60.970000 81 56
61.040000 81 56
61.110000 79 56
61.180000 79 56
61.250000 77 53
61.320000 77 53
61.390000 77 53
61.460000 77 53
61.530000 77 53
61.600000 77 53
61.670000 77 53
61.740000 77 53
61.810000 77 53
61.880000 74 50
61.950000 74 50
62.020000 74 50
62.090000 72 51
62.160000 72 51
62.230000 0 0
62.300000 74 49
62.370000 74 49
62.440000 74 49
62.510000 72 51
62.580000 72 51
62.650000 72 51
62.720000 72 51
62.790000 72 51
62.860000 72 51
62.930000 0 0
63.000000 76 49
63.070000 76 49
63.140000 0 0
63.210000 77 51
63.280000 77 51
63.350000 77 51
63.420000 79 55
63.490000 79 55
63.560000 79 55
63.630000 81 52
63.700000 81 52
63.770000 81 52
63.840000 0 0
63.910000 0 0
63.980000 0 0
64.050000 0 0
64.120000 0 0
64.190000 0 0
64.260000 77 52
64.330000 77 52
64.400000 77 52
64.470000 74 49
64.540000 74 49
64.610000 74 49
64.680000 72 56
64.750000 72 56
64.820000 0 0
64.890000 74 51
64.960000 74 51
65.030000 74 51
65.100000 72 56
65.170000 72 56
65.240000 72 56
65.310000 72 56
65.380000 72 56
65.450000 72 56
65.520000 76 55
65.590000 76 55
65.660000 76 55
65.730000 77 59
65.800000 77 59
65.870000 77 59
65.940000 79 64
66.010000 79 64
66.080000 81 61
66.150000 81 61
66.220000 79 61
66.290000 79 61
66.360000 0 0
66.430000 77 66
66.500000 77 66
66.570000 77 66
66.640000 77 66
66.710000 77 66
66.780000 67 62
66.850000 77 68
66.920000 77 68
66.990000 0 0
67.060000 66 62
67.130000 66 62
67.200000 77 69
67.270000 0 0
67.340000 77 66
67.410000 65 70
67.480000 65 70
67.550000 65 70
67.620000 0 0
67.690000 0 0
67.760000 65 66
67.830000 67 70
67.900000 67 70
67.970000 67 70
68.040000 67 70
68.110000 67 70
68.180000 0 0
68.250000 69 70
68.320000 69 70
68.390000 69 70
68.460000 69 70
68.530000 69 70
68.600000 0 0
68.670000 70 71
68.740000 70 71
68.810000 0 0
68.880000 0 0
68.950000 72 66
69.020000 0 0
69.090000 74 70
69.160000 74 70
69.230000 74 70
69.300000 74 70
69.370000 74 70
69.440000 75 75
69.510000 75 75
69.580000 0 0
69.650000 77 79
69.720000 77 79
69.790000 0 0
69.860000 79 83
69.930000 0 0
70.000000 0 0
70.070000 0 0
70.140000 81 75
70.210000 0 0
70.280000 0 0
70.350000 0 0
70.420000 0 0
70.490000 0 0
70.560000 0 0
70.630000 0 0
70.700000 81 70
70.770000 81 70
70.840000 0 0
70.910000 79 56
70.980000 79 56
71.050000 0 0
71.120000 82 60
71.190000 0 0
71.260000 0 0
71.330000 0 0
71.400000 0 0
71.470000 0 0
71.540000 82 55
71.610000 74 49
71.680000 74 49
71.750000 74 49
71.820000 74 49
71.890000 74 49
71.960000 74 49
72.030000 74 49
72.100000 74 49
72.170000 74 49
72.240000 74 49
72.310000 74 49
72.380000 0 0
72.450000 79 58
72.520000 0 0
72.590000 0 0
72.660000 0 0
72.730000 0 0
72.800000 0 0
72.870000 79 51
72.940000 69 49
73.010000 69 49
73.080000 69 49
73.150000 69 49
73.220000 69 49
73.290000 69 49
73.360000 69 49
73.430000 69 49
73.500000 69 49
73.570000 69 49
73.640000 69 49
73.710000 0 0
73.780000 74 56
73.850000 0 0
73.920000 0 0
73.990000 0 0
74.060000 0 0
74.130000 74 52
74.200000 0 0
74.270000 64 49
74.340000 64 49
74.410000 64 49
74.480000 64 49
74.550000 64 49
74.620000 64 49
74.690000 64 49
74.760000 64 49
74.830000 64 49
74.900000 64 49
74.970000 64 49
75.040000 64 49
75.110000 65 55
75.180000 0 0
75.250000 0 0
75.320000 0 0
75.390000 69 58
75.460000 0 0
75.530000 72 59
75.600000 72 59
75.670000 0 0
75.740000 75 60
75.810000 75 60
75.880000 0 0
75.950000 79 67
76.020000 79 67
76.090000 79 67
76.160000 79 67
76.230000 0 0
76.300000 0 0
76.370000 86 67
76.440000 0 0
76.510000 0 0
76.580000 0 0
76.650000 0 0
76.720000 84 61
76.790000 0 0
76.860000 0 0
76.930000 82 57
77.000000 0 0
77.070000 79 52
77.140000 79 52
77.210000 0 0
77.280000 77 49
77.350000 77 49
77.420000 77 49
77.490000 77 49
77.560000 77 49
77.630000 77 49
77.700000 82 51
77.770000 0 0
77.840000 0 0
77.910000 0 0
77.980000 0 0
78.050000 0 0
78.120000 82 46
78.190000 69 44
78.260000 69 44
78.330000 69 44
78.400000 69 44
78.470000 69 44
78.540000 69 44
78.610000 69 44
78.680000 69 44
78.750000 69 44
78.820000 69 44
78.890000 0 0
78.960000 0 0
79.030000 77 49
79.100000 0 0
79.170000 0 0
79.240000 0 0
79.310000 0 0
79.380000 77 47
79.450000 0 0
79.520000 64 44
79.590000 64 44
79.660000 64 44
79.730000 64 44
79.800000 64 44
79.870000 64 44
79.940000 64 44
80.010000 64 44
80.080000 64 44
80.150000 64 44
80.220000 64 44
80.290000 64 44
80.360000 65 55
80.430000 0 0
80.500000 0 0
80.570000 0 0
80.640000 69 58
80.710000 0 0
80.780000 72 59
80.850000 72 59
80.920000 0 0
80.990000 75 60
81.060000 75 60
81.130000 0 0
81.200000 0 0
81.270000 74 61
81.340000 0 0
81.410000 72 56
81.480000 72 56
81.550000 72 56
81.620000 74 64
81.690000 0 0
81.760000 0 0
81.830000 0 0
81.900000 65 57
81.970000 0 0
82.040000 70 59
82.110000 70 59
82.180000 70 59
82.250000 70 59
82.320000 70 59
82.390000 70 59
82.460000 0 0
82.530000 0 0
82.600000 0 0
82.670000 0 0
82.740000 0 0
82.810000 0 0
82.880000 0 0
82.950000 77 46
83.020000 0 0
83.090000 0 0
83.160000 0 0
83.230000 77 37
83.300000 0 0
83.370000 76 41
83.440000 76 41
83.510000 76 41
83.580000 76 41
83.650000 76 41
83.720000 76 41
83.790000 73 37
83.860000 73 37
83.930000 73 37
84.000000 72 37
84.070000 72 37
84.140000 72 37
84.210000 0 0
84.280000 70 42
84.350000 70 42
84.420000 70 42
84.490000 0 0
84.560000 73 37
84.630000 0 0
84.700000 0 0
84.770000 0 0
84.840000 72 40
84.910000 72 40
84.980000 72 40
85.050000 72 40
85.120000 70 37
85.190000 70 37
85.260000 70 37
85.330000 0 0
85.400000 0 0
85.470000 64 41
85.540000 0 0
85.610000 77 46
85.680000 0 0
85.750000 0 0
85.820000 0 0
85.890000 0 0
85.960000 77 37
86.030000 76 41
86.100000 76 41
86.170000 76 41
86.240000 76 41
86.310000 76 41
86.380000 76 41
86.450000 0 0
86.520000 73 37
86.590000 73 37
86.660000 73 37
86.730000 72 37
86.800000 72 37
86.870000 72 37
86.940000 70 45
87.010000 70 45
87.080000 72 40
87.150000 72 40
87.220000 0 0
87.290000 70 39
87.360000 70 39
87.430000 64 42
87.500000 64 42
87.570000 64 42
87.640000 64 42
87.710000 64 42
87.780000 64 42
87.850000 64 42
87.920000 64 42
87.990000 64 42
88.060000 64 42
88.130000 64 42
88.200000 64 42
88.270000 64 42
88.340000 77 46
88.410000 0 0
88.480000 0 0
88.550000 0 0
88.620000 0 0
88.690000 77 37
88.760000 76 41
88.830000 76 41
88.900000 76 41
88.970000 76 41
89.040000 76 41
89.110000 76 41
89.180000 0 0
89.250000 73 37
89.320000 73 37
89.390000 73 37
89.460000 72 37
89.530000 72 37
89.600000 72 37
89.670000 70 42
89.740000 70 42
89.810000 70 42
89.880000 0 0
89.950000 0 0
90.020000 73 37
90.090000 0 0
90.160000 0 0
90.230000 0 0
90.300000 0 0
90.370000 0 0
90.440000 0 0
90.510000 0 0
90.580000 70 37
90.650000 70 37
90.720000 70 37
90.790000 0 0
90.860000 0 0
90.930000 64 41
91.000000 0 0
91.070000 77 46
91.140000 0 0
91.210000 0 0
91.280000 0 0
91.350000 77 37
91.420000 0 0
91.490000 76 41
91.560000 76 41
91.630000 76 41
91.700000 76 41
91.770000 76 41
91.840000 76 41
91.910000 73 37
91.980000 73 37
92.050000 73 37
92.120000 73 37
92.190000 0 0
92.260000 72 37
92.330000 0 0
92.400000 70 45
92.470000 70 45
92.540000 72 40
92.610000 72 40
92.680000 70 39
92.750000 70 39
92.820000 69 42
92.890000 69 42
92.960000 69 42
93.030000 69 42
93.100000 69 42
93.170000 69 42
93.240000 69 42
93.310000 69 42
93.380000 69 42
93.450000 0 0
93.520000 67 53
93.590000 67 53
93.660000 67 53
93.730000 0 0
93.800000 65 70
93.870000 65 70
93.940000 65 70
94.010000 0 0
94.080000 65 66
94.150000 0 0
94.220000 67 70
94.290000 67 70
94.360000 67 70
94.430000 67 70
94.500000 67 70
94.570000 0 0
94.640000 69 70
94.710000 69 70
94.780000 69 70
94.850000 69 70
94.920000 69 70
94.990000 70 71
95.060000 70 71
95.130000 0 0
95.200000 0 0
95.270000 0 0
95.340000 72 66
95.410000 74 70
95.480000 74 70
95.550000 74 70
95.620000 74 70
95.690000 74 70
95.760000 0 0
95.830000 75 75
95.900000 75 75
95.970000 0 0
96.040000 77 79
96.110000 77 79
96.180000 0 0
96.250000 79 83
96.320000 0 0
96.390000 0 0
96.460000 0 0
96.530000 81 75
96.600000 0 0
96.670000 0 0
96.740000 0 0
96.810000 0 0
96.880000 0 0
96.950000 0 0
97.020000 0 0
97.090000 81 70
97.160000 81 70
97.230000 0 0
97.300000 79 56
97.370000 79 56
97.440000 0 0
97.510000 82 60
97.580000 0 0
97.650000 0 0
97.720000 0 0
97.790000 0 0
97.860000 0 0
97.930000 82 55
98.000000 74 49
98.070000 74 49
98.140000 74 49
98.210000 74 49
98.280000 74 49
98.350000 74 49
98.420000 74 49
98.490000 74 49
98.560000 74 49
98.630000 74 49
98.700000 74 49
98.770000 0 0
98.840000 79 58
98.910000 0 0
98.980000 0 0
99.050000 0 0
99.120000 0 0
99.190000 0 0
99.260000 79 51
99.330000 69 49
99.400000 69 49
99.470000 69 49
99.540000 69 49
99.610000 69 49
99.680000 69 49
99.750000 69 49
99.820000 69 49
99.890000 69 49
99.960000 69 49
100.030000 69 49
100.100000 0 0
100.170000 74 56
100.240000 0 0
100.310000 0 0
100.380000 0 0
100.450000 0 0
100.520000 0 0
100.590000 74 52
100.660000 64 49
100.730000 64 49
100.800000 64 49
100.870000 64 49
100.940000 64 49
101.010000 64 49
101.080000 64 49
101.150000 64 49
101.220000 64 49
101.290000 64 49
101.360000 64 49
101.430000 64 49
101.500000 65 55
101.570000 0 0
101.640000 0 0
101.710000 0 0
101.780000 69 58
101.850000 0 0
101.920000 72 59
101.990000 72 59
102.060000 0 0
102.130000 75 60
102.200000 75 60
102.270000 0 0
102.340000 79 67
102.410000 79 67
102.480000 79 67
102.550000 79 67
102.620000 0 0
102.690000 0 0
102.760000 86 75
102.830000 0 0
102.900000 0 0
102.970000 0 0
103.040000 0 0
103.110000 84 68
103.180000 0 0
103.250000 0 0
103.320000 82 64
103.390000 0 0
103.460000 79 58
103.530000 79 58
103.600000 0 0
103.670000 77 55
103.740000 77 55
103.810000 77 55
103.880000 77 55
103.950000 77 55
104.020000 77 55
104.090000 82 51
104.160000 0 0
104.230000 0 0
104.300000 0 0
104.370000 0 0
104.440000 82 46
104.510000 0 0
104.580000 69 44
104.650000 69 44
104.720000 69 44
104.790000 69 44
104.860000 69 44
104.930000 69 44
105.000000 69 44
105.070000 69 44
105.140000 69 44
105.210000 69 44
105.280000 0 0
105.350000 0 0
105.420000 77 49
105.490000 0 0
105.560000 0 0
105.630000 0 0
105.700000 0 0
105.770000 77 47
105.840000 64 44
105.910000 64 44
105.980000 64 44
106.050000 64 44
106.120000 64 44
106.190000 64 44
106.260000 64 44
106.330000 64 44
106.400000 64 44
106.470000 64 44
106.540000 64 44
106.610000 64 44
106.680000 65 55
106.750000 0 0
106.820000 0 0
106.890000 0 0
106.960000 0 0
107.030000 69 58
107.100000 72 59
107.170000 72 59
107.240000 0 0
107.310000 75 60
107.380000 75 60
107.450000 0 0
107.520000 0 0
107.590000 0 0
107.660000 74 61
107.730000 74 61
107.800000 0 0
107.870000 72 56
107.940000 74 64
108.010000 0 0
108.080000 0 0
108.150000 0 0
108.220000 0 0
108.290000 65 57
108.360000 70 59
108.430000 70 59
108.500000 70 59
108.570000 70 59
108.640000 70 59
108.710000 70 59
108.780000 0 0
108.850000 0 0
108.920000 0 0
108.990000 0 0
109.060000 0 0
109.130000 0 0
109.200000 0 0
109.270000 77 46
109.340000 0 0
109.410000 0 0
109.480000 0 0
109.550000 0 0
109.620000 77 37
109.690000 76 41
109.760000 76 41
109.830000 76 41
109.900000 76 41
109.970000 76 41
110.040000 76 41
110.110000 0 0
110.180000 73 37
110.250000 73 37
110.320000 73 37
110.390000 72 37
110.460000 72 37
110.530000 72 37
110.600000 70 42
110.670000 70 42
110.740000 70 42
110.810000 0 0
110.880000 0 0
110.950000 73 37
111.020000 0 0
111.090000 0 0
111.160000 72 40
111.230000 72 40
111.300000 72 40
111.370000 72 40
111.440000 0 0
111.510000 70 37
111.580000 70 37
111.650000 70 37
111.720000 0 0
111.790000 0 0
111.860000 64 41
111.930000 77 46
112.000000 0 0
112.070000 0 0
112.140000 0 0
112.210000 0 0
112.280000 77 37
112.350000 0 0
112.420000 76 41
112.490000 76 41
112.560000 76 41
112.630000 76 41
112.700000 76 41
112.770000 76 41
112.840000 73 37
112.910000 73 37
112.980000 73 37
113.050000 72 37
113.120000 72 37
113.190000 72 37
113.260000 0 0
113.330000 70 45
113.400000 70 45
113.470000 72 40
113.540000 72 40
113.610000 70 39
113.680000 70 39
113.750000 64 42
113.820000 64 42
113.890000 64 42
113.960000 64 42
114.030000 64 42
114.100000 64 42
114.170000 64 42
114.240000 64 42
114.310000 64 42
114.380000 64 42
114.450000 64 42
114.520000 64 42
114.590000 64 42
114.660000 0 0
114.730000 77 46
114.800000 0 0
114.870000 0 0
114.940000 0 0
115.010000 77 37
115.080000 0 0
115.150000 76 41
115.220000 76 41
115.290000 76 41
115.360000 76 41
115.430000 76 41
115.500000 76 41
115.570000 73 37
115.640000 73 37
115.710000 73 37
115.780000 72 37
115.850000 72 37
115.920000 72 37
115.990000 0 0
116.060000 70 42
116.130000 70 42
116.200000 70 42
116.270000 0 0
116.340000 73 37
116.410000 0 0
116.480000 0 0
116.550000 0 0
116.620000 0 0
116.690000 0 0
116.760000 0 0
116.830000 0 0
116.900000 70 37
116.970000 70 37
117.040000 70 37
117.110000 0 0
117.180000 0 0
117.250000 64 41
117.320000 0 0
117.390000 77 46
117.460000 0 0
117.530000 0 0
117.600000 0 0
117.670000 77 37
117.740000 0 0
117.810000 76 41
117.880000 76 41
117.950000 76 41
118.020000 76 41
118.090000 76 41
118.160000 76 41
118.230000 73 37
118.300000 73 37
118.370000 73 37
118.440000 73 37
118.510000 0 0
118.580000 72 37
118.650000 0 0
118.720000 70 45
118.790000 70 45
118.860000 72 40
118.930000 72 40
119.000000 70 39
119.070000 70 39
119.140000 0 0
119.210000 69 42
119.280000 69 42
119.350000 69 42
119.420000 69 42
119.490000 69 42
119.560000 69 42
119.630000 69 42
119.700000 69 42
119.770000 69 42
119.840000 67 53
119.910000 67 53
119.980000 67 53
120.050000 0 0
120.120000 65 70
120.190000 65 70
120.260000 65 70
120.330000 0 0
120.400000 65 66
120.470000 0 0
120.540000 67 70
120.610000 67 70
120.680000 67 70
120.750000 67 70
120.820000 67 70
120.890000 0 0
120.960000 69 70
121.030000 69 70
121.100000 69 70
121.170000 69 70
121.240000 69 70
121.310000 0 0
121.380000 70 71
121.450000 70 71
121.520000 0 0
121.590000 0 0
121.660000 72 66
121.730000 74 70
121.800000 74 70
121.870000 74 70
121.940000 74 70
122.010000 74 70
122.080000 0 0
122.150000 75 75
122.220000 75 75
122.290000 0 0
122.360000 77 79
122.430000 77 79
122.500000 0 0
122.570000 79 83
122.640000 0 0
122.710000 0 0
122.780000 0 0
122.850000 81 75
122.920000 0 0
122.990000 0 0
123.060000 0 0
123.130000 0 0
123.200000 0 0
123.270000 0 0
123.340000 0 0
123.410000 81 70
123.480000 81 70
123.550000 0 0
123.620000 79 56
123.690000 79 56
123.760000 79 56
123.830000 77 51
123.900000 82 60
123.970000 0 0
124.040000 0 0
124.110000 0 0
124.180000 0 0
124.250000 82 55
124.320000 0 0
124.390000 74 49
124.460000 74 49
124.530000 74 49
124.600000 74 49
124.670000 74 49
124.740000 74 49
124.810000 74 49
124.880000 74 49
124.950000 74 49
125.020000 74 49
125.090000 74 49
125.160000 0 0
125.230000 79 58
125.300000 0 0
125.370000 0 0
125.440000 0 0
125.510000 0 0
125.580000 79 51
125.650000 69 49
125.720000 69 49
125.790000 69 49
125.860000 69 49
125.930000 69 49
126.000000 69 49
126.070000 69 49
126.140000 69 49
126.210000 69 49
126.280000 69 49
126.350000 69 49
126.420000 0 0
126.490000 74 56
126.560000 0 0
126.630000 0 0
126.700000 0 0
126.770000 0 0
126.840000 74 52
126.910000 0 0
126.980000 64 49
127.050000 64 49
127.120000 64 49
127.190000 64 49
127.260000 64 49
127.330000 64 49
127.400000 64 49
127.470000 64 49
127.540000 64 49
127.610000 64 49
127.680000 64 49
127.750000 64 49
127.820000 65 55
127.890000 0 0
127.960000 0 0
128.030000 0 0
128.100000 69 58
128.170000 0 0
128.240000 72 59
128.310000 72 59
128.380000 0 0
128.450000 75 60
128.520000 75 60
128.590000 0 0
128.660000 79 67
128.730000 79 67
128.800000 79 67
128.870000 79 67
128.940000 0 0
129.010000 0 0
129.080000 0 0
129.150000 86 67
129.220000 0 0
129.290000 0 0
129.360000 0 0
129.430000 84 61
129.500000 0 0
129.570000 0 0
129.640000 82 57
129.710000 0 0
129.780000 79 52
129.850000 79 52
129.920000 0 0
129.990000 77 49
130.060000 77 49
130.130000 77 49
130.200000 77 49
130.270000 77 49
130.340000 77 49
130.410000 82 51
130.480000 0 0
130.550000 0 0
130.620000 0 0
130.690000 0 0
130.760000 0 0
130.830000 82 46
130.900000 69 44
130.970000 69 44
131.040000 69 44
131.110000 69 44
131.180000 69 44
131.250000 69 44
131.320000 69 44
131.390000 69 44
131.460000 69 44
131.530000 69 44
131.600000 0 0
131.670000 0 0
131.740000 77 49
131.810000 0 0
131.880000 0 0
131.950000 0 0
132.020000 0 0
132.090000 0 0
132.160000 77 47
132.230000 64 44
132.300000 64 44
132.370000 64 44
132.440000 64 44
132.510000 64 44
132.580000 64 44
132.650000 64 44
132.720000 64 44
132.790000 64 44
132.860000 64 44
132.930000 64 44
133.000000 64 44
133.070000 0 0
133.140000 65 55
133.210000 0 0
133.280000 0 0
133.350000 0 0
133.420000 0 0
133.490000 69 60
133.560000 72 62
133.630000 72 62
133.700000 72 62
133.770000 75 66
133.840000 75 66
133.910000 75 66
133.980000 0 0
134.050000 0 0
134.120000 74 70
134.190000 74 70
134.260000 74 70
134.330000 72 64
134.400000 74 76
134.470000 74 76
134.540000 74 76
134.610000 0 0
134.680000 65 68
134.750000 65 68
134.820000 65 68
134.890000 70 68
134.960000 70 68
135.030000 70 68
135.100000 70 68
135.170000 70 68
135.240000 70 68
135.310000 70 68
135.380000 70 68
135.450000 70 68
135.520000 70 68
135.590000 70 68
135.660000 70 68
135.730000 70 68
135.800000 70 68
135.870000 0 0
# Piano left
0.000000 41 70
0.070000 41 70
0.140000 0 0
0.210000 0 0
0.280000 0 0
0.350000 0 0
0.420000 63 59
0.490000 63 59
0.560000 63 59
0.630000 63 59
0.700000 63 59
0.770000 0 0
0.840000 63 60
0.910000 63 60
0.980000 63 60
1.050000 63 60
1.120000 63 60
1.190000 0 0
1.260000 46 70
1.330000 46 70
1.400000 0 0
1.470000 0 0
1.540000 0 0
1.610000 0 0
1.680000 62 52
1.750000 62 52
1.820000 62 52
1.890000 62 52
1.960000 62 52
2.030000 46 62
2.100000 46 62
2.170000 0 0
2.240000 0 0
2.310000 0 0
2.380000 0 0
2.450000 39 68
2.520000 39 68
2.590000 39 68
2.660000 39 68
2.730000 0 0
2.800000 58 59
2.870000 63 59
2.940000 63 59
3.010000 63 59
3.080000 63 59
3.150000 63 59
3.220000 63 59
3.290000 0 0
3.360000 0 0
3.430000 0 0
3.500000 0 0
3.570000 0 0
3.640000 0 0
3.710000 46 43
3.780000 46 43
3.850000 46 43
3.920000 0 0
3.990000 0 0
4.060000 0 0
4.130000 0 0
4.200000 62 28
4.270000 62 28
4.340000 62 28
4.410000 62 28
4.480000 62 28
4.550000 62 28
4.620000 62 26
4.690000 62 26
4.760000 62 26
4.830000 62 26
4.900000 62 26
4.970000 0 0
5.040000 41 40
5.110000 41 40
5.180000 41 40
5.250000 0 0
5.320000 0 0
5.390000 0 0
5.460000 0 0
5.530000 63 27
5.600000 63 27
5.670000 63 27
5.740000 63 27
5.810000 63 27
5.880000 0 0
5.950000 63 25
6.020000 63 25
6.090000 63 25
6.160000 63 25
6.230000 63 25
6.300000 0 0
6.370000 46 43
6.440000 46 43
6.510000 46 43
6.580000 0 0
6.650000 0 0
6.720000 0 0
6.790000 62 28
6.860000 62 28
6.930000 62 28
7.000000 62 28
7.070000 62 28
7.140000 62 28
7.210000 62 26
7.280000 62 26
7.350000 62 26
7.420000 62 26
7.490000 62 26
7.560000 62 26
7.630000 41 57
7.700000 41 57
7.770000 0 0
7.840000 0 0
7.910000 0 0
7.980000 0 0
8.050000 53 39
8.120000 53 39
8.190000 53 39
8.260000 53 39
8.330000 53 39
8.400000 0 0
8.470000 53 39
8.540000 53 39
8.610000 53 39
8.680000 53 39
8.750000 53 39
8.820000 53 39
8.890000 46 57
8.960000 46 57
9.030000 46 57
9.100000 0 0
9.170000 0 0
9.240000 0 0
9.310000 53 39
9.380000 53 39
9.450000 53 39
9.520000 53 39
9.590000 53 39
9.660000 0 0
9.730000 53 39
9.800000 53 39
9.870000 53 39
9.940000 53 39
10.010000 53 39
10.080000 53 39
10.150000 0 0
10.220000 46 36
10.290000 46 36
10.360000 46 36
10.430000 0 0
10.500000 0 0
10.570000 0 0
10.640000 0 0
10.710000 63 27
10.780000 63 27
10.850000 63 27
10.920000 63 27
10.990000 63 27
11.060000 0 0
11.130000 63 25
11.200000 63 25
11.270000 63 25
11.340000 63 25
11.410000 63 25
11.480000 0 0
11.550000 46 38
11.620000 46 38
11.690000 46 38
11.760000 0 0
11.830000 0 0
11.900000 0 0
11.970000 62 28
12.040000 62 28
12.110000 62 28
12.180000 62 28
12.250000 62 28
12.320000 62 28
12.390000 62 26
12.460000 62 26
12.530000 62 26
12.600000 62 26
12.670000 62 26
12.740000 0 0
12.810000 41 57
12.880000 41 57
12.950000 0 0
13.020000 0 0
13.090000 0 0
13.160000 0 0
13.230000 53 39
13.300000 53 39
13.370000 53 39
13.440000 53 39
13.510000 53 39
13.580000 0 0
13.650000 53 39
13.720000 53 39
13.790000 53 39
13.860000 53 39
13.930000 53 39
14.000000 0 0
14.070000 46 57
14.140000 46 57
14.210000 0 0
14.280000 0 0
14.350000 0 0
14.420000 0 0
14.490000 53 39
14.560000 53 39
14.630000 53 39
14.700000 53 39
14.770000 53 39
14.840000 53 39
14.910000 0 0
14.980000 0 0
15.050000 0 0
15.120000 0 0
15.190000 0 0
15.260000 0 0
15.330000 0 0
15.400000 41 70
15.470000 41 70
15.540000 41 70
15.610000 0 0
15.680000 0 0
15.750000 0 0
15.820000 63 59
15.890000 63 59
15.960000 63 59
16.030000 63 59
16.100000 63 59
16.170000 0 0
16.240000 63 60
16.310000 63 60
16.380000 63 60
16.450000 63 60
16.520000 63 60
16.590000 0 0
16.660000 46 70
16.730000 46 70
16.800000 0 0
16.870000 0 0
16.940000 0 0
17.010000 62 52
17.080000 62 52
17.150000 62 52
17.220000 62 52
17.290000 62 52
17.360000 0 0
17.430000 46 62
17.500000 46 62
17.570000 0 0
17.640000 0 0
17.710000 0 0
17.780000 0 0
17.850000 39 68
17.920000 39 68
17.990000 39 68
18.060000 39 68
18.130000 0 0
18.200000 63 59
18.270000 63 59
18.340000 63 59
18.410000 63 59
18.480000 63 59
18.550000 63 59
18.620000 55 59
18.690000 0 0
18.760000 0 0
18.830000 0 0
18.900000 0 0
18.970000 0 0
19.040000 0 0
19.110000 0 0
19.180000 46 43
19.250000 46 43
19.320000 46 43
19.390000 0 0
19.460000 0 0
19.530000 0 0
19.600000 0 0
19.670000 62 28
19.740000 62 28
19.810000 62 28
19.880000 62 28
19.950000 62 28
20.020000 62 28
20.090000 62 26
20.160000 62 26
20.230000 62 26
20.300000 62 26
20.370000 62 26
20.440000 0 0
20.510000 41 40
20.580000 41 40
20.650000 41 40
20.720000 0 0
20.790000 0 0
20.860000 0 0
20.930000 63 27
21.000000 63 27
21.070000 63 27
21.140000 63 27
21.210000 63 27
21.280000 0 0
21.350000 63 25
21.420000 63 25
21.490000 63 25
21.560000 63 25
21.630000 63 25
21.700000 63 25
21.770000 46 43
21.840000 46 43
21.910000 46 43
21.980000 0 0
22.050000 0 0
22.120000 0 0
22.190000 0 0
22.260000 62 28
22.330000 62 28
22.400000 62 28
22.470000 62 28
22.540000 62 28
22.610000 62 28
22.680000 62 26
22.750000 62 26
22.820000 62 26
22.890000 62 26
22.960000 62 26
23.030000 62 26
23.100000 41 57
23.170000 41 57
23.240000 0 0
23.310000 0 0
23.380000 0 0
23.450000 0 0
23.520000 53 39
23.590000 53 39
23.660000 53 39
23.730000 53 39
23.800000 53 39
23.870000 0 0
23.940000 53 39
24.010000 53 39
24.080000 53 39
24.150000 53 39
24.220000 53 39
24.290000 53 39
24.360000 46 51
24.430000 46 51
24.500000 46 51
24.570000 0 0
24.640000 0 0
24.710000 0 0
24.780000 53 31
24.850000 53 31
24.920000 53 31
24.990000 53 31
25.060000 53 31
25.130000 53 31
25.200000 0 0
25.270000 53 31
25.340000 53 31
25.410000 53 31
25.480000 53 31
25.550000 53 31
25.620000 53 31
25.690000 46 40
25.760000 46 40
25.830000 46 40
25.900000 0 0
25.970000 0 0
26.040000 0 0
26.110000 0 0
26.180000 63 27
26.250000 63 27
26.320000 63 27
26.390000 63 27
26.460000 63 27
26.530000 0 0
26.600000 63 25
26.670000 63 25
26.740000 63 25
26.810000 63 25
26.880000 63 25
26.950000 0 0
27.020000 46 43
27.090000 46 43
27.160000 46 43
27.230000 0 0
27.300000 0 0
27.370000 0 0
27.440000 0 0
27.510000 62 28
27.580000 62 28
27.650000 62 28
27.720000 62 28
27.790000 62 28
27.860000 62 28
27.930000 62 26
28.000000 62 26
28.070000 62 26
28.140000 62 26
28.210000 62 26
28.280000 62 26
28.350000 41 57
28.420000 41 57
28.490000 41 57
28.560000 0 0
28.630000 0 0
28.700000 0 0
28.770000 0 0
28.840000 53 39
28.910000 53 39
28.980000 53 39
29.050000 53 39
29.120000 53 39
29.190000 53 39
29.260000 53 39
29.330000 53 39
29.400000 53 39
29.470000 53 39
29.540000 53 39
29.610000 53 39
29.680000 46 57
29.750000 46 57
29.820000 46 57
29.890000 0 0
29.960000 0 0
30.030000 0 0
30.100000 0 0
30.170000 53 39
30.240000 53 39
30.310000 53 39
30.380000 53 39
30.450000 53 39
30.520000 53 39
30.590000 0 0
30.660000 0 0
30.730000 0 0
30.800000 0 0
30.870000 0 0
30.940000 0 0
31.010000 41 37
31.080000 41 37
31.150000 41 37
31.220000 41 37
31.290000 41 37
31.360000 41 37
31.430000 0 0
31.500000 48 25
31.570000 48 25
31.640000 48 25
31.710000 48 25
31.780000 48 25
31.850000 48 25
31.920000 48 28
31.990000 48 28
32.060000 48 28
32.130000 48 28
32.200000 48 28
32.270000 0 0
32.340000 41 42
32.410000 41 42
32.480000 41 42
32.550000 41 42
32.620000 41 42
32.690000 41 42
32.760000 50 32
32.830000 50 32
32.900000 50 32
32.970000 50 32
33.040000 50 32
33.110000 50 32
33.180000 50 33
33.250000 50 33
33.320000 50 33
33.390000 50 33
33.460000 50 33
33.530000 0 0
33.600000 41 42
33.670000 41 42
33.740000 41 42
33.810000 41 42
33.880000 41 42
33.950000 0 0
34.020000 48 32
34.090000 48 32
34.160000 48 32
34.230000 48 32
34.300000 48 32
34.370000 48 32
34.440000 0 0
34.510000 48 32
34.580000 48 32
34.650000 48 32
34.720000 48 32
34.790000 48 32
34.860000 48 32
34.930000 41 39
35.000000 41 39
35.070000 41 39
35.140000 0 0
35.210000 0 0
35.280000 0 0
35.350000 50 28
35.420000 50 28
35.490000 50 28
35.560000 0 0
35.630000 0 0
35.700000 0 0
35.770000 41 34
35.840000 41 34
35.910000 41 34
35.980000 0 0
36.050000 0 0
36.120000 0 0
36.190000 48 31
36.260000 48 31
36.330000 0 0
36.400000 0 0
36.470000 0 0
36.540000 0 0
36.610000 41 34
36.680000 41 34
36.750000 41 34
36.820000 0 0
36.890000 0 0
36.960000 0 0
37.030000 0 0
37.100000 48 28
37.170000 48 28
37.240000 0 0
37.310000 0 0
37.380000 0 0
37.450000 0 0
37.520000 41 42
37.590000 41 42
37.660000 41 42
37.730000 0 0
37.800000 0 0
37.870000 0 0
37.940000 50 32
38.010000 50 32
38.080000 0 0
38.150000 0 0
38.220000 0 0
38.290000 0 0
38.360000 41 34
38.430000 41 34
38.500000 41 34
38.570000 0 0
38.640000 0 0
38.710000 0 0
38.780000 48 32
38.850000 48 32
38.920000 0 0
38.990000 0 0
39.060000 0 0
39.130000 0 0
39.200000 41 34
39.270000 41 34
39.340000 41 34
39.410000 0 0
39.480000 0 0
39.550000 0 0
39.620000 48 38
39.690000 48 38
39.760000 48 38
39.830000 48 38
39.900000 48 38
39.970000 48 38
40.040000 48 38
40.110000 48 38
40.180000 48 38
40.250000 48 38
40.320000 48 38
40.390000 48 38
40.460000 0 0
40.530000 53 38
40.600000 53 38
40.670000 53 38
40.740000 53 38
40.810000 53 38
40.880000 53 38
40.950000 0 0
41.020000 0 0
41.090000 0 0
41.160000 0 0
41.230000 0 0
41.300000 0 0
41.370000 0 0
41.440000 0 0
41.510000 41 70
41.580000 41 70
41.650000 41 70
41.720000 0 0
41.790000 0 0
41.860000 0 0
41.930000 63 59
42.000000 63 59
42.070000 63 59
42.140000 63 59
42.210000 63 59
42.280000 0 0
42.350000 63 60
42.420000 63 60
42.490000 63 60
42.560000 63 60
42.630000 63 60
42.700000 0 0
42.770000 46 70
42.840000 46 70
42.910000 0 0
42.980000 0 0
43.050000 0 0
43.120000 62 52
43.190000 62 52
43.260000 62 52
43.330000 62 52
43.400000 62 52
43.470000 0 0
43.540000 46 62
43.610000 46 62
43.680000 0 0
43.750000 0 0
43.820000 0 0
43.890000 0 0
43.960000 39 68
44.030000 39 68
44.100000 39 68
44.170000 39 68
44.240000 0 0
44.310000 58 59
44.380000 63 59
44.450000 63 59
44.520000 63 59
44.590000 63 59
44.660000 63 59
44.730000 63 59
44.800000 0 0
44.870000 0 0
44.940000 0 0
45.010000 0 0
45.080000 0 0
45.150000 0 0
45.220000 46 48
45.290000 46 48
45.360000 46 48
45.430000 0 0
45.500000 0 0
45.570000 0 0
45.640000 0 0
45.710000 62 31
45.780000 62 31
45.850000 62 31
45.920000 62 31
45.990000 62 31
46.060000 62 31
46.130000 62 29
46.200000 62 29
46.270000 62 29
46.340000 62 29
46.410000 62 29
46.480000 0 0
46.550000 41 45
46.620000 41 45
46.690000 41 45
46.760000 0 0
46.830000 0 0
46.900000 0 0
46.970000 0 0
47.040000 63 30
47.110000 63 30
47.180000 63 30
47.250000 63 30
47.320000 63 30
47.390000 0 0
47.460000 63 28
47.530000 63 28
47.600000 63 28
47.670000 63 28
47.740000 63 28
47.810000 0 0
47.880000 46 48
47.950000 46 48
48.020000 46 48
48.090000 0 0
48.160000 0 0
48.230000 0 0
48.300000 62 31
48.370000 62 31
48.440000 62 31
48.510000 62 31
48.580000 62 31
48.650000 62 31
48.720000 0 0
48.790000 62 29
48.860000 62 29
48.930000 62 29
49.000000 62 29
49.070000 62 29
49.140000 62 29
49.210000 41 57
49.280000 41 57
49.350000 0 0
49.420000 0 0
49.490000 0 0
49.560000 0 0
49.630000 53 39
49.700000 53 39
49.770000 53 39
49.840000 53 39
49.910000 53 39
49.980000 53 39
50.050000 53 39
50.120000 53 39
50.190000 53 39
50.260000 53 39
50.330000 53 39
50.400000 0 0
50.470000 46 57
50.540000 46 57
50.610000 46 57
50.680000 0 0
50.750000 0 0
50.820000 0 0
50.890000 53 39
50.960000 53 39
51.030000 53 39
51.100000 53 39
51.170000 53 39
51.240000 0 0
51.310000 53 39
51.380000 53 39
51.450000 53 39
51.520000 53 39
51.590000 53 39
51.660000 53 39
51.730000 46 40
51.800000 46 40
51.870000 46 40
51.940000 0 0
52.010000 0 0
52.080000 0 0
52.150000 0 0
52.220000 63 27
52.290000 63 27
52.360000 63 27
52.430000 63 27
52.500000 63 27
52.570000 0 0
52.640000 63 25
52.710000 63 25
52.780000 63 25
52.850000 63 25
52.920000 63 25
52.990000 0 0
53.060000 46 43
53.130000 46 43
53.200000 46 43
53.270000 0 0
53.340000 0 0
53.410000 0 0
53.480000 0 0
53.550000 62 28
53.620000 62 28
53.690000 62 28
53.760000 62 28
53.830000 62 28
53.900000 62 28
53.970000 62 26
54.040000 62 26
54.110000 62 26
54.180000 62 26
54.250000 62 26
54.320000 0 0
54.390000 41 57
54.460000 41 57
54.530000 0 0
54.600000 0 0
54.670000 0 0
54.740000 0 0
54.810000 53 39
54.880000 53 39
54.950000 53 39
55.020000 53 39
55.090000 53 39
55.160000 0 0
55.230000 53 39
55.300000 53 39
55.370000 53 39
55.440000 53 39
55.510000 53 39
55.580000 0 0
55.650000 46 57
55.720000 46 57
55.790000 0 0
55.860000 0 0
55.930000 0 0
56.000000 0 0
56.070000 53 39
56.140000 53 39
56.210000 53 39
56.280000 53 39
56.350000 53 39
56.420000 0 0
56.490000 0 0
56.560000 0 0
56.630000 0 0
56.700000 0 0
56.770000 0 0
56.840000 0 0
56.910000 41 37
56.980000 41 37
57.050000 41 37
57.120000 41 37
57.190000 41 37
57.260000 41 37
57.330000 48 25
57.400000 48 25
57.470000 48 25
57.540000 48 25
57.610000 48 25
57.680000 48 25
57.750000 0 0
57.820000 48 28
57.890000 48 28
57.960000 48 28
58.030000 48 28
58.100000 48 28
58.170000 0 0
58.240000 41 42
58.310000 41 42
58.380000 41 42
58.450000 41 42
58.520000 41 42
58.590000 41 42
58.660000 50 32
58.730000 50 32
58.800000 50 32
58.870000 50 32
58.940000 50 32
59.010000 50 32
59.080000 50 33
59.150000 50 33
59.220000 50 33
59.290000 50 33
59.360000 50 33
59.430000 0 0
59.500000 41 42
59.570000 41 42
59.640000 41 42
59.710000 41 42
59.780000 41 42
59.850000 0 0
59.920000 48 32
59.990000 48 32
60.060000 48 32
60.130000 48 32
60.200000 48 32
60.270000 48 32
60.340000 48 32
60.410000 48 32
60.480000 48 32
60.550000 48 32
60.620000 48 32
60.690000 48 32
60.760000 0 0
60.830000 41 39
60.900000 41 39
60.970000 41 39
61.040000 0 0
61.110000 0 0
61.180000 0 0
61.250000 50 28
61.320000 50 28
61.390000 50 28
61.460000 0 0
61.530000 0 0
61.600000 0 0
61.670000 41 34
61.740000 41 34
61.810000 41 34
61.880000 0 0
61.950000 0 0
62.020000 0 0
62.090000 48 31
62.160000 48 31
62.230000 0 0
62.300000 0 0
62.370000 0 0
62.440000 0 0
62.510000 41 34
62.580000 41 34
62.650000 41 34
62.720000 0 0
62.790000 0 0
62.860000 0 0
62.930000 0 0
63.000000 48 28
63.070000 48 28
63.140000 0 0
63.210000 0 0
63.280000 0 0
63.350000 0 0
63.420000 41 42
63.490000 41 42
63.560000 41 42
63.630000 0 0
63.700000 0 0
63.770000 0 0
63.840000 50 32
63.910000 50 32
63.980000 50 32
64.050000 0 0
64.120000 0 0
64.190000 0 0
64.260000 41 34
64.330000 41 34
64.400000 41 34
64.470000 0 0
64.540000 0 0
64.610000 0 0
64.680000 48 32
64.750000 48 32
64.820000 0 0
64.890000 0 0
64.960000 0 0
65.030000 0 0
65.100000 41 34
65.170000 41 34
65.240000 41 34
65.310000 0 0
65.380000 0 0
65.450000 0 0
65.520000 48 38
65.590000 48 38
65.660000 48 38
65.730000 48 38
65.800000 48 38
65.870000 48 38
65.940000 48 38
66.010000 48 38
66.080000 48 38
66.150000 48 38
66.220000 48 38
66.290000 48 38
66.360000 0 0
66.430000 53 38
66.500000 53 38
66.570000 53 38
66.640000 53 38
66.710000 53 38
66.780000 53 38
66.850000 0 0
66.920000 0 0
66.990000 0 0
67.060000 0 0
67.130000 0 0
67.200000 0 0
67.270000 0 0
67.340000 0 0
67.410000 41 70
67.480000 41 70
67.550000 41 70
67.620000 0 0
67.690000 0 0
67.760000 0 0
67.830000 63 59
67.900000 63 59
67.970000 63 59
68.040000 63 59
68.110000 63 59
68.180000 0 0
68.250000 63 60
68.320000 63 60
68.390000 63 60
68.460000 63 60
68.530000 63 60
68.600000 0 0
68.670000 46 70
68.740000 46 70
68.810000 0 0
68.880000 0 0
68.950000 0 0
69.020000 0 0
69.090000 62 52
69.160000 62 52
69.230000 62 52
69.300000 62 52
69.370000 62 52
69.440000 46 62
69.510000 46 62
69.580000 0 0
69.650000 0 0
69.720000 0 0
69.790000 0 0
69.860000 39 68
69.930000 39 68
70.000000 39 68
70.070000 39 68
70.140000 0 0
70.210000 58 59
70.280000 63 59
70.350000 63 59
70.420000 63 59
70.490000 63 59
70.560000 63 59
70.630000 63 59
70.700000 0 0
70.770000 0 0
70.840000 0 0
70.910000 0 0
70.980000 0 0
71.050000 0 0
71.120000 46 48
71.190000 46 48
71.260000 46 48
71.330000 0 0
71.400000 0 0
71.470000 0 0
71.540000 0 0
71.610000 62 31
71.680000 62 31
71.750000 62 31
71.820000 62 31
71.890000 62 31
71.960000 62 31
72.030000 62 29
72.100000 62 29
72.170000 62 29
72.240000 62 29
72.310000 62 29
72.380000 0 0
72.450000 41 45
72.520000 41 45
72.590000 41 45
72.660000 0 0
72.730000 0 0
72.800000 0 0
72.870000 0 0
72.940000 63 30
73.010000 63 30
73.080000 63 30
73.150000 63 30
73.220000 63 30
73.290000 0 0
73.360000 63 28
73.430000 63 28
73.500000 63 28
73.570000 63 28
73.640000 63 28
73.710000 0 0
73.780000 46 48
73.850000 46 48
73.920000 46 48
73.990000 0 0
74.060000 0 0
74.130000 0 0
74.200000 0 0
74.270000 62 31
74.340000 62 31
74.410000 62 31
74.480000 62 31
74.550000 62 31
74.620000 62 31
74.690000 62 29
74.760000 62 29
74.830000 62 29
74.900000 62 29
74.970000 62 29
75.040000 62 29
75.110000 41 57
75.180000 41 57
75.250000 0 0
75.320000 0 0
75.390000 0 0
75.460000 0 0
75.530000 53 39
75.600000 53 39
75.670000 53 39
75.740000 53 39
75.810000 53 39
75.880000 0 0
75.950000 53 39
76.020000 53 39
76.090000 53 39
76.160000 53 39
76.230000 53 39
76.300000 53 39
76.370000 46 51
76.440000 46 51
76.510000 46 51
76.580000 0 0
76.650000 0 0
76.720000 0 0
76.790000 0 0
76.860000 53 31
76.930000 53 31
77.000000 53 31
77.070000 53 31
77.140000 53 31
77.210000 0 0
77.280000 53 31
77.350000 53 31
77.420000 53 31
77.490000 53 31
77.560000 53 31
77.630000 53 31
77.700000 46 40
77.770000 46 40
77.840000 46 40
77.910000 0 0
77.980000 0 0
78.050000 0 0
78.120000 0 0
78.190000 63 27
78.260000 63 27
78.330000 63 27
78.400000 63 27
78.470000 63 27
78.540000 0 0
78.610000 63 25
78.680000 63 25
78.750000 63 25
78.820000 63 25
78.890000 63 25
78.960000 0 0
79.030000 46 43
79.100000 46 43
79.170000 46 43
79.240000 0 0
79.310000 0 0
79.380000 0 0
79.450000 0 0
79.520000 62 28
79.590000 62 28
79.660000 62 28
79.730000 62 28
79.800000 62 28
79.870000 62 28
79.940000 62 26
80.010000 62 26
80.080000 62 26
80.150000 62 26
80.220000 62 26
80.290000 0 0
80.360000 41 57
80.430000 41 57
80.500000 0 0
80.570000 0 0
80.640000 0 0
80.710000 0 0
80.780000 53 39
80.850000 53 39
80.920000 53 39
80.990000 53 39
81.060000 53 39
81.130000 0 0
81.200000 53 39
81.270000 53 39
81.340000 53 39
81.410000 53 39
81.480000 53 39
81.550000 53 39
81.620000 46 57
81.690000 46 57
81.760000 46 57
81.830000 0 0
81.900000 0 0
81.970000 0 0
82.040000 53 39
82.110000 53 39
82.180000 53 39
82.250000 53 39
82.320000 53 39
82.390000 53 39
82.460000 46 49
82.530000 46 49
82.600000 46 49
82.670000 46 49
82.740000 46 49
82.810000 46 49
82.880000 0 0
82.950000 42 22
83.020000 42 22
83.090000 42 22
83.160000 42 22
83.230000 42 22
83.300000 42 22
83.370000 42 20
83.440000 42 20
83.510000 42 20
83.580000 42 20
83.650000 42 20
83.720000 42 20
83.790000 42 20
83.860000 42 20
83.930000 42 20
84.000000 42 20
84.070000 42 20
84.140000 42 20
84.210000 0 0
84.280000 42 22
84.350000 42 22
84.420000 42 22
84.490000 42 22
84.560000 42 22
84.630000 42 22
84.700000 42 20
84.770000 42 20
84.840000 42 20
84.910000 42 20
84.980000 42 20
85.050000 42 20
85.120000 42 20
85.190000 42 20
85.260000 42 20
85.330000 42 20
85.400000 42 20
85.470000 42 20
85.540000 0 0
85.610000 42 22
85.680000 42 22
85.750000 42 22
85.820000 42 22
85.890000 42 22
85.960000 42 22
86.030000 42 20
86.100000 42 20
86.170000 42 20
86.240000 42 20
86.310000 42 20
86.380000 42 20
86.450000 0 0
86.520000 42 20
86.590000 42 20
86.660000 42 20
86.730000 42 20
86.800000 42 20
86.870000 42 20
86.940000 42 22
87.010000 42 22
87.080000 42 22
87.150000 42 22
87.220000 42 22
87.290000 42 22
87.360000 0 0
87.430000 42 20
87.500000 42 20
87.570000 42 20
87.640000 42 20
87.710000 42 20
87.780000 42 20
87.850000 42 20
87.920000 42 20
87.990000 42 20
88.060000 42 20
88.130000 42 20
88.200000 42 20
88.270000 0 0
88.340000 42 22
88.410000 42 22
88.480000 42 22
88.550000 42 22
88.620000 42 22
88.690000 42 22
88.760000 42 20
88.830000 42 20
88.900000 42 20
88.970000 42 20
89.040000 42 20
89.110000 42 20
89.180000 0 0
89.250000 42 20
89.320000 42 20
89.390000 42 20
89.460000 42 20
89.530000 42 20
89.600000 42 20
89.670000 42 22
89.740000 42 22
89.810000 42 22
89.880000 42 22
89.950000 42 22
90.020000 42 22
90.090000 0 0
90.160000 42 20
90.230000 42 20
90.300000 42 20
90.370000 42 20
90.440000 42 20
90.510000 42 20
90.580000 42 20
90.650000 42 20
90.720000 42 20
90.790000 42 20
90.860000 42 20
90.930000 42 20
91.000000 0 0
91.070000 42 22
91.140000 42 22
91.210000 42 22
91.280000 42 22
91.350000 42 22
91.420000 42 22
91.490000 42 20
91.560000 42 20
91.630000 42 20
91.700000 42 20
91.770000 42 20
91.840000 42 20
91.910000 42 20
91.980000 42 20
92.050000 42 20
92.120000 42 20
92.190000 42 20
92.260000 42 20
92.330000 0 0
92.400000 41 22
92.470000 41 22
92.540000 41 22
92.610000 41 22
92.680000 41 22
92.750000 41 22
92.820000 41 22
92.890000 41 22
92.960000 41 22
93.030000 41 22
93.100000 41 22
93.170000 41 22
93.240000 41 22
93.310000 41 22
93.380000 41 22
93.450000 41 22
93.520000 41 22
93.590000 41 22
93.660000 41 22
93.730000 0 0
93.800000 41 70
93.870000 41 70
93.940000 41 70
94.010000 0 0
94.080000 0 0
94.150000 0 0
94.220000 63 59
94.290000 63 59
94.360000 63 59
94.430000 63 59
94.500000 63 59
94.570000 0 0
94.640000 63 60
94.710000 63 60
94.780000 63 60
94.850000 63 60
94.920000 63 60
94.990000 46 70
95.060000 46 70
95.130000 0 0
95.200000 0 0
95.270000 0 0
95.340000 0 0
95.410000 62 52
95.480000 62 52
95.550000 62 52
95.620000 62 52
95.690000 62 52
95.760000 0 0
95.830000 46 62
95.900000 46 62
95.970000 0 0
96.040000 0 0
96.110000 0 0
96.180000 0 0
96.250000 39 68
96.320000 39 68
96.390000 39 68
96.460000 39 68
96.530000 0 0
96.600000 63 59
96.670000 63 59
96.740000 63 59
96.810000 63 59
96.880000 63 59
96.950000 63 59
97.020000 55 59
97.090000 0 0
97.160000 0 0
97.230000 0 0
97.300000 0 0
97.370000 0 0
97.440000 0 0
97.510000 46 48
97.580000 46 48
97.650000 46 48
97.720000 0 0
97.790000 0 0
97.860000 0 0
97.930000 0 0
98.000000 62 31
98.070000 62 31
98.140000 62 31
98.210000 62 31
98.280000 62 31
98.350000 62 31
98.420000 62 29
98.490000 62 29
98.560000 62 29
98.630000 62 29
98.700000 62 29
98.770000 62 29
98.840000 41 45
98.910000 41 45
98.980000 41 45
99.050000 0 0
99.120000 0 0
99.190000 0 0
99.260000 0 0
99.330000 63 30
99.400000 63 30
99.470000 63 30
99.540000 63 30
99.610000 63 30
99.680000 0 0
99.750000 63 28
99.820000 63 28
99.890000 63 28
99.960000 63 28
100.030000 63 28
100.100000 0 0
100.170000 46 48
100.240000 46 48
100.310000 46 48
100.380000 0 0
100.450000 0 0
100.520000 0 0
100.590000 0 0
100.660000 62 31
100.730000 62 31
100.800000 62 31
100.870000 62 31
100.940000 62 31
101.010000 62 31
101.080000 62 29
101.150000 62 29
101.220000 62 29
101.290000 62 29
101.360000 62 29
101.430000 62 29
101.500000 41 57
101.570000 41 57
101.640000 0 0
101.710000 0 0
101.780000 0 0
101.850000 0 0
101.920000 53 39
101.990000 53 39
102.060000 53 39
102.130000 53 39
102.200000 53 39
102.270000 0 0
102.340000 53 39
102.410000 53 39
102.480000 53 39
102.550000 53 39
102.620000 53 39
102.690000 53 39
102.760000 46 57
102.830000 46 57
102.900000 46 57
102.970000 0 0
103.040000 0 0
103.110000 0 0
103.180000 0 0
103.250000 53 39
103.320000 53 39
103.390000 53 39
103.460000 53 39
103.530000 53 39
103.600000 0 0
103.670000 53 39
103.740000 53 39
103.810000 53 39
103.880000 53 39
103.950000 53 39
104.020000 53 39
104.090000 46 40
104.160000 46 40
104.230000 46 40
104.300000 0 0
104.370000 0 0
104.440000 0 0
104.510000 0 0
104.580000 63 27
104.650000 63 27
104.720000 63 27
104.790000 63 27
104.860000 63 27
104.930000 0 0
105.000000 63 25
105.070000 63 25
105.140000 63 25
105.210000 63 25
105.280000 63 25
105.350000 0 0
105.420000 46 43
105.490000 46 43
105.560000 46 43
105.630000 0 0
105.700000 0 0
105.770000 0 0
105.840000 62 28
105.910000 62 28
105.980000 62 28
106.050000 62 28
106.120000 62 28
106.190000 62 28
106.260000 62 26
106.330000 62 26
106.400000 62 26
106.470000 62 26
106.540000 62 26
106.610000 0 0
106.680000 41 57
106.750000 41 57
106.820000 0 0
106.890000 0 0
106.960000 0 0
107.030000 0 0
107.100000 53 39
107.170000 53 39
107.240000 53 39
107.310000 53 39
107.380000 53 39
107.450000 0 0
107.520000 53 39
107.590000 53 39
107.660000 53 39
107.730000 53 39
107.800000 53 39
107.870000 0 0
107.940000 46 57
108.010000 46 57
108.080000 0 0
108.150000 0 0
108.220000 0 0
108.290000 0 0
108.360000 53 39
108.430000 53 39
108.500000 53 39
108.570000 53 39
108.640000 53 39
108.710000 53 39
108.780000 0 0
108.850000 46 48
108.920000 46 48
108.990000 46 48
109.060000 46 48
109.130000 46 48
109.200000 46 48
109.270000 42 22
109.340000 42 22
109.410000 42 22
109.480000 42 22
109.550000 42 22
109.620000 42 22
109.690000 42 20
109.760000 42 20
109.830000 42 20
109.900000 42 20
109.970000 42 20
110.040000 42 20
110.110000 0 0
110.180000 42 20
110.250000 42 20
110.320000 42 20
110.390000 42 20
110.460000 42 20
110.530000 42 20
110.600000 42 22
110.670000 42 22
110.740000 42 22
110.810000 42 22
110.880000 42 22
110.950000 42 22
111.020000 42 20
111.090000 42 20
111.160000 42 20
111.230000 42 20
111.300000 42 20
111.370000 42 20
111.440000 0 0
111.510000 42 20
111.580000 42 20
111.650000 42 20
111.720000 42 20
111.790000 42 20
111.860000 42 20
111.930000 42 22
112.000000 42 22
112.070000 42 22
112.140000 42 22
112.210000 42 22
112.280000 42 22
112.350000 0 0
112.420000 42 20
112.490000 42 20
112.560000 42 20
112.630000 42 20
112.700000 42 20
112.770000 42 20
112.840000 42 20
112.910000 42 20
112.980000 42 20
113.050000 42 20
113.120000 42 20
113.190000 42 20
113.260000 0 0
113.330000 42 22
113.400000 42 22
113.470000 42 22
113.540000 42 22
113.610000 42 22
113.680000 42 22
113.750000 42 20
113.820000 42 20
113.890000 42 20
113.960000 42 20
114.030000 42 20
114.100000 42 20
114.170000 0 0
114.240000 42 20
114.310000 42 20
114.380000 42 20
114.450000 42 20
114.520000 42 20
114.590000 42 20
114.660000 0 0
114.730000 42 22
114.800000 42 22
114.870000 42 22
114.940000 42 22
115.010000 42 22
115.080000 42 22
115.150000 42 20
115.220000 42 20
115.290000 42 20
115.360000 42 20
115.430000 42 20
115.500000 42 20
115.570000 42 20
115.640000 42 20
115.710000 42 20
115.780000 42 20
115.850000 42 20
115.920000 42 20
115.990000 0 0
116.060000 42 22
116.130000 42 22
116.200000 42 22
116.270000 42 22
116.340000 42 22
116.410000 42 22
116.480000 42 20
116.550000 42 20
116.620000 42 20
116.690000 42 20
116.760000 42 20
116.830000 42 20
116.900000 42 20
116.970000 42 20
117.040000 42 20
117.110000 42 20
117.180000 42 20
117.250000 42 20
117.320000 0 0
117.390000 42 22
117.460000 42 22
117.530000 42 22
117.600000 42 22
117.670000 42 22
117.740000 42 22
117.810000 42 20
117.880000 42 20
117.950000 42 20
118.020000 42 20
118.090000 42 20
118.160000 42 20
118.230000 42 20
118.300000 42 20
118.370000 42 20
118.440000 42 20
118.510000 42 20
118.580000 42 20
118.650000 0 0
118.720000 41 22
118.790000 41 22
118.860000 41 22
118.930000 41 22
119.000000 41 22
119.070000 41 22
119.140000 41 22
119.210000 41 22
119.280000 41 22
119.350000 41 22
119.420000 41 22
119.490000 41 22
119.560000 41 22
119.630000 41 22
119.700000 41 22
119.770000 41 22
119.840000 41 22
119.910000 41 22
119.980000 41 22
120.050000 48 23
120.120000 41 70
120.190000 41 70
120.260000 41 70
120.330000 0 0
120.400000 0 0
120.470000 0 0
120.540000 63 59
120.610000 63 59
120.680000 63 59
120.750000 63 59
120.820000 63 59
120.890000 0 0
120.960000 63 60
121.030000 63 60
121.100000 63 60
121.170000 63 60
121.240000 63 60
121.310000 0 0
121.380000 46 70
121.450000 46 70
121.520000 0 0
121.590000 0 0
121.660000 0 0
121.730000 62 52
121.800000 62 52
121.870000 62 52
121.940000 62 52
122.010000 62 52
122.080000 0 0
122.150000 46 62
122.220000 46 62
122.290000 0 0
122.360000 0 0
122.430000 0 0
122.500000 0 0
122.570000 39 68
122.640000 39 68
122.710000 39 68
122.780000 39 68
122.850000 0 0
122.920000 63 59
122.990000 63 59
123.060000 63 59
123.130000 63 59
123.200000 63 59
123.270000 63 59
123.340000 55 59
123.410000 0 0
123.480000 0 0
123.550000 0 0
123.620000 0 0
123.690000 0 0
123.760000 0 0
123.830000 0 0
123.900000 46 48
123.970000 46 48
124.040000 46 48
124.110000 0 0
124.180000 0 0
124.250000 0 0
124.320000 0 0
124.390000 62 31
124.460000 62 31
124.530000 62 31
124.600000 62 31
124.670000 62 31
124.740000 62 31
124.810000 62 29
124.880000 62 29
124.950000 62 29
125.020000 62 29
125.090000 62 29
125.160000 0 0
125.230000 41 45
125.300000 41 45
125.370000 41 45
125.440000 0 0
125.510000 0 0
125.580000 0 0
125.650000 63 30
125.720000 63 30
125.790000 63 30
125.860000 63 30
125.930000 63 30
126.000000 0 0
126.070000 63 28
126.140000 63 28
126.210000 63 28
126.280000 63 28
126.350000 63 28
126.420000 0 0
126.490000 46 48
126.560000 46 48
126.630000 46 48
126.700000 0 0
126.770000 0 0
126.840000 0 0
126.910000 0 0
126.980000 62 31
127.050000 62 31
127.120000 62 31
127.190000 62 31
127.260000 62 31
127.330000 62 31
127.400000 62 29
127.470000 62 29
127.540000 62 29
127.610000 62 29
127.680000 62 29
127.750000 62 29
127.820000 41 57
127.890000 41 57
127.960000 0 0
128.030000 0 0
128.100000 0 0
128.170000 0 0
128.240000 53 39
128.310000 53 39
128.380000 53 39
128.450000 53 39
128.520000 53 39
128.590000 0 0
128.660000 53 39
128.730000 53 39
128.800000 53 39
128.870000 53 39
128.940000 53 39
129.010000 53 39
129.080000 0 0
129.150000 46 51
129.220000 46 51
129.290000 46 51
129.360000 0 0
129.430000 0 0
129.500000 0 0
129.570000 53 31
129.640000 53 31
129.710000 53 31
129.780000 53 31
129.850000 53 31
129.920000 0 0
129.990000 53 31
130.060000 53 31
130.130000 53 31
130.200000 53 31
130.270000 53 31
130.340000 53 31
130.410000 46 40
130.480000 46 40
130.550000 46 40
130.620000 0 0
130.690000 0 0
130.760000 0 0
130.830000 0 0
130.900000 63 27
130.970000 63 27
131.040000 63 27
131.110000 63 27
131.180000 63 27
131.250000 0 0
131.320000 63 25
131.390000 63 25
131.460000 63 25
131.530000 63 25
131.600000 63 25
131.670000 0 0
131.740000 46 43
131.810000 46 43
131.880000 46 43
131.950000 0 0
132.020000 0 0
132.090000 0 0
132.160000 0 0
132.230000 62 28
132.300000 62 28
132.370000 62 28
132.440000 62 28
132.510000 62 28
132.580000 62 28
132.650000 62 26
132.720000 62 26
132.790000 62 26
132.860000 62 26
132.930000 62 26
133.000000 62 26
133.070000 0 0
133.140000 41 57
133.210000 41 57
133.280000 41 57
133.350000 0 0
133.420000 0 0
133.490000 0 0
133.560000 53 41
133.630000 53 41
133.700000 53 41
133.770000 53 41
133.840000 53 41
133.910000 53 41
133.980000 53 44
134.050000 53 44
134.120000 53 44
134.190000 53 44
134.260000 53 44
134.330000 53 44
134.400000 46 68
134.470000 46 68
134.540000 46 68
134.610000 46 68
134.680000 46 68
134.750000 46 68
134.820000 0 0
134.890000 46 46
134.960000 46 46
135.030000 46 46
135.100000 46 46
135.170000 46 46
135.240000 46 46
135.310000 46 46
135.380000 46 46
135.450000 46 46
135.520000 46 46
135.590000 46 46
135.660000 46 46
135.730000 46 46
135.800000 46 46
135.870000 0 0
