"chpn-p11"

# Piano right
0.000000 0 0
0.070000 78 55
0.140000 78 55
0.210000 78 55
0.280000 78 55
0.350000 78 55
0.420000 78 55
0.490000 78 55
0.560000 78 55
0.630000 78 55
0.700000 78 55
0.770000 78 55
0.840000 78 55
0.910000 78 55
0.980000 78 55
1.050000 78 55
1.120000 78 55
1.190000 78 55
1.260000 78 55
1.330000 78 55
1.400000 78 55
1.470000 78 55
1.540000 78 55
1.610000 78 55
1.680000 77 48
1.750000 77 48
1.820000 78 53
1.890000 78 53
1.960000 0 0
2.030000 80 57
2.100000 80 57
2.170000 78 55
2.240000 78 55
2.310000 0 0
2.380000 76 52
2.450000 76 52
2.520000 75 49
2.590000 75 49
2.660000 0 0
2.730000 64 39
2.800000 64 39
2.870000 66 40
2.940000 0 0
3.010000 70 36
3.080000 68 46
3.150000 68 46
3.220000 66 42
3.290000 66 42
3.360000 0 0
3.430000 66 41
3.500000 66 41
3.570000 75 41
3.640000 75 41
3.710000 0 0
3.780000 64 39
3.850000 64 39
3.920000 66 44
3.990000 70 33
4.060000 0 0
4.130000 68 45
4.200000 68 45
4.270000 66 43
4.340000 66 43
4.410000 66 43
4.480000 66 43
4.550000 0 0
4.620000 75 43
4.690000 75 43
4.760000 64 40
4.830000 64 40
4.900000 66 52
4.970000 66 52
5.040000 0 0
5.110000 63 59
5.180000 63 59
5.250000 66 56
5.320000 66 56
5.390000 71 51
5.460000 71 51
5.530000 66 56
5.600000 66 56
5.670000 71 45
5.740000 71 45
5.810000 0 0
5.880000 66 47
5.950000 66 47
6.020000 80 62
6.090000 80 62
6.160000 66 48
6.230000 66 48
6.300000 71 46
6.370000 71 46
6.440000 66 45
6.510000 66 45
6.580000 0 0
6.650000 64 48
6.720000 64 48
6.790000 66 56
6.860000 70 43
6.930000 0 0
7.000000 68 55
7.070000 68 55
7.140000 66 52
7.210000 66 52
7.280000 66 52
7.350000 66 52
7.420000 75 52
7.490000 75 52
7.560000 0 0
7.630000 64 49
7.700000 64 49
7.770000 66 55
7.840000 70 41
7.910000 68 52
7.980000 68 52
8.050000 0 0
8.120000 66 51
8.190000 66 51
8.260000 66 51
8.330000 66 51
8.400000 75 51
8.470000 75 51
8.540000 64 51
8.610000 64 51
8.680000 0 0
8.750000 66 56
8.820000 66 56
8.890000 63 54
8.960000 63 54
9.030000 66 59
9.100000 66 59
9.170000 0 0
9.240000 71 56
9.310000 71 56
9.380000 66 62
9.450000 66 62
9.520000 71 59
9.590000 71 59
9.660000 0 0
9.730000 66 66
9.800000 66 66
9.870000 79 74
9.940000 79 74
10.010000 67 69
10.080000 67 69
10.150000 80 76
10.220000 80 76
10.290000 0 0
10.360000 68 70
10.430000 68 70
10.500000 75 64
10.570000 75 64
10.640000 75 66
10.710000 78 46
10.780000 76 70
10.850000 76 70
10.920000 0 0
10.990000 75 66
11.060000 75 66
11.130000 71 69
11.200000 71 69
11.270000 83 57
11.340000 83 57
11.410000 78 54
11.480000 78 54
11.550000 75 65
11.620000 75 65
11.690000 70 65
11.760000 73 47
11.830000 71 65
11.900000 71 65
11.970000 70 63
12.040000 70 63
12.110000 0 0
12.180000 78 57
12.250000 78 57
12.320000 71 60
12.390000 71 60
12.460000 71 60
12.530000 71 60
12.600000 71 60
12.670000 71 60
12.740000 71 60
12.810000 71 60
12.880000 71 60
12.950000 68 57
13.020000 68 57
13.090000 68 57
13.160000 68 57
13.230000 73 59
13.300000 75 61
13.370000 75 61
13.440000 75 61
13.510000 75 61
13.580000 75 61
13.650000 75 61
13.720000 75 61
13.790000 75 61
13.860000 75 61
13.930000 75 61
14.000000 75 61
14.070000 75 61
14.140000 75 61
14.210000 75 61
14.280000 75 61
14.350000 64 48
14.420000 64 48
14.490000 0 0
14.560000 66 52
14.630000 0 0
14.700000 68 50
14.770000 68 50
14.840000 0 0
14.910000 66 49
14.980000 66 49
15.050000 0 0
15.120000 66 49
15.190000 66 49
15.260000 75 49
15.330000 75 49
15.400000 0 0
15.470000 64 45
15.540000 64 45
15.610000 66 51
15.680000 0 0
15.750000 0 0
15.820000 68 48
15.890000 68 48
15.960000 66 47
16.030000 66 47
16.100000 0 0
16.170000 66 47
16.240000 66 47
16.310000 75 47
16.380000 75 47
16.450000 0 0
16.520000 64 43
16.590000 64 43
16.660000 66 45
16.730000 66 45
16.800000 0 0
16.870000 63 44
16.940000 63 44
17.010000 66 47
17.080000 66 47
17.150000 0 0
17.220000 71 44
17.290000 71 44
17.360000 66 48
17.430000 66 48
17.500000 0 0
17.570000 71 44
17.640000 71 44
17.710000 0 0
17.780000 66 34
17.850000 66 34
17.920000 71 37
17.990000 71 37
18.060000 0 0
18.130000 66 34
18.200000 66 34
18.270000 0 0
18.340000 71 32
18.410000 71 32
18.480000 66 32
18.550000 66 32
18.620000 0 0
18.690000 64 39
18.760000 64 39
18.830000 0 0
18.900000 66 47
18.970000 0 0
19.040000 68 44
19.110000 68 44
19.180000 0 0
19.250000 66 44
19.320000 66 44
19.390000 0 0
19.460000 66 44
19.530000 66 44
19.600000 0 0
19.670000 75 44
19.740000 75 44
19.810000 64 42
19.880000 64 42
19.950000 0 0
20.020000 66 47
20.090000 0 0
20.160000 0 0
20.230000 68 43
20.300000 68 43
20.370000 66 43
20.440000 66 43
20.510000 0 0
20.580000 66 43
20.650000 66 43
20.720000 0 0
20.790000 78 43
20.860000 78 43
20.930000 78 43
21.000000 63 50
21.070000 63 50
21.140000 63 50
21.210000 63 50
21.280000 63 50
21.350000 63 50
21.420000 63 50
21.490000 63 50
21.560000 63 50
21.630000 63 50
21.700000 63 50
21.770000 63 50
21.840000 63 50
21.910000 63 50
21.980000 63 50
22.050000 63 50
22.120000 63 50
22.190000 63 50
22.260000 63 50
22.330000 77 58
22.400000 77 58
22.470000 0 0
22.540000 78 60
22.610000 78 60
22.680000 0 0
22.750000 80 63
22.820000 80 63
22.890000 0 0
22.960000 78 60
23.030000 78 60
23.100000 0 0
23.170000 76 58
23.240000 76 58
23.310000 0 0
23.380000 75 54
23.450000 75 54
23.520000 75 51
23.590000 75 51
23.660000 75 51
23.730000 75 51
23.800000 75 51
23.870000 75 51
23.940000 75 51
24.010000 75 51
24.080000 0 0
24.150000 67 38
24.220000 67 38
24.290000 0 0
24.360000 75 50
24.430000 75 50
24.500000 0 0
24.570000 76 50
24.640000 76 50
24.710000 68 37
24.780000 68 37
24.850000 68 37
24.920000 68 37
24.990000 68 37
25.060000 68 37
25.130000 68 37
25.200000 68 37
25.270000 71 49
25.340000 64 39
25.410000 64 39
25.480000 64 39
25.550000 64 39
25.620000 64 39
25.690000 64 39
25.760000 64 39
25.830000 64 39
25.900000 64 39
25.970000 63 39
26.040000 63 39
26.110000 63 39
26.180000 63 39
26.250000 63 39
26.320000 63 39
26.390000 63 39
26.460000 63 39
26.530000 63 39
26.600000 63 39
26.670000 63 39
26.740000 63 39
26.810000 63 39
26.880000 63 39
26.950000 63 39
27.020000 63 39
27.090000 63 39
27.160000 0 0
27.230000 63 32
27.300000 63 32
27.370000 63 32
27.440000 63 32
27.510000 63 32
27.580000 63 32
27.650000 63 32
27.720000 63 32
27.790000 63 32
27.860000 63 32
27.930000 63 32
28.000000 63 32
28.070000 63 32
28.140000 63 32
28.210000 63 32
28.280000 63 32
28.350000 63 32
28.420000 63 32
28.490000 63 32
28.560000 63 32
28.630000 63 38
28.700000 63 38
28.770000 63 38
28.840000 63 38
28.910000 63 38
28.980000 63 38
29.050000 63 38
29.120000 63 38
29.190000 63 38
29.260000 63 38
29.330000 63 38
29.400000 63 38
29.470000 63 38
29.540000 63 38
29.610000 63 38
29.680000 63 38
29.750000 63 38
29.820000 63 38
29.890000 63 38
29.960000 63 38
30.030000 63 38
30.100000 63 38
30.170000 63 38
30.240000 0 0
# Piano left
0.000000 0 0
0.070000 0 0
0.140000 0 0
0.210000 0 0
0.280000 0 0
0.350000 0 0
0.420000 0 0
0.490000 0 0
0.560000 0 0
0.630000 0 0
0.700000 0 0
0.770000 0 0
0.840000 0 0
0.910000 0 0
0.980000 0 0
1.050000 0 0
1.120000 0 0
1.190000 0 0
1.260000 0 0
1.330000 0 0
1.400000 0 0
1.470000 0 0
1.540000 0 0
1.610000 0 0
1.680000 0 0
1.750000 0 0
1.820000 0 0
1.890000 0 0
1.960000 0 0
2.030000 0 0
2.100000 0 0
2.170000 0 0
2.240000 0 0
2.310000 0 0
2.380000 0 0
2.450000 0 0
2.520000 0 0
2.590000 0 0
2.660000 0 0
2.730000 58 33
2.800000 58 33
2.870000 54 31
2.940000 54 31
3.010000 0 0
3.080000 49 34
3.150000 49 34
3.220000 42 31
3.290000 42 31
3.360000 0 0
3.430000 49 33
3.500000 49 33
3.570000 54 33
3.640000 54 33
3.710000 0 0
3.780000 58 36
3.850000 58 36
3.920000 54 33
3.990000 54 33
4.060000 0 0
4.130000 49 33
4.200000 49 33
4.270000 42 33
4.340000 42 33
4.410000 49 33
4.480000 49 33
4.550000 0 0
4.620000 54 33
4.690000 54 33
4.760000 47 39
4.830000 47 39
4.900000 54 35
4.970000 54 35
5.040000 0 0
5.110000 47 43
5.180000 47 43
5.250000 54 38
5.320000 54 38
5.390000 51 44
5.460000 51 44
5.530000 59 40
5.600000 59 40
5.670000 63 32
5.740000 63 32
5.810000 0 0
5.880000 54 33
5.950000 54 33
6.020000 59 39
6.090000 59 39
6.160000 51 33
6.230000 51 33
6.300000 54 36
6.370000 54 36
6.440000 47 33
6.510000 47 33
6.580000 0 0
6.650000 58 40
6.720000 58 40
6.790000 54 37
6.860000 54 37
6.930000 0 0
7.000000 49 40
7.070000 49 40
7.140000 42 36
7.210000 42 36
7.280000 49 36
7.350000 49 36
7.420000 54 36
7.490000 54 36
7.560000 0 0
7.630000 58 40
7.700000 58 40
7.770000 54 34
7.840000 54 34
7.910000 49 38
7.980000 49 38
8.050000 0 0
8.120000 42 35
8.190000 42 35
8.260000 49 38
8.330000 49 38
8.400000 54 32
8.470000 54 32
8.540000 47 41
8.610000 47 41
8.680000 0 0
8.750000 54 37
8.820000 54 37
8.890000 47 45
8.960000 47 45
9.030000 54 36
9.100000 54 36
9.170000 0 0
9.240000 51 48
9.310000 51 48
9.380000 59 39
9.450000 59 39
9.520000 63 48
9.590000 63 48
9.660000 0 0
9.730000 54 39
9.800000 54 39
9.870000 61 52
9.940000 61 52
10.010000 52 48
10.080000 52 48
10.150000 59 53
10.220000 59 53
10.290000 0 0
10.360000 51 49
10.430000 51 49
10.500000 44 54
10.570000 44 54
10.640000 51 47
10.710000 51 47
10.780000 63 54
10.850000 63 54
10.920000 0 0
10.990000 56 47
11.060000 56 47
11.130000 63 52
11.200000 63 52
11.270000 59 35
11.340000 59 35
11.410000 51 39
11.480000 51 39
11.550000 66 44
11.620000 66 44
11.690000 58 49
11.760000 58 49
11.830000 54 40
11.900000 54 40
11.970000 63 47
12.040000 63 47
12.110000 0 0
12.180000 58 49
12.250000 58 49
12.320000 40 53
12.390000 40 53
12.460000 59 38
12.530000 59 38
12.600000 47 36
12.670000 47 36
12.740000 0 0
12.810000 56 35
12.880000 56 35
12.950000 59 37
13.020000 59 37
13.090000 0 0
13.160000 52 42
13.230000 52 42
13.300000 47 40
13.370000 47 40
13.440000 0 0
13.510000 53 40
13.580000 53 40
13.650000 54 47
13.720000 54 47
13.790000 0 0
13.860000 61 48
13.930000 61 48
14.000000 59 43
14.070000 59 43
14.140000 0 0
14.210000 56 35
14.280000 56 35
14.350000 58 38
14.420000 58 38
14.490000 0 0
14.560000 54 31
14.630000 54 31
14.700000 49 36
14.770000 49 36
14.840000 0 0
14.910000 42 30
14.980000 42 30
15.050000 0 0
15.120000 49 34
15.190000 49 34
15.260000 54 34
15.330000 54 34
15.400000 0 0
15.470000 58 36
15.540000 58 36
15.610000 54 33
15.680000 54 33
15.750000 0 0
15.820000 49 35
15.890000 49 35
15.960000 42 31
16.030000 42 31
16.100000 0 0
16.170000 49 32
16.240000 49 32
16.310000 54 30
16.380000 54 30
16.450000 0 0
16.520000 35 35
16.590000 35 35
16.660000 42 32
16.730000 42 32
16.800000 0 0
16.870000 47 36
16.940000 47 36
17.010000 54 31
17.080000 54 31
17.150000 0 0
17.220000 51 37
17.290000 51 37
17.360000 59 33
17.430000 59 33
17.500000 0 0
17.570000 62 27
17.640000 62 27
17.710000 0 0
17.780000 63 27
17.850000 63 27
17.920000 64 29
17.990000 64 29
18.060000 0 0
18.130000 63 27
18.200000 63 27
18.270000 0 0
18.340000 61 30
18.410000 61 30
18.480000 59 29
18.550000 59 29
18.620000 0 0
18.690000 58 36
18.760000 58 36
18.830000 0 0
18.900000 0 0
18.970000 0 0
19.040000 49 30
19.110000 49 30
19.180000 0 0
19.250000 42 30
19.320000 42 30
19.390000 0 0
19.460000 49 30
19.530000 49 30
19.600000 0 0
19.670000 54 30
19.740000 54 30
19.810000 58 35
19.880000 58 35
19.950000 0 0
20.020000 54 29
20.090000 54 29
20.160000 0 0
20.230000 49 34
20.300000 49 34
20.370000 42 31
20.440000 42 31
20.510000 0 0
20.580000 49 31
20.650000 49 31
20.720000 0 0
20.790000 58 34
20.860000 58 34
20.930000 58 34
21.000000 0 0
21.070000 47 33
21.140000 47 33
21.210000 47 33
21.280000 47 33
21.350000 47 33
21.420000 47 33
21.490000 47 33
21.560000 47 33
21.630000 47 33
21.700000 47 33
21.770000 47 33
21.840000 47 33
21.910000 47 33
21.980000 47 33
22.050000 47 33
22.120000 47 33
22.190000 47 33
22.260000 47 33
22.330000 0 0
22.400000 0 0
22.470000 0 0
22.540000 0 0
22.610000 0 0
22.680000 0 0
22.750000 0 0
22.820000 0 0
22.890000 0 0
22.960000 0 0
23.030000 0 0
23.100000 0 0
23.170000 0 0
23.240000 0 0
23.310000 0 0
23.380000 0 0
23.450000 0 0
23.520000 0 0
23.590000 0 0
23.660000 0 0
23.730000 0 0
23.800000 0 0
23.870000 0 0
23.940000 0 0
24.010000 0 0
24.080000 0 0
24.150000 58 32
24.220000 58 32
24.290000 58 32
24.360000 58 32
24.430000 58 32
24.500000 58 32
24.570000 58 32
24.640000 58 32
24.710000 56 29
24.780000 56 29
24.850000 56 29
24.920000 56 29
24.990000 56 29
25.060000 56 29
25.130000 56 29
25.200000 56 29
25.270000 0 0
25.340000 54 29
25.410000 54 29
25.480000 54 29
25.550000 54 29
25.620000 54 29
25.690000 54 29
25.760000 54 29
25.830000 54 29
25.900000 54 29
25.970000 54 32
26.040000 54 32
26.110000 54 32
26.180000 54 32
26.250000 54 32
26.320000 54 32
26.390000 54 32
26.460000 54 32
26.530000 54 32
26.600000 54 32
26.670000 54 32
26.740000 54 32
26.810000 54 32
26.880000 54 32
26.950000 54 32
27.020000 54 32
27.090000 54 32
27.160000 0 0
27.230000 54 26
27.300000 54 26
27.370000 54 26
27.440000 54 26
27.510000 54 26
27.580000 54 26
27.650000 54 26
27.720000 54 26
27.790000 54 26
27.860000 54 26
27.930000 54 26
28.000000 54 26
28.070000 54 26
28.140000 54 26
28.210000 54 26
28.280000 54 26
28.350000 54 26
28.420000 54 26
28.490000 54 26
28.560000 54 26
28.630000 35 22
28.700000 35 22
28.770000 35 22
28.840000 35 22
28.910000 35 22
28.980000 35 22
29.050000 35 22
29.120000 35 22
29.190000 35 22
29.260000 35 22
29.330000 35 22
29.400000 35 22
29.470000 35 22
29.540000 35 22
29.610000 35 22
29.680000 35 22
29.750000 35 22
29.820000 35 22
29.890000 35 22
29.960000 35 22
30.030000 35 22
30.100000 35 22
30.170000 35 22
30.240000 0 0
