"chpn-p18"

# Piano right
0.000000 0 0
0.070000 60 52
0.140000 61 48
0.210000 0 0
0.280000 57 53
0.350000 0 0
0.420000 58 49
0.490000 55 58
0.560000 0 0
0.630000 58 62
0.700000 0 0
0.770000 67 68
0.840000 65 70
0.910000 0 0
0.980000 65 73
1.050000 65 73
1.120000 65 73
1.190000 65 73
1.260000 65 73
1.330000 65 73
1.400000 65 73
1.470000 65 73
1.540000 65 73
1.610000 65 73
1.680000 65 73
1.750000 65 73
1.820000 64 52
1.890000 64 52
1.960000 64 52
2.030000 64 52
2.100000 60 52
2.170000 0 0
2.240000 61 48
2.310000 0 0
2.380000 57 53
2.450000 0 0
2.520000 58 57
2.590000 55 57
2.660000 0 0
2.730000 58 61
2.800000 0 0
2.870000 67 63
2.940000 65 64
3.010000 0 0
3.080000 65 67
3.150000 65 67
3.220000 65 67
3.290000 65 67
3.360000 65 67
3.430000 65 67
3.500000 65 67
3.570000 65 67
3.640000 65 67
3.710000 65 67
3.780000 65 67
3.850000 65 67
3.920000 64 52
3.990000 64 52
4.060000 64 52
4.130000 64 52
4.200000 60 52
4.270000 0 0
4.340000 61 48
4.410000 0 0
4.480000 57 52
4.550000 58 48
4.620000 0 0
4.690000 55 49
4.760000 0 0
4.830000 58 50
4.900000 67 54
4.970000 0 0
5.040000 65 55
5.110000 0 0
5.180000 63 58
5.250000 64 55
5.320000 0 0
5.390000 70 59
5.460000 0 0
5.530000 68 57
5.600000 66 58
5.670000 0 0
5.740000 67 62
5.810000 0 0
5.880000 73 65
5.950000 72 61
6.020000 0 0
6.090000 69 67
6.160000 70 66
6.230000 0 0
6.300000 85 71
6.370000 0 0
6.440000 79 67
6.510000 84 71
6.580000 0 0
6.650000 82 70
6.720000 80 68
6.790000 0 0
6.860000 79 66
6.930000 0 0
7.000000 77 65
7.070000 76 63
7.140000 0 0
7.210000 79 61
7.280000 70 60
7.350000 0 0
7.420000 71 61
7.490000 72 56
7.560000 0 0
7.630000 73 59
7.700000 67 56
7.770000 72 56
7.840000 0 0
7.910000 70 57
7.980000 0 0
8.050000 69 53
8.120000 65 57
8.190000 0 0
8.260000 66 59
8.330000 0 0
8.400000 62 60
8.470000 63 64
8.540000 0 0
8.610000 72 69
8.680000 0 0
8.750000 70 69
8.820000 0 0
8.890000 70 74
8.960000 70 74
9.030000 70 74
9.100000 70 74
9.170000 70 74
9.240000 70 74
9.310000 70 74
9.380000 70 74
9.450000 70 74
9.520000 70 74
9.590000 70 74
9.660000 70 74
9.730000 69 57
9.800000 69 57
9.870000 69 57
9.940000 69 57
10.010000 65 57
10.080000 66 53
10.150000 0 0
10.220000 62 54
10.290000 0 0
10.360000 63 54
10.430000 0 0
10.500000 60 57
10.570000 63 68
10.640000 0 0
10.710000 72 70
10.780000 0 0
10.850000 70 73
10.920000 70 76
10.990000 70 76
11.060000 70 76
11.130000 70 76
11.200000 70 76
11.270000 70 76
11.340000 70 76
11.410000 70 76
11.480000 70 76
11.550000 70 76
11.620000 70 76
11.690000 70 76
11.760000 69 57
11.830000 69 57
11.900000 69 57
11.970000 69 57
12.040000 65 57
12.110000 0 0
12.180000 66 53
12.250000 0 0
12.320000 62 52
12.390000 0 0
12.460000 63 50
12.530000 60 54
12.600000 0 0
12.670000 63 55
12.740000 0 0
12.810000 72 57
12.880000 70 59
12.950000 0 0
13.020000 68 63
13.090000 0 0
13.160000 69 57
13.230000 78 63
13.300000 0 0
13.370000 77 58
13.440000 0 0
13.510000 74 60
13.580000 75 60
13.650000 0 0
13.720000 85 66
13.790000 84 64
13.860000 0 0
13.930000 82 68
14.000000 0 0
14.070000 81 68
14.140000 87 72
14.210000 0 0
14.280000 76 70
14.350000 77 71
14.420000 0 0
14.490000 78 73
14.560000 72 69
14.630000 0 0
14.700000 73 74
14.770000 77 76
14.840000 0 0
14.910000 75 76
14.980000 73 75
15.050000 0 0
15.120000 72 72
15.190000 0 0
15.260000 70 72
15.330000 69 76
15.400000 72 79
15.470000 64 79
15.540000 0 0
15.610000 65 79
15.680000 66 83
15.750000 0 0
15.820000 60 83
15.890000 65 83
15.960000 63 85
16.030000 0 0
16.100000 61 85
16.170000 60 95
16.240000 60 95
16.310000 60 95
16.380000 0 0
16.450000 58 89
16.520000 58 89
16.590000 58 89
16.660000 61 80
16.730000 61 80
16.800000 61 80
16.870000 0 0
16.940000 0 0
17.010000 0 0
17.080000 0 0
17.150000 0 0
17.220000 73 66
17.290000 73 66
17.360000 67 69
17.430000 68 74
17.500000 0 0
17.570000 69 76
17.640000 0 0
17.710000 72 80
17.780000 70 84
17.850000 0 0
17.920000 68 88
17.990000 67 92
18.060000 0 0
18.130000 65 95
18.200000 64 93
18.270000 0 0
18.340000 0 0
18.410000 0 0
18.480000 0 0
18.550000 61 79
18.620000 61 79
18.690000 61 79
18.760000 0 0
18.830000 0 0
18.900000 0 0
18.970000 0 0
19.040000 80 90
19.110000 0 0
19.180000 70 82
19.250000 0 0
19.320000 80 86
19.390000 0 0
19.460000 79 84
19.530000 76 81
19.600000 0 0
19.670000 73 78
19.740000 70 76
19.810000 0 0
19.880000 67 74
19.950000 64 71
20.020000 65 68
20.090000 0 0
20.160000 0 0
20.230000 0 0
20.300000 0 0
20.370000 0 0
20.440000 53 76
20.510000 53 76
20.580000 53 76
20.650000 0 0
20.720000 0 0
20.790000 0 0
20.860000 0 0
20.930000 84 88
21.000000 77 84
21.070000 0 0
21.140000 78 88
21.210000 0 0
21.280000 79 86
21.350000 82 81
21.420000 0 0
21.490000 80 77
21.560000 77 75
21.630000 73 73
21.700000 0 0
21.770000 72 71
21.840000 72 70
21.910000 71 68
21.980000 0 0
22.050000 0 0
22.120000 0 0
22.190000 0 0
22.260000 0 0
22.330000 62 77
22.400000 62 77
22.470000 62 77
22.540000 0 0
22.610000 0 0
22.680000 0 0
22.750000 0 0
22.820000 92 85
22.890000 92 85
22.960000 86 84
23.030000 87 84
23.100000 0 0
23.170000 0 0
23.240000 0 0
23.310000 0 0
23.380000 0 0
23.450000 0 0
23.520000 0 0
23.590000 0 0
23.660000 0 0
23.730000 0 0
23.800000 0 0
23.870000 0 0
23.940000 0 0
24.010000 59 79
24.080000 0 0
24.150000 60 71
24.220000 65 74
24.290000 0 0
24.360000 63 70
24.430000 63 70
24.500000 0 0
24.570000 68 69
24.640000 68 69
24.710000 68 69
24.780000 0 0
24.850000 0 0
24.920000 0 0
24.990000 0 0
25.060000 74 69
25.130000 74 69
25.200000 0 0
25.270000 73 57
25.340000 73 57
25.410000 72 57
25.480000 72 57
25.550000 72 57
25.620000 0 0
25.690000 72 55
25.760000 0 0
25.830000 72 54
25.900000 72 54
25.970000 0 0
26.040000 59 72
26.110000 0 0
26.180000 60 69
26.250000 0 0
26.320000 65 72
26.390000 64 67
26.460000 64 67
26.530000 0 0
26.600000 68 69
26.670000 68 69
26.740000 68 69
26.810000 0 0
26.880000 0 0
26.950000 0 0
27.020000 0 0
27.090000 74 73
27.160000 74 73
27.230000 73 65
27.300000 73 65
27.370000 0 0
27.440000 72 63
27.510000 72 63
27.580000 72 58
27.650000 0 0
27.720000 72 58
27.790000 72 57
27.860000 0 0
27.930000 72 57
28.000000 72 57
28.070000 59 76
28.140000 0 0
28.210000 60 73
28.280000 0 0
28.350000 67 76
28.420000 65 71
28.490000 65 71
28.560000 0 0
28.630000 68 73
28.700000 68 73
28.770000 68 73
28.840000 0 0
28.910000 0 0
28.980000 0 0
29.050000 0 0
29.120000 59 76
29.190000 0 0
29.260000 60 73
29.330000 0 0
29.400000 70 76
29.470000 68 71
29.540000 68 71
29.610000 68 73
29.680000 68 73
29.750000 68 73
29.820000 0 0
29.890000 0 0
29.960000 0 0
30.030000 0 0
30.100000 68 65
30.170000 68 65
30.240000 0 0
30.310000 0 0
30.380000 72 74
30.450000 72 74
30.520000 72 74
30.590000 73 65
30.660000 73 65
30.730000 0 0
30.800000 85 89
30.870000 85 89
30.940000 85 89
31.010000 73 65
31.080000 73 65
31.150000 0 0
31.220000 0 0
31.290000 92 89
31.360000 92 89
31.430000 92 89
31.500000 77 65
31.570000 77 65
31.640000 0 0
31.710000 0 0
31.780000 91 89
31.850000 91 89
31.920000 91 89
31.990000 59 77
32.060000 59 77
32.130000 59 77
32.200000 0 0
32.270000 0 0
32.340000 0 0
32.410000 0 0
32.480000 0 0
32.550000 89 92
32.620000 89 92
32.690000 89 92
32.760000 89 92
32.830000 89 92
32.900000 0 0
32.970000 87 85
33.040000 0 0
33.110000 0 0
33.180000 0 0
33.250000 0 0
33.320000 0 0
33.390000 0 0
33.460000 0 0
33.530000 0 0
33.600000 0 0
33.670000 0 0
33.740000 0 0
33.810000 0 0
33.880000 0 0
33.950000 0 0
34.020000 0 0
34.090000 0 0
34.160000 0 0
34.230000 41 88
34.300000 43 79
34.370000 41 83
34.440000 43 76
34.510000 41 79
34.580000 43 72
34.650000 41 79
34.720000 41 74
34.790000 43 68
34.860000 41 76
34.930000 41 75
35.000000 43 66
35.070000 0 0
35.140000 0 0
35.210000 0 0
35.280000 0 0
35.350000 0 0
35.420000 0 0
35.490000 0 0
35.560000 0 0
35.630000 0 0
35.700000 0 0
35.770000 0 0
35.840000 0 0
35.910000 0 0
35.980000 0 0
36.050000 36 109
36.120000 36 109
36.190000 36 109
36.260000 0 0
36.330000 0 0
36.400000 0 0
36.470000 0 0
36.540000 0 0
36.610000 0 0
36.680000 0 0
36.750000 0 0
36.820000 0 0
36.890000 0 0
36.960000 0 0
37.030000 0 0
37.100000 0 0
37.170000 0 0
37.240000 0 0
37.310000 0 0
37.380000 0 0
37.450000 0 0
37.520000 0 0
37.590000 0 0
37.660000 0 0
37.730000 0 0
37.800000 0 0
37.870000 0 0
37.940000 0 0
38.010000 0 0
38.080000 0 0
38.150000 0 0
38.220000 0 0
38.290000 0 0
38.360000 0 0
38.430000 0 0
38.500000 0 0
38.570000 48 86
38.640000 48 86
38.710000 48 86
38.780000 48 86
38.850000 48 86
38.920000 48 86
38.990000 48 86
39.060000 48 86
39.130000 48 86
39.200000 48 86
39.270000 48 86
39.340000 48 86
39.410000 48 86
39.480000 48 86
39.550000 48 86
39.620000 0 0
39.690000 56 98
39.760000 56 98
39.830000 56 98
39.900000 56 98
39.970000 56 98
40.040000 56 98
40.110000 56 98
40.180000 56 98
40.250000 56 98
40.320000 56 98
40.390000 56 98
40.460000 56 98
40.530000 56 98
40.600000 56 98
40.670000 56 98
40.740000 56 98
40.810000 56 98
40.880000 56 98
40.950000 56 98
41.020000 56 98
41.090000 56 98
41.160000 56 98
41.230000 56 98
41.300000 56 98
41.370000 56 98
41.440000 56 98
41.510000 56 98
41.580000 56 98
41.650000 56 98
41.720000 56 98
41.790000 56 98
41.860000 56 98
41.930000 56 98
# Piano left
0.000000 0 0
0.070000 0 0
0.140000 0 0
0.210000 0 0
0.280000 0 0
0.350000 0 0
0.420000 0 0
0.490000 0 0
0.560000 0 0
0.630000 0 0
0.700000 0 0
0.770000 0 0
0.840000 0 0
0.910000 0 0
0.980000 0 0
1.050000 0 0
1.120000 0 0
1.190000 0 0
1.260000 36 30
1.330000 36 30
1.400000 36 30
1.470000 0 0
1.540000 49 35
1.610000 49 35
1.680000 49 35
1.750000 49 35
1.820000 0 0
1.890000 0 0
1.960000 0 0
2.030000 0 0
2.100000 0 0
2.170000 0 0
2.240000 0 0
2.310000 0 0
2.380000 0 0
2.450000 0 0
2.520000 0 0
2.590000 0 0
2.660000 0 0
2.730000 0 0
2.800000 0 0
2.870000 0 0
2.940000 0 0
3.010000 0 0
3.080000 0 0
3.150000 0 0
3.220000 0 0
3.290000 0 0
3.360000 36 30
3.430000 36 30
3.500000 36 30
3.570000 0 0
3.640000 36 30
3.710000 36 30
3.780000 36 30
3.850000 36 30
3.920000 0 0
3.990000 0 0
4.060000 0 0
4.130000 0 0
4.200000 0 0
4.270000 0 0
4.340000 0 0
4.410000 0 0
4.480000 0 0
4.550000 0 0
4.620000 0 0
4.690000 0 0
4.760000 0 0
4.830000 0 0
4.900000 0 0
4.970000 0 0
5.040000 0 0
5.110000 0 0
5.180000 0 0
5.250000 0 0
5.320000 0 0
5.390000 58 49
5.460000 0 0
5.530000 56 47
5.600000 54 48
5.670000 0 0
5.740000 55 53
5.810000 0 0
5.880000 61 56
5.950000 60 53
6.020000 0 0
6.090000 57 56
6.160000 58 54
6.230000 0 0
6.300000 73 57
6.370000 0 0
6.440000 67 54
6.510000 72 53
6.580000 0 0
6.650000 70 52
6.720000 68 51
6.790000 0 0
6.860000 67 50
6.930000 0 0
7.000000 65 49
7.070000 64 48
7.140000 0 0
7.210000 67 47
7.280000 58 47
7.350000 0 0
7.420000 59 46
7.490000 60 42
7.560000 0 0
7.630000 61 45
7.700000 55 44
7.770000 60 43
7.840000 0 0
7.910000 58 47
7.980000 0 0
8.050000 57 43
8.120000 0 0
8.190000 0 0
8.260000 0 0
8.330000 0 0
8.400000 0 0
8.470000 0 0
8.540000 0 0
8.610000 0 0
8.680000 0 0
8.750000 0 0
8.820000 0 0
8.890000 0 0
8.960000 0 0
9.030000 0 0
9.100000 0 0
9.170000 54 38
9.240000 54 38
9.310000 54 38
9.380000 0 0
9.450000 54 38
9.520000 54 38
9.590000 54 38
9.660000 54 38
9.730000 0 0
9.800000 0 0
9.870000 0 0
9.940000 0 0
10.010000 0 0
10.080000 0 0
10.150000 0 0
10.220000 0 0
10.290000 0 0
10.360000 0 0
10.430000 0 0
10.500000 0 0
10.570000 0 0
10.640000 0 0
10.710000 0 0
10.780000 0 0
10.850000 0 0
10.920000 0 0
10.990000 0 0
11.060000 0 0
11.130000 0 0
11.200000 41 33
11.270000 41 33
11.340000 41 33
11.410000 0 0
11.480000 54 38
11.550000 54 38
11.620000 54 38
11.690000 0 0
11.760000 0 0
11.830000 0 0
11.900000 0 0
11.970000 0 0
12.040000 0 0
12.110000 0 0
12.180000 0 0
12.250000 0 0
12.320000 0 0
12.390000 0 0
12.460000 0 0
12.530000 0 0
12.600000 0 0
12.670000 0 0
12.740000 0 0
12.810000 60 48
12.880000 58 50
12.950000 0 0
13.020000 56 54
13.090000 0 0
13.160000 57 49
13.230000 66 53
13.300000 0 0
13.370000 65 49
13.440000 0 0
13.510000 62 50
13.580000 63 54
13.650000 0 0
13.720000 73 57
13.790000 72 54
13.860000 0 0
13.930000 70 57
14.000000 0 0
14.070000 69 52
14.140000 75 56
14.210000 0 0
14.280000 64 53
14.350000 65 59
14.420000 0 0
14.490000 66 60
14.560000 60 57
14.630000 0 0
14.700000 61 55
14.770000 65 64
14.840000 0 0
14.910000 63 62
14.980000 61 60
15.050000 0 0
15.120000 60 60
15.190000 0 0
15.260000 58 68
15.330000 57 63
15.400000 60 65
15.470000 52 66
15.540000 0 0
15.610000 53 67
15.680000 54 68
15.750000 0 0
15.820000 48 68
15.890000 53 69
15.960000 51 70
16.030000 0 0
16.100000 49 71
16.170000 48 85
16.240000 48 85
16.310000 48 85
16.380000 0 0
16.450000 46 80
16.520000 46 80
16.590000 46 80
16.660000 34 64
16.730000 34 64
16.800000 34 64
16.870000 0 0
16.940000 0 0
17.010000 0 0
17.080000 0 0
17.150000 0 0
17.220000 61 54
17.290000 61 54
17.360000 55 56
17.430000 56 59
17.500000 0 0
17.570000 57 61
17.640000 0 0
17.710000 60 66
17.780000 58 70
17.850000 0 0
17.920000 56 73
17.990000 55 77
18.060000 0 0
18.130000 53 81
18.200000 52 79
18.270000 0 0
18.340000 0 0
18.410000 0 0
18.480000 0 0
18.550000 46 78
18.620000 46 78
18.690000 46 78
18.760000 0 0
18.830000 0 0
18.900000 0 0
18.970000 0 0
19.040000 68 74
19.110000 0 0
19.180000 58 65
19.250000 0 0
19.320000 68 71
19.390000 0 0
19.460000 67 68
19.530000 64 66
19.600000 0 0
19.670000 61 62
19.740000 58 60
19.810000 0 0
19.880000 55 58
19.950000 52 58
20.020000 53 57
20.090000 0 0
20.160000 0 0
20.230000 0 0
20.300000 0 0
20.370000 0 0
20.440000 44 81
20.510000 44 81
20.580000 44 81
20.650000 0 0
20.720000 0 0
20.790000 0 0
20.860000 0 0
20.930000 72 76
21.000000 65 72
21.070000 0 0
21.140000 66 74
21.210000 0 0
21.280000 67 72
21.350000 70 67
21.420000 0 0
21.490000 68 66
21.560000 65 63
21.630000 61 60
21.700000 0 0
21.770000 60 59
21.840000 60 58
21.910000 59 57
21.980000 0 0
22.050000 0 0
22.120000 0 0
22.190000 0 0
22.260000 0 0
22.330000 41 75
22.400000 41 75
22.470000 41 75
22.540000 0 0
22.610000 0 0
22.680000 0 0
22.750000 0 0
22.820000 80 71
22.890000 80 71
22.960000 74 70
23.030000 75 70
23.100000 0 0
23.170000 0 0
23.240000 0 0
23.310000 0 0
23.380000 0 0
23.450000 0 0
23.520000 0 0
23.590000 0 0
23.660000 0 0
23.730000 0 0
23.800000 0 0
23.870000 0 0
23.940000 0 0
24.010000 47 67
24.080000 0 0
24.150000 48 59
24.220000 53 60
24.290000 0 0
24.360000 51 58
24.430000 51 58
24.500000 0 0
24.570000 44 60
24.640000 44 60
24.710000 44 60
24.780000 0 0
24.850000 0 0
24.920000 0 0
24.990000 0 0
25.060000 50 57
25.130000 50 57
25.200000 0 0
25.270000 61 57
25.340000 61 57
25.410000 60 57
25.480000 60 57
25.550000 48 47
25.620000 0 0
25.690000 48 47
25.760000 0 0
25.830000 48 45
25.900000 48 45
25.970000 0 0
26.040000 47 59
26.110000 0 0
26.180000 48 57
26.250000 0 0
26.320000 53 59
26.390000 52 56
26.460000 52 56
26.530000 0 0
26.600000 40 60
26.670000 40 60
26.740000 40 60
26.810000 0 0
26.880000 0 0
26.950000 0 0
27.020000 0 0
27.090000 50 61
27.160000 50 61
27.230000 61 65
27.300000 61 65
27.370000 0 0
27.440000 48 53
27.510000 48 53
27.580000 60 58
27.650000 0 0
27.720000 48 50
27.790000 48 48
27.860000 0 0
27.930000 60 57
28.000000 60 57
28.070000 47 63
28.140000 0 0
28.210000 48 60
28.280000 0 0
28.350000 55 63
28.420000 53 59
28.490000 53 59
28.560000 0 0
28.630000 56 74
28.700000 56 74
28.770000 56 74
28.840000 0 0
28.910000 0 0
28.980000 0 0
29.050000 0 0
29.120000 47 63
29.190000 0 0
29.260000 48 60
29.330000 0 0
29.400000 58 63
29.470000 56 59
29.540000 56 59
29.610000 42 62
29.680000 42 62
29.750000 42 62
29.820000 0 0
29.890000 0 0
29.960000 0 0
30.030000 0 0
30.100000 42 54
30.170000 42 54
30.240000 0 0
30.310000 0 0
30.380000 48 57
30.450000 48 57
30.520000 48 57
30.590000 55 64
30.660000 55 64
30.730000 0 0
30.800000 61 71
30.870000 61 71
30.940000 61 71
31.010000 44 54
31.080000 44 54
31.150000 0 0
31.220000 0 0
31.290000 56 71
31.360000 56 71
31.430000 56 71
31.500000 49 54
31.570000 49 54
31.640000 0 0
31.710000 0 0
31.780000 67 71
31.850000 67 71
31.920000 67 71
31.990000 35 65
32.060000 35 65
32.130000 35 65
32.200000 0 0
32.270000 0 0
32.340000 59 73
32.410000 59 73
32.480000 53 77
32.550000 53 77
32.620000 53 77
32.690000 53 77
32.760000 53 77
32.830000 53 77
32.900000 53 77
32.970000 53 77
33.040000 53 77
33.110000 53 77
33.180000 0 0
33.250000 0 0
33.320000 0 0
33.390000 0 0
33.460000 0 0
33.530000 0 0
33.600000 0 0
33.670000 0 0
33.740000 0 0
33.810000 0 0
33.880000 0 0
33.950000 0 0
34.020000 0 0
34.090000 0 0
34.160000 0 0
34.230000 29 69
34.300000 31 55
34.370000 29 62
34.440000 31 54
34.510000 29 60
34.580000 31 54
34.650000 29 64
34.720000 29 61
34.790000 31 51
34.860000 29 57
34.930000 29 59
35.000000 31 50
35.070000 0 0
35.140000 0 0
35.210000 0 0
35.280000 0 0
35.350000 0 0
35.420000 0 0
35.490000 0 0
35.560000 0 0
35.630000 0 0
35.700000 0 0
35.770000 0 0
35.840000 0 0
35.910000 0 0
35.980000 0 0
36.050000 24 88
36.120000 24 88
36.190000 24 88
36.260000 0 0
36.330000 0 0
36.400000 0 0
36.470000 0 0
36.540000 0 0
36.610000 0 0
36.680000 0 0
36.750000 0 0
36.820000 0 0
36.890000 0 0
36.960000 0 0
37.030000 0 0
37.100000 0 0
37.170000 0 0
37.240000 0 0
37.310000 0 0
37.380000 0 0
37.450000 0 0
37.520000 0 0
37.590000 0 0
37.660000 0 0
37.730000 0 0
37.800000 0 0
37.870000 0 0
37.940000 0 0
38.010000 0 0
38.080000 0 0
38.150000 0 0
38.220000 0 0
38.290000 0 0
38.360000 0 0
38.430000 0 0
38.500000 0 0
38.570000 36 71
38.640000 36 71
38.710000 36 71
38.780000 36 71
38.850000 36 71
38.920000 36 71
38.990000 36 71
39.060000 36 71
39.130000 36 71
39.200000 36 71
39.270000 36 71
39.340000 36 71
39.410000 36 71
39.480000 36 71
39.550000 36 71
39.620000 0 0
39.690000 41 73
39.760000 41 73
39.830000 41 73
39.900000 41 73
39.970000 41 73
40.040000 41 73
40.110000 41 73
40.180000 41 73
40.250000 41 73
40.320000 41 73
40.390000 41 73
40.460000 41 73
40.530000 41 73
40.600000 41 73
40.670000 41 73
40.740000 41 73
40.810000 41 73
40.880000 41 73
40.950000 41 73
41.020000 41 73
41.090000 41 73
41.160000 41 73
41.230000 41 73
41.300000 41 73
41.370000 41 73
41.440000 41 73
41.510000 41 73
41.580000 41 73
41.650000 41 73
41.720000 41 73
41.790000 41 73
41.860000 41 73
41.930000 41 73
