"chpn-p6"

# Piano right
0.000000 0 0
0.070000 66 28
0.140000 66 28
0.210000 66 28
0.280000 66 28
0.350000 66 28
0.420000 66 28
0.490000 66 28
0.560000 66 28
0.630000 66 28
0.700000 66 28
0.770000 66 28
0.840000 66 28
0.910000 66 28
0.980000 66 28
1.050000 66 28
1.120000 66 28
1.190000 66 28
1.260000 66 28
1.330000 66 28
1.400000 66 28
1.470000 66 28
1.540000 66 28
1.610000 66 28
1.680000 66 28
1.750000 66 28
1.820000 66 28
1.890000 66 28
1.960000 66 28
2.030000 66 28
2.100000 66 28
2.170000 66 28
2.240000 66 28
2.310000 0 0
2.380000 66 28
2.450000 66 28
2.520000 66 28
2.590000 66 28
2.660000 66 28
2.730000 66 28
2.800000 66 28
2.870000 66 28
2.940000 66 28
3.010000 66 28
3.080000 66 28
3.150000 66 28
3.220000 66 28
3.290000 66 28
3.360000 66 28
3.430000 66 28
3.500000 0 0
3.570000 62 28
3.640000 62 28
3.710000 62 28
3.780000 62 28
3.850000 62 28
3.920000 62 28
3.990000 62 28
4.060000 62 28
4.130000 62 28
4.200000 62 28
4.270000 62 28
4.340000 62 28
4.410000 62 28
4.480000 62 28
4.550000 62 28
4.620000 62 28
4.690000 62 28
4.760000 62 28
4.830000 62 28
4.900000 62 28
4.970000 62 28
5.040000 62 28
5.110000 62 28
5.180000 62 28
5.250000 62 28
5.320000 62 28
5.390000 62 28
5.460000 62 28
5.530000 62 28
5.600000 62 28
5.670000 62 28
5.740000 62 28
5.810000 66 27
5.880000 66 27
5.950000 66 27
6.020000 66 27
6.090000 66 27
6.160000 66 27
6.230000 66 27
6.300000 66 27
6.370000 66 27
6.440000 66 27
6.510000 66 27
6.580000 66 27
6.650000 66 27
6.720000 66 27
6.790000 66 27
6.860000 66 27
6.930000 66 27
7.000000 0 0
7.070000 66 28
7.140000 66 28
7.210000 66 28
7.280000 66 28
7.350000 66 28
7.420000 66 28
7.490000 66 28
7.560000 66 28
7.630000 66 28
7.700000 66 28
7.770000 66 28
7.840000 66 28
7.910000 66 28
7.980000 66 28
8.050000 66 28
8.120000 66 28
8.190000 71 28
8.260000 71 28
8.330000 71 28
8.400000 71 28
8.470000 71 28
8.540000 71 28
8.610000 71 28
8.680000 71 28
8.750000 71 28
8.820000 71 28
8.890000 71 28
8.960000 71 28
9.030000 71 28
9.100000 71 28
9.170000 71 28
9.240000 71 28
9.310000 0 0
9.380000 71 28
9.450000 71 28
9.520000 71 28
9.590000 71 28
9.660000 71 28
9.730000 71 28
9.800000 71 28
9.870000 71 28
9.940000 71 28
10.010000 71 28
10.080000 71 28
10.150000 71 28
10.220000 71 28
10.290000 71 28
10.360000 71 28
10.430000 71 28
10.500000 66 28
10.570000 66 28
10.640000 66 28
10.710000 66 28
10.780000 66 28
10.850000 66 28
10.920000 66 28
10.990000 66 28
11.060000 66 28
11.130000 66 28
11.200000 66 28
11.270000 66 28
11.340000 66 28
11.410000 66 28
11.480000 66 28
11.550000 66 28
11.620000 74 35
11.690000 71 28
11.760000 71 28
11.830000 71 28
11.900000 71 28
11.970000 71 28
12.040000 71 28
12.110000 71 28
12.180000 71 28
12.250000 71 28
12.320000 71 28
12.390000 71 28
12.460000 71 28
12.530000 71 28
12.600000 71 28
12.670000 71 28
12.740000 71 28
12.810000 71 26
12.880000 71 26
12.950000 71 26
13.020000 71 26
13.090000 71 26
13.160000 71 26
13.230000 71 26
13.300000 71 26
13.370000 71 26
13.440000 71 26
13.510000 71 26
13.580000 71 26
13.650000 71 26
13.720000 71 26
13.790000 71 26
13.860000 71 26
13.930000 71 26
14.000000 74 32
14.070000 71 28
14.140000 71 28
14.210000 71 28
14.280000 71 28
14.350000 71 28
14.420000 71 28
14.490000 71 28
14.560000 71 28
14.630000 71 28
14.700000 71 28
14.770000 71 28
14.840000 71 28
14.910000 71 28
14.980000 71 28
15.050000 71 28
15.120000 71 28
15.190000 71 28
15.260000 71 31
15.330000 71 31
15.400000 71 31
15.470000 71 31
15.540000 71 31
15.610000 71 31
15.680000 71 31
15.750000 71 31
15.820000 71 31
15.890000 71 31
15.960000 71 31
16.030000 71 31
16.100000 71 31
16.170000 71 31
16.240000 71 31
16.310000 71 31
16.380000 71 31
16.450000 71 31
16.520000 71 31
16.590000 71 31
16.660000 71 31
16.730000 71 31
16.800000 71 31
16.870000 71 31
16.940000 71 31
17.010000 71 31
17.080000 71 31
17.150000 71 31
17.220000 71 31
17.290000 71 31
17.360000 71 31
17.430000 71 31
17.500000 0 0
17.570000 68 30
17.640000 68 30
17.710000 68 30
17.780000 68 30
17.850000 68 30
17.920000 68 30
17.990000 68 30
18.060000 68 30
18.130000 68 30
18.200000 68 30
18.270000 68 30
18.340000 68 30
18.410000 68 30
18.480000 68 30
18.550000 68 30
18.620000 68 30
18.690000 0 0
18.760000 68 28
18.830000 68 28
18.900000 68 28
18.970000 68 28
19.040000 68 28
19.110000 68 28
19.180000 68 28
19.250000 68 28
19.320000 68 28
19.390000 68 28
19.460000 68 28
19.530000 68 28
19.600000 68 28
19.670000 68 28
19.740000 68 28
19.810000 68 28
19.880000 0 0
19.950000 67 29
20.020000 67 29
20.090000 67 29
20.160000 67 29
20.230000 67 29
20.300000 67 29
20.370000 67 29
20.440000 67 29
20.510000 67 29
20.580000 67 29
20.650000 67 29
20.720000 67 29
20.790000 67 29
20.860000 67 29
20.930000 67 29
21.000000 76 47
21.070000 76 47
21.140000 76 47
21.210000 76 47
21.280000 76 47
21.350000 76 47
21.420000 76 47
21.490000 76 47
21.560000 76 47
21.630000 76 47
21.700000 76 47
21.770000 76 47
21.840000 76 47
21.910000 76 47
21.980000 76 47
22.050000 76 47
22.120000 76 47
22.190000 76 47
22.260000 76 47
22.330000 76 47
22.400000 76 47
22.470000 76 47
22.540000 76 47
22.610000 76 47
22.680000 67 36
22.750000 73 45
22.820000 73 45
22.890000 73 45
22.960000 73 45
23.030000 73 45
23.100000 73 45
23.170000 73 45
23.240000 73 45
23.310000 66 41
23.380000 66 41
23.450000 66 41
23.520000 66 41
23.590000 66 41
23.660000 66 41
23.730000 66 41
23.800000 66 41
23.870000 66 42
23.940000 66 42
24.010000 66 42
24.080000 66 42
24.150000 66 42
24.220000 66 42
24.290000 66 42
24.360000 66 42
24.430000 61 40
24.500000 61 40
24.570000 61 40
24.640000 61 40
24.710000 61 40
24.780000 61 40
24.850000 61 40
24.920000 61 40
24.990000 68 41
25.060000 68 41
25.130000 68 41
25.200000 68 41
25.270000 68 41
25.340000 68 41
25.410000 68 41
25.480000 68 41
25.550000 0 0
25.620000 71 44
25.690000 71 44
25.760000 71 44
25.830000 71 44
25.900000 71 44
25.970000 71 44
26.040000 71 44
26.110000 71 44
26.180000 61 40
26.250000 61 40
26.320000 61 40
26.390000 61 40
26.460000 61 40
26.530000 61 40
26.600000 61 40
26.670000 61 40
26.740000 0 0
26.810000 0 0
26.880000 0 0
26.950000 0 0
27.020000 0 0
27.090000 0 0
27.160000 0 0
27.230000 0 0
27.300000 0 0
27.370000 0 0
27.440000 0 0
27.510000 0 0
27.580000 0 0
27.650000 0 0
27.720000 0 0
27.790000 0 0
27.860000 0 0
27.930000 0 0
28.000000 66 28
28.070000 66 28
28.140000 66 28
28.210000 66 28
28.280000 66 28
28.350000 66 28
28.420000 66 28
28.490000 66 28
28.560000 66 28
28.630000 66 28
28.700000 66 28
28.770000 66 28
28.840000 66 28
28.910000 66 28
28.980000 66 28
29.050000 66 28
29.120000 71 32
29.190000 66 28
29.260000 66 28
29.330000 66 28
29.400000 66 28
29.470000 66 28
29.540000 66 28
29.610000 66 28
29.680000 66 28
29.750000 66 28
29.820000 66 28
29.890000 66 28
29.960000 66 28
30.030000 66 28
30.100000 66 28
30.170000 66 28
30.240000 66 28
30.310000 0 0
30.380000 66 28
30.450000 66 28
30.520000 66 28
30.590000 66 28
30.660000 66 28
30.730000 66 28
30.800000 66 28
30.870000 66 28
30.940000 66 28
31.010000 66 28
31.080000 66 28
31.150000 66 28
31.220000 66 28
31.290000 66 28
31.360000 66 28
31.430000 66 28
31.500000 0 0
31.570000 66 28
31.640000 66 28
31.710000 66 28
31.780000 66 28
31.850000 66 28
31.920000 66 28
31.990000 66 28
32.060000 66 28
32.130000 66 28
32.200000 66 28
32.270000 66 28
32.340000 66 28
32.410000 66 28
32.480000 66 28
32.550000 66 28
32.620000 66 28
32.690000 66 28
32.760000 66 28
32.830000 66 28
32.900000 66 28
32.970000 66 28
33.040000 66 28
33.110000 66 28
33.180000 66 28
33.250000 66 28
33.320000 66 28
33.390000 66 28
33.460000 66 28
33.530000 66 28
33.600000 66 28
33.670000 66 28
33.740000 66 28
33.810000 0 0
33.880000 66 27
33.950000 66 27
34.020000 66 27
34.090000 66 27
34.160000 66 27
34.230000 66 27
34.300000 66 27
34.370000 66 27
34.440000 66 27
34.510000 66 27
34.580000 66 27
34.650000 66 27
34.720000 66 27
34.790000 66 27
34.860000 66 27
34.930000 66 27
35.000000 66 27
35.070000 67 32
35.140000 67 32
35.210000 67 32
35.280000 67 32
35.350000 67 32
35.420000 67 32
35.490000 67 32
35.560000 67 32
35.630000 67 32
35.700000 67 32
35.770000 67 32
35.840000 67 32
35.910000 67 32
35.980000 67 32
36.050000 67 32
36.120000 67 32
36.190000 67 32
36.260000 67 33
36.330000 67 33
36.400000 67 33
36.470000 67 33
36.540000 67 33
36.610000 67 33
36.680000 67 33
36.750000 67 33
36.820000 67 33
36.890000 67 33
36.960000 67 33
37.030000 67 33
37.100000 67 33
37.170000 67 33
37.240000 67 33
37.310000 67 33
37.380000 0 0
37.450000 67 36
37.520000 67 36
37.590000 67 36
37.660000 67 36
37.730000 67 36
37.800000 67 36
37.870000 67 36
37.940000 67 36
38.010000 67 36
38.080000 67 36
38.150000 67 36
38.220000 67 36
38.290000 67 36
38.360000 67 36
38.430000 67 36
38.500000 67 36
38.570000 67 39
38.640000 67 39
38.710000 67 39
38.780000 67 39
38.850000 67 39
38.920000 67 39
38.990000 67 39
39.060000 67 39
39.130000 67 39
39.200000 67 39
39.270000 67 39
39.340000 67 39
39.410000 67 39
39.480000 67 39
39.550000 67 39
39.620000 67 39
39.690000 67 39
39.760000 67 39
39.830000 67 39
39.900000 67 39
39.970000 67 39
40.040000 67 39
40.110000 67 39
40.180000 67 39
40.250000 67 39
40.320000 67 39
40.390000 67 39
40.460000 67 39
40.530000 67 39
40.600000 67 39
40.670000 67 39
40.740000 67 39
40.810000 0 0
40.880000 67 36
40.950000 67 36
41.020000 67 36
41.090000 67 36
41.160000 67 36
41.230000 67 36
41.300000 67 36
41.370000 67 36
41.440000 67 36
41.510000 67 36
41.580000 67 36
41.650000 67 36
41.720000 67 36
41.790000 67 36
41.860000 67 36
41.930000 67 36
42.000000 67 36
42.070000 64 36
42.140000 64 36
42.210000 64 36
42.280000 64 36
42.350000 64 36
42.420000 64 36
42.490000 64 36
42.560000 64 36
42.630000 64 36
42.700000 64 36
42.770000 64 36
42.840000 64 36
42.910000 64 36
42.980000 64 36
43.050000 64 36
43.120000 64 36
43.190000 64 36
43.260000 67 36
43.330000 67 36
43.400000 67 36
43.470000 67 36
43.540000 67 36
43.610000 67 36
43.680000 67 36
43.750000 67 36
43.820000 67 36
43.890000 67 36
43.960000 67 36
44.030000 67 36
44.100000 67 36
44.170000 67 36
44.240000 67 36
44.310000 67 36
44.380000 0 0
44.450000 64 36
44.520000 64 36
44.590000 64 36
44.660000 64 36
44.730000 64 36
44.800000 64 36
44.870000 64 36
44.940000 64 36
45.010000 64 36
45.080000 64 36
45.150000 64 36
45.220000 64 36
45.290000 64 36
45.360000 64 36
45.430000 64 36
45.500000 64 36
45.570000 64 36
45.640000 67 36
45.710000 67 36
45.780000 67 36
45.850000 67 36
45.920000 67 36
45.990000 67 36
46.060000 67 36
46.130000 67 36
46.200000 67 36
46.270000 67 36
46.340000 67 36
46.410000 67 36
46.480000 67 36
46.550000 67 36
46.620000 67 36
46.690000 67 36
46.760000 0 0
46.830000 67 32
46.900000 67 32
46.970000 67 32
47.040000 67 32
47.110000 67 32
47.180000 67 32
47.250000 67 32
47.320000 67 32
47.390000 67 32
47.460000 67 32
47.530000 67 32
47.600000 67 32
47.670000 67 32
47.740000 67 32
47.810000 67 32
47.880000 67 32
47.950000 67 30
48.020000 67 30
48.090000 67 30
48.160000 67 30
48.230000 67 30
48.300000 67 30
48.370000 67 30
48.440000 67 30
48.510000 67 30
48.580000 67 30
48.650000 67 30
48.720000 67 30
48.790000 67 30
48.860000 67 30
48.930000 67 30
49.000000 67 30
49.070000 0 0
49.140000 67 28
49.210000 67 28
49.280000 67 28
49.350000 67 28
49.420000 67 28
49.490000 67 28
49.560000 67 28
49.630000 67 28
49.700000 67 28
49.770000 67 28
49.840000 67 28
49.910000 67 28
49.980000 67 28
50.050000 67 28
50.120000 67 28
50.190000 67 28
50.260000 0 0
50.330000 61 28
50.400000 61 28
50.470000 61 28
50.540000 61 28
50.610000 61 28
50.680000 61 28
50.750000 61 28
50.820000 61 28
50.890000 61 28
50.960000 61 28
51.030000 61 28
51.100000 61 28
51.170000 61 28
51.240000 61 28
51.310000 61 28
51.380000 61 28
51.450000 66 28
51.520000 66 28
51.590000 66 28
51.660000 66 28
51.730000 66 28
51.800000 66 28
51.870000 66 28
51.940000 66 28
52.010000 66 28
52.080000 66 28
52.150000 66 28
52.220000 66 28
52.290000 66 28
52.360000 66 28
52.430000 66 28
52.500000 66 28
52.570000 71 32
52.640000 61 28
52.710000 61 28
52.780000 61 28
52.850000 61 28
52.920000 61 28
52.990000 61 28
53.060000 61 28
53.130000 61 28
53.200000 61 28
53.270000 61 28
53.340000 61 28
53.410000 61 28
53.480000 61 28
53.550000 61 28
53.620000 61 28
53.690000 61 28
53.760000 61 28
53.830000 61 28
53.900000 61 28
53.970000 61 28
54.040000 61 28
54.110000 61 28
54.180000 61 28
54.250000 61 28
54.320000 61 28
54.390000 61 28
54.460000 61 28
54.530000 61 28
54.600000 61 28
54.670000 61 28
54.740000 61 28
54.810000 61 28
54.880000 70 36
54.950000 62 26
55.020000 62 26
55.090000 62 26
55.160000 62 26
55.230000 62 26
55.300000 62 26
55.370000 62 26
55.440000 62 26
55.510000 62 26
55.580000 62 26
55.650000 62 26
55.720000 62 26
55.790000 62 26
55.860000 62 26
55.930000 62 26
56.000000 62 26
56.070000 62 26
56.140000 62 26
56.210000 62 26
56.280000 62 26
56.350000 62 26
56.420000 62 26
56.490000 62 26
56.560000 62 26
56.630000 62 26
56.700000 62 26
56.770000 62 26
56.840000 62 26
56.910000 62 26
56.980000 62 26
57.050000 62 26
57.120000 62 26
57.190000 62 26
57.260000 0 0
57.330000 61 28
57.400000 61 28
57.470000 61 28
57.540000 61 28
57.610000 61 28
57.680000 61 28
57.750000 61 28
57.820000 61 28
57.890000 61 28
57.960000 61 28
58.030000 61 28
58.100000 61 28
58.170000 61 28
58.240000 61 28
58.310000 61 28
58.380000 61 28
58.450000 0 0
58.520000 61 26
58.590000 61 26
58.660000 61 26
58.730000 61 26
58.800000 61 26
58.870000 61 26
58.940000 61 26
59.010000 61 26
59.080000 61 26
59.150000 61 26
59.220000 61 26
59.290000 61 26
59.360000 61 26
59.430000 61 26
59.500000 61 26
59.570000 61 26
59.640000 64 28
59.710000 64 28
59.780000 64 28
59.850000 64 28
59.920000 64 28
59.990000 64 28
60.060000 64 28
60.130000 64 28
60.200000 64 28
60.270000 64 28
60.340000 64 28
60.410000 64 28
60.480000 64 28
60.550000 64 28
60.620000 64 28
60.690000 64 28
60.760000 70 31
60.830000 59 26
60.900000 59 26
60.970000 59 26
61.040000 59 26
61.110000 59 26
61.180000 59 26
61.250000 59 26
61.320000 59 26
61.390000 59 26
61.460000 59 26
61.530000 59 26
61.600000 59 26
61.670000 59 26
61.740000 59 26
61.810000 59 26
61.880000 59 26
61.950000 71 32
62.020000 62 27
62.090000 62 27
62.160000 62 27
62.230000 62 27
62.300000 62 27
62.370000 62 27
62.440000 62 27
62.510000 62 27
62.580000 62 27
62.650000 62 27
62.720000 62 27
62.790000 62 27
62.860000 62 27
62.930000 62 27
63.000000 62 27
63.070000 62 27
63.140000 71 32
63.210000 67 28
63.280000 67 28
63.350000 67 28
63.420000 67 28
63.490000 67 28
63.560000 67 28
63.630000 67 28
63.700000 67 28
63.770000 67 28
63.840000 67 28
63.910000 67 28
63.980000 67 28
64.050000 67 28
64.120000 67 28
64.190000 67 28
64.260000 67 28
64.330000 71 35
64.400000 67 28
64.470000 67 28
64.540000 67 28
64.610000 67 28
64.680000 67 28
64.750000 67 28
64.820000 67 28
64.890000 67 28
64.960000 67 28
65.030000 67 28
65.100000 67 28
65.170000 67 28
65.240000 67 28
65.310000 67 28
65.380000 67 28
65.450000 67 28
65.520000 0 0
65.590000 62 24
65.660000 62 24
65.730000 62 24
65.800000 62 24
65.870000 62 24
65.940000 62 24
66.010000 62 24
66.080000 62 24
66.150000 62 24
66.220000 62 24
66.290000 62 24
66.360000 62 24
66.430000 62 24
66.500000 62 24
66.570000 62 24
66.640000 62 24
66.710000 61 28
66.780000 61 28
66.850000 61 28
66.920000 61 28
66.990000 61 28
67.060000 61 28
67.130000 61 28
67.200000 61 28
67.270000 61 28
67.340000 61 28
67.410000 61 28
67.480000 61 28
67.550000 61 28
67.620000 61 28
67.690000 61 28
67.760000 61 28
67.830000 0 0
67.900000 61 28
67.970000 61 28
68.040000 61 28
68.110000 61 28
68.180000 61 28
68.250000 61 28
68.320000 61 28
68.390000 61 28
68.460000 61 28
68.530000 61 28
68.600000 61 28
68.670000 61 28
68.740000 61 28
68.810000 61 28
68.880000 61 28
68.950000 61 28
69.020000 62 26
69.090000 62 26
69.160000 62 26
69.230000 62 26
69.300000 62 26
69.370000 62 26
69.440000 62 26
69.510000 62 26
69.580000 62 26
69.650000 62 26
69.720000 62 26
69.790000 62 26
69.860000 62 26
69.930000 62 26
70.000000 62 26
70.070000 62 26
70.140000 0 0
70.210000 67 28
70.280000 67 28
70.350000 67 28
70.420000 67 28
70.490000 67 28
70.560000 67 28
70.630000 67 28
70.700000 67 28
70.770000 67 28
70.840000 67 28
70.910000 67 28
70.980000 67 28
71.050000 67 28
71.120000 67 28
71.190000 67 28
71.260000 67 28
71.330000 67 28
71.400000 66 28
71.470000 66 28
71.540000 66 28
71.610000 66 28
71.680000 66 28
71.750000 66 28
71.820000 66 28
71.890000 66 28
71.960000 66 28
72.030000 66 28
72.100000 66 28
72.170000 66 28
72.240000 66 28
72.310000 66 28
72.380000 66 28
72.450000 66 28
72.520000 61 23
72.590000 61 23
72.660000 61 23
72.730000 61 23
72.800000 61 23
72.870000 61 23
72.940000 61 23
73.010000 61 23
73.080000 61 23
73.150000 61 23
73.220000 61 23
73.290000 61 23
73.360000 61 23
73.430000 61 23
73.500000 61 23
73.570000 61 23
73.640000 61 23
73.710000 70 28
73.780000 66 24
73.850000 66 24
73.920000 66 24
73.990000 66 24
74.060000 66 24
74.130000 66 24
74.200000 66 24
74.270000 66 24
74.340000 66 24
74.410000 66 24
74.480000 66 24
74.550000 66 24
74.620000 66 24
74.690000 66 24
74.760000 66 24
74.830000 66 24
74.900000 0 0
74.970000 66 24
75.040000 66 24
75.110000 66 24
75.180000 66 24
75.250000 66 24
75.320000 66 24
75.390000 66 24
75.460000 66 24
75.530000 66 24
75.600000 66 24
75.670000 66 24
75.740000 66 24
75.810000 66 24
75.880000 66 24
75.950000 66 24
76.020000 66 24
76.090000 0 0
76.160000 62 21
76.230000 62 21
76.300000 62 21
76.370000 62 21
76.440000 62 21
76.510000 62 21
76.580000 62 21
76.650000 62 21
76.720000 62 21
76.790000 62 21
76.860000 62 21
76.930000 62 21
77.000000 62 21
77.070000 62 21
77.140000 62 21
77.210000 62 21
77.280000 62 21
77.350000 62 21
77.420000 62 23
77.490000 62 23
77.560000 62 23
77.630000 62 23
77.700000 62 23
77.770000 62 23
77.840000 62 23
77.910000 62 23
77.980000 62 23
78.050000 62 23
78.120000 62 23
78.190000 62 23
78.260000 62 23
78.330000 62 23
78.400000 62 23
78.470000 62 23
78.540000 62 23
78.610000 0 0
78.680000 66 29
78.750000 66 29
78.820000 66 29
78.890000 66 29
78.960000 66 29
79.030000 66 29
79.100000 66 29
79.170000 66 29
79.240000 66 28
79.310000 66 28
79.380000 66 28
79.450000 66 28
79.520000 66 28
79.590000 66 28
79.660000 66 28
79.730000 66 28
79.800000 0 0
79.870000 66 29
79.940000 66 29
80.010000 66 29
80.080000 66 29
80.150000 66 29
80.220000 66 29
80.290000 66 29
80.360000 66 29
80.430000 66 28
80.500000 66 28
80.570000 66 28
80.640000 66 28
80.710000 66 28
80.780000 66 28
80.850000 66 28
80.920000 66 28
80.990000 62 23
81.060000 62 23
81.130000 62 23
81.200000 62 23
81.270000 62 23
81.340000 62 23
81.410000 62 23
81.480000 62 23
81.550000 62 23
81.620000 62 23
81.690000 62 23
81.760000 62 23
81.830000 62 23
81.900000 62 23
81.970000 62 23
82.040000 62 23
82.110000 66 27
82.180000 62 21
82.250000 62 21
82.320000 62 21
82.390000 62 21
82.460000 62 21
82.530000 62 21
82.600000 62 21
82.670000 62 21
82.740000 62 21
82.810000 62 21
82.880000 62 21
82.950000 62 21
83.020000 62 21
83.090000 62 21
83.160000 62 21
83.230000 62 21
83.300000 62 21
83.370000 66 25
83.440000 62 19
83.510000 62 19
83.580000 62 19
83.650000 62 19
83.720000 62 19
83.790000 62 19
83.860000 62 19
83.930000 62 19
84.000000 62 19
84.070000 62 19
84.140000 62 19
84.210000 62 19
84.280000 62 19
84.350000 62 19
84.420000 62 19
84.490000 62 19
84.560000 62 19
84.630000 62 19
84.700000 62 19
84.770000 62 16
84.840000 62 16
84.910000 62 16
84.980000 62 16
85.050000 62 16
85.120000 62 16
85.190000 62 16
85.260000 62 16
85.330000 62 16
85.400000 62 16
85.470000 62 16
85.540000 62 16
85.610000 62 16
85.680000 62 16
85.750000 62 16
85.820000 62 16
85.890000 62 16
85.960000 62 16
86.030000 62 16
86.100000 0 0
86.170000 0 0
86.240000 0 0
86.310000 0 0
86.380000 0 0
86.450000 0 0
86.520000 0 0
86.590000 0 0
86.660000 0 0
86.730000 0 0
86.800000 0 0
86.870000 0 0
86.940000 0 0
87.010000 0 0
87.080000 0 0
87.150000 0 0
87.220000 0 0
87.290000 0 0
87.360000 0 0
87.430000 0 0
87.500000 0 0
87.570000 62 15
87.640000 62 15
87.710000 62 15
87.780000 62 15
87.850000 62 15
87.920000 62 15
87.990000 62 15
88.060000 62 15
88.130000 62 15
88.200000 62 15
88.270000 62 15
88.340000 62 15
88.410000 62 15
88.480000 62 15
88.550000 62 15
88.620000 62 15
88.690000 62 15
88.760000 62 15
88.830000 62 15
88.900000 62 15
88.970000 62 15
89.040000 62 15
89.110000 62 15
89.180000 62 15
89.250000 0 0
89.320000 62 15
89.390000 62 15
89.460000 62 15
89.530000 62 15
89.600000 62 15
89.670000 62 15
89.740000 62 15
89.810000 62 15
89.880000 62 15
89.950000 62 15
90.020000 62 15
90.090000 62 15
90.160000 62 15
90.230000 62 15
90.300000 62 15
90.370000 62 15
90.440000 62 15
90.510000 62 15
90.580000 62 15
90.650000 62 15
90.720000 62 15
90.790000 62 15
90.860000 62 15
90.930000 62 15
91.000000 62 15
91.070000 62 15
91.140000 62 15
91.210000 62 15
91.280000 62 15
91.350000 62 15
91.420000 62 15
91.490000 62 15
# Piano left
0.000000 0 0
0.070000 47 38
0.140000 47 38
0.210000 47 38
0.280000 47 38
0.350000 50 32
0.420000 50 32
0.490000 50 32
0.560000 50 32
0.630000 54 36
0.700000 54 36
0.770000 54 36
0.840000 54 36
0.910000 59 41
0.980000 59 41
1.050000 59 41
1.120000 0 0
1.190000 62 46
1.260000 62 46
1.330000 62 46
1.400000 62 46
1.470000 62 46
1.540000 62 46
1.610000 62 46
1.680000 62 46
1.750000 62 46
1.820000 62 46
1.890000 62 46
1.960000 62 46
2.030000 62 46
2.100000 62 46
2.170000 62 46
2.240000 62 46
2.310000 0 0
2.380000 61 45
2.450000 61 45
2.520000 61 45
2.590000 61 45
2.660000 61 45
2.730000 61 45
2.800000 61 45
2.870000 61 45
2.940000 61 45
3.010000 61 45
3.080000 61 45
3.150000 61 45
3.220000 62 35
3.290000 62 35
3.360000 62 35
3.430000 62 35
3.500000 0 0
3.570000 59 44
3.640000 59 44
3.710000 59 44
3.780000 59 44
3.850000 59 44
3.920000 59 44
3.990000 59 44
4.060000 59 44
4.130000 59 44
4.200000 59 44
4.270000 59 44
4.340000 59 44
4.410000 59 44
4.480000 59 44
4.550000 59 44
4.620000 59 44
4.690000 59 44
4.760000 59 44
4.830000 59 44
4.900000 59 44
4.970000 59 44
5.040000 59 44
5.110000 59 44
5.180000 59 44
5.250000 54 40
5.320000 54 40
5.390000 54 40
5.460000 54 40
5.530000 54 40
5.600000 54 40
5.670000 54 40
5.740000 54 40
5.810000 50 35
5.880000 50 35
5.950000 50 35
6.020000 50 35
6.090000 50 35
6.160000 50 35
6.230000 50 35
6.300000 50 35
6.370000 0 0
6.440000 49 31
6.510000 49 31
6.580000 49 31
6.650000 49 31
6.720000 49 31
6.790000 49 31
6.860000 49 31
6.930000 49 31
7.000000 0 0
7.070000 47 38
7.140000 47 38
7.210000 47 38
7.280000 47 38
7.350000 54 32
7.420000 54 32
7.490000 54 32
7.560000 54 32
7.630000 59 36
7.700000 59 36
7.770000 59 36
7.840000 59 36
7.910000 62 41
7.980000 62 41
8.050000 62 41
8.120000 0 0
8.190000 66 46
8.260000 66 46
8.330000 66 46
8.400000 66 46
8.470000 66 46
8.540000 66 46
8.610000 66 46
8.680000 66 46
8.750000 66 46
8.820000 66 46
8.890000 66 46
8.960000 66 46
9.030000 66 46
9.100000 66 46
9.170000 66 46
9.240000 66 46
9.310000 0 0
9.380000 64 46
9.450000 64 46
9.520000 64 46
9.590000 64 46
9.660000 64 46
9.730000 64 46
9.800000 64 46
9.870000 64 46
9.940000 64 46
10.010000 64 46
10.080000 64 46
10.150000 64 46
10.220000 66 41
10.290000 66 41
10.360000 66 41
10.430000 66 41
10.500000 62 44
10.570000 62 44
10.640000 62 44
10.710000 62 44
10.780000 62 44
10.850000 62 44
10.920000 62 44
10.990000 62 44
11.060000 62 44
11.130000 62 44
11.200000 62 44
11.270000 62 44
11.340000 62 44
11.410000 62 44
11.480000 62 44
11.550000 62 44
11.620000 62 44
11.690000 62 44
11.760000 62 44
11.830000 62 44
11.900000 62 44
11.970000 62 44
12.040000 62 44
12.110000 62 44
12.180000 0 0
12.250000 59 44
12.320000 59 44
12.390000 59 44
12.460000 59 44
12.530000 59 44
12.600000 59 44
12.670000 59 44
12.740000 59 44
12.810000 54 39
12.880000 54 39
12.950000 54 39
13.020000 54 39
13.090000 54 39
13.160000 54 39
13.230000 54 39
13.300000 54 39
13.370000 0 0
13.440000 50 38
13.510000 50 38
13.580000 50 38
13.650000 50 38
13.720000 50 38
13.790000 50 38
13.860000 50 38
13.930000 50 38
14.000000 50 38
14.070000 43 45
14.140000 43 45
14.210000 43 45
14.280000 43 45
14.350000 50 39
14.420000 50 39
14.490000 50 39
14.560000 50 39
14.630000 0 0
14.700000 59 42
14.770000 59 42
14.840000 59 42
14.910000 59 42
14.980000 62 45
15.050000 62 45
15.120000 62 45
15.190000 62 45
15.260000 67 49
15.330000 67 49
15.400000 67 49
15.470000 67 49
15.540000 67 49
15.610000 67 49
15.680000 67 49
15.750000 67 49
15.820000 67 49
15.890000 67 49
15.960000 67 49
16.030000 67 49
16.100000 67 49
16.170000 67 49
16.240000 67 49
16.310000 67 49
16.380000 66 48
16.450000 66 48
16.520000 66 48
16.590000 66 48
16.660000 66 48
16.730000 66 48
16.800000 66 48
16.870000 66 48
16.940000 66 48
17.010000 66 48
17.080000 66 48
17.150000 66 48
17.220000 66 48
17.290000 66 48
17.360000 66 48
17.430000 66 48
17.500000 0 0
17.570000 66 49
17.640000 66 49
17.710000 66 49
17.780000 66 49
17.850000 66 49
17.920000 66 49
17.990000 66 49
18.060000 66 49
18.130000 66 49
18.200000 66 49
18.270000 66 49
18.340000 66 49
18.410000 66 49
18.480000 66 49
18.550000 66 49
18.620000 66 49
18.690000 0 0
18.760000 65 48
18.830000 65 48
18.900000 65 48
18.970000 65 48
19.040000 65 48
19.110000 65 48
19.180000 65 48
19.250000 65 48
19.320000 65 48
19.390000 65 48
19.460000 65 48
19.530000 65 48
19.600000 65 48
19.670000 65 48
19.740000 65 48
19.810000 65 48
19.880000 0 0
19.950000 64 49
20.020000 64 49
20.090000 64 49
20.160000 64 49
20.230000 64 49
20.300000 64 49
20.370000 64 49
20.440000 62 44
20.510000 62 44
20.580000 62 44
20.650000 62 44
20.720000 62 44
20.790000 62 44
20.860000 62 44
20.930000 0 0
21.000000 61 49
21.070000 61 49
21.140000 61 49
21.210000 61 49
21.280000 61 49
21.350000 61 49
21.420000 0 0
21.490000 64 28
21.560000 62 41
21.630000 62 41
21.700000 62 41
21.770000 62 41
21.840000 62 41
21.910000 62 41
21.980000 62 41
22.050000 62 41
22.120000 0 0
22.190000 61 49
22.260000 61 49
22.330000 61 49
22.400000 61 49
22.470000 61 49
22.540000 61 49
22.610000 61 49
22.680000 61 49
22.750000 58 40
22.820000 58 40
22.890000 58 40
22.960000 58 40
23.030000 58 40
23.100000 58 40
23.170000 58 40
23.240000 58 40
23.310000 59 47
23.380000 59 47
23.450000 59 47
23.520000 59 47
23.590000 59 47
23.660000 59 47
23.730000 59 47
23.800000 59 47
23.870000 50 42
23.940000 50 42
24.010000 50 42
24.080000 50 42
24.150000 50 42
24.220000 50 42
24.290000 50 42
24.360000 50 42
24.430000 52 48
24.500000 52 48
24.570000 52 48
24.640000 52 48
24.710000 52 48
24.780000 52 48
24.850000 52 48
24.920000 52 48
24.990000 53 39
25.060000 53 39
25.130000 53 39
25.200000 53 39
25.270000 53 39
25.340000 53 39
25.410000 53 39
25.480000 53 39
25.550000 0 0
25.620000 54 46
25.690000 54 46
25.760000 54 46
25.830000 54 46
25.900000 54 46
25.970000 54 46
26.040000 54 46
26.110000 54 46
26.180000 54 46
26.250000 54 46
26.320000 54 46
26.390000 54 46
26.460000 54 46
26.530000 54 46
26.600000 54 46
26.670000 54 46
26.740000 50 41
26.810000 50 41
26.880000 50 41
26.950000 50 41
27.020000 50 41
27.090000 50 41
27.160000 50 41
27.230000 50 41
27.300000 0 0
27.370000 49 35
27.440000 49 35
27.510000 49 35
27.580000 49 35
27.650000 49 35
27.720000 49 35
27.790000 49 35
27.860000 49 35
27.930000 49 35
28.000000 47 38
28.070000 47 38
28.140000 47 38
28.210000 47 38
28.280000 0 0
28.350000 50 32
28.420000 50 32
28.490000 50 32
28.560000 50 32
28.630000 54 36
28.700000 54 36
28.770000 54 36
28.840000 54 36
28.910000 59 41
28.980000 59 41
29.050000 59 41
29.120000 0 0
29.190000 62 46
29.260000 62 46
29.330000 62 46
29.400000 62 46
29.470000 62 46
29.540000 62 46
29.610000 62 46
29.680000 62 46
29.750000 62 46
29.820000 62 46
29.890000 62 46
29.960000 62 46
30.030000 62 46
30.100000 62 46
30.170000 62 46
30.240000 62 46
30.310000 0 0
30.380000 61 45
30.450000 61 45
30.520000 61 45
30.590000 61 45
30.660000 61 45
30.730000 61 45
30.800000 61 45
30.870000 61 45
30.940000 61 45
31.010000 61 45
31.080000 61 45
31.150000 61 45
31.220000 62 33
31.290000 62 33
31.360000 62 33
31.430000 62 33
31.500000 0 0
31.570000 59 44
31.640000 59 44
31.710000 59 44
31.780000 59 44
31.850000 59 44
31.920000 59 44
31.990000 59 44
32.060000 59 44
32.130000 59 44
32.200000 59 44
32.270000 59 44
32.340000 59 44
32.410000 59 44
32.480000 59 44
32.550000 59 44
32.620000 59 44
32.690000 59 44
32.760000 59 44
32.830000 59 44
32.900000 59 44
32.970000 59 44
33.040000 59 44
33.110000 59 44
33.180000 59 44
33.250000 54 41
33.320000 54 41
33.390000 54 41
33.460000 54 41
33.530000 54 41
33.600000 54 41
33.670000 54 41
33.740000 54 41
33.810000 0 0
33.880000 50 35
33.950000 50 35
34.020000 50 35
34.090000 50 35
34.160000 50 35
34.230000 50 35
34.300000 50 35
34.370000 50 35
34.440000 47 32
34.510000 47 32
34.580000 47 32
34.650000 47 32
34.720000 47 32
34.790000 47 32
34.860000 47 32
34.930000 47 32
35.000000 0 0
35.070000 43 51
35.140000 43 51
35.210000 43 51
35.280000 43 51
35.350000 50 46
35.420000 50 46
35.490000 50 46
35.560000 50 46
35.630000 0 0
35.700000 55 48
35.770000 55 48
35.840000 55 48
35.910000 55 48
35.980000 59 49
36.050000 59 49
36.120000 59 49
36.190000 59 49
36.260000 62 50
36.330000 62 50
36.400000 62 50
36.470000 62 50
36.540000 62 50
36.610000 62 50
36.680000 62 50
36.750000 62 50
36.820000 62 50
36.890000 62 50
36.960000 62 50
37.030000 62 50
37.100000 62 50
37.170000 62 50
37.240000 62 50
37.310000 62 50
37.380000 0 0
37.450000 64 56
37.520000 64 56
37.590000 64 56
37.660000 64 56
37.730000 64 56
37.800000 64 56
37.870000 64 56
37.940000 64 56
38.010000 65 52
38.080000 65 52
38.150000 65 52
38.220000 65 52
38.290000 65 52
38.360000 65 52
38.430000 65 52
38.500000 65 52
38.570000 64 56
38.640000 64 56
38.710000 64 56
38.780000 64 56
38.850000 64 56
38.920000 64 56
38.990000 64 56
39.060000 64 56
39.130000 64 56
39.200000 64 56
39.270000 64 56
39.340000 64 56
39.410000 64 56
39.480000 64 56
39.550000 64 56
39.620000 64 56
39.690000 0 0
39.760000 0 0
39.830000 0 0
39.900000 0 0
39.970000 0 0
40.040000 0 0
40.110000 0 0
40.180000 0 0
40.250000 0 0
40.320000 60 54
40.390000 60 54
40.460000 60 54
40.530000 60 54
40.600000 60 54
40.670000 60 54
40.740000 60 54
40.810000 0 0
40.880000 55 50
40.950000 55 50
41.020000 55 50
41.090000 55 50
41.160000 55 50
41.230000 55 50
41.300000 55 50
41.370000 55 50
41.440000 48 48
41.510000 48 48
41.580000 48 48
41.650000 48 48
41.720000 48 48
41.790000 48 48
41.860000 48 48
41.930000 48 48
42.000000 48 48
42.070000 36 57
42.140000 36 57
42.210000 36 57
42.280000 36 57
42.350000 43 50
42.420000 43 50
42.490000 43 50
42.560000 43 50
42.630000 0 0
42.700000 52 53
42.770000 52 53
42.840000 52 53
42.910000 52 53
42.980000 55 56
43.050000 55 56
43.120000 55 56
43.190000 55 56
43.260000 64 58
43.330000 64 58
43.400000 64 58
43.470000 64 58
43.540000 64 58
43.610000 64 58
43.680000 64 58
43.750000 64 58
43.820000 64 58
43.890000 64 58
43.960000 64 58
44.030000 64 58
44.100000 64 58
44.170000 64 58
44.240000 64 58
44.310000 64 58
44.380000 0 0
44.450000 36 59
44.520000 36 59
44.590000 36 59
44.660000 36 59
44.730000 43 47
44.800000 43 47
44.870000 43 47
44.940000 43 47
45.010000 0 0
45.080000 52 51
45.150000 52 51
45.220000 52 51
45.290000 52 51
45.360000 55 55
45.430000 55 55
45.500000 55 55
45.570000 55 55
45.640000 64 59
45.710000 64 59
45.780000 64 59
45.850000 64 59
45.920000 64 59
45.990000 64 59
46.060000 64 59
46.130000 64 59
46.200000 64 59
46.270000 64 59
46.340000 64 59
46.410000 64 59
46.480000 64 59
46.550000 64 59
46.620000 64 59
46.690000 64 59
46.760000 64 59
46.830000 64 59
46.900000 64 59
46.970000 64 59
47.040000 64 59
47.110000 64 59
47.180000 64 59
47.250000 64 59
47.320000 64 59
47.390000 64 59
47.460000 64 59
47.530000 64 59
47.600000 64 59
47.670000 64 59
47.740000 64 59
47.810000 64 59
47.880000 0 0
47.950000 0 0
48.020000 0 0
48.090000 0 0
48.160000 0 0
48.230000 0 0
48.300000 0 0
48.370000 0 0
48.440000 0 0
48.510000 0 0
48.580000 0 0
48.650000 0 0
48.720000 0 0
48.790000 0 0
48.860000 0 0
48.930000 0 0
49.000000 0 0
49.070000 0 0
49.140000 52 48
49.210000 52 48
49.280000 52 48
49.350000 52 48
49.420000 52 48
49.490000 52 48
49.560000 52 48
49.630000 52 48
49.700000 52 48
49.770000 52 48
49.840000 52 48
49.910000 52 48
49.980000 52 48
50.050000 52 48
50.120000 52 48
50.190000 52 48
50.260000 52 48
50.330000 52 48
50.400000 52 48
50.470000 52 48
50.540000 52 48
50.610000 52 48
50.680000 52 48
50.750000 52 48
50.820000 52 48
50.890000 54 38
50.960000 54 38
51.030000 54 38
51.100000 54 38
51.170000 54 38
51.240000 54 38
51.310000 54 38
51.380000 54 38
51.450000 52 48
51.520000 52 48
51.590000 52 48
51.660000 52 48
51.730000 0 0
51.800000 50 40
51.870000 50 40
51.940000 50 40
52.010000 50 40
52.080000 49 41
52.150000 49 41
52.220000 49 41
52.290000 49 41
52.360000 47 36
52.430000 47 36
52.500000 47 36
52.570000 47 36
52.640000 52 48
52.710000 52 48
52.780000 52 48
52.850000 52 48
52.920000 52 48
52.990000 52 48
53.060000 52 48
53.130000 52 48
53.200000 52 48
53.270000 52 48
53.340000 52 48
53.410000 52 48
53.480000 52 48
53.550000 52 48
53.620000 52 48
53.690000 52 48
53.760000 52 48
53.830000 52 48
53.900000 52 48
53.970000 52 48
54.040000 52 48
54.110000 52 48
54.180000 52 48
54.250000 52 48
54.320000 0 0
54.390000 54 38
54.460000 54 38
54.530000 54 38
54.600000 54 38
54.670000 54 38
54.740000 54 38
54.810000 54 38
54.880000 54 38
54.950000 52 48
55.020000 52 48
55.090000 52 48
55.160000 52 48
55.230000 50 40
55.300000 50 40
55.370000 50 40
55.440000 50 40
55.510000 49 41
55.580000 49 41
55.650000 49 41
55.720000 49 41
55.790000 47 36
55.860000 47 36
55.930000 47 36
56.000000 0 0
56.070000 45 45
56.140000 45 45
56.210000 45 45
56.280000 45 45
56.350000 43 40
56.420000 43 40
56.490000 43 40
56.560000 43 40
56.630000 0 0
56.700000 38 41
56.770000 38 41
56.840000 38 41
56.910000 38 41
56.980000 40 36
57.050000 40 36
57.120000 40 36
57.190000 40 36
57.260000 0 0
57.330000 42 48
57.400000 42 48
57.470000 42 48
57.540000 42 48
57.610000 42 48
57.680000 42 48
57.750000 42 48
57.820000 42 48
57.890000 42 48
57.960000 42 48
58.030000 42 48
58.100000 42 48
58.170000 42 48
58.240000 42 48
58.310000 42 48
58.380000 42 48
58.450000 42 48
58.520000 42 48
58.590000 42 48
58.660000 42 48
58.730000 42 48
58.800000 42 48
58.870000 42 48
58.940000 42 48
59.010000 42 48
59.080000 42 48
59.150000 42 48
59.220000 42 48
59.290000 42 48
59.360000 42 48
59.430000 42 48
59.500000 42 48
59.570000 42 48
59.640000 43 36
59.710000 43 36
59.780000 43 36
59.850000 43 36
59.920000 43 36
59.990000 43 36
60.060000 43 36
60.130000 43 36
60.200000 43 36
60.270000 43 36
60.340000 43 36
60.410000 43 36
60.480000 43 36
60.550000 43 36
60.620000 43 36
60.690000 43 36
60.760000 43 36
60.830000 43 36
60.900000 43 36
60.970000 43 36
61.040000 43 36
61.110000 43 36
61.180000 43 36
61.250000 43 36
61.320000 43 36
61.390000 43 36
61.460000 43 36
61.530000 43 36
61.600000 43 36
61.670000 43 36
61.740000 43 36
61.810000 43 36
61.880000 43 36
61.950000 0 0
62.020000 55 35
62.090000 55 35
62.160000 55 35
62.230000 55 35
62.300000 55 35
62.370000 55 35
62.440000 55 35
62.510000 55 35
62.580000 55 35
62.650000 55 35
62.720000 55 35
62.790000 55 35
62.860000 55 35
62.930000 55 35
63.000000 55 35
63.070000 55 35
63.140000 0 0
63.210000 52 48
63.280000 52 48
63.350000 52 48
63.420000 52 48
63.490000 52 48
63.560000 52 48
63.630000 52 48
63.700000 52 48
63.770000 52 48
63.840000 52 48
63.910000 52 48
63.980000 52 48
64.050000 52 48
64.120000 52 48
64.190000 52 48
64.260000 52 48
64.330000 52 48
64.400000 52 48
64.470000 52 48
64.540000 52 48
64.610000 52 48
64.680000 52 48
64.750000 52 48
64.820000 52 48
64.890000 52 48
64.960000 54 38
65.030000 54 38
65.100000 54 38
65.170000 54 38
65.240000 54 38
65.310000 54 38
65.380000 54 38
65.450000 54 38
65.520000 0 0
65.590000 52 47
65.660000 52 47
65.730000 52 47
65.800000 52 47
65.870000 50 40
65.940000 50 40
66.010000 50 40
66.080000 50 40
66.150000 49 41
66.220000 49 41
66.290000 49 41
66.360000 49 41
66.430000 47 36
66.500000 47 36
66.570000 47 36
66.640000 47 36
66.710000 52 48
66.780000 52 48
66.850000 52 48
66.920000 52 48
66.990000 52 48
67.060000 52 48
67.130000 52 48
67.200000 52 48
67.270000 52 48
67.340000 52 48
67.410000 52 48
67.480000 52 48
67.550000 52 48
67.620000 52 48
67.690000 52 48
67.760000 52 48
67.830000 52 48
67.900000 52 48
67.970000 52 48
68.040000 52 48
68.110000 52 48
68.180000 52 48
68.250000 52 48
68.320000 52 48
68.390000 52 48
68.460000 54 38
68.530000 54 38
68.600000 54 38
68.670000 54 38
68.740000 54 38
68.810000 54 38
68.880000 54 38
68.950000 54 38
69.020000 52 48
69.090000 52 48
69.160000 52 48
69.230000 52 48
69.300000 0 0
69.370000 50 40
69.440000 50 40
69.510000 50 40
69.580000 50 40
69.650000 49 41
69.720000 49 41
69.790000 49 41
69.860000 49 41
69.930000 47 36
70.000000 47 36
70.070000 47 36
70.140000 0 0
70.210000 45 45
70.280000 45 45
70.350000 45 45
70.420000 45 45
70.490000 43 40
70.560000 43 40
70.630000 43 40
70.700000 43 40
70.770000 38 41
70.840000 38 41
70.910000 38 41
70.980000 38 41
71.050000 40 36
71.120000 40 36
71.190000 40 36
71.260000 40 36
71.330000 0 0
71.400000 42 48
71.470000 42 48
71.540000 42 48
71.610000 42 48
71.680000 42 48
71.750000 42 48
71.820000 42 48
71.890000 42 48
71.960000 42 48
72.030000 42 48
72.100000 42 48
72.170000 42 48
72.240000 42 48
72.310000 42 48
72.380000 42 48
72.450000 42 48
72.520000 42 48
72.590000 42 48
72.660000 42 48
72.730000 42 48
72.800000 42 48
72.870000 42 48
72.940000 42 48
73.010000 42 48
73.080000 42 48
73.150000 42 48
73.220000 42 48
73.290000 42 48
73.360000 42 48
73.430000 42 48
73.500000 42 48
73.570000 42 48
73.640000 42 48
73.710000 42 48
73.780000 35 31
73.850000 35 31
73.920000 35 31
73.990000 35 31
74.060000 35 31
74.130000 35 31
74.200000 35 31
74.270000 35 31
74.340000 35 31
74.410000 35 31
74.480000 35 31
74.550000 35 31
74.620000 35 31
74.690000 35 31
74.760000 35 31
74.830000 35 31
74.900000 35 31
74.970000 35 31
75.040000 35 31
75.110000 35 31
75.180000 35 31
75.250000 35 31
75.320000 35 31
75.390000 35 31
75.460000 35 31
75.530000 35 31
75.600000 35 31
75.670000 35 31
75.740000 35 31
75.810000 35 31
75.880000 35 31
75.950000 35 31
76.020000 35 31
76.090000 35 31
76.160000 35 31
76.230000 35 31
76.300000 35 31
76.370000 35 31
76.440000 35 31
76.510000 35 31
76.580000 35 31
76.650000 35 31
76.720000 35 31
76.790000 35 31
76.860000 35 31
76.930000 35 31
77.000000 35 31
77.070000 35 31
77.140000 35 31
77.210000 35 31
77.280000 35 31
77.350000 35 31
77.420000 35 31
77.490000 35 31
77.560000 35 31
77.630000 35 31
77.700000 50 27
77.770000 50 27
77.840000 50 27
77.910000 50 27
77.980000 0 0
78.050000 54 31
78.120000 54 31
78.190000 54 31
78.260000 54 31
78.330000 59 35
78.400000 59 35
78.470000 59 35
78.540000 59 35
78.610000 0 0
78.680000 62 40
78.750000 62 40
78.820000 62 40
78.890000 62 40
78.960000 62 40
79.030000 62 40
79.100000 62 40
79.170000 62 40
79.240000 62 40
79.310000 62 40
79.380000 62 40
79.450000 62 40
79.520000 62 40
79.590000 62 40
79.660000 62 40
79.730000 62 40
79.800000 0 0
79.870000 61 38
79.940000 61 38
80.010000 61 38
80.080000 61 38
80.150000 61 38
80.220000 61 38
80.290000 61 38
80.360000 61 38
80.430000 61 38
80.500000 61 38
80.570000 61 38
80.640000 61 38
80.710000 62 33
80.780000 62 33
80.850000 62 33
80.920000 62 33
80.990000 59 36
81.060000 59 36
81.130000 59 36
81.200000 59 36
81.270000 59 36
81.340000 59 36
81.410000 59 36
81.480000 59 36
81.550000 59 36
81.620000 59 36
81.690000 59 36
81.760000 59 36
81.830000 59 36
81.900000 59 36
81.970000 59 36
82.040000 59 36
82.110000 59 36
82.180000 59 36
82.250000 59 36
82.320000 59 36
82.390000 59 36
82.460000 59 36
82.530000 59 36
82.600000 59 36
82.670000 59 36
82.740000 0 0
82.810000 54 28
82.880000 54 28
82.950000 54 28
83.020000 54 28
83.090000 54 28
83.160000 54 28
83.230000 54 28
83.300000 54 28
83.370000 54 28
83.440000 50 25
83.510000 50 25
83.580000 50 25
83.650000 50 25
83.720000 50 25
83.790000 50 25
83.860000 50 25
83.930000 50 25
84.000000 50 25
84.070000 49 21
84.140000 49 21
84.210000 49 21
84.280000 49 21
84.350000 49 21
84.420000 49 21
84.490000 49 21
84.560000 49 21
84.630000 49 21
84.700000 0 0
84.770000 47 21
84.840000 47 21
84.910000 47 21
84.980000 47 21
85.050000 47 21
85.120000 47 21
85.190000 47 21
85.260000 47 21
85.330000 47 21
85.400000 47 21
85.470000 47 21
85.540000 47 21
85.610000 47 21
85.680000 47 21
85.750000 47 21
85.820000 47 21
85.890000 47 21
85.960000 47 21
86.030000 47 21
86.100000 47 21
86.170000 47 21
86.240000 47 21
86.310000 47 21
86.380000 47 21
86.450000 47 21
86.520000 47 21
86.590000 47 21
86.660000 47 21
86.730000 47 21
86.800000 47 21
86.870000 47 21
86.940000 47 21
87.010000 47 21
87.080000 47 21
87.150000 47 21
87.220000 47 21
87.290000 47 21
87.360000 47 21
87.430000 47 21
87.500000 47 21
87.570000 47 21
87.640000 47 21
87.710000 47 21
87.780000 47 21
87.850000 47 21
87.920000 47 21
87.990000 47 21
88.060000 47 21
88.130000 47 21
88.200000 47 21
88.270000 47 21
88.340000 47 21
88.410000 47 21
88.480000 47 21
88.550000 47 21
88.620000 47 21
88.690000 47 21
88.760000 47 21
88.830000 47 21
88.900000 47 21
88.970000 47 21
89.040000 47 21
89.110000 47 21
89.180000 47 21
89.250000 47 21
89.320000 47 21
89.390000 47 21
89.460000 47 21
89.530000 47 21
89.600000 47 21
89.670000 47 21
89.740000 47 21
89.810000 47 21
89.880000 47 21
89.950000 47 21
90.020000 47 21
90.090000 47 21
90.160000 47 21
90.230000 47 21
90.300000 47 21
90.370000 47 21
90.440000 47 21
90.510000 47 21
90.580000 47 21
90.650000 47 21
90.720000 47 21
90.790000 47 21
90.860000 47 21
90.930000 47 21
91.000000 47 21
91.070000 47 21
91.140000 47 21
91.210000 47 21
91.280000 47 21
91.350000 47 21
91.420000 47 21
91.490000 0 0
