"chpn-p23"

# Piano right
0.000000 0 0
0.070000 0 0
0.140000 0 0
0.210000 0 0
0.280000 0 0
0.350000 0 0
0.420000 0 0
0.490000 0 0
0.560000 0 0
0.630000 0 0
0.700000 0 0
0.770000 0 0
0.840000 0 0
0.910000 0 0
0.980000 0 0
1.050000 0 0
1.120000 0 0
1.190000 0 0
1.260000 0 0
1.330000 0 0
1.400000 0 0
1.470000 0 0
1.540000 0 0
1.610000 0 0
1.680000 0 0
1.750000 72 40
1.820000 0 0
1.890000 69 32
1.960000 65 32
2.030000 0 0
2.100000 62 33
2.170000 0 0
2.240000 60 40
2.310000 0 0
2.380000 65 36
2.450000 0 0
2.520000 77 40
2.590000 0 0
2.660000 74 36
2.730000 0 0
2.800000 72 40
2.870000 0 0
2.940000 69 32
3.010000 0 0
3.080000 65 32
3.150000 0 0
3.220000 62 32
3.290000 0 0
3.360000 60 40
3.430000 0 0
3.500000 65 37
3.570000 0 0
3.640000 77 40
3.710000 74 36
3.780000 0 0
3.850000 72 40
3.920000 0 0
3.990000 69 35
4.060000 0 0
4.130000 65 34
4.200000 0 0
4.270000 62 34
4.340000 0 0
4.410000 60 40
4.480000 0 0
4.550000 65 35
4.620000 0 0
4.690000 77 40
4.760000 0 0
4.830000 74 36
4.900000 74 36
4.970000 72 40
5.040000 0 0
5.110000 69 35
5.180000 0 0
5.250000 65 35
5.320000 0 0
5.390000 62 35
5.460000 0 0
5.530000 60 40
5.600000 0 0
5.670000 64 38
5.740000 0 0
5.810000 70 40
5.880000 0 0
5.950000 67 37
6.020000 69 40
6.090000 0 0
6.160000 65 37
6.230000 0 0
6.300000 60 33
6.370000 0 0
6.440000 57 33
6.510000 0 0
6.580000 60 37
6.650000 0 0
6.720000 65 34
6.790000 0 0
6.860000 64 31
6.930000 0 0
7.000000 67 37
7.070000 0 0
7.140000 69 40
7.210000 0 0
7.280000 65 38
7.350000 0 0
7.420000 60 35
7.490000 0 0
7.560000 57 35
7.630000 0 0
7.700000 60 37
7.770000 65 34
7.840000 0 0
7.910000 70 37
7.980000 0 0
8.050000 67 36
8.120000 0 0
8.190000 69 40
8.260000 0 0
8.330000 65 37
8.400000 0 0
8.470000 60 33
8.540000 0 0
8.610000 57 33
8.680000 0 0
8.750000 60 37
8.820000 0 0
8.890000 65 32
8.960000 0 0
9.030000 70 45
9.100000 0 0
9.170000 68 41
9.240000 0 0
9.310000 69 45
9.380000 0 0
9.450000 70 40
9.520000 0 0
9.590000 74 45
9.660000 0 0
9.730000 71 41
9.800000 0 0
9.870000 72 48
9.940000 0 0
10.010000 76 46
10.080000 77 50
10.150000 0 0
10.220000 81 52
10.290000 81 52
10.360000 0 0
10.430000 79 52
10.500000 76 40
10.570000 0 0
10.640000 72 45
10.710000 0 0
10.780000 69 41
10.850000 0 0
10.920000 67 45
10.990000 0 0
11.060000 72 40
11.130000 0 0
11.200000 84 48
11.270000 0 0
11.340000 81 42
11.410000 0 0
11.480000 79 45
11.550000 0 0
11.620000 76 41
11.690000 0 0
11.760000 72 41
11.830000 0 0
11.900000 69 41
11.970000 0 0
12.040000 67 45
12.110000 0 0
12.180000 72 42
12.250000 84 48
12.320000 0 0
12.390000 81 41
12.460000 0 0
12.530000 79 45
12.600000 0 0
12.670000 76 42
12.740000 0 0
12.810000 72 42
12.880000 0 0
12.950000 69 42
13.020000 0 0
13.090000 67 45
13.160000 67 45
13.230000 72 41
13.300000 0 0
13.370000 84 49
13.440000 0 0
13.510000 81 42
13.580000 81 42
13.650000 79 45
13.720000 0 0
13.790000 76 41
13.860000 0 0
13.930000 72 41
14.000000 0 0
14.070000 69 41
14.140000 0 0
14.210000 67 45
14.280000 0 0
14.350000 71 43
14.420000 77 45
14.490000 0 0
14.560000 74 42
14.630000 0 0
14.700000 76 45
14.770000 0 0
14.840000 72 42
14.910000 0 0
14.980000 67 37
15.050000 0 0
15.120000 64 37
15.190000 0 0
15.260000 67 42
15.330000 0 0
15.400000 72 38
15.470000 0 0
15.540000 71 44
15.610000 0 0
15.680000 74 42
15.750000 0 0
15.820000 76 45
15.890000 0 0
15.960000 72 43
16.030000 0 0
16.100000 67 39
16.170000 0 0
16.240000 64 39
16.310000 0 0
16.380000 67 42
16.450000 72 38
16.520000 0 0
16.590000 71 29
16.660000 0 0
16.730000 74 41
16.800000 0 0
16.870000 76 45
16.940000 0 0
17.010000 72 42
17.080000 0 0
17.150000 67 37
17.220000 0 0
17.290000 64 37
17.360000 0 0
17.430000 67 42
17.500000 0 0
17.570000 72 36
17.640000 0 0
17.710000 76 51
17.780000 0 0
17.850000 79 49
17.920000 0 0
17.990000 84 51
18.060000 0 0
18.130000 88 49
18.200000 86 51
18.270000 0 0
18.340000 79 47
18.410000 0 0
18.480000 74 51
18.550000 0 0
18.620000 79 47
18.690000 0 0
18.760000 74 49
18.830000 0 0
18.900000 76 48
18.970000 0 0
19.040000 84 52
19.110000 0 0
19.180000 81 42
19.250000 0 0
19.320000 77 42
19.390000 0 0
19.460000 74 43
19.530000 0 0
19.600000 72 46
19.670000 0 0
19.740000 77 42
19.810000 0 0
19.880000 89 51
19.950000 0 0
20.020000 86 46
20.090000 0 0
20.160000 84 51
20.230000 0 0
20.300000 81 46
20.370000 0 0
20.440000 77 46
20.510000 0 0
20.580000 74 46
20.650000 72 51
20.720000 0 0
20.790000 77 47
20.860000 0 0
20.930000 89 51
21.000000 0 0
21.070000 86 46
21.140000 0 0
21.210000 84 53
21.280000 0 0
21.350000 81 44
21.420000 0 0
21.490000 77 44
21.560000 0 0
21.630000 74 44
21.700000 0 0
21.770000 72 46
21.840000 0 0
21.910000 77 43
21.980000 0 0
22.050000 89 51
22.120000 0 0
22.190000 86 47
22.260000 86 47
22.330000 84 51
22.400000 0 0
22.470000 81 46
22.540000 0 0
22.610000 77 46
22.680000 74 46
22.750000 0 0
22.820000 72 51
22.890000 0 0
22.960000 76 49
23.030000 0 0
23.100000 82 51
23.170000 0 0
23.240000 79 47
23.310000 0 0
23.380000 81 51
23.450000 0 0
23.520000 77 44
23.590000 0 0
23.660000 72 39
23.730000 0 0
23.800000 69 39
23.870000 0 0
23.940000 72 44
24.010000 0 0
24.080000 77 40
24.150000 0 0
24.220000 82 44
24.290000 0 0
24.360000 79 44
24.430000 0 0
24.500000 81 46
24.570000 0 0
24.640000 77 45
24.710000 72 41
24.780000 0 0
24.850000 69 41
24.920000 0 0
24.990000 72 44
25.060000 0 0
25.130000 77 40
25.200000 0 0
25.270000 82 44
25.340000 0 0
25.410000 79 43
25.480000 0 0
25.550000 81 46
25.620000 0 0
25.690000 77 44
25.760000 0 0
25.830000 72 39
25.900000 0 0
25.970000 69 39
26.040000 0 0
26.110000 72 47
26.180000 0 0
26.250000 77 41
26.320000 81 48
26.390000 0 0
26.460000 84 46
26.530000 0 0
26.600000 89 51
26.670000 0 0
26.740000 93 46
26.810000 0 0
26.880000 91 48
26.950000 0 0
27.020000 84 45
27.090000 0 0
27.160000 79 52
27.230000 0 0
27.300000 84 46
27.370000 0 0
27.440000 79 51
27.510000 0 0
27.580000 81 48
27.650000 0 0
27.720000 89 48
27.790000 0 0
27.860000 86 45
27.930000 0 0
28.000000 82 42
28.070000 0 0
28.140000 79 42
28.210000 0 0
28.280000 77 46
28.350000 0 0
28.420000 82 42
28.490000 0 0
28.560000 94 48
28.630000 0 0
28.700000 91 46
28.770000 0 0
28.840000 89 51
28.910000 86 46
28.980000 0 0
29.050000 82 48
29.120000 0 0
29.190000 79 44
29.260000 0 0
29.330000 77 47
29.400000 0 0
29.470000 82 44
29.540000 0 0
29.610000 94 51
29.680000 0 0
29.750000 91 48
29.820000 0 0
29.890000 89 48
29.960000 0 0
30.030000 86 46
30.100000 0 0
30.170000 83 43
30.240000 0 0
30.310000 79 43
30.380000 0 0
30.450000 77 48
30.520000 79 43
30.590000 0 0
30.660000 95 48
30.730000 0 0
30.800000 91 46
30.870000 0 0
30.940000 89 51
31.010000 0 0
31.080000 86 46
31.150000 0 0
31.220000 83 48
31.290000 0 0
31.360000 79 45
31.430000 0 0
31.500000 77 48
31.570000 0 0
31.640000 79 44
31.710000 0 0
31.780000 95 51
31.850000 0 0
31.920000 91 48
31.990000 0 0
32.060000 89 48
32.130000 86 46
32.200000 0 0
32.270000 84 42
32.340000 0 0
32.410000 81 43
32.480000 0 0
32.550000 79 48
32.620000 0 0
32.690000 84 45
32.760000 0 0
32.830000 96 48
32.900000 0 0
32.970000 93 46
33.040000 0 0
33.110000 89 51
33.180000 0 0
33.250000 86 46
33.320000 0 0
33.390000 84 48
33.460000 0 0
33.530000 81 48
33.600000 0 0
33.670000 79 52
33.740000 0 0
33.810000 84 46
33.880000 96 51
33.950000 0 0
34.020000 93 48
34.090000 93 48
34.160000 0 0
34.230000 89 51
34.300000 0 0
34.370000 86 47
34.440000 0 0
34.510000 84 44
34.580000 0 0
34.650000 81 44
34.720000 0 0
34.790000 79 47
34.860000 0 0
34.930000 84 42
35.000000 0 0
35.070000 96 51
35.140000 93 45
35.210000 0 0
35.280000 91 53
35.350000 0 0
35.420000 88 45
35.490000 0 0
35.560000 84 45
35.630000 0 0
35.700000 81 45
35.770000 0 0
35.840000 79 51
35.910000 0 0
35.980000 84 40
36.050000 0 0
36.120000 96 45
36.190000 96 45
36.260000 91 37
36.330000 91 37
36.400000 96 45
36.470000 0 0
36.540000 93 41
36.610000 0 0
36.680000 89 41
36.750000 0 0
36.820000 86 42
36.890000 0 0
36.960000 84 45
37.030000 0 0
37.100000 89 41
37.170000 0 0
37.240000 101 45
37.310000 0 0
37.380000 98 42
37.450000 0 0
37.520000 96 45
37.590000 0 0
37.660000 93 42
37.730000 0 0
37.800000 89 42
37.870000 0 0
37.940000 86 42
38.010000 84 45
38.080000 0 0
38.150000 89 43
38.220000 0 0
38.290000 101 45
38.360000 0 0
38.430000 98 42
38.500000 0 0
38.570000 96 46
38.640000 0 0
38.710000 93 43
38.780000 0 0
38.850000 89 43
38.920000 0 0
38.990000 86 43
39.060000 0 0
39.130000 84 45
39.200000 0 0
39.270000 89 42
39.340000 0 0
39.410000 101 45
39.480000 0 0
39.550000 98 43
39.620000 98 43
39.690000 96 45
39.760000 93 42
39.830000 0 0
39.900000 89 42
39.970000 0 0
40.040000 86 42
40.110000 0 0
40.180000 84 45
40.250000 0 0
40.320000 88 44
40.390000 0 0
40.460000 94 45
40.530000 0 0
40.600000 91 43
40.670000 0 0
40.740000 93 45
40.810000 0 0
40.880000 89 43
40.950000 0 0
41.020000 84 37
41.090000 0 0
41.160000 81 37
41.230000 0 0
41.300000 77 43
41.370000 0 0
41.440000 72 39
41.510000 0 0
41.580000 76 33
41.650000 0 0
41.720000 79 43
41.790000 0 0
41.860000 81 45
41.930000 77 44
42.000000 0 0
42.070000 72 40
42.140000 0 0
42.210000 69 40
42.280000 0 0
42.350000 65 43
42.420000 0 0
42.490000 60 39
42.560000 0 0
42.630000 70 42
42.700000 0 0
42.770000 67 42
42.840000 0 0
42.910000 69 45
42.980000 0 0
43.050000 65 44
43.120000 0 0
43.190000 60 39
43.260000 0 0
43.330000 57 39
43.400000 0 0
43.470000 60 41
43.540000 0 0
43.610000 65 36
43.680000 70 39
43.750000 70 39
43.820000 67 39
43.890000 67 39
43.960000 69 42
44.030000 0 0
44.100000 65 41
44.170000 0 0
44.240000 60 34
44.310000 0 0
44.380000 57 34
44.450000 0 0
44.520000 60 38
44.590000 0 0
44.660000 65 34
44.730000 0 0
44.800000 70 35
44.870000 0 0
44.940000 67 35
45.010000 0 0
45.080000 69 38
45.150000 0 0
45.220000 65 38
45.290000 0 0
45.360000 60 34
45.430000 0 0
45.500000 57 34
45.570000 0 0
45.640000 60 34
45.710000 0 0
45.780000 65 32
45.850000 0 0
45.920000 69 36
45.990000 0 0
46.060000 72 33
46.130000 72 33
46.200000 77 39
46.270000 77 39
46.340000 81 34
46.410000 81 34
46.480000 84 30
46.550000 84 30
46.620000 89 26
46.690000 89 26
46.760000 93 33
46.830000 93 33
46.900000 84 31
46.970000 84 31
47.040000 0 0
47.110000 89 29
47.180000 89 29
47.250000 0 0
47.320000 81 26
47.390000 81 26
47.460000 81 26
47.530000 81 26
47.600000 101 42
47.670000 101 42
47.740000 101 42
47.810000 101 42
47.880000 101 42
47.950000 101 42
48.020000 101 42
48.090000 101 42
48.160000 101 42
48.230000 101 42
48.300000 101 42
48.370000 101 42
48.440000 101 42
48.510000 101 42
48.580000 0 0
# Piano left
0.000000 0 0
0.070000 0 0
0.140000 0 0
0.210000 0 0
0.280000 0 0
0.350000 0 0
0.420000 0 0
0.490000 0 0
0.560000 0 0
0.630000 0 0
0.700000 0 0
0.770000 0 0
0.840000 0 0
0.910000 0 0
0.980000 0 0
1.050000 0 0
1.120000 0 0
1.190000 0 0
1.260000 0 0
1.330000 0 0
1.400000 0 0
1.470000 0 0
1.540000 0 0
1.610000 41 30
1.680000 41 30
1.750000 41 30
1.820000 41 30
1.890000 41 30
1.960000 41 30
2.030000 41 30
2.100000 41 30
2.170000 41 30
2.240000 41 30
2.310000 41 30
2.380000 41 30
2.450000 41 30
2.520000 41 30
2.590000 41 30
2.660000 41 30
2.730000 41 30
2.800000 0 0
2.870000 0 0
2.940000 0 0
3.010000 0 0
3.080000 0 0
3.150000 0 0
3.220000 0 0
3.290000 0 0
3.360000 0 0
3.430000 0 0
3.500000 0 0
3.570000 0 0
3.640000 0 0
3.710000 0 0
3.780000 0 0
3.850000 36 47
3.920000 36 47
3.990000 36 47
4.060000 36 47
4.130000 36 47
4.200000 36 47
4.270000 36 47
4.340000 0 0
4.410000 50 38
4.480000 0 0
4.550000 0 0
4.620000 0 0
4.690000 0 0
4.760000 0 0
4.830000 47 42
4.900000 48 42
4.970000 48 36
5.040000 48 36
5.110000 48 36
5.180000 48 36
5.250000 48 36
5.320000 48 36
5.390000 48 36
5.460000 48 36
5.530000 48 36
5.600000 48 36
5.670000 48 36
5.740000 48 36
5.810000 48 36
5.880000 48 36
5.950000 48 36
6.020000 41 47
6.090000 41 47
6.160000 41 47
6.230000 0 0
6.300000 48 37
6.370000 0 0
6.440000 53 33
6.510000 0 0
6.580000 57 41
6.650000 57 41
6.720000 57 41
6.790000 0 0
6.860000 48 35
6.930000 48 35
7.000000 48 35
7.070000 0 0
7.140000 41 48
7.210000 41 48
7.280000 41 48
7.350000 0 0
7.420000 48 41
7.490000 0 0
7.560000 53 36
7.630000 0 0
7.700000 57 42
7.770000 57 42
7.840000 57 42
7.910000 48 40
7.980000 48 40
8.050000 48 40
8.120000 0 0
8.190000 41 47
8.260000 41 47
8.330000 41 47
8.400000 0 0
8.470000 48 45
8.540000 0 0
8.610000 53 39
8.680000 0 0
8.750000 57 45
8.820000 0 0
8.890000 53 40
8.960000 0 0
9.030000 62 40
9.100000 0 0
9.170000 59 35
9.240000 0 0
9.310000 60 43
9.380000 60 43
9.450000 60 43
9.520000 0 0
9.590000 70 39
9.660000 0 0
9.730000 68 36
9.800000 0 0
9.870000 69 39
9.940000 69 39
10.010000 69 39
10.080000 0 0
10.150000 0 0
10.220000 48 30
10.290000 48 30
10.360000 48 30
10.430000 48 30
10.500000 48 30
10.570000 48 30
10.640000 48 30
10.710000 48 30
10.780000 48 30
10.850000 48 30
10.920000 48 30
10.990000 48 30
11.060000 48 30
11.130000 48 30
11.200000 48 30
11.270000 48 30
11.340000 48 30
11.410000 55 37
11.480000 0 0
11.550000 0 0
11.620000 0 0
11.690000 0 0
11.760000 0 0
11.830000 0 0
11.900000 0 0
11.970000 0 0
12.040000 0 0
12.110000 0 0
12.180000 0 0
12.250000 0 0
12.320000 0 0
12.390000 0 0
12.460000 0 0
12.530000 43 47
12.600000 43 47
12.670000 43 47
12.740000 43 47
12.810000 43 47
12.880000 43 47
12.950000 43 47
13.020000 0 0
13.090000 57 38
13.160000 0 0
13.230000 0 0
13.300000 0 0
13.370000 0 0
13.440000 0 0
13.510000 54 42
13.580000 55 42
13.650000 55 36
13.720000 55 36
13.790000 55 36
13.860000 55 36
13.930000 55 36
14.000000 55 36
14.070000 55 36
14.140000 55 36
14.210000 55 36
14.280000 55 36
14.350000 55 36
14.420000 55 36
14.490000 55 36
14.560000 55 36
14.630000 55 36
14.700000 48 47
14.770000 48 47
14.840000 48 47
14.910000 0 0
14.980000 55 43
15.050000 0 0
15.120000 60 39
15.190000 0 0
15.260000 64 44
15.330000 64 44
15.400000 64 44
15.470000 0 0
15.540000 55 30
15.610000 55 30
15.680000 55 30
15.750000 0 0
15.820000 48 48
15.890000 48 48
15.960000 48 48
16.030000 0 0
16.100000 55 42
16.170000 0 0
16.240000 60 37
16.310000 0 0
16.380000 64 45
16.450000 64 45
16.520000 64 45
16.590000 55 29
16.660000 55 29
16.730000 55 29
16.800000 0 0
16.870000 48 47
16.940000 48 47
17.010000 0 0
17.080000 55 45
17.150000 55 45
17.220000 60 39
17.290000 60 39
17.360000 0 0
17.430000 64 47
17.500000 64 47
17.570000 70 44
17.640000 70 44
17.710000 0 0
17.780000 0 0
17.850000 0 0
17.920000 0 0
17.990000 0 0
18.060000 0 0
18.130000 0 0
18.200000 0 0
18.270000 0 0
18.340000 0 0
18.410000 0 0
18.480000 0 0
18.550000 0 0
18.620000 0 0
18.690000 0 0
18.760000 0 0
18.830000 0 0
18.900000 53 30
18.970000 53 30
19.040000 53 30
19.110000 53 30
19.180000 53 30
19.250000 53 30
19.320000 53 30
19.390000 53 30
19.460000 53 30
19.530000 53 30
19.600000 53 30
19.670000 53 30
19.740000 53 30
19.810000 53 30
19.880000 53 30
19.950000 53 30
20.020000 53 30
20.090000 0 0
20.160000 0 0
20.230000 0 0
20.300000 0 0
20.370000 0 0
20.440000 0 0
20.510000 0 0
20.580000 0 0
20.650000 0 0
20.720000 0 0
20.790000 0 0
20.860000 0 0
20.930000 0 0
21.000000 0 0
21.070000 0 0
21.140000 0 0
21.210000 48 47
21.280000 48 47
21.350000 48 47
21.420000 48 47
21.490000 48 47
21.560000 48 47
21.630000 48 47
21.700000 0 0
21.770000 62 38
21.840000 0 0
21.910000 0 0
21.980000 0 0
22.050000 0 0
22.120000 0 0
22.190000 59 42
22.260000 60 42
22.330000 60 36
22.400000 60 36
22.470000 60 36
22.540000 60 36
22.610000 60 36
22.680000 60 36
22.750000 60 36
22.820000 60 36
22.890000 60 36
22.960000 60 36
23.030000 60 36
23.100000 60 36
23.170000 60 36
23.240000 60 36
23.310000 60 36
23.380000 53 47
23.450000 53 47
23.520000 53 47
23.590000 0 0
23.660000 60 44
23.730000 0 0
23.800000 65 40
23.870000 0 0
23.940000 69 46
24.010000 69 46
24.080000 69 46
24.150000 0 0
24.220000 60 32
24.290000 60 32
24.360000 60 32
24.430000 0 0
24.500000 53 48
24.570000 53 48
24.640000 53 48
24.710000 60 43
24.780000 0 0
24.850000 65 41
24.920000 0 0
24.990000 69 45
25.060000 69 45
25.130000 69 45
25.200000 0 0
25.270000 60 32
25.340000 60 32
25.410000 60 32
25.480000 0 0
25.550000 53 47
25.620000 53 47
25.690000 0 0
25.760000 60 45
25.830000 60 45
25.900000 65 39
25.970000 65 39
26.040000 0 0
26.110000 69 47
26.180000 69 47
26.250000 75 50
26.320000 75 50
26.390000 0 0
26.460000 0 0
26.530000 0 0
26.600000 0 0
26.670000 0 0
26.740000 0 0
26.810000 0 0
26.880000 0 0
26.950000 0 0
27.020000 0 0
27.090000 0 0
27.160000 0 0
27.230000 0 0
27.300000 0 0
27.370000 0 0
27.440000 0 0
27.510000 0 0
27.580000 0 0
27.650000 0 0
27.720000 58 55
27.790000 58 55
27.860000 0 0
27.930000 65 20
28.000000 65 20
28.070000 74 45
28.140000 74 45
28.210000 0 0
28.280000 0 0
28.350000 0 0
28.420000 0 0
28.490000 0 0
28.560000 0 0
28.630000 0 0
28.700000 0 0
28.770000 0 0
28.840000 0 0
28.910000 0 0
28.980000 0 0
29.050000 0 0
29.120000 0 0
29.190000 0 0
29.260000 0 0
29.330000 0 0
29.400000 0 0
29.470000 0 0
29.540000 0 0
29.610000 0 0
29.680000 0 0
29.750000 0 0
29.820000 0 0
29.890000 55 54
29.960000 55 54
30.030000 65 47
30.100000 65 47
30.170000 0 0
30.240000 74 43
30.310000 74 43
30.380000 0 0
30.450000 0 0
30.520000 0 0
30.590000 0 0
30.660000 0 0
30.730000 0 0
30.800000 0 0
30.870000 0 0
30.940000 0 0
31.010000 0 0
31.080000 0 0
31.150000 0 0
31.220000 0 0
31.290000 0 0
31.360000 0 0
31.430000 0 0
31.500000 0 0
31.570000 0 0
31.640000 0 0
31.710000 0 0
31.780000 0 0
31.850000 0 0
31.920000 0 0
31.990000 0 0
32.060000 60 57
32.130000 60 57
32.200000 67 47
32.270000 67 47
32.340000 67 47
32.410000 67 47
32.480000 67 47
32.550000 67 47
32.620000 67 47
32.690000 67 47
32.760000 67 47
32.830000 67 47
32.900000 67 47
32.970000 67 47
33.040000 67 47
33.110000 67 47
33.180000 67 47
33.250000 67 47
33.320000 67 47
33.390000 67 47
33.460000 67 47
33.530000 67 47
33.600000 67 47
33.670000 67 47
33.740000 67 47
33.810000 67 47
33.880000 67 47
33.950000 67 47
34.020000 60 42
34.090000 60 42
34.160000 60 42
34.230000 70 61
34.300000 70 61
34.370000 70 61
34.440000 70 61
34.510000 70 61
34.580000 70 61
34.650000 70 61
34.720000 70 61
34.790000 70 61
34.860000 70 61
34.930000 70 61
35.000000 70 61
35.070000 70 61
35.140000 70 61
35.210000 70 61
35.280000 70 61
35.350000 70 61
35.420000 70 61
35.490000 70 61
35.560000 70 61
35.630000 70 61
35.700000 70 61
35.770000 70 61
35.840000 70 61
35.910000 70 61
35.980000 70 61
36.050000 70 61
36.120000 70 61
36.190000 70 61
36.260000 53 35
36.330000 60 40
36.400000 60 40
36.470000 60 40
36.540000 60 40
36.610000 60 40
36.680000 60 40
36.750000 60 40
36.820000 60 40
36.890000 60 40
36.960000 60 40
37.030000 60 40
37.100000 60 40
37.170000 60 40
37.240000 60 40
37.310000 60 40
37.380000 60 40
37.450000 0 0
37.520000 0 0
37.590000 0 0
37.660000 0 0
37.730000 0 0
37.800000 0 0
37.870000 0 0
37.940000 0 0
38.010000 0 0
38.080000 0 0
38.150000 0 0
38.220000 0 0
38.290000 0 0
38.360000 0 0
38.430000 0 0
38.500000 0 0
38.570000 48 38
38.640000 48 38
38.710000 48 38
38.780000 48 38
38.850000 48 38
38.920000 48 38
38.990000 48 38
39.060000 0 0
39.130000 0 0
39.200000 0 0
39.270000 0 0
39.340000 0 0
39.410000 0 0
39.480000 0 0
39.550000 0 0
39.620000 60 37
39.690000 60 32
39.760000 60 32
39.830000 60 32
39.900000 60 32
39.970000 60 32
40.040000 60 32
40.110000 60 32
40.180000 60 32
40.250000 60 32
40.320000 60 32
40.390000 60 32
40.460000 60 32
40.530000 60 32
40.600000 60 32
40.670000 60 32
40.740000 53 42
40.810000 53 42
40.880000 53 42
40.950000 0 0
41.020000 60 40
41.090000 0 0
41.160000 65 38
41.230000 0 0
41.300000 69 42
41.370000 69 42
41.440000 69 42
41.510000 0 0
41.580000 60 28
41.650000 60 28
41.720000 60 28
41.790000 0 0
41.860000 41 43
41.930000 41 43
42.000000 41 43
42.070000 48 40
42.140000 0 0
42.210000 53 36
42.280000 0 0
42.350000 57 40
42.420000 57 40
42.490000 57 40
42.560000 0 0
42.630000 48 28
42.700000 48 28
42.770000 48 28
42.840000 0 0
42.910000 41 43
42.980000 41 43
43.050000 41 43
43.120000 0 0
43.190000 48 39
43.260000 0 0
43.330000 53 36
43.400000 0 0
43.470000 57 40
43.540000 57 40
43.610000 57 40
43.680000 48 26
43.750000 48 26
43.820000 48 26
43.890000 48 26
43.960000 41 40
44.030000 41 40
44.100000 41 40
44.170000 0 0
44.240000 48 35
44.310000 0 0
44.380000 53 32
44.450000 0 0
44.520000 57 37
44.590000 57 37
44.660000 57 37
44.730000 0 0
44.800000 48 24
44.870000 48 24
44.940000 48 24
45.010000 0 0
45.080000 41 37
45.150000 41 37
45.220000 41 37
45.290000 41 37
45.360000 41 37
45.430000 0 0
45.500000 48 31
45.570000 0 0
45.640000 53 31
45.710000 0 0
45.780000 57 28
45.850000 0 0
45.920000 60 28
45.990000 0 0
46.060000 65 27
46.130000 65 27
46.200000 69 29
46.270000 69 29
46.340000 75 32
46.410000 75 32
46.480000 69 29
46.550000 69 29
46.620000 65 23
46.690000 65 23
46.760000 60 27
46.830000 60 27
46.900000 57 24
46.970000 57 24
47.040000 0 0
47.110000 53 22
47.180000 53 22
47.250000 0 0
47.320000 48 20
47.390000 48 20
47.460000 48 20
47.530000 48 20
47.600000 41 21
47.670000 41 21
47.740000 41 21
47.810000 41 21
47.880000 41 21
47.950000 41 21
48.020000 41 21
48.090000 41 21
48.160000 41 21
48.230000 41 21
48.300000 41 21
48.370000 41 21
48.440000 41 21
48.510000 41 21
48.580000 0 0
