"chpn-p3"

# Piano right
0.000000 0 0
0.070000 0 0
0.140000 0 0
0.210000 0 0
0.280000 0 0
0.350000 0 0
0.420000 0 0
0.490000 0 0
0.560000 0 0
0.630000 0 0
0.700000 0 0
0.770000 0 0
0.840000 0 0
0.910000 0 0
0.980000 0 0
1.050000 0 0
1.120000 0 0
1.190000 0 0
1.260000 0 0
1.330000 0 0
1.400000 0 0
1.470000 0 0
1.540000 0 0
1.610000 0 0
1.680000 0 0
1.750000 0 0
1.820000 0 0
1.890000 0 0
1.960000 0 0
2.030000 0 0
2.100000 0 0
2.170000 0 0
2.240000 0 0
2.310000 0 0
2.380000 0 0
2.450000 0 0
2.520000 0 0
2.590000 0 0
2.660000 0 0
2.730000 0 0
2.800000 0 0
2.870000 0 0
2.940000 0 0
3.010000 62 77
3.080000 62 77
3.150000 62 77
3.220000 62 77
3.290000 62 77
3.360000 62 77
3.430000 62 77
3.500000 0 0
3.570000 0 0
3.640000 0 0
3.710000 71 77
3.780000 71 77
3.850000 71 77
3.920000 71 77
3.990000 71 77
4.060000 71 77
4.130000 71 77
4.200000 0 0
4.270000 0 0
4.340000 0 0
4.410000 72 66
4.480000 71 73
4.550000 71 73
4.620000 71 73
4.690000 71 73
4.760000 71 73
4.830000 71 73
4.900000 71 73
4.970000 71 73
5.040000 71 73
5.110000 71 73
5.180000 71 73
5.250000 71 73
5.320000 71 73
5.390000 71 73
5.460000 71 73
5.530000 0 0
5.600000 0 0
5.670000 0 0
5.740000 0 0
5.810000 0 0
5.880000 76 78
5.950000 74 74
6.020000 74 74
6.090000 74 74
6.160000 74 74
6.230000 74 74
6.300000 74 74
6.370000 74 74
6.440000 74 74
6.510000 74 74
6.580000 74 74
6.650000 74 74
6.720000 74 74
6.790000 74 74
6.860000 74 74
6.930000 74 74
7.000000 74 74
7.070000 74 74
7.140000 74 74
7.210000 74 74
7.280000 74 74
7.350000 74 74
7.420000 0 0
7.490000 79 74
7.560000 79 74
7.630000 79 74
7.700000 79 74
7.770000 79 74
7.840000 79 74
7.910000 79 74
7.980000 79 74
8.050000 79 74
8.120000 79 74
8.190000 0 0
8.260000 0 0
8.330000 0 0
8.400000 0 0
8.470000 0 0
8.540000 0 0
8.610000 0 0
8.680000 0 0
8.750000 0 0
8.820000 0 0
8.890000 0 0
8.960000 69 53
9.030000 69 53
9.100000 69 53
9.170000 69 53
9.240000 69 53
9.310000 69 53
9.380000 69 53
9.450000 69 53
9.520000 69 53
9.590000 69 53
9.660000 69 53
9.730000 69 53
9.800000 69 53
9.870000 69 53
9.940000 69 53
10.010000 69 53
10.080000 69 53
10.150000 69 53
10.220000 69 53
10.290000 69 53
10.360000 66 55
10.430000 81 69
10.500000 81 69
10.570000 81 69
10.640000 81 69
10.710000 81 69
10.780000 81 69
10.850000 81 69
10.920000 81 69
10.990000 81 69
11.060000 81 69
11.130000 0 0
11.200000 0 0
11.270000 0 0
11.340000 0 0
11.410000 0 0
11.480000 0 0
11.550000 0 0
11.620000 0 0
11.690000 0 0
11.760000 0 0
11.830000 0 0
11.900000 73 55
11.970000 73 55
12.040000 73 55
12.110000 73 55
12.180000 73 55
12.250000 73 55
12.320000 73 55
12.390000 73 55
12.460000 73 55
12.530000 73 55
12.600000 73 55
12.670000 73 55
12.740000 73 55
12.810000 73 55
12.880000 73 55
12.950000 73 55
13.020000 73 55
13.090000 73 55
13.160000 73 55
13.230000 73 55
13.300000 73 55
13.370000 66 49
13.440000 81 72
13.510000 81 72
13.580000 81 72
13.650000 81 72
13.720000 81 72
13.790000 81 72
13.860000 81 72
13.930000 81 72
14.000000 81 72
14.070000 81 72
14.140000 0 0
14.210000 0 0
14.280000 0 0
14.350000 0 0
14.420000 0 0
14.490000 0 0
14.560000 0 0
14.630000 0 0
14.700000 0 0
14.770000 0 0
14.840000 0 0
14.910000 0 0
14.980000 0 0
15.050000 0 0
15.120000 0 0
15.190000 0 0
15.260000 0 0
15.330000 0 0
15.400000 0 0
15.470000 0 0
15.540000 0 0
15.610000 81 55
15.680000 76 70
15.750000 76 70
15.820000 76 70
15.890000 76 70
15.960000 76 70
16.030000 76 70
16.100000 76 70
16.170000 0 0
16.240000 0 0
16.310000 72 55
16.380000 0 0
16.450000 62 77
16.520000 62 77
16.590000 62 77
16.660000 62 77
16.730000 62 77
16.800000 62 77
16.870000 62 77
16.940000 0 0
17.010000 0 0
17.080000 0 0
17.150000 71 77
17.220000 71 77
17.290000 71 77
17.360000 71 77
17.430000 71 77
17.500000 71 77
17.570000 71 77
17.640000 0 0
17.710000 0 0
17.780000 0 0
17.850000 72 66
17.920000 71 73
17.990000 71 73
18.060000 71 73
18.130000 71 73
18.200000 71 73
18.270000 71 73
18.340000 71 73
18.410000 71 73
18.480000 71 73
18.550000 71 73
18.620000 71 73
18.690000 71 73
18.760000 71 73
18.830000 71 73
18.900000 71 73
18.970000 0 0
19.040000 0 0
19.110000 0 0
19.180000 0 0
19.250000 0 0
19.320000 76 81
19.390000 74 74
19.460000 74 74
19.530000 74 74
19.600000 74 74
19.670000 74 74
19.740000 74 74
19.810000 74 74
19.880000 74 74
19.950000 74 74
20.020000 74 74
20.090000 74 74
20.160000 74 74
20.230000 74 74
20.300000 74 74
20.370000 74 74
20.440000 74 74
20.510000 74 74
20.580000 74 74
20.650000 74 74
20.720000 74 74
20.790000 74 74
20.860000 79 74
20.930000 79 74
21.000000 79 74
21.070000 79 74
21.140000 79 74
21.210000 79 74
21.280000 79 74
21.350000 79 74
21.420000 79 74
21.490000 79 74
21.560000 0 0
21.630000 0 0
21.700000 0 0
21.770000 0 0
21.840000 0 0
21.910000 0 0
21.980000 0 0
22.050000 0 0
22.120000 0 0
22.190000 0 0
22.260000 0 0
22.330000 0 0
22.400000 71 61
22.470000 71 61
22.540000 71 61
22.610000 71 61
22.680000 71 61
22.750000 71 61
22.820000 71 61
22.890000 71 61
22.960000 71 61
23.030000 71 61
23.100000 71 61
23.170000 71 61
23.240000 71 61
23.310000 71 61
23.380000 71 61
23.450000 71 61
23.520000 71 61
23.590000 71 61
23.660000 71 61
23.730000 71 61
23.800000 71 61
23.870000 71 61
23.940000 71 61
24.010000 71 61
24.080000 71 61
24.150000 71 61
24.220000 71 61
24.290000 71 61
24.360000 71 61
24.430000 71 61
24.500000 71 61
24.570000 71 61
24.640000 71 61
24.710000 71 61
24.780000 71 61
24.850000 71 61
24.920000 71 61
24.990000 71 61
25.060000 71 61
25.130000 71 61
25.200000 71 61
25.270000 71 61
25.340000 64 46
25.410000 64 46
25.480000 64 46
25.550000 64 46
25.620000 64 46
25.690000 64 46
25.760000 64 46
25.830000 64 46
25.900000 64 46
25.970000 64 46
26.040000 64 46
26.110000 64 46
26.180000 64 46
26.250000 64 46
26.320000 64 46
26.390000 64 46
26.460000 64 46
26.530000 64 46
26.600000 64 46
26.670000 64 46
26.740000 64 46
26.810000 64 46
26.880000 64 46
26.950000 64 46
27.020000 64 46
27.090000 64 46
27.160000 64 46
27.230000 64 46
27.300000 64 46
27.370000 64 46
27.440000 64 46
27.510000 64 46
27.580000 64 46
27.650000 64 46
27.720000 64 46
27.790000 64 46
27.860000 64 46
27.930000 64 46
28.000000 64 46
28.070000 64 46
28.140000 64 46
28.210000 64 46
28.280000 64 46
28.350000 67 50
28.420000 64 58
28.490000 64 58
28.560000 64 58
28.630000 64 58
28.700000 64 58
28.770000 64 58
28.840000 64 58
28.910000 64 58
28.980000 64 58
29.050000 64 58
29.120000 64 58
29.190000 64 58
29.260000 64 58
29.330000 64 58
29.400000 64 58
29.470000 64 58
29.540000 64 58
29.610000 64 58
29.680000 64 58
29.750000 64 58
29.820000 64 58
29.890000 64 53
29.960000 64 53
30.030000 64 53
30.100000 64 53
30.170000 64 53
30.240000 64 53
30.310000 64 53
30.380000 64 53
30.450000 64 53
30.520000 64 53
30.590000 64 53
30.660000 64 53
30.730000 64 53
30.800000 64 53
30.870000 64 53
30.940000 64 53
31.010000 64 53
31.080000 64 53
31.150000 64 53
31.220000 64 53
31.290000 64 53
31.360000 71 75
31.430000 67 56
31.500000 67 56
31.570000 67 56
31.640000 67 56
31.710000 67 56
31.780000 67 56
31.850000 67 56
31.920000 67 56
31.990000 67 56
32.060000 67 56
32.130000 67 56
32.200000 67 56
32.270000 67 56
32.340000 67 56
32.410000 67 56
32.480000 67 56
32.550000 67 56
32.620000 67 56
32.690000 67 56
32.760000 67 56
32.830000 67 56
32.900000 67 56
32.970000 67 56
33.040000 67 56
33.110000 67 56
33.180000 67 56
33.250000 67 56
33.320000 67 56
33.390000 67 56
33.460000 67 56
33.530000 67 56
33.600000 67 56
33.670000 67 56
33.740000 67 56
33.810000 67 56
33.880000 67 56
33.950000 67 56
34.020000 67 56
34.090000 67 56
34.160000 67 56
34.230000 67 56
34.300000 67 56
34.370000 67 56
34.440000 62 49
34.510000 62 49
34.580000 62 49
34.650000 62 49
34.720000 62 49
34.790000 62 49
34.860000 62 49
34.930000 62 49
35.000000 62 49
35.070000 62 49
35.140000 62 49
35.210000 62 49
35.280000 62 49
35.350000 62 49
35.420000 62 49
35.490000 62 49
35.560000 62 49
35.630000 62 49
35.700000 62 49
35.770000 62 49
35.840000 62 49
35.910000 67 68
35.980000 60 49
36.050000 60 49
36.120000 60 49
36.190000 60 49
36.260000 60 49
36.330000 60 49
36.400000 60 49
36.470000 60 49
36.540000 60 49
36.610000 60 49
36.680000 60 49
36.750000 60 49
36.820000 60 49
36.890000 60 49
36.960000 60 49
37.030000 60 49
37.100000 60 49
37.170000 60 49
37.240000 60 49
37.310000 60 49
37.380000 60 49
37.450000 0 0
37.520000 59 49
37.590000 59 49
37.660000 59 49
37.730000 59 49
37.800000 59 49
37.870000 59 49
37.940000 59 49
38.010000 59 49
38.080000 59 49
38.150000 59 49
38.220000 59 49
38.290000 59 49
38.360000 59 49
38.430000 59 49
38.500000 59 49
38.570000 59 49
38.640000 59 49
38.710000 59 49
38.780000 59 49
38.850000 59 49
38.920000 59 49
38.990000 0 0
39.060000 0 0
39.130000 0 0
39.200000 0 0
39.270000 0 0
39.340000 0 0
39.410000 0 0
39.480000 0 0
39.550000 0 0
39.620000 0 0
39.690000 0 0
39.760000 0 0
39.830000 0 0
39.900000 0 0
39.970000 0 0
40.040000 0 0
40.110000 0 0
40.180000 0 0
40.250000 0 0
40.320000 0 0
40.390000 0 0
40.460000 0 0
40.530000 59 46
40.600000 62 40
40.670000 67 41
40.740000 0 0
40.810000 69 34
40.880000 71 41
40.950000 69 39
41.020000 0 0
41.090000 67 39
41.160000 76 46
41.230000 74 46
41.300000 72 40
41.370000 0 0
41.440000 71 36
41.510000 69 37
41.580000 67 42
41.650000 0 0
41.720000 69 36
41.790000 71 40
41.860000 62 36
41.930000 0 0
42.000000 59 46
42.070000 62 40
42.140000 0 0
42.210000 67 41
42.280000 69 34
42.350000 71 41
42.420000 0 0
42.490000 69 39
42.560000 67 39
42.630000 76 46
42.700000 74 46
42.770000 0 0
42.840000 72 40
42.910000 71 36
42.980000 69 37
43.050000 0 0
43.120000 67 42
43.190000 69 36
43.260000 71 40
43.330000 0 0
43.400000 62 36
43.470000 59 46
43.540000 0 0
43.610000 62 40
43.680000 67 41
43.750000 69 34
43.820000 0 0
43.890000 67 41
43.960000 69 39
44.030000 71 39
44.100000 0 0
44.170000 62 46
44.240000 59 46
44.310000 62 40
44.380000 67 36
44.450000 0 0
44.520000 69 37
44.590000 67 42
44.660000 69 36
44.730000 0 0
44.800000 71 40
44.870000 62 36
44.940000 59 46
45.010000 0 0
45.080000 62 40
45.150000 67 41
45.220000 69 34
45.290000 0 0
45.360000 67 41
45.430000 69 38
45.500000 71 37
45.570000 0 0
45.640000 74 42
45.710000 79 42
45.780000 81 38
45.850000 0 0
45.920000 83 40
45.990000 86 34
46.060000 0 0
46.130000 91 39
46.200000 93 38
46.270000 95 37
46.340000 0 0
46.410000 98 37
46.480000 95 50
46.550000 95 50
46.620000 95 50
46.690000 95 50
46.760000 95 50
46.830000 95 50
46.900000 95 50
46.970000 0 0
47.040000 0 0
47.110000 0 0
47.180000 0 0
47.250000 0 0
47.320000 0 0
47.390000 0 0
47.460000 59 34
47.530000 67 40
47.600000 67 40
47.670000 67 40
47.740000 67 40
47.810000 67 40
47.880000 67 40
47.950000 67 40
48.020000 67 40
48.090000 67 40
48.160000 67 40
48.230000 67 40
48.300000 67 40
48.370000 67 40
48.440000 62 37
48.510000 0 0
48.580000 0 0
48.650000 0 0
48.720000 62 35
48.790000 67 37
48.860000 67 37
48.930000 67 37
49.000000 67 37
49.070000 67 37
49.140000 67 37
49.210000 67 37
49.280000 67 37
49.350000 67 37
49.420000 67 37
49.490000 67 37
49.560000 67 37
49.630000 67 37
49.700000 67 37
49.770000 67 37
49.840000 67 37
49.910000 67 37
49.980000 67 37
50.050000 67 37
50.120000 67 37
50.190000 67 37
50.260000 67 37
50.330000 67 37
50.400000 67 37
50.470000 67 37
50.540000 67 37
50.610000 67 37
50.680000 67 37
50.750000 67 37
50.820000 67 37
50.890000 67 37
50.960000 67 37
51.030000 67 37
51.100000 59 33
# Piano left
0.000000 0 0
0.070000 43 52
0.140000 50 45
0.210000 55 48
0.280000 57 40
0.350000 0 0
0.420000 59 48
0.490000 57 44
0.560000 55 44
0.630000 0 0
0.700000 64 52
0.770000 62 52
0.840000 60 45
0.910000 0 0
0.980000 59 41
1.050000 57 42
1.120000 55 49
1.190000 0 0
1.260000 57 41
1.330000 59 45
1.400000 50 41
1.470000 0 0
1.540000 43 52
1.610000 50 45
1.680000 55 48
1.750000 0 0
1.820000 57 40
1.890000 59 48
1.960000 57 44
2.030000 0 0
2.100000 55 44
2.170000 64 52
2.240000 62 52
2.310000 0 0
2.380000 60 45
2.450000 59 41
2.520000 57 42
2.590000 0 0
2.660000 55 49
2.730000 57 41
2.800000 59 45
2.870000 0 0
2.940000 50 41
3.010000 43 52
3.080000 50 45
3.150000 0 0
3.220000 55 48
3.290000 57 40
3.360000 59 48
3.430000 0 0
3.500000 57 44
3.570000 55 44
3.640000 64 52
3.710000 62 52
3.780000 0 0
3.850000 60 45
3.920000 59 41
3.990000 57 42
4.060000 0 0
4.130000 55 49
4.200000 57 41
4.270000 59 45
4.340000 0 0
4.410000 50 41
4.480000 43 52
4.550000 50 46
4.620000 0 0
4.690000 55 50
4.760000 57 44
4.830000 59 55
4.900000 0 0
4.970000 57 53
5.040000 55 55
5.110000 64 68
5.180000 0 0
5.250000 62 70
5.320000 60 61
5.390000 59 55
5.460000 0 0
5.530000 57 56
5.600000 55 66
5.670000 57 55
5.740000 0 0
5.810000 59 60
5.880000 50 55
5.950000 43 68
6.020000 0 0
6.090000 50 58
6.160000 55 60
6.230000 57 49
6.300000 0 0
6.370000 59 58
6.440000 57 52
6.510000 55 52
6.580000 0 0
6.650000 64 60
6.720000 62 60
6.790000 60 50
6.860000 0 0
6.930000 59 45
7.000000 57 45
7.070000 55 52
7.140000 0 0
7.210000 57 42
7.280000 59 46
7.350000 50 41
7.420000 0 0
7.490000 43 46
7.560000 50 40
7.630000 55 42
7.700000 0 0
7.770000 57 38
7.840000 59 46
7.910000 57 42
7.980000 0 0
8.050000 55 44
8.120000 64 53
8.190000 62 55
8.260000 0 0
8.330000 60 48
8.400000 59 41
8.470000 57 42
8.540000 55 48
8.610000 0 0
8.680000 57 39
8.750000 59 41
8.820000 50 37
8.890000 0 0
8.960000 45 46
9.030000 52 40
9.100000 57 42
9.170000 0 0
9.240000 59 34
9.310000 61 42
9.380000 59 39
9.450000 0 0
9.520000 57 39
9.590000 66 46
9.660000 64 46
9.730000 0 0
9.800000 62 40
9.870000 61 36
9.940000 59 37
10.010000 0 0
10.080000 57 44
10.150000 59 36
10.220000 61 40
10.290000 0 0
10.360000 52 36
10.430000 38 46
10.500000 0 0
10.570000 45 40
10.640000 50 42
10.710000 52 34
10.780000 0 0
10.850000 54 42
10.920000 52 39
10.990000 50 39
11.060000 0 0
11.130000 59 46
11.200000 57 46
11.270000 55 40
11.340000 54 36
11.410000 0 0
11.480000 52 37
11.550000 50 44
11.620000 52 36
11.690000 0 0
11.760000 54 40
11.830000 47 36
11.900000 45 46
11.970000 0 0
12.040000 52 40
12.110000 57 42
12.180000 0 0
12.250000 59 34
12.320000 61 44
12.390000 59 40
12.460000 0 0
12.530000 57 41
12.600000 66 49
12.670000 64 50
12.740000 0 0
12.810000 62 44
12.880000 61 40
12.950000 59 41
13.020000 0 0
13.090000 57 50
13.160000 59 41
13.230000 61 46
13.300000 0 0
13.370000 52 42
13.440000 38 41
13.510000 45 38
13.580000 0 0
13.650000 50 38
13.720000 52 37
13.790000 54 45
13.860000 0 0
13.930000 52 41
14.000000 50 41
14.070000 59 41
14.140000 0 0
14.210000 57 46
14.280000 55 41
14.350000 54 37
14.420000 0 0
14.490000 52 39
14.560000 50 45
14.630000 52 36
14.700000 0 0
14.770000 54 40
14.840000 45 36
14.910000 38 46
14.980000 0 0
15.050000 45 40
15.120000 50 42
15.190000 52 34
15.260000 0 0
15.330000 54 42
15.400000 52 39
15.470000 50 39
15.540000 0 0
15.610000 59 46
15.680000 57 46
15.750000 55 40
15.820000 0 0
15.890000 54 36
15.960000 52 37
16.030000 50 44
16.100000 0 0
16.170000 52 36
16.240000 54 40
16.310000 45 36
16.380000 0 0
16.450000 43 52
16.520000 50 45
16.590000 55 48
16.660000 0 0
16.730000 57 40
16.800000 59 48
16.870000 57 44
16.940000 0 0
17.010000 55 44
17.080000 64 52
17.150000 62 52
17.220000 0 0
17.290000 60 45
17.360000 59 41
17.430000 57 42
17.500000 0 0
17.570000 55 49
17.640000 57 41
17.710000 59 45
17.780000 0 0
17.850000 50 41
17.920000 43 52
17.990000 50 46
18.060000 0 0
18.130000 55 50
18.200000 57 44
18.270000 59 55
18.340000 0 0
18.410000 57 53
18.480000 55 55
18.550000 64 68
18.620000 62 70
18.690000 0 0
18.760000 60 61
18.830000 59 55
18.900000 57 56
18.970000 0 0
19.040000 55 66
19.110000 57 55
19.180000 59 60
19.250000 0 0
19.320000 50 55
19.390000 43 68
19.460000 50 58
19.530000 0 0
19.600000 55 60
19.670000 57 49
19.740000 59 58
19.810000 0 0
19.880000 57 52
19.950000 55 52
20.020000 64 60
20.090000 0 0
20.160000 62 60
20.230000 60 50
20.300000 59 45
20.370000 0 0
20.440000 57 45
20.510000 55 52
20.580000 57 42
20.650000 0 0
20.720000 59 46
20.790000 50 41
20.860000 43 46
20.930000 0 0
21.000000 50 40
21.070000 55 42
21.140000 57 38
21.210000 0 0
21.280000 59 46
21.350000 57 42
21.420000 55 44
21.490000 0 0
21.560000 64 53
21.630000 62 55
21.700000 60 48
21.770000 0 0
21.840000 59 41
21.910000 57 42
21.980000 55 48
22.050000 0 0
22.120000 57 39
22.190000 59 41
22.260000 50 37
22.330000 0 0
22.400000 43 41
22.470000 50 36
22.540000 55 38
22.610000 0 0
22.680000 57 30
22.750000 59 38
22.820000 57 34
22.890000 0 0
22.960000 55 34
23.030000 64 42
23.100000 62 42
23.170000 0 0
23.240000 60 37
23.310000 59 31
23.380000 57 34
23.450000 0 0
23.520000 55 41
23.590000 57 34
23.660000 59 38
23.730000 0 0
23.800000 50 34
23.870000 43 44
23.940000 50 39
24.010000 0 0
24.080000 55 41
24.150000 57 31
24.220000 59 41
24.290000 0 0
24.360000 57 38
24.430000 55 38
24.500000 64 42
24.570000 0 0
24.640000 62 45
24.710000 60 40
24.780000 59 37
24.850000 0 0
24.920000 57 38
24.990000 55 44
25.060000 0 0
25.130000 57 38
25.200000 59 41
25.270000 0 0
25.340000 43 38
25.410000 36 44
25.480000 0 0
25.550000 43 39
25.620000 48 46
25.690000 50 41
25.760000 0 0
25.830000 52 49
25.900000 50 45
25.970000 48 45
26.040000 0 0
26.110000 57 53
26.180000 55 53
26.250000 53 45
26.320000 0 0
26.390000 52 40
26.460000 50 41
26.530000 48 49
26.600000 50 40
26.670000 0 0
26.740000 52 44
26.810000 43 40
26.880000 0 0
26.950000 36 50
27.020000 43 44
27.090000 48 45
27.160000 0 0
27.230000 50 37
27.300000 52 45
27.370000 50 41
27.440000 0 0
27.510000 48 40
27.580000 57 49
27.650000 55 48
27.720000 53 41
27.790000 0 0
27.860000 52 37
27.930000 50 37
28.000000 48 44
28.070000 0 0
28.140000 50 36
28.210000 52 40
28.280000 43 36
28.350000 0 0
28.420000 36 46
28.490000 43 40
28.560000 48 42
28.630000 0 0
28.700000 50 34
28.770000 52 42
28.840000 50 39
28.910000 0 0
28.980000 48 39
29.050000 57 48
29.120000 55 48
29.190000 0 0
29.260000 53 41
29.330000 52 37
29.400000 50 39
29.470000 0 0
29.540000 48 46
29.610000 50 39
29.680000 52 42
29.750000 0 0
29.820000 43 39
29.890000 36 50
29.960000 43 44
30.030000 0 0
30.100000 48 48
30.170000 50 40
30.240000 0 0
30.310000 52 50
30.380000 50 48
30.450000 48 49
30.520000 0 0
30.590000 57 63
30.660000 55 63
30.730000 53 52
30.800000 0 0
30.870000 52 46
30.940000 50 46
31.010000 48 55
31.080000 0 0
31.150000 50 44
31.220000 52 48
31.290000 0 0
31.360000 43 42
31.430000 36 56
31.500000 43 48
31.570000 0 0
31.640000 48 50
31.710000 50 41
31.780000 52 49
31.850000 0 0
31.920000 50 45
31.990000 48 45
32.060000 57 53
32.130000 0 0
32.200000 55 53
32.270000 54 45
32.340000 52 40
32.410000 0 0
32.480000 50 41
32.550000 48 49
32.620000 0 0
32.690000 50 40
32.760000 52 44
32.830000 43 40
32.900000 0 0
32.970000 36 50
33.040000 43 44
33.110000 48 45
33.180000 0 0
33.250000 50 37
33.320000 52 45
33.390000 50 41
33.460000 0 0
33.530000 48 40
33.600000 57 49
33.670000 55 48
33.740000 0 0
33.810000 54 41
33.880000 52 37
33.950000 0 0
34.020000 50 37
34.090000 48 44
34.160000 50 36
34.230000 0 0
34.300000 52 40
34.370000 43 36
34.440000 0 0
34.510000 38 50
34.580000 45 44
34.650000 48 45
34.720000 0 0
34.790000 50 37
34.860000 52 45
34.930000 50 41
35.000000 0 0
35.070000 48 40
35.140000 59 49
35.210000 57 48
35.280000 0 0
35.350000 55 41
35.420000 52 37
35.490000 50 37
35.560000 0 0
35.630000 48 44
35.700000 50 36
35.770000 52 40
35.840000 0 0
35.910000 45 36
35.980000 38 50
36.050000 45 44
36.120000 0 0
36.190000 50 45
36.260000 52 37
36.330000 54 45
36.400000 0 0
36.470000 52 41
36.540000 50 40
36.610000 59 49
36.680000 0 0
36.750000 57 48
36.820000 55 41
36.890000 54 37
36.960000 0 0
37.030000 52 37
37.100000 50 44
37.170000 52 36
37.240000 0 0
37.310000 54 40
37.380000 45 36
37.450000 0 0
37.520000 43 50
37.590000 50 44
37.660000 55 45
37.730000 0 0
37.800000 57 37
37.870000 59 45
37.940000 57 41
38.010000 0 0
38.080000 55 40
38.150000 64 49
38.220000 62 48
38.290000 0 0
38.360000 60 41
38.430000 59 37
38.500000 57 37
38.570000 0 0
38.640000 55 44
38.710000 57 36
38.780000 59 40
38.850000 0 0
38.920000 50 36
38.990000 43 50
39.060000 50 44
39.130000 0 0
39.200000 55 45
39.270000 57 37
39.340000 59 45
39.410000 0 0
39.480000 57 41
39.550000 55 40
39.620000 0 0
39.690000 64 49
39.760000 62 48
39.830000 60 41
39.900000 59 37
39.970000 0 0
40.040000 57 37
40.110000 55 44
40.180000 57 36
40.250000 0 0
40.320000 59 40
40.390000 50 36
40.460000 0 0
40.530000 43 40
40.600000 50 34
40.670000 55 37
40.740000 0 0
40.810000 57 30
40.880000 59 37
40.950000 57 33
41.020000 0 0
41.090000 55 33
41.160000 64 40
41.230000 62 40
41.300000 60 34
41.370000 0 0
41.440000 59 31
41.510000 57 33
41.580000 55 38
41.650000 0 0
41.720000 57 31
41.790000 59 34
41.860000 50 31
41.930000 0 0
42.000000 43 40
42.070000 50 34
42.140000 0 0
42.210000 55 37
42.280000 57 30
42.350000 59 37
42.420000 0 0
42.490000 57 33
42.560000 55 33
42.630000 64 40
42.700000 62 40
42.770000 0 0
42.840000 60 34
42.910000 59 31
42.980000 57 33
43.050000 0 0
43.120000 55 38
43.190000 57 31
43.260000 59 34
43.330000 0 0
43.400000 50 31
43.470000 43 40
43.540000 0 0
43.610000 50 34
43.680000 55 37
43.750000 57 30
43.820000 0 0
43.890000 55 37
43.960000 57 33
44.030000 59 33
44.100000 0 0
44.170000 50 40
44.240000 43 40
44.310000 50 34
44.380000 55 31
44.450000 0 0
44.520000 57 33
44.590000 55 38
44.660000 57 31
44.730000 0 0
44.800000 59 34
44.870000 50 31
44.940000 43 40
45.010000 0 0
45.080000 50 34
45.150000 55 37
45.220000 57 30
45.290000 0 0
45.360000 55 37
45.430000 57 33
45.500000 59 31
45.570000 0 0
45.640000 62 38
45.710000 67 37
45.780000 69 31
45.850000 0 0
45.920000 71 38
45.990000 74 31
46.060000 0 0
46.130000 79 34
46.200000 81 33
46.270000 83 31
46.340000 0 0
46.410000 86 30
46.480000 83 40
46.550000 83 40
46.620000 83 40
46.690000 83 40
46.760000 83 40
46.830000 83 40
46.900000 83 40
46.970000 0 0
47.040000 0 0
47.110000 0 0
47.180000 0 0
47.250000 0 0
47.320000 43 31
47.390000 43 31
47.460000 43 31
47.530000 43 31
47.600000 43 31
47.670000 43 31
47.740000 43 31
47.810000 43 31
47.880000 43 31
47.950000 43 31
48.020000 43 31
48.090000 43 31
48.160000 43 31
48.230000 43 31
48.300000 43 31
48.370000 43 31
48.440000 43 31
48.510000 43 27
48.580000 43 27
48.650000 43 27
48.720000 43 27
48.790000 43 27
48.860000 43 27
48.930000 43 27
49.000000 43 27
49.070000 43 27
49.140000 43 27
49.210000 43 27
49.280000 43 27
49.350000 43 27
49.420000 43 27
49.490000 43 27
49.560000 43 27
49.630000 43 27
49.700000 43 27
49.770000 43 27
49.840000 43 27
49.910000 43 27
49.980000 43 27
50.050000 43 27
50.120000 43 27
50.190000 43 27
50.260000 43 27
50.330000 43 27
50.400000 43 27
50.470000 43 27
50.540000 43 27
50.610000 43 27
50.680000 43 27
50.750000 43 27
50.820000 43 27
50.890000 43 27
50.960000 43 27
51.030000 43 27
51.100000 55 35
