"chpn-p9"

# Piano right
0.000000 0 0
0.070000 59 80
0.140000 59 80
0.210000 59 80
0.280000 59 80
0.350000 59 80
0.420000 59 80
0.490000 59 80
0.560000 59 80
0.630000 59 80
0.700000 59 80
0.770000 59 80
0.840000 59 80
0.910000 59 80
0.980000 59 80
1.050000 59 80
1.120000 59 80
1.190000 59 80
1.260000 59 80
1.330000 59 80
1.400000 59 80
1.470000 59 80
1.540000 59 80
1.610000 59 80
1.680000 59 80
1.750000 59 74
1.820000 59 74
1.890000 59 74
1.960000 59 74
2.030000 59 74
2.100000 59 74
2.170000 59 74
2.240000 59 74
2.310000 59 74
2.380000 59 74
2.450000 59 74
2.520000 59 74
2.590000 59 74
2.660000 59 74
2.730000 59 74
2.800000 59 74
2.870000 59 74
2.940000 59 74
3.010000 59 74
3.080000 59 74
3.150000 59 77
3.220000 59 77
3.290000 59 77
3.360000 59 77
3.430000 59 80
3.500000 59 80
3.570000 59 80
3.640000 59 80
3.710000 59 80
3.780000 59 80
3.850000 59 80
3.920000 59 80
3.990000 59 80
4.060000 59 80
4.130000 59 80
4.200000 59 80
4.270000 59 80
4.340000 59 80
4.410000 59 80
4.480000 59 80
4.550000 59 80
4.620000 59 80
4.690000 59 80
4.760000 59 80
4.830000 59 80
4.900000 59 80
4.970000 59 80
5.040000 59 80
5.110000 0 0
5.180000 61 75
5.250000 61 75
5.320000 61 75
5.390000 61 75
5.460000 61 75
5.530000 61 75
5.600000 61 75
5.670000 61 75
5.740000 61 75
5.810000 61 75
5.880000 61 75
5.950000 61 75
6.020000 61 75
6.090000 61 75
6.160000 61 75
6.230000 61 75
6.300000 61 75
6.370000 61 75
6.440000 61 75
6.510000 61 75
6.580000 61 75
6.650000 61 75
6.720000 61 75
6.790000 61 75
6.860000 61 75
6.930000 61 76
7.000000 61 76
7.070000 61 76
7.140000 61 76
7.210000 61 76
7.280000 61 76
7.350000 61 76
7.420000 61 76
7.490000 61 76
7.560000 61 76
7.630000 61 76
7.700000 61 76
7.770000 61 76
7.840000 61 76
7.910000 61 76
7.980000 61 76
8.050000 61 76
8.120000 61 76
8.190000 61 76
8.260000 61 76
8.330000 61 76
8.400000 61 76
8.470000 61 76
8.540000 61 76
8.610000 61 76
8.680000 0 0
8.750000 63 78
8.820000 63 78
8.890000 63 78
8.960000 63 78
9.030000 63 78
9.100000 63 78
9.170000 63 78
9.240000 63 78
9.310000 63 78
9.380000 63 78
9.450000 63 78
9.520000 63 78
9.590000 63 78
9.660000 63 78
9.730000 63 78
9.800000 63 78
9.870000 63 78
9.940000 63 78
10.010000 63 78
10.080000 63 78
10.150000 63 75
10.220000 63 75
10.290000 63 75
10.360000 63 75
10.430000 0 0
10.500000 63 75
10.570000 63 75
10.640000 63 75
10.710000 63 75
10.780000 63 75
10.850000 63 75
10.920000 63 75
10.990000 63 75
11.060000 63 75
11.130000 63 75
11.200000 63 75
11.270000 63 75
11.340000 63 75
11.410000 63 75
11.480000 63 75
11.550000 63 75
11.620000 63 75
11.690000 63 75
11.760000 63 75
11.830000 63 75
11.900000 63 75
11.970000 63 75
12.040000 63 75
12.110000 63 75
12.180000 63 75
12.250000 63 73
12.320000 63 73
12.390000 63 73
12.460000 63 73
12.530000 63 73
12.600000 63 73
12.670000 63 73
12.740000 63 73
12.810000 63 73
12.880000 63 73
12.950000 63 73
13.020000 63 73
13.090000 63 73
13.160000 63 73
13.230000 63 73
13.300000 63 73
13.370000 63 73
13.440000 63 73
13.510000 63 73
13.580000 63 73
13.650000 63 73
13.720000 63 73
13.790000 63 73
13.860000 0 0
13.930000 64 75
14.000000 64 75
14.070000 64 75
14.140000 64 75
14.210000 64 75
14.280000 64 75
14.350000 64 75
14.420000 64 75
14.490000 64 75
14.560000 64 75
14.630000 64 75
14.700000 64 75
14.770000 64 75
14.840000 64 75
14.910000 64 75
14.980000 64 75
15.050000 64 75
15.120000 64 75
15.190000 64 75
15.260000 64 75
15.330000 64 75
15.400000 64 75
15.470000 64 75
15.540000 64 75
15.610000 64 76
15.680000 64 76
15.750000 64 76
15.820000 64 76
15.890000 64 76
15.960000 64 76
16.030000 64 76
16.100000 64 76
16.170000 64 76
16.240000 64 76
16.310000 64 76
16.380000 64 76
16.450000 64 76
16.520000 64 76
16.590000 64 76
16.660000 64 76
16.730000 64 76
16.800000 64 76
16.870000 64 76
16.940000 64 76
17.010000 0 0
17.080000 64 80
17.150000 64 80
17.220000 64 80
17.290000 64 80
17.360000 64 80
17.430000 64 80
17.500000 64 80
17.570000 64 80
17.640000 64 80
17.710000 64 80
17.780000 64 80
17.850000 64 80
17.920000 64 80
17.990000 64 80
18.060000 64 80
18.130000 64 80
18.200000 64 80
18.270000 64 80
18.340000 64 80
18.410000 64 80
18.480000 64 80
18.550000 64 80
18.620000 64 80
18.690000 64 80
18.760000 64 80
18.830000 64 80
18.900000 64 80
18.970000 64 80
19.040000 64 80
19.110000 0 0
19.180000 63 85
19.250000 63 85
19.320000 63 85
19.390000 63 85
19.460000 63 85
19.530000 63 85
19.600000 63 85
19.670000 63 85
19.740000 63 85
19.810000 63 85
19.880000 63 85
19.950000 63 85
20.020000 63 85
20.090000 63 85
20.160000 63 85
20.230000 63 85
20.300000 63 85
20.370000 63 85
20.440000 63 85
20.510000 63 85
20.580000 63 85
20.650000 0 0
20.720000 63 85
20.790000 63 85
20.860000 63 85
20.930000 63 85
21.000000 63 90
21.070000 63 90
21.140000 63 90
21.210000 63 90
21.280000 63 90
21.350000 63 90
21.420000 63 90
21.490000 63 90
21.560000 63 90
21.630000 63 90
21.700000 63 90
21.770000 63 90
21.840000 63 90
21.910000 63 90
21.980000 63 90
22.050000 63 90
22.120000 63 90
22.190000 63 90
22.260000 63 90
22.330000 63 90
22.400000 63 90
22.470000 63 90
22.540000 63 90
22.610000 63 90
22.680000 63 90
22.750000 0 0
22.820000 63 80
22.890000 63 80
22.960000 63 80
23.030000 63 80
23.100000 63 80
23.170000 63 80
23.240000 63 80
23.310000 63 80
23.380000 63 80
23.450000 63 80
23.520000 63 80
23.590000 63 80
23.660000 63 80
23.730000 63 80
23.800000 63 80
23.870000 63 80
23.940000 63 80
24.010000 63 80
24.080000 63 80
24.150000 63 80
24.220000 63 80
24.290000 0 0
24.360000 61 64
24.430000 61 64
24.500000 61 64
24.570000 61 64
24.640000 0 0
24.710000 61 64
24.780000 61 64
24.850000 61 64
24.920000 61 64
24.990000 61 64
25.060000 61 64
25.130000 61 64
25.200000 61 64
25.270000 61 64
25.340000 61 64
25.410000 61 64
25.480000 61 64
25.550000 61 64
25.620000 61 64
25.690000 61 64
25.760000 61 64
25.830000 61 64
25.900000 61 64
25.970000 61 64
26.040000 61 64
26.110000 61 64
26.180000 61 64
26.250000 61 64
26.320000 61 64
26.390000 61 64
26.460000 61 64
26.530000 61 64
26.600000 61 64
26.670000 61 64
26.740000 61 64
26.810000 61 64
26.880000 61 64
26.950000 61 64
27.020000 61 64
27.090000 61 64
27.160000 61 64
27.230000 61 64
27.300000 61 64
27.370000 61 64
27.440000 61 64
27.510000 61 64
27.580000 61 64
27.650000 61 64
27.720000 61 64
27.790000 61 64
27.860000 61 64
27.930000 61 64
28.000000 0 0
28.070000 59 46
28.140000 59 46
28.210000 59 46
28.280000 59 46
28.350000 59 46
28.420000 59 46
28.490000 59 41
28.560000 59 41
28.630000 59 41
28.700000 59 41
28.770000 59 41
28.840000 59 41
28.910000 59 41
28.980000 59 41
29.050000 59 41
29.120000 59 41
29.190000 59 41
29.260000 59 41
29.330000 59 41
29.400000 59 41
29.470000 59 41
29.540000 59 41
29.610000 59 41
29.680000 59 41
29.750000 59 41
29.820000 59 41
29.890000 59 41
29.960000 59 41
30.030000 59 41
30.100000 59 41
30.170000 59 41
30.240000 59 41
30.310000 0 0
30.380000 59 44
30.450000 59 44
30.520000 59 44
30.590000 59 44
30.660000 59 44
30.730000 59 44
30.800000 59 44
30.870000 59 44
30.940000 59 44
31.010000 59 44
31.080000 59 44
31.150000 59 44
31.220000 59 44
31.290000 59 44
31.360000 59 44
31.430000 59 44
31.500000 59 44
31.570000 59 44
31.640000 59 44
31.710000 59 44
31.780000 59 44
31.850000 0 0
31.920000 59 47
31.990000 59 47
32.060000 59 47
32.130000 59 47
32.200000 59 47
32.270000 59 47
32.340000 59 47
32.410000 59 47
32.480000 59 47
32.550000 59 47
32.620000 59 47
32.690000 59 47
32.760000 59 47
32.830000 59 47
32.900000 59 47
32.970000 59 47
33.040000 59 47
33.110000 59 47
33.180000 59 47
33.250000 59 47
33.320000 59 47
33.390000 59 47
33.460000 59 47
33.530000 59 47
33.600000 59 47
33.670000 59 47
33.740000 59 47
33.810000 0 0
33.880000 59 51
33.950000 59 51
34.020000 59 51
34.090000 59 51
34.160000 59 51
34.230000 59 51
34.300000 59 51
34.370000 59 51
34.440000 59 51
34.510000 59 51
34.580000 59 51
34.650000 59 51
34.720000 59 51
34.790000 59 51
34.860000 59 51
34.930000 59 51
35.000000 59 51
35.070000 59 51
35.140000 59 51
35.210000 59 51
35.280000 59 61
35.350000 59 61
35.420000 59 61
35.490000 59 61
35.560000 60 62
35.630000 60 62
35.700000 60 62
35.770000 60 62
35.840000 60 62
35.910000 60 62
35.980000 60 62
36.050000 60 62
36.120000 60 62
36.190000 60 62
36.260000 60 62
36.330000 60 62
36.400000 60 62
36.470000 60 62
36.540000 60 62
36.610000 60 62
36.680000 60 62
36.750000 60 62
36.820000 60 62
36.890000 60 62
36.960000 60 62
37.030000 60 62
37.100000 60 62
37.170000 60 62
37.240000 0 0
37.310000 62 66
37.380000 62 66
37.450000 62 66
37.520000 62 66
37.590000 62 66
37.660000 62 66
37.730000 62 66
37.800000 62 66
37.870000 62 66
37.940000 62 66
38.010000 62 66
38.080000 62 66
38.150000 62 66
38.220000 62 66
38.290000 62 66
38.360000 62 66
38.430000 62 66
38.500000 62 66
38.570000 62 66
38.640000 62 66
38.710000 62 66
38.780000 62 66
38.850000 62 66
38.920000 62 66
38.990000 64 72
39.060000 64 72
39.130000 64 72
39.200000 64 72
39.270000 64 72
39.340000 64 72
39.410000 64 72
39.480000 64 72
39.550000 64 72
39.620000 64 72
39.690000 64 72
39.760000 64 72
39.830000 64 72
39.900000 64 72
39.970000 64 72
40.040000 64 72
40.110000 64 72
40.180000 64 72
40.250000 64 72
40.320000 64 72
40.390000 64 72
40.460000 64 72
40.530000 64 72
40.600000 0 0
40.670000 64 76
40.740000 64 76
40.810000 64 76
40.880000 64 76
40.950000 64 76
41.020000 64 76
41.090000 64 76
41.160000 64 76
41.230000 64 76
41.300000 64 76
41.370000 64 76
41.440000 64 76
41.510000 64 76
41.580000 64 76
41.650000 64 76
41.720000 64 76
41.790000 64 76
41.860000 64 76
41.930000 64 76
42.000000 64 80
42.070000 64 80
42.140000 64 80
42.210000 0 0
42.280000 64 83
42.350000 64 83
42.420000 64 83
42.490000 64 83
42.560000 64 83
42.630000 64 83
42.700000 64 83
42.770000 64 83
42.840000 64 83
42.910000 64 83
42.980000 64 83
43.050000 64 83
43.120000 64 83
43.190000 64 83
43.260000 64 83
43.330000 64 83
43.400000 64 83
43.470000 64 83
43.540000 64 83
43.610000 64 83
43.680000 64 83
43.750000 64 83
43.820000 64 83
43.890000 64 83
43.960000 0 0
44.030000 64 86
44.100000 64 86
44.170000 64 86
44.240000 64 86
44.310000 64 86
44.380000 64 86
44.450000 64 86
44.520000 64 86
44.590000 64 86
44.660000 64 86
44.730000 64 86
44.800000 64 86
44.870000 64 86
44.940000 64 86
45.010000 64 86
45.080000 64 86
45.150000 64 86
45.220000 64 86
45.290000 64 86
45.360000 0 0
45.430000 64 87
45.500000 64 87
45.570000 64 87
45.640000 0 0
45.710000 65 89
45.780000 65 89
45.850000 65 89
45.920000 65 89
45.990000 65 89
46.060000 65 89
46.130000 65 89
46.200000 65 89
46.270000 65 89
46.340000 65 89
46.410000 65 89
46.480000 65 89
46.550000 65 89
46.620000 65 89
46.690000 65 89
46.760000 65 89
46.830000 65 89
46.900000 65 89
46.970000 65 89
47.040000 65 89
47.110000 65 89
47.180000 65 89
47.250000 65 89
47.320000 67 91
47.390000 67 91
47.460000 67 91
47.530000 67 91
47.600000 67 91
47.670000 67 91
47.740000 67 91
47.810000 67 91
47.880000 67 91
47.950000 67 91
48.020000 67 91
48.090000 67 91
48.160000 67 91
48.230000 67 91
48.300000 67 91
48.370000 67 91
48.440000 67 91
48.510000 67 91
48.580000 67 91
48.650000 67 91
48.720000 67 91
48.790000 67 91
48.860000 67 91
48.930000 67 91
49.000000 67 91
49.070000 0 0
49.140000 68 96
49.210000 68 96
49.280000 68 96
49.350000 68 96
49.420000 68 96
49.490000 68 96
49.560000 68 96
49.630000 68 96
49.700000 68 96
49.770000 68 96
49.840000 68 96
49.910000 68 96
49.980000 68 96
50.050000 68 96
50.120000 68 96
50.190000 68 96
50.260000 63 91
50.330000 63 91
50.400000 63 91
50.470000 63 91
50.540000 63 91
50.610000 63 91
50.680000 63 91
50.750000 63 91
50.820000 0 0
50.890000 63 88
50.960000 63 88
51.030000 63 88
51.100000 63 88
51.170000 63 88
51.240000 63 88
51.310000 63 88
51.380000 63 88
51.450000 63 88
51.520000 63 88
51.590000 63 88
51.660000 63 88
51.730000 63 88
51.800000 63 88
51.870000 63 88
51.940000 63 88
52.010000 63 88
52.080000 63 88
52.150000 63 88
52.220000 63 88
52.290000 0 0
52.360000 61 78
52.430000 61 78
52.500000 61 78
52.570000 61 78
52.640000 60 75
52.710000 60 75
52.780000 60 75
52.850000 60 75
52.920000 60 75
52.990000 60 75
53.060000 60 75
53.130000 60 75
53.200000 60 75
53.270000 60 75
53.340000 60 75
53.410000 60 75
53.480000 60 75
53.550000 60 75
53.620000 60 75
53.690000 60 75
53.760000 60 75
53.830000 60 75
53.900000 60 75
53.970000 60 75
54.040000 0 0
54.110000 59 71
54.180000 59 71
54.250000 59 71
54.320000 59 71
54.390000 59 69
54.460000 59 69
54.530000 59 69
54.600000 59 69
54.670000 59 69
54.740000 59 69
54.810000 59 69
54.880000 59 69
54.950000 59 69
55.020000 59 69
55.090000 59 69
55.160000 59 69
55.230000 59 69
55.300000 59 69
55.370000 59 69
55.440000 59 69
55.510000 59 69
55.580000 59 69
55.650000 59 69
55.720000 59 69
55.790000 59 69
55.860000 59 69
55.930000 59 69
56.000000 59 69
56.070000 59 69
56.140000 59 69
56.210000 0 0
56.280000 59 44
56.350000 59 44
56.420000 59 44
56.490000 59 44
56.560000 59 44
56.630000 59 44
56.700000 59 44
56.770000 59 36
56.840000 59 36
56.910000 59 36
56.980000 59 36
57.050000 59 36
57.120000 59 36
57.190000 59 36
57.260000 59 36
57.330000 59 36
57.400000 59 36
57.470000 59 36
57.540000 59 36
57.610000 59 36
57.680000 59 36
57.750000 59 36
57.820000 59 36
57.890000 59 36
57.960000 59 36
58.030000 59 36
58.100000 59 36
58.170000 59 36
58.240000 59 36
58.310000 59 36
58.380000 59 36
58.450000 59 36
58.520000 59 36
58.590000 59 39
58.660000 59 39
58.730000 59 39
58.800000 59 39
58.870000 59 39
58.940000 59 39
59.010000 59 39
59.080000 59 39
59.150000 59 39
59.220000 59 39
59.290000 59 39
59.360000 59 39
59.430000 59 39
59.500000 59 39
59.570000 59 39
59.640000 59 39
59.710000 59 39
59.780000 59 39
59.850000 59 39
59.920000 59 39
59.990000 59 39
60.060000 59 39
60.130000 0 0
60.200000 59 40
60.270000 59 40
60.340000 59 40
60.410000 59 42
60.480000 59 42
60.550000 59 42
60.620000 59 42
60.690000 59 42
60.760000 59 42
60.830000 59 42
60.900000 59 42
60.970000 59 42
61.040000 59 42
61.110000 59 42
61.180000 59 42
61.250000 59 42
61.320000 59 42
61.390000 59 42
61.460000 59 42
61.530000 59 42
61.600000 59 42
61.670000 59 42
61.740000 59 42
61.810000 59 42
61.880000 59 42
61.950000 59 42
62.020000 59 42
62.090000 0 0
62.160000 60 45
62.230000 60 45
62.300000 60 45
62.370000 60 45
62.440000 60 45
62.510000 60 45
62.580000 60 45
62.650000 60 45
62.720000 60 45
62.790000 60 45
62.860000 60 45
62.930000 60 45
63.000000 60 45
63.070000 60 45
63.140000 60 45
63.210000 60 45
63.280000 60 45
63.350000 60 45
63.420000 60 45
63.490000 60 45
63.560000 60 45
63.630000 60 45
63.700000 60 45
63.770000 60 45
63.840000 60 45
63.910000 0 0
63.980000 60 49
64.050000 60 49
64.120000 60 49
64.190000 60 49
64.260000 60 49
64.330000 60 49
64.400000 60 49
64.470000 60 49
64.540000 60 49
64.610000 60 49
64.680000 60 49
64.750000 60 49
64.820000 60 49
64.890000 60 49
64.960000 60 49
65.030000 60 49
65.100000 60 49
65.170000 60 49
65.240000 60 49
65.310000 60 49
65.380000 60 49
65.450000 60 49
65.520000 60 49
65.590000 60 49
65.660000 60 49
65.730000 0 0
65.800000 60 42
65.870000 60 42
65.940000 60 42
66.010000 60 42
66.080000 60 42
66.150000 60 42
66.220000 60 42
66.290000 60 42
66.360000 60 42
66.430000 60 42
66.500000 60 42
66.570000 60 42
66.640000 60 42
66.710000 60 42
66.780000 60 42
66.850000 60 42
66.920000 60 42
66.990000 60 42
67.060000 60 42
67.130000 60 42
67.200000 60 42
67.270000 60 42
67.340000 0 0
67.410000 60 45
67.480000 60 45
67.550000 60 45
67.620000 60 46
67.690000 60 46
67.760000 60 46
67.830000 60 46
67.900000 60 46
67.970000 60 46
68.040000 60 46
68.110000 60 46
68.180000 60 46
68.250000 60 46
68.320000 60 46
68.390000 60 46
68.460000 60 46
68.530000 60 46
68.600000 60 46
68.670000 60 46
68.740000 60 46
68.810000 60 46
68.880000 60 46
68.950000 60 46
69.020000 60 46
69.090000 60 46
69.160000 60 46
69.230000 60 46
69.300000 0 0
69.370000 62 62
69.440000 62 62
69.510000 62 62
69.580000 62 62
69.650000 62 62
69.720000 62 62
69.790000 62 62
69.860000 62 62
69.930000 62 62
70.000000 62 62
70.070000 62 62
70.140000 62 62
70.210000 62 62
70.280000 62 62
70.350000 62 62
70.420000 62 62
70.490000 62 62
70.560000 62 62
70.630000 62 62
70.700000 62 62
70.770000 62 62
70.840000 62 70
70.910000 62 70
70.980000 62 70
71.050000 62 70
71.120000 62 61
71.190000 62 61
71.260000 62 61
71.330000 62 61
71.400000 62 61
71.470000 62 61
71.540000 62 61
71.610000 62 61
71.680000 62 61
71.750000 62 61
71.820000 62 61
71.890000 62 61
71.960000 62 61
72.030000 62 61
72.100000 62 61
72.170000 62 61
72.240000 62 61
72.310000 62 61
72.380000 62 61
72.450000 62 61
72.520000 62 61
72.590000 62 61
72.660000 62 61
72.730000 62 61
72.800000 62 61
72.870000 0 0
72.940000 62 74
73.010000 62 74
73.080000 62 74
73.150000 62 74
73.220000 62 74
73.290000 62 74
73.360000 62 74
73.430000 62 74
73.500000 62 74
73.570000 62 74
73.640000 62 74
73.710000 62 74
73.780000 62 74
73.850000 62 74
73.920000 62 74
73.990000 62 74
74.060000 62 74
74.130000 62 74
74.200000 62 74
74.270000 62 74
74.340000 62 74
74.410000 62 74
74.480000 62 73
74.550000 62 73
74.620000 62 73
74.690000 62 73
74.760000 62 73
74.830000 62 73
74.900000 62 73
74.970000 62 73
75.040000 62 73
75.110000 62 73
75.180000 62 73
75.250000 62 73
75.320000 62 73
75.390000 62 73
75.460000 62 73
75.530000 62 73
75.600000 62 73
75.670000 62 73
75.740000 62 73
75.810000 62 73
75.880000 62 73
75.950000 62 73
76.020000 62 73
76.090000 62 73
76.160000 62 73
76.230000 62 73
76.300000 62 73
76.370000 62 73
76.440000 62 73
76.510000 0 0
76.580000 63 84
76.650000 63 84
76.720000 63 84
76.790000 63 84
76.860000 63 84
76.930000 63 84
77.000000 63 84
77.070000 63 84
77.140000 63 84
77.210000 63 84
77.280000 63 84
77.350000 63 84
77.420000 63 84
77.490000 63 84
77.560000 63 84
77.630000 63 84
77.700000 63 84
77.770000 63 84
77.840000 63 84
77.910000 63 84
77.980000 63 84
78.050000 63 84
78.120000 63 84
78.190000 63 84
78.260000 63 84
78.330000 0 0
78.400000 64 82
78.470000 64 82
78.540000 64 82
78.610000 64 89
78.680000 64 89
78.750000 64 89
78.820000 64 89
78.890000 64 89
78.960000 64 89
79.030000 64 89
79.100000 64 89
79.170000 64 89
79.240000 64 89
79.310000 64 89
79.380000 64 89
79.450000 64 89
79.520000 64 89
79.590000 64 89
79.660000 64 89
79.730000 64 89
79.800000 64 89
79.870000 64 89
79.940000 64 89
80.010000 64 89
80.080000 64 89
80.150000 64 89
80.220000 64 89
80.290000 64 89
80.360000 64 89
80.430000 64 89
80.500000 0 0
80.570000 64 88
80.640000 64 88
80.710000 64 88
80.780000 64 88
80.850000 64 88
80.920000 64 88
80.990000 64 88
81.060000 64 88
81.130000 64 88
81.200000 64 88
81.270000 64 88
81.340000 64 88
81.410000 64 88
81.480000 64 88
81.550000 64 88
81.620000 64 88
81.690000 64 88
81.760000 64 88
81.830000 64 88
81.900000 64 88
81.970000 64 88
82.040000 64 88
82.110000 64 88
82.180000 64 88
82.250000 64 88
82.320000 64 88
82.390000 0 0
82.460000 64 87
82.530000 64 87
82.600000 64 87
82.670000 64 87
82.740000 64 87
82.810000 64 94
82.880000 64 94
82.950000 64 94
83.020000 64 94
83.090000 64 94
83.160000 64 94
83.230000 64 94
83.300000 64 94
83.370000 64 94
83.440000 64 94
83.510000 64 94
83.580000 64 94
83.650000 64 94
83.720000 64 94
83.790000 64 94
83.860000 64 94
83.930000 64 94
84.000000 64 94
84.070000 64 94
84.140000 64 94
84.210000 64 94
84.280000 64 94
84.350000 64 94
84.420000 64 94
84.490000 64 94
84.560000 64 94
84.630000 64 94
84.700000 64 94
84.770000 64 94
84.840000 64 94
84.910000 64 94
84.980000 64 94
85.050000 64 94
85.120000 64 94
85.190000 64 94
85.260000 64 94
85.330000 64 94
85.400000 64 94
85.470000 64 94
85.540000 64 94
85.610000 64 94
85.680000 64 94
85.750000 64 94
85.820000 64 94
85.890000 64 94
85.960000 64 94
86.030000 64 94
86.100000 64 94
86.170000 64 94
86.240000 64 94
86.310000 64 94
86.380000 64 94
86.450000 64 94
86.520000 64 94
86.590000 64 94
86.660000 64 94
86.730000 64 94
86.800000 64 94
86.870000 64 94
86.940000 64 94
87.010000 64 94
87.080000 64 94
87.150000 64 94
87.220000 64 94
87.290000 64 94
87.360000 64 94
87.430000 64 94
87.500000 64 94
87.570000 64 94
87.640000 64 94
87.710000 64 94
87.780000 64 94
87.850000 64 94
87.920000 64 94
87.990000 64 94
88.060000 64 94
88.130000 64 94
88.200000 64 94
88.270000 64 94
88.340000 64 94
88.410000 64 94
88.480000 64 94
88.550000 64 94
88.620000 64 94
88.690000 64 94
88.760000 64 94
88.830000 64 94
88.900000 64 94
88.970000 64 94
89.040000 64 94
# Piano left
0.000000 0 0
0.070000 40 61
0.140000 40 61
0.210000 40 61
0.280000 40 61
0.350000 40 61
0.420000 40 61
0.490000 40 61
0.560000 40 61
0.630000 40 61
0.700000 40 61
0.770000 40 61
0.840000 40 61
0.910000 40 61
0.980000 40 61
1.050000 40 61
1.120000 40 61
1.190000 40 61
1.260000 40 61
1.330000 40 61
1.400000 40 61
1.470000 40 61
1.540000 40 61
1.610000 40 61
1.680000 40 61
1.750000 35 55
1.820000 35 55
1.890000 35 55
1.960000 35 55
2.030000 35 55
2.100000 35 55
2.170000 35 55
2.240000 35 55
2.310000 35 55
2.380000 35 55
2.450000 35 55
2.520000 35 55
2.590000 35 55
2.660000 35 55
2.730000 35 55
2.800000 35 55
2.870000 35 55
2.940000 35 55
3.010000 35 55
3.080000 35 55
3.150000 35 55
3.220000 35 55
3.290000 35 55
3.360000 35 55
3.430000 40 66
3.500000 40 66
3.570000 40 66
3.640000 40 66
3.710000 40 66
3.780000 40 66
3.850000 40 66
3.920000 40 66
3.990000 40 66
4.060000 40 66
4.130000 40 66
4.200000 40 66
4.270000 40 66
4.340000 40 66
4.410000 40 66
4.480000 40 66
4.550000 40 66
4.620000 40 66
4.690000 40 66
4.760000 40 66
4.830000 40 66
4.900000 40 66
4.970000 40 66
5.040000 40 66
5.110000 0 0
5.180000 45 64
5.250000 45 64
5.320000 45 64
5.390000 45 64
5.460000 45 64
5.530000 45 64
5.600000 45 64
5.670000 45 64
5.740000 45 64
5.810000 45 64
5.880000 45 64
5.950000 45 64
6.020000 45 64
6.090000 45 64
6.160000 45 64
6.230000 45 64
6.300000 45 64
6.370000 45 64
6.440000 45 64
6.510000 45 64
6.580000 45 64
6.650000 45 64
6.720000 44 64
6.790000 44 64
6.860000 44 64
6.930000 42 63
7.000000 42 63
7.070000 42 63
7.140000 42 63
7.210000 42 63
7.280000 42 63
7.350000 42 63
7.420000 42 63
7.490000 42 63
7.560000 42 63
7.630000 42 63
7.700000 42 63
7.770000 42 63
7.840000 42 63
7.910000 42 63
7.980000 42 63
8.050000 42 63
8.120000 42 63
8.190000 42 63
8.260000 42 63
8.330000 42 63
8.400000 42 63
8.470000 42 63
8.540000 42 63
8.610000 42 63
8.680000 42 63
8.750000 42 63
8.820000 42 63
8.890000 42 63
8.960000 42 63
9.030000 42 63
9.100000 42 63
9.170000 42 63
9.240000 42 63
9.310000 42 63
9.380000 42 63
9.450000 42 63
9.520000 42 63
9.590000 42 63
9.660000 42 63
9.730000 42 63
9.800000 42 63
9.870000 42 63
9.940000 42 63
10.010000 42 63
10.080000 42 63
10.150000 42 63
10.220000 42 63
10.290000 42 63
10.360000 42 63
10.430000 0 0
10.500000 35 60
10.570000 35 60
10.640000 35 60
10.710000 35 60
10.780000 35 60
10.850000 35 60
10.920000 35 60
10.990000 35 60
11.060000 35 60
11.130000 35 60
11.200000 35 60
11.270000 35 60
11.340000 35 60
11.410000 35 60
11.480000 35 60
11.550000 35 60
11.620000 35 60
11.690000 35 60
11.760000 35 60
11.830000 35 60
11.900000 35 60
11.970000 35 60
12.040000 35 60
12.110000 35 60
12.180000 35 60
12.250000 47 58
12.320000 47 58
12.390000 47 58
12.460000 47 58
12.530000 47 58
12.600000 47 58
12.670000 47 58
12.740000 47 58
12.810000 47 58
12.880000 47 58
12.950000 47 58
13.020000 47 58
13.090000 47 58
13.160000 47 58
13.230000 47 58
13.300000 47 58
13.370000 47 58
13.440000 47 58
13.510000 47 58
13.580000 47 58
13.650000 0 0
13.720000 47 62
13.790000 47 62
13.860000 0 0
13.930000 37 64
14.000000 37 64
14.070000 37 64
14.140000 37 64
14.210000 37 64
14.280000 37 64
14.350000 37 64
14.420000 37 64
14.490000 37 64
14.560000 37 64
14.630000 37 64
14.700000 37 64
14.770000 37 64
14.840000 37 64
14.910000 37 64
14.980000 37 64
15.050000 37 64
15.120000 37 64
15.190000 37 64
15.260000 37 64
15.330000 37 64
15.400000 37 64
15.470000 37 64
15.540000 37 64
15.610000 45 64
15.680000 45 64
15.750000 45 64
15.820000 45 64
15.890000 45 64
15.960000 45 64
16.030000 45 64
16.100000 45 64
16.170000 45 64
16.240000 45 64
16.310000 45 64
16.380000 45 64
16.450000 45 64
16.520000 45 64
16.590000 45 64
16.660000 45 64
16.730000 45 64
16.800000 45 64
16.870000 45 64
16.940000 45 64
17.010000 45 64
17.080000 0 0
17.150000 45 68
17.220000 45 68
17.290000 45 68
17.360000 35 68
17.430000 35 68
17.500000 35 68
17.570000 35 68
17.640000 35 68
17.710000 35 68
17.780000 35 68
17.850000 35 68
17.920000 35 68
17.990000 35 68
18.060000 35 68
18.130000 35 68
18.200000 35 68
18.270000 35 68
18.340000 35 68
18.410000 35 68
18.480000 35 68
18.550000 35 68
18.620000 35 68
18.690000 35 68
18.760000 35 68
18.830000 35 68
18.900000 35 68
18.970000 0 0
19.040000 34 40
19.110000 35 40
19.180000 37 40
19.250000 0 0
19.320000 35 40
19.390000 37 40
19.460000 35 40
19.530000 37 40
19.600000 0 0
19.670000 35 40
19.740000 37 40
19.810000 35 40
19.880000 0 0
19.950000 37 39
20.020000 35 41
20.090000 37 44
20.160000 0 0
20.230000 35 45
20.300000 37 47
20.370000 35 49
20.440000 37 51
20.510000 0 0
20.580000 35 53
20.650000 37 54
20.720000 35 56
20.790000 0 0
20.860000 34 58
20.930000 35 61
21.000000 37 62
21.070000 37 62
21.140000 37 62
21.210000 37 62
21.280000 37 62
21.350000 37 62
21.420000 37 62
21.490000 37 62
21.560000 37 62
21.630000 37 62
21.700000 37 62
21.770000 37 62
21.840000 37 62
21.910000 37 62
21.980000 37 62
22.050000 37 62
22.120000 37 62
22.190000 37 62
22.260000 37 62
22.330000 37 62
22.400000 37 62
22.470000 37 62
22.540000 37 62
22.610000 37 62
22.680000 37 62
22.750000 0 0
22.820000 42 68
22.890000 42 68
22.960000 42 68
23.030000 42 68
23.100000 42 68
23.170000 42 68
23.240000 42 68
23.310000 42 68
23.380000 42 68
23.450000 42 68
23.520000 42 68
23.590000 42 68
23.660000 42 68
23.730000 42 68
23.800000 42 68
23.870000 42 68
23.940000 42 68
24.010000 42 68
24.080000 42 68
24.150000 42 68
24.220000 42 68
24.290000 42 68
24.360000 0 0
24.430000 42 54
24.500000 42 54
24.570000 42 54
24.640000 0 0
24.710000 39 54
24.780000 39 54
24.850000 39 54
24.920000 39 54
24.990000 39 54
25.060000 39 54
25.130000 39 54
25.200000 39 54
25.270000 39 54
25.340000 39 54
25.410000 39 54
25.480000 39 54
25.550000 39 54
25.620000 39 54
25.690000 39 54
25.760000 39 54
25.830000 39 54
25.900000 39 54
25.970000 39 54
26.040000 39 54
26.110000 39 54
26.180000 39 54
26.250000 39 54
26.320000 38 44
26.390000 39 44
26.460000 40 44
26.530000 39 43
26.600000 0 0
26.670000 40 43
26.740000 39 43
26.810000 40 42
26.880000 0 0
26.950000 39 42
27.020000 40 42
27.090000 39 40
27.160000 0 0
27.230000 40 41
27.300000 39 40
27.370000 40 41
27.440000 0 0
27.510000 39 42
27.580000 40 42
27.650000 0 0
27.720000 39 43
27.790000 40 43
27.860000 39 43
27.930000 39 43
28.000000 39 43
28.070000 0 0
28.140000 39 44
28.210000 40 43
28.280000 40 43
28.350000 42 51
28.420000 42 51
28.490000 40 34
28.560000 40 34
28.630000 40 34
28.700000 40 34
28.770000 40 34
28.840000 40 34
28.910000 40 34
28.980000 40 34
29.050000 40 34
29.120000 40 34
29.190000 40 34
29.260000 40 34
29.330000 40 34
29.400000 40 34
29.470000 40 34
29.540000 40 34
29.610000 40 34
29.680000 40 34
29.750000 40 34
29.820000 40 34
29.890000 40 34
29.960000 40 34
30.030000 40 34
30.100000 40 34
30.170000 40 34
30.240000 40 34
30.310000 0 0
30.380000 35 36
30.450000 35 36
30.520000 35 36
30.590000 35 36
30.660000 35 36
30.730000 35 36
30.800000 35 36
30.870000 35 36
30.940000 35 36
31.010000 35 36
31.080000 35 36
31.150000 35 36
31.220000 35 36
31.290000 35 36
31.360000 35 36
31.430000 35 36
31.500000 35 36
31.570000 35 36
31.640000 35 36
31.710000 35 36
31.780000 35 36
31.850000 35 36
31.920000 35 36
31.990000 35 36
32.060000 35 36
32.130000 0 0
32.200000 31 39
32.270000 31 39
32.340000 31 39
32.410000 31 39
32.480000 31 39
32.550000 31 39
32.620000 31 39
32.690000 31 39
32.760000 31 39
32.830000 31 39
32.900000 31 39
32.970000 31 39
33.040000 31 39
33.110000 31 39
33.180000 31 39
33.250000 31 39
33.320000 31 39
33.390000 31 39
33.460000 31 39
33.530000 31 39
33.600000 31 39
33.670000 31 39
33.740000 31 39
33.810000 0 0
33.880000 43 42
33.950000 43 42
34.020000 43 42
34.090000 43 42
34.160000 43 42
34.230000 43 42
34.300000 43 42
34.370000 43 42
34.440000 43 42
34.510000 43 42
34.580000 43 42
34.650000 43 42
34.720000 43 42
34.790000 43 42
34.860000 43 42
34.930000 43 42
35.000000 43 42
35.070000 43 42
35.140000 43 42
35.210000 43 42
35.280000 43 42
35.350000 41 52
35.420000 41 52
35.490000 41 52
35.560000 0 0
35.630000 0 0
35.700000 0 0
35.770000 0 0
35.840000 0 0
35.910000 0 0
35.980000 0 0
36.050000 0 0
36.120000 0 0
36.190000 0 0
36.260000 0 0
36.330000 0 0
36.400000 0 0
36.470000 0 0
36.540000 0 0
36.610000 0 0
36.680000 0 0
36.750000 0 0
36.820000 0 0
36.890000 0 0
36.960000 0 0
37.030000 0 0
37.100000 0 0
37.170000 0 0
37.240000 0 0
37.310000 38 53
37.380000 38 53
37.450000 38 53
37.520000 38 53
37.590000 38 53
37.660000 38 53
37.730000 38 53
37.800000 38 53
37.870000 38 53
37.940000 38 53
38.010000 38 53
38.080000 38 53
38.150000 38 53
38.220000 38 53
38.290000 38 53
38.360000 38 53
38.430000 38 53
38.500000 38 53
38.570000 38 53
38.640000 38 53
38.710000 38 53
38.780000 38 53
38.850000 38 53
38.920000 38 53
38.990000 36 56
39.060000 36 56
39.130000 36 56
39.200000 36 56
39.270000 36 56
39.340000 36 56
39.410000 36 56
39.480000 36 56
39.550000 36 56
39.620000 36 56
39.690000 36 56
39.760000 36 56
39.830000 36 56
39.900000 36 56
39.970000 36 56
40.040000 36 56
40.110000 36 56
40.180000 36 56
40.250000 36 56
40.320000 36 56
40.390000 36 56
40.460000 36 56
40.530000 36 56
40.600000 0 0
40.670000 36 48
40.740000 36 48
40.810000 36 48
40.880000 36 48
40.950000 36 48
41.020000 36 48
41.090000 36 48
41.160000 36 48
41.230000 36 48
41.300000 36 48
41.370000 36 48
41.440000 36 48
41.510000 36 48
41.580000 36 48
41.650000 36 48
41.720000 36 48
41.790000 36 48
41.860000 36 48
41.930000 36 48
42.000000 36 48
42.070000 35 43
42.140000 35 43
42.210000 0 0
42.280000 33 43
42.350000 33 43
42.420000 33 43
42.490000 33 43
42.560000 33 43
42.630000 33 43
42.700000 33 43
42.770000 33 43
42.840000 33 43
42.910000 33 43
42.980000 33 43
43.050000 33 43
43.120000 33 43
43.190000 33 43
43.260000 33 43
43.330000 33 43
43.400000 33 43
43.470000 33 43
43.540000 33 43
43.610000 33 43
43.680000 33 43
43.750000 33 43
43.820000 33 43
43.890000 33 43
43.960000 0 0
44.030000 31 48
44.100000 31 48
44.170000 31 48
44.240000 31 48
44.310000 31 48
44.380000 31 48
44.450000 31 48
44.520000 31 48
44.590000 31 48
44.660000 31 48
44.730000 31 48
44.800000 31 48
44.870000 31 48
44.940000 31 48
45.010000 31 48
45.080000 31 48
45.150000 31 48
45.220000 31 48
45.290000 31 48
45.360000 31 48
45.430000 0 0
45.500000 31 48
45.570000 31 48
45.640000 0 0
45.710000 29 48
45.780000 29 48
45.850000 29 48
45.920000 29 48
45.990000 29 48
46.060000 29 48
46.130000 29 48
46.200000 29 48
46.270000 29 48
46.340000 29 48
46.410000 29 48
46.480000 29 48
46.550000 29 48
46.620000 29 48
46.690000 29 48
46.760000 29 48
46.830000 29 48
46.900000 29 48
46.970000 29 48
47.040000 29 48
47.110000 29 48
47.180000 29 48
47.250000 29 48
47.320000 28 49
47.390000 28 49
47.460000 28 49
47.530000 28 49
47.600000 28 49
47.670000 28 49
47.740000 28 49
47.810000 28 49
47.880000 28 49
47.950000 28 49
48.020000 28 49
48.090000 28 49
48.160000 28 49
48.230000 28 49
48.300000 28 49
48.370000 28 49
48.440000 28 49
48.510000 28 49
48.580000 28 49
48.650000 28 49
48.720000 28 49
48.790000 28 49
48.860000 28 49
48.930000 28 49
49.000000 28 49
49.070000 0 0
49.140000 27 52
49.210000 27 52
49.280000 27 52
49.350000 27 52
49.420000 27 52
49.490000 27 52
49.560000 27 52
49.630000 27 52
49.700000 27 52
49.770000 27 52
49.840000 27 52
49.910000 27 52
49.980000 27 52
50.050000 27 52
50.120000 27 52
50.190000 27 52
50.260000 27 52
50.330000 27 52
50.400000 27 52
50.470000 27 52
50.540000 27 52
50.610000 27 52
50.680000 27 52
50.750000 27 52
50.820000 27 52
50.890000 27 52
50.960000 27 52
51.030000 27 52
51.100000 27 52
51.170000 27 52
51.240000 27 52
51.310000 27 52
51.380000 27 52
51.450000 27 52
51.520000 27 52
51.590000 27 52
51.660000 27 52
51.730000 27 52
51.800000 27 52
51.870000 27 52
51.940000 27 52
52.010000 27 52
52.080000 27 52
52.150000 27 52
52.220000 27 52
52.290000 27 52
52.360000 27 52
52.430000 27 52
52.500000 27 52
52.570000 27 52
52.640000 32 61
52.710000 32 61
52.780000 32 61
52.850000 32 61
52.920000 32 61
52.990000 32 61
53.060000 32 61
53.130000 32 61
53.200000 32 61
53.270000 32 61
53.340000 32 61
53.410000 32 61
53.480000 32 61
53.550000 32 61
53.620000 32 61
53.690000 32 61
53.760000 32 61
53.830000 32 61
53.900000 32 61
53.970000 32 61
54.040000 32 61
54.110000 32 61
54.180000 32 61
54.250000 32 61
54.320000 0 0
54.390000 35 53
54.460000 35 53
54.530000 35 53
54.600000 35 53
54.670000 35 53
54.740000 35 53
54.810000 35 53
54.880000 35 53
54.950000 35 53
55.020000 35 53
55.090000 35 53
55.160000 35 53
55.230000 35 53
55.300000 35 53
55.370000 35 53
55.440000 35 53
55.510000 35 53
55.580000 35 53
55.650000 35 53
55.720000 35 53
55.790000 35 53
55.860000 35 53
55.930000 35 53
56.000000 35 53
56.070000 35 53
56.140000 35 53
56.210000 35 53
56.280000 35 53
56.350000 35 53
56.420000 35 53
56.490000 35 53
56.560000 35 53
56.630000 35 53
56.700000 0 0
56.770000 28 18
56.840000 28 18
56.910000 28 18
56.980000 28 18
57.050000 28 18
57.120000 28 18
57.190000 28 18
57.260000 28 18
57.330000 28 18
57.400000 28 18
57.470000 28 18
57.540000 28 18
57.610000 28 18
57.680000 28 18
57.750000 28 18
57.820000 28 18
57.890000 28 18
57.960000 28 18
58.030000 28 18
58.100000 28 18
58.170000 28 18
58.240000 28 18
58.310000 28 18
58.380000 28 18
58.450000 28 18
58.520000 28 18
58.590000 35 27
58.660000 35 27
58.730000 35 27
58.800000 35 27
58.870000 35 27
58.940000 35 27
59.010000 35 27
59.080000 35 27
59.150000 35 27
59.220000 35 27
59.290000 35 27
59.360000 35 27
59.430000 35 27
59.500000 35 27
59.570000 35 27
59.640000 35 27
59.710000 35 27
59.780000 35 27
59.850000 35 27
59.920000 35 27
59.990000 35 27
60.060000 35 27
60.130000 35 27
60.200000 35 27
60.270000 35 27
60.340000 0 0
60.410000 40 30
60.480000 40 30
60.550000 40 30
60.620000 40 30
60.690000 40 30
60.760000 40 30
60.830000 40 30
60.900000 40 30
60.970000 40 30
61.040000 40 30
61.110000 40 30
61.180000 40 30
61.250000 40 30
61.320000 40 30
61.390000 40 30
61.460000 40 30
61.530000 40 30
61.600000 40 30
61.670000 40 30
61.740000 40 30
61.810000 40 30
61.880000 40 30
61.950000 40 30
62.020000 40 30
62.090000 0 0
62.160000 33 28
62.230000 33 28
62.300000 33 28
62.370000 33 28
62.440000 33 28
62.510000 33 28
62.580000 33 28
62.650000 33 28
62.720000 33 28
62.790000 33 28
62.860000 33 28
62.930000 33 28
63.000000 33 28
63.070000 33 28
63.140000 33 28
63.210000 33 28
63.280000 33 28
63.350000 33 28
63.420000 33 28
63.490000 33 28
63.560000 33 28
63.630000 33 28
63.700000 0 0
63.770000 33 33
63.840000 33 33
63.910000 33 33
63.980000 29 33
64.050000 29 33
64.120000 29 33
64.190000 29 33
64.260000 29 33
64.330000 29 33
64.400000 29 33
64.470000 29 33
64.540000 29 33
64.610000 29 33
64.680000 29 33
64.750000 29 33
64.820000 29 33
64.890000 29 33
64.960000 29 33
65.030000 29 33
65.100000 29 33
65.170000 29 33
65.240000 29 33
65.310000 29 33
65.380000 29 33
65.450000 29 33
65.520000 29 33
65.590000 29 33
65.660000 29 33
65.730000 0 0
65.800000 24 27
65.870000 24 27
65.940000 24 27
66.010000 24 27
66.080000 24 27
66.150000 24 27
66.220000 24 27
66.290000 24 27
66.360000 24 27
66.430000 24 27
66.500000 24 27
66.570000 24 27
66.640000 24 27
66.710000 24 27
66.780000 24 27
66.850000 24 27
66.920000 24 27
66.990000 24 27
67.060000 24 27
67.130000 24 27
67.200000 24 27
67.270000 24 27
67.340000 24 27
67.410000 24 27
67.480000 24 27
67.550000 0 0
67.620000 29 33
67.690000 29 33
67.760000 29 33
67.830000 29 33
67.900000 29 33
67.970000 29 33
68.040000 29 33
68.110000 29 33
68.180000 29 33
68.250000 29 33
68.320000 29 33
68.390000 29 33
68.460000 29 33
68.530000 29 33
68.600000 29 33
68.670000 29 33
68.740000 29 33
68.810000 29 33
68.880000 29 33
68.950000 29 33
69.020000 29 33
69.090000 29 33
69.160000 29 33
69.230000 29 33
69.300000 0 0
69.370000 34 39
69.440000 34 39
69.510000 34 39
69.580000 34 39
69.650000 34 39
69.720000 34 39
69.790000 34 39
69.860000 34 39
69.930000 34 39
70.000000 34 39
70.070000 34 39
70.140000 34 39
70.210000 34 39
70.280000 34 39
70.350000 34 39
70.420000 34 39
70.490000 34 39
70.560000 34 39
70.630000 34 39
70.700000 34 39
70.770000 34 39
70.840000 34 39
70.910000 34 46
70.980000 34 46
71.050000 34 46
71.120000 31 48
71.190000 31 48
71.260000 31 48
71.330000 31 48
71.400000 31 48
71.470000 31 48
71.540000 31 48
71.610000 31 48
71.680000 31 48
71.750000 31 48
71.820000 31 48
71.890000 31 48
71.960000 31 48
72.030000 31 48
72.100000 31 48
72.170000 31 48
72.240000 31 48
72.310000 31 48
72.380000 31 48
72.450000 31 48
72.520000 31 48
72.590000 31 48
72.660000 31 48
72.730000 31 48
72.800000 31 48
72.870000 0 0
72.940000 26 57
73.010000 26 57
73.080000 26 57
73.150000 26 57
73.220000 26 57
73.290000 26 57
73.360000 26 57
73.430000 26 57
73.500000 26 57
73.570000 26 57
73.640000 26 57
73.710000 26 57
73.780000 26 57
73.850000 26 57
73.920000 26 57
73.990000 26 57
74.060000 26 57
74.130000 26 57
74.200000 26 57
74.270000 26 57
74.340000 26 57
74.410000 26 57
74.480000 26 57
74.550000 26 57
74.620000 26 57
74.690000 31 54
74.760000 31 54
74.830000 31 54
74.900000 31 54
74.970000 31 54
75.040000 31 54
75.110000 31 54
75.180000 31 54
75.250000 31 54
75.320000 31 54
75.390000 31 54
75.460000 31 54
75.530000 31 54
75.600000 31 54
75.670000 31 54
75.740000 31 54
75.810000 31 54
75.880000 31 54
75.950000 31 54
76.020000 31 54
76.090000 31 54
76.160000 31 54
76.230000 31 54
76.300000 31 54
76.370000 31 54
76.440000 31 54
76.510000 0 0
76.580000 35 56
76.650000 35 56
76.720000 35 56
76.790000 35 56
76.860000 35 56
76.930000 35 56
77.000000 35 56
77.070000 35 56
77.140000 35 56
77.210000 35 56
77.280000 35 56
77.350000 35 56
77.420000 35 56
77.490000 35 56
77.560000 35 56
77.630000 35 56
77.700000 35 56
77.770000 35 56
77.840000 35 56
77.910000 35 56
77.980000 35 56
78.050000 35 56
78.120000 35 56
78.190000 35 56
78.260000 35 56
78.330000 0 0
78.400000 35 56
78.470000 0 0
78.540000 28 67
78.610000 40 74
78.680000 40 74
78.750000 40 74
78.820000 40 74
78.890000 40 74
78.960000 40 74
79.030000 40 74
79.100000 40 74
79.170000 40 74
79.240000 40 74
79.310000 40 74
79.380000 40 74
79.450000 40 74
79.520000 40 74
79.590000 40 74
79.660000 40 74
79.730000 40 74
79.800000 40 74
79.870000 40 74
79.940000 40 74
80.010000 40 74
80.080000 40 74
80.150000 40 74
80.220000 40 74
80.290000 40 74
80.360000 40 74
80.430000 40 74
80.500000 40 74
80.570000 40 74
80.640000 40 74
80.710000 40 74
80.780000 40 74
80.850000 40 74
80.920000 40 74
80.990000 40 74
81.060000 40 74
81.130000 40 74
81.200000 40 74
81.270000 40 74
81.340000 40 74
81.410000 40 74
81.480000 40 74
81.550000 40 74
81.620000 40 74
81.690000 40 74
81.760000 40 74
81.830000 40 74
81.900000 40 74
81.970000 40 74
82.040000 40 74
82.110000 40 74
82.180000 40 74
82.250000 40 74
82.320000 40 74
82.390000 40 74
82.460000 40 74
82.530000 40 74
82.600000 40 74
82.670000 40 74
82.740000 40 74
82.810000 40 74
82.880000 40 74
82.950000 40 74
83.020000 40 74
83.090000 40 74
83.160000 40 74
83.230000 40 74
83.300000 40 74
83.370000 40 74
83.440000 40 74
83.510000 40 74
83.580000 40 74
83.650000 40 74
83.720000 40 74
83.790000 40 74
83.860000 40 74
83.930000 40 74
84.000000 40 74
84.070000 40 74
84.140000 40 74
84.210000 40 74
84.280000 40 74
84.350000 40 74
84.420000 40 74
84.490000 40 74
84.560000 40 74
84.630000 40 74
84.700000 40 74
84.770000 40 74
84.840000 40 74
84.910000 40 74
84.980000 40 74
85.050000 40 74
85.120000 40 74
85.190000 40 74
85.260000 40 74
85.330000 40 74
85.400000 40 74
85.470000 40 74
85.540000 40 74
85.610000 40 74
85.680000 40 74
85.750000 40 74
85.820000 40 74
85.890000 40 74
85.960000 40 74
86.030000 40 74
86.100000 40 74
86.170000 40 74
86.240000 40 74
86.310000 40 74
86.380000 40 74
86.450000 40 74
86.520000 40 74
86.590000 40 74
86.660000 40 74
86.730000 40 74
86.800000 40 74
86.870000 40 74
86.940000 40 74
87.010000 40 74
87.080000 40 74
87.150000 40 74
87.220000 40 74
87.290000 40 74
87.360000 40 74
87.430000 40 74
87.500000 40 74
87.570000 40 74
87.640000 40 74
87.710000 40 74
87.780000 40 74
87.850000 40 74
87.920000 40 74
87.990000 40 74
88.060000 40 74
88.130000 40 74
88.200000 40 74
88.270000 40 74
88.340000 40 74
88.410000 40 74
88.480000 40 74
88.550000 40 74
88.620000 40 74
88.690000 40 74
88.760000 40 74
88.830000 40 74
88.900000 40 74
88.970000 40 74
89.040000 35 74
