"chpn-p13"

# Piano right
0.000000 61 34
0.070000 61 34
0.140000 61 34
0.210000 61 34
0.280000 61 34
0.350000 61 34
0.420000 61 34
0.490000 61 34
0.560000 61 34
0.630000 61 34
0.700000 61 34
0.770000 61 34
0.840000 61 34
0.910000 61 34
0.980000 61 34
1.050000 61 34
1.120000 61 34
1.190000 61 34
1.260000 61 34
1.330000 61 34
1.400000 61 34
1.470000 61 34
1.540000 61 34
1.610000 61 34
1.680000 61 34
1.750000 61 34
1.820000 0 0
1.890000 66 41
1.960000 66 41
2.030000 66 41
2.100000 66 41
2.170000 66 41
2.240000 66 41
2.310000 66 41
2.380000 66 41
2.450000 66 41
2.520000 66 41
2.590000 66 41
2.660000 66 41
2.730000 66 41
2.800000 66 41
2.870000 66 41
2.940000 66 41
3.010000 66 41
3.080000 66 41
3.150000 66 41
3.220000 66 41
3.290000 66 41
3.360000 66 41
3.430000 66 41
3.500000 66 41
3.570000 66 41
3.640000 66 41
3.710000 0 0
3.780000 61 34
3.850000 61 34
3.920000 61 34
3.990000 61 34
4.060000 61 34
4.130000 61 34
4.200000 61 34
4.270000 61 34
4.340000 61 34
4.410000 61 34
4.480000 61 34
4.550000 61 34
4.620000 61 34
4.690000 61 34
4.760000 61 34
4.830000 61 34
4.900000 61 34
4.970000 61 34
5.040000 61 34
5.110000 61 34
5.180000 61 34
5.250000 61 34
5.320000 61 34
5.390000 61 34
5.460000 61 34
5.530000 61 34
5.600000 65 41
5.670000 65 41
5.740000 65 41
5.810000 65 41
5.880000 65 41
5.950000 65 41
6.020000 65 41
6.090000 65 41
6.160000 65 41
6.230000 65 41
6.300000 65 41
6.370000 65 41
6.440000 65 41
6.510000 65 41
6.580000 65 41
6.650000 65 41
6.720000 65 41
6.790000 65 41
6.860000 65 41
6.930000 65 41
7.000000 65 41
7.070000 65 41
7.140000 65 41
7.210000 65 41
7.280000 65 41
7.350000 65 41
7.420000 68 49
7.490000 66 37
7.560000 66 37
7.630000 66 37
7.700000 66 37
7.770000 66 37
7.840000 66 37
7.910000 66 37
7.980000 66 37
8.050000 66 37
8.120000 66 37
8.190000 66 37
8.260000 66 37
8.330000 66 37
8.400000 66 37
8.470000 66 37
8.540000 66 37
8.610000 66 37
8.680000 66 37
8.750000 66 37
8.820000 66 37
8.890000 66 37
8.960000 66 37
9.030000 66 37
9.100000 66 37
9.170000 66 37
9.240000 66 37
9.310000 61 35
9.380000 61 35
9.450000 61 35
9.520000 61 35
9.590000 61 35
9.660000 61 35
9.730000 61 35
9.800000 61 35
9.870000 61 35
9.940000 61 35
10.010000 61 35
10.080000 61 35
10.150000 61 35
10.220000 61 35
10.290000 61 35
10.360000 61 35
10.430000 61 35
10.500000 61 35
10.570000 61 35
10.640000 61 35
10.710000 61 35
10.780000 61 35
10.850000 61 35
10.920000 61 35
10.990000 61 35
11.060000 61 35
11.130000 0 0
11.200000 61 33
11.270000 61 33
11.340000 61 33
11.410000 61 33
11.480000 61 33
11.550000 61 33
11.620000 61 33
11.690000 61 33
11.760000 61 33
11.830000 61 33
11.900000 61 33
11.970000 61 33
12.040000 61 33
12.110000 61 33
12.180000 61 33
12.250000 61 33
12.320000 61 33
12.390000 61 33
12.460000 61 33
12.530000 61 33
12.600000 61 33
12.670000 61 33
12.740000 61 33
12.810000 61 33
12.880000 61 33
12.950000 65 32
13.020000 65 32
13.090000 65 32
13.160000 65 32
13.230000 65 32
13.300000 65 32
13.370000 65 32
13.440000 65 32
13.510000 65 32
13.580000 65 32
13.650000 65 32
13.720000 65 32
13.790000 65 32
13.860000 65 32
13.930000 65 32
14.000000 65 32
14.070000 65 32
14.140000 0 0
14.210000 0 0
14.280000 0 0
14.350000 0 0
14.420000 0 0
14.490000 68 50
14.560000 68 50
14.630000 68 50
14.700000 68 50
14.770000 0 0
14.840000 61 34
14.910000 61 34
14.980000 61 34
15.050000 61 34
15.120000 61 34
15.190000 61 34
15.260000 61 34
15.330000 61 34
15.400000 61 34
15.470000 61 34
15.540000 61 34
15.610000 61 34
15.680000 61 34
15.750000 61 34
15.820000 61 34
15.890000 61 34
15.960000 61 34
16.030000 61 34
16.100000 61 34
16.170000 61 34
16.240000 61 34
16.310000 61 34
16.380000 61 34
16.450000 61 34
16.520000 61 34
16.590000 61 34
16.660000 70 55
16.730000 70 55
16.800000 70 55
16.870000 70 55
16.940000 70 55
17.010000 70 55
17.080000 70 55
17.150000 70 55
17.220000 70 55
17.290000 70 55
17.360000 70 55
17.430000 70 55
17.500000 70 55
17.570000 70 55
17.640000 70 55
17.710000 70 55
17.780000 70 55
17.850000 70 55
17.920000 70 55
17.990000 70 55
18.060000 70 55
18.130000 70 55
18.200000 70 55
18.270000 70 55
18.340000 70 55
18.410000 0 0
18.480000 70 62
18.550000 70 62
18.620000 70 62
18.690000 70 62
18.760000 70 62
18.830000 70 62
18.900000 70 62
18.970000 70 62
19.040000 70 62
19.110000 70 62
19.180000 70 62
19.250000 70 62
19.320000 70 62
19.390000 70 62
19.460000 70 62
19.530000 70 62
19.600000 70 62
19.670000 70 62
19.740000 70 62
19.810000 70 62
19.880000 70 62
19.950000 70 62
20.020000 70 62
20.090000 70 62
20.160000 70 62
20.230000 0 0
20.300000 68 37
20.370000 68 37
20.440000 68 37
20.510000 68 37
20.580000 68 37
20.650000 68 37
20.720000 68 37
20.790000 68 37
20.860000 68 37
20.930000 68 37
21.000000 68 37
21.070000 68 37
21.140000 68 37
21.210000 68 37
21.280000 68 37
21.350000 68 37
21.420000 68 37
21.490000 68 37
21.560000 68 37
21.630000 68 37
21.700000 68 37
21.770000 68 37
21.840000 68 37
21.910000 68 37
21.980000 66 36
22.050000 66 36
22.120000 66 36
22.190000 66 36
22.260000 66 36
22.330000 66 36
22.400000 66 36
22.470000 66 36
22.540000 66 36
22.610000 66 36
22.680000 66 36
22.750000 66 36
22.820000 66 36
22.890000 66 36
22.960000 66 36
23.030000 66 36
23.100000 66 36
23.170000 66 36
23.240000 66 36
23.310000 66 36
23.380000 66 36
23.450000 66 36
23.520000 66 36
23.590000 66 36
23.660000 66 36
23.730000 66 36
23.800000 66 36
23.870000 66 36
23.940000 66 36
24.010000 65 28
24.080000 65 28
24.150000 65 28
24.220000 65 28
24.290000 65 28
24.360000 65 28
24.430000 65 28
24.500000 65 28
24.570000 65 28
24.640000 65 28
24.710000 65 28
24.780000 65 28
24.850000 65 28
24.920000 65 28
24.990000 65 28
25.060000 65 28
25.130000 65 28
25.200000 65 28
25.270000 65 28
25.340000 65 28
25.410000 65 28
25.480000 65 28
25.550000 65 28
25.620000 65 28
25.690000 65 28
25.760000 65 28
25.830000 0 0
25.900000 0 0
25.970000 0 0
26.040000 0 0
26.110000 0 0
26.180000 0 0
26.250000 0 0
26.320000 0 0
26.390000 0 0
26.460000 0 0
26.530000 0 0
26.600000 0 0
26.670000 0 0
26.740000 0 0
26.810000 0 0
26.880000 0 0
26.950000 0 0
27.020000 0 0
27.090000 0 0
27.160000 0 0
27.230000 0 0
27.300000 0 0
27.370000 0 0
27.440000 0 0
27.510000 0 0
27.580000 0 0
27.650000 0 0
27.720000 0 0
27.790000 0 0
27.860000 0 0
27.930000 0 0
28.000000 0 0
28.070000 0 0
28.140000 0 0
28.210000 0 0
28.280000 0 0
28.350000 0 0
28.420000 0 0
28.490000 0 0
28.560000 0 0
28.630000 0 0
28.700000 0 0
28.770000 0 0
28.840000 0 0
28.910000 0 0
28.980000 0 0
29.050000 0 0
29.120000 0 0
29.190000 0 0
29.260000 0 0
29.330000 0 0
29.400000 0 0
29.470000 0 0
29.540000 58 27
29.610000 61 27
29.680000 61 27
29.750000 61 27
29.820000 61 27
29.890000 61 27
29.960000 61 27
30.030000 61 27
30.100000 61 27
30.170000 61 27
30.240000 61 27
30.310000 61 27
30.380000 61 27
30.450000 61 27
30.520000 61 27
30.590000 61 27
30.660000 61 27
30.730000 61 27
30.800000 61 27
30.870000 61 27
30.940000 61 27
31.010000 61 27
31.080000 61 27
31.150000 61 27
31.220000 61 27
31.290000 61 27
31.360000 61 27
31.430000 0 0
31.500000 61 34
31.570000 61 34
31.640000 61 34
31.710000 61 34
31.780000 61 34
31.850000 61 34
31.920000 61 34
31.990000 61 34
32.060000 61 34
32.130000 61 34
32.200000 61 34
32.270000 61 34
32.340000 61 34
32.410000 61 34
32.480000 61 34
32.550000 61 34
32.620000 61 34
32.690000 61 34
32.760000 61 34
32.830000 61 34
32.900000 61 34
32.970000 61 34
33.040000 61 34
33.110000 61 34
33.180000 61 34
33.250000 0 0
33.320000 61 34
33.390000 61 34
33.460000 61 34
33.530000 61 34
33.600000 61 34
33.670000 61 34
33.740000 61 34
33.810000 61 34
33.880000 61 34
33.950000 61 34
34.020000 61 34
34.090000 61 34
34.160000 61 34
34.230000 61 34
34.300000 61 34
34.370000 61 34
34.440000 61 34
34.510000 61 34
34.580000 61 34
34.650000 61 34
34.720000 61 34
34.790000 61 34
34.860000 61 34
34.930000 61 34
35.000000 61 34
35.070000 61 34
35.140000 61 34
35.210000 61 34
35.280000 61 34
35.350000 61 34
35.420000 61 34
35.490000 61 34
35.560000 61 34
35.630000 61 34
35.700000 61 34
35.770000 61 34
35.840000 61 34
35.910000 61 34
35.980000 61 34
36.050000 61 34
36.120000 61 34
36.190000 61 34
36.260000 61 34
36.330000 61 34
36.400000 61 34
36.470000 61 34
36.540000 61 34
36.610000 61 34
36.680000 61 34
36.750000 61 34
36.820000 61 34
36.890000 61 34
36.960000 0 0
37.030000 66 37
37.100000 66 37
37.170000 66 37
37.240000 66 37
37.310000 66 37
37.380000 66 37
37.450000 66 37
37.520000 66 37
37.590000 66 37
37.660000 66 37
37.730000 66 37
37.800000 66 37
37.870000 66 37
37.940000 66 37
38.010000 66 37
38.080000 66 37
38.150000 66 37
38.220000 66 37
38.290000 66 37
38.360000 66 37
38.430000 66 37
38.500000 66 37
38.570000 66 37
38.640000 66 37
38.710000 66 37
38.780000 66 37
38.850000 61 41
38.920000 61 41
38.990000 61 41
39.060000 61 41
39.130000 61 41
39.200000 61 41
39.270000 61 41
39.340000 61 41
39.410000 61 41
39.480000 61 41
39.550000 61 41
39.620000 0 0
39.690000 61 26
39.760000 61 26
39.830000 0 0
39.900000 66 36
39.970000 66 36
40.040000 0 0
40.110000 61 28
40.180000 61 28
40.250000 0 0
40.320000 66 39
40.390000 66 39
40.460000 0 0
40.530000 70 56
40.600000 70 56
40.670000 0 0
40.740000 61 36
40.810000 61 36
40.880000 61 36
40.950000 61 36
41.020000 61 36
41.090000 61 36
41.160000 61 36
41.230000 61 36
41.300000 61 36
41.370000 61 36
41.440000 61 36
41.510000 61 36
41.580000 61 36
41.650000 61 36
41.720000 61 36
41.790000 61 36
41.860000 61 36
41.930000 61 36
42.000000 61 36
42.070000 61 36
42.140000 61 36
42.210000 61 36
42.280000 61 36
42.350000 61 36
42.420000 61 36
42.490000 0 0
42.560000 65 36
42.630000 65 36
42.700000 65 36
42.770000 65 36
42.840000 65 36
42.910000 65 36
42.980000 65 36
43.050000 65 36
43.120000 65 36
43.190000 65 36
43.260000 65 36
43.330000 65 36
43.400000 65 36
43.470000 65 36
43.540000 65 36
43.610000 65 36
43.680000 65 36
43.750000 0 0
43.820000 0 0
43.890000 0 0
43.960000 0 0
44.030000 61 32
44.100000 61 32
44.170000 61 32
44.240000 61 32
44.310000 0 0
44.380000 64 46
44.450000 64 46
44.520000 64 46
44.590000 64 46
44.660000 64 46
44.730000 64 46
44.800000 64 46
44.870000 64 46
44.940000 64 46
45.010000 64 46
45.080000 64 46
45.150000 64 46
45.220000 64 46
45.290000 64 46
45.360000 64 46
45.430000 64 46
45.500000 64 46
45.570000 64 46
45.640000 64 46
45.710000 64 46
45.780000 64 46
45.850000 64 46
45.920000 64 46
45.990000 64 46
46.060000 64 46
46.130000 64 46
46.200000 64 55
46.270000 64 55
46.340000 64 55
46.410000 64 55
46.480000 64 55
46.550000 64 55
46.620000 64 55
46.690000 64 55
46.760000 64 55
46.830000 64 55
46.900000 64 55
46.970000 64 55
47.040000 64 55
47.110000 64 55
47.180000 64 55
47.250000 64 55
47.320000 64 55
47.390000 64 55
47.460000 64 55
47.530000 64 55
47.600000 64 55
47.670000 64 55
47.740000 64 55
47.810000 64 55
47.880000 64 55
47.950000 71 62
48.020000 70 59
48.090000 70 59
48.160000 70 59
48.230000 70 59
48.300000 70 59
48.370000 70 59
48.440000 70 59
48.510000 70 59
48.580000 70 59
48.650000 70 59
48.720000 70 59
48.790000 70 59
48.860000 70 59
48.930000 70 59
49.000000 70 59
49.070000 70 59
49.140000 70 59
49.210000 70 59
49.280000 70 59
49.350000 70 59
49.420000 70 59
49.490000 70 59
49.560000 70 59
49.630000 70 59
49.700000 70 59
49.770000 0 0
49.840000 64 45
49.910000 64 45
49.980000 64 45
50.050000 64 45
50.120000 64 45
50.190000 64 45
50.260000 64 45
50.330000 64 45
50.400000 64 45
50.470000 64 45
50.540000 64 45
50.610000 64 45
50.680000 64 45
50.750000 64 45
50.820000 64 45
50.890000 64 45
50.960000 64 45
51.030000 64 45
51.100000 64 45
51.170000 64 45
51.240000 64 45
51.310000 64 45
51.380000 64 45
51.450000 64 45
51.520000 64 45
51.590000 73 60
51.660000 73 62
51.730000 73 62
51.800000 73 62
51.870000 73 62
51.940000 73 62
52.010000 73 62
52.080000 73 62
52.150000 73 62
52.220000 73 62
52.290000 73 62
52.360000 73 62
52.430000 73 62
52.500000 73 62
52.570000 73 62
52.640000 73 62
52.710000 73 62
52.780000 73 62
52.850000 73 62
52.920000 73 62
52.990000 73 62
53.060000 73 62
53.130000 73 62
53.200000 73 62
53.270000 73 62
53.340000 73 62
53.410000 73 62
53.480000 68 42
53.550000 68 42
53.620000 68 42
53.690000 68 42
53.760000 68 42
53.830000 68 42
53.900000 68 42
53.970000 68 42
54.040000 68 42
54.110000 68 42
54.180000 68 42
54.250000 68 42
54.320000 68 42
54.390000 68 42
54.460000 68 42
54.530000 68 42
54.600000 68 42
54.670000 68 42
54.740000 68 42
54.810000 68 42
54.880000 68 42
54.950000 68 42
55.020000 68 42
55.090000 68 42
55.160000 68 42
55.230000 68 42
55.300000 0 0
55.370000 61 50
55.440000 61 50
55.510000 61 50
55.580000 61 50
55.650000 61 50
55.720000 61 50
55.790000 61 50
55.860000 61 50
55.930000 61 50
56.000000 61 50
56.070000 61 50
56.140000 61 50
56.210000 61 50
56.280000 61 50
56.350000 61 50
56.420000 61 50
56.490000 61 50
56.560000 61 50
56.630000 61 50
56.700000 61 50
56.770000 61 50
56.840000 61 50
56.910000 61 50
56.980000 61 50
57.050000 61 50
57.120000 68 50
57.190000 68 50
57.260000 68 50
57.330000 68 50
57.400000 68 50
57.470000 68 50
57.540000 68 50
57.610000 68 50
57.680000 68 50
57.750000 68 50
57.820000 68 50
57.890000 68 50
57.960000 68 50
58.030000 68 50
58.100000 68 50
58.170000 68 50
58.240000 68 50
58.310000 68 50
58.380000 68 50
58.450000 68 50
58.520000 68 50
58.590000 68 50
58.660000 68 50
58.730000 68 50
58.800000 68 50
58.870000 63 49
58.940000 65 31
59.010000 65 31
59.080000 65 31
59.150000 65 31
59.220000 65 31
59.290000 65 31
59.360000 65 31
59.430000 65 31
59.500000 65 31
59.570000 65 31
59.640000 65 31
59.710000 65 31
59.780000 65 31
59.850000 65 31
59.920000 65 31
59.990000 65 31
60.060000 65 31
60.130000 65 31
60.200000 65 31
60.270000 65 31
60.340000 65 31
60.410000 65 31
60.480000 65 31
60.550000 65 31
60.620000 65 31
60.690000 65 31
60.760000 65 31
60.830000 65 31
60.900000 65 31
60.970000 65 31
61.040000 65 31
61.110000 65 31
61.180000 65 31
61.250000 65 31
61.320000 65 31
61.390000 65 31
61.460000 65 31
61.530000 65 31
61.600000 65 31
61.670000 65 31
61.740000 65 31
61.810000 65 31
61.880000 65 31
61.950000 65 31
62.020000 65 31
62.090000 65 31
62.160000 65 31
62.230000 65 31
62.300000 65 31
62.370000 65 31
62.440000 65 31
62.510000 65 31
62.580000 70 51
62.650000 58 33
62.720000 58 33
62.790000 58 33
62.860000 58 33
62.930000 58 33
63.000000 58 33
63.070000 58 33
63.140000 58 33
63.210000 58 33
63.280000 58 33
63.350000 58 33
63.420000 58 33
63.490000 58 33
63.560000 58 33
63.630000 58 33
63.700000 58 33
63.770000 58 33
63.840000 0 0
63.910000 0 0
63.980000 0 0
64.050000 0 0
64.120000 0 0
64.190000 0 0
64.260000 0 0
64.330000 0 0
64.400000 0 0
64.470000 0 0
64.540000 71 53
64.610000 71 53
64.680000 71 53
64.750000 71 53
64.820000 71 53
64.890000 71 53
64.960000 71 53
65.030000 71 53
65.100000 71 53
65.170000 71 53
65.240000 71 53
65.310000 71 53
65.380000 71 53
65.450000 71 53
65.520000 71 53
65.590000 71 53
65.660000 71 53
65.730000 71 53
65.800000 71 53
65.870000 71 53
65.940000 71 53
66.010000 71 53
66.080000 71 53
66.150000 71 53
66.220000 71 53
66.290000 65 41
66.360000 65 41
66.430000 65 41
66.500000 65 41
66.570000 65 41
66.640000 65 41
66.710000 65 41
66.780000 65 41
66.850000 65 41
66.920000 65 41
66.990000 65 41
67.060000 65 41
67.130000 65 41
67.200000 65 41
67.270000 65 41
67.340000 65 41
67.410000 65 41
67.480000 65 41
67.550000 65 41
67.620000 65 41
67.690000 65 41
67.760000 65 41
67.830000 65 41
67.900000 65 41
67.970000 65 41
68.040000 65 41
68.110000 65 41
68.180000 65 41
68.250000 65 41
68.320000 65 41
68.390000 65 41
68.460000 65 41
68.530000 65 41
68.600000 65 41
68.670000 65 41
68.740000 65 41
68.810000 65 41
68.880000 65 41
68.950000 65 41
69.020000 65 41
69.090000 65 41
69.160000 65 41
69.230000 65 41
69.300000 65 41
69.370000 65 41
69.440000 65 41
69.510000 65 41
69.580000 65 41
69.650000 65 41
69.720000 65 41
69.790000 65 41
69.860000 65 41
69.930000 65 41
70.000000 70 42
70.070000 58 24
70.140000 58 24
70.210000 58 24
70.280000 58 24
70.350000 58 24
70.420000 58 24
70.490000 58 24
70.560000 58 24
70.630000 58 24
70.700000 58 24
70.770000 58 24
70.840000 58 24
70.910000 58 24
70.980000 58 24
71.050000 58 24
71.120000 58 24
71.190000 58 24
71.260000 58 24
71.330000 58 24
71.400000 58 24
71.470000 58 24
71.540000 58 24
71.610000 58 24
71.680000 58 24
71.750000 58 24
71.820000 58 24
71.890000 58 24
71.960000 58 24
72.030000 58 24
72.100000 58 24
72.170000 58 24
72.240000 58 24
72.310000 58 24
72.380000 58 24
72.450000 58 24
72.520000 58 24
72.590000 58 24
72.660000 0 0
72.730000 0 0
72.800000 0 0
72.870000 0 0
72.940000 0 0
73.010000 0 0
73.080000 0 0
73.150000 0 0
73.220000 0 0
73.290000 0 0
73.360000 0 0
73.430000 0 0
73.500000 0 0
73.570000 0 0
73.640000 0 0
73.710000 0 0
73.780000 0 0
73.850000 0 0
73.920000 0 0
73.990000 78 60
74.060000 78 60
74.130000 78 60
74.200000 78 60
74.270000 78 60
74.340000 78 60
74.410000 78 60
74.480000 78 60
74.550000 78 60
74.620000 78 60
74.690000 78 60
74.760000 78 60
74.830000 78 60
74.900000 78 60
74.970000 78 60
75.040000 78 60
75.110000 78 60
75.180000 78 60
75.250000 78 60
75.320000 78 60
75.390000 78 60
75.460000 78 60
75.530000 78 60
75.600000 78 60
75.670000 78 60
75.740000 78 60
75.810000 78 60
75.880000 78 60
75.950000 78 60
76.020000 78 60
76.090000 78 60
76.160000 78 60
76.230000 78 60
76.300000 70 57
76.370000 70 57
76.440000 70 57
76.510000 70 57
76.580000 70 57
76.650000 70 57
76.720000 70 57
76.790000 70 57
76.860000 70 57
76.930000 70 57
77.000000 70 57
77.070000 70 57
77.140000 70 57
77.210000 70 57
77.280000 70 57
77.350000 70 57
77.420000 70 57
77.490000 70 57
77.560000 70 57
77.630000 70 57
77.700000 70 57
77.770000 66 27
77.840000 72 58
77.910000 72 58
77.980000 72 58
78.050000 72 58
78.120000 72 58
78.190000 72 58
78.260000 72 58
78.330000 72 58
78.400000 72 58
78.470000 72 58
78.540000 72 58
78.610000 0 0
78.680000 72 60
78.750000 72 60
78.820000 72 60
78.890000 72 60
78.960000 72 60
79.030000 72 60
79.100000 72 60
79.170000 72 60
79.240000 72 60
79.310000 72 60
79.380000 72 60
79.450000 72 60
79.520000 72 60
79.590000 72 60
79.660000 72 60
79.730000 72 60
79.800000 72 60
79.870000 72 60
79.940000 72 60
80.010000 72 60
80.080000 72 60
80.150000 65 26
80.220000 65 26
80.290000 65 26
80.360000 73 43
80.430000 73 43
80.500000 0 0
80.570000 65 26
80.640000 65 26
80.710000 75 40
80.780000 75 40
80.850000 0 0
80.920000 73 52
80.990000 73 52
81.060000 73 52
81.130000 73 52
81.200000 73 52
81.270000 73 52
81.340000 73 52
81.410000 73 52
81.480000 73 52
81.550000 73 52
81.620000 73 52
81.690000 73 52
81.760000 73 52
81.830000 73 52
81.900000 73 52
81.970000 73 52
82.040000 73 52
82.110000 73 52
82.180000 73 52
82.250000 73 52
82.320000 73 52
82.390000 73 52
82.460000 73 52
82.530000 73 52
82.600000 73 52
82.670000 73 52
82.740000 73 52
82.810000 73 52
82.880000 73 52
82.950000 73 52
83.020000 73 52
83.090000 73 52
83.160000 76 60
83.230000 76 60
83.300000 76 60
83.370000 76 60
83.440000 76 60
83.510000 76 60
83.580000 76 60
83.650000 76 60
83.720000 76 60
83.790000 76 60
83.860000 76 60
83.930000 76 60
84.000000 76 60
84.070000 76 60
84.140000 76 60
84.210000 76 60
84.280000 76 60
84.350000 76 60
84.420000 76 60
84.490000 76 60
84.560000 76 60
84.630000 76 60
84.700000 76 60
84.770000 76 60
84.840000 76 60
84.910000 76 60
84.980000 76 60
85.050000 76 60
85.120000 76 60
85.190000 76 60
85.260000 76 60
85.330000 76 60
85.400000 76 60
85.470000 0 0
85.540000 68 57
85.610000 68 57
85.680000 68 57
85.750000 68 57
85.820000 68 57
85.890000 68 57
85.960000 68 57
86.030000 68 57
86.100000 68 57
86.170000 68 57
86.240000 68 57
86.310000 68 57
86.380000 68 57
86.450000 68 57
86.520000 68 57
86.590000 68 57
86.660000 68 57
86.730000 68 57
86.800000 68 57
86.870000 68 57
86.940000 68 57
87.010000 0 0
87.080000 70 58
87.150000 70 58
87.220000 70 58
87.290000 70 58
87.360000 70 58
87.430000 70 58
87.500000 70 58
87.570000 70 58
87.640000 70 58
87.710000 70 58
87.780000 70 58
87.850000 70 60
87.920000 70 60
87.990000 70 60
88.060000 70 60
88.130000 70 60
88.200000 70 60
88.270000 70 60
88.340000 70 60
88.410000 70 60
88.480000 70 60
88.550000 70 60
88.620000 70 60
88.690000 70 60
88.760000 70 60
88.830000 70 60
88.900000 70 60
88.970000 70 60
89.040000 70 60
89.110000 70 60
89.180000 70 60
89.250000 70 60
89.320000 70 60
89.390000 63 26
89.460000 63 26
89.530000 71 43
89.600000 71 43
89.670000 0 0
89.740000 63 26
89.810000 63 26
89.880000 73 40
89.950000 73 40
90.020000 0 0
90.090000 71 45
90.160000 71 45
90.230000 71 45
90.300000 71 45
90.370000 71 45
90.440000 71 45
90.510000 71 45
90.580000 71 45
90.650000 71 45
90.720000 71 45
90.790000 71 45
90.860000 71 45
90.930000 71 45
91.000000 71 45
91.070000 71 45
91.140000 71 45
91.210000 71 45
91.280000 71 45
91.350000 71 45
91.420000 71 45
91.490000 71 45
91.560000 0 0
91.630000 70 56
91.700000 70 56
91.770000 70 56
91.840000 70 56
91.910000 70 56
91.980000 70 56
92.050000 70 56
92.120000 70 56
92.190000 70 56
92.260000 70 56
92.330000 70 56
92.400000 70 60
92.470000 70 60
92.540000 70 60
92.610000 70 60
92.680000 70 60
92.750000 70 60
92.820000 70 60
92.890000 70 60
92.960000 70 60
93.030000 70 60
93.100000 0 0
93.170000 68 55
93.240000 68 55
93.310000 68 55
93.380000 68 55
93.450000 68 55
93.520000 68 55
93.590000 68 55
93.660000 68 55
93.730000 68 55
93.800000 68 55
93.870000 61 26
93.940000 61 26
94.010000 61 26
94.080000 70 43
94.150000 70 43
94.220000 61 26
94.290000 61 26
94.360000 61 26
94.430000 71 40
94.500000 71 40
94.570000 70 60
94.640000 70 60
94.710000 70 60
94.780000 70 60
94.850000 70 60
94.920000 70 60
94.990000 70 60
95.060000 70 60
95.130000 70 60
95.200000 70 60
95.270000 63 27
95.340000 68 54
95.410000 68 54
95.480000 68 54
95.550000 68 54
95.620000 68 54
95.690000 68 54
95.760000 68 54
95.830000 68 54
95.900000 68 54
95.970000 68 54
96.040000 68 54
96.110000 61 26
96.180000 61 26
96.250000 70 40
96.320000 70 40
96.390000 0 0
96.460000 61 26
96.530000 61 26
96.600000 71 38
96.670000 71 38
96.740000 0 0
96.810000 70 57
96.880000 70 57
96.950000 70 57
97.020000 70 57
97.090000 70 57
97.160000 70 57
97.230000 70 57
97.300000 70 57
97.370000 70 57
97.440000 70 57
97.510000 0 0
97.580000 68 53
97.650000 68 53
97.720000 68 53
97.790000 68 53
97.860000 68 53
97.930000 68 53
98.000000 68 53
98.070000 68 53
98.140000 68 53
98.210000 68 53
98.280000 68 53
98.350000 68 53
98.420000 68 53
98.490000 68 53
98.560000 68 53
98.630000 68 53
98.700000 68 53
98.770000 68 53
98.840000 68 53
98.910000 68 53
98.980000 68 53
99.050000 68 53
99.120000 68 53
99.190000 68 53
99.260000 68 53
99.330000 68 53
99.400000 68 53
99.470000 68 53
99.540000 68 53
99.610000 68 53
99.680000 68 53
99.750000 68 53
99.820000 68 53
99.890000 68 53
99.960000 68 53
100.030000 68 53
100.100000 68 53
100.170000 63 46
100.240000 63 46
100.310000 63 46
100.380000 63 46
100.450000 63 46
100.520000 61 51
100.590000 61 51
100.660000 61 51
100.730000 61 51
100.800000 61 51
100.870000 0 0
100.940000 70 55
101.010000 70 55
101.080000 70 55
101.150000 70 55
101.220000 70 55
101.290000 66 60
101.360000 66 60
101.430000 66 60
101.500000 66 60
101.570000 66 60
101.640000 66 60
101.710000 66 60
101.780000 66 60
101.850000 66 60
101.920000 66 60
101.990000 66 60
102.060000 66 58
102.130000 66 58
102.200000 66 58
102.270000 66 58
102.340000 66 58
102.410000 66 58
102.480000 66 58
102.550000 66 58
102.620000 66 58
102.690000 66 58
102.760000 63 34
102.830000 66 57
102.900000 66 57
102.970000 66 57
103.040000 66 57
103.110000 66 57
103.180000 66 57
103.250000 66 57
103.320000 66 57
103.390000 66 57
103.460000 66 57
103.530000 0 0
103.600000 68 54
103.670000 68 54
103.740000 68 54
103.810000 68 54
103.880000 68 54
103.950000 68 54
104.020000 68 54
104.090000 68 54
104.160000 68 54
104.230000 68 54
104.300000 68 54
104.370000 68 54
104.440000 68 54
104.510000 68 54
104.580000 68 54
104.650000 68 54
104.720000 68 54
104.790000 68 54
104.860000 68 54
104.930000 68 54
105.000000 68 54
105.070000 68 54
105.140000 63 42
105.210000 63 42
105.280000 63 42
105.350000 63 42
105.420000 63 42
105.490000 63 42
105.560000 63 42
105.630000 63 42
105.700000 63 42
105.770000 63 42
105.840000 63 42
105.910000 63 42
105.980000 63 42
106.050000 63 42
106.120000 63 42
106.190000 63 42
106.260000 63 42
106.330000 63 42
106.400000 63 42
106.470000 63 42
106.540000 63 42
106.610000 63 42
106.680000 0 0
106.750000 70 52
106.820000 70 52
106.890000 70 52
106.960000 70 52
107.030000 70 52
107.100000 70 52
107.170000 70 52
107.240000 70 52
107.310000 70 52
107.380000 70 52
107.450000 70 52
107.520000 63 37
107.590000 63 37
107.660000 63 37
107.730000 63 37
107.800000 63 37
107.870000 63 37
107.940000 63 37
108.010000 63 37
108.080000 63 37
108.150000 63 37
108.220000 63 37
108.290000 58 38
108.360000 58 38
108.430000 58 38
108.500000 58 38
108.570000 58 38
108.640000 58 38
108.710000 58 38
108.780000 58 38
108.850000 58 38
108.920000 58 38
108.990000 58 38
109.060000 58 38
109.130000 58 38
109.200000 58 38
109.270000 58 38
109.340000 58 38
109.410000 58 38
109.480000 58 38
109.550000 58 38
109.620000 58 38
109.690000 58 38
109.760000 58 38
109.830000 58 38
109.900000 58 38
109.970000 58 38
110.040000 58 38
110.110000 58 38
110.180000 58 38
110.250000 58 38
110.320000 58 38
110.390000 58 38
110.460000 58 38
110.530000 70 55
110.600000 70 55
110.670000 70 55
110.740000 70 55
110.810000 70 55
110.880000 70 55
110.950000 70 55
111.020000 70 55
111.090000 70 55
111.160000 70 55
111.230000 70 55
111.300000 70 55
111.370000 70 55
111.440000 70 55
111.510000 70 55
111.580000 70 55
111.650000 70 55
111.720000 70 55
111.790000 70 55
111.860000 70 55
111.930000 70 55
112.000000 70 55
112.070000 70 55
112.140000 70 55
112.210000 70 55
112.280000 70 55
112.350000 0 0
112.420000 64 55
112.490000 64 55
112.560000 64 55
112.630000 64 55
112.700000 64 55
112.770000 64 55
112.840000 64 55
112.910000 64 55
112.980000 64 55
113.050000 64 55
113.120000 64 55
113.190000 64 55
113.260000 64 55
113.330000 64 55
113.400000 64 55
113.470000 64 55
113.540000 64 55
113.610000 64 55
113.680000 64 55
113.750000 64 55
113.820000 64 55
113.890000 64 55
113.960000 64 55
114.030000 64 55
114.100000 64 55
114.170000 0 0
114.240000 70 59
114.310000 70 59
114.380000 70 59
114.450000 70 59
114.520000 70 59
114.590000 70 59
114.660000 70 59
114.730000 70 59
114.800000 70 59
114.870000 70 59
114.940000 70 59
115.010000 70 59
115.080000 70 59
115.150000 70 59
115.220000 70 59
115.290000 70 59
115.360000 70 59
115.430000 70 59
115.500000 70 59
115.570000 70 59
115.640000 70 59
115.710000 70 59
115.780000 70 59
115.850000 70 59
115.920000 70 59
115.990000 64 30
116.060000 64 30
116.130000 64 30
116.200000 64 30
116.270000 64 30
116.340000 64 30
116.410000 64 30
116.480000 64 30
116.550000 64 30
116.620000 64 30
116.690000 64 30
116.760000 64 30
116.830000 64 30
116.900000 64 30
116.970000 64 30
117.040000 64 30
117.110000 64 30
117.180000 64 30
117.250000 64 30
117.320000 64 30
117.390000 64 30
117.460000 64 30
117.530000 64 30
117.600000 64 30
117.670000 64 30
117.740000 73 66
117.810000 78 69
117.880000 78 69
117.950000 78 69
118.020000 78 69
118.090000 78 69
118.160000 78 69
118.230000 78 69
118.300000 78 69
118.370000 78 69
118.440000 78 69
118.510000 78 69
118.580000 78 69
118.650000 78 69
118.720000 78 69
118.790000 78 69
118.860000 78 69
118.930000 78 69
119.000000 78 69
119.070000 78 69
119.140000 78 69
119.210000 78 69
119.280000 78 69
119.350000 78 69
119.420000 78 69
119.490000 78 69
119.560000 78 69
119.630000 75 61
119.700000 75 61
119.770000 75 61
119.840000 75 61
119.910000 75 61
119.980000 75 61
120.050000 75 61
120.120000 75 61
120.190000 75 61
120.260000 75 61
120.330000 75 61
120.400000 75 61
120.470000 75 61
120.540000 75 61
120.610000 75 61
120.680000 75 61
120.750000 75 61
120.820000 75 61
120.890000 75 61
120.960000 75 61
121.030000 75 61
121.100000 75 61
121.170000 75 61
121.240000 75 61
121.310000 75 61
121.380000 75 61
121.450000 75 61
121.520000 67 50
121.590000 67 50
121.660000 67 50
121.730000 67 50
121.800000 67 50
121.870000 67 50
121.940000 67 50
122.010000 67 50
122.080000 67 50
122.150000 67 50
122.220000 67 50
122.290000 67 50
122.360000 67 50
122.430000 67 50
122.500000 67 50
122.570000 67 50
122.640000 67 50
122.710000 67 50
122.780000 67 50
122.850000 67 50
122.920000 67 50
122.990000 67 50
123.060000 67 50
123.130000 67 50
123.200000 67 50
123.270000 0 0
123.340000 68 47
123.410000 68 47
123.480000 68 47
123.550000 68 47
123.620000 68 47
123.690000 68 47
123.760000 68 47
123.830000 68 47
123.900000 68 47
123.970000 68 47
124.040000 68 47
124.110000 68 47
124.180000 68 47
124.250000 68 47
124.320000 68 47
124.390000 68 47
124.460000 68 47
124.530000 68 47
124.600000 68 47
124.670000 68 47
124.740000 68 47
124.810000 68 47
124.880000 68 47
124.950000 68 47
125.020000 68 47
125.090000 65 47
125.160000 65 47
125.230000 65 47
125.300000 65 47
125.370000 77 54
125.440000 77 54
125.510000 77 54
125.580000 77 54
125.650000 77 54
125.720000 77 54
125.790000 77 54
125.860000 77 54
125.930000 77 54
126.000000 77 54
126.070000 77 54
126.140000 77 54
126.210000 77 54
126.280000 77 54
126.350000 77 54
126.420000 77 54
126.490000 77 54
126.560000 77 54
126.630000 77 54
126.700000 77 54
126.770000 77 54
126.840000 77 54
126.910000 77 54
126.980000 77 54
127.050000 77 54
127.120000 77 54
127.190000 77 54
127.260000 77 54
127.330000 77 54
127.400000 77 54
127.470000 77 54
127.540000 77 54
127.610000 77 54
127.680000 77 54
127.750000 77 54
127.820000 77 54
127.890000 77 54
127.960000 77 54
128.030000 77 54
128.100000 77 54
128.170000 77 54
128.240000 77 54
128.310000 77 54
128.380000 77 54
128.450000 77 54
128.520000 77 54
128.590000 77 54
128.660000 77 54
128.730000 0 0
128.800000 58 42
128.870000 58 42
128.940000 58 42
129.010000 58 42
129.080000 78 59
129.150000 78 59
129.220000 78 59
129.290000 78 59
129.360000 78 59
129.430000 78 59
129.500000 78 59
129.570000 78 59
129.640000 78 59
129.710000 78 59
129.780000 78 59
129.850000 78 59
129.920000 78 59
129.990000 78 59
130.060000 78 59
130.130000 78 59
130.200000 78 59
130.270000 78 59
130.340000 78 59
130.410000 78 59
130.480000 78 59
130.550000 68 45
130.620000 68 45
130.690000 68 45
130.760000 68 45
130.830000 68 45
130.900000 68 45
130.970000 68 45
131.040000 68 45
131.110000 68 45
131.180000 68 45
131.250000 68 45
131.320000 68 45
131.390000 68 45
131.460000 68 45
131.530000 68 45
131.600000 68 45
131.670000 68 45
131.740000 68 45
131.810000 68 45
131.880000 68 45
131.950000 68 45
132.020000 68 45
132.090000 68 45
132.160000 68 45
132.230000 68 45
132.300000 80 61
132.370000 59 34
132.440000 59 34
132.510000 59 34
132.580000 59 34
132.650000 59 34
132.720000 59 34
132.790000 59 34
132.860000 59 34
132.930000 59 34
133.000000 59 34
133.070000 59 34
133.140000 59 34
133.210000 59 34
133.280000 59 34
133.350000 59 34
133.420000 59 34
133.490000 59 34
133.560000 59 34
133.630000 59 34
133.700000 59 34
133.770000 59 34
133.840000 59 34
133.910000 59 34
133.980000 59 34
134.050000 59 34
134.120000 59 34
134.190000 59 34
134.260000 59 34
134.330000 59 34
134.400000 59 34
134.470000 59 34
134.540000 59 34
134.610000 59 34
134.680000 59 34
134.750000 59 34
134.820000 59 34
134.890000 59 34
134.960000 59 34
135.030000 59 34
135.100000 59 34
135.170000 59 34
135.240000 59 34
135.310000 59 34
135.380000 59 34
135.450000 59 34
135.520000 59 34
135.590000 59 34
135.660000 59 34
135.730000 59 34
135.800000 59 34
135.870000 59 34
135.940000 59 34
136.010000 59 34
136.080000 0 0
136.150000 66 42
136.220000 66 42
136.290000 66 42
136.360000 66 42
136.430000 66 42
136.500000 66 42
136.570000 66 42
136.640000 66 42
136.710000 66 42
136.780000 66 42
136.850000 66 42
136.920000 66 42
136.990000 66 42
137.060000 66 42
137.130000 66 42
137.200000 66 42
137.270000 66 42
137.340000 66 42
137.410000 66 42
137.480000 66 42
137.550000 66 42
137.620000 66 42
137.690000 66 42
137.760000 66 42
137.830000 66 42
137.900000 66 42
137.970000 66 42
138.040000 66 42
138.110000 66 42
138.180000 66 42
138.250000 66 42
138.320000 66 42
138.390000 66 42
138.460000 66 42
138.530000 66 42
138.600000 66 42
138.670000 66 42
138.740000 66 42
138.810000 66 42
138.880000 66 42
138.950000 66 42
139.020000 66 42
139.090000 66 42
139.160000 66 42
139.230000 66 42
139.300000 66 42
139.370000 66 42
139.440000 66 42
139.510000 66 42
139.580000 66 42
139.650000 66 42
139.720000 66 42
139.790000 66 42
139.860000 66 42
139.930000 0 0
140.000000 0 0
140.070000 0 0
140.140000 0 0
140.210000 0 0
140.280000 58 30
140.350000 58 30
140.420000 58 30
140.490000 58 30
140.560000 0 0
140.630000 0 0
140.700000 58 33
140.770000 58 33
140.840000 58 33
140.910000 58 33
140.980000 0 0
141.050000 58 34
141.120000 58 34
141.190000 58 34
141.260000 58 34
141.330000 0 0
141.400000 63 37
141.470000 63 37
141.540000 63 37
141.610000 63 37
141.680000 0 0
141.750000 58 40
141.820000 58 40
141.890000 58 40
141.960000 58 40
142.030000 58 40
142.100000 0 0
142.170000 70 52
142.240000 70 52
142.310000 70 52
142.380000 70 52
142.450000 70 52
142.520000 70 52
142.590000 70 52
142.660000 70 52
142.730000 70 52
142.800000 70 52
142.870000 70 52
142.940000 70 52
143.010000 70 52
143.080000 70 52
143.150000 70 52
143.220000 70 52
143.290000 70 52
143.360000 70 52
143.430000 70 52
143.500000 70 52
143.570000 70 52
143.640000 70 52
143.710000 70 52
143.780000 70 52
143.850000 58 18
143.920000 58 18
143.990000 58 18
144.060000 70 35
144.130000 70 35
144.200000 70 35
144.270000 58 18
144.340000 58 18
144.410000 58 18
144.480000 58 18
144.550000 71 35
144.620000 71 35
144.690000 71 35
144.760000 71 35
144.830000 71 35
144.900000 71 35
144.970000 70 33
145.040000 70 33
145.110000 70 33
145.180000 70 33
145.250000 70 33
145.320000 70 33
145.390000 70 33
145.460000 70 33
145.530000 70 33
145.600000 70 33
145.670000 70 33
145.740000 70 33
145.810000 70 33
145.880000 70 33
145.950000 70 33
146.020000 70 33
146.090000 70 33
146.160000 70 33
146.230000 70 33
146.300000 70 33
146.370000 70 33
146.440000 70 33
146.510000 70 33
146.580000 70 33
146.650000 70 33
146.720000 70 33
146.790000 70 33
146.860000 70 33
146.930000 70 33
147.000000 70 33
147.070000 70 33
147.140000 70 33
147.210000 70 33
147.280000 70 33
147.350000 70 33
147.420000 70 33
147.490000 70 33
147.560000 70 33
147.630000 70 33
147.700000 70 33
147.770000 70 33
147.840000 70 33
147.910000 70 33
147.980000 70 33
148.050000 70 33
148.120000 70 33
148.190000 70 33
148.260000 70 33
148.330000 70 33
148.400000 70 33
148.470000 70 33
148.540000 70 33
148.610000 70 33
148.680000 70 33
148.750000 70 33
148.820000 70 33
148.890000 70 33
148.960000 70 33
149.030000 70 33
149.100000 70 33
149.170000 70 33
149.240000 70 33
149.310000 70 33
149.380000 70 33
149.450000 70 33
149.520000 70 33
149.590000 70 33
149.660000 70 33
149.730000 70 33
149.800000 70 33
149.870000 70 33
149.940000 70 33
150.010000 70 33
150.080000 0 0
# Piano left
0.000000 42 39
0.070000 42 39
0.140000 42 39
0.210000 42 39
0.280000 0 0
0.350000 53 20
0.420000 53 20
0.490000 53 20
0.560000 53 20
0.630000 0 0
0.700000 56 25
0.770000 56 25
0.840000 56 25
0.910000 56 25
0.980000 54 21
1.050000 54 21
1.120000 54 21
1.190000 54 21
1.260000 0 0
1.330000 58 28
1.400000 58 28
1.470000 58 28
1.540000 58 28
1.610000 49 25
1.680000 49 25
1.750000 49 25
1.820000 49 25
1.890000 42 39
1.960000 42 39
2.030000 42 39
2.100000 42 39
2.170000 0 0
2.240000 53 22
2.310000 53 22
2.380000 53 22
2.450000 53 22
2.520000 56 29
2.590000 56 29
2.660000 56 29
2.730000 56 29
2.800000 0 0
2.870000 54 23
2.940000 54 23
3.010000 54 23
3.080000 54 23
3.150000 58 31
3.220000 58 31
3.290000 58 31
3.360000 58 31
3.430000 49 27
3.500000 49 27
3.570000 49 27
3.640000 49 27
3.710000 0 0
3.780000 42 39
3.850000 42 39
3.920000 42 39
3.990000 42 39
4.060000 53 25
4.130000 53 25
4.200000 53 25
4.270000 53 25
4.340000 56 28
4.410000 56 28
4.480000 56 28
4.550000 56 28
4.620000 0 0
4.690000 54 25
4.760000 54 25
4.830000 54 25
4.900000 54 25
4.970000 58 32
5.040000 58 32
5.110000 58 32
5.180000 58 32
5.250000 49 28
5.320000 49 28
5.390000 49 28
5.460000 49 28
5.530000 0 0
5.600000 37 39
5.670000 37 39
5.740000 37 39
5.810000 37 39
5.880000 55 29
5.950000 55 29
6.020000 55 29
6.090000 55 29
6.160000 0 0
6.230000 58 32
6.300000 58 32
6.370000 58 32
6.440000 58 32
6.510000 56 28
6.580000 56 28
6.650000 56 28
6.720000 56 28
6.790000 0 0
6.860000 59 32
6.930000 59 32
7.000000 59 32
7.070000 59 32
7.140000 49 27
7.210000 49 27
7.280000 49 27
7.350000 49 27
7.420000 0 0
7.490000 42 39
7.560000 42 39
7.630000 42 39
7.700000 42 39
7.770000 53 25
7.840000 53 25
7.910000 53 25
7.980000 53 25
8.050000 0 0
8.120000 56 28
8.190000 56 28
8.260000 56 28
8.330000 56 28
8.400000 54 26
8.470000 54 26
8.540000 54 26
8.610000 54 26
8.680000 58 28
8.750000 58 28
8.820000 58 28
8.890000 58 28
8.960000 0 0
9.030000 49 27
9.100000 49 27
9.170000 49 27
9.240000 49 27
9.310000 42 40
9.380000 42 40
9.450000 42 40
9.520000 42 40
9.590000 0 0
9.660000 53 33
9.730000 53 33
9.800000 53 33
9.870000 53 33
9.940000 56 38
10.010000 56 38
10.080000 56 38
10.150000 56 38
10.220000 54 33
10.290000 54 33
10.360000 54 33
10.430000 54 33
10.500000 0 0
10.570000 58 38
10.640000 58 38
10.710000 58 38
10.780000 58 38
10.850000 49 33
10.920000 49 33
10.990000 49 33
11.060000 49 33
11.130000 0 0
11.200000 42 44
11.270000 42 44
11.340000 42 44
11.410000 42 44
11.480000 53 33
11.550000 53 33
11.620000 53 33
11.690000 53 33
11.760000 56 37
11.830000 56 37
11.900000 56 37
11.970000 56 37
12.040000 54 30
12.110000 54 30
12.180000 54 30
12.250000 54 30
12.320000 58 38
12.390000 58 38
12.460000 58 38
12.530000 58 38
12.600000 49 33
12.670000 49 33
12.740000 49 33
12.810000 49 33
12.880000 0 0
12.950000 37 39
13.020000 37 39
13.090000 37 39
13.160000 37 39
13.230000 0 0
13.300000 55 28
13.370000 55 28
13.440000 55 28
13.510000 55 28
13.580000 58 33
13.650000 58 33
13.720000 58 33
13.790000 58 33
13.860000 56 28
13.930000 56 28
14.000000 56 28
14.070000 56 28
14.140000 0 0
14.210000 59 32
14.280000 59 32
14.350000 59 32
14.420000 59 32
14.490000 49 29
14.560000 49 29
14.630000 49 29
14.700000 49 29
14.770000 0 0
14.840000 42 39
14.910000 42 39
14.980000 42 39
15.050000 42 39
15.120000 53 26
15.190000 53 26
15.260000 53 26
15.330000 53 26
15.400000 0 0
15.470000 56 31
15.540000 56 31
15.610000 56 31
15.680000 56 31
15.750000 54 30
15.820000 54 30
15.890000 54 30
15.960000 54 30
16.030000 58 35
16.100000 58 35
16.170000 58 35
16.240000 58 35
16.310000 49 33
16.380000 49 33
16.450000 49 33
16.520000 49 33
16.590000 0 0
16.660000 42 46
16.730000 42 46
16.800000 42 46
16.870000 42 46
16.940000 0 0
17.010000 53 30
17.080000 53 30
17.150000 53 30
17.220000 53 30
17.290000 56 43
17.360000 56 43
17.430000 56 43
17.500000 56 43
17.570000 54 37
17.640000 54 37
17.710000 54 37
17.780000 54 37
17.850000 58 46
17.920000 58 46
17.990000 58 46
18.060000 58 46
18.130000 0 0
18.200000 49 41
18.270000 49 41
18.340000 49 41
18.410000 49 41
18.480000 39 53
18.550000 39 53
18.620000 39 53
18.690000 39 53
18.760000 57 39
18.830000 57 39
18.900000 57 39
18.970000 57 39
19.040000 0 0
19.110000 60 46
19.180000 60 46
19.250000 60 46
19.320000 60 46
19.390000 58 38
19.460000 58 38
19.530000 58 38
19.600000 58 38
19.670000 63 43
19.740000 63 43
19.810000 63 43
19.880000 63 43
19.950000 54 34
20.020000 54 34
20.090000 54 34
20.160000 54 34
20.230000 0 0
20.300000 44 42
20.370000 44 42
20.440000 44 42
20.510000 44 42
20.580000 55 28
20.650000 55 28
20.720000 55 28
20.790000 55 28
20.860000 58 33
20.930000 58 33
21.000000 58 33
21.070000 58 33
21.140000 56 28
21.210000 56 28
21.280000 56 28
21.350000 56 28
21.420000 0 0
21.490000 61 31
21.560000 61 31
21.630000 61 31
21.700000 61 31
21.770000 53 27
21.840000 53 27
21.910000 53 27
21.980000 0 0
22.050000 0 0
22.120000 0 0
22.190000 44 39
22.260000 44 39
22.330000 44 39
22.400000 44 39
22.470000 55 26
22.540000 55 26
22.610000 55 26
22.680000 55 26
22.750000 0 0
22.820000 58 29
22.890000 58 29
22.960000 58 29
23.030000 58 29
23.100000 56 26
23.170000 56 26
23.240000 56 26
23.310000 56 26
23.380000 60 29
23.450000 60 29
23.520000 60 29
23.590000 60 29
23.660000 51 25
23.730000 51 25
23.800000 51 25
23.870000 51 25
23.940000 0 0
24.010000 49 36
24.080000 49 36
24.150000 49 36
24.220000 49 36
24.290000 0 0
24.360000 55 26
24.430000 55 26
24.500000 55 26
24.570000 55 26
24.640000 58 29
24.710000 58 29
24.780000 58 29
24.850000 58 29
24.920000 56 26
24.990000 56 26
25.060000 56 26
25.130000 56 26
25.200000 61 29
25.270000 61 29
25.340000 61 29
25.410000 61 29
25.480000 0 0
25.550000 53 25
25.620000 53 25
25.690000 53 25
25.760000 53 25
25.830000 56 33
25.900000 56 33
25.970000 56 33
26.040000 56 33
26.110000 0 0
26.180000 54 26
26.250000 54 26
26.320000 54 26
26.390000 54 26
26.460000 59 30
26.530000 59 30
26.600000 59 30
26.670000 59 30
26.740000 51 27
26.810000 51 27
26.880000 51 27
26.950000 51 27
27.020000 0 0
27.090000 54 31
27.160000 54 31
27.230000 54 31
27.300000 54 31
27.370000 53 27
27.440000 53 27
27.510000 53 27
27.580000 53 27
27.650000 58 30
27.720000 58 30
27.790000 58 30
27.860000 58 30
27.930000 0 0
28.000000 49 28
28.070000 49 28
28.140000 49 28
28.210000 49 28
28.280000 58 31
28.350000 58 31
28.420000 58 31
28.490000 58 31
28.560000 0 0
28.630000 47 28
28.700000 47 28
28.770000 47 28
28.840000 47 28
28.910000 0 0
28.980000 58 33
29.050000 58 33
29.120000 58 33
29.190000 58 33
29.260000 0 0
29.330000 56 28
29.400000 56 28
29.470000 56 28
29.540000 0 0
29.610000 42 39
29.680000 42 39
29.750000 42 39
29.820000 42 39
29.890000 0 0
29.960000 53 21
30.030000 53 21
30.100000 53 21
30.170000 53 21
30.240000 0 0
30.310000 56 27
30.380000 56 27
30.450000 56 27
30.520000 56 27
30.590000 54 26
30.660000 54 26
30.730000 54 26
30.800000 54 26
30.870000 58 29
30.940000 58 29
31.010000 58 29
31.080000 58 29
31.150000 49 25
31.220000 49 25
31.290000 49 25
31.360000 49 25
31.430000 0 0
31.500000 42 39
31.570000 42 39
31.640000 42 39
31.710000 42 39
31.780000 53 23
31.850000 53 23
31.920000 53 23
31.990000 53 23
32.060000 0 0
32.130000 56 27
32.200000 56 27
32.270000 56 27
32.340000 56 27
32.410000 54 26
32.480000 54 26
32.550000 54 26
32.620000 54 26
32.690000 58 31
32.760000 58 31
32.830000 58 31
32.900000 58 31
32.970000 49 28
33.040000 49 28
33.110000 49 28
33.180000 49 28
33.250000 0 0
33.320000 42 39
33.390000 42 39
33.460000 42 39
33.530000 42 39
33.600000 53 25
33.670000 53 25
33.740000 53 25
33.810000 53 25
33.880000 0 0
33.950000 56 28
34.020000 56 28
34.090000 56 28
34.160000 56 28
34.230000 54 25
34.300000 54 25
34.370000 54 25
34.440000 54 25
34.510000 58 33
34.580000 58 33
34.650000 58 33
34.720000 58 33
34.790000 49 29
34.860000 49 29
34.930000 49 29
35.000000 49 29
35.070000 0 0
35.140000 37 39
35.210000 37 39
35.280000 37 39
35.350000 37 39
35.420000 55 25
35.490000 55 25
35.560000 55 25
35.630000 55 25
35.700000 0 0
35.770000 58 28
35.840000 58 28
35.910000 58 28
35.980000 58 28
36.050000 56 25
36.120000 56 25
36.190000 56 25
36.260000 56 25
36.330000 59 28
36.400000 59 28
36.470000 59 28
36.540000 59 28
36.610000 0 0
36.680000 49 25
36.750000 49 25
36.820000 49 25
36.890000 49 25
36.960000 0 0
37.030000 42 39
37.100000 42 39
37.170000 42 39
37.240000 42 39
37.310000 53 25
37.380000 53 25
37.450000 53 25
37.520000 53 25
37.590000 0 0
37.660000 56 28
37.730000 56 28
37.800000 56 28
37.870000 56 28
37.940000 54 26
38.010000 54 26
38.080000 54 26
38.150000 54 26
38.220000 58 28
38.290000 58 28
38.360000 58 28
38.430000 58 28
38.500000 0 0
38.570000 49 26
38.640000 49 26
38.710000 49 26
38.780000 49 26
38.850000 42 39
38.920000 42 39
38.990000 42 39
39.060000 42 39
39.130000 0 0
39.200000 53 32
39.270000 53 32
39.340000 53 32
39.410000 53 32
39.480000 56 36
39.550000 56 36
39.620000 56 36
39.690000 56 36
39.760000 0 0
39.830000 54 30
39.900000 54 30
39.970000 54 30
40.040000 54 30
40.110000 58 35
40.180000 58 35
40.250000 58 35
40.320000 58 35
40.390000 49 31
40.460000 49 31
40.530000 49 31
40.600000 49 31
40.670000 0 0
40.740000 42 39
40.810000 42 39
40.880000 42 39
40.950000 42 39
41.020000 53 32
41.090000 53 32
41.160000 53 32
41.230000 53 32
41.300000 56 36
41.370000 56 36
41.440000 56 36
41.510000 56 36
41.580000 0 0
41.650000 54 31
41.720000 54 31
41.790000 54 31
41.860000 54 31
41.930000 58 36
42.000000 58 36
42.070000 58 36
42.140000 58 36
42.210000 49 31
42.280000 49 31
42.350000 49 31
42.420000 49 31
42.490000 0 0
42.560000 37 39
42.630000 37 39
42.700000 37 39
42.770000 37 39
42.840000 55 30
42.910000 55 30
42.980000 55 30
43.050000 55 30
43.120000 0 0
43.190000 58 34
43.260000 58 34
43.330000 58 34
43.400000 58 34
43.470000 56 28
43.540000 56 28
43.610000 56 28
43.680000 56 28
43.750000 59 34
43.820000 59 34
43.890000 59 34
43.960000 59 34
44.030000 49 31
44.100000 49 31
44.170000 49 31
44.240000 49 31
44.310000 0 0
44.380000 42 39
44.450000 42 39
44.520000 42 39
44.590000 42 39
44.660000 0 0
44.730000 53 26
44.800000 53 26
44.870000 53 26
44.940000 53 26
45.010000 56 31
45.080000 56 31
45.150000 56 31
45.220000 56 31
45.290000 54 30
45.360000 54 30
45.430000 54 30
45.500000 54 30
45.570000 0 0
45.640000 58 35
45.710000 58 35
45.780000 58 35
45.850000 58 35
45.920000 49 33
45.990000 49 33
46.060000 49 33
46.130000 49 33
46.200000 42 46
46.270000 42 46
46.340000 42 46
46.410000 42 46
46.480000 0 0
46.550000 53 30
46.620000 53 30
46.690000 53 30
46.760000 53 30
46.830000 56 40
46.900000 56 40
46.970000 56 40
47.040000 56 40
47.110000 0 0
47.180000 54 35
47.250000 54 35
47.320000 54 35
47.390000 54 35
47.460000 58 42
47.530000 58 42
47.600000 58 42
47.670000 58 42
47.740000 49 37
47.810000 49 37
47.880000 49 37
47.950000 49 37
48.020000 42 47
48.090000 42 47
48.160000 42 47
48.230000 42 47
48.300000 0 0
48.370000 53 34
48.440000 53 34
48.510000 53 34
48.580000 53 34
48.650000 56 45
48.720000 56 45
48.790000 56 45
48.860000 56 45
48.930000 54 37
49.000000 54 37
49.070000 54 37
49.140000 54 37
49.210000 58 44
49.280000 58 44
49.350000 58 44
49.420000 58 44
49.490000 0 0
49.560000 49 29
49.630000 49 29
49.700000 49 29
49.770000 49 29
49.840000 42 51
49.910000 42 51
49.980000 42 51
50.050000 42 51
50.120000 0 0
50.190000 53 38
50.260000 53 38
50.330000 53 38
50.400000 53 38
50.470000 56 46
50.540000 56 46
50.610000 56 46
50.680000 56 46
50.750000 54 37
50.820000 54 37
50.890000 54 37
50.960000 54 37
51.030000 58 44
51.100000 58 44
51.170000 58 44
51.240000 58 44
51.310000 49 34
51.380000 49 34
51.450000 49 34
51.520000 49 34
51.590000 0 0
51.660000 47 39
51.730000 47 39
51.800000 47 39
51.870000 47 39
51.940000 0 0
52.010000 54 29
52.080000 54 29
52.150000 54 29
52.220000 54 29
52.290000 56 34
52.360000 56 34
52.430000 56 34
52.500000 56 34
52.570000 55 29
52.640000 55 29
52.710000 55 29
52.780000 55 29
52.850000 58 29
52.920000 58 29
52.990000 58 29
53.060000 58 29
53.130000 0 0
53.200000 49 25
53.270000 49 25
53.340000 49 25
53.410000 49 25
53.480000 47 36
53.550000 47 36
53.620000 47 36
53.690000 47 36
53.760000 0 0
53.830000 55 26
53.900000 55 26
53.970000 55 26
54.040000 55 26
54.110000 58 29
54.180000 58 29
54.250000 58 29
54.320000 58 29
54.390000 0 0
54.460000 56 26
54.530000 56 26
54.600000 56 26
54.670000 56 26
54.740000 59 29
54.810000 59 29
54.880000 59 29
54.950000 59 29
55.020000 51 25
55.090000 51 25
55.160000 51 25
55.230000 51 25
55.300000 0 0
55.370000 39 41
55.440000 39 41
55.510000 39 41
55.580000 39 41
55.650000 50 30
55.720000 50 30
55.790000 50 30
55.860000 50 30
55.930000 52 38
56.000000 52 38
56.070000 52 38
56.140000 52 38
56.210000 0 0
56.280000 51 30
56.350000 51 30
56.420000 51 30
56.490000 51 30
56.560000 55 36
56.630000 55 36
56.700000 55 36
56.770000 55 36
56.840000 46 29
56.910000 46 29
56.980000 46 29
57.050000 46 29
57.120000 44 38
57.190000 44 38
57.260000 44 38
57.330000 44 38
57.400000 0 0
57.470000 50 33
57.540000 50 33
57.610000 50 33
57.680000 50 33
57.750000 52 37
57.820000 52 37
57.890000 52 37
57.960000 52 37
58.030000 51 29
58.100000 51 29
58.170000 51 29
58.240000 51 29
58.310000 56 34
58.380000 56 34
58.450000 56 34
58.520000 56 34
58.590000 0 0
58.660000 44 28
58.730000 44 28
58.800000 44 28
58.870000 44 28
58.940000 37 39
59.010000 37 39
59.080000 37 39
59.150000 37 39
59.220000 0 0
59.290000 48 26
59.360000 48 26
59.430000 48 26
59.500000 48 26
59.570000 51 29
59.640000 51 29
59.710000 51 29
59.780000 51 29
59.850000 49 26
59.920000 49 26
59.990000 49 26
60.060000 49 26
60.130000 0 0
60.200000 53 29
60.270000 53 29
60.340000 53 29
60.410000 53 29
60.480000 44 25
60.550000 44 25
60.620000 44 25
60.690000 44 25
60.760000 0 0
60.830000 37 36
60.900000 37 36
60.970000 37 36
61.040000 37 36
61.110000 48 26
61.180000 48 26
61.250000 48 26
61.320000 48 26
61.390000 0 0
61.460000 51 29
61.530000 51 29
61.600000 51 29
61.670000 51 29
61.740000 49 26
61.810000 49 26
61.880000 49 26
61.950000 49 26
62.020000 53 29
62.090000 53 29
62.160000 53 29
62.230000 53 29
62.300000 44 25
62.370000 44 25
62.440000 44 25
62.510000 44 25
62.580000 0 0
62.650000 42 36
62.720000 42 36
62.790000 42 36
62.860000 42 36
62.930000 0 0
63.000000 48 26
63.070000 48 26
63.140000 48 26
63.210000 48 26
63.280000 51 29
63.350000 51 29
63.420000 51 29
63.490000 51 29
63.560000 49 26
63.630000 49 26
63.700000 49 26
63.770000 49 26
63.840000 54 29
63.910000 54 29
63.980000 54 29
64.050000 54 29
64.120000 0 0
64.190000 42 25
64.260000 42 25
64.330000 42 25
64.400000 42 25
64.470000 0 0
64.540000 35 34
64.610000 35 34
64.680000 35 34
64.750000 35 34
64.820000 53 29
64.890000 53 29
64.960000 53 29
65.030000 53 29
65.100000 56 33
65.170000 56 33
65.240000 56 33
65.310000 56 33
65.380000 54 26
65.450000 54 26
65.520000 54 26
65.590000 54 26
65.660000 0 0
65.730000 59 29
65.800000 59 29
65.870000 59 29
65.940000 59 29
66.010000 47 25
66.080000 47 25
66.150000 47 25
66.220000 47 25
66.290000 37 35
66.360000 37 35
66.430000 37 35
66.500000 37 35
66.570000 0 0
66.640000 48 23
66.710000 48 23
66.780000 48 23
66.850000 48 23
66.920000 0 0
66.990000 51 25
67.060000 51 25
67.130000 51 25
67.200000 51 25
67.270000 49 22
67.340000 49 22
67.410000 49 22
67.480000 49 22
67.550000 53 24
67.620000 53 24
67.690000 53 24
67.760000 53 24
67.830000 0 0
67.900000 44 20
67.970000 44 20
68.040000 44 20
68.110000 44 20
68.180000 37 29
68.250000 37 29
68.320000 37 29
68.390000 37 29
68.460000 0 0
68.530000 48 20
68.600000 48 20
68.670000 48 20
68.740000 48 20
68.810000 51 23
68.880000 51 23
68.950000 51 23
69.020000 51 23
69.090000 0 0
69.160000 49 19
69.230000 49 19
69.300000 49 19
69.370000 49 19
69.440000 53 23
69.510000 53 23
69.580000 53 23
69.650000 53 23
69.720000 0 0
69.790000 44 18
69.860000 44 18
69.930000 44 18
70.000000 44 18
70.070000 42 26
70.140000 42 26
70.210000 42 26
70.280000 42 26
70.350000 0 0
70.420000 48 19
70.490000 48 19
70.560000 48 19
70.630000 48 19
70.700000 0 0
70.770000 51 22
70.840000 51 22
70.910000 51 22
70.980000 51 22
71.050000 49 19
71.120000 49 19
71.190000 49 19
71.260000 49 19
71.330000 0 0
71.400000 54 22
71.470000 54 22
71.540000 54 22
71.610000 54 22
71.680000 37 18
71.750000 37 18
71.820000 37 18
71.890000 37 18
71.960000 0 0
72.030000 42 26
72.100000 42 26
72.170000 42 26
72.240000 42 26
72.310000 42 26
72.380000 48 19
72.450000 48 19
72.520000 48 19
72.590000 48 19
72.660000 51 22
72.730000 51 22
72.800000 51 22
72.870000 51 22
72.940000 0 0
73.010000 49 19
73.080000 49 19
73.150000 49 19
73.220000 49 19
73.290000 54 22
73.360000 54 22
73.430000 54 22
73.500000 54 22
73.570000 0 0
73.640000 41 18
73.710000 41 18
73.780000 41 18
73.850000 41 18
73.920000 41 18
73.990000 39 31
74.060000 39 31
74.130000 39 31
74.200000 39 31
74.270000 39 31
74.340000 0 0
74.410000 51 20
74.480000 51 20
74.550000 51 20
74.620000 51 20
74.690000 51 20
74.760000 51 22
74.830000 51 22
74.900000 51 22
74.970000 51 22
75.040000 51 22
75.110000 0 0
75.180000 51 23
75.250000 51 23
75.320000 51 23
75.390000 51 23
75.460000 51 23
75.530000 51 26
75.600000 51 26
75.670000 51 26
75.740000 51 26
75.810000 51 26
75.880000 51 23
75.950000 51 23
76.020000 51 23
76.090000 51 23
76.160000 51 23
76.230000 0 0
76.300000 51 24
76.370000 51 24
76.440000 51 24
76.510000 51 24
76.580000 51 24
76.650000 0 0
76.720000 51 24
76.790000 51 24
76.860000 51 24
76.930000 51 24
77.000000 51 24
77.070000 51 23
77.140000 51 23
77.210000 51 23
77.280000 51 23
77.350000 51 23
77.420000 0 0
77.490000 51 22
77.560000 51 22
77.630000 51 22
77.700000 51 22
77.770000 51 22
77.840000 44 22
77.910000 44 22
77.980000 44 22
78.050000 44 22
78.120000 44 22
78.190000 0 0
78.260000 44 22
78.330000 44 22
78.400000 44 22
78.470000 44 22
78.540000 44 22
78.610000 0 0
78.680000 37 30
78.750000 37 30
78.820000 37 30
78.890000 37 30
78.960000 37 30
79.030000 56 27
79.100000 56 27
79.170000 56 27
79.240000 56 27
79.310000 56 27
79.380000 0 0
79.450000 49 33
79.520000 49 33
79.590000 49 33
79.660000 49 33
79.730000 49 33
79.800000 51 31
79.870000 51 31
79.940000 51 31
80.010000 51 31
80.080000 51 31
80.150000 49 28
80.220000 49 28
80.290000 49 28
80.360000 49 28
80.430000 49 28
80.500000 0 0
80.570000 44 28
80.640000 44 28
80.710000 44 28
80.780000 44 28
80.850000 0 0
80.920000 49 28
80.990000 49 28
81.060000 49 28
81.130000 49 28
81.200000 49 28
81.270000 51 28
81.340000 51 28
81.410000 51 28
81.480000 51 28
81.550000 51 28
81.620000 49 28
81.690000 49 28
81.760000 49 28
81.830000 49 28
81.900000 49 28
81.970000 0 0
82.040000 54 28
82.110000 54 28
82.180000 54 28
82.250000 54 28
82.320000 54 28
82.390000 53 28
82.460000 53 28
82.530000 53 28
82.600000 53 28
82.670000 53 28
82.740000 0 0
82.810000 44 28
82.880000 44 28
82.950000 44 28
83.020000 44 28
83.090000 44 28
83.160000 37 31
83.230000 37 31
83.300000 37 31
83.370000 37 31
83.440000 37 31
83.510000 0 0
83.580000 49 20
83.650000 49 20
83.720000 49 20
83.790000 49 20
83.860000 49 20
83.930000 0 0
84.000000 49 22
84.070000 49 22
84.140000 49 22
84.210000 49 22
84.280000 49 22
84.350000 49 23
84.420000 49 23
84.490000 49 23
84.560000 49 23
84.630000 49 23
84.700000 49 26
84.770000 49 26
84.840000 49 26
84.910000 49 26
84.980000 49 26
85.050000 0 0
85.120000 49 23
85.190000 49 23
85.260000 49 23
85.330000 49 23
85.400000 49 23
85.470000 0 0
85.540000 49 24
85.610000 49 24
85.680000 49 24
85.750000 49 24
85.820000 49 24
85.890000 49 24
85.960000 49 24
86.030000 49 24
86.100000 49 24
86.170000 49 24
86.240000 0 0
86.310000 49 23
86.380000 49 23
86.450000 49 23
86.520000 49 23
86.590000 49 23
86.660000 49 22
86.730000 49 22
86.800000 49 22
86.870000 49 22
86.940000 49 22
87.010000 0 0
87.080000 42 22
87.150000 42 22
87.220000 42 22
87.290000 42 22
87.360000 42 22
87.430000 42 22
87.500000 42 22
87.570000 42 22
87.640000 42 22
87.710000 42 22
87.780000 0 0
87.850000 35 30
87.920000 35 30
87.990000 35 30
88.060000 35 30
88.130000 35 30
88.200000 0 0
88.270000 54 27
88.340000 54 27
88.410000 54 27
88.480000 54 27
88.550000 54 27
88.620000 47 33
88.690000 47 33
88.760000 47 33
88.830000 47 33
88.900000 47 33
88.970000 49 31
89.040000 49 31
89.110000 49 31
89.180000 49 31
89.250000 49 31
89.320000 0 0
89.390000 47 28
89.460000 47 28
89.530000 47 28
89.600000 47 28
89.670000 0 0
89.740000 42 28
89.810000 42 28
89.880000 42 28
89.950000 42 28
90.020000 0 0
90.090000 47 28
90.160000 47 28
90.230000 47 28
90.300000 47 28
90.370000 47 28
90.440000 0 0
90.510000 49 28
90.580000 49 28
90.650000 49 28
90.720000 49 28
90.790000 49 28
90.860000 47 28
90.930000 47 28
91.000000 47 28
91.070000 47 28
91.140000 47 28
91.210000 42 28
91.280000 42 28
91.350000 42 28
91.420000 42 28
91.490000 42 28
91.560000 0 0
91.630000 47 28
91.700000 47 28
91.770000 47 28
91.840000 47 28
91.910000 47 28
91.980000 0 0
92.050000 49 28
92.120000 49 28
92.190000 49 28
92.260000 49 28
92.330000 49 28
92.400000 51 22
92.470000 51 22
92.540000 51 22
92.610000 51 22
92.680000 0 0
92.750000 54 27
92.820000 54 27
92.890000 54 27
92.960000 54 27
93.030000 54 27
93.100000 0 0
93.170000 51 26
93.240000 51 26
93.310000 51 26
93.380000 51 26
93.450000 51 26
93.520000 51 25
93.590000 51 25
93.660000 51 25
93.730000 51 25
93.800000 0 0
93.870000 49 22
93.940000 49 22
94.010000 49 22
94.080000 49 22
94.150000 0 0
94.220000 49 22
94.290000 49 22
94.360000 49 22
94.430000 49 22
94.500000 0 0
94.570000 47 22
94.640000 47 22
94.710000 47 22
94.780000 47 22
94.850000 0 0
94.920000 0 0
94.990000 54 27
95.060000 54 27
95.130000 54 27
95.200000 54 27
95.270000 54 27
95.340000 47 26
95.410000 47 26
95.480000 47 26
95.550000 47 26
95.620000 47 26
95.690000 47 25
95.760000 47 25
95.830000 47 25
95.900000 47 25
95.970000 0 0
96.040000 0 0
96.110000 49 22
96.180000 49 22
96.250000 49 22
96.320000 49 22
96.390000 0 0
96.460000 49 22
96.530000 49 22
96.600000 49 22
96.670000 49 22
96.740000 0 0
96.810000 51 22
96.880000 51 22
96.950000 51 22
97.020000 51 22
97.090000 0 0
97.160000 54 27
97.230000 54 27
97.300000 54 27
97.370000 54 27
97.440000 54 27
97.510000 0 0
97.580000 47 26
97.650000 47 26
97.720000 47 26
97.790000 47 26
97.860000 47 26
97.930000 47 25
98.000000 47 25
98.070000 47 25
98.140000 47 25
98.210000 47 25
98.280000 47 29
98.350000 47 29
98.420000 47 29
98.490000 47 29
98.560000 0 0
98.630000 47 24
98.700000 47 24
98.770000 47 24
98.840000 47 24
98.910000 0 0
98.980000 0 0
99.050000 47 22
99.120000 47 22
99.190000 47 22
99.260000 47 22
99.330000 0 0
99.400000 54 27
99.470000 54 27
99.540000 54 27
99.610000 54 27
99.680000 54 27
99.750000 47 26
99.820000 47 26
99.890000 47 26
99.960000 47 26
100.030000 47 26
100.100000 0 0
100.170000 47 27
100.240000 47 27
100.310000 47 27
100.380000 47 27
100.450000 47 27
100.520000 46 28
100.590000 46 28
100.660000 46 28
100.730000 46 28
100.800000 46 28
100.870000 0 0
100.940000 49 29
101.010000 49 29
101.080000 49 29
101.150000 49 29
101.220000 0 0
101.290000 51 22
101.360000 51 22
101.430000 51 22
101.500000 51 22
101.570000 51 22
101.640000 54 27
101.710000 54 27
101.780000 54 27
101.850000 54 27
101.920000 54 27
101.990000 0 0
102.060000 51 26
102.130000 51 26
102.200000 51 26
102.270000 51 26
102.340000 51 26
102.410000 0 0
102.480000 51 25
102.550000 51 25
102.620000 51 25
102.690000 51 25
102.760000 51 25
102.830000 44 24
102.900000 44 24
102.970000 44 24
103.040000 44 24
103.110000 44 24
103.180000 44 24
103.250000 44 24
103.320000 44 24
103.390000 44 24
103.460000 44 24
103.530000 0 0
103.600000 49 33
103.670000 49 33
103.740000 49 33
103.810000 49 33
103.880000 49 33
103.950000 56 34
104.020000 56 34
104.090000 56 34
104.160000 56 34
104.230000 56 34
104.300000 0 0
104.370000 49 31
104.440000 49 31
104.510000 49 31
104.580000 49 31
104.650000 49 31
104.720000 0 0
104.790000 49 27
104.860000 49 27
104.930000 49 27
105.000000 49 27
105.070000 49 27
105.140000 49 30
105.210000 49 30
105.280000 49 30
105.350000 49 30
105.420000 49 30
105.490000 0 0
105.560000 49 27
105.630000 49 27
105.700000 49 27
105.770000 49 27
105.840000 49 27
105.910000 49 22
105.980000 49 22
106.050000 49 22
106.120000 49 22
106.190000 49 22
106.260000 0 0
106.330000 49 27
106.400000 49 27
106.470000 49 27
106.540000 49 27
106.610000 49 27
106.680000 0 0
106.750000 42 23
106.820000 42 23
106.890000 42 23
106.960000 42 23
107.030000 42 23
107.100000 42 22
107.170000 42 22
107.240000 42 22
107.310000 42 22
107.380000 42 22
107.450000 0 0
107.520000 42 21
107.590000 42 21
107.660000 42 21
107.730000 42 21
107.800000 42 21
107.870000 42 21
107.940000 42 21
108.010000 42 21
108.080000 42 21
108.150000 42 21
108.220000 0 0
108.290000 42 34
108.360000 42 34
108.430000 42 34
108.500000 42 34
108.570000 42 34
108.640000 0 0
108.710000 41 29
108.780000 41 29
108.850000 41 29
108.920000 41 29
108.990000 41 29
109.060000 44 32
109.130000 44 32
109.200000 44 32
109.270000 44 32
109.340000 44 32
109.410000 42 29
109.480000 42 29
109.550000 42 29
109.620000 42 29
109.690000 42 29
109.760000 46 32
109.830000 46 32
109.900000 46 32
109.970000 46 32
110.040000 46 32
110.110000 37 29
110.180000 37 29
110.250000 37 29
110.320000 37 29
110.390000 37 29
110.460000 0 0
110.530000 30 39
110.600000 30 39
110.670000 30 39
110.740000 30 39
110.810000 0 0
110.880000 53 26
110.950000 53 26
111.020000 53 26
111.090000 53 26
111.160000 56 31
111.230000 56 31
111.300000 56 31
111.370000 56 31
111.440000 54 30
111.510000 54 30
111.580000 54 30
111.650000 54 30
111.720000 0 0
111.790000 58 35
111.860000 58 35
111.930000 58 35
112.000000 58 35
112.070000 49 33
112.140000 49 33
112.210000 49 33
112.280000 49 33
112.350000 0 0
112.420000 42 46
112.490000 42 46
112.560000 42 46
112.630000 42 46
112.700000 53 30
112.770000 53 30
112.840000 53 30
112.910000 53 30
112.980000 56 40
113.050000 56 40
113.120000 56 40
113.190000 56 40
113.260000 0 0
113.330000 54 35
113.400000 54 35
113.470000 54 35
113.540000 54 35
113.610000 58 42
113.680000 58 42
113.750000 58 42
113.820000 58 42
113.890000 49 37
113.960000 49 37
114.030000 49 37
114.100000 49 37
114.170000 0 0
114.240000 42 47
114.310000 42 47
114.380000 42 47
114.450000 42 47
114.520000 53 34
114.590000 53 34
114.660000 53 34
114.730000 53 34
114.800000 56 45
114.870000 56 45
114.940000 56 45
115.010000 56 45
115.080000 54 37
115.150000 54 37
115.220000 54 37
115.290000 54 37
115.360000 0 0
115.430000 58 44
115.500000 58 44
115.570000 58 44
115.640000 58 44
115.710000 49 29
115.780000 49 29
115.850000 49 29
115.920000 49 29
115.990000 42 48
116.060000 42 48
116.130000 42 48
116.200000 42 48
116.270000 0 0
116.340000 53 33
116.410000 53 33
116.480000 53 33
116.550000 53 33
116.620000 56 39
116.690000 56 39
116.760000 56 39
116.830000 56 39
116.900000 54 34
116.970000 54 34
117.040000 54 34
117.110000 54 34
117.180000 58 38
117.250000 58 38
117.320000 58 38
117.390000 58 38
117.460000 0 0
117.530000 49 34
117.600000 49 34
117.670000 49 34
117.740000 49 34
117.810000 47 44
117.880000 47 44
117.950000 47 44
118.020000 47 44
118.090000 0 0
118.160000 53 29
118.230000 53 29
118.300000 53 29
118.370000 53 29
118.440000 56 33
118.510000 56 33
118.580000 56 33
118.650000 56 33
118.720000 54 29
118.790000 54 29
118.860000 54 29
118.930000 54 29
119.000000 58 32
119.070000 58 32
119.140000 58 32
119.210000 58 32
119.280000 0 0
119.350000 49 27
119.420000 49 27
119.490000 49 27
119.560000 49 27
119.630000 47 39
119.700000 47 39
119.770000 47 39
119.840000 47 39
119.910000 0 0
119.980000 53 28
120.050000 53 28
120.120000 53 28
120.190000 53 28
120.260000 56 31
120.330000 56 31
120.400000 56 31
120.470000 56 31
120.540000 0 0
120.610000 54 28
120.680000 54 28
120.750000 54 28
120.820000 54 28
120.890000 59 31
120.960000 59 31
121.030000 59 31
121.100000 59 31
121.170000 47 26
121.240000 47 26
121.310000 47 26
121.380000 47 26
121.450000 0 0
121.520000 39 41
121.590000 39 41
121.660000 39 41
121.730000 39 41
121.800000 50 30
121.870000 50 30
121.940000 50 30
122.010000 50 30
122.080000 0 0
122.150000 52 38
122.220000 52 38
122.290000 52 38
122.360000 52 38
122.430000 51 30
122.500000 51 30
122.570000 51 30
122.640000 51 30
122.710000 55 36
122.780000 55 36
122.850000 55 36
122.920000 55 36
122.990000 46 29
123.060000 46 29
123.130000 46 29
123.200000 46 29
123.270000 0 0
123.340000 44 38
123.410000 44 38
123.480000 44 38
123.550000 44 38
123.620000 50 33
123.690000 50 33
123.760000 50 33
123.830000 50 33
123.900000 52 37
123.970000 52 37
124.040000 52 37
124.110000 52 37
124.180000 51 29
124.250000 51 29
124.320000 51 29
124.390000 51 29
124.460000 0 0
124.530000 56 34
124.600000 56 34
124.670000 56 34
124.740000 56 34
124.810000 44 28
124.880000 44 28
124.950000 44 28
125.020000 44 28
125.090000 37 39
125.160000 37 39
125.230000 37 39
125.300000 37 39
125.370000 48 26
125.440000 48 26
125.510000 48 26
125.580000 48 26
125.650000 0 0
125.720000 51 29
125.790000 51 29
125.860000 51 29
125.930000 51 29
126.000000 49 26
126.070000 49 26
126.140000 49 26
126.210000 49 26
126.280000 53 29
126.350000 53 29
126.420000 53 29
126.490000 53 29
126.560000 0 0
126.630000 44 25
126.700000 44 25
126.770000 44 25
126.840000 44 25
126.910000 37 36
126.980000 37 36
127.050000 37 36
127.120000 37 36
127.190000 0 0
127.260000 48 26
127.330000 48 26
127.400000 48 26
127.470000 48 26
127.540000 51 29
127.610000 51 29
127.680000 51 29
127.750000 51 29
127.820000 49 26
127.890000 49 26
127.960000 49 26
128.030000 49 26
128.100000 0 0
128.170000 53 29
128.240000 53 29
128.310000 53 29
128.380000 53 29
128.450000 44 25
128.520000 44 25
128.590000 44 25
128.660000 44 25
128.730000 0 0
128.800000 42 36
128.870000 42 36
128.940000 42 36
129.010000 42 36
129.080000 48 26
129.150000 48 26
129.220000 48 26
129.290000 48 26
129.360000 51 29
129.430000 51 29
129.500000 51 29
129.570000 51 29
129.640000 49 26
129.710000 49 26
129.780000 49 26
129.850000 49 26
129.920000 0 0
129.990000 54 29
130.060000 54 29
130.130000 54 29
130.200000 54 29
130.270000 42 25
130.340000 42 25
130.410000 42 25
130.480000 42 25
130.550000 35 34
130.620000 35 34
130.690000 35 34
130.760000 35 34
130.830000 0 0
130.900000 50 29
130.970000 50 29
131.040000 50 29
131.110000 50 29
131.180000 53 33
131.250000 53 33
131.320000 53 33
131.390000 53 33
131.460000 51 26
131.530000 51 26
131.600000 51 26
131.670000 51 26
131.740000 59 29
131.810000 59 29
131.880000 59 29
131.950000 59 29
132.020000 44 25
132.090000 44 25
132.160000 44 25
132.230000 44 25
132.300000 0 0
132.370000 37 35
132.440000 37 35
132.510000 37 35
132.580000 37 35
132.650000 48 23
132.720000 48 23
132.790000 48 23
132.860000 48 23
132.930000 0 0
133.000000 51 25
133.070000 51 25
133.140000 51 25
133.210000 51 25
133.280000 49 22
133.350000 49 22
133.420000 49 22
133.490000 49 22
133.560000 53 24
133.630000 53 24
133.700000 53 24
133.770000 53 24
133.840000 0 0
133.910000 44 20
133.980000 44 20
134.050000 44 20
134.120000 44 20
134.190000 37 29
134.260000 37 29
134.330000 37 29
134.400000 37 29
134.470000 0 0
134.540000 48 20
134.610000 48 20
134.680000 48 20
134.750000 48 20
134.820000 0 0
134.890000 51 23
134.960000 51 23
135.030000 51 23
135.100000 51 23
135.170000 49 19
135.240000 49 19
135.310000 49 19
135.380000 49 19
135.450000 0 0
135.520000 56 23
135.590000 56 23
135.660000 56 23
135.730000 56 23
135.800000 37 18
135.870000 37 18
135.940000 37 18
136.010000 37 18
136.080000 0 0
136.150000 30 26
136.220000 30 26
136.290000 30 26
136.360000 30 26
136.430000 48 19
136.500000 48 19
136.570000 48 19
136.640000 48 19
136.710000 0 0
136.780000 51 22
136.850000 51 22
136.920000 51 22
136.990000 51 22
137.060000 49 19
137.130000 49 19
137.200000 49 19
137.270000 49 19
137.340000 54 22
137.410000 54 22
137.480000 54 22
137.550000 54 22
137.620000 0 0
137.690000 37 18
137.760000 37 18
137.830000 37 18
137.900000 37 18
137.970000 42 26
138.040000 42 26
138.110000 42 26
138.180000 42 26
138.250000 0 0
138.320000 48 19
138.390000 48 19
138.460000 48 19
138.530000 48 19
138.600000 0 0
138.670000 51 22
138.740000 51 22
138.810000 51 22
138.880000 51 22
138.950000 49 19
139.020000 49 19
139.090000 49 19
139.160000 49 19
139.230000 0 0
139.300000 54 22
139.370000 54 22
139.440000 54 22
139.510000 54 22
139.580000 37 18
139.650000 37 18
139.720000 37 18
139.790000 37 18
139.860000 0 0
139.930000 30 33
140.000000 30 33
140.070000 30 33
140.140000 30 33
140.210000 30 33
140.280000 42 25
140.350000 42 25
140.420000 42 25
140.490000 42 25
140.560000 0 0
140.630000 0 0
140.700000 42 27
140.770000 42 27
140.840000 42 27
140.910000 42 27
140.980000 0 0
141.050000 42 28
141.120000 42 28
141.190000 42 28
141.260000 42 28
141.330000 0 0
141.400000 42 30
141.470000 42 30
141.540000 42 30
141.610000 42 30
141.680000 0 0
141.750000 42 26
141.820000 42 26
141.890000 42 26
141.960000 42 26
142.030000 42 26
142.100000 0 0
142.170000 42 26
142.240000 42 26
142.310000 42 26
142.380000 42 26
142.450000 42 26
142.520000 42 26
142.590000 42 26
142.660000 42 26
142.730000 42 26
142.800000 42 26
142.870000 42 25
142.940000 42 25
143.010000 42 25
143.080000 42 25
143.150000 42 25
143.220000 0 0
143.290000 42 25
143.360000 42 25
143.430000 42 25
143.500000 42 25
143.570000 42 25
143.640000 42 25
143.710000 0 0
143.780000 0 0
143.850000 42 21
143.920000 42 21
143.990000 42 21
144.060000 42 21
144.130000 42 21
144.200000 42 21
144.270000 42 17
144.340000 42 17
144.410000 42 17
144.480000 42 17
144.550000 42 17
144.620000 42 17
144.690000 42 17
144.760000 42 17
144.830000 42 17
144.900000 0 0
144.970000 42 20
145.040000 42 20
145.110000 42 20
145.180000 42 20
145.250000 42 20
145.320000 42 20
145.390000 42 20
145.460000 42 20
145.530000 42 20
145.600000 42 20
145.670000 42 20
145.740000 42 20
145.810000 42 20
145.880000 42 20
145.950000 42 20
146.020000 42 20
146.090000 42 20
146.160000 42 20
146.230000 42 20
146.300000 42 20
146.370000 42 20
146.440000 42 20
146.510000 42 20
146.580000 42 20
146.650000 42 20
146.720000 42 20
146.790000 42 20
146.860000 42 20
146.930000 42 20
147.000000 42 20
147.070000 42 20
147.140000 42 20
147.210000 42 20
147.280000 42 20
147.350000 42 20
147.420000 42 20
147.490000 42 20
147.560000 42 20
147.630000 42 20
147.700000 42 20
147.770000 42 20
147.840000 42 20
147.910000 42 20
147.980000 42 20
148.050000 42 20
148.120000 42 20
148.190000 42 20
148.260000 42 20
148.330000 42 20
148.400000 42 20
148.470000 42 20
148.540000 42 20
148.610000 42 20
148.680000 42 20
148.750000 42 20
148.820000 42 20
148.890000 42 20
148.960000 42 20
149.030000 42 20
149.100000 42 20
149.170000 42 20
149.240000 42 20
149.310000 42 20
149.380000 42 20
149.450000 42 20
149.520000 42 20
149.590000 42 20
149.660000 42 20
149.730000 42 20
149.800000 42 20
149.870000 42 20
149.940000 42 20
150.010000 42 20
150.080000 0 0
