"chpn-p20"

# Piano right
0.000000 63 91
0.070000 63 91
0.140000 63 91
0.210000 63 91
0.280000 63 91
0.350000 63 91
0.420000 63 91
0.490000 63 91
0.560000 63 91
0.630000 63 91
0.700000 63 91
0.770000 63 91
0.840000 63 91
0.910000 63 91
0.980000 63 91
1.050000 63 91
1.120000 63 91
1.190000 63 91
1.260000 63 91
1.330000 63 91
1.400000 0 0
1.470000 63 87
1.540000 63 87
1.610000 63 87
1.680000 63 87
1.750000 63 87
1.820000 63 87
1.890000 63 87
1.960000 63 87
2.030000 63 87
2.100000 63 87
2.170000 63 87
2.240000 63 87
2.310000 63 87
2.380000 63 87
2.450000 63 87
2.520000 63 87
2.590000 63 87
2.660000 63 87
2.730000 63 87
2.800000 63 87
2.870000 55 75
2.940000 55 75
3.010000 55 75
3.080000 55 75
3.150000 55 75
3.220000 55 75
3.290000 55 75
3.360000 55 75
3.430000 55 75
3.500000 55 75
3.570000 55 75
3.640000 55 75
3.710000 55 75
3.780000 55 75
3.850000 55 75
3.920000 55 75
3.990000 65 79
4.060000 65 79
4.130000 65 79
4.200000 65 79
4.270000 65 79
4.340000 51 69
4.410000 51 69
4.480000 51 69
4.550000 51 69
4.620000 51 69
4.690000 51 69
4.760000 51 69
4.830000 51 69
4.900000 51 69
4.970000 51 69
5.040000 51 69
5.110000 51 69
5.180000 51 69
5.250000 51 69
5.320000 51 69
5.390000 51 69
5.460000 51 69
5.530000 51 69
5.600000 51 69
5.670000 51 69
5.740000 0 0
5.810000 0 0
5.880000 51 76
5.950000 51 76
6.020000 51 76
6.090000 51 76
6.160000 51 76
6.230000 51 76
6.300000 51 76
6.370000 51 76
6.440000 51 76
6.510000 51 76
6.580000 51 76
6.650000 51 76
6.720000 51 76
6.790000 51 76
6.860000 51 76
6.930000 51 76
7.000000 51 76
7.070000 51 76
7.140000 51 76
7.210000 51 76
7.280000 53 76
7.350000 53 76
7.420000 53 76
7.490000 53 76
7.560000 53 76
7.630000 53 76
7.700000 53 76
7.770000 53 76
7.840000 53 76
7.910000 53 76
7.980000 53 76
8.050000 53 76
8.120000 53 76
8.190000 53 76
8.260000 53 76
8.330000 53 76
8.400000 53 76
8.470000 53 76
8.540000 53 76
8.610000 53 76
8.680000 0 0
8.750000 49 68
8.820000 49 68
8.890000 49 68
8.960000 49 68
9.030000 49 68
9.100000 49 68
9.170000 49 68
9.240000 49 68
9.310000 49 68
9.380000 49 68
9.450000 49 68
9.520000 49 68
9.590000 49 68
9.660000 49 68
9.730000 49 68
9.800000 61 82
9.870000 61 82
9.940000 61 82
10.010000 61 82
10.080000 61 82
10.150000 51 72
10.220000 51 72
10.290000 51 72
10.360000 51 72
10.430000 51 72
10.500000 51 72
10.570000 51 72
10.640000 51 72
10.710000 51 72
10.780000 51 72
10.850000 51 72
10.920000 51 72
10.990000 51 72
11.060000 51 72
11.130000 51 72
11.200000 51 72
11.270000 51 72
11.340000 51 72
11.410000 51 72
11.480000 51 72
11.550000 0 0
11.620000 0 0
11.690000 50 72
11.760000 50 72
11.830000 50 72
11.900000 50 72
11.970000 50 72
12.040000 50 72
12.110000 50 72
12.180000 50 72
12.250000 50 72
12.320000 50 72
12.390000 50 72
12.460000 50 72
12.530000 50 72
12.600000 50 72
12.670000 50 72
12.740000 50 72
12.810000 50 72
12.880000 50 72
12.950000 50 72
13.020000 50 72
13.090000 52 73
13.160000 52 73
13.230000 52 73
13.300000 52 73
13.370000 52 73
13.440000 52 73
13.510000 52 73
13.580000 52 73
13.650000 52 73
13.720000 52 73
13.790000 52 73
13.860000 52 73
13.930000 52 73
14.000000 52 73
14.070000 52 73
14.140000 52 73
14.210000 52 73
14.280000 52 73
14.350000 52 73
14.420000 52 73
14.490000 52 73
14.560000 60 79
14.630000 60 79
14.700000 60 79
14.770000 60 79
14.840000 60 79
14.910000 60 79
14.980000 60 79
15.050000 60 79
15.120000 60 79
15.190000 60 79
15.260000 60 79
15.330000 60 79
15.400000 60 79
15.470000 60 79
15.540000 60 79
15.610000 60 79
15.680000 60 79
15.750000 60 79
15.820000 60 79
15.890000 60 79
15.960000 65 80
16.030000 63 90
16.100000 63 90
16.170000 63 90
16.240000 63 90
16.310000 63 90
16.380000 63 90
16.450000 63 90
16.520000 63 90
16.590000 63 90
16.660000 63 90
16.730000 63 90
16.800000 63 90
16.870000 63 90
16.940000 63 90
17.010000 63 90
17.080000 63 90
17.150000 63 90
17.220000 63 90
17.290000 63 90
17.360000 63 90
17.430000 62 92
17.500000 62 92
17.570000 62 92
17.640000 62 92
17.710000 62 92
17.780000 62 92
17.850000 62 92
17.920000 62 92
17.990000 62 92
18.060000 62 92
18.130000 62 92
18.200000 62 92
18.270000 62 92
18.340000 62 92
18.410000 62 92
18.480000 62 92
18.550000 62 92
18.620000 62 92
18.690000 62 92
18.760000 62 92
18.830000 67 93
18.900000 67 93
18.970000 67 93
19.040000 67 93
19.110000 67 93
19.180000 67 93
19.250000 67 93
19.320000 67 93
19.390000 67 93
19.460000 67 93
19.530000 67 93
19.600000 67 93
19.670000 67 93
19.740000 67 93
19.810000 67 93
19.880000 67 93
19.950000 67 93
20.020000 67 93
20.090000 67 93
20.160000 67 93
20.230000 67 93
20.300000 0 0
20.370000 66 81
20.440000 66 81
20.510000 66 81
20.580000 66 81
20.650000 66 81
20.720000 66 81
20.790000 66 81
20.860000 66 81
20.930000 66 81
21.000000 66 81
21.070000 66 81
21.140000 66 81
21.210000 66 81
21.280000 66 81
21.350000 66 81
21.420000 66 81
21.490000 66 81
21.560000 66 81
21.630000 66 81
21.700000 66 81
21.770000 0 0
21.840000 59 68
21.910000 59 68
21.980000 59 68
22.050000 59 68
22.120000 59 68
22.190000 59 68
22.260000 59 68
22.330000 59 68
22.400000 59 68
22.470000 59 68
22.540000 59 68
22.610000 59 68
22.680000 59 68
22.750000 59 68
22.820000 59 68
22.890000 59 68
22.960000 59 68
23.030000 59 68
23.100000 59 68
23.170000 59 68
23.240000 59 68
23.310000 59 68
23.380000 0 0
23.450000 63 37
23.520000 63 37
23.590000 63 37
23.660000 63 37
23.730000 63 37
23.800000 63 37
23.870000 63 37
23.940000 63 37
24.010000 63 37
24.080000 63 37
24.150000 63 37
24.220000 63 37
24.290000 63 37
24.360000 63 37
24.430000 63 37
24.500000 63 37
24.570000 63 37
24.640000 63 37
24.710000 63 37
24.780000 63 37
24.850000 63 37
24.920000 75 45
24.990000 75 45
25.060000 75 45
25.130000 75 45
25.200000 75 45
25.270000 75 45
25.340000 75 45
25.410000 75 45
25.480000 75 45
25.550000 75 45
25.620000 75 45
25.690000 75 45
25.760000 75 45
25.830000 75 45
25.900000 75 45
25.970000 75 45
26.040000 75 45
26.110000 75 45
26.180000 75 45
26.250000 75 45
26.320000 75 45
26.390000 0 0
26.460000 62 37
26.530000 62 37
26.600000 62 37
26.670000 62 37
26.740000 62 37
26.810000 62 37
26.880000 62 37
26.950000 62 37
27.020000 62 37
27.090000 62 37
27.160000 62 37
27.230000 62 37
27.300000 62 37
27.370000 62 37
27.440000 62 37
27.510000 62 37
27.580000 62 37
27.650000 62 37
27.720000 62 37
27.790000 62 37
27.860000 62 37
27.930000 67 45
28.000000 67 45
28.070000 67 45
28.140000 67 45
28.210000 67 45
28.280000 67 45
28.350000 67 45
28.420000 67 45
28.490000 67 45
28.560000 67 45
28.630000 67 45
28.700000 67 45
28.770000 67 45
28.840000 67 45
28.910000 67 45
28.980000 67 45
29.050000 67 45
29.120000 67 45
29.190000 67 45
29.260000 67 45
29.330000 67 45
29.400000 0 0
29.470000 72 45
29.540000 72 45
29.610000 72 45
29.680000 72 45
29.750000 72 45
29.820000 72 45
29.890000 72 45
29.960000 72 45
30.030000 72 45
30.100000 72 45
30.170000 72 45
30.240000 72 45
30.310000 72 45
30.380000 72 45
30.450000 72 45
30.520000 72 45
30.590000 72 45
30.660000 72 45
30.730000 72 45
30.800000 72 45
30.870000 72 45
30.940000 60 38
31.010000 60 38
31.080000 60 38
31.150000 60 38
31.220000 60 38
31.290000 60 38
31.360000 60 38
31.430000 60 38
31.500000 60 38
31.570000 60 38
31.640000 60 38
31.710000 60 38
31.780000 60 38
31.850000 60 38
31.920000 60 38
31.990000 60 38
32.060000 60 38
32.130000 60 38
32.200000 60 38
32.270000 60 38
32.340000 60 38
32.410000 62 39
32.480000 62 39
32.550000 62 39
32.620000 62 39
32.690000 62 39
32.760000 62 39
32.830000 62 39
32.900000 62 39
32.970000 62 39
33.040000 62 39
33.110000 62 39
33.180000 62 39
33.250000 62 39
33.320000 62 39
33.390000 62 39
33.460000 0 0
33.530000 60 36
33.600000 60 36
33.670000 60 36
33.740000 60 36
33.810000 60 36
33.880000 0 0
33.950000 62 46
34.020000 62 46
34.090000 62 46
34.160000 62 46
34.230000 62 46
34.300000 62 46
34.370000 62 46
34.440000 62 46
34.510000 62 46
34.580000 62 46
34.650000 62 46
34.720000 62 46
34.790000 62 46
34.860000 62 46
34.930000 62 46
35.000000 62 46
35.070000 62 46
35.140000 62 46
35.210000 62 46
35.280000 62 46
35.350000 62 46
35.420000 0 0
35.490000 67 49
35.560000 67 49
35.630000 67 49
35.700000 67 49
35.770000 67 49
35.840000 67 49
35.910000 67 49
35.980000 67 49
36.050000 67 49
36.120000 67 49
36.190000 67 49
36.260000 67 49
36.330000 67 49
36.400000 67 49
36.470000 67 49
36.540000 67 49
36.610000 67 49
36.680000 67 49
36.750000 67 49
36.820000 67 49
36.890000 67 49
36.960000 67 49
37.030000 56 41
37.100000 56 41
37.170000 56 41
37.240000 56 41
37.310000 56 41
37.380000 56 41
37.450000 56 41
37.520000 56 41
37.590000 56 41
37.660000 56 41
37.730000 56 41
37.800000 56 41
37.870000 56 41
37.940000 56 41
38.010000 56 41
38.080000 56 41
38.150000 56 41
38.220000 56 41
38.290000 56 41
38.360000 56 41
38.430000 56 41
38.500000 55 45
38.570000 55 45
38.640000 55 45
38.710000 55 45
38.780000 55 45
38.850000 55 45
38.920000 55 45
38.990000 55 45
39.060000 55 45
39.130000 55 45
39.200000 55 45
39.270000 55 45
39.340000 55 45
39.410000 55 45
39.480000 55 45
39.550000 55 45
39.620000 55 45
39.690000 55 45
39.760000 55 45
39.830000 55 45
39.900000 55 45
39.970000 55 45
40.040000 0 0
40.110000 63 49
40.180000 63 49
40.250000 63 49
40.320000 63 49
40.390000 63 49
40.460000 63 49
40.530000 63 49
40.600000 63 49
40.670000 63 49
40.740000 63 49
40.810000 63 49
40.880000 63 49
40.950000 63 49
41.020000 63 49
41.090000 63 49
41.160000 63 49
41.230000 63 49
41.300000 63 49
41.370000 63 49
41.440000 63 49
41.510000 63 49
41.580000 63 49
41.650000 63 49
41.720000 0 0
41.790000 0 0
41.860000 56 40
41.930000 56 40
42.000000 56 40
42.070000 56 40
42.140000 56 40
42.210000 56 40
42.280000 56 40
42.350000 56 40
42.420000 56 40
42.490000 56 40
42.560000 56 40
42.630000 56 40
42.700000 56 40
42.770000 56 40
42.840000 56 40
42.910000 56 40
42.980000 56 40
43.050000 56 40
43.120000 56 40
43.190000 56 40
43.260000 56 40
43.330000 56 40
43.400000 0 0
43.470000 53 39
43.540000 53 39
43.610000 53 39
43.680000 53 39
43.750000 53 39
43.820000 53 39
43.890000 53 39
43.960000 53 39
44.030000 53 39
44.100000 53 39
44.170000 53 39
44.240000 53 39
44.310000 53 39
44.380000 53 39
44.450000 53 39
44.520000 53 39
44.590000 53 39
44.660000 53 39
44.730000 53 39
44.800000 53 39
44.870000 53 39
44.940000 59 48
45.010000 59 48
45.080000 59 48
45.150000 59 48
45.220000 59 48
45.290000 59 48
45.360000 59 48
45.430000 59 48
45.500000 59 48
45.570000 59 48
45.640000 59 48
45.710000 59 48
45.780000 59 48
45.850000 59 48
45.920000 59 48
45.990000 59 48
46.060000 59 48
46.130000 59 48
46.200000 59 48
46.270000 59 48
46.340000 59 48
46.410000 59 48
46.480000 59 48
46.550000 0 0
46.620000 51 36
46.690000 51 36
46.760000 51 36
46.830000 51 36
46.900000 51 36
46.970000 51 36
47.040000 51 36
47.110000 51 36
47.180000 51 36
47.250000 51 36
47.320000 51 36
47.390000 51 36
47.460000 51 36
47.530000 51 36
47.600000 51 36
47.670000 51 36
47.740000 51 36
47.810000 51 36
47.880000 51 36
47.950000 51 36
48.020000 51 36
48.090000 51 36
48.160000 51 36
48.230000 51 36
48.300000 51 36
48.370000 51 36
48.440000 0 0
48.510000 0 0
48.580000 67 29
48.650000 67 29
48.720000 67 29
48.790000 67 29
48.860000 67 29
48.930000 67 29
49.000000 67 29
49.070000 67 29
49.140000 67 29
49.210000 67 29
49.280000 67 29
49.350000 67 29
49.420000 67 29
49.490000 67 29
49.560000 67 29
49.630000 67 29
49.700000 67 29
49.770000 67 29
49.840000 67 29
49.910000 67 29
49.980000 67 29
50.050000 75 29
50.120000 75 29
50.190000 75 29
50.260000 75 29
50.330000 75 29
50.400000 75 29
50.470000 75 29
50.540000 75 29
50.610000 75 29
50.680000 75 29
50.750000 75 29
50.820000 75 29
50.890000 75 29
50.960000 75 29
51.030000 75 29
51.100000 75 29
51.170000 75 29
51.240000 75 29
51.310000 75 29
51.380000 75 29
51.450000 75 29
51.520000 62 24
51.590000 62 24
51.660000 62 24
51.730000 62 24
51.800000 62 24
51.870000 62 24
51.940000 62 24
52.010000 62 24
52.080000 62 24
52.150000 62 24
52.220000 62 24
52.290000 62 24
52.360000 62 24
52.430000 62 24
52.500000 62 24
52.570000 62 24
52.640000 62 24
52.710000 62 24
52.780000 62 24
52.850000 62 24
52.920000 62 24
52.990000 0 0
53.060000 62 24
53.130000 62 24
53.200000 62 24
53.270000 62 24
53.340000 62 24
53.410000 62 24
53.480000 62 24
53.550000 62 24
53.620000 62 24
53.690000 62 24
53.760000 62 24
53.830000 62 24
53.900000 62 24
53.970000 62 24
54.040000 62 24
54.110000 62 24
54.180000 62 24
54.250000 62 24
54.320000 62 24
54.390000 62 24
54.460000 62 24
54.530000 0 0
54.600000 60 24
54.670000 60 24
54.740000 60 24
54.810000 60 24
54.880000 60 24
54.950000 60 24
55.020000 60 24
55.090000 60 24
55.160000 60 24
55.230000 60 24
55.300000 60 24
55.370000 60 24
55.440000 60 24
55.510000 60 24
55.580000 60 24
55.650000 60 24
55.720000 60 24
55.790000 60 24
55.860000 60 24
55.930000 60 24
56.000000 60 24
56.070000 62 30
56.140000 62 30
56.210000 62 30
56.280000 62 30
56.350000 62 30
56.420000 62 30
56.490000 62 30
56.560000 62 30
56.630000 62 30
56.700000 62 30
56.770000 62 30
56.840000 62 30
56.910000 62 30
56.980000 62 30
57.050000 62 30
57.120000 62 30
57.190000 62 30
57.260000 62 30
57.330000 62 30
57.400000 62 30
57.470000 62 30
57.540000 67 31
57.610000 67 31
57.680000 67 31
57.750000 67 31
57.820000 67 31
57.890000 67 31
57.960000 67 31
58.030000 67 31
58.100000 67 31
58.170000 67 31
58.240000 67 31
58.310000 67 31
58.380000 67 31
58.450000 67 31
58.520000 67 31
58.590000 67 31
58.660000 0 0
58.730000 60 24
58.800000 60 24
58.870000 60 24
58.940000 60 24
59.010000 60 24
59.080000 0 0
59.150000 62 31
59.220000 62 31
59.290000 62 31
59.360000 62 31
59.430000 62 31
59.500000 62 31
59.570000 62 31
59.640000 62 31
59.710000 62 31
59.780000 62 31
59.850000 62 31
59.920000 62 31
59.990000 62 31
60.060000 62 31
60.130000 62 31
60.200000 62 31
60.270000 62 31
60.340000 62 31
60.410000 62 31
60.480000 62 31
60.550000 62 31
60.620000 0 0
60.690000 72 41
60.760000 72 41
60.830000 72 41
60.900000 72 41
60.970000 72 41
61.040000 72 41
61.110000 72 41
61.180000 72 41
61.250000 72 41
61.320000 72 41
61.390000 72 41
61.460000 72 41
61.530000 72 41
61.600000 72 41
61.670000 72 41
61.740000 72 41
61.810000 72 41
61.880000 72 41
61.950000 72 41
62.020000 72 41
62.090000 72 41
62.160000 72 41
62.230000 60 41
62.300000 60 41
62.370000 60 41
62.440000 60 41
62.510000 60 41
62.580000 60 41
62.650000 60 41
62.720000 60 41
62.790000 60 41
62.860000 60 41
62.930000 60 41
63.000000 60 41
63.070000 60 41
63.140000 60 41
63.210000 60 41
63.280000 60 41
63.350000 60 41
63.420000 60 41
63.490000 60 41
63.560000 60 41
63.630000 60 41
63.700000 60 41
63.770000 60 41
63.840000 60 41
63.910000 0 0
63.980000 62 45
64.050000 62 45
64.120000 62 45
64.190000 62 45
64.260000 62 45
64.330000 62 45
64.400000 62 45
64.470000 62 45
64.540000 62 45
64.610000 62 45
64.680000 62 45
64.750000 62 45
64.820000 62 45
64.890000 62 45
64.960000 62 45
65.030000 62 45
65.100000 62 45
65.170000 62 45
65.240000 62 45
65.310000 62 45
65.380000 62 45
65.450000 62 45
65.520000 62 45
65.590000 62 45
65.660000 63 41
65.730000 63 41
65.800000 63 41
65.870000 63 41
65.940000 63 41
66.010000 63 41
66.080000 63 41
66.150000 63 41
66.220000 63 41
66.290000 63 41
66.360000 63 41
66.430000 63 41
66.500000 63 41
66.570000 63 41
66.640000 63 41
66.710000 63 41
66.780000 63 41
66.850000 63 41
66.920000 63 41
66.990000 63 41
67.060000 63 41
67.130000 63 41
67.200000 63 41
67.270000 63 41
67.340000 63 41
67.410000 63 41
67.480000 63 41
67.550000 0 0
67.620000 0 0
67.690000 51 34
67.760000 51 34
67.830000 51 34
67.900000 51 34
67.970000 51 34
68.040000 51 34
68.110000 51 34
68.180000 51 34
68.250000 51 34
68.320000 51 34
68.390000 51 34
68.460000 51 34
68.530000 51 34
68.600000 51 34
68.670000 51 34
68.740000 51 34
68.810000 51 34
68.880000 51 34
68.950000 51 34
69.020000 51 34
69.090000 51 34
69.160000 51 34
69.230000 51 34
69.300000 51 34
69.370000 51 34
69.440000 0 0
69.510000 53 33
69.580000 53 33
69.650000 53 33
69.720000 53 33
69.790000 53 33
69.860000 53 33
69.930000 53 33
70.000000 53 33
70.070000 53 33
70.140000 53 33
70.210000 53 33
70.280000 53 33
70.350000 53 33
70.420000 53 33
70.490000 53 33
70.560000 53 33
70.630000 53 33
70.700000 53 33
70.770000 53 33
70.840000 53 33
70.910000 53 33
70.980000 53 33
71.050000 53 33
71.120000 53 33
71.190000 53 33
71.260000 59 40
71.330000 59 40
71.400000 59 40
71.470000 59 40
71.540000 59 40
71.610000 59 40
71.680000 59 40
71.750000 59 40
71.820000 59 40
71.890000 59 40
71.960000 59 40
72.030000 59 40
72.100000 59 40
72.170000 59 40
72.240000 59 40
72.310000 59 40
72.380000 59 40
72.450000 59 40
72.520000 59 40
72.590000 59 40
72.660000 59 40
72.730000 59 40
72.800000 59 40
72.870000 59 40
72.940000 59 40
73.010000 59 40
73.080000 59 40
73.150000 0 0
73.220000 55 36
73.290000 55 36
73.360000 55 36
73.430000 55 36
73.500000 55 36
73.570000 55 36
73.640000 55 36
73.710000 55 36
73.780000 55 36
73.850000 55 36
73.920000 55 36
73.990000 55 36
74.060000 55 36
74.130000 55 36
74.200000 55 36
74.270000 55 36
74.340000 55 36
74.410000 55 36
74.480000 55 36
74.550000 55 36
74.620000 55 36
74.690000 55 36
74.760000 55 36
74.830000 55 36
74.900000 55 36
74.970000 55 36
75.040000 55 36
75.110000 0 0
75.180000 60 52
75.250000 60 52
75.320000 60 52
75.390000 60 52
75.460000 60 52
75.530000 60 52
75.600000 60 52
75.670000 60 52
75.740000 60 52
75.810000 60 52
75.880000 60 52
75.950000 60 52
76.020000 60 52
76.090000 60 52
76.160000 60 52
76.230000 60 52
76.300000 60 52
76.370000 60 52
76.440000 60 52
76.510000 60 52
76.580000 60 52
76.650000 60 52
76.720000 60 52
76.790000 60 52
76.860000 60 52
76.930000 60 52
77.000000 60 52
77.070000 60 52
77.140000 60 52
77.210000 60 52
77.280000 60 52
77.350000 60 52
77.420000 60 52
77.490000 60 52
77.560000 60 52
77.630000 60 52
77.700000 60 52
77.770000 60 52
77.840000 60 52
77.910000 60 52
77.980000 60 52
78.050000 60 52
78.120000 60 52
78.190000 60 52
78.260000 60 52
78.330000 60 52
78.400000 60 52
78.470000 60 52
78.540000 60 52
78.610000 60 52
78.680000 60 52
78.750000 60 52
78.820000 60 52
78.890000 60 52
78.960000 60 52
79.030000 60 52
79.100000 60 52
79.170000 60 52
79.240000 60 52
79.310000 60 52
79.380000 60 52
79.450000 60 52
79.520000 60 52
79.590000 60 52
79.660000 60 52
79.730000 60 52
79.800000 60 52
79.870000 60 52
79.940000 60 52
80.010000 60 52
80.080000 60 52
80.150000 60 52
80.220000 60 52
80.290000 60 52
80.360000 60 52
80.430000 60 52
80.500000 60 52
80.570000 60 52
80.640000 60 52
80.710000 60 52
80.780000 60 52
80.850000 60 52
80.920000 60 52
80.990000 60 52
81.060000 60 52
81.130000 60 52
81.200000 60 52
81.270000 60 52
81.340000 60 52
81.410000 60 52
81.480000 60 52
81.550000 60 52
81.620000 60 52
81.690000 60 52
81.760000 60 52
81.830000 60 52
81.900000 60 52
81.970000 60 52
82.040000 60 52
82.110000 60 52
82.180000 60 52
82.250000 60 52
82.320000 60 52
82.390000 60 52
82.460000 60 52
82.530000 60 52
82.600000 60 52
82.670000 60 52
82.740000 60 52
82.810000 60 52
82.880000 60 52
# Piano left
0.000000 36 66
0.070000 36 66
0.140000 36 66
0.210000 36 66
0.280000 36 66
0.350000 36 66
0.420000 36 66
0.490000 36 66
0.560000 36 66
0.630000 36 66
0.700000 36 66
0.770000 36 66
0.840000 36 66
0.910000 36 66
0.980000 36 66
1.050000 36 66
1.120000 36 66
1.190000 36 66
1.260000 36 66
1.330000 36 66
1.400000 0 0
1.470000 29 64
1.540000 29 64
1.610000 29 64
1.680000 29 64
1.750000 29 64
1.820000 29 64
1.890000 29 64
1.960000 29 64
2.030000 29 64
2.100000 29 64
2.170000 29 64
2.240000 29 64
2.310000 29 64
2.380000 29 64
2.450000 29 64
2.520000 29 64
2.590000 29 64
2.660000 29 64
2.730000 29 64
2.800000 29 64
2.870000 31 64
2.940000 31 64
3.010000 31 64
3.080000 31 64
3.150000 31 64
3.220000 31 64
3.290000 31 64
3.360000 31 64
3.430000 31 64
3.500000 31 64
3.570000 31 64
3.640000 31 64
3.710000 31 64
3.780000 31 64
3.850000 31 64
3.920000 31 64
3.990000 31 64
4.060000 31 64
4.130000 31 64
4.200000 31 64
4.270000 0 0
4.340000 36 56
4.410000 36 56
4.480000 36 56
4.550000 36 56
4.620000 36 56
4.690000 36 56
4.760000 36 56
4.830000 36 56
4.900000 36 56
4.970000 36 56
5.040000 36 56
5.110000 36 56
5.180000 36 56
5.250000 36 56
5.320000 36 56
5.390000 36 56
5.460000 36 56
5.530000 36 56
5.600000 36 56
5.670000 36 56
5.740000 0 0
5.810000 0 0
5.880000 32 66
5.950000 32 66
6.020000 32 66
6.090000 32 66
6.160000 32 66
6.230000 32 66
6.300000 32 66
6.370000 32 66
6.440000 32 66
6.510000 32 66
6.580000 32 66
6.650000 32 66
6.720000 32 66
6.790000 32 66
6.860000 32 66
6.930000 32 66
7.000000 32 66
7.070000 32 66
7.140000 32 66
7.210000 32 66
7.280000 25 66
7.350000 25 66
7.420000 25 66
7.490000 25 66
7.560000 25 66
7.630000 25 66
7.700000 25 66
7.770000 25 66
7.840000 25 66
7.910000 25 66
7.980000 25 66
8.050000 25 66
8.120000 25 66
8.190000 25 66
8.260000 25 66
8.330000 25 66
8.400000 25 66
8.470000 25 66
8.540000 25 66
8.610000 25 66
8.680000 0 0
8.750000 27 64
8.820000 27 64
8.890000 27 64
8.960000 27 64
9.030000 27 64
9.100000 27 64
9.170000 27 64
9.240000 27 64
9.310000 27 64
9.380000 27 64
9.450000 27 64
9.520000 27 64
9.590000 27 64
9.660000 27 64
9.730000 27 64
9.800000 27 64
9.870000 27 64
9.940000 27 64
10.010000 27 64
10.080000 27 64
10.150000 32 57
10.220000 32 57
10.290000 32 57
10.360000 32 57
10.430000 32 57
10.500000 32 57
10.570000 32 57
10.640000 32 57
10.710000 32 57
10.780000 32 57
10.850000 32 57
10.920000 32 57
10.990000 32 57
11.060000 32 57
11.130000 32 57
11.200000 32 57
11.270000 32 57
11.340000 32 57
11.410000 32 57
11.480000 32 57
11.550000 0 0
11.620000 0 0
11.690000 31 62
11.760000 31 62
11.830000 31 62
11.900000 31 62
11.970000 31 62
12.040000 31 62
12.110000 31 62
12.180000 31 62
12.250000 31 62
12.320000 31 62
12.390000 31 62
12.460000 31 62
12.530000 31 62
12.600000 31 62
12.670000 31 62
12.740000 31 62
12.810000 31 62
12.880000 31 62
12.950000 31 62
13.020000 31 62
13.090000 24 64
13.160000 24 64
13.230000 24 64
13.300000 24 64
13.370000 24 64
13.440000 24 64
13.510000 24 64
13.580000 24 64
13.650000 24 64
13.720000 24 64
13.790000 24 64
13.860000 24 64
13.930000 24 64
14.000000 24 64
14.070000 24 64
14.140000 24 64
14.210000 24 64
14.280000 24 64
14.350000 24 64
14.420000 24 64
14.490000 24 64
14.560000 29 66
14.630000 29 66
14.700000 29 66
14.770000 29 66
14.840000 29 66
14.910000 29 66
14.980000 29 66
15.050000 29 66
15.120000 29 66
15.190000 29 66
15.260000 29 66
15.330000 29 66
15.400000 29 66
15.470000 29 66
15.540000 29 66
15.610000 29 66
15.680000 29 66
15.750000 29 66
15.820000 29 66
15.890000 29 66
15.960000 0 0
16.030000 36 61
16.100000 36 61
16.170000 36 61
16.240000 36 61
16.310000 36 61
16.380000 36 61
16.450000 36 61
16.520000 36 61
16.590000 36 61
16.660000 36 61
16.730000 36 61
16.800000 36 61
16.870000 36 61
16.940000 36 61
17.010000 36 61
17.080000 36 61
17.150000 36 61
17.220000 36 61
17.290000 36 61
17.360000 36 61
17.430000 45 66
17.500000 45 66
17.570000 45 66
17.640000 45 66
17.710000 45 66
17.780000 45 66
17.850000 45 66
17.920000 45 66
17.990000 45 66
18.060000 45 66
18.130000 45 66
18.200000 45 66
18.270000 45 66
18.340000 45 66
18.410000 45 66
18.480000 45 66
18.550000 45 66
18.620000 45 66
18.690000 45 66
18.760000 45 66
18.830000 31 69
18.900000 31 69
18.970000 31 69
19.040000 31 69
19.110000 31 69
19.180000 31 69
19.250000 31 69
19.320000 31 69
19.390000 31 69
19.460000 31 69
19.530000 31 69
19.600000 31 69
19.670000 31 69
19.740000 31 69
19.810000 31 69
19.880000 31 69
19.950000 31 69
20.020000 31 69
20.090000 31 69
20.160000 31 69
20.230000 31 69
20.300000 0 0
20.370000 26 60
20.440000 26 60
20.510000 26 60
20.580000 26 60
20.650000 26 60
20.720000 26 60
20.790000 26 60
20.860000 26 60
20.930000 26 60
21.000000 26 60
21.070000 26 60
21.140000 26 60
21.210000 26 60
21.280000 26 60
21.350000 26 60
21.420000 26 60
21.490000 26 60
21.560000 26 60
21.630000 26 60
21.700000 26 60
21.770000 0 0
21.840000 31 54
21.910000 31 54
21.980000 31 54
22.050000 31 54
22.120000 31 54
22.190000 31 54
22.260000 31 54
22.330000 31 54
22.400000 31 54
22.470000 31 54
22.540000 31 54
22.610000 31 54
22.680000 31 54
22.750000 31 54
22.820000 31 54
22.890000 31 54
22.960000 31 54
23.030000 31 54
23.100000 31 54
23.170000 31 54
23.240000 31 54
23.310000 31 54
23.380000 0 0
23.450000 36 30
23.520000 36 30
23.590000 36 30
23.660000 36 30
23.730000 36 30
23.800000 36 30
23.870000 36 30
23.940000 36 30
24.010000 36 30
24.080000 36 30
24.150000 36 30
24.220000 36 30
24.290000 36 30
24.360000 36 30
24.430000 36 30
24.500000 36 30
24.570000 36 30
24.640000 36 30
24.710000 36 30
24.780000 36 30
24.850000 36 30
24.920000 48 27
24.990000 48 27
25.060000 48 27
25.130000 48 27
25.200000 48 27
25.270000 48 27
25.340000 48 27
25.410000 48 27
25.480000 48 27
25.550000 48 27
25.620000 48 27
25.690000 48 27
25.760000 48 27
25.830000 48 27
25.900000 48 27
25.970000 48 27
26.040000 48 27
26.110000 48 27
26.180000 48 27
26.250000 48 27
26.320000 48 27
26.390000 0 0
26.460000 47 30
26.530000 47 30
26.600000 47 30
26.670000 47 30
26.740000 47 30
26.810000 47 30
26.880000 47 30
26.950000 47 30
27.020000 47 30
27.090000 47 30
27.160000 47 30
27.230000 47 30
27.300000 47 30
27.370000 47 30
27.440000 47 30
27.510000 47 30
27.580000 47 30
27.650000 47 30
27.720000 47 30
27.790000 47 30
27.860000 47 30
27.930000 46 28
28.000000 46 28
28.070000 46 28
28.140000 46 28
28.210000 46 28
28.280000 46 28
28.350000 46 28
28.420000 46 28
28.490000 46 28
28.560000 46 28
28.630000 46 28
28.700000 46 28
28.770000 46 28
28.840000 46 28
28.910000 46 28
28.980000 46 28
29.050000 46 28
29.120000 46 28
29.190000 46 28
29.260000 46 28
29.330000 46 28
29.400000 0 0
29.470000 45 30
29.540000 45 30
29.610000 45 30
29.680000 45 30
29.750000 45 30
29.820000 45 30
29.890000 45 30
29.960000 45 30
30.030000 45 30
30.100000 45 30
30.170000 45 30
30.240000 45 30
30.310000 45 30
30.380000 45 30
30.450000 45 30
30.520000 45 30
30.590000 45 30
30.660000 45 30
30.730000 45 30
30.800000 45 30
30.870000 45 30
30.940000 44 28
31.010000 44 28
31.080000 44 28
31.150000 44 28
31.220000 44 28
31.290000 44 28
31.360000 44 28
31.430000 44 28
31.500000 44 28
31.570000 44 28
31.640000 44 28
31.710000 44 28
31.780000 44 28
31.850000 44 28
31.920000 44 28
31.990000 44 28
32.060000 44 28
32.130000 44 28
32.200000 44 28
32.270000 44 28
32.340000 44 28
32.410000 43 31
32.480000 43 31
32.550000 43 31
32.620000 43 31
32.690000 43 31
32.760000 43 31
32.830000 43 31
32.900000 43 31
32.970000 43 31
33.040000 43 31
33.110000 43 31
33.180000 43 31
33.250000 43 31
33.320000 43 31
33.390000 43 31
33.460000 43 31
33.530000 43 31
33.600000 43 31
33.670000 43 31
33.740000 43 31
33.810000 43 31
33.880000 0 0
33.950000 41 28
34.020000 41 28
34.090000 41 28
34.160000 41 28
34.230000 41 28
34.300000 41 28
34.370000 41 28
34.440000 41 28
34.510000 41 28
34.580000 41 28
34.650000 41 28
34.720000 41 28
34.790000 41 28
34.860000 41 28
34.930000 41 28
35.000000 41 28
35.070000 41 28
35.140000 41 28
35.210000 41 28
35.280000 41 28
35.350000 41 28
35.420000 0 0
35.490000 39 33
35.560000 39 33
35.630000 39 33
35.700000 39 33
35.770000 39 33
35.840000 39 33
35.910000 39 33
35.980000 39 33
36.050000 39 33
36.120000 39 33
36.190000 39 33
36.260000 39 33
36.330000 39 33
36.400000 39 33
36.470000 39 33
36.540000 39 33
36.610000 39 33
36.680000 39 33
36.750000 39 33
36.820000 39 33
36.890000 39 33
36.960000 39 33
37.030000 41 36
37.100000 41 36
37.170000 41 36
37.240000 41 36
37.310000 41 36
37.380000 41 36
37.450000 41 36
37.520000 41 36
37.590000 41 36
37.660000 41 36
37.730000 41 36
37.800000 41 36
37.870000 41 36
37.940000 41 36
38.010000 41 36
38.080000 41 36
38.150000 41 36
38.220000 41 36
38.290000 41 36
38.360000 41 36
38.430000 41 36
38.500000 35 36
38.570000 35 36
38.640000 35 36
38.710000 35 36
38.780000 35 36
38.850000 35 36
38.920000 35 36
38.990000 35 36
39.060000 35 36
39.130000 35 36
39.200000 35 36
39.270000 35 36
39.340000 35 36
39.410000 35 36
39.480000 35 36
39.550000 35 36
39.620000 35 36
39.690000 35 36
39.760000 35 36
39.830000 35 36
39.900000 35 36
39.970000 35 36
40.040000 0 0
40.110000 36 33
40.180000 36 33
40.250000 36 33
40.320000 36 33
40.390000 36 33
40.460000 36 33
40.530000 36 33
40.600000 36 33
40.670000 36 33
40.740000 36 33
40.810000 36 33
40.880000 36 33
40.950000 36 33
41.020000 36 33
41.090000 36 33
41.160000 36 33
41.230000 36 33
41.300000 36 33
41.370000 36 33
41.440000 36 33
41.510000 36 33
41.580000 36 33
41.650000 36 33
41.720000 0 0
41.790000 0 0
41.860000 32 33
41.930000 32 33
42.000000 32 33
42.070000 32 33
42.140000 32 33
42.210000 32 33
42.280000 32 33
42.350000 32 33
42.420000 32 33
42.490000 32 33
42.560000 32 33
42.630000 32 33
42.700000 32 33
42.770000 32 33
42.840000 32 33
42.910000 32 33
42.980000 32 33
43.050000 32 33
43.120000 32 33
43.190000 32 33
43.260000 32 33
43.330000 32 33
43.400000 0 0
43.470000 25 28
43.540000 25 28
43.610000 25 28
43.680000 25 28
43.750000 25 28
43.820000 25 28
43.890000 25 28
43.960000 25 28
44.030000 25 28
44.100000 25 28
44.170000 25 28
44.240000 25 28
44.310000 25 28
44.380000 25 28
44.450000 25 28
44.520000 25 28
44.590000 25 28
44.660000 25 28
44.730000 25 28
44.800000 25 28
44.870000 25 28
44.940000 31 33
45.010000 31 33
45.080000 31 33
45.150000 31 33
45.220000 31 33
45.290000 31 33
45.360000 31 33
45.430000 31 33
45.500000 31 33
45.570000 31 33
45.640000 31 33
45.710000 31 33
45.780000 31 33
45.850000 31 33
45.920000 31 33
45.990000 31 33
46.060000 31 33
46.130000 31 33
46.200000 31 33
46.270000 31 33
46.340000 31 33
46.410000 31 33
46.480000 31 33
46.550000 0 0
46.620000 24 27
46.690000 24 27
46.760000 24 27
46.830000 24 27
46.900000 24 27
46.970000 24 27
47.040000 24 27
47.110000 24 27
47.180000 24 27
47.250000 24 27
47.320000 24 27
47.390000 24 27
47.460000 24 27
47.530000 24 27
47.600000 24 27
47.670000 24 27
47.740000 24 27
47.810000 24 27
47.880000 24 27
47.950000 24 27
48.020000 24 27
48.090000 24 27
48.160000 24 27
48.230000 24 27
48.300000 24 27
48.370000 24 27
48.440000 0 0
48.510000 0 0
48.580000 36 19
48.650000 36 19
48.720000 36 19
48.790000 36 19
48.860000 36 19
48.930000 36 19
49.000000 36 19
49.070000 36 19
49.140000 36 19
49.210000 36 19
49.280000 36 19
49.350000 36 19
49.420000 36 19
49.490000 36 19
49.560000 36 19
49.630000 36 19
49.700000 36 19
49.770000 36 19
49.840000 36 19
49.910000 36 19
49.980000 36 19
50.050000 48 17
50.120000 48 17
50.190000 48 17
50.260000 48 17
50.330000 48 17
50.400000 48 17
50.470000 48 17
50.540000 48 17
50.610000 48 17
50.680000 48 17
50.750000 48 17
50.820000 48 17
50.890000 48 17
50.960000 48 17
51.030000 48 17
51.100000 48 17
51.170000 48 17
51.240000 48 17
51.310000 48 17
51.380000 48 17
51.450000 48 17
51.520000 47 19
51.590000 47 19
51.660000 47 19
51.730000 47 19
51.800000 47 19
51.870000 47 19
51.940000 47 19
52.010000 47 19
52.080000 47 19
52.150000 47 19
52.220000 47 19
52.290000 47 19
52.360000 47 19
52.430000 47 19
52.500000 47 19
52.570000 47 19
52.640000 47 19
52.710000 47 19
52.780000 47 19
52.850000 47 19
52.920000 47 19
52.990000 0 0
53.060000 46 18
53.130000 46 18
53.200000 46 18
53.270000 46 18
53.340000 46 18
53.410000 46 18
53.480000 46 18
53.550000 46 18
53.620000 46 18
53.690000 46 18
53.760000 46 18
53.830000 46 18
53.900000 46 18
53.970000 46 18
54.040000 46 18
54.110000 46 18
54.180000 46 18
54.250000 46 18
54.320000 46 18
54.390000 46 18
54.460000 46 18
54.530000 0 0
54.600000 45 19
54.670000 45 19
54.740000 45 19
54.810000 45 19
54.880000 45 19
54.950000 45 19
55.020000 45 19
55.090000 45 19
55.160000 45 19
55.230000 45 19
55.300000 45 19
55.370000 45 19
55.440000 45 19
55.510000 45 19
55.580000 45 19
55.650000 45 19
55.720000 45 19
55.790000 45 19
55.860000 45 19
55.930000 45 19
56.000000 45 19
56.070000 44 18
56.140000 44 18
56.210000 44 18
56.280000 44 18
56.350000 44 18
56.420000 44 18
56.490000 44 18
56.560000 44 18
56.630000 44 18
56.700000 44 18
56.770000 44 18
56.840000 44 18
56.910000 44 18
56.980000 44 18
57.050000 44 18
57.120000 44 18
57.190000 44 18
57.260000 44 18
57.330000 44 18
57.400000 44 18
57.470000 44 18
57.540000 43 20
57.610000 43 20
57.680000 43 20
57.750000 43 20
57.820000 43 20
57.890000 43 20
57.960000 43 20
58.030000 43 20
58.100000 43 20
58.170000 43 20
58.240000 43 20
58.310000 43 20
58.380000 43 20
58.450000 43 20
58.520000 43 20
58.590000 43 20
58.660000 43 20
58.730000 43 20
58.800000 43 20
58.870000 43 20
58.940000 43 20
59.010000 43 20
59.080000 0 0
59.150000 41 18
59.220000 41 18
59.290000 41 18
59.360000 41 18
59.430000 41 18
59.500000 41 18
59.570000 41 18
59.640000 41 18
59.710000 41 18
59.780000 41 18
59.850000 41 18
59.920000 41 18
59.990000 41 18
60.060000 41 18
60.130000 41 18
60.200000 41 18
60.270000 41 18
60.340000 41 18
60.410000 41 18
60.480000 41 18
60.550000 41 18
60.620000 0 0
60.690000 39 27
60.760000 39 27
60.830000 39 27
60.900000 39 27
60.970000 39 27
61.040000 39 27
61.110000 39 27
61.180000 39 27
61.250000 39 27
61.320000 39 27
61.390000 39 27
61.460000 39 27
61.530000 39 27
61.600000 39 27
61.670000 39 27
61.740000 39 27
61.810000 39 27
61.880000 39 27
61.950000 39 27
62.020000 39 27
62.090000 39 27
62.160000 39 27
62.230000 41 30
62.300000 41 30
62.370000 41 30
62.440000 41 30
62.510000 41 30
62.580000 41 30
62.650000 41 30
62.720000 41 30
62.790000 41 30
62.860000 41 30
62.930000 41 30
63.000000 41 30
63.070000 41 30
63.140000 41 30
63.210000 41 30
63.280000 41 30
63.350000 41 30
63.420000 41 30
63.490000 41 30
63.560000 41 30
63.630000 41 30
63.700000 41 30
63.770000 41 30
63.840000 41 30
63.910000 0 0
63.980000 35 30
64.050000 35 30
64.120000 35 30
64.190000 35 30
64.260000 35 30
64.330000 35 30
64.400000 35 30
64.470000 35 30
64.540000 35 30
64.610000 35 30
64.680000 35 30
64.750000 35 30
64.820000 35 30
64.890000 35 30
64.960000 35 30
65.030000 35 30
65.100000 35 30
65.170000 35 30
65.240000 35 30
65.310000 35 30
65.380000 35 30
65.450000 35 30
65.520000 35 30
65.590000 35 30
65.660000 36 27
65.730000 36 27
65.800000 36 27
65.870000 36 27
65.940000 36 27
66.010000 36 27
66.080000 36 27
66.150000 36 27
66.220000 36 27
66.290000 36 27
66.360000 36 27
66.430000 36 27
66.500000 36 27
66.570000 36 27
66.640000 36 27
66.710000 36 27
66.780000 36 27
66.850000 36 27
66.920000 36 27
66.990000 36 27
67.060000 36 27
67.130000 36 27
67.200000 36 27
67.270000 36 27
67.340000 36 27
67.410000 36 27
67.480000 36 27
67.550000 0 0
67.620000 0 0
67.690000 32 27
67.760000 32 27
67.830000 32 27
67.900000 32 27
67.970000 32 27
68.040000 32 27
68.110000 32 27
68.180000 32 27
68.250000 32 27
68.320000 32 27
68.390000 32 27
68.460000 32 27
68.530000 32 27
68.600000 32 27
68.670000 32 27
68.740000 32 27
68.810000 32 27
68.880000 32 27
68.950000 32 27
69.020000 32 27
69.090000 32 27
69.160000 32 27
69.230000 32 27
69.300000 32 27
69.370000 32 27
69.440000 0 0
69.510000 25 24
69.580000 25 24
69.650000 25 24
69.720000 25 24
69.790000 25 24
69.860000 25 24
69.930000 25 24
70.000000 25 24
70.070000 25 24
70.140000 25 24
70.210000 25 24
70.280000 25 24
70.350000 25 24
70.420000 25 24
70.490000 25 24
70.560000 25 24
70.630000 25 24
70.700000 25 24
70.770000 25 24
70.840000 25 24
70.910000 25 24
70.980000 25 24
71.050000 25 24
71.120000 25 24
71.190000 25 24
71.260000 31 27
71.330000 31 27
71.400000 31 27
71.470000 31 27
71.540000 31 27
71.610000 31 27
71.680000 31 27
71.750000 31 27
71.820000 31 27
71.890000 31 27
71.960000 31 27
72.030000 31 27
72.100000 31 27
72.170000 31 27
72.240000 31 27
72.310000 31 27
72.380000 31 27
72.450000 31 27
72.520000 31 27
72.590000 31 27
72.660000 31 27
72.730000 31 27
72.800000 31 27
72.870000 31 27
72.940000 31 27
73.010000 31 27
73.080000 31 27
73.150000 0 0
73.220000 24 22
73.290000 24 22
73.360000 24 22
73.430000 24 22
73.500000 24 22
73.570000 24 22
73.640000 24 22
73.710000 24 22
73.780000 24 22
73.850000 24 22
73.920000 24 22
73.990000 24 22
74.060000 24 22
74.130000 24 22
74.200000 24 22
74.270000 24 22
74.340000 24 22
74.410000 24 22
74.480000 24 22
74.550000 24 22
74.620000 24 22
74.690000 24 22
74.760000 24 22
74.830000 24 22
74.900000 24 22
74.970000 24 22
75.040000 24 22
75.110000 0 0
75.180000 48 37
75.250000 48 37
75.320000 48 37
75.390000 48 37
75.460000 48 37
75.530000 48 37
75.600000 48 37
75.670000 48 37
75.740000 48 37
75.810000 48 37
75.880000 48 37
75.950000 48 37
76.020000 48 37
76.090000 48 37
76.160000 48 37
76.230000 48 37
76.300000 48 37
76.370000 48 37
76.440000 48 37
76.510000 48 37
76.580000 48 37
76.650000 48 37
76.720000 48 37
76.790000 48 37
76.860000 48 37
76.930000 48 37
77.000000 48 37
77.070000 48 37
77.140000 48 37
77.210000 48 37
77.280000 48 37
77.350000 48 37
77.420000 48 37
77.490000 48 37
77.560000 48 37
77.630000 48 37
77.700000 48 37
77.770000 48 37
77.840000 48 37
77.910000 48 37
77.980000 48 37
78.050000 48 37
78.120000 48 37
78.190000 48 37
78.260000 48 37
78.330000 48 37
78.400000 48 37
78.470000 48 37
78.540000 48 37
78.610000 48 37
78.680000 48 37
78.750000 48 37
78.820000 48 37
78.890000 48 37
78.960000 48 37
79.030000 48 37
79.100000 48 37
79.170000 48 37
79.240000 48 37
79.310000 48 37
79.380000 48 37
79.450000 48 37
79.520000 48 37
79.590000 48 37
79.660000 48 37
79.730000 48 37
79.800000 48 37
79.870000 48 37
79.940000 48 37
80.010000 48 37
80.080000 48 37
80.150000 48 37
80.220000 48 37
80.290000 48 37
80.360000 48 37
80.430000 48 37
80.500000 48 37
80.570000 48 37
80.640000 48 37
80.710000 48 37
80.780000 48 37
80.850000 48 37
80.920000 48 37
80.990000 48 37
81.060000 48 37
81.130000 48 37
81.200000 48 37
81.270000 48 37
81.340000 48 37
81.410000 48 37
81.480000 48 37
81.550000 48 37
81.620000 48 37
81.690000 48 37
81.760000 48 37
81.830000 48 37
81.900000 48 37
81.970000 48 37
82.040000 48 37
82.110000 48 37
82.180000 48 37
82.250000 48 37
82.320000 48 37
82.390000 48 37
82.460000 48 37
82.530000 48 37
82.600000 48 37
82.670000 48 37
82.740000 48 37
82.810000 48 37
82.880000 48 37
