"elise"

# Piano right
0.000000 0 0
0.070000 0 0
0.140000 0 0
0.210000 0 0
0.280000 0 0
0.350000 0 0
0.420000 0 0
0.490000 0 0
0.560000 0 0
0.630000 0 0
0.700000 0 0
0.770000 0 0
0.840000 0 0
0.910000 76 36
0.980000 76 36
1.050000 76 36
1.120000 75 33
1.190000 75 33
1.260000 75 33
1.330000 76 39
1.400000 76 39
1.470000 76 39
1.540000 75 36
1.610000 75 36
1.680000 75 36
1.750000 76 45
1.820000 76 45
1.890000 76 45
1.960000 71 40
2.030000 71 40
2.100000 71 40
2.170000 74 47
2.240000 74 47
2.310000 74 47
2.380000 72 39
2.450000 72 39
2.520000 72 39
2.590000 0 0
2.660000 69 51
2.730000 69 51
2.800000 69 51
2.870000 69 51
2.940000 69 51
3.010000 69 51
3.080000 0 0
3.150000 0 0
3.220000 0 0
3.290000 60 34
3.360000 60 34
3.430000 0 0
3.500000 64 38
3.570000 64 38
3.640000 0 0
3.710000 69 42
3.780000 69 42
3.850000 69 42
3.920000 71 46
3.990000 71 46
4.060000 71 46
4.130000 71 46
4.200000 71 46
4.270000 71 46
4.340000 0 0
4.410000 0 0
4.480000 0 0
4.550000 0 0
4.620000 64 36
4.690000 64 36
4.760000 64 36
4.830000 68 39
4.900000 68 39
4.970000 68 39
5.040000 71 42
5.110000 71 42
5.180000 71 42
5.250000 72 45
5.320000 72 45
5.390000 72 45
5.460000 72 45
5.530000 72 45
5.600000 72 45
5.670000 0 0
5.740000 0 0
5.810000 0 0
5.880000 64 35
5.950000 64 35
6.020000 64 35
6.090000 76 38
6.160000 76 38
6.230000 76 38
6.300000 0 0
6.370000 75 34
6.440000 75 34
6.510000 75 34
6.580000 76 41
6.650000 76 41
6.720000 0 0
6.790000 75 37
6.860000 75 37
6.930000 0 0
7.000000 76 46
7.070000 76 46
7.140000 76 46
7.210000 71 39
7.280000 71 39
7.350000 71 39
7.420000 74 48
7.490000 74 48
7.560000 74 48
7.630000 72 39
7.700000 72 39
7.770000 72 39
7.840000 69 48
7.910000 69 48
7.980000 69 48
8.050000 69 48
8.120000 69 48
8.190000 69 48
8.260000 0 0
8.330000 0 0
8.400000 0 0
8.470000 60 34
8.540000 60 34
8.610000 60 34
8.680000 64 37
8.750000 64 37
8.820000 64 37
8.890000 69 41
8.960000 69 41
9.030000 69 41
9.100000 0 0
9.170000 71 45
9.240000 71 45
9.310000 71 45
9.380000 71 45
9.450000 71 45
9.520000 71 45
9.590000 0 0
9.660000 0 0
9.730000 0 0
9.800000 64 37
9.870000 64 37
9.940000 64 37
10.010000 72 40
10.080000 72 40
10.150000 72 40
10.220000 71 38
10.290000 71 38
10.360000 71 38
10.430000 69 40
10.500000 69 40
10.570000 69 40
10.640000 69 40
10.710000 69 40
10.780000 69 40
10.850000 0 0
10.920000 0 0
10.990000 0 0
11.060000 0 0
11.130000 0 0
11.200000 0 0
11.270000 0 0
11.340000 0 0
11.410000 76 36
11.480000 76 36
11.550000 76 36
11.620000 75 33
11.690000 75 33
11.760000 75 33
11.830000 76 39
11.900000 76 39
11.970000 76 39
12.040000 0 0
12.110000 75 36
12.180000 75 36
12.250000 75 36
12.320000 76 45
12.390000 76 45
12.460000 76 45
12.530000 71 40
12.600000 71 40
12.670000 71 40
12.740000 74 47
12.810000 74 47
12.880000 74 47
12.950000 72 39
13.020000 72 39
13.090000 72 39
13.160000 69 51
13.230000 69 51
13.300000 69 51
13.370000 69 51
13.440000 69 51
13.510000 69 51
13.580000 0 0
13.650000 0 0
13.720000 0 0
13.790000 60 34
13.860000 60 34
13.930000 0 0
14.000000 64 38
14.070000 64 38
14.140000 0 0
14.210000 69 42
14.280000 69 42
14.350000 69 42
14.420000 0 0
14.490000 71 46
14.560000 71 46
14.630000 71 46
14.700000 71 46
14.770000 71 46
14.840000 71 46
14.910000 0 0
14.980000 0 0
15.050000 0 0
15.120000 64 36
15.190000 64 36
15.260000 64 36
15.330000 68 39
15.400000 68 39
15.470000 68 39
15.540000 71 42
15.610000 71 42
15.680000 71 42
15.750000 72 45
15.820000 72 45
15.890000 72 45
15.960000 72 45
16.030000 72 45
16.100000 72 45
16.170000 0 0
16.240000 0 0
16.310000 0 0
16.380000 0 0
16.450000 64 35
16.520000 64 35
16.590000 64 35
16.660000 76 38
16.730000 76 38
16.800000 76 38
16.870000 75 34
16.940000 75 34
17.010000 75 34
17.080000 76 41
17.150000 76 41
17.220000 76 41
17.290000 75 37
17.360000 75 37
17.430000 75 37
17.500000 76 46
17.570000 76 46
17.640000 76 46
17.710000 71 39
17.780000 71 39
17.850000 71 39
17.920000 74 48
17.990000 74 48
18.060000 74 48
18.130000 72 39
18.200000 72 39
18.270000 72 39
18.340000 0 0
18.410000 69 48
18.480000 69 48
18.550000 69 48
18.620000 69 48
18.690000 69 48
18.760000 69 48
18.830000 0 0
18.900000 0 0
18.970000 0 0
19.040000 60 34
19.110000 60 34
19.180000 60 34
19.250000 64 37
19.320000 64 37
19.390000 64 37
19.460000 69 41
19.530000 69 41
19.600000 69 41
19.670000 71 45
19.740000 71 45
19.810000 71 45
19.880000 71 45
19.950000 71 45
20.020000 71 45
20.090000 0 0
20.160000 0 0
20.230000 0 0
20.300000 0 0
20.370000 64 37
20.440000 64 37
20.510000 64 37
20.580000 72 40
20.650000 72 40
20.720000 72 40
20.790000 71 38
20.860000 71 38
20.930000 71 38
21.000000 69 40
21.070000 69 40
21.140000 69 40
21.210000 69 40
21.280000 69 40
21.350000 69 40
21.420000 0 0
21.490000 0 0
21.560000 0 0
21.630000 0 0
21.700000 71 42
21.770000 71 42
21.840000 71 42
21.910000 72 45
21.980000 72 45
22.050000 72 45
22.120000 74 48
22.190000 74 48
22.260000 74 48
22.330000 0 0
22.400000 76 51
22.470000 76 51
22.540000 76 51
22.610000 76 51
22.680000 76 51
22.750000 76 51
22.820000 76 51
22.890000 76 51
22.960000 76 51
23.030000 67 40
23.100000 67 40
23.170000 67 40
23.240000 77 46
23.310000 77 46
23.380000 77 46
23.450000 76 43
23.520000 76 43
23.590000 76 43
23.660000 74 50
23.730000 74 50
23.800000 74 50
23.870000 74 50
23.940000 74 50
24.010000 74 50
24.080000 74 50
24.150000 74 50
24.220000 74 50
24.290000 65 40
24.360000 65 40
24.430000 65 40
24.500000 0 0
24.570000 76 46
24.640000 76 46
24.710000 76 46
24.780000 74 43
24.850000 74 43
24.920000 74 43
24.990000 72 50
25.060000 72 50
25.130000 72 50
25.200000 72 50
25.270000 72 50
25.340000 72 50
25.410000 72 50
25.480000 72 50
25.550000 72 50
25.620000 64 40
25.690000 64 40
25.760000 64 40
25.830000 74 46
25.900000 74 46
25.970000 74 46
26.040000 72 43
26.110000 72 43
26.180000 72 43
26.250000 0 0
26.320000 71 50
26.390000 71 50
26.460000 71 50
26.530000 71 50
26.600000 71 50
26.670000 71 50
26.740000 0 0
26.810000 0 0
26.880000 0 0
26.950000 64 39
27.020000 64 39
27.090000 64 39
27.160000 76 45
27.230000 76 45
27.300000 0 0
27.370000 0 0
27.440000 0 0
27.510000 0 0
27.580000 0 0
27.650000 0 0
27.720000 0 0
27.790000 0 0
27.860000 76 43
27.930000 76 43
28.000000 76 43
28.070000 88 48
28.140000 88 48
28.210000 0 0
28.280000 0 0
28.350000 0 0
28.420000 0 0
28.490000 0 0
28.560000 0 0
28.630000 0 0
28.700000 75 42
28.770000 75 42
28.840000 75 42
28.910000 76 48
28.980000 76 48
29.050000 0 0
29.120000 0 0
29.190000 0 0
29.260000 0 0
29.330000 0 0
29.400000 0 0
29.470000 0 0
29.540000 0 0
29.610000 75 35
29.680000 75 35
29.750000 75 35
29.820000 76 37
29.890000 76 37
29.960000 76 37
30.030000 75 34
30.100000 75 34
30.170000 75 34
30.240000 76 40
30.310000 76 40
30.380000 76 40
30.450000 75 36
30.520000 75 36
30.590000 75 36
30.660000 0 0
30.730000 76 40
30.800000 76 40
30.870000 76 40
30.940000 71 35
31.010000 71 35
31.080000 71 35
31.150000 74 42
31.220000 74 42
31.290000 74 42
31.360000 72 37
31.430000 72 37
31.500000 72 37
31.570000 0 0
31.640000 69 45
31.710000 69 45
31.780000 69 45
31.850000 69 45
31.920000 69 45
31.990000 69 45
32.060000 0 0
32.130000 0 0
32.200000 0 0
32.270000 60 34
32.340000 60 34
32.410000 0 0
32.480000 64 38
32.550000 64 38
32.620000 0 0
32.690000 69 42
32.760000 69 42
32.830000 69 42
32.900000 71 46
32.970000 71 46
33.040000 71 46
33.110000 71 46
33.180000 71 46
33.250000 71 46
33.320000 0 0
33.390000 0 0
33.460000 0 0
33.530000 64 36
33.600000 64 36
33.670000 64 36
33.740000 68 39
33.810000 68 39
33.880000 68 39
33.950000 0 0
34.020000 71 42
34.090000 71 42
34.160000 71 42
34.230000 72 45
34.300000 72 45
34.370000 72 45
34.440000 72 45
34.510000 72 45
34.580000 72 45
34.650000 0 0
34.720000 0 0
34.790000 0 0
34.860000 64 35
34.930000 64 35
35.000000 64 35
35.070000 76 38
35.140000 76 38
35.210000 76 38
35.280000 75 34
35.350000 75 34
35.420000 75 34
35.490000 0 0
35.560000 76 41
35.630000 76 41
35.700000 76 41
35.770000 75 37
35.840000 75 37
35.910000 75 37
35.980000 76 46
36.050000 76 46
36.120000 76 46
36.190000 71 39
36.260000 71 39
36.330000 71 39
36.400000 74 48
36.470000 74 48
36.540000 74 48
36.610000 72 39
36.680000 72 39
36.750000 72 39
36.820000 69 46
36.890000 69 46
36.960000 69 46
37.030000 69 46
37.100000 69 46
37.170000 69 46
37.240000 0 0
37.310000 0 0
37.380000 0 0
37.450000 60 34
37.520000 60 34
37.590000 60 34
37.660000 64 37
37.730000 64 37
37.800000 64 37
37.870000 69 41
37.940000 69 41
38.010000 69 41
38.080000 0 0
38.150000 71 45
38.220000 71 45
38.290000 71 45
38.360000 71 45
38.430000 71 45
38.500000 71 45
38.570000 0 0
38.640000 0 0
38.710000 0 0
38.780000 64 37
38.850000 64 37
38.920000 64 37
38.990000 72 40
39.060000 72 40
39.130000 72 40
39.200000 71 38
39.270000 71 38
39.340000 71 38
39.410000 69 40
39.480000 69 40
39.550000 69 40
39.620000 69 40
39.690000 69 40
39.760000 69 40
39.830000 0 0
39.900000 0 0
39.970000 0 0
40.040000 0 0
40.110000 71 43
40.180000 71 43
40.250000 71 43
40.320000 72 45
40.390000 72 45
40.460000 72 45
40.530000 0 0
40.600000 74 47
40.670000 74 47
40.740000 74 47
40.810000 76 50
40.880000 76 50
40.950000 76 50
41.020000 76 50
41.090000 76 50
41.160000 76 50
41.230000 76 50
41.300000 76 50
41.370000 76 50
41.440000 67 40
41.510000 67 40
41.580000 67 40
41.650000 77 46
41.720000 77 46
41.790000 77 46
41.860000 76 43
41.930000 76 43
42.000000 76 43
42.070000 74 50
42.140000 74 50
42.210000 74 50
42.280000 74 50
42.350000 74 50
42.420000 74 50
42.490000 74 50
42.560000 74 50
42.630000 74 50
42.700000 0 0
42.770000 65 40
42.840000 65 40
42.910000 65 40
42.980000 76 46
43.050000 76 46
43.120000 76 46
43.190000 74 43
43.260000 74 43
43.330000 74 43
43.400000 72 50
43.470000 72 50
43.540000 72 50
43.610000 72 50
43.680000 72 50
43.750000 72 50
43.820000 72 50
43.890000 72 50
43.960000 72 50
44.030000 64 40
44.100000 64 40
44.170000 64 40
44.240000 0 0
44.310000 74 46
44.380000 74 46
44.450000 74 46
44.520000 72 43
44.590000 72 43
44.660000 72 43
44.730000 71 50
44.800000 71 50
44.870000 71 50
44.940000 71 50
45.010000 71 50
45.080000 71 50
45.150000 0 0
45.220000 0 0
45.290000 0 0
45.360000 64 39
45.430000 64 39
45.500000 64 39
45.570000 76 45
45.640000 76 45
45.710000 0 0
45.780000 0 0
45.850000 0 0
45.920000 0 0
45.990000 0 0
46.060000 0 0
46.130000 0 0
46.200000 0 0
46.270000 76 43
46.340000 76 43
46.410000 76 43
46.480000 88 48
46.550000 88 48
46.620000 0 0
46.690000 0 0
46.760000 0 0
46.830000 0 0
46.900000 0 0
46.970000 0 0
47.040000 0 0
47.110000 75 42
47.180000 75 42
47.250000 75 42
47.320000 76 48
47.390000 76 48
47.460000 0 0
47.530000 0 0
47.600000 0 0
47.670000 0 0
47.740000 0 0
47.810000 0 0
47.880000 0 0
47.950000 0 0
48.020000 75 35
48.090000 75 35
48.160000 75 35
48.230000 76 37
48.300000 76 37
48.370000 76 37
48.440000 75 34
48.510000 75 34
48.580000 75 34
48.650000 76 39
48.720000 76 39
48.790000 76 39
48.860000 75 36
48.930000 75 36
49.000000 75 36
49.070000 0 0
49.140000 76 39
49.210000 76 39
49.280000 76 39
49.350000 71 35
49.420000 71 35
49.490000 71 35
49.560000 74 40
49.630000 74 40
49.700000 74 40
49.770000 72 33
49.840000 72 33
49.910000 72 33
49.980000 0 0
50.050000 69 46
50.120000 69 46
50.190000 69 46
50.260000 69 46
50.330000 69 46
50.400000 69 46
50.470000 0 0
50.540000 0 0
50.610000 0 0
50.680000 60 34
50.750000 60 34
50.820000 0 0
50.890000 64 38
50.960000 64 38
51.030000 0 0
51.100000 69 42
51.170000 69 42
51.240000 69 42
51.310000 71 46
51.380000 71 46
51.450000 71 46
51.520000 71 46
51.590000 71 46
51.660000 71 46
51.730000 0 0
51.800000 0 0
51.870000 0 0
51.940000 0 0
52.010000 64 36
52.080000 64 36
52.150000 64 36
52.220000 68 39
52.290000 68 39
52.360000 68 39
52.430000 71 42
52.500000 71 42
52.570000 71 42
52.640000 72 45
52.710000 72 45
52.780000 72 45
52.850000 72 45
52.920000 72 45
52.990000 72 45
53.060000 0 0
53.130000 0 0
53.200000 0 0
53.270000 64 35
53.340000 64 35
53.410000 64 35
53.480000 76 38
53.550000 76 38
53.620000 76 38
53.690000 75 34
53.760000 75 34
53.830000 75 34
53.900000 76 41
53.970000 76 41
54.040000 76 41
54.110000 0 0
54.180000 75 37
54.250000 75 37
54.320000 75 37
54.390000 76 46
54.460000 76 46
54.530000 76 46
54.600000 71 39
54.670000 71 39
54.740000 71 39
54.810000 74 48
54.880000 74 48
54.950000 74 48
55.020000 72 39
55.090000 72 39
55.160000 72 39
55.230000 69 48
55.300000 69 48
55.370000 69 48
55.440000 69 48
55.510000 69 48
55.580000 69 48
55.650000 0 0
55.720000 0 0
55.790000 0 0
55.860000 0 0
55.930000 60 34
56.000000 60 34
56.070000 60 34
56.140000 64 37
56.210000 64 37
56.280000 64 37
56.350000 69 41
56.420000 69 41
56.490000 69 41
56.560000 71 45
56.630000 71 45
56.700000 71 45
56.770000 71 45
56.840000 71 45
56.910000 71 45
56.980000 0 0
57.050000 0 0
57.120000 0 0
57.190000 64 37
57.260000 64 37
57.330000 64 37
57.400000 0 0
57.470000 72 40
57.540000 72 40
57.610000 72 40
57.680000 71 38
57.750000 71 38
57.820000 71 38
57.890000 69 40
57.960000 69 40
58.030000 69 40
58.100000 69 40
58.170000 69 40
58.240000 69 40
58.310000 0 0
58.380000 0 0
58.450000 0 0
58.520000 0 0
58.590000 64 40
58.660000 64 40
58.730000 0 0
58.800000 0 0
58.870000 65 41
58.940000 65 41
59.010000 0 0
59.080000 64 43
59.150000 0 0
59.220000 65 43
59.290000 69 41
59.360000 72 55
59.430000 72 55
59.500000 72 55
59.570000 72 55
59.640000 72 55
59.710000 72 55
59.780000 72 55
59.850000 72 55
59.920000 72 55
59.990000 72 55
60.060000 72 55
60.130000 72 55
60.200000 0 0
60.270000 77 57
60.340000 77 57
60.410000 77 57
60.480000 77 57
60.550000 0 0
60.620000 76 52
60.690000 0 0
60.760000 76 57
60.830000 76 57
60.900000 76 57
60.970000 76 57
61.040000 76 57
61.110000 76 57
61.180000 74 51
61.250000 74 51
61.320000 74 51
61.390000 74 51
61.460000 74 51
61.530000 74 51
61.600000 0 0
61.670000 82 62
61.740000 82 62
61.810000 82 62
61.880000 82 62
61.950000 81 56
62.020000 0 0
62.090000 81 56
62.160000 81 56
62.230000 81 56
62.300000 79 56
62.370000 79 56
62.440000 79 56
62.510000 77 55
62.580000 77 55
62.650000 77 55
62.720000 76 55
62.790000 76 55
62.860000 76 55
62.930000 0 0
63.000000 74 55
63.070000 74 55
63.140000 74 55
63.210000 72 54
63.280000 72 54
63.350000 72 54
63.420000 70 54
63.490000 70 54
63.560000 70 54
63.630000 70 54
63.700000 70 54
63.770000 70 54
63.840000 69 51
63.910000 69 51
63.980000 69 51
64.050000 69 51
64.120000 69 51
64.190000 0 0
64.260000 0 0
64.330000 69 49
64.400000 67 50
64.470000 0 0
64.540000 69 51
64.610000 0 0
64.680000 70 52
64.750000 72 54
64.820000 72 54
64.890000 72 54
64.960000 72 54
65.030000 72 54
65.100000 72 54
65.170000 72 54
65.240000 72 54
65.310000 72 54
65.380000 72 54
65.450000 72 54
65.520000 72 54
65.590000 0 0
65.660000 74 55
65.730000 74 55
65.800000 74 55
65.870000 75 57
65.940000 75 57
66.010000 75 57
66.080000 76 59
66.150000 76 59
66.220000 76 59
66.290000 76 59
66.360000 76 59
66.430000 76 59
66.500000 76 59
66.570000 76 59
66.640000 76 59
66.710000 0 0
66.780000 76 58
66.850000 76 58
66.920000 76 58
66.990000 77 63
67.060000 77 63
67.130000 77 63
67.200000 69 58
67.270000 69 58
67.340000 69 58
67.410000 72 64
67.480000 72 64
67.550000 72 64
67.620000 72 64
67.690000 72 64
67.760000 72 64
67.830000 72 64
67.900000 72 64
67.970000 72 64
68.040000 72 64
68.110000 72 64
68.180000 72 64
68.250000 0 0
68.320000 74 64
68.390000 74 64
68.460000 74 64
68.530000 74 64
68.600000 0 0
68.670000 71 57
68.740000 72 64
68.810000 0 0
68.880000 79 57
68.950000 0 0
69.020000 67 64
69.090000 79 57
69.160000 0 0
69.230000 69 64
69.300000 79 63
69.370000 0 0
69.440000 71 66
69.510000 79 63
69.580000 0 0
69.650000 72 68
69.720000 79 66
69.790000 0 0
69.860000 74 70
69.930000 79 65
70.000000 0 0
70.070000 76 72
70.140000 0 0
70.210000 79 63
70.280000 84 67
70.350000 0 0
70.420000 83 62
70.490000 81 67
70.560000 0 0
70.630000 79 62
70.700000 77 67
70.770000 0 0
70.840000 76 61
70.910000 0 0
70.980000 74 69
71.050000 79 63
71.120000 0 0
71.190000 77 69
71.260000 74 64
71.330000 0 0
71.400000 72 64
71.470000 0 0
71.540000 79 57
71.610000 67 64
71.680000 0 0
71.750000 79 57
71.820000 69 64
71.890000 0 0
71.960000 79 63
72.030000 0 0
72.100000 71 66
72.170000 79 63
72.240000 0 0
72.310000 72 68
72.380000 79 66
72.450000 0 0
72.520000 74 70
72.590000 79 65
72.660000 0 0
72.730000 76 72
72.800000 79 65
72.870000 0 0
72.940000 84 69
73.010000 83 64
73.080000 0 0
73.150000 81 70
73.220000 0 0
73.290000 79 60
73.360000 77 64
73.430000 0 0
73.500000 76 55
73.570000 74 65
73.640000 0 0
73.710000 79 57
73.780000 77 63
73.850000 0 0
73.920000 74 53
73.990000 0 0
74.060000 76 57
74.130000 77 50
74.200000 0 0
74.270000 76 50
74.340000 0 0
74.410000 75 50
74.480000 76 57
74.550000 0 0
74.620000 71 49
74.690000 0 0
74.760000 76 54
74.830000 75 52
74.900000 0 0
74.970000 76 57
75.040000 0 0
75.110000 71 51
75.180000 76 54
75.250000 0 0
75.320000 75 49
75.390000 0 0
75.460000 76 57
75.530000 76 57
75.600000 76 57
75.670000 76 57
75.740000 76 57
75.810000 76 57
75.880000 76 57
75.950000 76 57
76.020000 76 57
76.090000 0 0
76.160000 71 52
76.230000 71 52
76.300000 71 52
76.370000 76 57
76.440000 76 57
76.510000 76 57
76.580000 75 49
76.650000 75 49
76.720000 75 49
76.790000 76 56
76.860000 76 56
76.930000 76 56
77.000000 76 56
77.070000 76 56
77.140000 76 56
77.210000 76 56
77.280000 76 56
77.350000 76 56
77.420000 0 0
77.490000 71 42
77.560000 71 42
77.630000 71 42
77.700000 76 50
77.770000 76 50
77.840000 0 0
77.910000 0 0
77.980000 0 0
78.050000 0 0
78.120000 0 0
78.190000 0 0
78.260000 0 0
78.330000 75 39
78.400000 75 39
78.470000 75 39
78.540000 76 41
78.610000 76 41
78.680000 0 0
78.750000 0 0
78.820000 0 0
78.890000 0 0
78.960000 0 0
79.030000 0 0
79.100000 0 0
79.170000 75 34
79.240000 75 34
79.310000 75 34
79.380000 0 0
79.450000 76 40
79.520000 76 40
79.590000 76 40
79.660000 75 36
79.730000 75 36
79.800000 75 36
79.870000 76 40
79.940000 76 40
80.010000 76 40
80.080000 71 36
80.150000 71 36
80.220000 71 36
80.290000 74 43
80.360000 74 43
80.430000 74 43
80.500000 72 35
80.570000 72 35
80.640000 72 35
80.710000 0 0
80.780000 69 45
80.850000 69 45
80.920000 69 45
80.990000 69 45
81.060000 69 45
81.130000 69 45
81.200000 0 0
81.270000 0 0
81.340000 0 0
81.410000 60 34
81.480000 60 34
81.550000 0 0
81.620000 64 38
81.690000 64 38
81.760000 0 0
81.830000 69 42
81.900000 69 42
81.970000 69 42
82.040000 71 46
82.110000 71 46
82.180000 71 46
82.250000 71 46
82.320000 71 46
82.390000 71 46
82.460000 0 0
82.530000 0 0
82.600000 0 0
82.670000 0 0
82.740000 64 36
82.810000 64 36
82.880000 64 36
82.950000 68 39
83.020000 68 39
83.090000 68 39
83.160000 71 42
83.230000 71 42
83.300000 71 42
83.370000 72 45
83.440000 72 45
83.510000 72 45
83.580000 72 45
83.650000 72 45
83.720000 72 45
83.790000 0 0
83.860000 0 0
83.930000 0 0
84.000000 64 35
84.070000 64 35
84.140000 64 35
84.210000 0 0
84.280000 76 38
84.350000 76 38
84.420000 76 38
84.490000 75 34
84.560000 75 34
84.630000 75 34
84.700000 76 41
84.770000 76 41
84.840000 76 41
84.910000 75 37
84.980000 75 37
85.050000 75 37
85.120000 76 46
85.190000 76 46
85.260000 76 46
85.330000 71 39
85.400000 71 39
85.470000 71 39
85.540000 74 48
85.610000 74 48
85.680000 74 48
85.750000 72 39
85.820000 72 39
85.890000 72 39
85.960000 69 48
86.030000 69 48
86.100000 69 48
86.170000 69 48
86.240000 69 48
86.310000 69 48
86.380000 0 0
86.450000 0 0
86.520000 0 0
86.590000 0 0
86.660000 60 34
86.730000 60 34
86.800000 60 34
86.870000 64 37
86.940000 64 37
87.010000 64 37
87.080000 69 41
87.150000 69 41
87.220000 69 41
87.290000 71 45
87.360000 71 45
87.430000 71 45
87.500000 71 45
87.570000 71 45
87.640000 71 45
87.710000 0 0
87.780000 0 0
87.850000 0 0
87.920000 64 37
87.990000 64 37
88.060000 64 37
88.130000 72 40
88.200000 72 40
88.270000 72 40
88.340000 0 0
88.410000 71 38
88.480000 71 38
88.550000 71 38
88.620000 69 40
88.690000 69 40
88.760000 69 40
88.830000 69 40
88.900000 69 40
88.970000 69 40
89.040000 0 0
89.110000 0 0
89.180000 0 0
89.250000 0 0
89.320000 71 44
89.390000 71 44
89.460000 71 44
89.530000 72 46
89.600000 72 46
89.670000 72 46
89.740000 74 48
89.810000 74 48
89.880000 74 48
89.950000 76 52
90.020000 76 52
90.090000 76 52
90.160000 76 52
90.230000 76 52
90.300000 76 52
90.370000 76 52
90.440000 76 52
90.510000 76 52
90.580000 67 40
90.650000 67 40
90.720000 67 40
90.790000 0 0
90.860000 77 46
90.930000 77 46
91.000000 77 46
91.070000 76 43
91.140000 76 43
91.210000 76 43
91.280000 74 50
91.350000 74 50
91.420000 74 50
91.490000 74 50
91.560000 74 50
91.630000 74 50
91.700000 74 50
91.770000 74 50
91.840000 74 50
91.910000 65 40
91.980000 65 40
92.050000 65 40
92.120000 76 46
92.190000 76 46
92.260000 76 46
92.330000 74 43
92.400000 74 43
92.470000 74 43
92.540000 0 0
92.610000 72 50
92.680000 72 50
92.750000 72 50
92.820000 72 50
92.890000 72 50
92.960000 72 50
93.030000 72 50
93.100000 72 50
93.170000 72 50
93.240000 64 40
93.310000 64 40
93.380000 64 40
93.450000 74 46
93.520000 74 46
93.590000 74 46
93.660000 72 43
93.730000 72 43
93.800000 72 43
93.870000 71 50
93.940000 71 50
94.010000 71 50
94.080000 71 50
94.150000 71 50
94.220000 71 50
94.290000 0 0
94.360000 0 0
94.430000 0 0
94.500000 0 0
94.570000 64 39
94.640000 64 39
94.710000 64 39
94.780000 76 45
94.850000 76 45
94.920000 0 0
94.990000 0 0
95.060000 0 0
95.130000 0 0
95.200000 0 0
95.270000 0 0
95.340000 0 0
95.410000 76 43
95.480000 76 43
95.550000 76 43
95.620000 0 0
95.690000 88 48
95.760000 88 48
95.830000 0 0
95.900000 0 0
95.970000 0 0
96.040000 0 0
96.110000 0 0
96.180000 0 0
96.250000 0 0
96.320000 75 42
96.390000 75 42
96.460000 75 42
96.530000 76 48
96.600000 76 48
96.670000 0 0
96.740000 0 0
96.810000 0 0
96.880000 0 0
96.950000 0 0
97.020000 0 0
97.090000 0 0
97.160000 75 35
97.230000 75 35
97.300000 75 35
97.370000 76 37
97.440000 76 37
97.510000 76 37
97.580000 0 0
97.650000 75 34
97.720000 75 34
97.790000 75 34
97.860000 76 40
97.930000 76 40
98.000000 76 40
98.070000 75 36
98.140000 75 36
98.210000 75 36
98.280000 76 43
98.350000 76 43
98.420000 76 43
98.490000 71 38
98.560000 71 38
98.630000 71 38
98.700000 0 0
98.770000 74 44
98.840000 74 44
98.910000 74 44
98.980000 72 38
99.050000 72 38
99.120000 72 38
99.190000 69 47
99.260000 69 47
99.330000 69 47
99.400000 69 47
99.470000 69 47
99.540000 69 47
99.610000 0 0
99.680000 0 0
99.750000 0 0
99.820000 60 34
99.890000 60 34
99.960000 0 0
100.030000 64 38
100.100000 64 38
100.170000 0 0
100.240000 69 42
100.310000 69 42
100.380000 69 42
100.450000 0 0
100.520000 71 46
100.590000 71 46
100.660000 71 46
100.730000 71 46
100.800000 71 46
100.870000 71 46
100.940000 0 0
101.010000 0 0
101.080000 0 0
101.150000 64 36
101.220000 64 36
101.290000 64 36
101.360000 68 39
101.430000 68 39
101.500000 68 39
101.570000 71 42
101.640000 71 42
101.710000 71 42
101.780000 72 45
101.850000 72 45
101.920000 72 45
101.990000 72 45
102.060000 72 45
102.130000 72 45
102.200000 0 0
102.270000 0 0
102.340000 0 0
102.410000 0 0
102.480000 64 35
102.550000 64 35
102.620000 64 35
102.690000 76 38
102.760000 76 38
102.830000 76 38
102.900000 75 34
102.970000 75 34
103.040000 75 34
103.110000 76 41
103.180000 76 41
103.250000 0 0
103.320000 75 37
103.390000 75 37
103.460000 0 0
103.530000 76 41
103.600000 76 41
103.670000 76 41
103.740000 71 34
103.810000 71 34
103.880000 71 34
103.950000 74 45
104.020000 74 45
104.090000 74 45
104.160000 72 36
104.230000 72 36
104.300000 72 36
104.370000 69 46
104.440000 69 46
104.510000 69 46
104.580000 69 46
104.650000 69 46
104.720000 69 46
104.790000 0 0
104.860000 0 0
104.930000 0 0
105.000000 0 0
105.070000 60 34
105.140000 60 34
105.210000 60 34
105.280000 64 37
105.350000 64 37
105.420000 64 37
105.490000 69 41
105.560000 69 41
105.630000 69 41
105.700000 71 45
105.770000 71 45
105.840000 71 45
105.910000 71 45
105.980000 71 45
106.050000 71 45
106.120000 0 0
106.190000 0 0
106.260000 0 0
106.330000 64 37
106.400000 64 37
106.470000 64 37
106.540000 0 0
106.610000 72 40
106.680000 72 40
106.750000 72 40
106.820000 71 38
106.890000 71 38
106.960000 71 38
107.030000 69 40
107.100000 69 40
107.170000 69 40
107.240000 69 40
107.310000 69 40
107.380000 69 40
107.450000 0 0
107.520000 0 0
107.590000 0 0
107.660000 0 0
107.730000 0 0
107.800000 0 0
107.870000 0 0
107.940000 0 0
108.010000 0 0
108.080000 0 0
108.150000 0 0
108.220000 0 0
108.290000 0 0
108.360000 70 45
108.430000 70 45
108.500000 70 45
108.570000 70 45
108.640000 70 45
108.710000 70 45
108.780000 70 45
108.850000 70 45
108.920000 70 45
108.990000 70 45
109.060000 70 45
109.130000 70 45
109.200000 70 45
109.270000 70 45
109.340000 70 45
109.410000 70 45
109.480000 70 45
109.550000 70 45
109.620000 0 0
109.690000 65 49
109.760000 65 49
109.830000 65 49
109.900000 65 49
109.970000 65 49
110.040000 65 49
110.110000 65 49
110.180000 65 49
110.250000 65 49
110.320000 65 49
110.390000 65 49
110.460000 65 49
110.530000 73 54
110.600000 73 54
110.670000 0 0
110.740000 74 59
110.810000 74 59
110.880000 0 0
110.950000 68 65
111.020000 68 65
111.090000 68 65
111.160000 68 65
111.230000 68 65
111.300000 68 65
111.370000 68 65
111.440000 68 65
111.510000 68 65
111.580000 68 65
111.650000 68 65
111.720000 68 65
111.790000 68 63
111.860000 68 63
111.930000 68 63
112.000000 68 63
112.070000 68 63
112.140000 68 63
112.210000 0 0
112.280000 69 60
112.350000 69 60
112.420000 69 60
112.490000 69 60
112.560000 69 60
112.630000 69 60
112.700000 69 60
112.770000 69 60
112.840000 69 60
112.910000 69 60
112.980000 69 60
113.050000 69 60
113.120000 69 60
113.190000 69 60
113.260000 69 60
113.330000 69 60
113.400000 69 60
113.470000 69 60
113.540000 65 69
113.610000 65 69
113.680000 65 69
113.750000 65 69
113.820000 65 69
113.890000 65 69
113.960000 65 69
114.030000 65 69
114.100000 65 69
114.170000 65 69
114.240000 65 69
114.310000 65 69
114.380000 0 0
114.450000 64 61
114.520000 64 61
114.590000 0 0
114.660000 62 61
114.730000 62 61
114.800000 0 0
114.870000 60 67
114.940000 60 67
115.010000 60 67
115.080000 60 67
115.150000 60 67
115.220000 60 67
115.290000 60 67
115.360000 60 67
115.430000 60 67
115.500000 60 67
115.570000 60 67
115.640000 60 67
115.710000 60 66
115.780000 60 66
115.850000 60 66
115.920000 60 66
115.990000 60 66
116.060000 60 66
116.130000 60 68
116.200000 60 68
116.270000 60 68
116.340000 60 68
116.410000 60 68
116.480000 60 68
116.550000 0 0
116.620000 64 66
116.690000 64 66
116.760000 64 66
116.830000 64 66
116.900000 64 66
116.970000 64 66
117.040000 62 61
117.110000 62 61
117.180000 62 61
117.250000 62 61
117.320000 62 61
117.390000 62 61
117.460000 0 0
117.530000 60 56
117.600000 60 56
117.670000 60 56
117.740000 60 56
117.810000 60 56
117.880000 60 56
117.950000 60 56
118.020000 60 56
118.090000 60 56
118.160000 60 56
118.230000 60 56
118.300000 60 56
118.370000 60 56
118.440000 60 56
118.510000 60 56
118.580000 60 56
118.650000 60 56
118.720000 60 56
118.790000 70 45
118.860000 70 45
118.930000 70 45
119.000000 70 45
119.070000 70 45
119.140000 70 45
119.210000 70 45
119.280000 70 45
119.350000 70 45
119.420000 70 45
119.490000 70 45
119.560000 70 45
119.630000 70 45
119.700000 70 45
119.770000 70 45
119.840000 70 45
119.910000 70 45
119.980000 70 45
120.050000 0 0
120.120000 65 49
120.190000 65 49
120.260000 65 49
120.330000 65 49
120.400000 65 49
120.470000 65 49
120.540000 65 49
120.610000 65 49
120.680000 65 49
120.750000 65 49
120.820000 65 49
120.890000 65 49
120.960000 73 54
121.030000 73 54
121.100000 0 0
121.170000 74 59
121.240000 74 59
121.310000 0 0
121.380000 0 0
121.450000 74 65
121.520000 74 65
121.590000 74 65
121.660000 74 65
121.730000 74 65
121.800000 74 65
121.870000 74 65
121.940000 74 65
122.010000 74 65
122.080000 74 65
122.150000 74 65
122.220000 0 0
122.290000 74 63
122.360000 74 63
122.430000 74 63
122.500000 74 63
122.570000 74 63
122.640000 74 63
122.710000 74 60
122.780000 74 60
122.850000 74 60
122.920000 74 60
122.990000 74 60
123.060000 74 60
123.130000 74 60
123.200000 74 60
123.270000 74 60
123.340000 74 60
123.410000 74 60
123.480000 74 60
123.550000 74 60
123.620000 74 60
123.690000 74 60
123.760000 74 60
123.830000 74 60
123.900000 74 60
123.970000 0 0
124.040000 67 69
124.110000 67 69
124.180000 67 69
124.250000 67 69
124.320000 67 69
124.390000 67 69
124.460000 67 69
124.530000 67 69
124.600000 67 69
124.670000 67 69
124.740000 67 69
124.810000 67 69
124.880000 65 61
124.950000 65 61
125.020000 0 0
125.090000 63 61
125.160000 63 61
125.230000 0 0
125.300000 62 67
125.370000 62 67
125.440000 62 67
125.510000 62 67
125.580000 62 67
125.650000 62 67
125.720000 62 67
125.790000 62 67
125.860000 62 67
125.930000 62 67
126.000000 62 67
126.070000 62 67
126.140000 65 66
126.210000 65 66
126.280000 65 66
126.350000 65 66
126.420000 65 66
126.490000 65 66
126.560000 0 0
126.630000 65 68
126.700000 65 68
126.770000 65 68
126.840000 65 68
126.910000 65 68
126.980000 65 68
127.050000 65 68
127.120000 65 68
127.190000 65 68
127.260000 65 68
127.330000 65 68
127.400000 65 68
127.470000 65 61
127.540000 65 61
127.610000 65 61
127.680000 65 61
127.750000 65 61
127.820000 65 61
127.890000 0 0
127.960000 64 61
128.030000 64 61
128.100000 64 61
128.170000 64 61
128.240000 64 61
128.310000 64 61
128.380000 64 61
128.450000 64 61
128.520000 64 61
128.590000 64 61
128.660000 64 61
128.730000 64 61
128.800000 0 0
128.870000 0 0
128.940000 0 0
129.010000 0 0
129.080000 0 0
129.150000 0 0
129.220000 0 0
129.290000 64 49
129.360000 64 49
129.430000 64 49
129.500000 64 49
129.570000 64 49
129.640000 64 49
129.710000 0 0
129.780000 0 0
129.850000 0 0
129.920000 0 0
129.990000 0 0
130.060000 0 0
130.130000 0 0
130.200000 0 0
130.270000 0 0
130.340000 0 0
130.410000 0 0
130.480000 0 0
130.550000 0 0
130.620000 0 0
130.690000 57 42
130.760000 57 42
130.830000 60 44
130.900000 60 44
130.970000 64 45
131.040000 64 45
131.110000 69 47
131.180000 69 47
131.250000 72 43
131.320000 72 43
131.390000 76 43
131.460000 76 43
131.530000 74 47
131.600000 74 47
131.670000 72 43
131.740000 72 43
131.810000 71 43
131.880000 71 43
131.950000 69 45
132.020000 69 45
132.090000 72 47
132.160000 72 47
132.230000 0 0
132.300000 76 48
132.370000 76 48
132.440000 81 50
132.510000 81 50
132.580000 84 47
132.650000 84 47
132.720000 88 47
132.790000 88 47
132.860000 86 52
132.930000 86 52
133.000000 84 47
133.070000 84 47
133.140000 83 47
133.210000 83 47
133.280000 81 49
133.350000 81 49
133.420000 84 51
133.490000 84 51
133.560000 88 53
133.630000 88 53
133.700000 93 53
133.770000 93 53
133.840000 96 50
133.910000 96 50
133.980000 100 50
134.050000 100 50
134.120000 98 54
134.190000 98 54
134.260000 96 49
134.330000 96 49
134.400000 95 50
134.470000 95 50
134.540000 94 54
134.610000 0 0
134.680000 93 50
134.750000 0 0
134.820000 92 49
134.890000 0 0
134.960000 91 51
135.030000 0 0
135.100000 90 49
135.170000 0 0
135.240000 89 48
135.310000 0 0
135.380000 88 51
135.450000 0 0
135.520000 87 49
135.590000 0 0
135.660000 86 50
135.730000 0 0
135.800000 85 50
135.870000 0 0
135.940000 84 49
136.010000 0 0
136.080000 83 49
136.150000 0 0
136.220000 82 48
136.290000 0 0
136.360000 81 48
136.430000 81 48
136.500000 80 47
136.570000 80 47
136.640000 79 47
136.710000 79 47
136.780000 78 46
136.850000 78 46
136.920000 77 46
136.990000 77 46
137.060000 0 0
137.130000 76 39
137.200000 76 39
137.270000 76 39
137.340000 75 36
137.410000 75 36
137.480000 75 36
137.550000 0 0
137.620000 76 41
137.690000 76 41
137.760000 76 41
137.830000 71 35
137.900000 71 35
137.970000 71 35
138.040000 74 43
138.110000 74 43
138.180000 74 43
138.250000 72 39
138.320000 72 39
138.390000 72 39
138.460000 0 0
138.530000 69 46
138.600000 69 46
138.670000 69 46
138.740000 69 46
138.810000 69 46
138.880000 69 46
138.950000 0 0
139.020000 0 0
139.090000 0 0
139.160000 60 34
139.230000 60 34
139.300000 0 0
139.370000 64 38
139.440000 64 38
139.510000 0 0
139.580000 69 42
139.650000 69 42
139.720000 69 42
139.790000 71 46
139.860000 71 46
139.930000 71 46
140.000000 71 46
140.070000 71 46
140.140000 71 46
140.210000 0 0
140.280000 0 0
140.350000 0 0
140.420000 64 36
140.490000 64 36
140.560000 64 36
140.630000 68 39
140.700000 68 39
140.770000 68 39
140.840000 71 42
140.910000 71 42
140.980000 71 42
141.050000 0 0
141.120000 72 45
141.190000 72 45
141.260000 72 45
141.330000 72 45
141.400000 72 45
141.470000 72 45
141.540000 0 0
141.610000 0 0
141.680000 0 0
141.750000 64 35
141.820000 64 35
141.890000 64 35
141.960000 76 38
142.030000 76 38
142.100000 76 38
142.170000 75 34
142.240000 75 34
142.310000 75 34
142.380000 76 41
142.450000 76 41
142.520000 76 41
142.590000 0 0
142.660000 75 37
142.730000 75 37
142.800000 75 37
142.870000 76 46
142.940000 76 46
143.010000 76 46
143.080000 71 39
143.150000 71 39
143.220000 71 39
143.290000 74 48
143.360000 74 48
143.430000 74 48
143.500000 72 39
143.570000 72 39
143.640000 72 39
143.710000 69 48
143.780000 69 48
143.850000 69 48
143.920000 69 48
143.990000 69 48
144.060000 69 48
144.130000 0 0
144.200000 0 0
144.270000 0 0
144.340000 60 34
144.410000 60 34
144.480000 60 34
144.550000 64 37
144.620000 64 37
144.690000 64 37
144.760000 69 41
144.830000 69 41
144.900000 69 41
144.970000 0 0
145.040000 71 45
145.110000 71 45
145.180000 71 45
145.250000 71 45
145.320000 71 45
145.390000 71 45
145.460000 0 0
145.530000 0 0
145.600000 0 0
145.670000 64 37
145.740000 64 37
145.810000 64 37
145.880000 72 40
145.950000 72 40
146.020000 72 40
146.090000 71 38
146.160000 71 38
146.230000 71 38
146.300000 0 0
146.370000 69 40
146.440000 69 40
146.510000 69 40
146.580000 69 40
146.650000 69 40
146.720000 69 40
146.790000 0 0
146.860000 0 0
146.930000 0 0
147.000000 71 38
147.070000 71 38
147.140000 71 38
147.210000 72 42
147.280000 72 42
147.350000 72 42
147.420000 0 0
147.490000 74 46
147.560000 74 46
147.630000 74 46
147.700000 76 50
147.770000 76 50
147.840000 76 50
147.910000 76 50
147.980000 76 50
148.050000 76 50
148.120000 76 50
148.190000 76 50
148.260000 76 50
148.330000 67 40
148.400000 67 40
148.470000 67 40
148.540000 77 46
148.610000 77 46
148.680000 77 46
148.750000 76 43
148.820000 76 43
148.890000 76 43
148.960000 74 50
149.030000 74 50
149.100000 74 50
149.170000 74 50
149.240000 74 50
149.310000 74 50
149.380000 74 50
149.450000 74 50
149.520000 74 50
149.590000 0 0
149.660000 65 40
149.730000 65 40
149.800000 65 40
149.870000 76 46
149.940000 76 46
150.010000 76 46
150.080000 74 43
150.150000 74 43
150.220000 74 43
150.290000 72 50
150.360000 72 50
150.430000 72 50
150.500000 72 50
150.570000 72 50
150.640000 72 50
150.710000 72 50
150.780000 72 50
150.850000 72 50
150.920000 64 40
150.990000 64 40
151.060000 64 40
151.130000 0 0
151.200000 74 46
151.270000 74 46
151.340000 74 46
151.410000 72 43
151.480000 72 43
151.550000 72 43
151.620000 71 50
151.690000 71 50
151.760000 71 50
151.830000 71 50
151.900000 71 50
151.970000 71 50
152.040000 0 0
152.110000 0 0
152.180000 0 0
152.250000 64 39
152.320000 64 39
152.390000 64 39
152.460000 76 45
152.530000 76 45
152.600000 0 0
152.670000 0 0
152.740000 0 0
152.810000 0 0
152.880000 0 0
152.950000 0 0
153.020000 0 0
153.090000 0 0
153.160000 76 43
153.230000 76 43
153.300000 76 43
153.370000 88 48
153.440000 88 48
153.510000 0 0
153.580000 0 0
153.650000 0 0
153.720000 0 0
153.790000 0 0
153.860000 0 0
153.930000 0 0
154.000000 75 42
154.070000 75 42
154.140000 75 42
154.210000 76 48
154.280000 76 48
154.350000 0 0
154.420000 0 0
154.490000 0 0
154.560000 0 0
154.630000 0 0
154.700000 0 0
154.770000 0 0
154.840000 0 0
154.910000 75 35
154.980000 75 35
155.050000 75 35
155.120000 76 37
155.190000 76 37
155.260000 76 37
155.330000 75 34
155.400000 75 34
155.470000 75 34
155.540000 76 40
155.610000 76 40
155.680000 76 40
155.750000 75 36
155.820000 75 36
155.890000 75 36
155.960000 0 0
156.030000 76 42
156.100000 76 42
156.170000 76 42
156.240000 71 36
156.310000 71 36
156.380000 71 36
156.450000 74 43
156.520000 74 43
156.590000 74 43
156.660000 72 35
156.730000 72 35
156.800000 72 35
156.870000 0 0
156.940000 69 48
157.010000 69 48
157.080000 69 48
157.150000 69 48
157.220000 69 48
157.290000 69 48
157.360000 0 0
157.430000 0 0
157.500000 0 0
157.570000 60 34
157.640000 60 34
157.710000 0 0
157.780000 64 38
157.850000 64 38
157.920000 0 0
157.990000 69 42
158.060000 69 42
158.130000 69 42
158.200000 71 46
158.270000 71 46
158.340000 71 46
158.410000 71 46
158.480000 71 46
158.550000 71 46
158.620000 0 0
158.690000 0 0
158.760000 0 0
158.830000 64 36
158.900000 64 36
158.970000 64 36
159.040000 68 39
159.110000 68 39
159.180000 68 39
159.250000 71 42
159.320000 71 42
159.390000 71 42
159.460000 0 0
159.530000 72 45
159.600000 72 45
159.670000 72 45
159.740000 72 45
159.810000 72 45
159.880000 72 45
159.950000 0 0
160.020000 0 0
160.090000 0 0
160.160000 64 35
160.230000 64 35
160.300000 64 35
160.370000 76 38
160.440000 76 38
160.510000 76 38
160.580000 75 34
160.650000 75 34
160.720000 75 34
160.790000 76 41
160.860000 76 41
160.930000 0 0
161.000000 75 37
161.070000 75 37
161.140000 0 0
161.210000 76 46
161.280000 76 46
161.350000 76 46
161.420000 71 39
161.490000 71 39
161.560000 71 39
161.630000 74 48
161.700000 74 48
161.770000 74 48
161.840000 0 0
161.910000 72 39
161.980000 72 39
162.050000 72 39
162.120000 69 48
162.190000 69 48
162.260000 69 48
162.330000 69 48
162.400000 69 48
162.470000 69 48
162.540000 0 0
162.610000 0 0
162.680000 0 0
162.750000 60 34
162.820000 60 34
162.890000 60 34
162.960000 64 37
163.030000 64 37
163.100000 64 37
163.170000 69 41
163.240000 69 41
163.310000 69 41
163.380000 71 45
163.450000 71 45
163.520000 71 45
163.590000 71 45
163.660000 71 45
163.730000 71 45
163.800000 0 0
163.870000 0 0
163.940000 0 0
164.010000 0 0
164.080000 64 37
164.150000 64 37
164.220000 64 37
164.290000 72 40
164.360000 72 40
164.430000 72 40
164.500000 0 0
164.570000 71 38
164.640000 71 38
164.710000 71 38
164.780000 71 38
164.850000 71 38
164.920000 71 38
164.990000 69 36
165.060000 69 36
165.130000 69 36
165.200000 69 36
165.270000 69 36
165.340000 69 36
165.410000 69 36
165.480000 69 36
165.550000 0 0
# Piano left
0.000000 0 0
0.070000 0 0
0.140000 0 0
0.210000 0 0
0.280000 0 0
0.350000 0 0
0.420000 0 0
0.490000 0 0
0.560000 0 0
0.630000 0 0
0.700000 0 0
0.770000 0 0
0.840000 0 0
0.910000 0 0
0.980000 0 0
1.050000 0 0
1.120000 0 0
1.190000 0 0
1.260000 0 0
1.330000 0 0
1.400000 0 0
1.470000 0 0
1.540000 0 0
1.610000 0 0
1.680000 0 0
1.750000 0 0
1.820000 0 0
1.890000 0 0
1.960000 0 0
2.030000 0 0
2.100000 0 0
2.170000 0 0
2.240000 0 0
2.310000 0 0
2.380000 0 0
2.450000 0 0
2.520000 0 0
2.590000 0 0
2.660000 45 37
2.730000 45 37
2.800000 45 37
2.870000 52 33
2.940000 52 33
3.010000 52 33
3.080000 57 33
3.150000 57 33
3.220000 57 33
3.290000 0 0
3.360000 0 0
3.430000 0 0
3.500000 0 0
3.570000 0 0
3.640000 0 0
3.710000 0 0
3.780000 0 0
3.850000 0 0
3.920000 40 40
3.990000 40 40
4.060000 40 40
4.130000 52 33
4.200000 52 33
4.270000 52 33
4.340000 0 0
4.410000 56 34
4.480000 56 34
4.550000 56 34
4.620000 0 0
4.690000 0 0
4.760000 0 0
4.830000 0 0
4.900000 0 0
4.970000 0 0
5.040000 0 0
5.110000 0 0
5.180000 0 0
5.250000 45 38
5.320000 45 38
5.390000 45 38
5.460000 52 35
5.530000 52 35
5.600000 52 35
5.670000 57 35
5.740000 57 35
5.810000 57 35
5.880000 0 0
5.950000 0 0
6.020000 0 0
6.090000 0 0
6.160000 0 0
6.230000 0 0
6.300000 0 0
6.370000 0 0
6.440000 0 0
6.510000 0 0
6.580000 0 0
6.650000 0 0
6.720000 0 0
6.790000 0 0
6.860000 0 0
6.930000 0 0
7.000000 0 0
7.070000 0 0
7.140000 0 0
7.210000 0 0
7.280000 0 0
7.350000 0 0
7.420000 0 0
7.490000 0 0
7.560000 0 0
7.630000 0 0
7.700000 0 0
7.770000 0 0
7.840000 45 36
7.910000 45 36
7.980000 45 36
8.050000 52 35
8.120000 52 35
8.190000 52 35
8.260000 57 34
8.330000 57 34
8.400000 57 34
8.470000 0 0
8.540000 0 0
8.610000 0 0
8.680000 0 0
8.750000 0 0
8.820000 0 0
8.890000 0 0
8.960000 0 0
9.030000 0 0
9.100000 0 0
9.170000 40 38
9.240000 40 38
9.310000 40 38
9.380000 52 35
9.450000 52 35
9.520000 52 35
9.590000 56 36
9.660000 56 36
9.730000 56 36
9.800000 0 0
9.870000 0 0
9.940000 0 0
10.010000 0 0
10.080000 0 0
10.150000 0 0
10.220000 0 0
10.290000 0 0
10.360000 0 0
10.430000 45 38
10.500000 45 38
10.570000 45 38
10.640000 0 0
10.710000 52 32
10.780000 52 32
10.850000 52 32
10.920000 57 32
10.990000 57 32
11.060000 57 32
11.130000 0 0
11.200000 0 0
11.270000 0 0
11.340000 0 0
11.410000 0 0
11.480000 0 0
11.550000 0 0
11.620000 0 0
11.690000 0 0
11.760000 0 0
11.830000 0 0
11.900000 0 0
11.970000 0 0
12.040000 0 0
12.110000 0 0
12.180000 0 0
12.250000 0 0
12.320000 0 0
12.390000 0 0
12.460000 0 0
12.530000 0 0
12.600000 0 0
12.670000 0 0
12.740000 0 0
12.810000 0 0
12.880000 0 0
12.950000 0 0
13.020000 0 0
13.090000 0 0
13.160000 45 37
13.230000 45 37
13.300000 45 37
13.370000 52 33
13.440000 52 33
13.510000 52 33
13.580000 57 33
13.650000 57 33
13.720000 57 33
13.790000 0 0
13.860000 0 0
13.930000 0 0
14.000000 0 0
14.070000 0 0
14.140000 0 0
14.210000 0 0
14.280000 0 0
14.350000 0 0
14.420000 0 0
14.490000 40 40
14.560000 40 40
14.630000 40 40
14.700000 52 33
14.770000 52 33
14.840000 52 33
14.910000 56 34
14.980000 56 34
15.050000 56 34
15.120000 0 0
15.190000 0 0
15.260000 0 0
15.330000 0 0
15.400000 0 0
15.470000 0 0
15.540000 0 0
15.610000 0 0
15.680000 0 0
15.750000 45 38
15.820000 45 38
15.890000 45 38
15.960000 0 0
16.030000 52 35
16.100000 52 35
16.170000 52 35
16.240000 57 35
16.310000 57 35
16.380000 57 35
16.450000 0 0
16.520000 0 0
16.590000 0 0
16.660000 0 0
16.730000 0 0
16.800000 0 0
16.870000 0 0
16.940000 0 0
17.010000 0 0
17.080000 0 0
17.150000 0 0
17.220000 0 0
17.290000 0 0
17.360000 0 0
17.430000 0 0
17.500000 0 0
17.570000 0 0
17.640000 0 0
17.710000 0 0
17.780000 0 0
17.850000 0 0
17.920000 0 0
17.990000 0 0
18.060000 0 0
18.130000 0 0
18.200000 0 0
18.270000 0 0
18.340000 0 0
18.410000 45 38
18.480000 45 38
18.550000 45 38
18.620000 52 35
18.690000 52 35
18.760000 52 35
18.830000 57 34
18.900000 57 34
18.970000 57 34
19.040000 0 0
19.110000 0 0
19.180000 0 0
19.250000 0 0
19.320000 0 0
19.390000 0 0
19.460000 0 0
19.530000 0 0
19.600000 0 0
19.670000 40 38
19.740000 40 38
19.810000 40 38
19.880000 52 37
19.950000 52 37
20.020000 52 37
20.090000 56 37
20.160000 56 37
20.230000 56 37
20.300000 0 0
20.370000 0 0
20.440000 0 0
20.510000 0 0
20.580000 0 0
20.650000 0 0
20.720000 0 0
20.790000 0 0
20.860000 0 0
20.930000 0 0
21.000000 45 38
21.070000 45 38
21.140000 45 38
21.210000 0 0
21.280000 52 32
21.350000 52 32
21.420000 52 32
21.490000 57 32
21.560000 57 32
21.630000 57 32
21.700000 0 0
21.770000 0 0
21.840000 0 0
21.910000 0 0
21.980000 0 0
22.050000 0 0
22.120000 0 0
22.190000 0 0
22.260000 0 0
22.330000 0 0
22.400000 48 44
22.470000 48 44
22.540000 48 44
22.610000 55 38
22.680000 55 38
22.750000 55 38
22.820000 60 39
22.890000 60 39
22.960000 60 39
23.030000 0 0
23.100000 0 0
23.170000 0 0
23.240000 0 0
23.310000 0 0
23.380000 0 0
23.450000 0 0
23.520000 0 0
23.590000 0 0
23.660000 43 44
23.730000 43 44
23.800000 43 44
23.870000 55 38
23.940000 55 38
24.010000 55 38
24.080000 59 39
24.150000 59 39
24.220000 59 39
24.290000 0 0
24.360000 0 0
24.430000 0 0
24.500000 0 0
24.570000 0 0
24.640000 0 0
24.710000 0 0
24.780000 0 0
24.850000 0 0
24.920000 0 0
24.990000 45 44
25.060000 45 44
25.130000 45 44
25.200000 52 38
25.270000 52 38
25.340000 52 38
25.410000 57 39
25.480000 57 39
25.550000 57 39
25.620000 0 0
25.690000 0 0
25.760000 0 0
25.830000 0 0
25.900000 0 0
25.970000 0 0
26.040000 0 0
26.110000 0 0
26.180000 0 0
26.250000 0 0
26.320000 40 44
26.390000 40 44
26.460000 40 44
26.530000 52 38
26.600000 52 38
26.670000 52 38
26.740000 64 39
26.810000 64 39
26.880000 0 0
26.950000 0 0
27.020000 0 0
27.090000 0 0
27.160000 0 0
27.230000 0 0
27.300000 0 0
27.370000 64 39
27.440000 64 39
27.510000 64 39
27.580000 76 44
27.650000 76 44
27.720000 0 0
27.790000 0 0
27.860000 0 0
27.930000 0 0
28.000000 0 0
28.070000 0 0
28.140000 0 0
28.210000 0 0
28.280000 75 42
28.350000 75 42
28.420000 75 42
28.490000 76 50
28.560000 76 50
28.630000 0 0
28.700000 0 0
28.770000 0 0
28.840000 0 0
28.910000 0 0
28.980000 0 0
29.050000 0 0
29.120000 75 39
29.190000 75 39
29.260000 75 39
29.330000 76 41
29.400000 76 41
29.470000 0 0
29.540000 0 0
29.610000 0 0
29.680000 0 0
29.750000 0 0
29.820000 0 0
29.890000 0 0
29.960000 0 0
30.030000 0 0
30.100000 0 0
30.170000 0 0
30.240000 0 0
30.310000 0 0
30.380000 0 0
30.450000 0 0
30.520000 0 0
30.590000 0 0
30.660000 0 0
30.730000 0 0
30.800000 0 0
30.870000 0 0
30.940000 0 0
31.010000 0 0
31.080000 0 0
31.150000 0 0
31.220000 0 0
31.290000 0 0
31.360000 0 0
31.430000 0 0
31.500000 0 0
31.570000 0 0
31.640000 45 36
31.710000 45 36
31.780000 45 36
31.850000 52 33
31.920000 52 33
31.990000 52 33
32.060000 57 33
32.130000 57 33
32.200000 57 33
32.270000 0 0
32.340000 0 0
32.410000 0 0
32.480000 0 0
32.550000 0 0
32.620000 0 0
32.690000 0 0
32.760000 0 0
32.830000 0 0
32.900000 40 40
32.970000 40 40
33.040000 40 40
33.110000 52 33
33.180000 52 33
33.250000 52 33
33.320000 56 34
33.390000 56 34
33.460000 56 34
33.530000 0 0
33.600000 0 0
33.670000 0 0
33.740000 0 0
33.810000 0 0
33.880000 0 0
33.950000 0 0
34.020000 0 0
34.090000 0 0
34.160000 0 0
34.230000 45 38
34.300000 45 38
34.370000 45 38
34.440000 52 35
34.510000 52 35
34.580000 52 35
34.650000 57 35
34.720000 57 35
34.790000 57 35
34.860000 0 0
34.930000 0 0
35.000000 0 0
35.070000 0 0
35.140000 0 0
35.210000 0 0
35.280000 0 0
35.350000 0 0
35.420000 0 0
35.490000 0 0
35.560000 0 0
35.630000 0 0
35.700000 0 0
35.770000 0 0
35.840000 0 0
35.910000 0 0
35.980000 0 0
36.050000 0 0
36.120000 0 0
36.190000 0 0
36.260000 0 0
36.330000 0 0
36.400000 0 0
36.470000 0 0
36.540000 0 0
36.610000 0 0
36.680000 0 0
36.750000 0 0
36.820000 45 38
36.890000 45 38
36.960000 45 38
37.030000 52 35
37.100000 52 35
37.170000 52 35
37.240000 57 34
37.310000 57 34
37.380000 57 34
37.450000 0 0
37.520000 0 0
37.590000 0 0
37.660000 0 0
37.730000 0 0
37.800000 0 0
37.870000 0 0
37.940000 0 0
38.010000 0 0
38.080000 0 0
38.150000 40 38
38.220000 40 38
38.290000 40 38
38.360000 52 37
38.430000 52 37
38.500000 52 37
38.570000 56 37
38.640000 56 37
38.710000 56 37
38.780000 0 0
38.850000 0 0
38.920000 0 0
38.990000 0 0
39.060000 0 0
39.130000 0 0
39.200000 0 0
39.270000 0 0
39.340000 0 0
39.410000 45 38
39.480000 45 38
39.550000 45 38
39.620000 0 0
39.690000 52 32
39.760000 52 32
39.830000 52 32
39.900000 57 32
39.970000 57 32
40.040000 57 32
40.110000 0 0
40.180000 0 0
40.250000 0 0
40.320000 0 0
40.390000 0 0
40.460000 0 0
40.530000 0 0
40.600000 0 0
40.670000 0 0
40.740000 0 0
40.810000 48 44
40.880000 48 44
40.950000 48 44
41.020000 55 38
41.090000 55 38
41.160000 55 38
41.230000 60 39
41.300000 60 39
41.370000 60 39
41.440000 0 0
41.510000 0 0
41.580000 0 0
41.650000 0 0
41.720000 0 0
41.790000 0 0
41.860000 0 0
41.930000 0 0
42.000000 0 0
42.070000 43 44
42.140000 43 44
42.210000 43 44
42.280000 0 0
42.350000 55 38
42.420000 55 38
42.490000 55 38
42.560000 59 39
42.630000 59 39
42.700000 59 39
42.770000 0 0
42.840000 0 0
42.910000 0 0
42.980000 0 0
43.050000 0 0
43.120000 0 0
43.190000 0 0
43.260000 0 0
43.330000 0 0
43.400000 45 44
43.470000 45 44
43.540000 45 44
43.610000 52 38
43.680000 52 38
43.750000 52 38
43.820000 57 39
43.890000 57 39
43.960000 57 39
44.030000 0 0
44.100000 0 0
44.170000 0 0
44.240000 0 0
44.310000 0 0
44.380000 0 0
44.450000 0 0
44.520000 0 0
44.590000 0 0
44.660000 0 0
44.730000 40 44
44.800000 40 44
44.870000 40 44
44.940000 52 38
45.010000 52 38
45.080000 52 38
45.150000 64 39
45.220000 64 39
45.290000 0 0
45.360000 0 0
45.430000 0 0
45.500000 0 0
45.570000 0 0
45.640000 0 0
45.710000 0 0
45.780000 0 0
45.850000 64 39
45.920000 64 39
45.990000 64 39
46.060000 76 44
46.130000 76 44
46.200000 0 0
46.270000 0 0
46.340000 0 0
46.410000 0 0
46.480000 0 0
46.550000 0 0
46.620000 0 0
46.690000 75 42
46.760000 75 42
46.830000 75 42
46.900000 76 50
46.970000 76 50
47.040000 0 0
47.110000 0 0
47.180000 0 0
47.250000 0 0
47.320000 0 0
47.390000 0 0
47.460000 0 0
47.530000 75 39
47.600000 75 39
47.670000 75 39
47.740000 0 0
47.810000 76 41
47.880000 76 41
47.950000 0 0
48.020000 0 0
48.090000 0 0
48.160000 0 0
48.230000 0 0
48.300000 0 0
48.370000 0 0
48.440000 0 0
48.510000 0 0
48.580000 0 0
48.650000 0 0
48.720000 0 0
48.790000 0 0
48.860000 0 0
48.930000 0 0
49.000000 0 0
49.070000 0 0
49.140000 0 0
49.210000 0 0
49.280000 0 0
49.350000 0 0
49.420000 0 0
49.490000 0 0
49.560000 0 0
49.630000 0 0
49.700000 0 0
49.770000 0 0
49.840000 0 0
49.910000 0 0
49.980000 0 0
50.050000 45 34
50.120000 45 34
50.190000 45 34
50.260000 52 32
50.330000 52 32
50.400000 52 32
50.470000 57 32
50.540000 57 32
50.610000 57 32
50.680000 0 0
50.750000 0 0
50.820000 0 0
50.890000 0 0
50.960000 0 0
51.030000 0 0
51.100000 0 0
51.170000 0 0
51.240000 0 0
51.310000 40 38
51.380000 40 38
51.450000 40 38
51.520000 52 33
51.590000 52 33
51.660000 52 33
51.730000 0 0
51.800000 56 34
51.870000 56 34
51.940000 56 34
52.010000 0 0
52.080000 0 0
52.150000 0 0
52.220000 0 0
52.290000 0 0
52.360000 0 0
52.430000 0 0
52.500000 0 0
52.570000 0 0
52.640000 45 38
52.710000 45 38
52.780000 45 38
52.850000 52 35
52.920000 52 35
52.990000 52 35
53.060000 57 35
53.130000 57 35
53.200000 57 35
53.270000 0 0
53.340000 0 0
53.410000 0 0
53.480000 0 0
53.550000 0 0
53.620000 0 0
53.690000 0 0
53.760000 0 0
53.830000 0 0
53.900000 0 0
53.970000 0 0
54.040000 0 0
54.110000 0 0
54.180000 0 0
54.250000 0 0
54.320000 0 0
54.390000 0 0
54.460000 0 0
54.530000 0 0
54.600000 0 0
54.670000 0 0
54.740000 0 0
54.810000 0 0
54.880000 0 0
54.950000 0 0
55.020000 0 0
55.090000 0 0
55.160000 0 0
55.230000 45 38
55.300000 45 38
55.370000 45 38
55.440000 52 35
55.510000 52 35
55.580000 52 35
55.650000 57 34
55.720000 57 34
55.790000 57 34
55.860000 0 0
55.930000 0 0
56.000000 0 0
56.070000 0 0
56.140000 0 0
56.210000 0 0
56.280000 0 0
56.350000 0 0
56.420000 0 0
56.490000 0 0
56.560000 40 38
56.630000 40 38
56.700000 40 38
56.770000 52 37
56.840000 52 37
56.910000 52 37
56.980000 56 37
57.050000 56 37
57.120000 56 37
57.190000 0 0
57.260000 0 0
57.330000 0 0
57.400000 0 0
57.470000 0 0
57.540000 0 0
57.610000 0 0
57.680000 0 0
57.750000 0 0
57.820000 0 0
57.890000 45 38
57.960000 45 38
58.030000 45 38
58.100000 0 0
58.170000 52 32
58.240000 52 32
58.310000 52 32
58.380000 57 32
58.450000 57 32
58.520000 57 32
58.590000 58 34
58.660000 58 34
58.730000 0 0
58.800000 0 0
58.870000 57 34
58.940000 57 34
59.010000 0 0
59.080000 55 34
59.150000 0 0
59.220000 0 0
59.290000 0 0
59.360000 53 44
59.430000 53 44
59.500000 53 44
59.570000 57 38
59.640000 57 38
59.710000 57 38
59.780000 60 36
59.850000 60 36
59.920000 60 36
59.990000 0 0
60.060000 57 37
60.130000 57 37
60.200000 57 37
60.270000 60 37
60.340000 60 37
60.410000 60 37
60.480000 57 37
60.550000 57 37
60.620000 57 37
60.690000 0 0
60.760000 53 44
60.830000 53 44
60.900000 53 44
60.970000 58 38
61.040000 58 38
61.110000 58 38
61.180000 62 37
61.250000 62 37
61.320000 62 37
61.390000 58 37
61.460000 58 37
61.530000 58 37
61.600000 0 0
61.670000 62 37
61.740000 62 37
61.810000 62 37
61.880000 58 38
61.950000 58 38
62.020000 58 38
62.090000 53 44
62.160000 53 44
62.230000 53 44
62.300000 64 37
62.370000 64 37
62.440000 64 37
62.510000 53 36
62.580000 53 36
62.650000 53 36
62.720000 64 36
62.790000 64 36
62.860000 64 36
62.930000 0 0
63.000000 53 36
63.070000 53 36
63.140000 53 36
63.210000 64 36
63.280000 64 36
63.350000 64 36
63.420000 53 44
63.490000 53 44
63.560000 53 44
63.630000 57 36
63.700000 57 36
63.770000 57 36
63.840000 60 36
63.910000 60 36
63.980000 60 36
64.050000 0 0
64.120000 57 36
64.190000 57 36
64.260000 57 36
64.330000 60 36
64.400000 60 36
64.470000 60 36
64.540000 57 36
64.610000 57 36
64.680000 57 36
64.750000 53 42
64.820000 53 42
64.890000 53 42
64.960000 57 34
65.030000 57 34
65.100000 57 34
65.170000 0 0
65.240000 60 35
65.310000 60 35
65.380000 60 35
65.450000 57 36
65.520000 57 36
65.590000 57 36
65.660000 60 38
65.730000 60 38
65.800000 60 38
65.870000 57 39
65.940000 57 39
66.010000 57 39
66.080000 52 49
66.150000 52 49
66.220000 52 49
66.290000 57 38
66.360000 57 38
66.430000 57 38
66.500000 0 0
66.570000 60 38
66.640000 60 38
66.710000 60 38
66.780000 57 38
66.850000 57 38
66.920000 57 38
66.990000 50 38
67.060000 50 38
67.130000 50 38
67.200000 53 38
67.270000 53 38
67.340000 53 38
67.410000 55 47
67.480000 55 47
67.550000 55 47
67.620000 64 38
67.690000 64 38
67.760000 64 38
67.830000 0 0
67.900000 55 40
67.970000 55 40
68.040000 55 40
68.110000 64 38
68.180000 64 38
68.250000 64 38
68.320000 55 41
68.390000 55 41
68.460000 55 41
68.530000 65 38
68.600000 65 38
68.670000 65 38
68.740000 60 45
68.810000 60 45
68.880000 60 45
68.950000 60 45
69.020000 60 45
69.090000 60 45
69.160000 0 0
69.230000 0 0
69.300000 0 0
69.370000 0 0
69.440000 65 40
69.510000 65 40
69.580000 0 0
69.650000 64 43
69.720000 64 43
69.790000 0 0
69.860000 62 46
69.930000 62 46
70.000000 0 0
70.070000 60 49
70.140000 60 49
70.210000 60 49
70.280000 60 49
70.350000 60 49
70.420000 60 49
70.490000 53 42
70.560000 53 42
70.630000 53 42
70.700000 53 42
70.770000 53 42
70.840000 53 42
70.910000 0 0
70.980000 55 42
71.050000 55 42
71.120000 55 42
71.190000 55 42
71.260000 55 42
71.330000 55 42
71.400000 60 45
71.470000 60 45
71.540000 60 45
71.610000 60 45
71.680000 60 45
71.750000 60 45
71.820000 0 0
71.890000 0 0
71.960000 0 0
72.030000 0 0
72.100000 65 40
72.170000 65 40
72.240000 0 0
72.310000 64 43
72.380000 64 43
72.450000 0 0
72.520000 62 46
72.590000 62 46
72.660000 0 0
72.730000 60 49
72.800000 60 49
72.870000 60 49
72.940000 60 49
73.010000 60 49
73.080000 60 49
73.150000 53 42
73.220000 53 42
73.290000 53 42
73.360000 53 42
73.430000 53 42
73.500000 53 42
73.570000 55 42
73.640000 55 42
73.710000 55 42
73.780000 55 42
73.850000 55 42
73.920000 55 42
73.990000 0 0
74.060000 59 42
74.130000 59 42
74.200000 59 42
74.270000 59 42
74.340000 59 42
74.410000 59 42
74.480000 0 0
74.550000 0 0
74.620000 0 0
74.690000 0 0
74.760000 0 0
74.830000 0 0
74.900000 0 0
74.970000 0 0
75.040000 0 0
75.110000 0 0
75.180000 0 0
75.250000 0 0
75.320000 0 0
75.390000 0 0
75.460000 0 0
75.530000 0 0
75.600000 0 0
75.670000 0 0
75.740000 0 0
75.810000 0 0
75.880000 0 0
75.950000 0 0
76.020000 0 0
76.090000 0 0
76.160000 0 0
76.230000 0 0
76.300000 0 0
76.370000 0 0
76.440000 0 0
76.510000 0 0
76.580000 0 0
76.650000 0 0
76.720000 0 0
76.790000 0 0
76.860000 0 0
76.930000 0 0
77.000000 0 0
77.070000 0 0
77.140000 0 0
77.210000 0 0
77.280000 0 0
77.350000 0 0
77.420000 0 0
77.490000 0 0
77.560000 0 0
77.630000 0 0
77.700000 0 0
77.770000 0 0
77.840000 0 0
77.910000 75 42
77.980000 75 42
78.050000 75 42
78.120000 76 48
78.190000 76 48
78.260000 0 0
78.330000 0 0
78.400000 0 0
78.470000 0 0
78.540000 0 0
78.610000 0 0
78.680000 0 0
78.750000 75 35
78.820000 75 35
78.890000 75 35
78.960000 76 37
79.030000 76 37
79.100000 0 0
79.170000 0 0
79.240000 0 0
79.310000 0 0
79.380000 0 0
79.450000 0 0
79.520000 0 0
79.590000 0 0
79.660000 0 0
79.730000 0 0
79.800000 0 0
79.870000 0 0
79.940000 0 0
80.010000 0 0
80.080000 0 0
80.150000 0 0
80.220000 0 0
80.290000 0 0
80.360000 0 0
80.430000 0 0
80.500000 0 0
80.570000 0 0
80.640000 0 0
80.710000 0 0
80.780000 45 35
80.850000 45 35
80.920000 45 35
80.990000 52 31
81.060000 52 31
81.130000 52 31
81.200000 57 31
81.270000 57 31
81.340000 57 31
81.410000 0 0
81.480000 0 0
81.550000 0 0
81.620000 0 0
81.690000 0 0
81.760000 0 0
81.830000 0 0
81.900000 0 0
81.970000 0 0
82.040000 40 40
82.110000 40 40
82.180000 40 40
82.250000 0 0
82.320000 52 33
82.390000 52 33
82.460000 52 33
82.530000 56 34
82.600000 56 34
82.670000 56 34
82.740000 0 0
82.810000 0 0
82.880000 0 0
82.950000 0 0
83.020000 0 0
83.090000 0 0
83.160000 0 0
83.230000 0 0
83.300000 0 0
83.370000 45 38
83.440000 45 38
83.510000 45 38
83.580000 52 35
83.650000 52 35
83.720000 52 35
83.790000 57 35
83.860000 57 35
83.930000 57 35
84.000000 0 0
84.070000 0 0
84.140000 0 0
84.210000 0 0
84.280000 0 0
84.350000 0 0
84.420000 0 0
84.490000 0 0
84.560000 0 0
84.630000 0 0
84.700000 0 0
84.770000 0 0
84.840000 0 0
84.910000 0 0
84.980000 0 0
85.050000 0 0
85.120000 0 0
85.190000 0 0
85.260000 0 0
85.330000 0 0
85.400000 0 0
85.470000 0 0
85.540000 0 0
85.610000 0 0
85.680000 0 0
85.750000 0 0
85.820000 0 0
85.890000 0 0
85.960000 45 38
86.030000 45 38
86.100000 45 38
86.170000 52 35
86.240000 52 35
86.310000 52 35
86.380000 57 34
86.450000 57 34
86.520000 57 34
86.590000 0 0
86.660000 0 0
86.730000 0 0
86.800000 0 0
86.870000 0 0
86.940000 0 0
87.010000 0 0
87.080000 0 0
87.150000 0 0
87.220000 0 0
87.290000 40 38
87.360000 40 38
87.430000 40 38
87.500000 52 37
87.570000 52 37
87.640000 52 37
87.710000 56 37
87.780000 56 37
87.850000 56 37
87.920000 0 0
87.990000 0 0
88.060000 0 0
88.130000 0 0
88.200000 0 0
88.270000 0 0
88.340000 0 0
88.410000 0 0
88.480000 0 0
88.550000 0 0
88.620000 45 38
88.690000 45 38
88.760000 45 38
88.830000 52 32
88.900000 52 32
88.970000 52 32
89.040000 57 32
89.110000 57 32
89.180000 57 32
89.250000 0 0
89.320000 0 0
89.390000 0 0
89.460000 0 0
89.530000 0 0
89.600000 0 0
89.670000 0 0
89.740000 0 0
89.810000 0 0
89.880000 0 0
89.950000 48 44
90.020000 48 44
90.090000 48 44
90.160000 55 38
90.230000 55 38
90.300000 55 38
90.370000 60 39
90.440000 60 39
90.510000 60 39
90.580000 0 0
90.650000 0 0
90.720000 0 0
90.790000 0 0
90.860000 0 0
90.930000 0 0
91.000000 0 0
91.070000 0 0
91.140000 0 0
91.210000 0 0
91.280000 43 44
91.350000 43 44
91.420000 43 44
91.490000 55 38
91.560000 55 38
91.630000 55 38
91.700000 59 39
91.770000 59 39
91.840000 59 39
91.910000 0 0
91.980000 0 0
92.050000 0 0
92.120000 0 0
92.190000 0 0
92.260000 0 0
92.330000 0 0
92.400000 0 0
92.470000 0 0
92.540000 0 0
92.610000 45 44
92.680000 45 44
92.750000 45 44
92.820000 52 38
92.890000 52 38
92.960000 52 38
93.030000 57 39
93.100000 57 39
93.170000 57 39
93.240000 0 0
93.310000 0 0
93.380000 0 0
93.450000 0 0
93.520000 0 0
93.590000 0 0
93.660000 0 0
93.730000 0 0
93.800000 0 0
93.870000 40 44
93.940000 40 44
94.010000 40 44
94.080000 52 38
94.150000 52 38
94.220000 52 38
94.290000 64 39
94.360000 64 39
94.430000 0 0
94.500000 0 0
94.570000 0 0
94.640000 0 0
94.710000 0 0
94.780000 0 0
94.850000 0 0
94.920000 0 0
94.990000 64 39
95.060000 64 39
95.130000 64 39
95.200000 76 44
95.270000 76 44
95.340000 0 0
95.410000 0 0
95.480000 0 0
95.550000 0 0
95.620000 0 0
95.690000 0 0
95.760000 0 0
95.830000 0 0
95.900000 75 42
95.970000 75 42
96.040000 75 42
96.110000 76 50
96.180000 76 50
96.250000 0 0
96.320000 0 0
96.390000 0 0
96.460000 0 0
96.530000 0 0
96.600000 0 0
96.670000 0 0
96.740000 75 39
96.810000 75 39
96.880000 75 39
96.950000 76 41
97.020000 76 41
97.090000 0 0
97.160000 0 0
97.230000 0 0
97.300000 0 0
97.370000 0 0
97.440000 0 0
97.510000 0 0
97.580000 0 0
97.650000 0 0
97.720000 0 0
97.790000 0 0
97.860000 0 0
97.930000 0 0
98.000000 0 0
98.070000 0 0
98.140000 0 0
98.210000 0 0
98.280000 0 0
98.350000 0 0
98.420000 0 0
98.490000 0 0
98.560000 0 0
98.630000 0 0
98.700000 0 0
98.770000 0 0
98.840000 0 0
98.910000 0 0
98.980000 0 0
99.050000 0 0
99.120000 0 0
99.190000 45 35
99.260000 45 35
99.330000 45 35
99.400000 52 33
99.470000 52 33
99.540000 52 33
99.610000 57 33
99.680000 57 33
99.750000 57 33
99.820000 0 0
99.890000 0 0
99.960000 0 0
100.030000 0 0
100.100000 0 0
100.170000 0 0
100.240000 0 0
100.310000 0 0
100.380000 0 0
100.450000 0 0
100.520000 40 37
100.590000 40 37
100.660000 40 37
100.730000 52 33
100.800000 52 33
100.870000 52 33
100.940000 56 34
101.010000 56 34
101.080000 56 34
101.150000 0 0
101.220000 0 0
101.290000 0 0
101.360000 0 0
101.430000 0 0
101.500000 0 0
101.570000 0 0
101.640000 0 0
101.710000 0 0
101.780000 45 38
101.850000 45 38
101.920000 45 38
101.990000 0 0
102.060000 52 33
102.130000 52 33
102.200000 52 33
102.270000 57 33
102.340000 57 33
102.410000 57 33
102.480000 0 0
102.550000 0 0
102.620000 0 0
102.690000 0 0
102.760000 0 0
102.830000 0 0
102.900000 0 0
102.970000 0 0
103.040000 0 0
103.110000 0 0
103.180000 0 0
103.250000 0 0
103.320000 0 0
103.390000 0 0
103.460000 0 0
103.530000 0 0
103.600000 0 0
103.670000 0 0
103.740000 0 0
103.810000 0 0
103.880000 0 0
103.950000 0 0
104.020000 0 0
104.090000 0 0
104.160000 0 0
104.230000 0 0
104.300000 0 0
104.370000 45 36
104.440000 45 36
104.510000 45 36
104.580000 0 0
104.650000 52 35
104.720000 52 35
104.790000 52 35
104.860000 57 34
104.930000 57 34
105.000000 57 34
105.070000 0 0
105.140000 0 0
105.210000 0 0
105.280000 0 0
105.350000 0 0
105.420000 0 0
105.490000 0 0
105.560000 0 0
105.630000 0 0
105.700000 40 38
105.770000 40 38
105.840000 40 38
105.910000 52 37
105.980000 52 37
106.050000 52 37
106.120000 56 37
106.190000 56 37
106.260000 56 37
106.330000 0 0
106.400000 0 0
106.470000 0 0
106.540000 0 0
106.610000 0 0
106.680000 0 0
106.750000 0 0
106.820000 0 0
106.890000 0 0
106.960000 0 0
107.030000 45 38
107.100000 45 38
107.170000 0 0
107.240000 45 35
107.310000 45 35
107.380000 0 0
107.450000 45 38
107.520000 45 38
107.590000 0 0
107.660000 0 0
107.730000 45 34
107.800000 45 34
107.870000 0 0
107.940000 45 38
108.010000 45 38
108.080000 0 0
108.150000 45 35
108.220000 45 35
108.290000 0 0
108.360000 45 44
108.430000 45 44
108.500000 0 0
108.570000 45 38
108.640000 45 38
108.710000 0 0
108.780000 45 45
108.850000 45 45
108.920000 0 0
108.990000 45 39
109.060000 45 39
109.130000 0 0
109.200000 45 46
109.270000 45 46
109.340000 0 0
109.410000 45 40
109.480000 45 40
109.550000 0 0
109.620000 0 0
109.690000 45 47
109.760000 45 47
109.830000 0 0
109.900000 45 42
109.970000 45 42
110.040000 0 0
110.110000 45 48
110.180000 45 48
110.250000 0 0
110.320000 45 43
110.390000 45 43
110.460000 0 0
110.530000 45 50
110.600000 45 50
110.670000 0 0
110.740000 45 47
110.810000 45 47
110.880000 0 0
110.950000 45 53
111.020000 45 53
111.090000 0 0
111.160000 45 48
111.230000 45 48
111.300000 0 0
111.370000 45 53
111.440000 45 53
111.510000 0 0
111.580000 45 50
111.650000 45 50
111.720000 0 0
111.790000 45 54
111.860000 45 54
111.930000 0 0
112.000000 0 0
112.070000 45 50
112.140000 45 50
112.210000 0 0
112.280000 45 55
112.350000 45 55
112.420000 0 0
112.490000 45 49
112.560000 45 49
112.630000 0 0
112.700000 45 55
112.770000 45 55
112.840000 0 0
112.910000 45 51
112.980000 45 51
113.050000 0 0
113.120000 45 55
113.190000 45 55
113.260000 0 0
113.330000 45 52
113.400000 45 52
113.470000 0 0
113.540000 38 50
113.610000 38 50
113.680000 0 0
113.750000 0 0
113.820000 38 46
113.890000 38 46
113.960000 0 0
114.030000 38 49
114.100000 38 49
114.170000 0 0
114.240000 38 46
114.310000 38 46
114.380000 0 0
114.450000 38 48
114.520000 38 48
114.590000 0 0
114.660000 38 44
114.730000 38 44
114.800000 0 0
114.870000 39 46
114.940000 39 46
115.010000 0 0
115.080000 39 42
115.150000 39 42
115.220000 0 0
115.290000 39 45
115.360000 39 45
115.430000 0 0
115.500000 39 41
115.570000 39 41
115.640000 0 0
115.710000 39 42
115.780000 39 42
115.850000 0 0
115.920000 39 42
115.990000 39 42
116.060000 0 0
116.130000 40 47
116.200000 40 47
116.270000 0 0
116.340000 40 41
116.410000 40 41
116.480000 0 0
116.550000 0 0
116.620000 40 44
116.690000 40 44
116.760000 0 0
116.830000 40 41
116.900000 40 41
116.970000 0 0
117.040000 44 50
117.110000 44 50
117.180000 0 0
117.250000 44 50
117.320000 44 50
117.390000 0 0
117.460000 0 0
117.530000 33 42
117.600000 33 42
117.670000 0 0
117.740000 45 42
117.810000 45 42
117.880000 0 0
117.950000 45 45
118.020000 45 45
118.090000 0 0
118.160000 45 42
118.230000 45 42
118.300000 0 0
118.370000 45 44
118.440000 45 44
118.510000 0 0
118.580000 45 42
118.650000 45 42
118.720000 0 0
118.790000 45 44
118.860000 45 44
118.930000 0 0
119.000000 45 38
119.070000 45 38
119.140000 0 0
119.210000 0 0
119.280000 45 45
119.350000 45 45
119.420000 0 0
119.490000 45 39
119.560000 45 39
119.630000 0 0
119.700000 45 46
119.770000 45 46
119.840000 0 0
119.910000 45 40
119.980000 45 40
120.050000 0 0
120.120000 45 47
120.190000 45 47
120.260000 0 0
120.330000 45 42
120.400000 45 42
120.470000 0 0
120.540000 45 48
120.610000 45 48
120.680000 0 0
120.750000 45 43
120.820000 45 43
120.890000 0 0
120.960000 45 50
121.030000 45 50
121.100000 0 0
121.170000 45 47
121.240000 45 47
121.310000 0 0
121.380000 0 0
121.450000 45 53
121.520000 45 53
121.590000 0 0
121.660000 45 48
121.730000 45 48
121.800000 0 0
121.870000 45 53
121.940000 45 53
122.010000 0 0
122.080000 45 50
122.150000 45 50
122.220000 0 0
122.290000 45 54
122.360000 45 54
122.430000 0 0
122.500000 45 50
122.570000 45 50
122.640000 0 0
122.710000 46 55
122.780000 46 55
122.850000 0 0
122.920000 46 49
122.990000 46 49
123.060000 0 0
123.130000 46 55
123.200000 46 55
123.270000 0 0
123.340000 46 51
123.410000 46 51
123.480000 0 0
123.550000 46 55
123.620000 46 55
123.690000 0 0
123.760000 46 52
123.830000 46 52
123.900000 0 0
123.970000 0 0
124.040000 46 60
124.110000 46 60
124.180000 0 0
124.250000 46 55
124.320000 46 55
124.390000 0 0
124.460000 46 58
124.530000 46 58
124.600000 0 0
124.670000 46 55
124.740000 46 55
124.810000 0 0
124.880000 46 57
124.950000 46 57
125.020000 0 0
125.090000 46 52
125.160000 46 52
125.230000 0 0
125.300000 46 55
125.370000 46 55
125.440000 0 0
125.510000 46 50
125.580000 46 50
125.650000 0 0
125.720000 46 53
125.790000 46 53
125.860000 0 0
125.930000 46 49
126.000000 46 49
126.070000 0 0
126.140000 46 51
126.210000 46 51
126.280000 0 0
126.350000 46 50
126.420000 46 50
126.490000 0 0
126.560000 0 0
126.630000 47 56
126.700000 47 56
126.770000 0 0
126.840000 47 49
126.910000 47 49
126.980000 0 0
127.050000 47 52
127.120000 47 52
127.190000 0 0
127.260000 47 49
127.330000 47 49
127.400000 0 0
127.470000 47 50
127.540000 47 50
127.610000 0 0
127.680000 0 0
127.750000 47 50
127.820000 47 50
127.890000 0 0
127.960000 48 55
128.030000 48 55
128.100000 48 55
128.170000 48 55
128.240000 48 55
128.310000 48 55
128.380000 48 55
128.450000 48 55
128.520000 48 55
128.590000 48 55
128.660000 48 55
128.730000 48 55
128.800000 0 0
128.870000 0 0
128.940000 0 0
129.010000 0 0
129.080000 0 0
129.150000 0 0
129.220000 0 0
129.290000 52 39
129.360000 52 39
129.430000 52 39
129.500000 52 39
129.570000 52 39
129.640000 52 39
129.710000 0 0
129.780000 0 0
129.850000 0 0
129.920000 0 0
129.990000 0 0
130.060000 0 0
130.130000 0 0
130.200000 0 0
130.270000 0 0
130.340000 0 0
130.410000 0 0
130.480000 0 0
130.550000 0 0
130.620000 0 0
130.690000 33 35
130.760000 33 35
130.830000 33 35
130.900000 33 35
130.970000 33 35
131.040000 33 35
131.110000 0 0
131.180000 0 0
131.250000 0 0
131.320000 0 0
131.390000 0 0
131.460000 0 0
131.530000 64 32
131.600000 64 32
131.670000 64 32
131.740000 64 32
131.810000 64 32
131.880000 64 32
131.950000 64 33
132.020000 64 33
132.090000 64 33
132.160000 64 33
132.230000 64 33
132.300000 64 33
132.370000 0 0
132.440000 0 0
132.510000 0 0
132.580000 0 0
132.650000 0 0
132.720000 0 0
132.790000 0 0
132.860000 64 32
132.930000 64 32
133.000000 64 32
133.070000 64 32
133.140000 64 32
133.210000 64 32
133.280000 64 34
133.350000 64 34
133.420000 64 34
133.490000 64 34
133.560000 64 34
133.630000 64 34
133.700000 0 0
133.770000 0 0
133.840000 0 0
133.910000 0 0
133.980000 0 0
134.050000 0 0
134.120000 64 32
134.190000 64 32
134.260000 64 32
134.330000 64 32
134.400000 64 32
134.470000 64 32
134.540000 64 33
134.610000 64 33
134.680000 64 33
134.750000 64 33
134.820000 64 33
134.890000 0 0
134.960000 0 0
135.030000 0 0
135.100000 0 0
135.170000 0 0
135.240000 0 0
135.310000 0 0
135.380000 0 0
135.450000 0 0
135.520000 0 0
135.590000 0 0
135.660000 0 0
135.730000 0 0
135.800000 0 0
135.870000 0 0
135.940000 0 0
136.010000 0 0
136.080000 0 0
136.150000 0 0
136.220000 0 0
136.290000 0 0
136.360000 0 0
136.430000 0 0
136.500000 0 0
136.570000 0 0
136.640000 0 0
136.710000 0 0
136.780000 0 0
136.850000 0 0
136.920000 0 0
136.990000 0 0
137.060000 0 0
137.130000 0 0
137.200000 0 0
137.270000 0 0
137.340000 0 0
137.410000 0 0
137.480000 0 0
137.550000 0 0
137.620000 0 0
137.690000 0 0
137.760000 0 0
137.830000 0 0
137.900000 0 0
137.970000 0 0
138.040000 0 0
138.110000 0 0
138.180000 0 0
138.250000 0 0
138.320000 0 0
138.390000 0 0
138.460000 0 0
138.530000 45 37
138.600000 45 37
138.670000 45 37
138.740000 52 33
138.810000 52 33
138.880000 52 33
138.950000 57 33
139.020000 57 33
139.090000 57 33
139.160000 0 0
139.230000 0 0
139.300000 0 0
139.370000 0 0
139.440000 0 0
139.510000 0 0
139.580000 0 0
139.650000 0 0
139.720000 0 0
139.790000 40 40
139.860000 40 40
139.930000 40 40
140.000000 52 33
140.070000 52 33
140.140000 52 33
140.210000 56 34
140.280000 56 34
140.350000 56 34
140.420000 0 0
140.490000 0 0
140.560000 0 0
140.630000 0 0
140.700000 0 0
140.770000 0 0
140.840000 0 0
140.910000 0 0
140.980000 0 0
141.050000 0 0
141.120000 45 38
141.190000 45 38
141.260000 45 38
141.330000 52 35
141.400000 52 35
141.470000 52 35
141.540000 57 35
141.610000 57 35
141.680000 57 35
141.750000 0 0
141.820000 0 0
141.890000 0 0
141.960000 0 0
142.030000 0 0
142.100000 0 0
142.170000 0 0
142.240000 0 0
142.310000 0 0
142.380000 0 0
142.450000 0 0
142.520000 0 0
142.590000 0 0
142.660000 0 0
142.730000 0 0
142.800000 0 0
142.870000 0 0
142.940000 0 0
143.010000 0 0
143.080000 0 0
143.150000 0 0
143.220000 0 0
143.290000 0 0
143.360000 0 0
143.430000 0 0
143.500000 0 0
143.570000 0 0
143.640000 0 0
143.710000 45 38
143.780000 45 38
143.850000 45 38
143.920000 52 35
143.990000 52 35
144.060000 52 35
144.130000 57 34
144.200000 57 34
144.270000 57 34
144.340000 0 0
144.410000 0 0
144.480000 0 0
144.550000 0 0
144.620000 0 0
144.690000 0 0
144.760000 0 0
144.830000 0 0
144.900000 0 0
144.970000 0 0
145.040000 40 38
145.110000 40 38
145.180000 40 38
145.250000 52 37
145.320000 52 37
145.390000 52 37
145.460000 56 37
145.530000 56 37
145.600000 56 37
145.670000 0 0
145.740000 0 0
145.810000 0 0
145.880000 0 0
145.950000 0 0
146.020000 0 0
146.090000 0 0
146.160000 0 0
146.230000 0 0
146.300000 0 0
146.370000 45 38
146.440000 45 38
146.510000 45 38
146.580000 52 32
146.650000 52 32
146.720000 52 32
146.790000 57 32
146.860000 57 32
146.930000 57 32
147.000000 0 0
147.070000 0 0
147.140000 0 0
147.210000 0 0
147.280000 0 0
147.350000 0 0
147.420000 0 0
147.490000 0 0
147.560000 0 0
147.630000 0 0
147.700000 48 44
147.770000 48 44
147.840000 48 44
147.910000 55 38
147.980000 55 38
148.050000 55 38
148.120000 60 39
148.190000 60 39
148.260000 60 39
148.330000 0 0
148.400000 0 0
148.470000 0 0
148.540000 0 0
148.610000 0 0
148.680000 0 0
148.750000 0 0
148.820000 0 0
148.890000 0 0
148.960000 43 44
149.030000 43 44
149.100000 43 44
149.170000 55 38
149.240000 55 38
149.310000 55 38
149.380000 0 0
149.450000 59 39
149.520000 59 39
149.590000 59 39
149.660000 0 0
149.730000 0 0
149.800000 0 0
149.870000 0 0
149.940000 0 0
150.010000 0 0
150.080000 0 0
150.150000 0 0
150.220000 0 0
150.290000 45 44
150.360000 45 44
150.430000 45 44
150.500000 52 38
150.570000 52 38
150.640000 52 38
150.710000 57 39
150.780000 57 39
150.850000 57 39
150.920000 0 0
150.990000 0 0
151.060000 0 0
151.130000 0 0
151.200000 0 0
151.270000 0 0
151.340000 0 0
151.410000 0 0
151.480000 0 0
151.550000 0 0
151.620000 40 44
151.690000 40 44
151.760000 40 44
151.830000 52 38
151.900000 52 38
151.970000 52 38
152.040000 64 39
152.110000 64 39
152.180000 0 0
152.250000 0 0
152.320000 0 0
152.390000 0 0
152.460000 0 0
152.530000 0 0
152.600000 0 0
152.670000 0 0
152.740000 64 39
152.810000 64 39
152.880000 64 39
152.950000 76 44
153.020000 76 44
153.090000 0 0
153.160000 0 0
153.230000 0 0
153.300000 0 0
153.370000 0 0
153.440000 0 0
153.510000 0 0
153.580000 75 42
153.650000 75 42
153.720000 75 42
153.790000 76 50
153.860000 76 50
153.930000 0 0
154.000000 0 0
154.070000 0 0
154.140000 0 0
154.210000 0 0
154.280000 0 0
154.350000 0 0
154.420000 0 0
154.490000 75 39
154.560000 75 39
154.630000 75 39
154.700000 76 41
154.770000 76 41
154.840000 0 0
154.910000 0 0
154.980000 0 0
155.050000 0 0
155.120000 0 0
155.190000 0 0
155.260000 0 0
155.330000 0 0
155.400000 0 0
155.470000 0 0
155.540000 0 0
155.610000 0 0
155.680000 0 0
155.750000 0 0
155.820000 0 0
155.890000 0 0
155.960000 0 0
156.030000 0 0
156.100000 0 0
156.170000 0 0
156.240000 0 0
156.310000 0 0
156.380000 0 0
156.450000 0 0
156.520000 0 0
156.590000 0 0
156.660000 0 0
156.730000 0 0
156.800000 0 0
156.870000 0 0
156.940000 45 36
157.010000 45 36
157.080000 45 36
157.150000 52 33
157.220000 52 33
157.290000 52 33
157.360000 57 33
157.430000 57 33
157.500000 57 33
157.570000 0 0
157.640000 0 0
157.710000 0 0
157.780000 0 0
157.850000 0 0
157.920000 0 0
157.990000 0 0
158.060000 0 0
158.130000 0 0
158.200000 40 40
158.270000 40 40
158.340000 40 40
158.410000 52 33
158.480000 52 33
158.550000 52 33
158.620000 56 34
158.690000 56 34
158.760000 56 34
158.830000 0 0
158.900000 0 0
158.970000 0 0
159.040000 0 0
159.110000 0 0
159.180000 0 0
159.250000 0 0
159.320000 0 0
159.390000 0 0
159.460000 0 0
159.530000 45 38
159.600000 45 38
159.670000 45 38
159.740000 52 35
159.810000 52 35
159.880000 52 35
159.950000 57 35
160.020000 57 35
160.090000 57 35
160.160000 0 0
160.230000 0 0
160.300000 0 0
160.370000 0 0
160.440000 0 0
160.510000 0 0
160.580000 0 0
160.650000 0 0
160.720000 0 0
160.790000 0 0
160.860000 0 0
160.930000 0 0
161.000000 0 0
161.070000 0 0
161.140000 0 0
161.210000 0 0
161.280000 0 0
161.350000 0 0
161.420000 0 0
161.490000 0 0
161.560000 0 0
161.630000 0 0
161.700000 0 0
161.770000 0 0
161.840000 0 0
161.910000 0 0
161.980000 0 0
162.050000 0 0
162.120000 45 38
162.190000 45 38
162.260000 45 38
162.330000 52 35
162.400000 52 35
162.470000 52 35
162.540000 57 34
162.610000 57 34
162.680000 57 34
162.750000 0 0
162.820000 0 0
162.890000 0 0
162.960000 0 0
163.030000 0 0
163.100000 0 0
163.170000 0 0
163.240000 0 0
163.310000 0 0
163.380000 40 38
163.450000 40 38
163.520000 40 38
163.590000 52 37
163.660000 52 37
163.730000 52 37
163.800000 0 0
163.870000 56 37
163.940000 56 37
164.010000 56 37
164.080000 0 0
164.150000 0 0
164.220000 0 0
164.290000 0 0
164.360000 0 0
164.430000 0 0
164.500000 0 0
164.570000 0 0
164.640000 0 0
164.710000 0 0
164.780000 0 0
164.850000 0 0
164.920000 0 0
164.990000 33 17
165.060000 33 17
165.130000 33 17
165.200000 33 17
165.270000 33 17
165.340000 33 17
165.410000 33 17
165.480000 33 17
165.550000 0 0
