"mond_1"

# Piano left
0.000000 37 35
0.070000 37 35
0.140000 37 35
0.210000 37 35
0.280000 37 35
0.350000 37 35
0.420000 37 35
0.490000 37 35
0.560000 37 35
0.630000 37 35
0.700000 37 35
0.770000 37 35
0.840000 37 35
0.910000 37 35
0.980000 37 35
1.050000 37 35
1.120000 37 35
1.190000 37 35
1.260000 37 35
1.330000 37 35
1.400000 37 35
1.470000 37 35
1.540000 37 35
1.610000 37 35
1.680000 37 35
1.750000 37 35
1.820000 37 35
1.890000 37 35
1.960000 37 35
2.030000 37 35
2.100000 37 35
2.170000 37 35
2.240000 37 35
2.310000 37 35
2.380000 37 35
2.450000 37 35
2.520000 37 35
2.590000 37 35
2.660000 37 35
2.730000 37 35
2.800000 37 35
2.870000 37 35
2.940000 37 35
3.010000 37 35
3.080000 37 35
3.150000 37 35
3.220000 37 35
3.290000 37 35
3.360000 37 35
3.430000 37 35
3.500000 37 35
3.570000 37 35
3.640000 37 35
3.710000 37 35
3.780000 37 35
3.850000 37 35
3.920000 37 35
3.990000 37 35
4.060000 37 35
4.130000 37 35
4.200000 37 35
4.270000 37 35
4.340000 37 35
4.410000 37 35
4.480000 37 35
4.550000 37 35
4.620000 37 35
4.690000 0 0
4.760000 35 35
4.830000 35 35
4.900000 35 35
4.970000 35 35
5.040000 35 35
5.110000 35 35
5.180000 35 35
5.250000 35 35
5.320000 35 35
5.390000 35 35
5.460000 35 35
5.530000 35 35
5.600000 35 35
5.670000 35 35
5.740000 35 35
5.810000 35 35
5.880000 35 35
5.950000 35 35
6.020000 35 35
6.090000 35 35
6.160000 35 35
6.230000 35 35
6.300000 35 35
6.370000 35 35
6.440000 35 35
6.510000 35 35
6.580000 35 35
6.650000 35 35
6.720000 35 35
6.790000 35 35
6.860000 35 35
6.930000 35 35
7.000000 35 35
7.070000 35 35
7.140000 35 35
7.210000 35 35
7.280000 35 35
7.350000 35 35
7.420000 35 35
7.490000 35 35
7.560000 35 35
7.630000 35 35
7.700000 35 35
7.770000 35 35
7.840000 35 35
7.910000 35 35
7.980000 35 35
8.050000 35 35
8.120000 35 35
8.190000 35 35
8.260000 35 35
8.330000 35 35
8.400000 35 35
8.470000 35 35
8.540000 35 35
8.610000 35 35
8.680000 35 35
8.750000 35 35
8.820000 35 35
8.890000 35 35
8.960000 35 35
9.030000 35 35
9.100000 35 35
9.170000 35 35
9.240000 35 35
9.310000 35 35
9.380000 0 0
9.450000 45 41
9.520000 45 41
9.590000 45 41
9.660000 45 41
9.730000 45 41
9.800000 45 41
9.870000 45 41
9.940000 45 41
10.010000 45 41
10.080000 45 41
10.150000 45 41
10.220000 45 41
10.290000 45 41
10.360000 45 41
10.430000 45 41
10.500000 45 41
10.570000 45 41
10.640000 45 41
10.710000 45 41
10.780000 45 41
10.850000 45 41
10.920000 45 41
10.990000 45 41
11.060000 45 41
11.130000 45 41
11.200000 45 41
11.270000 45 41
11.340000 45 41
11.410000 45 41
11.480000 45 41
11.550000 45 41
11.620000 45 41
11.690000 45 41
11.760000 45 41
11.830000 30 38
11.900000 30 38
11.970000 30 38
12.040000 30 38
12.110000 30 38
12.180000 30 38
12.250000 30 38
12.320000 30 38
12.390000 30 38
12.460000 30 38
12.530000 30 38
12.600000 30 38
12.670000 30 38
12.740000 30 38
12.810000 30 38
12.880000 30 38
12.950000 30 38
13.020000 30 38
13.090000 30 38
13.160000 30 38
13.230000 30 38
13.300000 30 38
13.370000 30 38
13.440000 30 38
13.510000 30 38
13.580000 30 38
13.650000 30 38
13.720000 30 38
13.790000 30 38
13.860000 30 38
13.930000 30 38
14.000000 30 38
14.070000 30 38
14.140000 30 38
14.210000 32 41
14.280000 32 41
14.350000 32 41
14.420000 32 41
14.490000 32 41
14.560000 32 41
14.630000 32 41
14.700000 32 41
14.770000 32 41
14.840000 32 41
14.910000 32 41
14.980000 32 41
15.050000 32 41
15.120000 32 41
15.190000 32 41
15.260000 32 41
15.330000 32 41
15.400000 32 41
15.470000 32 41
15.540000 32 41
15.610000 32 41
15.680000 32 41
15.750000 32 41
15.820000 32 41
15.890000 32 41
15.960000 32 41
16.030000 32 41
16.100000 32 41
16.170000 32 41
16.240000 32 41
16.310000 32 41
16.380000 32 41
16.450000 32 41
16.520000 32 41
16.590000 0 0
16.660000 44 35
16.730000 44 35
16.800000 44 35
16.870000 44 35
16.940000 44 35
17.010000 44 35
17.080000 44 35
17.150000 44 35
17.220000 44 35
17.290000 44 35
17.360000 44 35
17.430000 44 35
17.500000 44 35
17.570000 44 35
17.640000 44 35
17.710000 44 35
17.780000 44 35
17.850000 44 35
17.920000 44 35
17.990000 44 35
18.060000 44 35
18.130000 44 35
18.200000 44 35
18.270000 44 35
18.340000 44 35
18.410000 44 35
18.480000 44 35
18.550000 44 35
18.620000 44 35
18.690000 44 35
18.760000 44 35
18.830000 44 35
18.900000 44 35
18.970000 44 35
19.040000 44 35
19.110000 44 35
19.180000 44 35
19.250000 0 0
19.320000 37 35
19.390000 37 35
19.460000 37 35
19.530000 37 35
19.600000 37 35
19.670000 37 35
19.740000 37 35
19.810000 37 35
19.880000 37 35
19.950000 37 35
20.020000 37 35
20.090000 37 35
20.160000 37 35
20.230000 37 35
20.300000 37 35
20.370000 37 35
20.440000 37 35
20.510000 37 35
20.580000 37 35
20.650000 37 35
20.720000 37 35
20.790000 37 35
20.860000 37 35
20.930000 37 35
21.000000 37 35
21.070000 37 35
21.140000 37 35
21.210000 37 35
21.280000 37 35
21.350000 37 35
21.420000 37 35
21.490000 37 35
21.560000 37 35
21.630000 37 35
21.700000 37 35
21.770000 37 35
21.840000 37 35
21.910000 37 35
21.980000 37 35
22.050000 37 35
22.120000 37 35
22.190000 37 35
22.260000 37 35
22.330000 37 35
22.400000 37 35
22.470000 37 35
22.540000 37 35
22.610000 37 35
22.680000 37 35
22.750000 37 35
22.820000 37 35
22.890000 37 35
22.960000 37 35
23.030000 37 35
23.100000 37 35
23.170000 37 35
23.240000 37 35
23.310000 37 35
23.380000 37 35
23.450000 37 35
23.520000 37 35
23.590000 37 35
23.660000 37 35
23.730000 37 35
23.800000 37 35
23.870000 37 35
23.940000 37 35
24.010000 37 35
24.080000 37 35
24.150000 37 35
24.220000 37 35
24.290000 37 35
24.360000 37 35
24.430000 37 35
24.500000 37 35
24.570000 36 38
24.640000 36 38
24.710000 36 38
24.780000 36 38
24.850000 36 38
24.920000 36 38
24.990000 36 38
25.060000 36 38
25.130000 36 38
25.200000 36 38
25.270000 36 38
25.340000 36 38
25.410000 36 38
25.480000 36 38
25.550000 36 38
25.620000 36 38
25.690000 36 38
25.760000 36 38
25.830000 36 38
25.900000 36 38
25.970000 36 38
26.040000 36 38
26.110000 36 38
26.180000 36 38
26.250000 36 38
26.320000 36 38
26.390000 36 38
26.460000 36 38
26.530000 36 38
26.600000 36 38
26.670000 36 38
26.740000 36 38
26.810000 36 38
26.880000 36 38
26.950000 36 38
27.020000 36 38
27.090000 36 38
27.160000 36 38
27.230000 36 38
27.300000 36 38
27.370000 36 38
27.440000 36 38
27.510000 36 38
27.580000 36 38
27.650000 36 38
27.720000 36 38
27.790000 36 38
27.860000 36 38
27.930000 36 38
28.000000 36 38
28.070000 36 38
28.140000 36 38
28.210000 36 38
28.280000 36 38
28.350000 36 38
28.420000 36 38
28.490000 36 38
28.560000 36 38
28.630000 36 38
28.700000 36 38
28.770000 36 38
28.840000 36 38
28.910000 36 38
28.980000 36 38
29.050000 36 38
29.120000 36 38
29.190000 36 38
29.260000 36 38
29.330000 36 38
29.400000 36 38
29.470000 36 38
29.540000 36 38
29.610000 36 38
29.680000 0 0
29.750000 37 35
29.820000 37 35
29.890000 37 35
29.960000 37 35
30.030000 37 35
30.100000 37 35
30.170000 37 35
30.240000 37 35
30.310000 37 35
30.380000 37 35
30.450000 37 35
30.520000 37 35
30.590000 37 35
30.660000 37 35
30.730000 37 35
30.800000 37 35
30.870000 37 35
30.940000 37 35
31.010000 37 35
31.080000 37 35
31.150000 37 35
31.220000 37 35
31.290000 37 35
31.360000 37 35
31.430000 37 35
31.500000 37 35
31.570000 37 35
31.640000 37 35
31.710000 37 35
31.780000 37 35
31.850000 37 35
31.920000 37 35
31.990000 37 35
32.060000 37 35
32.130000 0 0
32.200000 42 32
32.270000 42 32
32.340000 42 32
32.410000 42 32
32.480000 42 32
32.550000 42 32
32.620000 42 32
32.690000 42 32
32.760000 42 32
32.830000 42 32
32.900000 42 32
32.970000 42 32
33.040000 42 32
33.110000 42 32
33.180000 42 32
33.250000 42 32
33.320000 42 32
33.390000 42 32
33.460000 42 32
33.530000 42 32
33.600000 42 32
33.670000 42 32
33.740000 42 32
33.810000 42 32
33.880000 42 32
33.950000 42 32
34.020000 42 32
34.090000 42 32
34.160000 42 32
34.230000 42 32
34.300000 42 32
34.370000 42 32
34.440000 42 32
34.510000 42 32
34.580000 42 32
34.650000 35 41
34.720000 35 41
34.790000 35 41
34.860000 35 41
34.930000 35 41
35.000000 35 41
35.070000 35 41
35.140000 35 41
35.210000 35 41
35.280000 35 41
35.350000 35 41
35.420000 35 41
35.490000 35 41
35.560000 35 41
35.630000 35 41
35.700000 35 41
35.770000 35 41
35.840000 35 41
35.910000 35 41
35.980000 35 41
36.050000 35 41
36.120000 35 41
36.190000 35 41
36.260000 35 41
36.330000 35 41
36.400000 35 41
36.470000 35 41
36.540000 35 41
36.610000 35 41
36.680000 35 41
36.750000 35 41
36.820000 35 41
36.890000 35 41
36.960000 35 41
37.030000 35 41
37.100000 0 0
37.170000 35 41
37.240000 35 41
37.310000 35 41
37.380000 35 41
37.450000 35 41
37.520000 35 41
37.590000 35 41
37.660000 35 41
37.730000 35 41
37.800000 35 41
37.870000 35 41
37.940000 35 41
38.010000 35 41
38.080000 35 41
38.150000 35 41
38.220000 35 41
38.290000 35 41
38.360000 35 41
38.430000 35 41
38.500000 35 41
38.570000 35 41
38.640000 35 41
38.710000 35 41
38.780000 35 41
38.850000 35 41
38.920000 35 41
38.990000 35 41
39.060000 35 41
39.130000 35 41
39.200000 35 41
39.270000 35 41
39.340000 35 41
39.410000 35 41
39.480000 35 41
39.550000 35 41
39.620000 35 41
39.690000 35 41
39.760000 35 41
39.830000 35 41
39.900000 52 35
39.970000 52 35
40.040000 52 35
40.110000 52 35
40.180000 52 35
40.250000 52 35
40.320000 52 35
40.390000 52 35
40.460000 52 35
40.530000 52 35
40.600000 52 35
40.670000 52 35
40.740000 52 35
40.810000 52 35
40.880000 52 35
40.950000 52 35
41.020000 52 35
41.090000 52 35
41.160000 52 35
41.230000 52 35
41.300000 52 35
41.370000 52 35
41.440000 52 35
41.510000 52 35
41.580000 52 35
41.650000 52 35
41.720000 52 35
41.790000 52 35
41.860000 52 35
41.930000 52 35
42.000000 52 35
42.070000 52 35
42.140000 52 35
42.210000 52 35
42.280000 52 35
42.350000 52 35
42.420000 52 35
42.490000 52 35
42.560000 52 35
42.630000 52 35
42.700000 52 35
42.770000 52 35
42.840000 52 35
42.910000 52 35
42.980000 52 35
43.050000 52 35
43.120000 52 35
43.190000 52 35
43.260000 52 35
43.330000 52 35
43.400000 52 35
43.470000 52 35
43.540000 52 35
43.610000 52 35
43.680000 52 35
43.750000 52 35
43.820000 52 35
43.890000 52 35
43.960000 52 35
44.030000 52 35
44.100000 52 35
44.170000 52 35
44.240000 52 35
44.310000 52 35
44.380000 52 35
44.450000 52 35
44.520000 52 35
44.590000 52 35
44.660000 52 35
44.730000 52 35
44.800000 52 35
44.870000 52 35
44.940000 52 38
45.010000 52 38
45.080000 52 38
45.150000 52 38
45.220000 52 38
45.290000 52 38
45.360000 52 38
45.430000 52 38
45.500000 52 38
45.570000 52 38
45.640000 52 38
45.710000 52 38
45.780000 52 38
45.850000 52 38
45.920000 52 38
45.990000 52 38
46.060000 52 38
46.130000 52 38
46.200000 52 38
46.270000 52 38
46.340000 52 38
46.410000 52 38
46.480000 52 38
46.550000 52 38
46.620000 52 38
46.690000 52 38
46.760000 52 38
46.830000 52 38
46.900000 52 38
46.970000 52 38
47.040000 52 38
47.110000 52 38
47.180000 52 38
47.250000 52 38
47.320000 52 38
47.390000 52 38
47.460000 52 38
47.530000 52 38
47.600000 52 38
47.670000 52 38
47.740000 52 38
47.810000 52 38
47.880000 52 38
47.950000 52 38
48.020000 52 38
48.090000 52 38
48.160000 52 38
48.230000 52 38
48.300000 52 38
48.370000 52 38
48.440000 52 38
48.510000 52 38
48.580000 52 38
48.650000 52 38
48.720000 52 38
48.790000 52 38
48.860000 52 38
48.930000 52 38
49.000000 52 38
49.070000 52 38
49.140000 52 38
49.210000 52 38
49.280000 52 38
49.350000 52 38
49.420000 52 38
49.490000 52 38
49.560000 52 38
49.630000 52 38
49.700000 52 38
49.770000 52 38
49.840000 52 38
49.910000 52 38
49.980000 52 38
50.050000 52 38
50.120000 52 38
50.190000 38 35
50.260000 38 35
50.330000 38 35
50.400000 38 35
50.470000 38 35
50.540000 38 35
50.610000 38 35
50.680000 38 35
50.750000 38 35
50.820000 38 35
50.890000 38 35
50.960000 38 35
51.030000 38 35
51.100000 38 35
51.170000 38 35
51.240000 38 35
51.310000 38 35
51.380000 38 35
51.450000 38 35
51.520000 38 35
51.590000 38 35
51.660000 38 35
51.730000 38 35
51.800000 38 35
51.870000 38 35
51.940000 38 35
52.010000 38 35
52.080000 38 35
52.150000 38 35
52.220000 38 35
52.290000 38 35
52.360000 38 35
52.430000 38 35
52.500000 38 35
52.570000 38 35
52.640000 38 35
52.710000 38 35
52.780000 38 35
52.850000 38 35
52.920000 38 35
52.990000 38 35
53.060000 38 35
53.130000 38 35
53.200000 38 35
53.270000 38 35
53.340000 38 35
53.410000 38 35
53.480000 38 35
53.550000 38 35
53.620000 38 35
53.690000 38 35
53.760000 38 35
53.830000 38 35
53.900000 38 35
53.970000 38 35
54.040000 38 35
54.110000 38 35
54.180000 38 35
54.250000 38 35
54.320000 38 35
54.390000 38 35
54.460000 38 35
54.530000 38 35
54.600000 38 35
54.670000 38 35
54.740000 38 35
54.810000 38 35
54.880000 38 35
54.950000 38 35
55.020000 38 35
55.090000 38 35
55.160000 38 35
55.230000 38 35
55.300000 0 0
55.370000 36 40
55.440000 36 40
55.510000 36 40
55.580000 36 40
55.650000 36 40
55.720000 36 40
55.790000 36 40
55.860000 36 40
55.930000 36 40
56.000000 36 40
56.070000 36 40
56.140000 36 40
56.210000 36 40
56.280000 36 40
56.350000 36 40
56.420000 36 40
56.490000 36 40
56.560000 36 40
56.630000 47 46
56.700000 47 46
56.770000 47 46
56.840000 47 46
56.910000 47 46
56.980000 47 46
57.050000 47 46
57.120000 47 46
57.190000 47 46
57.260000 47 46
57.330000 47 46
57.400000 47 46
57.470000 47 46
57.540000 47 46
57.610000 47 46
57.680000 47 46
57.750000 47 46
57.820000 47 46
57.890000 34 53
57.960000 34 53
58.030000 34 53
58.100000 34 53
58.170000 34 53
58.240000 34 53
58.310000 34 53
58.380000 34 53
58.450000 34 53
58.520000 34 53
58.590000 34 53
58.660000 34 53
58.730000 34 53
58.800000 34 53
58.870000 34 53
58.940000 34 53
59.010000 34 53
59.080000 34 53
59.150000 34 53
59.220000 34 53
59.290000 34 53
59.360000 34 53
59.430000 34 53
59.500000 34 53
59.570000 34 53
59.640000 34 53
59.710000 34 53
59.780000 34 53
59.850000 34 53
59.920000 34 53
59.990000 34 53
60.060000 34 53
60.130000 34 53
60.200000 34 53
60.270000 34 53
60.340000 34 53
60.410000 34 53
60.480000 34 53
60.550000 0 0
60.620000 35 42
60.690000 35 42
60.760000 35 42
60.830000 35 42
60.900000 35 42
60.970000 35 42
61.040000 35 42
61.110000 35 42
61.180000 35 42
61.250000 35 42
61.320000 35 42
61.390000 35 42
61.460000 35 42
61.530000 35 42
61.600000 35 42
61.670000 35 42
61.740000 35 42
61.810000 35 42
61.880000 35 42
61.950000 35 42
62.020000 35 42
62.090000 35 42
62.160000 35 42
62.230000 35 42
62.300000 35 42
62.370000 35 42
62.440000 35 42
62.510000 35 42
62.580000 35 42
62.650000 35 42
62.720000 35 42
62.790000 35 42
62.860000 35 42
62.930000 35 42
63.000000 35 42
63.070000 35 42
63.140000 0 0
63.210000 40 41
63.280000 40 41
63.350000 40 41
63.420000 40 41
63.490000 40 41
63.560000 40 41
63.630000 40 41
63.700000 40 41
63.770000 40 41
63.840000 40 41
63.910000 40 41
63.980000 40 41
64.050000 40 41
64.120000 40 41
64.190000 40 41
64.260000 40 41
64.330000 40 41
64.400000 40 41
64.470000 0 0
64.540000 43 40
64.610000 43 40
64.680000 43 40
64.750000 43 40
64.820000 43 40
64.890000 43 40
64.960000 43 40
65.030000 43 40
65.100000 43 40
65.170000 43 40
65.240000 43 40
65.310000 43 40
65.380000 43 40
65.450000 43 40
65.520000 43 40
65.590000 43 40
65.660000 43 40
65.730000 43 40
65.800000 43 40
65.870000 43 40
65.940000 42 46
66.010000 42 46
66.080000 42 46
66.150000 42 46
66.220000 42 46
66.290000 42 46
66.360000 42 46
66.430000 42 46
66.500000 42 46
66.570000 42 46
66.640000 42 46
66.710000 42 46
66.780000 42 46
66.850000 42 46
66.920000 42 46
66.990000 42 46
67.060000 42 46
67.130000 42 46
67.200000 42 46
67.270000 42 46
67.340000 42 46
67.410000 42 46
67.480000 42 46
67.550000 42 46
67.620000 42 46
67.690000 42 46
67.760000 42 46
67.830000 42 46
67.900000 42 46
67.970000 42 46
68.040000 42 46
68.110000 42 46
68.180000 42 46
68.250000 42 46
68.320000 42 46
68.390000 42 46
68.460000 30 35
68.530000 30 35
68.600000 30 35
68.670000 30 35
68.740000 30 35
68.810000 30 35
68.880000 30 35
68.950000 30 35
69.020000 30 35
69.090000 30 35
69.160000 30 35
69.230000 30 35
69.300000 30 35
69.370000 30 35
69.440000 30 35
69.510000 30 35
69.580000 30 35
69.650000 30 35
69.720000 30 35
69.790000 30 35
69.860000 30 35
69.930000 30 35
70.000000 30 35
70.070000 30 35
70.140000 30 35
70.210000 30 35
70.280000 30 35
70.350000 30 35
70.420000 30 35
70.490000 30 35
70.560000 30 35
70.630000 30 35
70.700000 30 35
70.770000 30 35
70.840000 30 35
70.910000 30 35
70.980000 30 35
71.050000 30 35
71.120000 30 35
71.190000 0 0
71.260000 35 35
71.330000 35 35
71.400000 35 35
71.470000 35 35
71.540000 35 35
71.610000 35 35
71.680000 35 35
71.750000 35 35
71.820000 35 35
71.890000 35 35
71.960000 35 35
72.030000 35 35
72.100000 35 35
72.170000 35 35
72.240000 35 35
72.310000 35 35
72.380000 35 35
72.450000 35 35
72.520000 35 35
72.590000 35 35
72.660000 35 35
72.730000 35 35
72.800000 35 35
72.870000 35 35
72.940000 35 35
73.010000 35 35
73.080000 35 35
73.150000 35 35
73.220000 35 35
73.290000 35 35
73.360000 35 35
73.430000 35 35
73.500000 35 35
73.570000 35 35
73.640000 35 35
73.710000 35 35
73.780000 35 35
73.850000 35 35
73.920000 35 35
73.990000 35 35
74.060000 35 35
74.130000 35 35
74.200000 35 35
74.270000 35 35
74.340000 35 35
74.410000 35 35
74.480000 35 35
74.550000 35 35
74.620000 35 35
74.690000 35 35
74.760000 35 35
74.830000 35 35
74.900000 35 35
74.970000 35 35
75.040000 35 35
75.110000 35 35
75.180000 35 35
75.250000 35 35
75.320000 35 35
75.390000 35 35
75.460000 35 35
75.530000 35 35
75.600000 35 35
75.670000 35 35
75.740000 35 35
75.810000 35 35
75.880000 35 35
75.950000 35 35
76.020000 35 35
76.090000 35 35
76.160000 35 35
76.230000 35 35
76.300000 35 35
76.370000 35 35
76.440000 35 35
76.510000 35 35
76.580000 35 35
76.650000 35 35
76.720000 35 35
76.790000 35 35
76.860000 35 35
76.930000 35 35
77.000000 35 35
77.070000 35 35
77.140000 35 35
77.210000 35 35
77.280000 35 35
77.350000 35 35
77.420000 35 35
77.490000 35 35
77.560000 0 0
77.630000 52 53
77.700000 52 53
77.770000 52 53
77.840000 52 53
77.910000 52 53
77.980000 52 53
78.050000 52 53
78.120000 52 53
78.190000 52 53
78.260000 52 53
78.330000 52 53
78.400000 52 53
78.470000 52 53
78.540000 52 53
78.610000 52 53
78.680000 52 53
78.750000 52 53
78.820000 0 0
78.890000 43 60
78.960000 43 60
79.030000 43 60
79.100000 43 60
79.170000 43 60
79.240000 43 60
79.310000 43 60
79.380000 43 60
79.450000 43 60
79.520000 43 60
79.590000 43 60
79.660000 43 60
79.730000 43 60
79.800000 43 60
79.870000 43 60
79.940000 43 60
80.010000 43 60
80.080000 40 48
80.150000 40 48
80.220000 40 48
80.290000 40 48
80.360000 40 48
80.430000 40 48
80.500000 40 48
80.570000 40 48
80.640000 40 48
80.710000 40 48
80.780000 40 48
80.850000 40 48
80.920000 40 48
80.990000 40 48
81.060000 40 48
81.130000 40 48
81.200000 40 48
81.270000 40 48
81.340000 40 48
81.410000 0 0
81.480000 47 42
81.550000 47 42
81.620000 47 42
81.690000 47 42
81.760000 47 42
81.830000 47 42
81.900000 47 42
81.970000 47 42
82.040000 47 42
82.110000 47 42
82.180000 47 42
82.250000 47 42
82.320000 47 42
82.390000 47 42
82.460000 47 42
82.530000 47 42
82.600000 47 42
82.670000 47 42
82.740000 47 42
82.810000 47 42
82.880000 47 42
82.950000 47 42
83.020000 47 42
83.090000 47 42
83.160000 47 42
83.230000 47 42
83.300000 47 42
83.370000 47 42
83.440000 47 42
83.510000 47 42
83.580000 47 42
83.650000 47 42
83.720000 47 42
83.790000 47 42
83.860000 47 42
83.930000 47 42
84.000000 47 42
84.070000 47 42
84.140000 47 42
84.210000 47 42
84.280000 47 42
84.350000 47 42
84.420000 47 42
84.490000 47 42
84.560000 47 42
84.630000 47 42
84.700000 47 42
84.770000 47 42
84.840000 47 42
84.910000 47 42
84.980000 47 42
85.050000 47 42
85.120000 47 42
85.190000 47 42
85.260000 47 42
85.330000 47 42
85.400000 47 42
85.470000 47 42
85.540000 47 42
85.610000 47 42
85.680000 47 42
85.750000 47 42
85.820000 47 42
85.890000 47 42
85.960000 47 42
86.030000 47 42
86.100000 47 42
86.170000 47 42
86.240000 47 42
86.310000 47 42
86.380000 47 42
86.450000 47 42
86.520000 47 42
86.590000 47 42
86.660000 47 42
86.730000 47 42
86.800000 47 42
86.870000 47 42
86.940000 47 42
87.010000 47 42
87.080000 47 42
87.150000 47 42
87.220000 47 42
87.290000 47 42
87.360000 47 42
87.430000 47 42
87.500000 47 42
87.570000 47 42
87.640000 47 42
87.710000 47 42
87.780000 47 42
87.850000 47 42
87.920000 47 42
87.990000 52 50
88.060000 52 50
88.130000 52 50
88.200000 52 50
88.270000 52 50
88.340000 52 50
88.410000 52 50
88.480000 52 50
88.550000 52 50
88.620000 52 50
88.690000 52 50
88.760000 52 50
88.830000 52 50
88.900000 52 50
88.970000 52 50
89.040000 52 50
89.110000 52 50
89.180000 43 55
89.250000 43 55
89.320000 43 55
89.390000 43 55
89.460000 43 55
89.530000 43 55
89.600000 43 55
89.670000 43 55
89.740000 43 55
89.810000 43 55
89.880000 43 55
89.950000 43 55
90.020000 43 55
90.090000 43 55
90.160000 43 55
90.230000 43 55
90.300000 43 55
90.370000 0 0
90.440000 52 41
90.510000 52 41
90.580000 52 41
90.650000 52 41
90.720000 52 41
90.790000 52 41
90.860000 52 41
90.930000 52 41
91.000000 52 41
91.070000 52 41
91.140000 52 41
91.210000 52 41
91.280000 52 41
91.350000 52 41
91.420000 52 41
91.490000 52 41
91.560000 52 41
91.630000 52 41
91.700000 52 41
91.770000 35 37
91.840000 35 37
91.910000 35 37
91.980000 35 37
92.050000 35 37
92.120000 35 37
92.190000 35 37
92.260000 35 37
92.330000 35 37
92.400000 35 37
92.470000 35 37
92.540000 35 37
92.610000 35 37
92.680000 35 37
92.750000 35 37
92.820000 35 37
92.890000 35 37
92.960000 35 37
93.030000 35 37
93.100000 35 37
93.170000 35 37
93.240000 35 37
93.310000 35 37
93.380000 35 37
93.450000 35 37
93.520000 35 37
93.590000 35 37
93.660000 35 37
93.730000 35 37
93.800000 35 37
93.870000 35 37
93.940000 35 37
94.010000 35 37
94.080000 35 37
94.150000 35 37
94.220000 35 37
94.290000 0 0
94.360000 32 35
94.430000 32 35
94.500000 32 35
94.570000 32 35
94.640000 32 35
94.710000 32 35
94.780000 32 35
94.850000 32 35
94.920000 32 35
94.990000 32 35
95.060000 32 35
95.130000 32 35
95.200000 32 35
95.270000 32 35
95.340000 32 35
95.410000 32 35
95.480000 32 35
95.550000 32 35
95.620000 32 35
95.690000 32 35
95.760000 32 35
95.830000 32 35
95.900000 32 35
95.970000 32 35
96.040000 32 35
96.110000 32 35
96.180000 32 35
96.250000 32 35
96.320000 32 35
96.390000 32 35
96.460000 32 35
96.530000 32 35
96.600000 32 35
96.670000 32 35
96.740000 32 35
96.810000 32 35
96.880000 32 35
96.950000 0 0
97.020000 41 35
97.090000 41 35
97.160000 41 35
97.230000 41 35
97.300000 41 35
97.370000 41 35
97.440000 41 35
97.510000 41 35
97.580000 41 35
97.650000 41 35
97.720000 41 35
97.790000 41 35
97.860000 41 35
97.930000 41 35
98.000000 41 35
98.070000 41 35
98.140000 41 35
98.210000 41 35
98.280000 41 35
98.350000 41 35
98.420000 41 35
98.490000 41 35
98.560000 41 35
98.630000 41 35
98.700000 41 35
98.770000 41 35
98.840000 41 35
98.910000 41 35
98.980000 41 35
99.050000 41 35
99.120000 41 35
99.190000 41 35
99.260000 41 35
99.330000 41 35
99.400000 41 35
99.470000 41 35
99.540000 41 35
99.610000 0 0
99.680000 30 41
99.750000 30 41
99.820000 30 41
99.890000 30 41
99.960000 30 41
100.030000 30 41
100.100000 30 41
100.170000 30 41
100.240000 30 41
100.310000 30 41
100.380000 30 41
100.450000 30 41
100.520000 30 41
100.590000 30 41
100.660000 30 41
100.730000 30 41
100.800000 30 41
100.870000 30 41
100.940000 30 41
101.010000 30 41
101.080000 30 41
101.150000 30 41
101.220000 30 41
101.290000 30 41
101.360000 30 41
101.430000 30 41
101.500000 30 41
101.570000 30 41
101.640000 30 41
101.710000 30 41
101.780000 30 41
101.850000 30 41
101.920000 30 41
101.990000 30 41
102.060000 30 41
102.130000 0 0
102.200000 47 41
102.270000 47 41
102.340000 47 41
102.410000 47 41
102.480000 47 41
102.550000 47 41
102.620000 47 41
102.690000 47 41
102.760000 47 41
102.830000 47 41
102.900000 47 41
102.970000 47 41
103.040000 47 41
103.110000 47 41
103.180000 47 41
103.250000 47 41
103.320000 47 41
103.390000 47 41
103.460000 47 41
103.530000 47 41
103.600000 47 41
103.670000 47 41
103.740000 47 41
103.810000 47 41
103.880000 47 41
103.950000 47 41
104.020000 47 41
104.090000 47 41
104.160000 47 41
104.230000 47 41
104.300000 47 41
104.370000 47 41
104.440000 47 41
104.510000 47 41
104.580000 47 41
104.650000 47 41
104.720000 0 0
104.790000 36 45
104.860000 36 45
104.930000 36 45
105.000000 36 45
105.070000 36 45
105.140000 36 45
105.210000 36 45
105.280000 36 45
105.350000 36 45
105.420000 36 45
105.490000 36 45
105.560000 36 45
105.630000 36 45
105.700000 36 45
105.770000 36 45
105.840000 36 45
105.910000 36 45
105.980000 36 45
106.050000 36 45
106.120000 36 45
106.190000 36 45
106.260000 36 45
106.330000 36 45
106.400000 36 45
106.470000 36 45
106.540000 36 45
106.610000 36 45
106.680000 36 45
106.750000 36 45
106.820000 36 45
106.890000 36 45
106.960000 36 45
107.030000 36 45
107.100000 36 45
107.170000 36 45
107.240000 36 45
107.310000 36 45
107.380000 36 45
107.450000 36 45
107.520000 37 35
107.590000 37 35
107.660000 37 35
107.730000 37 35
107.800000 37 35
107.870000 37 35
107.940000 37 35
108.010000 37 35
108.080000 37 35
108.150000 37 35
108.220000 37 35
108.290000 37 35
108.360000 37 35
108.430000 37 35
108.500000 37 35
108.570000 37 35
108.640000 37 35
108.710000 37 35
108.780000 37 35
108.850000 37 35
108.920000 37 35
108.990000 37 35
109.060000 37 35
109.130000 37 35
109.200000 37 35
109.270000 37 35
109.340000 37 35
109.410000 37 35
109.480000 37 35
109.550000 37 35
109.620000 37 35
109.690000 37 35
109.760000 37 35
109.830000 37 35
109.900000 37 35
109.970000 37 35
110.040000 37 35
110.110000 0 0
110.180000 37 35
110.250000 37 35
110.320000 37 35
110.390000 37 35
110.460000 37 35
110.530000 37 35
110.600000 37 35
110.670000 37 35
110.740000 37 35
110.810000 37 35
110.880000 37 35
110.950000 37 35
111.020000 37 35
111.090000 37 35
111.160000 37 35
111.230000 37 35
111.300000 37 35
111.370000 37 35
111.440000 37 35
111.510000 37 35
111.580000 37 35
111.650000 37 35
111.720000 37 35
111.790000 37 35
111.860000 37 35
111.930000 37 35
112.000000 37 35
112.070000 37 35
112.140000 37 35
112.210000 37 35
112.280000 37 35
112.350000 37 35
112.420000 37 35
112.490000 37 35
112.560000 37 35
112.630000 37 35
112.700000 37 35
112.770000 37 35
112.840000 37 35
112.910000 37 35
112.980000 37 35
113.050000 37 35
113.120000 37 35
113.190000 0 0
113.260000 37 35
113.330000 37 35
113.400000 37 35
113.470000 37 35
113.540000 37 35
113.610000 37 35
113.680000 37 35
113.750000 37 35
113.820000 37 35
113.890000 37 35
113.960000 37 35
114.030000 37 35
114.100000 37 35
114.170000 37 35
114.240000 37 35
114.310000 37 35
114.380000 37 35
114.450000 37 35
114.520000 37 35
114.590000 37 35
114.660000 37 35
114.730000 37 35
114.800000 37 35
114.870000 37 35
114.940000 37 35
115.010000 37 35
115.080000 37 35
115.150000 37 35
115.220000 37 35
115.290000 37 35
115.360000 37 35
115.430000 37 35
115.500000 37 35
115.570000 37 35
115.640000 37 35
115.710000 37 35
115.780000 37 35
115.850000 37 35
115.920000 37 35
115.990000 37 35
116.060000 37 35
116.130000 37 35
116.200000 37 35
116.270000 37 35
116.340000 37 35
116.410000 37 35
116.480000 37 35
116.550000 37 35
116.620000 37 35
116.690000 37 35
116.760000 37 35
116.830000 37 35
116.900000 37 35
116.970000 37 35
117.040000 37 35
117.110000 37 35
117.180000 37 35
117.250000 37 35
117.320000 37 35
117.390000 37 35
117.460000 37 35
117.530000 37 35
117.600000 37 35
117.670000 37 35
117.740000 37 35
117.810000 37 35
117.880000 37 35
117.950000 37 35
118.020000 37 35
118.090000 37 35
118.160000 37 35
118.230000 37 35
118.300000 37 35
118.370000 37 35
118.440000 37 35
118.510000 37 35
118.580000 37 35
118.650000 37 35
118.720000 37 35
118.790000 37 35
118.860000 49 33
118.930000 49 33
119.000000 49 33
119.070000 49 33
119.140000 49 33
119.210000 49 33
119.280000 49 33
119.350000 49 33
119.420000 49 33
119.490000 49 33
119.560000 49 33
119.630000 49 33
119.700000 49 33
119.770000 49 33
119.840000 49 33
119.910000 49 33
119.980000 49 33
120.050000 49 33
120.120000 49 33
120.190000 49 33
120.260000 49 33
120.330000 49 33
120.400000 49 33
120.470000 49 33
120.540000 49 33
120.610000 49 33
120.680000 49 33
120.750000 49 33
120.820000 49 33
120.890000 49 33
120.960000 49 33
121.030000 49 33
121.100000 49 33
121.170000 49 33
121.240000 49 33
121.310000 49 33
121.380000 49 33
121.450000 49 33
121.520000 49 33
121.590000 49 33
121.660000 49 33
121.730000 49 33
121.800000 49 33
121.870000 49 33
121.940000 49 33
122.010000 49 33
122.080000 49 33
122.150000 49 33
122.220000 49 33
122.290000 49 33
122.360000 49 33
122.430000 49 33
122.500000 49 33
122.570000 49 33
122.640000 49 33
122.710000 49 33
122.780000 49 33
122.850000 49 33
122.920000 49 33
122.990000 49 33
123.060000 49 33
123.130000 49 33
123.200000 49 33
123.270000 49 33
123.340000 49 33
123.410000 49 33
123.480000 49 33
123.550000 49 33
123.620000 49 33
123.690000 49 33
123.760000 49 33
123.830000 49 33
123.900000 49 33
123.970000 49 33
124.040000 49 33
124.110000 54 40
124.180000 54 40
124.250000 54 40
124.320000 54 40
124.390000 54 40
124.460000 54 40
124.530000 54 40
124.600000 54 40
124.670000 54 40
124.740000 54 40
124.810000 54 40
124.880000 54 40
124.950000 54 40
125.020000 54 40
125.090000 54 40
125.160000 54 40
125.230000 54 40
125.300000 54 40
125.370000 54 40
125.440000 54 40
125.510000 54 40
125.580000 54 40
125.650000 54 40
125.720000 54 40
125.790000 54 40
125.860000 54 40
125.930000 54 40
126.000000 54 40
126.070000 54 40
126.140000 54 40
126.210000 54 40
126.280000 54 40
126.350000 54 40
126.420000 54 40
126.490000 54 40
126.560000 51 46
126.630000 51 46
126.700000 51 46
126.770000 51 46
126.840000 51 46
126.910000 51 46
126.980000 51 46
127.050000 51 46
127.120000 51 46
127.190000 51 46
127.260000 51 46
127.330000 51 46
127.400000 51 46
127.470000 51 46
127.540000 51 46
127.610000 51 46
127.680000 51 46
127.750000 37 46
127.820000 37 46
127.890000 37 46
127.960000 37 46
128.030000 37 46
128.100000 37 46
128.170000 37 46
128.240000 37 46
128.310000 37 46
128.380000 37 46
128.450000 37 46
128.520000 37 46
128.590000 37 46
128.660000 37 46
128.730000 37 46
128.800000 37 46
128.870000 37 46
128.940000 37 46
129.010000 37 46
129.080000 37 46
129.150000 36 50
129.220000 36 50
129.290000 36 50
129.360000 36 50
129.430000 36 50
129.500000 36 50
129.570000 36 50
129.640000 36 50
129.710000 36 50
129.780000 36 50
129.850000 36 50
129.920000 36 50
129.990000 36 50
130.060000 36 50
130.130000 36 50
130.200000 36 50
130.270000 36 50
130.340000 36 50
130.410000 36 50
130.480000 36 50
130.550000 36 50
130.620000 36 50
130.690000 36 50
130.760000 36 50
130.830000 36 50
130.900000 36 50
130.970000 36 50
131.040000 36 50
131.110000 36 50
131.180000 36 50
131.250000 36 50
131.320000 36 50
131.390000 36 50
131.460000 36 50
131.530000 36 50
131.600000 36 50
131.670000 36 50
131.740000 36 50
131.810000 36 50
131.880000 36 50
131.950000 36 50
132.020000 36 50
132.090000 36 50
132.160000 36 50
132.230000 36 50
132.300000 36 50
132.370000 36 50
132.440000 36 50
132.510000 36 50
132.580000 36 50
132.650000 36 50
132.720000 36 50
132.790000 36 50
132.860000 0 0
132.930000 36 48
133.000000 36 48
133.070000 36 48
133.140000 36 48
133.210000 36 48
133.280000 36 48
133.350000 36 48
133.420000 36 48
133.490000 36 48
133.560000 36 48
133.630000 36 48
133.700000 36 48
133.770000 36 48
133.840000 36 48
133.910000 36 48
133.980000 36 48
134.050000 36 48
134.120000 36 48
134.190000 36 48
134.260000 36 48
134.330000 37 55
134.400000 37 55
134.470000 37 55
134.540000 37 55
134.610000 37 55
134.680000 37 55
134.750000 37 55
134.820000 37 55
134.890000 37 55
134.960000 37 55
135.030000 37 55
135.100000 37 55
135.170000 37 55
135.240000 37 55
135.310000 37 55
135.380000 37 55
135.450000 37 55
135.520000 37 55
135.590000 37 55
135.660000 37 55
135.730000 37 55
135.800000 37 55
135.870000 37 55
135.940000 37 55
136.010000 37 55
136.080000 37 55
136.150000 37 55
136.220000 37 55
136.290000 37 55
136.360000 37 55
136.430000 37 55
136.500000 37 55
136.570000 37 55
136.640000 37 55
136.710000 37 55
136.780000 37 55
136.850000 37 55
136.920000 0 0
136.990000 42 46
137.060000 42 46
137.130000 42 46
137.200000 42 46
137.270000 42 46
137.340000 42 46
137.410000 42 46
137.480000 42 46
137.550000 42 46
137.620000 42 46
137.690000 42 46
137.760000 42 46
137.830000 42 46
137.900000 42 46
137.970000 42 46
138.040000 42 46
138.110000 42 46
138.180000 42 46
138.250000 42 46
138.320000 31 45
138.390000 31 45
138.460000 31 45
138.530000 31 45
138.600000 31 45
138.670000 31 45
138.740000 31 45
138.810000 31 45
138.880000 31 45
138.950000 31 45
139.020000 31 45
139.090000 31 45
139.160000 31 45
139.230000 31 45
139.300000 31 45
139.370000 31 45
139.440000 31 45
139.510000 31 45
139.580000 31 45
139.650000 31 45
139.720000 31 45
139.790000 0 0
139.860000 32 41
139.930000 32 41
140.000000 32 41
140.070000 32 41
140.140000 32 41
140.210000 32 41
140.280000 32 41
140.350000 32 41
140.420000 32 41
140.490000 32 41
140.560000 32 41
140.630000 32 41
140.700000 32 41
140.770000 32 41
140.840000 32 41
140.910000 32 41
140.980000 32 41
141.050000 32 41
141.120000 32 41
141.190000 32 41
141.260000 32 41
141.330000 32 41
141.400000 32 41
141.470000 32 41
141.540000 32 41
141.610000 32 41
141.680000 32 41
141.750000 32 41
141.820000 32 41
141.890000 32 41
141.960000 32 41
142.030000 32 41
142.100000 32 41
142.170000 32 41
142.240000 32 41
142.310000 32 41
142.380000 32 41
142.450000 32 41
142.520000 32 41
142.590000 32 41
142.660000 32 41
142.730000 32 41
142.800000 32 41
142.870000 32 41
142.940000 32 41
143.010000 32 41
143.080000 32 41
143.150000 32 41
143.220000 32 41
143.290000 32 41
143.360000 32 41
143.430000 32 41
143.500000 32 41
143.570000 32 41
143.640000 32 41
143.710000 32 41
143.780000 32 41
143.850000 32 41
143.920000 32 41
143.990000 32 41
144.060000 32 41
144.130000 32 41
144.200000 32 41
144.270000 32 41
144.340000 32 41
144.410000 32 41
144.480000 32 41
144.550000 32 41
144.620000 32 41
144.690000 32 41
144.760000 32 41
144.830000 32 41
144.900000 32 41
144.970000 32 41
145.040000 0 0
145.110000 44 53
145.180000 44 53
145.250000 44 53
145.320000 44 53
145.390000 44 53
145.460000 44 53
145.530000 44 53
145.600000 44 53
145.670000 44 53
145.740000 44 53
145.810000 44 53
145.880000 44 53
145.950000 44 53
146.020000 44 53
146.090000 44 53
146.160000 44 53
146.230000 44 53
146.300000 44 53
146.370000 44 53
146.440000 44 53
146.510000 44 53
146.580000 44 53
146.650000 44 53
146.720000 44 53
146.790000 44 53
146.860000 44 53
146.930000 44 53
147.000000 44 53
147.070000 44 53
147.140000 44 53
147.210000 44 53
147.280000 44 53
147.350000 44 53
147.420000 44 53
147.490000 44 53
147.560000 44 53
147.630000 44 53
147.700000 44 53
147.770000 44 53
147.840000 44 53
147.910000 44 53
147.980000 44 53
148.050000 44 53
148.120000 44 53
148.190000 44 53
148.260000 44 53
148.330000 44 53
148.400000 44 53
148.470000 44 53
148.540000 44 53
148.610000 44 53
148.680000 44 53
148.750000 44 53
148.820000 44 53
148.890000 44 53
148.960000 44 53
149.030000 44 53
149.100000 44 53
149.170000 44 53
149.240000 44 53
149.310000 44 53
149.380000 44 53
149.450000 44 53
149.520000 44 53
149.590000 44 53
149.660000 44 53
149.730000 44 53
149.800000 44 53
149.870000 44 53
149.940000 44 53
150.010000 44 53
150.080000 44 53
150.150000 44 53
150.220000 32 46
150.290000 32 46
150.360000 32 46
150.430000 32 46
150.500000 32 46
150.570000 32 46
150.640000 32 46
150.710000 32 46
150.780000 32 46
150.850000 32 46
150.920000 32 46
150.990000 32 46
151.060000 32 46
151.130000 32 46
151.200000 32 46
151.270000 32 46
151.340000 32 46
151.410000 32 46
151.480000 32 46
151.550000 32 46
151.620000 32 46
151.690000 32 46
151.760000 32 46
151.830000 32 46
151.900000 32 46
151.970000 32 46
152.040000 32 46
152.110000 32 46
152.180000 32 46
152.250000 32 46
152.320000 32 46
152.390000 32 46
152.460000 32 46
152.530000 32 46
152.600000 32 46
152.670000 32 46
152.740000 32 46
152.810000 32 46
152.880000 32 46
152.950000 32 46
153.020000 32 46
153.090000 32 46
153.160000 32 46
153.230000 32 46
153.300000 32 46
153.370000 32 46
153.440000 32 46
153.510000 32 46
153.580000 32 46
153.650000 32 46
153.720000 32 46
153.790000 32 46
153.860000 32 46
153.930000 32 46
154.000000 32 46
154.070000 32 46
154.140000 32 46
154.210000 32 46
154.280000 32 46
154.350000 32 46
154.420000 32 46
154.490000 32 46
154.560000 32 46
154.630000 32 46
154.700000 32 46
154.770000 32 46
154.840000 32 46
154.910000 32 46
154.980000 32 46
155.050000 32 46
155.120000 32 46
155.190000 0 0
155.260000 32 52
155.330000 32 52
155.400000 32 52
155.470000 32 52
155.540000 32 52
155.610000 32 52
155.680000 32 52
155.750000 32 52
155.820000 32 52
155.890000 32 52
155.960000 32 52
156.030000 32 52
156.100000 32 52
156.170000 32 52
156.240000 32 52
156.310000 32 52
156.380000 32 52
156.450000 32 52
156.520000 32 52
156.590000 32 52
156.660000 32 52
156.730000 32 52
156.800000 32 52
156.870000 32 52
156.940000 32 52
157.010000 32 52
157.080000 32 52
157.150000 32 52
157.220000 32 52
157.290000 32 52
157.360000 32 52
157.430000 32 52
157.500000 32 52
157.570000 32 52
157.640000 32 52
157.710000 32 52
157.780000 32 52
157.850000 32 52
157.920000 32 52
157.990000 32 52
158.060000 32 52
158.130000 32 52
158.200000 32 52
158.270000 32 52
158.340000 32 52
158.410000 32 52
158.480000 32 52
158.550000 32 52
158.620000 32 52
158.690000 32 52
158.760000 32 52
158.830000 32 52
158.900000 32 52
158.970000 32 52
159.040000 32 52
159.110000 32 52
159.180000 32 52
159.250000 32 52
159.320000 32 52
159.390000 32 52
159.460000 32 52
159.530000 32 52
159.600000 32 52
159.670000 32 52
159.740000 32 52
159.810000 32 52
159.880000 32 52
159.950000 32 52
160.020000 32 52
160.090000 32 52
160.160000 32 52
160.230000 32 52
160.300000 32 52
160.370000 32 52
160.440000 32 52
160.510000 32 52
160.580000 0 0
160.650000 44 46
160.720000 44 46
160.790000 44 46
160.860000 44 46
160.930000 44 46
161.000000 44 46
161.070000 44 46
161.140000 44 46
161.210000 44 46
161.280000 44 46
161.350000 44 46
161.420000 44 46
161.490000 44 46
161.560000 44 46
161.630000 44 46
161.700000 44 46
161.770000 44 46
161.840000 44 46
161.910000 44 46
161.980000 44 46
162.050000 44 46
162.120000 44 46
162.190000 44 46
162.260000 44 46
162.330000 44 46
162.400000 44 46
162.470000 44 46
162.540000 44 46
162.610000 44 46
162.680000 44 46
162.750000 44 46
162.820000 44 46
162.890000 44 46
162.960000 44 46
163.030000 44 46
163.100000 44 46
163.170000 44 46
163.240000 44 46
163.310000 44 46
163.380000 44 46
163.450000 44 46
163.520000 44 46
163.590000 44 46
163.660000 44 46
163.730000 44 46
163.800000 44 46
163.870000 44 46
163.940000 44 46
164.010000 44 46
164.080000 44 46
164.150000 44 46
164.220000 44 46
164.290000 44 46
164.360000 44 46
164.430000 44 46
164.500000 44 46
164.570000 44 46
164.640000 44 46
164.710000 44 46
164.780000 44 46
164.850000 44 46
164.920000 44 46
164.990000 44 46
165.060000 44 46
165.130000 44 46
165.200000 44 46
165.270000 44 46
165.340000 44 46
165.410000 44 46
165.480000 44 46
165.550000 44 46
165.620000 44 46
165.690000 44 46
165.760000 44 46
165.830000 44 46
165.900000 44 46
165.970000 44 46
166.040000 44 46
166.110000 44 46
166.180000 44 46
166.250000 44 46
166.320000 44 46
166.390000 44 46
166.460000 44 46
166.530000 44 46
166.600000 44 46
166.670000 44 46
166.740000 44 46
166.810000 44 46
166.880000 44 46
166.950000 44 46
167.020000 44 46
167.090000 44 46
167.160000 44 46
167.230000 44 46
167.300000 44 46
167.370000 44 46
167.440000 44 46
167.510000 44 46
167.580000 44 46
167.650000 44 46
167.720000 44 46
167.790000 44 46
167.860000 44 46
167.930000 44 46
168.000000 44 46
168.070000 44 46
168.140000 44 46
168.210000 44 46
168.280000 44 46
168.350000 44 46
168.420000 44 46
168.490000 44 46
168.560000 44 46
168.630000 44 46
168.700000 44 46
168.770000 44 46
168.840000 44 46
168.910000 44 46
168.980000 44 46
169.050000 44 46
169.120000 44 46
169.190000 44 46
169.260000 44 46
169.330000 44 46
169.400000 44 46
169.470000 44 46
169.540000 44 46
169.610000 44 46
169.680000 44 46
169.750000 44 46
169.820000 44 46
169.890000 44 46
169.960000 44 46
170.030000 44 46
170.100000 44 46
170.170000 44 46
170.240000 44 46
170.310000 44 46
170.380000 44 46
170.450000 44 46
170.520000 44 46
170.590000 44 46
170.660000 32 45
170.730000 32 45
170.800000 32 45
170.870000 32 45
170.940000 32 45
171.010000 32 45
171.080000 32 45
171.150000 32 45
171.220000 32 45
171.290000 32 45
171.360000 32 45
171.430000 32 45
171.500000 32 45
171.570000 32 45
171.640000 32 45
171.710000 32 45
171.780000 32 45
171.850000 32 45
171.920000 32 45
171.990000 32 45
172.060000 32 45
172.130000 32 45
172.200000 32 45
172.270000 32 45
172.340000 32 45
172.410000 32 45
172.480000 32 45
172.550000 32 45
172.620000 32 45
172.690000 32 45
172.760000 32 45
172.830000 32 45
172.900000 32 45
172.970000 32 45
173.040000 32 45
173.110000 32 45
173.180000 32 45
173.250000 32 45
173.320000 32 45
173.390000 32 45
173.460000 32 45
173.530000 32 45
173.600000 32 45
173.670000 32 45
173.740000 32 45
173.810000 32 45
173.880000 32 45
173.950000 32 45
174.020000 32 45
174.090000 32 45
174.160000 32 45
174.230000 32 45
174.300000 32 45
174.370000 32 45
174.440000 32 45
174.510000 32 45
174.580000 32 45
174.650000 32 45
174.720000 32 45
174.790000 32 45
174.860000 32 45
174.930000 32 45
175.000000 32 45
175.070000 32 45
175.140000 32 45
175.210000 32 45
175.280000 32 45
175.350000 32 45
175.420000 32 45
175.490000 0 0
175.560000 32 46
175.630000 32 46
175.700000 32 46
175.770000 32 46
175.840000 32 46
175.910000 32 46
175.980000 32 46
176.050000 32 46
176.120000 32 46
176.190000 32 46
176.260000 32 46
176.330000 32 46
176.400000 32 46
176.470000 32 46
176.540000 32 46
176.610000 32 46
176.680000 32 46
176.750000 32 46
176.820000 32 46
176.890000 32 46
176.960000 32 46
177.030000 32 46
177.100000 32 46
177.170000 32 46
177.240000 32 46
177.310000 32 46
177.380000 32 46
177.450000 32 46
177.520000 32 46
177.590000 32 46
177.660000 32 46
177.730000 32 46
177.800000 32 46
177.870000 32 46
177.940000 32 46
178.010000 32 46
178.080000 32 46
178.150000 32 46
178.220000 32 46
178.290000 32 46
178.360000 32 46
178.430000 32 46
178.500000 32 46
178.570000 32 46
178.640000 32 46
178.710000 32 46
178.780000 32 46
178.850000 32 46
178.920000 32 46
178.990000 32 46
179.060000 32 46
179.130000 32 46
179.200000 32 46
179.270000 32 46
179.340000 32 46
179.410000 32 46
179.480000 32 46
179.550000 32 46
179.620000 32 46
179.690000 32 46
179.760000 32 46
179.830000 32 46
179.900000 32 46
179.970000 32 46
180.040000 32 46
180.110000 32 46
180.180000 32 46
180.250000 32 46
180.320000 32 46
180.390000 32 46
180.460000 32 46
180.530000 32 46
180.600000 32 46
180.670000 32 46
180.740000 32 46
180.810000 32 46
180.880000 32 46
180.950000 32 46
181.020000 32 46
181.090000 32 46
181.160000 32 46
181.230000 32 46
181.300000 32 46
181.370000 32 46
181.440000 32 46
181.510000 32 46
181.580000 32 46
181.650000 32 46
181.720000 32 46
181.790000 32 46
181.860000 32 46
181.930000 32 46
182.000000 32 46
182.070000 32 46
182.140000 32 46
182.210000 32 46
182.280000 32 46
182.350000 32 46
182.420000 32 46
182.490000 32 46
182.560000 32 46
182.630000 32 46
182.700000 32 46
182.770000 32 46
182.840000 32 46
182.910000 32 46
182.980000 32 46
183.050000 32 46
183.120000 32 46
183.190000 32 46
183.260000 32 46
183.330000 32 46
183.400000 32 46
183.470000 32 46
183.540000 32 46
183.610000 32 46
183.680000 32 46
183.750000 32 46
183.820000 32 46
183.890000 32 46
183.960000 32 46
184.030000 32 46
184.100000 32 46
184.170000 32 46
184.240000 32 46
184.310000 32 46
184.380000 32 46
184.450000 32 46
184.520000 32 46
184.590000 32 46
184.660000 32 46
184.730000 32 46
184.800000 32 46
184.870000 32 46
184.940000 32 46
185.010000 32 46
185.080000 32 46
185.150000 32 46
185.220000 32 46
185.290000 32 46
185.360000 32 46
185.430000 32 46
185.500000 32 46
185.570000 32 46
185.640000 32 46
185.710000 32 46
185.780000 32 46
185.850000 32 46
185.920000 32 46
185.990000 32 46
186.060000 32 46
186.130000 32 46
186.200000 32 46
186.270000 32 46
186.340000 32 46
186.410000 32 46
186.480000 32 46
186.550000 32 46
186.620000 32 46
186.690000 32 46
186.760000 32 46
186.830000 32 46
186.900000 32 46
186.970000 32 46
187.040000 32 46
187.110000 32 46
187.180000 32 46
187.250000 32 46
187.320000 32 46
187.390000 32 46
187.460000 32 46
187.530000 32 46
187.600000 32 46
187.670000 32 46
187.740000 32 46
187.810000 32 46
187.880000 32 46
187.950000 32 46
188.020000 32 46
188.090000 32 46
188.160000 32 46
188.230000 32 46
188.300000 32 46
188.370000 32 46
188.440000 32 46
188.510000 32 46
188.580000 32 46
188.650000 32 46
188.720000 32 46
188.790000 32 46
188.860000 32 46
188.930000 32 46
189.000000 32 46
189.070000 32 46
189.140000 32 46
189.210000 32 46
189.280000 32 46
189.350000 32 46
189.420000 32 46
189.490000 32 56
189.560000 32 56
189.630000 32 56
189.700000 32 56
189.770000 32 56
189.840000 32 56
189.910000 32 56
189.980000 32 56
190.050000 32 56
190.120000 32 56
190.190000 32 56
190.260000 32 56
190.330000 32 56
190.400000 32 56
190.470000 32 56
190.540000 32 56
190.610000 32 56
190.680000 32 56
190.750000 32 56
190.820000 32 56
190.890000 32 56
190.960000 32 56
191.030000 32 56
191.100000 32 56
191.170000 32 56
191.240000 32 56
191.310000 32 56
191.380000 32 56
191.450000 32 56
191.520000 32 56
191.590000 32 56
191.660000 32 56
191.730000 32 56
191.800000 32 56
191.870000 32 56
191.940000 32 56
192.010000 32 56
192.080000 32 56
192.150000 32 56
192.220000 32 56
192.290000 32 56
192.360000 32 56
192.430000 32 56
192.500000 32 56
192.570000 32 56
192.640000 32 56
192.710000 32 56
192.780000 32 56
192.850000 32 56
192.920000 32 56
192.990000 32 56
193.060000 32 56
193.130000 32 56
193.200000 32 56
193.270000 32 56
193.340000 32 56
193.410000 32 56
193.480000 32 56
193.550000 32 56
193.620000 32 56
193.690000 32 56
193.760000 32 56
193.830000 32 56
193.900000 32 56
193.970000 32 56
194.040000 32 56
194.110000 32 56
194.180000 32 56
194.250000 32 56
194.320000 32 47
194.390000 32 47
194.460000 32 47
194.530000 32 47
194.600000 32 47
194.670000 32 47
194.740000 32 47
194.810000 32 47
194.880000 32 47
194.950000 32 47
195.020000 32 47
195.090000 32 47
195.160000 32 47
195.230000 32 47
195.300000 32 47
195.370000 32 47
195.440000 32 47
195.510000 32 47
195.580000 32 47
195.650000 32 47
195.720000 32 47
195.790000 32 47
195.860000 32 47
195.930000 32 47
196.000000 32 47
196.070000 32 47
196.140000 32 47
196.210000 32 47
196.280000 32 47
196.350000 32 47
196.420000 32 47
196.490000 32 47
196.560000 32 47
196.630000 32 47
196.700000 32 47
196.770000 32 47
196.840000 32 47
196.910000 32 47
196.980000 32 47
197.050000 32 47
197.120000 32 47
197.190000 32 47
197.260000 32 47
197.330000 32 47
197.400000 32 47
197.470000 32 47
197.540000 32 47
197.610000 32 47
197.680000 32 47
197.750000 32 47
197.820000 32 47
197.890000 32 47
197.960000 32 47
198.030000 32 47
198.100000 32 47
198.170000 32 47
198.240000 32 47
198.310000 32 47
198.380000 32 47
198.450000 32 47
198.520000 32 47
198.590000 32 47
198.660000 32 47
198.730000 32 47
198.800000 32 47
198.870000 32 47
198.940000 32 47
199.010000 32 47
199.080000 32 47
199.150000 32 47
199.220000 32 47
199.290000 32 47
199.360000 0 0
199.430000 32 42
199.500000 32 42
199.570000 32 42
199.640000 32 42
199.710000 32 42
199.780000 32 42
199.850000 32 42
199.920000 32 42
199.990000 32 42
200.060000 32 42
200.130000 32 42
200.200000 32 42
200.270000 32 42
200.340000 32 42
200.410000 32 42
200.480000 32 42
200.550000 32 42
200.620000 32 42
200.690000 32 42
200.760000 32 42
200.830000 32 42
200.900000 32 42
200.970000 32 42
201.040000 32 42
201.110000 32 42
201.180000 32 42
201.250000 32 42
201.320000 32 42
201.390000 32 42
201.460000 32 42
201.530000 32 42
201.600000 32 42
201.670000 32 42
201.740000 32 42
201.810000 32 42
201.880000 45 41
201.950000 45 41
202.020000 45 41
202.090000 45 41
202.160000 45 41
202.230000 45 41
202.300000 45 41
202.370000 45 41
202.440000 45 41
202.510000 45 41
202.580000 45 41
202.650000 45 41
202.720000 45 41
202.790000 45 41
202.860000 45 41
202.930000 45 41
203.000000 45 41
203.070000 45 41
203.140000 45 41
203.210000 45 41
203.280000 45 41
203.350000 45 41
203.420000 45 41
203.490000 45 41
203.560000 45 41
203.630000 45 41
203.700000 45 41
203.770000 45 41
203.840000 45 41
203.910000 45 41
203.980000 45 41
204.050000 45 41
204.120000 45 41
204.190000 45 41
204.260000 45 41
204.330000 45 41
204.400000 0 0
204.470000 30 35
204.540000 30 35
204.610000 30 35
204.680000 30 35
204.750000 30 35
204.820000 30 35
204.890000 30 35
204.960000 30 35
205.030000 30 35
205.100000 30 35
205.170000 30 35
205.240000 30 35
205.310000 30 35
205.380000 30 35
205.450000 30 35
205.520000 30 35
205.590000 30 35
205.660000 30 35
205.730000 30 35
205.800000 30 35
205.870000 30 35
205.940000 30 35
206.010000 30 35
206.080000 30 35
206.150000 30 35
206.220000 30 35
206.290000 30 35
206.360000 30 35
206.430000 30 35
206.500000 30 35
206.570000 30 35
206.640000 30 35
206.710000 30 35
206.780000 30 35
206.850000 30 35
206.920000 30 35
206.990000 44 46
207.060000 44 46
207.130000 44 46
207.200000 44 46
207.270000 44 46
207.340000 44 46
207.410000 44 46
207.480000 44 46
207.550000 44 46
207.620000 44 46
207.690000 44 46
207.760000 44 46
207.830000 44 46
207.900000 44 46
207.970000 44 46
208.040000 44 46
208.110000 44 46
208.180000 44 46
208.250000 44 46
208.320000 44 46
208.390000 44 46
208.460000 44 46
208.530000 44 46
208.600000 44 46
208.670000 44 46
208.740000 44 46
208.810000 44 46
208.880000 44 46
208.950000 44 46
209.020000 44 46
209.090000 44 46
209.160000 44 46
209.230000 44 46
209.300000 44 46
209.370000 44 46
209.440000 44 46
209.510000 44 46
209.580000 44 46
209.650000 44 46
209.720000 0 0
209.790000 37 41
209.860000 37 41
209.930000 37 41
210.000000 37 41
210.070000 37 41
210.140000 37 41
210.210000 37 41
210.280000 37 41
210.350000 37 41
210.420000 37 41
210.490000 37 41
210.560000 37 41
210.630000 37 41
210.700000 37 41
210.770000 37 41
210.840000 37 41
210.910000 37 41
210.980000 37 41
211.050000 37 41
211.120000 37 41
211.190000 37 41
211.260000 37 41
211.330000 37 41
211.400000 37 41
211.470000 37 41
211.540000 37 41
211.610000 37 41
211.680000 37 41
211.750000 37 41
211.820000 37 41
211.890000 37 41
211.960000 37 41
212.030000 37 41
212.100000 37 41
212.170000 37 41
212.240000 37 41
212.310000 37 41
212.380000 37 41
212.450000 37 41
212.520000 37 41
212.590000 37 41
212.660000 37 41
212.730000 37 41
212.800000 37 41
212.870000 37 41
212.940000 37 41
213.010000 37 41
213.080000 37 41
213.150000 37 41
213.220000 37 41
213.290000 37 41
213.360000 37 41
213.430000 37 41
213.500000 37 41
213.570000 37 41
213.640000 37 41
213.710000 37 41
213.780000 37 41
213.850000 37 41
213.920000 37 41
213.990000 37 41
214.060000 37 41
214.130000 37 41
214.200000 37 41
214.270000 37 41
214.340000 37 41
214.410000 37 41
214.480000 37 41
214.550000 37 41
214.620000 37 41
214.690000 37 41
214.760000 37 41
214.830000 37 41
214.900000 37 41
214.970000 37 41
215.040000 37 41
215.110000 37 41
215.180000 36 46
215.250000 36 46
215.320000 36 46
215.390000 36 46
215.460000 36 46
215.530000 36 46
215.600000 36 46
215.670000 36 46
215.740000 36 46
215.810000 36 46
215.880000 36 46
215.950000 36 46
216.020000 36 46
216.090000 36 46
216.160000 36 46
216.230000 36 46
216.300000 36 46
216.370000 36 46
216.440000 36 46
216.510000 36 46
216.580000 36 46
216.650000 36 46
216.720000 36 46
216.790000 36 46
216.860000 36 46
216.930000 36 46
217.000000 36 46
217.070000 36 46
217.140000 36 46
217.210000 36 46
217.280000 36 46
217.350000 36 46
217.420000 36 46
217.490000 36 46
217.560000 36 46
217.630000 36 46
217.700000 36 46
217.770000 36 46
217.840000 36 46
217.910000 36 46
217.980000 36 46
218.050000 36 46
218.120000 36 46
218.190000 36 46
218.260000 36 46
218.330000 36 46
218.400000 36 46
218.470000 36 46
218.540000 36 46
218.610000 36 46
218.680000 36 46
218.750000 36 46
218.820000 36 46
218.890000 36 46
218.960000 36 46
219.030000 36 46
219.100000 36 46
219.170000 36 46
219.240000 36 46
219.310000 36 46
219.380000 36 46
219.450000 36 46
219.520000 36 46
219.590000 36 46
219.660000 36 46
219.730000 36 46
219.800000 36 46
219.870000 36 46
219.940000 36 46
220.010000 36 46
220.080000 36 46
220.150000 36 46
220.220000 36 46
220.290000 36 46
220.360000 0 0
220.430000 37 46
220.500000 37 46
220.570000 37 46
220.640000 37 46
220.710000 37 46
220.780000 37 46
220.850000 37 46
220.920000 37 46
220.990000 37 46
221.060000 37 46
221.130000 37 46
221.200000 37 46
221.270000 37 46
221.340000 37 46
221.410000 37 46
221.480000 37 46
221.550000 37 46
221.620000 37 46
221.690000 37 46
221.760000 37 46
221.830000 37 46
221.900000 37 46
221.970000 37 46
222.040000 37 46
222.110000 37 46
222.180000 37 46
222.250000 37 46
222.320000 37 46
222.390000 37 46
222.460000 37 46
222.530000 37 46
222.600000 37 46
222.670000 37 46
222.740000 37 46
222.810000 37 46
222.880000 42 46
222.950000 42 46
223.020000 42 46
223.090000 42 46
223.160000 42 46
223.230000 42 46
223.300000 42 46
223.370000 42 46
223.440000 42 46
223.510000 42 46
223.580000 42 46
223.650000 42 46
223.720000 42 46
223.790000 42 46
223.860000 42 46
223.930000 42 46
224.000000 42 46
224.070000 42 46
224.140000 42 46
224.210000 42 46
224.280000 42 46
224.350000 42 46
224.420000 42 46
224.490000 42 46
224.560000 42 46
224.630000 42 46
224.700000 42 46
224.770000 42 46
224.840000 42 46
224.910000 42 46
224.980000 42 46
225.050000 42 46
225.120000 42 46
225.190000 42 46
225.260000 42 46
225.330000 42 46
225.400000 42 46
225.470000 35 46
225.540000 35 46
225.610000 35 46
225.680000 35 46
225.750000 35 46
225.820000 35 46
225.890000 35 46
225.960000 35 46
226.030000 35 46
226.100000 35 46
226.170000 35 46
226.240000 35 46
226.310000 35 46
226.380000 35 46
226.450000 35 46
226.520000 35 46
226.590000 35 46
226.660000 35 46
226.730000 35 46
226.800000 35 46
226.870000 35 46
226.940000 35 46
227.010000 35 46
227.080000 35 46
227.150000 35 46
227.220000 35 46
227.290000 35 46
227.360000 35 46
227.430000 35 46
227.500000 35 46
227.570000 35 46
227.640000 35 46
227.710000 35 46
227.780000 35 46
227.850000 35 46
227.920000 35 46
227.990000 35 46
228.060000 0 0
228.130000 47 46
228.200000 47 46
228.270000 47 46
228.340000 47 46
228.410000 47 46
228.480000 47 46
228.550000 47 46
228.620000 47 46
228.690000 47 46
228.760000 47 46
228.830000 47 46
228.900000 47 46
228.970000 47 46
229.040000 47 46
229.110000 47 46
229.180000 47 46
229.250000 47 46
229.320000 47 46
229.390000 47 46
229.460000 47 46
229.530000 47 46
229.600000 47 46
229.670000 47 46
229.740000 47 46
229.810000 47 46
229.880000 47 46
229.950000 47 46
230.020000 47 46
230.090000 47 46
230.160000 47 46
230.230000 47 46
230.300000 47 46
230.370000 47 46
230.440000 47 46
230.510000 47 46
230.580000 47 46
230.650000 47 46
230.720000 47 46
230.790000 47 46
230.860000 47 46
230.930000 0 0
231.000000 40 45
231.070000 40 45
231.140000 40 45
231.210000 40 45
231.280000 40 45
231.350000 40 45
231.420000 40 45
231.490000 40 45
231.560000 40 45
231.630000 40 45
231.700000 40 45
231.770000 40 45
231.840000 40 45
231.910000 40 45
231.980000 40 45
232.050000 40 45
232.120000 40 45
232.190000 40 45
232.260000 40 45
232.330000 40 45
232.400000 40 45
232.470000 40 45
232.540000 40 45
232.610000 40 45
232.680000 40 45
232.750000 40 45
232.820000 40 45
232.890000 40 45
232.960000 40 45
233.030000 40 45
233.100000 40 45
233.170000 40 45
233.240000 40 45
233.310000 40 45
233.380000 40 45
233.450000 40 45
233.520000 40 45
233.590000 40 45
233.660000 40 45
233.730000 40 45
233.800000 40 45
233.870000 40 45
233.940000 40 45
234.010000 40 45
234.080000 40 45
234.150000 40 45
234.220000 40 45
234.290000 40 45
234.360000 40 45
234.430000 40 45
234.500000 40 45
234.570000 40 45
234.640000 40 45
234.710000 40 45
234.780000 40 45
234.850000 40 45
234.920000 40 45
234.990000 40 45
235.060000 40 45
235.130000 40 45
235.200000 40 45
235.270000 40 45
235.340000 40 45
235.410000 40 45
235.480000 40 45
235.550000 40 45
235.620000 40 45
235.690000 40 45
235.760000 40 45
235.830000 40 45
235.900000 40 45
235.970000 40 45
236.040000 40 45
236.110000 40 45
236.180000 40 45
236.250000 39 35
236.320000 39 35
236.390000 39 35
236.460000 39 35
236.530000 39 35
236.600000 39 35
236.670000 39 35
236.740000 39 35
236.810000 39 35
236.880000 39 35
236.950000 39 35
237.020000 39 35
237.090000 39 35
237.160000 39 35
237.230000 39 35
237.300000 39 35
237.370000 39 35
237.440000 39 35
237.510000 39 35
237.580000 39 35
237.650000 39 35
237.720000 39 35
237.790000 39 35
237.860000 39 35
237.930000 39 35
238.000000 39 35
238.070000 39 35
238.140000 39 35
238.210000 39 35
238.280000 39 35
238.350000 39 35
238.420000 39 35
238.490000 39 35
238.560000 39 35
238.630000 39 35
238.700000 39 35
238.770000 39 35
238.840000 39 35
238.910000 39 35
238.980000 39 35
239.050000 39 35
239.120000 39 35
239.190000 39 35
239.260000 39 35
239.330000 39 35
239.400000 39 35
239.470000 39 35
239.540000 39 35
239.610000 39 35
239.680000 39 35
239.750000 39 35
239.820000 39 35
239.890000 39 35
239.960000 39 35
240.030000 39 35
240.100000 39 35
240.170000 39 35
240.240000 39 35
240.310000 39 35
240.380000 39 35
240.450000 39 35
240.520000 39 35
240.590000 39 35
240.660000 39 35
240.730000 39 35
240.800000 39 35
240.870000 39 35
240.940000 39 35
241.010000 39 35
241.080000 39 35
241.150000 39 35
241.220000 39 35
241.290000 39 35
241.360000 39 35
241.430000 39 35
241.500000 52 37
241.570000 52 37
241.640000 52 37
241.710000 52 37
241.780000 52 37
241.850000 52 37
241.920000 52 37
241.990000 52 37
242.060000 52 37
242.130000 52 37
242.200000 52 37
242.270000 52 37
242.340000 52 37
242.410000 52 37
242.480000 52 37
242.550000 52 37
242.620000 52 37
242.690000 52 37
242.760000 52 37
242.830000 52 37
242.900000 52 37
242.970000 52 37
243.040000 52 37
243.110000 52 37
243.180000 52 37
243.250000 52 37
243.320000 52 37
243.390000 52 37
243.460000 52 37
243.530000 52 37
243.600000 52 37
243.670000 52 37
243.740000 52 37
243.810000 52 37
243.880000 52 37
243.950000 0 0
244.020000 39 37
244.090000 39 37
244.160000 39 37
244.230000 39 37
244.300000 39 37
244.370000 39 37
244.440000 39 37
244.510000 39 37
244.580000 39 37
244.650000 39 37
244.720000 39 37
244.790000 39 37
244.860000 39 37
244.930000 39 37
245.000000 39 37
245.070000 39 37
245.140000 39 37
245.210000 49 40
245.280000 49 40
245.350000 49 40
245.420000 49 40
245.490000 49 40
245.560000 49 40
245.630000 49 40
245.700000 49 40
245.770000 49 40
245.840000 49 40
245.910000 49 40
245.980000 49 40
246.050000 49 40
246.120000 49 40
246.190000 49 40
246.260000 49 40
246.330000 49 40
246.400000 49 40
246.470000 49 40
246.540000 49 40
246.610000 0 0
246.680000 36 45
246.750000 36 45
246.820000 36 45
246.890000 36 45
246.960000 36 45
247.030000 36 45
247.100000 36 45
247.170000 36 45
247.240000 36 45
247.310000 36 45
247.380000 36 45
247.450000 36 45
247.520000 36 45
247.590000 36 45
247.660000 36 45
247.730000 36 45
247.800000 36 45
247.870000 36 45
247.940000 36 45
248.010000 36 45
248.080000 36 45
248.150000 36 45
248.220000 36 45
248.290000 36 45
248.360000 36 45
248.430000 36 45
248.500000 36 45
248.570000 36 45
248.640000 36 45
248.710000 36 45
248.780000 36 45
248.850000 36 45
248.920000 36 45
248.990000 36 45
249.060000 36 45
249.130000 36 45
249.200000 37 38
249.270000 37 38
249.340000 37 38
249.410000 37 38
249.480000 37 38
249.550000 37 38
249.620000 37 38
249.690000 37 38
249.760000 37 38
249.830000 37 38
249.900000 37 38
249.970000 37 38
250.040000 37 38
250.110000 37 38
250.180000 37 38
250.250000 37 38
250.320000 37 38
250.390000 37 38
250.460000 37 38
250.530000 37 38
250.600000 37 38
250.670000 37 38
250.740000 37 38
250.810000 37 38
250.880000 37 38
250.950000 37 38
251.020000 37 38
251.090000 37 38
251.160000 37 38
251.230000 37 38
251.300000 37 38
251.370000 37 38
251.440000 37 38
251.510000 37 38
251.580000 37 38
251.650000 37 38
251.720000 37 38
251.790000 0 0
251.860000 30 41
251.930000 30 41
252.000000 30 41
252.070000 30 41
252.140000 30 41
252.210000 30 41
252.280000 30 41
252.350000 30 41
252.420000 30 41
252.490000 30 41
252.560000 30 41
252.630000 30 41
252.700000 30 41
252.770000 30 41
252.840000 30 41
252.910000 30 41
252.980000 30 41
253.050000 30 41
253.120000 30 41
253.190000 30 41
253.260000 30 41
253.330000 30 41
253.400000 30 41
253.470000 30 41
253.540000 30 41
253.610000 30 41
253.680000 30 41
253.750000 30 41
253.820000 30 41
253.890000 30 41
253.960000 30 41
254.030000 30 41
254.100000 30 41
254.170000 30 41
254.240000 30 41
254.310000 30 41
254.380000 30 41
254.450000 30 41
254.520000 0 0
254.590000 32 41
254.660000 32 41
254.730000 32 41
254.800000 32 41
254.870000 32 41
254.940000 32 41
255.010000 32 41
255.080000 32 41
255.150000 32 41
255.220000 32 41
255.290000 32 41
255.360000 32 41
255.430000 32 41
255.500000 32 41
255.570000 32 41
255.640000 32 41
255.710000 32 41
255.780000 32 41
255.850000 32 41
255.920000 32 41
255.990000 32 41
256.060000 32 41
256.130000 32 41
256.200000 32 41
256.270000 32 41
256.340000 32 41
256.410000 32 41
256.480000 32 41
256.550000 32 41
256.620000 32 41
256.690000 32 41
256.760000 32 41
256.830000 32 41
256.900000 32 41
256.970000 32 41
257.040000 32 41
257.110000 32 41
257.180000 32 41
257.250000 0 0
257.320000 49 38
257.390000 49 38
257.460000 49 38
257.530000 49 38
257.600000 49 38
257.670000 49 38
257.740000 49 38
257.810000 49 38
257.880000 49 38
257.950000 49 38
258.020000 49 38
258.090000 49 38
258.160000 49 38
258.230000 49 38
258.300000 49 38
258.370000 49 38
258.440000 49 38
258.510000 49 38
258.580000 49 38
258.650000 49 38
258.720000 49 38
258.790000 49 38
258.860000 49 38
258.930000 49 38
259.000000 49 38
259.070000 49 38
259.140000 49 38
259.210000 49 38
259.280000 49 38
259.350000 49 38
259.420000 49 38
259.490000 49 38
259.560000 49 38
259.630000 49 38
259.700000 49 38
259.770000 49 38
259.840000 49 38
259.910000 49 38
259.980000 49 38
260.050000 49 38
260.120000 49 38
260.190000 49 38
260.260000 49 38
260.330000 49 38
260.400000 49 38
260.470000 49 38
260.540000 49 38
260.610000 49 38
260.680000 49 38
260.750000 49 38
260.820000 49 38
260.890000 49 38
260.960000 49 38
261.030000 49 38
261.100000 49 38
261.170000 49 38
261.240000 49 38
261.310000 49 38
261.380000 49 38
261.450000 49 38
261.520000 49 38
261.590000 49 38
261.660000 49 38
261.730000 49 38
261.800000 49 38
261.870000 49 38
261.940000 49 38
262.010000 49 38
262.080000 49 38
262.150000 49 38
262.220000 49 38
262.290000 49 38
262.360000 49 38
262.430000 49 38
262.500000 49 38
262.570000 49 38
262.640000 49 38
262.710000 49 38
262.780000 49 38
262.850000 49 38
262.920000 49 38
262.990000 49 38
263.060000 49 38
263.130000 49 38
263.200000 49 38
263.270000 49 38
263.340000 49 38
263.410000 49 38
263.480000 49 38
263.550000 49 38
263.620000 49 38
263.690000 49 38
263.760000 49 38
263.830000 0 0
263.900000 54 47
263.970000 54 47
264.040000 54 47
264.110000 54 47
264.180000 54 47
264.250000 54 47
264.320000 54 47
264.390000 54 47
264.460000 54 47
264.530000 54 47
264.600000 54 47
264.670000 54 47
264.740000 54 47
264.810000 54 47
264.880000 54 47
264.950000 54 47
265.020000 54 47
265.090000 45 56
265.160000 45 56
265.230000 45 56
265.300000 45 56
265.370000 45 56
265.440000 45 56
265.510000 45 56
265.580000 45 56
265.650000 45 56
265.720000 45 56
265.790000 45 56
265.860000 45 56
265.930000 45 56
266.000000 45 56
266.070000 45 56
266.140000 45 56
266.210000 45 56
266.280000 45 56
266.350000 54 50
266.420000 54 50
266.490000 54 50
266.560000 54 50
266.630000 54 50
266.700000 54 50
266.770000 54 50
266.840000 54 50
266.910000 54 50
266.980000 54 50
267.050000 54 50
267.120000 54 50
267.190000 54 50
267.260000 54 50
267.330000 54 50
267.400000 54 50
267.470000 54 50
267.540000 54 50
267.610000 54 50
267.680000 0 0
267.750000 37 41
267.820000 37 41
267.890000 37 41
267.960000 37 41
268.030000 37 41
268.100000 37 41
268.170000 37 41
268.240000 37 41
268.310000 37 41
268.380000 37 41
268.450000 37 41
268.520000 37 41
268.590000 37 41
268.660000 37 41
268.730000 37 41
268.800000 37 41
268.870000 37 41
268.940000 37 41
269.010000 37 41
269.080000 37 41
269.150000 37 41
269.220000 37 41
269.290000 37 41
269.360000 37 41
269.430000 37 41
269.500000 37 41
269.570000 37 41
269.640000 37 41
269.710000 37 41
269.780000 37 41
269.850000 37 41
269.920000 37 41
269.990000 37 41
270.060000 37 41
270.130000 37 41
270.200000 37 41
270.270000 37 41
270.340000 37 41
270.410000 37 41
270.480000 37 41
270.550000 37 41
270.620000 37 41
270.690000 37 41
270.760000 37 41
270.830000 37 41
270.900000 37 41
270.970000 37 41
271.040000 37 41
271.110000 37 41
271.180000 37 41
271.250000 37 41
271.320000 37 41
271.390000 37 41
271.460000 37 41
271.530000 37 41
271.600000 37 41
271.670000 37 41
271.740000 37 41
271.810000 37 41
271.880000 37 41
271.950000 37 41
272.020000 37 41
272.090000 37 41
272.160000 37 41
272.230000 37 41
272.300000 37 41
272.370000 37 41
272.440000 37 41
272.510000 37 41
272.580000 37 41
272.650000 37 41
272.720000 37 41
272.790000 37 41
272.860000 37 41
272.930000 37 41
273.000000 37 41
273.070000 37 41
273.140000 37 41
273.210000 37 41
273.280000 37 41
273.350000 37 41
273.420000 37 41
273.490000 37 41
273.560000 37 41
273.630000 37 41
273.700000 37 41
273.770000 37 41
273.840000 37 41
273.910000 37 41
273.980000 37 41
274.050000 42 48
274.120000 42 48
274.190000 42 48
274.260000 42 48
274.330000 42 48
274.400000 42 48
274.470000 42 48
274.540000 42 48
274.610000 42 48
274.680000 42 48
274.750000 42 48
274.820000 42 48
274.890000 42 48
274.960000 42 48
275.030000 42 48
275.100000 42 48
275.170000 42 48
275.240000 57 57
275.310000 57 57
275.380000 57 57
275.450000 57 57
275.520000 57 57
275.590000 57 57
275.660000 57 57
275.730000 57 57
275.800000 57 57
275.870000 57 57
275.940000 57 57
276.010000 57 57
276.080000 57 57
276.150000 57 57
276.220000 57 57
276.290000 57 57
276.360000 57 57
276.430000 57 57
276.500000 0 0
276.570000 42 48
276.640000 42 48
276.710000 42 48
276.780000 42 48
276.850000 42 48
276.920000 42 48
276.990000 42 48
277.060000 42 48
277.130000 42 48
277.200000 42 48
277.270000 42 48
277.340000 42 48
277.410000 42 48
277.480000 42 48
277.550000 42 48
277.620000 42 48
277.690000 42 48
277.760000 42 48
277.830000 42 48
277.900000 42 48
277.970000 49 40
278.040000 49 40
278.110000 49 40
278.180000 49 40
278.250000 49 40
278.320000 49 40
278.390000 49 40
278.460000 49 40
278.530000 49 40
278.600000 49 40
278.670000 49 40
278.740000 49 40
278.810000 49 40
278.880000 49 40
278.950000 49 40
279.020000 49 40
279.090000 49 40
279.160000 49 40
279.230000 49 40
279.300000 49 40
279.370000 49 40
279.440000 49 40
279.510000 49 40
279.580000 49 40
279.650000 49 40
279.720000 49 40
279.790000 49 40
279.860000 49 40
279.930000 49 40
280.000000 49 40
280.070000 49 40
280.140000 49 40
280.210000 49 40
280.280000 49 40
280.350000 49 40
280.420000 49 40
280.490000 0 0
280.560000 30 42
280.630000 30 42
280.700000 30 42
280.770000 30 42
280.840000 30 42
280.910000 30 42
280.980000 30 42
281.050000 30 42
281.120000 30 42
281.190000 30 42
281.260000 30 42
281.330000 30 42
281.400000 30 42
281.470000 30 42
281.540000 30 42
281.610000 30 42
281.680000 30 42
281.750000 30 42
281.820000 30 42
281.890000 30 42
281.960000 30 42
282.030000 30 42
282.100000 30 42
282.170000 30 42
282.240000 30 42
282.310000 30 42
282.380000 30 42
282.450000 30 42
282.520000 30 42
282.590000 30 42
282.660000 30 42
282.730000 30 42
282.800000 30 42
282.870000 30 42
282.940000 30 42
283.010000 30 42
283.080000 30 42
283.150000 39 45
283.220000 39 45
283.290000 39 45
283.360000 39 45
283.430000 39 45
283.500000 39 45
283.570000 39 45
283.640000 39 45
283.710000 39 45
283.780000 39 45
283.850000 39 45
283.920000 39 45
283.990000 39 45
284.060000 39 45
284.130000 39 45
284.200000 39 45
284.270000 39 45
284.340000 39 45
284.410000 39 45
284.480000 39 45
284.550000 39 45
284.620000 39 45
284.690000 39 45
284.760000 39 45
284.830000 39 45
284.900000 39 45
284.970000 39 45
285.040000 39 45
285.110000 39 45
285.180000 39 45
285.250000 39 45
285.320000 39 45
285.390000 39 45
285.460000 39 45
285.530000 39 45
285.600000 39 45
285.670000 39 45
285.740000 39 45
285.810000 39 45
285.880000 39 45
285.950000 39 45
286.020000 39 45
286.090000 39 45
286.160000 39 45
286.230000 39 45
286.300000 39 45
286.370000 39 45
286.440000 39 45
286.510000 39 45
286.580000 39 45
286.650000 39 45
286.720000 0 0
286.790000 40 41
286.860000 40 41
286.930000 40 41
287.000000 40 41
287.070000 40 41
287.140000 40 41
287.210000 40 41
287.280000 40 41
287.350000 40 41
287.420000 40 41
287.490000 40 41
287.560000 40 41
287.630000 40 41
287.700000 40 41
287.770000 40 41
287.840000 40 41
287.910000 40 41
287.980000 0 0
288.050000 37 46
288.120000 37 46
288.190000 37 46
288.260000 37 46
288.330000 37 46
288.400000 37 46
288.470000 37 46
288.540000 37 46
288.610000 37 46
288.680000 37 46
288.750000 37 46
288.820000 37 46
288.890000 37 46
288.960000 37 46
289.030000 37 46
289.100000 37 46
289.170000 37 46
289.240000 39 40
289.310000 39 40
289.380000 39 40
289.450000 39 40
289.520000 39 40
289.590000 39 40
289.660000 39 40
289.730000 39 40
289.800000 39 40
289.870000 39 40
289.940000 39 40
290.010000 39 40
290.080000 39 40
290.150000 39 40
290.220000 39 40
290.290000 39 40
290.360000 39 40
290.430000 48 46
290.500000 48 46
290.570000 48 46
290.640000 48 46
290.710000 48 46
290.780000 48 46
290.850000 48 46
290.920000 48 46
290.990000 48 46
291.060000 48 46
291.130000 48 46
291.200000 48 46
291.270000 48 46
291.340000 48 46
291.410000 48 46
291.480000 48 46
291.550000 48 46
291.620000 0 0
291.690000 49 40
291.760000 49 40
291.830000 49 40
291.900000 49 40
291.970000 49 40
292.040000 49 40
292.110000 49 40
292.180000 49 40
292.250000 49 40
292.320000 49 40
292.390000 49 40
292.460000 49 40
292.530000 49 40
292.600000 49 40
292.670000 49 40
292.740000 49 40
292.810000 49 40
292.880000 49 40
292.950000 33 46
293.020000 33 46
293.090000 33 46
293.160000 33 46
293.230000 33 46
293.300000 33 46
293.370000 33 46
293.440000 33 46
293.510000 33 46
293.580000 33 46
293.650000 33 46
293.720000 33 46
293.790000 33 46
293.860000 33 46
293.930000 33 46
294.000000 33 46
294.070000 33 46
294.140000 33 46
294.210000 33 46
294.280000 33 46
294.350000 33 46
294.420000 33 46
294.490000 33 46
294.560000 33 46
294.630000 33 46
294.700000 33 46
294.770000 33 46
294.840000 33 46
294.910000 33 46
294.980000 33 46
295.050000 33 46
295.120000 33 46
295.190000 33 46
295.260000 33 46
295.330000 0 0
295.400000 32 50
295.470000 32 50
295.540000 32 50
295.610000 32 50
295.680000 32 50
295.750000 32 50
295.820000 32 50
295.890000 32 50
295.960000 32 50
296.030000 32 50
296.100000 32 50
296.170000 32 50
296.240000 32 50
296.310000 32 50
296.380000 32 50
296.450000 32 50
296.520000 32 50
296.590000 32 50
296.660000 32 50
296.730000 0 0
296.800000 42 57
296.870000 42 57
296.940000 42 57
297.010000 42 57
297.080000 42 57
297.150000 42 57
297.220000 42 57
297.290000 42 57
297.360000 42 57
297.430000 42 57
297.500000 42 57
297.570000 42 57
297.640000 42 57
297.710000 42 57
297.780000 42 57
297.850000 42 57
297.920000 42 57
297.990000 42 57
298.060000 42 57
298.130000 42 57
298.200000 42 57
298.270000 32 46
298.340000 32 46
298.410000 32 46
298.480000 32 46
298.550000 32 46
298.620000 32 46
298.690000 32 46
298.760000 32 46
298.830000 32 46
298.900000 32 46
298.970000 32 46
299.040000 32 46
299.110000 32 46
299.180000 32 46
299.250000 32 46
299.320000 32 46
299.390000 32 46
299.460000 32 46
299.530000 32 46
299.600000 32 46
299.670000 32 46
299.740000 32 46
299.810000 32 46
299.880000 32 46
299.950000 32 46
300.020000 32 46
300.090000 32 46
300.160000 32 46
300.230000 32 46
300.300000 32 46
300.370000 32 46
300.440000 32 46
300.510000 32 46
300.580000 32 46
300.650000 32 46
300.720000 32 46
300.790000 32 46
300.860000 32 46
300.930000 32 46
301.000000 32 46
301.070000 0 0
301.140000 32 46
301.210000 32 46
301.280000 32 46
301.350000 32 46
301.420000 32 46
301.490000 32 46
301.560000 32 46
301.630000 32 46
301.700000 32 46
301.770000 32 46
301.840000 32 46
301.910000 32 46
301.980000 32 46
302.050000 32 46
302.120000 32 46
302.190000 32 46
302.260000 32 46
302.330000 32 46
302.400000 32 46
302.470000 32 46
302.540000 32 46
302.610000 32 46
302.680000 32 46
302.750000 32 46
302.820000 32 46
302.890000 32 46
302.960000 32 46
303.030000 32 46
303.100000 32 46
303.170000 32 46
303.240000 32 46
303.310000 32 46
303.380000 32 46
303.450000 32 46
303.520000 32 46
303.590000 32 46
303.660000 32 46
303.730000 32 46
303.800000 32 46
303.870000 32 46
303.940000 32 46
304.010000 32 46
304.080000 0 0
304.150000 37 37
304.220000 37 37
304.290000 37 37
304.360000 37 37
304.430000 37 37
304.500000 37 37
304.570000 37 37
304.640000 37 37
304.710000 37 37
304.780000 37 37
304.850000 37 37
304.920000 37 37
304.990000 37 37
305.060000 37 37
305.130000 37 37
305.200000 37 37
305.270000 37 37
305.340000 37 37
305.410000 37 37
305.480000 37 37
305.550000 37 37
305.620000 37 37
305.690000 37 37
305.760000 37 37
305.830000 37 37
305.900000 37 37
305.970000 37 37
306.040000 37 37
306.110000 37 37
306.180000 37 37
306.250000 37 37
306.320000 37 37
306.390000 37 37
306.460000 37 37
306.530000 37 37
306.600000 37 37
306.670000 37 37
306.740000 37 37
306.810000 37 37
306.880000 37 37
306.950000 37 37
307.020000 37 37
307.090000 37 37
307.160000 37 37
307.230000 37 37
307.300000 37 37
307.370000 37 37
307.440000 37 37
307.510000 37 37
307.580000 37 37
307.650000 37 37
307.720000 37 37
307.790000 37 37
307.860000 37 37
307.930000 37 37
308.000000 37 37
308.070000 37 37
308.140000 37 37
308.210000 37 37
308.280000 37 37
308.350000 37 37
308.420000 37 37
308.490000 37 37
308.560000 37 37
308.630000 37 37
308.700000 37 37
308.770000 37 37
308.840000 37 37
308.910000 37 37
308.980000 37 37
309.050000 37 37
309.120000 37 37
309.190000 37 37
309.260000 37 37
309.330000 37 37
309.400000 37 37
309.470000 37 37
309.540000 37 37
309.610000 37 37
309.680000 36 37
309.750000 36 37
309.820000 36 37
309.890000 36 37
309.960000 36 37
310.030000 36 37
310.100000 36 37
310.170000 36 37
310.240000 36 37
310.310000 36 37
310.380000 36 37
310.450000 36 37
310.520000 36 37
310.590000 36 37
310.660000 36 37
310.730000 36 37
310.800000 36 37
310.870000 36 37
310.940000 36 37
311.010000 36 37
311.080000 36 37
311.150000 36 37
311.220000 36 37
311.290000 36 37
311.360000 36 37
311.430000 36 37
311.500000 36 37
311.570000 36 37
311.640000 36 37
311.710000 36 37
311.780000 36 37
311.850000 36 37
311.920000 36 37
311.990000 36 37
312.060000 36 37
312.130000 36 37
312.200000 36 37
312.270000 36 37
312.340000 36 37
312.410000 36 37
312.480000 36 37
312.550000 36 37
312.620000 36 37
312.690000 36 37
312.760000 36 37
312.830000 36 37
312.900000 36 37
312.970000 36 37
313.040000 36 37
313.110000 36 37
313.180000 36 37
313.250000 36 37
313.320000 36 37
313.390000 36 37
313.460000 36 37
313.530000 36 37
313.600000 36 37
313.670000 36 37
313.740000 36 37
313.810000 36 37
313.880000 36 37
313.950000 36 37
314.020000 36 37
314.090000 36 37
314.160000 36 37
314.230000 36 37
314.300000 36 37
314.370000 36 37
314.440000 36 37
314.510000 36 37
314.580000 36 37
314.650000 36 37
314.720000 36 37
314.790000 36 37
314.860000 36 37
314.930000 0 0
315.000000 37 37
315.070000 37 37
315.140000 37 37
315.210000 37 37
315.280000 37 37
315.350000 37 37
315.420000 37 37
315.490000 37 37
315.560000 37 37
315.630000 37 37
315.700000 37 37
315.770000 37 37
315.840000 37 37
315.910000 37 37
315.980000 37 37
316.050000 37 37
316.120000 37 37
316.190000 37 37
316.260000 37 37
316.330000 37 37
316.400000 37 37
316.470000 37 37
316.540000 37 37
316.610000 37 37
316.680000 37 37
316.750000 37 37
316.820000 37 37
316.890000 37 37
316.960000 37 37
317.030000 37 37
317.100000 37 37
317.170000 37 37
317.240000 37 37
317.310000 37 37
317.380000 37 37
317.450000 37 37
317.520000 37 37
317.590000 37 37
317.660000 37 37
317.730000 37 37
317.800000 37 37
317.870000 37 37
317.940000 37 37
318.010000 37 37
318.080000 37 37
318.150000 37 37
318.220000 37 37
318.290000 37 37
318.360000 37 37
318.430000 37 37
318.500000 37 37
318.570000 37 37
318.640000 37 37
318.710000 37 37
318.780000 37 37
318.850000 37 37
318.920000 37 37
318.990000 37 37
319.060000 37 37
319.130000 37 37
319.200000 37 37
319.270000 37 37
319.340000 37 37
319.410000 37 37
319.480000 37 37
319.550000 37 37
319.620000 37 37
319.690000 37 37
319.760000 37 37
319.830000 37 37
319.900000 32 37
319.970000 32 37
320.040000 32 37
320.110000 32 37
320.180000 32 37
320.250000 32 37
320.320000 32 37
320.390000 32 37
320.460000 32 37
320.530000 32 37
320.600000 32 37
320.670000 32 37
320.740000 32 37
320.810000 32 37
320.880000 32 37
320.950000 32 37
321.020000 32 37
321.090000 32 37
321.160000 32 37
321.230000 32 37
321.300000 32 37
321.370000 32 37
321.440000 32 37
321.510000 32 37
321.580000 32 37
321.650000 32 37
321.720000 32 37
321.790000 32 37
321.860000 32 37
321.930000 32 37
322.000000 32 37
322.070000 32 37
322.140000 32 37
322.210000 32 37
322.280000 32 37
322.350000 32 37
322.420000 32 37
322.490000 32 37
322.560000 32 37
322.630000 32 37
322.700000 32 37
322.770000 32 37
322.840000 32 37
322.910000 32 37
322.980000 32 37
323.050000 32 37
323.120000 32 37
323.190000 32 37
323.260000 32 37
323.330000 32 37
323.400000 32 37
323.470000 32 37
323.540000 32 37
323.610000 32 37
323.680000 32 37
323.750000 32 37
323.820000 32 37
323.890000 32 37
323.960000 32 37
324.030000 32 37
324.100000 32 37
324.170000 32 37
324.240000 32 37
324.310000 32 37
324.380000 32 37
324.450000 32 37
324.520000 32 37
324.590000 32 37
324.660000 32 37
324.730000 32 37
324.800000 32 37
324.870000 32 37
324.940000 32 37
325.010000 32 37
325.080000 32 37
325.150000 32 37
325.220000 0 0
325.290000 37 37
325.360000 37 37
325.430000 37 37
325.500000 37 37
325.570000 37 37
325.640000 37 37
325.710000 37 37
325.780000 37 37
325.850000 37 37
325.920000 37 37
325.990000 37 37
326.060000 37 37
326.130000 37 37
326.200000 37 37
326.270000 37 37
326.340000 37 37
326.410000 37 37
326.480000 37 37
326.550000 37 37
326.620000 37 37
326.690000 37 37
326.760000 37 37
326.830000 37 37
326.900000 37 37
326.970000 37 37
327.040000 37 37
327.110000 37 37
327.180000 37 37
327.250000 37 37
327.320000 37 37
327.390000 37 37
327.460000 37 37
327.530000 37 37
327.600000 37 37
327.670000 37 37
327.740000 37 37
327.810000 37 37
327.880000 37 37
327.950000 37 37
328.020000 37 37
328.090000 37 37
328.160000 37 37
328.230000 37 37
328.300000 37 37
328.370000 37 37
328.440000 37 37
328.510000 37 37
328.580000 37 37
328.650000 37 37
328.720000 37 37
328.790000 37 37
328.860000 37 37
328.930000 37 37
329.000000 37 37
329.070000 37 37
329.140000 37 37
329.210000 37 37
329.280000 37 37
329.350000 37 37
329.420000 37 37
329.490000 37 37
329.560000 37 37
329.630000 37 37
329.700000 37 37
329.770000 37 37
329.840000 37 37
329.910000 37 37
329.980000 37 37
330.050000 37 37
330.120000 37 37
330.190000 37 37
330.260000 37 37
330.330000 0 0
330.400000 32 37
330.470000 32 37
330.540000 32 37
330.610000 32 37
330.680000 32 37
330.750000 32 37
330.820000 32 37
330.890000 32 37
330.960000 32 37
331.030000 32 37
331.100000 32 37
331.170000 32 37
331.240000 32 37
331.310000 32 37
331.380000 32 37
331.450000 32 37
331.520000 32 37
331.590000 32 37
331.660000 32 37
331.730000 32 37
331.800000 32 37
331.870000 32 37
331.940000 32 37
332.010000 32 37
332.080000 32 37
332.150000 32 37
332.220000 32 37
332.290000 32 37
332.360000 32 37
332.430000 32 37
332.500000 32 37
332.570000 32 37
332.640000 32 37
332.710000 32 37
332.780000 32 37
332.850000 32 37
332.920000 32 37
332.990000 32 37
333.060000 32 37
333.130000 32 37
333.200000 32 37
333.270000 32 37
333.340000 32 37
333.410000 32 37
333.480000 32 37
333.550000 32 37
333.620000 32 37
333.690000 32 37
333.760000 32 37
333.830000 32 37
333.900000 32 37
333.970000 32 37
334.040000 32 37
334.110000 32 37
334.180000 32 37
334.250000 32 37
334.320000 32 37
334.390000 32 37
334.460000 32 37
334.530000 32 37
334.600000 32 37
334.670000 32 37
334.740000 32 37
334.810000 32 37
334.880000 32 37
334.950000 32 37
335.020000 32 37
335.090000 32 37
335.160000 32 37
335.230000 32 37
335.300000 32 37
335.370000 32 37
335.440000 32 37
335.510000 32 37
335.580000 32 37
335.650000 32 37
335.720000 32 37
335.790000 32 37
335.860000 32 37
335.930000 0 0
336.000000 37 37
336.070000 37 37
336.140000 37 37
336.210000 37 37
336.280000 37 37
336.350000 37 37
336.420000 37 37
336.490000 37 37
336.560000 37 37
336.630000 37 37
336.700000 37 37
336.770000 37 37
336.840000 37 37
336.910000 37 37
336.980000 37 37
337.050000 37 37
337.120000 37 37
337.190000 37 37
337.260000 37 37
337.330000 37 37
337.400000 37 37
337.470000 37 37
337.540000 37 37
337.610000 37 37
337.680000 37 37
337.750000 37 37
337.820000 37 37
337.890000 37 37
337.960000 37 37
338.030000 37 37
338.100000 37 37
338.170000 37 37
338.240000 37 37
338.310000 37 37
338.380000 37 37
338.450000 37 37
338.520000 37 37
338.590000 37 37
338.660000 37 37
338.730000 37 37
338.800000 37 37
338.870000 37 37
338.940000 37 37
339.010000 37 37
339.080000 37 37
339.150000 37 37
339.220000 37 37
339.290000 37 37
339.360000 37 37
339.430000 37 37
339.500000 37 37
339.570000 37 37
339.640000 37 37
339.710000 37 37
339.780000 37 37
339.850000 37 37
339.920000 37 37
339.990000 37 37
340.060000 37 37
340.130000 37 37
340.200000 37 37
340.270000 37 37
340.340000 37 37
340.410000 37 37
340.480000 37 37
340.550000 37 37
340.620000 37 37
340.690000 37 37
340.760000 37 37
340.830000 37 37
340.900000 37 37
340.970000 37 37
341.040000 37 37
341.110000 37 37
341.180000 37 37
341.250000 37 37
341.320000 37 37
341.390000 37 37
341.460000 37 37
341.530000 37 37
341.600000 37 37
341.670000 37 37
341.740000 37 37
341.810000 37 37
341.880000 37 37
341.950000 37 37
342.020000 37 37
342.090000 37 37
342.160000 37 37
342.230000 37 37
342.300000 37 37
342.370000 37 37
342.440000 37 37
342.510000 37 37
342.580000 37 37
342.650000 37 37
342.720000 37 37
342.790000 37 37
342.860000 37 37
342.930000 37 37
343.000000 37 37
343.070000 37 37
343.140000 37 37
343.210000 37 37
343.280000 37 37
343.350000 37 37
343.420000 37 37
343.490000 37 37
343.560000 37 37
343.630000 0 0
343.700000 0 0
343.770000 0 0
343.840000 0 0
343.910000 0 0
343.980000 0 0
344.050000 0 0
344.120000 0 0
344.190000 0 0
344.260000 0 0
344.330000 0 0
344.400000 0 0
344.470000 0 0
344.540000 0 0
344.610000 0 0
344.680000 0 0
344.750000 0 0
344.820000 0 0
344.890000 0 0
344.960000 0 0
345.030000 0 0
345.100000 0 0
345.170000 0 0
345.240000 0 0
345.310000 0 0
345.380000 0 0
345.450000 0 0
345.520000 0 0
345.590000 0 0
345.660000 0 0
345.730000 0 0
345.800000 0 0
345.870000 0 0
345.940000 0 0
346.010000 0 0
346.080000 0 0
346.150000 0 0
346.220000 0 0
346.290000 0 0
346.360000 0 0
346.430000 0 0
346.500000 0 0
346.570000 0 0
346.640000 0 0
346.710000 0 0
346.780000 0 0
346.850000 0 0
346.920000 0 0
346.990000 0 0
347.060000 0 0
347.130000 0 0
347.200000 0 0
347.270000 0 0
347.340000 0 0
347.410000 0 0
347.480000 0 0
347.550000 0 0
347.620000 0 0
347.690000 0 0
347.760000 0 0
347.830000 0 0
347.900000 0 0
347.970000 0 0
348.040000 0 0
348.110000 0 0
348.180000 0 0
348.250000 0 0
348.320000 0 0
348.390000 0 0
348.460000 0 0
348.530000 0 0
348.600000 0 0
348.670000 0 0
348.740000 0 0
348.810000 0 0
348.880000 0 0
348.950000 0 0
349.020000 0 0
349.090000 0 0
349.160000 0 0
349.230000 0 0
349.300000 0 0
349.370000 0 0
349.440000 0 0
349.510000 0 0
349.580000 0 0
349.650000 0 0
349.720000 0 0
349.790000 0 0
349.860000 44 26
349.930000 44 26
350.000000 44 26
350.070000 44 26
350.140000 44 26
350.210000 44 26
350.280000 44 26
350.350000 44 26
350.420000 44 26
350.490000 44 26
350.560000 44 26
350.630000 44 26
350.700000 44 26
350.770000 44 26
350.840000 44 26
350.910000 44 26
350.980000 44 26
351.050000 44 26
351.120000 44 26
351.190000 44 26
351.260000 44 26
351.330000 44 26
351.400000 44 26
351.470000 44 26
351.540000 44 26
351.610000 44 26
351.680000 44 26
351.750000 44 26
351.820000 44 26
351.890000 44 26
351.960000 44 26
352.030000 44 26
352.100000 44 26
352.170000 44 26
352.240000 44 26
352.310000 44 26
352.380000 44 26
352.450000 44 26
352.520000 44 26
352.590000 44 26
352.660000 44 26
352.730000 44 26
352.800000 44 26
352.870000 44 26
352.940000 44 26
353.010000 44 26
353.080000 44 26
353.150000 44 26
353.220000 44 26
353.290000 44 26
353.360000 44 26
353.430000 44 26
353.500000 44 26
353.570000 44 26
353.640000 44 26
353.710000 44 26
353.780000 44 26
353.850000 44 26
353.920000 44 26
353.990000 44 26
354.060000 44 26
354.130000 44 26
354.200000 44 26
354.270000 44 26
354.340000 44 26
354.410000 44 26
354.480000 44 26
354.550000 44 26
354.620000 44 26
354.690000 44 26
354.760000 44 26
354.830000 44 26
354.900000 44 26
354.970000 44 26
355.040000 44 26
355.110000 44 26
355.180000 44 26
355.250000 44 26
355.320000 44 26
355.390000 44 26
355.460000 44 26
355.530000 44 26
355.600000 44 26
355.670000 44 26
355.740000 44 26
355.810000 44 26
355.880000 44 26
355.950000 44 26
356.020000 44 26
356.090000 44 26
356.160000 44 26
356.230000 44 26
356.300000 44 26
356.370000 44 26
356.440000 44 26
356.510000 44 26
356.580000 44 26
356.650000 44 26
356.720000 44 26
356.790000 44 26
356.860000 44 26
356.930000 44 26
357.000000 44 26
357.070000 44 26
357.140000 44 26
357.210000 44 26
357.280000 44 26
357.350000 44 26
357.420000 44 26
357.490000 44 26
357.560000 44 26
357.630000 44 26
357.700000 44 26
357.770000 44 26
357.840000 44 26
357.910000 44 26
357.980000 44 26
358.050000 44 26
358.120000 44 26
358.190000 44 26
358.260000 44 26
358.330000 44 26
358.400000 44 26
358.470000 44 26
358.540000 44 26
358.610000 44 26
358.680000 44 26
358.750000 44 26
358.820000 44 26
358.890000 44 26
358.960000 44 26
359.030000 44 26
359.100000 44 26
359.170000 44 26
359.240000 44 26
359.310000 44 26
359.380000 44 26
359.450000 44 26
359.520000 44 26
359.590000 44 26
359.660000 44 26
359.730000 44 26
359.800000 44 26
359.870000 44 26
359.940000 44 26
360.010000 44 26
360.080000 44 26
360.150000 44 26
360.220000 44 26
360.290000 44 26
360.360000 44 26
360.430000 44 26
360.500000 44 26
360.570000 44 26
360.640000 44 26
360.710000 44 26
360.780000 44 26
360.850000 44 26
360.920000 44 26
360.990000 44 26
361.060000 44 26
361.130000 44 26
361.200000 44 26
361.270000 44 26
361.340000 44 26
361.410000 44 26
361.480000 44 26
361.550000 44 26
361.620000 44 26
361.690000 44 26
361.760000 44 26
361.830000 44 26
361.900000 44 26
361.970000 0 0
