"alb_esp3"

# Piano right
0.000000 71 58
0.070000 0 0
0.140000 0 0
0.210000 0 0
0.280000 75 55
0.350000 0 0
0.420000 0 0
0.490000 0 0
0.560000 78 55
0.630000 0 0
0.700000 0 0
0.770000 76 59
0.840000 78 55
0.910000 0 0
0.980000 76 55
1.050000 72 59
1.120000 0 0
1.190000 0 0
1.260000 81 55
1.330000 0 0
1.400000 0 0
1.470000 0 0
1.540000 71 58
1.610000 0 0
1.680000 0 0
1.750000 0 0
1.820000 75 55
1.890000 0 0
1.960000 0 0
2.030000 78 55
2.100000 0 0
2.170000 0 0
2.240000 0 0
2.310000 76 59
2.380000 78 55
2.450000 76 55
2.520000 72 59
2.590000 0 0
2.660000 0 0
2.730000 0 0
2.800000 81 53
2.870000 0 0
2.940000 0 0
3.010000 0 0
3.080000 71 58
3.150000 0 0
3.220000 0 0
3.290000 75 55
3.360000 0 0
3.430000 0 0
3.500000 0 0
3.570000 78 55
3.640000 0 0
3.710000 0 0
3.780000 76 59
3.850000 0 0
3.920000 78 55
3.990000 76 55
4.060000 72 59
4.130000 0 0
4.200000 0 0
4.270000 0 0
4.340000 81 55
4.410000 0 0
4.480000 0 0
4.550000 71 58
4.620000 0 0
4.690000 0 0
4.760000 0 0
4.830000 75 55
4.900000 0 0
4.970000 0 0
5.040000 0 0
5.110000 78 55
5.180000 0 0
5.250000 0 0
5.320000 76 59
5.390000 78 55
5.460000 0 0
5.530000 76 55
5.600000 72 59
5.670000 0 0
5.740000 0 0
5.810000 81 55
5.880000 0 0
5.950000 0 0
6.020000 0 0
6.090000 71 58
6.160000 0 0
6.230000 0 0
6.300000 0 0
6.370000 75 55
6.440000 0 0
6.510000 0 0
6.580000 78 55
6.650000 0 0
6.720000 0 0
6.790000 0 0
6.860000 76 59
6.930000 78 55
7.000000 76 55
7.070000 0 0
7.140000 72 59
7.210000 0 0
7.280000 0 0
7.350000 81 55
7.420000 0 0
7.490000 0 0
7.560000 0 0
7.630000 71 58
7.700000 0 0
7.770000 0 0
7.840000 0 0
7.910000 75 55
7.980000 0 0
8.050000 0 0
8.120000 78 55
8.190000 0 0
8.260000 0 0
8.330000 0 0
8.400000 76 59
8.470000 78 55
8.540000 76 55
8.610000 72 59
8.680000 0 0
8.750000 0 0
8.820000 0 0
8.890000 81 55
8.960000 0 0
9.030000 0 0
9.100000 0 0
9.170000 71 58
9.240000 0 0
9.310000 0 0
9.380000 75 55
9.450000 0 0
9.520000 0 0
9.590000 0 0
9.660000 78 55
9.730000 0 0
9.800000 0 0
9.870000 72 63
9.940000 0 0
10.010000 0 0
10.080000 0 0
10.150000 79 58
10.220000 0 0
10.290000 0 0
10.360000 0 0
10.430000 84 59
10.500000 0 0
10.570000 0 0
10.640000 78 71
10.710000 0 0
10.780000 0 0
10.850000 0 0
10.920000 83 61
10.990000 0 0
11.060000 0 0
11.130000 90 63
11.200000 0 0
11.270000 0 0
11.340000 0 0
11.410000 88 74
11.480000 88 74
11.550000 88 74
11.620000 0 0
11.690000 93 75
11.760000 93 75
11.830000 93 75
11.900000 100 80
11.970000 100 80
12.040000 100 80
12.110000 87 67
12.180000 87 67
12.250000 87 67
12.320000 87 67
12.390000 95 74
12.460000 75 72
12.530000 0 0
12.600000 0 0
12.670000 0 0
12.740000 78 71
12.810000 0 0
12.880000 0 0
12.950000 76 77
13.020000 78 70
13.090000 76 69
13.160000 0 0
13.230000 72 77
13.300000 0 0
13.370000 0 0
13.440000 81 71
13.510000 0 0
13.580000 0 0
13.650000 0 0
13.720000 71 79
13.790000 0 0
13.860000 0 0
13.930000 0 0
14.000000 75 72
14.070000 0 0
14.140000 0 0
14.210000 78 71
14.280000 0 0
14.350000 0 0
14.420000 0 0
14.490000 76 77
14.560000 78 70
14.630000 76 69
14.700000 72 77
14.770000 0 0
14.840000 0 0
14.910000 0 0
14.980000 81 71
15.050000 0 0
15.120000 0 0
15.190000 0 0
15.260000 83 74
15.330000 83 74
15.400000 83 74
15.470000 80 67
15.540000 80 67
15.610000 80 67
15.680000 0 0
15.750000 81 71
15.820000 81 71
15.890000 81 71
15.960000 78 67
16.030000 78 67
16.100000 78 67
16.170000 0 0
16.240000 74 70
16.310000 74 70
16.380000 74 70
16.450000 0 0
16.520000 72 58
16.590000 72 58
16.660000 72 58
16.730000 71 69
16.800000 0 0
16.870000 0 0
16.940000 0 0
17.010000 67 63
17.080000 0 0
17.150000 0 0
17.220000 0 0
17.290000 71 60
17.360000 0 0
17.430000 0 0
17.500000 0 0
17.570000 0 0
17.640000 0 0
17.710000 0 0
17.780000 76 64
17.850000 0 0
17.920000 0 0
17.990000 76 59
18.060000 0 0
18.130000 0 0
18.200000 0 0
18.270000 71 58
18.340000 0 0
18.410000 0 0
18.480000 75 55
18.550000 0 0
18.620000 0 0
18.690000 0 0
18.760000 78 55
18.830000 0 0
18.900000 0 0
18.970000 0 0
19.040000 76 59
19.110000 78 55
19.180000 76 55
19.250000 72 59
19.320000 0 0
19.390000 0 0
19.460000 0 0
19.530000 81 55
19.600000 0 0
19.670000 0 0
19.740000 0 0
19.810000 71 58
19.880000 0 0
19.950000 0 0
20.020000 75 55
20.090000 0 0
20.160000 0 0
20.230000 0 0
20.300000 78 55
20.370000 0 0
20.440000 0 0
20.510000 76 59
20.580000 0 0
20.650000 78 55
20.720000 76 55
20.790000 72 59
20.860000 0 0
20.930000 0 0
21.000000 0 0
21.070000 81 55
21.140000 0 0
21.210000 0 0
21.280000 71 58
21.350000 0 0
21.420000 0 0
21.490000 0 0
21.560000 75 55
21.630000 0 0
21.700000 0 0
21.770000 78 55
21.840000 0 0
21.910000 0 0
21.980000 0 0
22.050000 76 59
22.120000 78 55
22.190000 0 0
22.260000 76 55
22.330000 72 59
22.400000 0 0
22.470000 0 0
22.540000 81 55
22.610000 0 0
22.680000 0 0
22.750000 0 0
22.820000 71 58
22.890000 0 0
22.960000 0 0
23.030000 0 0
23.100000 75 55
23.170000 0 0
23.240000 0 0
23.310000 78 55
23.380000 0 0
23.450000 0 0
23.520000 0 0
23.590000 76 59
23.660000 78 55
23.730000 76 55
23.800000 0 0
23.870000 72 59
23.940000 0 0
24.010000 0 0
24.080000 81 55
24.150000 0 0
24.220000 0 0
24.290000 0 0
24.360000 71 58
24.430000 0 0
24.500000 0 0
24.570000 75 55
24.640000 0 0
24.710000 0 0
24.780000 0 0
24.850000 78 55
24.920000 0 0
24.990000 0 0
25.060000 0 0
25.130000 72 63
25.200000 0 0
25.270000 0 0
25.340000 79 58
25.410000 0 0
25.480000 0 0
25.550000 0 0
25.620000 84 59
25.690000 0 0
25.760000 0 0
25.830000 78 71
25.900000 0 0
25.970000 0 0
26.040000 0 0
26.110000 83 61
26.180000 0 0
26.250000 0 0
26.320000 0 0
26.390000 90 63
26.460000 0 0
26.530000 0 0
26.600000 88 74
26.670000 88 74
26.740000 88 74
26.810000 0 0
26.880000 93 75
26.950000 93 75
27.020000 93 75
27.090000 0 0
27.160000 100 80
27.230000 100 80
27.300000 87 67
27.370000 87 67
27.440000 87 67
27.510000 87 67
27.580000 95 74
27.650000 75 72
27.720000 0 0
27.790000 0 0
27.860000 0 0
27.930000 78 71
28.000000 0 0
28.070000 0 0
28.140000 76 77
28.210000 78 70
28.280000 0 0
28.350000 76 69
28.420000 72 77
28.490000 0 0
28.560000 0 0
28.630000 81 71
28.700000 0 0
28.770000 0 0
28.840000 0 0
28.910000 71 79
28.980000 0 0
29.050000 0 0
29.120000 0 0
29.190000 75 72
29.260000 0 0
29.330000 0 0
29.400000 0 0
29.470000 78 71
29.540000 0 0
29.610000 0 0
29.680000 76 77
29.750000 78 70
29.820000 0 0
29.890000 76 69
29.960000 72 77
30.030000 0 0
30.100000 0 0
30.170000 81 71
30.240000 0 0
30.310000 0 0
30.380000 0 0
30.450000 0 0
30.520000 0 0
30.590000 0 0
30.660000 0 0
30.730000 75 75
30.800000 0 0
30.870000 0 0
30.940000 0 0
31.010000 78 74
31.080000 0 0
31.150000 0 0
31.220000 76 56
31.290000 76 56
31.360000 76 56
31.430000 76 56
31.500000 76 56
31.570000 76 56
31.640000 76 56
31.710000 76 56
31.780000 76 56
31.850000 76 56
31.920000 0 0
31.990000 0 0
32.060000 0 0
32.130000 0 0
32.200000 0 0
32.270000 75 75
32.340000 0 0
32.410000 0 0
32.480000 78 74
32.550000 0 0
32.620000 0 0
32.690000 0 0
32.760000 76 56
32.830000 76 56
32.900000 76 56
32.970000 76 56
33.040000 76 56
33.110000 76 56
33.180000 76 56
33.250000 76 56
33.320000 76 56
33.390000 76 56
33.460000 0 0
33.530000 0 0
33.600000 0 0
33.670000 0 0
33.740000 77 67
33.810000 77 67
33.880000 77 67
33.950000 0 0
34.020000 81 71
34.090000 81 71
34.160000 81 71
34.230000 0 0
34.300000 75 67
34.370000 75 67
34.440000 75 67
34.510000 74 70
34.580000 74 70
34.650000 74 70
34.720000 0 0
34.790000 72 58
34.860000 72 58
34.930000 72 58
35.000000 0 0
35.070000 71 71
35.140000 0 0
35.210000 0 0
35.280000 67 64
35.350000 0 0
35.420000 0 0
35.490000 0 0
35.560000 71 62
35.630000 0 0
35.700000 0 0
35.770000 0 0
35.840000 0 0
35.910000 0 0
35.980000 0 0
36.050000 76 66
36.120000 0 0
36.190000 0 0
36.260000 0 0
36.330000 76 61
36.400000 0 0
36.470000 0 0
36.540000 83 61
36.610000 0 0
36.680000 85 62
36.750000 0 0
36.820000 87 64
36.890000 0 0
36.960000 88 66
37.030000 0 0
37.100000 90 68
37.170000 0 0
37.240000 91 69
37.310000 0 0
37.380000 93 71
37.450000 93 71
37.520000 93 71
37.590000 0 0
37.660000 91 70
37.730000 93 66
37.800000 91 66
37.870000 90 71
37.940000 0 0
38.010000 88 66
38.080000 0 0
38.150000 90 69
38.220000 0 0
38.290000 91 58
38.360000 0 0
38.430000 90 62
38.500000 0 0
38.570000 86 60
38.640000 86 60
38.710000 83 58
38.780000 83 58
38.850000 83 58
38.920000 83 58
38.990000 84 58
39.060000 0 0
39.130000 86 60
39.200000 0 0
39.270000 88 61
39.340000 0 0
39.410000 90 63
39.480000 0 0
39.550000 91 66
39.620000 0 0
39.690000 88 68
39.760000 0 0
39.830000 86 70
39.900000 0 0
39.970000 88 69
40.040000 0 0
40.110000 86 64
40.180000 0 0
40.250000 83 60
40.320000 83 60
40.390000 79 59
40.460000 81 63
40.530000 0 0
40.600000 83 68
40.670000 0 0
40.740000 86 67
40.810000 0 0
40.880000 84 66
40.950000 0 0
41.020000 83 64
41.090000 0 0
41.160000 84 62
41.230000 0 0
41.300000 88 61
41.370000 88 61
41.440000 0 0
41.510000 75 45
41.580000 71 53
41.650000 0 0
41.720000 0 0
41.790000 75 45
41.860000 71 53
41.930000 0 0
42.000000 0 0
42.070000 75 45
42.140000 71 53
42.210000 0 0
42.280000 0 0
42.350000 76 45
42.420000 72 53
42.490000 0 0
42.560000 0 0
42.630000 76 45
42.700000 72 53
42.770000 0 0
42.840000 76 45
42.910000 0 0
42.980000 72 53
43.050000 0 0
43.120000 75 45
43.190000 0 0
43.260000 71 53
43.330000 0 0
43.400000 83 53
43.470000 0 0
43.540000 71 53
43.610000 0 0
43.680000 83 53
43.750000 71 53
43.820000 0 0
43.890000 0 0
43.960000 81 53
44.030000 72 53
44.100000 0 0
44.170000 0 0
44.240000 76 45
44.310000 72 53
44.380000 0 0
44.450000 0 0
44.520000 76 45
44.590000 72 53
44.660000 0 0
44.730000 0 0
44.800000 75 45
44.870000 71 52
44.940000 0 0
45.010000 0 0
45.080000 83 53
45.150000 71 55
45.220000 0 0
45.290000 75 46
45.360000 0 0
45.430000 71 56
45.500000 0 0
45.570000 83 57
45.640000 0 0
45.710000 71 56
45.780000 0 0
45.850000 83 53
45.920000 71 53
45.990000 0 0
46.060000 0 0
46.130000 75 44
46.200000 71 49
46.270000 0 0
46.340000 0 0
46.410000 75 41
46.480000 71 48
46.550000 0 0
46.620000 0 0
46.690000 75 39
46.760000 71 46
46.830000 0 0
46.900000 0 0
46.970000 83 46
47.040000 71 45
47.110000 0 0
47.180000 0 0
47.250000 75 37
47.320000 71 44
47.390000 0 0
47.460000 0 0
47.530000 83 42
47.600000 71 42
47.670000 0 0
47.740000 0 0
47.810000 75 35
47.880000 71 40
47.950000 71 40
48.020000 99 41
48.090000 99 41
48.160000 99 41
48.230000 99 41
48.300000 99 41
48.370000 99 41
48.440000 99 41
48.510000 99 41
48.580000 99 41
48.650000 99 41
48.720000 99 41
48.790000 99 41
48.860000 99 41
48.930000 99 41
49.000000 99 41
49.070000 0 0
49.140000 0 0
49.210000 0 0
49.280000 0 0
49.350000 0 0
49.420000 0 0
49.490000 0 0
49.560000 71 58
49.630000 71 58
49.700000 71 58
49.770000 71 58
49.840000 71 58
49.910000 0 0
49.980000 76 62
50.050000 76 62
50.120000 76 62
50.190000 76 62
50.260000 76 62
50.330000 76 62
50.400000 76 62
50.470000 76 62
50.540000 76 62
50.610000 76 62
50.680000 76 62
50.750000 76 62
50.820000 76 62
50.890000 76 62
50.960000 76 62
51.030000 76 62
51.100000 76 62
51.170000 76 62
51.240000 76 62
51.310000 76 62
51.380000 76 62
51.450000 76 62
51.520000 76 62
51.590000 76 62
51.660000 76 62
51.730000 76 62
51.800000 76 62
51.870000 76 62
51.940000 74 56
52.010000 74 56
52.080000 74 56
52.150000 74 56
52.220000 74 56
52.290000 0 0
52.360000 76 63
52.430000 76 63
52.500000 76 63
52.570000 76 63
52.640000 76 63
52.710000 76 63
52.780000 76 63
52.850000 76 63
52.920000 76 63
52.990000 76 63
53.060000 76 63
53.130000 76 63
53.200000 76 63
53.270000 76 63
53.340000 76 63
53.410000 76 63
53.480000 76 63
53.550000 0 0
53.620000 74 55
53.690000 74 55
53.760000 74 55
53.830000 74 55
53.900000 74 55
53.970000 76 61
54.040000 76 61
54.110000 76 61
54.180000 76 61
54.250000 76 61
54.320000 76 61
54.390000 76 61
54.460000 76 61
54.530000 76 61
54.600000 76 61
54.670000 76 61
54.740000 76 61
54.810000 76 61
54.880000 76 61
54.950000 76 61
55.020000 76 61
55.090000 76 61
55.160000 0 0
55.230000 74 56
55.300000 0 0
55.370000 76 53
55.440000 74 50
55.510000 0 0
55.580000 71 44
55.650000 71 44
55.720000 71 44
55.790000 71 44
55.860000 71 44
55.930000 71 44
56.000000 71 44
56.070000 71 44
56.140000 71 44
56.210000 71 44
56.280000 71 44
56.350000 0 0
56.420000 0 0
56.490000 0 0
56.560000 0 0
56.630000 0 0
56.700000 59 39
56.770000 59 39
56.840000 59 39
56.910000 59 39
56.980000 62 39
57.050000 62 39
57.120000 62 39
57.190000 0 0
57.260000 67 39
57.330000 67 39
57.400000 67 39
57.470000 0 0
57.540000 71 41
57.610000 71 41
57.680000 71 41
57.750000 0 0
57.820000 74 40
57.890000 74 40
57.960000 74 40
58.030000 0 0
58.100000 79 37
58.170000 79 37
58.240000 79 37
58.310000 83 37
58.380000 83 37
58.450000 83 37
58.520000 0 0
58.590000 86 41
58.660000 86 41
58.730000 86 41
58.800000 0 0
58.870000 91 39
58.940000 91 39
59.010000 91 39
59.080000 91 39
59.150000 95 39
59.220000 95 39
59.290000 95 39
59.360000 95 39
59.430000 98 39
59.500000 98 39
59.570000 98 39
59.640000 98 39
59.710000 0 0
59.780000 0 0
59.850000 0 0
59.920000 0 0
59.990000 0 0
60.060000 0 0
60.130000 0 0
60.200000 0 0
60.270000 0 0
60.340000 0 0
60.410000 0 0
60.480000 0 0
60.550000 71 45
60.620000 71 45
60.690000 71 45
60.760000 71 45
60.830000 71 45
60.900000 71 45
60.970000 76 49
61.040000 76 49
61.110000 76 49
61.180000 76 49
61.250000 76 49
61.320000 76 49
61.390000 76 49
61.460000 76 49
61.530000 76 49
61.600000 76 49
61.670000 76 49
61.740000 76 49
61.810000 76 49
61.880000 76 49
61.950000 76 49
62.020000 76 49
62.090000 76 49
62.160000 74 46
62.230000 74 46
62.300000 74 46
62.370000 74 46
62.440000 74 46
62.510000 0 0
62.580000 76 52
62.650000 76 52
62.720000 76 52
62.790000 76 52
62.860000 76 52
62.930000 76 52
63.000000 76 52
63.070000 76 52
63.140000 76 52
63.210000 76 52
63.280000 76 52
63.350000 76 52
63.420000 76 52
63.490000 76 52
63.560000 76 52
63.630000 76 52
63.700000 76 52
63.770000 74 51
63.840000 74 51
63.910000 74 51
63.980000 74 51
64.050000 74 51
64.120000 0 0
64.190000 76 56
64.260000 76 56
64.330000 76 56
64.400000 76 56
64.470000 76 56
64.540000 0 0
64.610000 74 53
64.680000 74 53
64.750000 74 53
64.820000 74 53
64.890000 74 53
64.960000 74 53
65.030000 76 56
65.100000 76 56
65.170000 0 0
65.240000 78 52
65.310000 78 52
65.380000 76 55
65.450000 76 55
65.520000 0 0
65.590000 74 51
65.660000 74 51
65.730000 74 51
65.800000 72 47
65.870000 72 47
65.940000 72 47
66.010000 72 47
66.080000 72 47
66.150000 72 47
66.220000 72 47
66.290000 72 47
66.360000 72 47
66.430000 72 47
66.500000 72 47
66.570000 72 47
66.640000 72 47
66.710000 72 47
66.780000 72 47
66.850000 72 47
66.920000 72 47
66.990000 72 47
67.060000 72 47
67.130000 72 47
67.200000 72 47
67.270000 72 47
67.340000 72 47
67.410000 0 0
67.480000 0 0
67.550000 0 0
67.620000 0 0
67.690000 0 0
67.760000 52 39
67.830000 52 39
67.900000 52 39
67.970000 52 39
68.040000 55 39
68.110000 55 39
68.180000 55 39
68.250000 60 39
68.320000 60 39
68.390000 60 39
68.460000 0 0
68.530000 64 41
68.600000 64 41
68.670000 64 41
68.740000 0 0
68.810000 67 40
68.880000 67 40
68.950000 67 40
69.020000 0 0
69.090000 72 37
69.160000 72 37
69.230000 72 37
69.300000 0 0
69.370000 76 37
69.440000 76 37
69.510000 76 37
69.580000 79 41
69.650000 79 41
69.720000 79 41
69.790000 0 0
69.860000 84 39
69.930000 84 39
70.000000 84 39
70.070000 84 39
70.140000 88 39
70.210000 88 39
70.280000 88 39
70.350000 88 39
70.420000 100 39
70.490000 100 39
70.560000 100 39
70.630000 100 39
70.700000 0 0
70.770000 0 0
70.840000 0 0
70.910000 0 0
70.980000 0 0
71.050000 0 0
71.120000 0 0
71.190000 0 0
71.260000 0 0
71.330000 0 0
71.400000 0 0
71.470000 0 0
71.540000 72 50
71.610000 72 50
71.680000 72 50
71.750000 72 50
71.820000 72 50
71.890000 72 50
71.960000 76 55
72.030000 76 55
72.100000 76 55
72.170000 76 55
72.240000 76 55
72.310000 76 55
72.380000 76 55
72.450000 76 55
72.520000 76 55
72.590000 76 55
72.660000 76 55
72.730000 76 55
72.800000 76 55
72.870000 76 55
72.940000 76 55
73.010000 76 55
73.080000 76 55
73.150000 76 55
73.220000 76 55
73.290000 76 55
73.360000 76 55
73.430000 76 55
73.500000 76 55
73.570000 76 55
73.640000 76 55
73.710000 76 55
73.780000 76 55
73.850000 76 55
73.920000 0 0
73.990000 74 55
74.060000 74 55
74.130000 74 55
74.200000 74 55
74.270000 74 55
74.340000 0 0
74.410000 76 58
74.480000 76 58
74.550000 76 58
74.620000 76 58
74.690000 76 58
74.760000 76 58
74.830000 76 58
74.900000 76 58
74.970000 76 58
75.040000 76 58
75.110000 0 0
75.180000 78 60
75.250000 78 60
75.320000 78 60
75.390000 78 60
75.460000 78 60
75.530000 79 62
75.600000 79 62
75.670000 79 62
75.740000 79 62
75.810000 79 62
75.880000 0 0
75.950000 76 62
76.020000 76 62
76.090000 78 57
76.160000 78 57
76.230000 76 60
76.300000 76 60
76.370000 0 0
76.440000 74 56
76.510000 74 56
76.580000 72 52
76.650000 72 52
76.720000 71 49
76.790000 71 49
76.860000 71 49
76.930000 71 49
77.000000 71 49
77.070000 71 49
77.140000 71 49
77.210000 71 49
77.280000 71 49
77.350000 71 49
77.420000 71 49
77.490000 71 49
77.560000 71 49
77.630000 71 49
77.700000 71 49
77.770000 71 49
77.840000 71 49
77.910000 71 49
77.980000 71 49
78.050000 71 49
78.120000 71 49
78.190000 71 49
78.260000 71 49
78.330000 0 0
78.400000 0 0
78.470000 0 0
78.540000 0 0
78.610000 0 0
78.680000 59 39
78.750000 59 39
78.820000 59 39
78.890000 59 39
78.960000 62 39
79.030000 62 39
79.100000 62 39
79.170000 0 0
79.240000 67 39
79.310000 67 39
79.380000 67 39
79.450000 71 41
79.520000 71 41
79.590000 71 41
79.660000 0 0
79.730000 74 40
79.800000 74 40
79.870000 74 40
79.940000 0 0
80.010000 79 37
80.080000 79 37
80.150000 79 37
80.220000 0 0
80.290000 83 37
80.360000 83 37
80.430000 83 37
80.500000 0 0
80.570000 86 41
80.640000 86 41
80.710000 86 41
80.780000 91 39
80.850000 91 39
80.920000 91 39
80.990000 91 39
81.060000 95 39
81.130000 95 39
81.200000 95 39
81.270000 95 39
81.340000 0 0
81.410000 98 39
81.480000 98 39
81.550000 98 39
81.620000 98 39
81.690000 0 0
81.760000 0 0
81.830000 0 0
81.900000 0 0
81.970000 0 0
82.040000 0 0
82.110000 0 0
82.180000 0 0
82.250000 0 0
82.320000 0 0
82.390000 0 0
82.460000 71 55
82.530000 71 55
82.600000 71 55
82.670000 71 55
82.740000 71 55
82.810000 71 55
82.880000 74 60
82.950000 74 60
83.020000 74 60
83.090000 74 60
83.160000 74 60
83.230000 74 60
83.300000 74 60
83.370000 74 60
83.440000 74 60
83.510000 74 60
83.580000 74 60
83.650000 74 60
83.720000 74 60
83.790000 74 60
83.860000 74 60
83.930000 74 60
84.000000 74 60
84.070000 74 60
84.140000 74 60
84.210000 74 60
84.280000 74 60
84.350000 74 60
84.420000 74 60
84.490000 74 60
84.560000 74 60
84.630000 74 60
84.700000 74 60
84.770000 74 60
84.840000 0 0
84.910000 72 56
84.980000 72 56
85.050000 72 56
85.120000 72 56
85.190000 72 56
85.260000 0 0
85.330000 71 55
85.400000 71 55
85.470000 71 55
85.540000 71 55
85.610000 71 55
85.680000 71 55
85.750000 71 55
85.820000 71 55
85.890000 71 55
85.960000 71 55
86.030000 0 0
86.100000 69 53
86.170000 69 53
86.240000 69 53
86.310000 69 53
86.380000 69 53
86.450000 0 0
86.520000 71 53
86.590000 71 53
86.660000 71 53
86.730000 71 53
86.800000 71 53
86.870000 72 58
86.940000 72 58
87.010000 0 0
87.080000 74 51
87.150000 74 51
87.220000 72 56
87.290000 72 56
87.360000 0 0
87.430000 71 48
87.500000 71 48
87.570000 71 48
87.640000 69 46
87.710000 69 46
87.780000 69 46
87.850000 69 46
87.920000 69 46
87.990000 69 46
88.060000 69 46
88.130000 69 46
88.200000 69 46
88.270000 69 46
88.340000 69 46
88.410000 69 46
88.480000 69 46
88.550000 69 46
88.620000 69 46
88.690000 69 46
88.760000 69 46
88.830000 69 46
88.900000 69 46
88.970000 69 46
89.040000 69 46
89.110000 69 46
89.180000 69 46
89.250000 0 0
89.320000 0 0
89.390000 0 0
89.460000 0 0
89.530000 50 39
89.600000 50 39
89.670000 50 39
89.740000 50 39
89.810000 54 39
89.880000 54 39
89.950000 54 39
90.020000 0 0
90.090000 60 39
90.160000 60 39
90.230000 60 39
90.300000 0 0
90.370000 62 41
90.440000 62 41
90.510000 62 41
90.580000 0 0
90.650000 66 40
90.720000 66 40
90.790000 66 40
90.860000 0 0
90.930000 72 37
91.000000 72 37
91.070000 72 37
91.140000 74 37
91.210000 74 37
91.280000 74 37
91.350000 0 0
91.420000 78 41
91.490000 78 41
91.560000 78 41
91.630000 0 0
91.700000 84 39
91.770000 84 39
91.840000 84 39
91.910000 84 39
91.980000 86 39
92.050000 86 39
92.120000 86 39
92.190000 86 39
92.260000 90 39
92.330000 90 39
92.400000 90 39
92.470000 90 39
92.540000 0 0
92.610000 0 0
92.680000 0 0
92.750000 0 0
92.820000 0 0
92.890000 72 52
92.960000 72 52
93.030000 72 52
93.100000 74 55
93.170000 74 55
93.240000 74 55
93.310000 76 58
93.380000 76 58
93.450000 76 58
93.520000 78 62
93.590000 0 0
93.660000 79 49
93.730000 0 0
93.800000 78 49
93.870000 0 0
93.940000 76 60
94.010000 76 60
94.080000 74 50
94.150000 74 50
94.220000 0 0
94.290000 76 61
94.360000 0 0
94.430000 78 49
94.500000 0 0
94.570000 76 48
94.640000 0 0
94.710000 74 57
94.780000 74 57
94.850000 0 0
94.920000 72 52
94.990000 72 52
95.060000 72 52
95.130000 74 52
95.200000 74 52
95.270000 74 52
95.340000 76 49
95.410000 76 49
95.480000 76 49
95.550000 74 51
95.620000 74 51
95.690000 74 51
95.760000 0 0
95.830000 72 45
95.900000 72 45
95.970000 72 45
96.040000 71 40
96.110000 71 40
96.180000 71 40
96.250000 71 40
96.320000 71 40
96.390000 71 40
96.460000 71 40
96.530000 71 40
96.600000 71 40
96.670000 71 40
96.740000 71 40
96.810000 71 40
96.880000 71 40
96.950000 71 40
97.020000 71 40
97.090000 71 40
97.160000 71 40
97.230000 71 40
97.300000 71 40
97.370000 71 40
97.440000 71 40
97.510000 71 40
97.580000 71 40
97.650000 71 40
97.720000 71 40
97.790000 0 0
97.860000 0 0
97.930000 0 0
98.000000 0 0
98.070000 0 0
98.140000 59 39
98.210000 59 39
98.280000 59 39
98.350000 59 39
98.420000 62 39
98.490000 62 39
98.560000 62 39
98.630000 67 39
98.700000 67 39
98.770000 67 39
98.840000 0 0
98.910000 71 41
98.980000 71 41
99.050000 71 41
99.120000 0 0
99.190000 74 40
99.260000 74 40
99.330000 74 40
99.400000 0 0
99.470000 79 37
99.540000 79 37
99.610000 79 37
99.680000 0 0
99.750000 83 37
99.820000 83 37
99.890000 83 37
99.960000 86 41
100.030000 86 41
100.100000 86 41
100.170000 0 0
100.240000 91 39
100.310000 91 39
100.380000 91 39
100.450000 91 39
100.520000 95 39
100.590000 95 39
100.660000 95 39
100.730000 95 39
100.800000 98 39
100.870000 98 39
100.940000 98 39
101.010000 98 39
101.080000 0 0
101.150000 71 55
101.220000 71 55
101.290000 71 55
101.360000 71 55
101.430000 71 55
101.500000 71 55
101.570000 71 55
101.640000 71 55
101.710000 71 55
101.780000 71 55
101.850000 71 55
101.920000 71 55
101.990000 71 55
102.060000 71 55
102.130000 71 55
102.200000 71 55
102.270000 71 55
102.340000 76 60
102.410000 76 60
102.480000 76 60
102.550000 76 60
102.620000 76 60
102.690000 76 60
102.760000 76 60
102.830000 76 60
102.900000 76 60
102.970000 76 60
103.040000 76 60
103.110000 76 60
103.180000 76 60
103.250000 76 60
103.320000 76 60
103.390000 76 60
103.460000 76 60
103.530000 76 60
103.600000 76 60
103.670000 76 60
103.740000 76 60
103.810000 76 60
103.880000 76 60
103.950000 76 60
104.020000 76 60
104.090000 76 60
104.160000 76 60
104.230000 76 60
104.300000 76 60
104.370000 76 60
104.440000 76 60
104.510000 76 60
104.580000 76 60
104.650000 76 60
104.720000 0 0
104.790000 0 0
104.860000 0 0
104.930000 0 0
105.000000 0 0
105.070000 0 0
105.140000 0 0
105.210000 0 0
105.280000 0 0
105.350000 0 0
105.420000 0 0
105.490000 0 0
105.560000 0 0
105.630000 0 0
105.700000 0 0
105.770000 0 0
105.840000 0 0
105.910000 64 47
105.980000 64 47
106.050000 64 47
106.120000 0 0
106.190000 66 39
106.260000 66 39
106.330000 66 39
106.400000 0 0
106.470000 69 39
106.540000 69 39
106.610000 69 39
106.680000 0 0
106.750000 72 39
106.820000 72 39
106.890000 72 39
106.960000 0 0
107.030000 0 0
107.100000 0 0
107.170000 0 0
107.240000 0 0
107.310000 0 0
107.380000 0 0
107.450000 0 0
107.520000 0 0
107.590000 0 0
107.660000 0 0
107.730000 0 0
107.800000 0 0
107.870000 0 0
107.940000 0 0
108.010000 0 0
108.080000 0 0
108.150000 88 50
108.220000 88 50
108.290000 88 50
108.360000 88 50
108.430000 88 50
108.500000 88 50
108.570000 88 50
108.640000 88 50
108.710000 88 50
108.780000 88 50
108.850000 88 50
108.920000 88 50
108.990000 88 50
109.060000 88 50
109.130000 88 50
109.200000 88 50
109.270000 88 50
109.340000 88 50
109.410000 88 50
109.480000 88 50
109.550000 74 57
109.620000 74 57
109.690000 74 57
109.760000 74 57
109.830000 74 57
109.900000 74 57
109.970000 74 57
110.040000 74 57
110.110000 74 57
110.180000 74 57
110.250000 74 57
110.320000 74 57
110.390000 74 57
110.460000 74 57
110.530000 0 0
110.600000 76 61
110.670000 76 61
110.740000 76 61
110.810000 76 61
110.880000 76 61
110.950000 76 61
111.020000 74 59
111.090000 74 59
111.160000 74 59
111.230000 74 59
111.300000 74 59
111.370000 74 59
111.440000 0 0
111.510000 72 56
111.580000 72 56
111.650000 72 56
111.720000 72 56
111.790000 72 56
111.860000 72 56
111.930000 0 0
112.000000 71 52
112.070000 71 52
112.140000 71 52
112.210000 71 52
112.280000 71 52
112.350000 71 52
112.420000 71 52
112.490000 72 55
112.560000 72 55
112.630000 74 57
112.700000 74 57
112.770000 0 0
112.840000 72 57
112.910000 72 57
112.980000 71 56
113.050000 71 56
113.120000 69 55
113.190000 69 55
113.260000 0 0
113.330000 67 53
113.400000 67 53
113.470000 66 56
113.540000 0 0
113.610000 67 56
113.680000 67 56
113.750000 66 55
113.820000 66 55
113.890000 64 51
113.960000 64 51
114.030000 62 51
114.100000 62 51
114.170000 0 0
114.240000 60 47
114.310000 60 47
114.380000 62 47
114.450000 62 47
114.520000 63 49
114.590000 63 49
114.660000 64 51
114.730000 64 51
114.800000 66 52
114.870000 66 52
114.940000 69 55
115.010000 69 55
115.080000 0 0
115.150000 67 55
115.220000 67 55
115.290000 66 53
115.360000 66 53
115.430000 64 52
115.500000 64 52
115.570000 63 49
115.640000 63 49
115.710000 64 50
115.780000 64 50
115.850000 0 0
115.920000 60 45
115.990000 60 45
116.060000 60 45
116.130000 60 45
116.200000 60 45
116.270000 60 45
116.340000 71 58
116.410000 0 0
116.480000 0 0
116.550000 0 0
116.620000 75 55
116.690000 0 0
116.760000 0 0
116.830000 0 0
116.900000 78 55
116.970000 0 0
117.040000 0 0
117.110000 76 59
117.180000 78 55
117.250000 0 0
117.320000 76 55
117.390000 72 59
117.460000 0 0
117.530000 0 0
117.600000 81 55
117.670000 0 0
117.740000 0 0
117.810000 0 0
117.880000 71 58
117.950000 0 0
118.020000 0 0
118.090000 0 0
118.160000 75 55
118.230000 0 0
118.300000 0 0
118.370000 78 55
118.440000 0 0
118.510000 0 0
118.580000 0 0
118.650000 76 59
118.720000 78 55
118.790000 76 55
118.860000 72 59
118.930000 0 0
119.000000 0 0
119.070000 0 0
119.140000 81 53
119.210000 0 0
119.280000 0 0
119.350000 0 0
119.420000 71 58
119.490000 0 0
119.560000 0 0
119.630000 75 55
119.700000 0 0
119.770000 0 0
119.840000 0 0
119.910000 78 55
119.980000 0 0
120.050000 0 0
120.120000 76 59
120.190000 0 0
120.260000 78 55
120.330000 76 55
120.400000 72 59
120.470000 0 0
120.540000 0 0
120.610000 0 0
120.680000 81 55
120.750000 0 0
120.820000 0 0
120.890000 71 58
120.960000 0 0
121.030000 0 0
121.100000 0 0
121.170000 75 55
121.240000 0 0
121.310000 0 0
121.380000 0 0
121.450000 78 55
121.520000 0 0
121.590000 0 0
121.660000 76 59
121.730000 78 55
121.800000 0 0
121.870000 76 55
121.940000 72 59
122.010000 0 0
122.080000 0 0
122.150000 81 55
122.220000 0 0
122.290000 0 0
122.360000 0 0
122.430000 71 58
122.500000 0 0
122.570000 0 0
122.640000 0 0
122.710000 75 55
122.780000 0 0
122.850000 0 0
122.920000 78 55
122.990000 0 0
123.060000 0 0
123.130000 0 0
123.200000 76 59
123.270000 78 55
123.340000 76 55
123.410000 0 0
123.480000 72 59
123.550000 0 0
123.620000 0 0
123.690000 81 55
123.760000 0 0
123.830000 0 0
123.900000 0 0
123.970000 71 58
124.040000 0 0
124.110000 0 0
124.180000 75 55
124.250000 0 0
124.320000 0 0
124.390000 0 0
124.460000 78 55
124.530000 0 0
124.600000 0 0
124.670000 0 0
124.740000 76 59
124.810000 78 55
124.880000 76 55
124.950000 72 59
125.020000 0 0
125.090000 0 0
125.160000 0 0
125.230000 81 55
125.300000 0 0
125.370000 0 0
125.440000 0 0
125.510000 71 58
125.580000 0 0
125.650000 0 0
125.720000 75 55
125.790000 0 0
125.860000 0 0
125.930000 0 0
126.000000 78 55
126.070000 0 0
126.140000 0 0
126.210000 72 63
126.280000 0 0
126.350000 0 0
126.420000 0 0
126.490000 79 58
126.560000 0 0
126.630000 0 0
126.700000 0 0
126.770000 84 59
126.840000 0 0
126.910000 0 0
126.980000 78 71
127.050000 0 0
127.120000 0 0
127.190000 0 0
127.260000 83 61
127.330000 0 0
127.400000 0 0
127.470000 90 63
127.540000 0 0
127.610000 0 0
127.680000 0 0
127.750000 88 74
127.820000 88 74
127.890000 88 74
127.960000 0 0
128.030000 93 75
128.100000 93 75
128.170000 93 75
128.240000 100 80
128.310000 100 80
128.380000 100 80
128.450000 87 67
128.520000 87 67
128.590000 87 67
128.660000 87 67
128.730000 95 74
128.800000 75 72
128.870000 0 0
128.940000 0 0
129.010000 0 0
129.080000 78 71
129.150000 0 0
129.220000 0 0
129.290000 76 77
129.360000 78 70
129.430000 0 0
129.500000 76 69
129.570000 72 77
129.640000 0 0
129.710000 0 0
129.780000 81 71
129.850000 0 0
129.920000 0 0
129.990000 0 0
130.060000 71 79
130.130000 0 0
130.200000 0 0
130.270000 0 0
130.340000 75 72
130.410000 0 0
130.480000 0 0
130.550000 78 71
130.620000 0 0
130.690000 0 0
130.760000 0 0
130.830000 76 77
130.900000 78 70
130.970000 76 69
131.040000 0 0
131.110000 72 77
131.180000 0 0
131.250000 0 0
131.320000 81 71
131.390000 0 0
131.460000 0 0
131.530000 0 0
131.600000 78 74
131.670000 78 74
131.740000 78 74
131.810000 0 0
131.880000 77 67
131.950000 77 67
132.020000 77 67
132.090000 76 71
132.160000 76 71
132.230000 76 71
132.300000 0 0
132.370000 75 67
132.440000 75 67
132.510000 75 67
132.580000 74 70
132.650000 74 70
132.720000 74 70
132.790000 0 0
132.860000 74 58
132.930000 74 58
133.000000 74 58
133.070000 0 0
133.140000 71 69
133.210000 0 0
133.280000 0 0
133.350000 67 63
133.420000 0 0
133.490000 0 0
133.560000 0 0
133.630000 71 60
133.700000 0 0
133.770000 0 0
133.840000 0 0
133.910000 0 0
133.980000 0 0
134.050000 0 0
134.120000 76 64
134.190000 0 0
134.260000 0 0
134.330000 0 0
134.400000 81 59
134.470000 0 0
134.540000 0 0
134.610000 71 58
134.680000 0 0
134.750000 0 0
134.820000 0 0
134.890000 75 55
134.960000 0 0
135.030000 0 0
135.100000 78 55
135.170000 0 0
135.240000 0 0
135.310000 0 0
135.380000 76 59
135.450000 78 55
135.520000 76 55
135.590000 0 0
135.660000 72 59
135.730000 0 0
135.800000 0 0
135.870000 81 55
135.940000 0 0
136.010000 0 0
136.080000 0 0
136.150000 71 58
136.220000 0 0
136.290000 0 0
136.360000 75 55
136.430000 0 0
136.500000 0 0
136.570000 0 0
136.640000 78 55
136.710000 0 0
136.780000 0 0
136.850000 0 0
136.920000 76 59
136.990000 78 55
137.060000 76 55
137.130000 72 59
137.200000 0 0
137.270000 0 0
137.340000 0 0
137.410000 81 55
137.480000 0 0
137.550000 0 0
137.620000 0 0
137.690000 71 58
137.760000 0 0
137.830000 0 0
137.900000 75 55
137.970000 0 0
138.040000 0 0
138.110000 0 0
138.180000 78 55
138.250000 0 0
138.320000 0 0
138.390000 0 0
138.460000 76 59
138.530000 78 55
138.600000 76 55
138.670000 72 59
138.740000 0 0
138.810000 0 0
138.880000 0 0
138.950000 81 55
139.020000 0 0
139.090000 0 0
139.160000 71 58
139.230000 0 0
139.300000 0 0
139.370000 0 0
139.440000 75 55
139.510000 0 0
139.580000 0 0
139.650000 0 0
139.720000 78 55
139.790000 0 0
139.860000 0 0
139.930000 76 59
140.000000 78 55
140.070000 0 0
140.140000 76 55
140.210000 72 59
140.280000 0 0
140.350000 0 0
140.420000 81 55
140.490000 0 0
140.560000 0 0
140.630000 0 0
140.700000 71 58
140.770000 0 0
140.840000 0 0
140.910000 0 0
140.980000 75 55
141.050000 0 0
141.120000 0 0
141.190000 78 55
141.260000 0 0
141.330000 0 0
141.400000 0 0
141.470000 72 63
141.540000 0 0
141.610000 0 0
141.680000 0 0
141.750000 79 58
141.820000 0 0
141.890000 0 0
141.960000 84 59
142.030000 0 0
142.100000 0 0
142.170000 0 0
142.240000 78 71
142.310000 0 0
142.380000 0 0
142.450000 83 61
142.520000 0 0
142.590000 0 0
142.660000 0 0
142.730000 90 63
142.800000 0 0
142.870000 0 0
142.940000 0 0
143.010000 88 74
143.080000 88 74
143.150000 88 74
143.220000 93 75
143.290000 93 75
143.360000 93 75
143.430000 0 0
143.500000 100 80
143.570000 100 80
143.640000 100 80
143.710000 87 67
143.780000 87 67
143.850000 87 67
143.920000 87 67
143.990000 0 0
144.060000 75 72
144.130000 0 0
144.200000 0 0
144.270000 78 71
144.340000 0 0
144.410000 0 0
144.480000 0 0
144.550000 76 77
144.620000 78 70
144.690000 76 69
144.760000 72 77
144.830000 0 0
144.900000 0 0
144.970000 0 0
145.040000 81 71
145.110000 0 0
145.180000 0 0
145.250000 0 0
145.320000 71 79
145.390000 0 0
145.460000 0 0
145.530000 0 0
145.600000 75 72
145.670000 0 0
145.740000 0 0
145.810000 78 71
145.880000 0 0
145.950000 0 0
146.020000 0 0
146.090000 76 77
146.160000 78 70
146.230000 76 69
146.300000 72 77
146.370000 0 0
146.440000 0 0
146.510000 0 0
146.580000 81 71
146.650000 0 0
146.720000 0 0
146.790000 0 0
146.860000 0 0
146.930000 0 0
147.000000 0 0
147.070000 75 75
147.140000 0 0
147.210000 0 0
147.280000 0 0
147.350000 78 74
147.420000 0 0
147.490000 0 0
147.560000 0 0
147.630000 76 56
147.700000 76 56
147.770000 76 56
147.840000 76 56
147.910000 76 56
147.980000 76 56
148.050000 76 56
148.120000 76 56
148.190000 76 56
148.260000 76 56
148.330000 0 0
148.400000 0 0
148.470000 0 0
148.540000 0 0
148.610000 75 75
148.680000 0 0
148.750000 0 0
148.820000 0 0
148.890000 78 74
148.960000 0 0
149.030000 0 0
149.100000 0 0
149.170000 76 56
149.240000 76 56
149.310000 76 56
149.380000 76 56
149.450000 76 56
149.520000 76 56
149.590000 76 56
149.660000 76 56
149.730000 76 56
149.800000 76 56
149.870000 0 0
149.940000 0 0
150.010000 0 0
150.080000 0 0
150.150000 77 67
150.220000 77 67
150.290000 77 67
150.360000 0 0
150.430000 81 71
150.500000 81 71
150.570000 81 71
150.640000 75 67
150.710000 75 67
150.780000 75 67
150.850000 0 0
150.920000 74 70
150.990000 74 70
151.060000 74 70
151.130000 74 58
151.200000 74 58
151.270000 74 58
151.340000 0 0
151.410000 74 71
151.480000 0 0
151.550000 0 0
151.620000 0 0
151.690000 67 64
151.760000 0 0
151.830000 0 0
151.900000 71 62
151.970000 0 0
152.040000 0 0
152.110000 0 0
152.180000 0 0
152.250000 0 0
152.320000 0 0
152.390000 0 0
152.460000 76 66
152.530000 0 0
152.600000 0 0
152.670000 81 61
152.740000 0 0
152.810000 0 0
152.880000 0 0
152.950000 83 61
153.020000 0 0
153.090000 85 62
153.160000 0 0
153.230000 87 64
153.300000 0 0
153.370000 88 66
153.440000 0 0
153.510000 90 68
153.580000 91 69
153.650000 0 0
153.720000 93 71
153.790000 93 71
153.860000 93 71
153.930000 0 0
154.000000 91 70
154.070000 93 66
154.140000 0 0
154.210000 91 66
154.280000 90 71
154.350000 0 0
154.420000 88 66
154.490000 0 0
154.560000 90 69
154.630000 0 0
154.700000 91 58
154.770000 0 0
154.840000 90 62
154.910000 0 0
154.980000 86 60
155.050000 86 60
155.120000 83 58
155.190000 83 58
155.260000 83 58
155.330000 83 58
155.400000 84 58
155.470000 0 0
155.540000 86 60
155.610000 0 0
155.680000 88 61
155.750000 0 0
155.820000 90 63
155.890000 0 0
155.960000 91 66
156.030000 88 68
156.100000 0 0
156.170000 86 70
156.240000 0 0
156.310000 88 69
156.380000 0 0
156.450000 86 64
156.520000 0 0
156.590000 83 60
156.660000 83 60
156.730000 79 59
156.800000 0 0
156.870000 81 63
156.940000 0 0
157.010000 83 68
157.080000 0 0
157.150000 86 67
157.220000 0 0
157.290000 84 66
157.360000 0 0
157.430000 83 64
157.500000 0 0
157.570000 84 62
157.640000 88 61
157.710000 88 61
157.780000 0 0
157.850000 0 0
157.920000 75 45
157.990000 71 53
158.060000 0 0
158.130000 0 0
158.200000 83 53
158.270000 71 53
158.340000 0 0
158.410000 0 0
158.480000 75 45
158.550000 71 53
158.620000 0 0
158.690000 76 45
158.760000 0 0
158.830000 72 53
158.900000 0 0
158.970000 81 53
159.040000 0 0
159.110000 72 53
159.180000 0 0
159.250000 76 45
159.320000 72 53
159.390000 0 0
159.460000 0 0
159.530000 83 53
159.600000 71 53
159.670000 0 0
159.740000 0 0
159.810000 75 45
159.880000 71 53
159.950000 0 0
160.020000 0 0
160.090000 75 45
160.160000 71 53
160.230000 0 0
160.300000 0 0
160.370000 81 53
160.440000 72 53
160.510000 0 0
160.580000 0 0
160.650000 81 53
160.720000 72 53
160.790000 0 0
160.860000 81 53
160.930000 0 0
161.000000 72 53
161.070000 0 0
161.140000 75 45
161.210000 0 0
161.280000 71 52
161.350000 0 0
161.420000 75 45
161.490000 0 0
161.560000 71 55
161.630000 0 0
161.700000 75 46
161.770000 71 56
161.840000 0 0
161.910000 0 0
161.980000 75 48
162.050000 71 56
162.120000 0 0
162.190000 0 0
162.260000 83 53
162.330000 71 53
162.400000 0 0
162.470000 0 0
162.540000 75 44
162.610000 71 49
162.680000 0 0
162.750000 83 49
162.820000 0 0
162.890000 71 48
162.960000 0 0
163.030000 83 47
163.100000 0 0
163.170000 71 46
163.240000 0 0
163.310000 75 39
163.380000 0 0
163.450000 71 45
163.520000 0 0
163.590000 75 37
163.660000 0 0
163.730000 71 44
163.800000 0 0
163.870000 83 42
163.940000 0 0
164.010000 71 42
164.080000 0 0
164.150000 0 0
164.220000 83 41
164.290000 71 40
164.360000 71 40
164.430000 90 41
164.500000 90 41
164.570000 90 41
164.640000 90 41
164.710000 90 41
164.780000 90 41
164.850000 90 41
164.920000 90 41
164.990000 90 41
165.060000 90 41
165.130000 90 41
165.200000 90 41
165.270000 90 41
165.340000 90 41
165.410000 90 41
165.480000 90 41
165.550000 90 41
165.620000 90 41
165.690000 90 41
165.760000 90 41
165.830000 90 41
165.900000 71 46
165.970000 71 46
166.040000 71 46
166.110000 71 46
166.180000 71 46
166.250000 71 46
166.320000 71 46
166.390000 71 46
166.460000 71 46
166.530000 71 46
166.600000 71 46
166.670000 71 46
166.740000 71 46
166.810000 69 49
166.880000 69 49
166.950000 69 49
167.020000 69 49
167.090000 69 49
167.160000 69 49
167.230000 69 49
167.300000 69 49
167.370000 69 49
167.440000 69 49
167.510000 69 49
167.580000 69 49
167.650000 69 49
167.720000 69 49
167.790000 69 49
167.860000 69 49
167.930000 69 49
168.000000 0 0
168.070000 67 47
168.140000 67 47
168.210000 0 0
168.280000 0 0
168.350000 69 45
168.420000 69 45
168.490000 0 0
168.560000 0 0
168.630000 71 46
168.700000 71 46
168.770000 71 46
168.840000 0 0
168.910000 72 45
168.980000 72 45
169.050000 72 45
169.120000 0 0
169.190000 63 37
169.260000 63 37
169.330000 63 37
169.400000 63 37
169.470000 63 37
169.540000 63 37
169.610000 63 37
169.680000 63 37
169.750000 63 37
169.820000 63 37
169.890000 63 37
169.960000 63 37
170.030000 63 37
170.100000 63 37
170.170000 63 37
170.240000 87 44
170.310000 87 44
170.380000 87 44
170.450000 87 44
170.520000 87 44
170.590000 87 44
170.660000 87 44
170.730000 87 44
170.800000 87 44
170.870000 87 44
170.940000 87 44
171.010000 87 44
171.080000 87 44
171.150000 87 44
171.220000 87 44
171.290000 87 44
171.360000 87 44
171.430000 87 44
171.500000 87 44
171.570000 87 44
171.640000 87 44
171.710000 87 44
171.780000 87 44
171.850000 87 44
171.920000 87 44
171.990000 87 44
172.060000 87 44
172.130000 87 44
172.200000 87 44
172.270000 87 44
172.340000 87 44
172.410000 87 44
172.480000 87 44
172.550000 87 44
172.620000 87 44
172.690000 87 44
172.760000 0 0
# Piano left
0.000000 59 49
0.070000 0 0
0.140000 0 0
0.210000 0 0
0.280000 63 46
0.350000 0 0
0.420000 0 0
0.490000 0 0
0.560000 66 46
0.630000 0 0
0.700000 0 0
0.770000 64 49
0.840000 66 46
0.910000 0 0
0.980000 64 46
1.050000 60 49
1.120000 0 0
1.190000 0 0
1.260000 69 46
1.330000 0 0
1.400000 0 0
1.470000 0 0
1.540000 59 49
1.610000 0 0
1.680000 0 0
1.750000 0 0
1.820000 63 46
1.890000 0 0
1.960000 0 0
2.030000 66 46
2.100000 0 0
2.170000 0 0
2.240000 0 0
2.310000 64 49
2.380000 66 46
2.450000 64 46
2.520000 60 49
2.590000 0 0
2.660000 0 0
2.730000 0 0
2.800000 69 46
2.870000 0 0
2.940000 0 0
3.010000 0 0
3.080000 66 49
3.150000 66 49
3.220000 66 49
3.290000 66 49
3.360000 66 49
3.430000 66 49
3.500000 66 49
3.570000 66 49
3.640000 66 49
3.710000 66 49
3.780000 66 49
3.850000 66 49
3.920000 66 49
3.990000 66 49
4.060000 66 49
4.130000 66 49
4.200000 66 49
4.270000 66 49
4.340000 66 49
4.410000 66 49
4.480000 66 49
4.550000 66 49
4.620000 66 49
4.690000 66 49
4.760000 66 49
4.830000 66 49
4.900000 66 49
4.970000 66 49
5.040000 66 49
5.110000 66 49
5.180000 66 49
5.250000 66 49
5.320000 66 49
5.390000 66 49
5.460000 66 49
5.530000 66 49
5.600000 67 52
5.670000 67 52
5.740000 67 52
5.810000 0 0
5.880000 66 49
5.950000 66 49
6.020000 66 49
6.090000 69 49
6.160000 69 49
6.230000 69 49
6.300000 69 49
6.370000 69 49
6.440000 69 49
6.510000 69 49
6.580000 67 49
6.650000 0 0
6.720000 69 45
6.790000 67 45
6.860000 66 49
6.930000 66 49
7.000000 66 49
7.070000 66 49
7.140000 66 49
7.210000 66 49
7.280000 66 49
7.350000 66 49
7.420000 66 49
7.490000 66 49
7.560000 66 49
7.630000 66 49
7.700000 66 49
7.770000 66 49
7.840000 66 49
7.910000 66 49
7.980000 66 49
8.050000 66 49
8.120000 66 49
8.190000 66 49
8.260000 66 49
8.330000 66 49
8.400000 66 49
8.470000 66 49
8.540000 66 49
8.610000 66 49
8.680000 66 49
8.750000 66 49
8.820000 66 49
8.890000 66 49
8.960000 66 49
9.030000 66 49
9.100000 66 49
9.170000 66 49
9.240000 66 49
9.310000 66 49
9.380000 66 49
9.450000 66 49
9.520000 66 49
9.590000 66 49
9.660000 66 49
9.730000 66 49
9.800000 66 49
9.870000 64 49
9.940000 64 49
10.010000 64 49
10.080000 64 49
10.150000 64 49
10.220000 64 49
10.290000 64 49
10.360000 64 49
10.430000 64 49
10.500000 0 0
10.570000 0 0
10.640000 62 56
10.710000 62 56
10.780000 62 56
10.850000 62 56
10.920000 62 56
10.990000 62 56
11.060000 62 56
11.130000 62 56
11.200000 62 56
11.270000 62 56
11.340000 0 0
11.410000 60 60
11.480000 60 60
11.550000 60 60
11.620000 60 60
11.690000 60 60
11.760000 60 60
11.830000 60 60
11.900000 60 60
11.970000 60 60
12.040000 60 60
12.110000 60 60
12.180000 59 70
12.250000 59 70
12.320000 59 70
12.390000 59 70
12.460000 59 70
12.530000 59 70
12.600000 59 70
12.670000 59 70
12.740000 59 70
12.810000 59 70
12.880000 59 70
12.950000 59 70
13.020000 59 70
13.090000 59 70
13.160000 59 70
13.230000 59 70
13.300000 59 70
13.370000 59 70
13.440000 59 70
13.510000 59 70
13.580000 59 70
13.650000 59 70
13.720000 59 70
13.790000 59 70
13.860000 59 70
13.930000 59 70
14.000000 59 70
14.070000 59 70
14.140000 59 70
14.210000 59 70
14.280000 59 70
14.350000 59 70
14.420000 59 70
14.490000 59 70
14.560000 59 70
14.630000 59 70
14.700000 59 70
14.770000 59 70
14.840000 59 70
14.910000 59 70
14.980000 59 70
15.050000 59 70
15.120000 59 70
15.190000 0 0
15.260000 63 62
15.330000 63 62
15.400000 63 62
15.470000 62 61
15.540000 62 61
15.610000 62 61
15.680000 0 0
15.750000 61 59
15.820000 61 59
15.890000 61 59
15.960000 60 53
16.030000 60 53
16.100000 60 53
16.170000 0 0
16.240000 59 56
16.310000 59 56
16.380000 59 56
16.450000 0 0
16.520000 54 50
16.590000 54 50
16.660000 54 50
16.730000 55 55
16.800000 0 0
16.870000 0 0
16.940000 0 0
17.010000 59 50
17.080000 0 0
17.150000 0 0
17.220000 0 0
17.290000 55 50
17.360000 0 0
17.430000 0 0
17.500000 60 61
17.570000 0 0
17.640000 0 0
17.710000 0 0
17.780000 66 57
17.850000 0 0
17.920000 0 0
17.990000 60 57
18.060000 0 0
18.130000 0 0
18.200000 0 0
18.270000 66 49
18.340000 66 49
18.410000 66 49
18.480000 66 49
18.550000 66 49
18.620000 66 49
18.690000 66 49
18.760000 66 49
18.830000 66 49
18.900000 66 49
18.970000 66 49
19.040000 66 49
19.110000 66 49
19.180000 66 49
19.250000 66 49
19.320000 66 49
19.390000 66 49
19.460000 66 49
19.530000 66 49
19.600000 66 49
19.670000 66 49
19.740000 66 49
19.810000 66 49
19.880000 66 49
19.950000 66 49
20.020000 66 49
20.090000 66 49
20.160000 66 49
20.230000 66 49
20.300000 66 49
20.370000 66 49
20.440000 66 49
20.510000 66 49
20.580000 66 49
20.650000 66 49
20.720000 66 49
20.790000 67 52
20.860000 67 52
20.930000 67 52
21.000000 0 0
21.070000 66 49
21.140000 66 49
21.210000 66 49
21.280000 69 49
21.350000 69 49
21.420000 69 49
21.490000 69 49
21.560000 69 49
21.630000 69 49
21.700000 69 49
21.770000 67 49
21.840000 0 0
21.910000 69 45
21.980000 67 45
22.050000 66 49
22.120000 66 49
22.190000 66 49
22.260000 66 49
22.330000 66 49
22.400000 66 49
22.470000 66 49
22.540000 66 49
22.610000 66 49
22.680000 66 49
22.750000 66 49
22.820000 66 49
22.890000 66 49
22.960000 66 49
23.030000 66 49
23.100000 66 49
23.170000 66 49
23.240000 66 49
23.310000 66 49
23.380000 66 49
23.450000 66 49
23.520000 66 49
23.590000 66 49
23.660000 66 49
23.730000 66 49
23.800000 66 49
23.870000 66 49
23.940000 66 49
24.010000 66 49
24.080000 66 49
24.150000 66 49
24.220000 66 49
24.290000 66 49
24.360000 66 49
24.430000 66 49
24.500000 66 49
24.570000 66 49
24.640000 66 49
24.710000 66 49
24.780000 66 49
24.850000 66 49
24.920000 66 49
24.990000 66 49
25.060000 0 0
25.130000 64 49
25.200000 64 49
25.270000 64 49
25.340000 64 49
25.410000 64 49
25.480000 64 49
25.550000 64 49
25.620000 64 49
25.690000 64 49
25.760000 0 0
25.830000 62 56
25.900000 62 56
25.970000 62 56
26.040000 62 56
26.110000 62 56
26.180000 62 56
26.250000 62 56
26.320000 62 56
26.390000 62 56
26.460000 62 56
26.530000 0 0
26.600000 60 60
26.670000 60 60
26.740000 60 60
26.810000 60 60
26.880000 60 60
26.950000 60 60
27.020000 60 60
27.090000 60 60
27.160000 60 60
27.230000 60 60
27.300000 60 60
27.370000 59 70
27.440000 59 70
27.510000 59 70
27.580000 59 70
27.650000 59 70
27.720000 59 70
27.790000 59 70
27.860000 59 70
27.930000 59 70
28.000000 59 70
28.070000 59 70
28.140000 59 70
28.210000 59 70
28.280000 59 70
28.350000 59 70
28.420000 59 70
28.490000 59 70
28.560000 59 70
28.630000 59 70
28.700000 59 70
28.770000 59 70
28.840000 59 70
28.910000 59 70
28.980000 59 70
29.050000 59 70
29.120000 59 70
29.190000 59 70
29.260000 59 70
29.330000 59 70
29.400000 59 70
29.470000 59 70
29.540000 59 70
29.610000 59 70
29.680000 59 70
29.750000 59 70
29.820000 59 70
29.890000 59 70
29.960000 59 70
30.030000 59 70
30.100000 59 70
30.170000 59 70
30.240000 59 70
30.310000 0 0
30.380000 0 0
30.450000 71 82
30.520000 71 82
30.590000 71 82
30.660000 71 82
30.730000 71 82
30.800000 71 82
30.870000 71 82
30.940000 71 82
31.010000 71 82
31.080000 71 82
31.150000 71 82
31.220000 69 61
31.290000 69 61
31.360000 69 61
31.430000 0 0
31.500000 66 56
31.570000 66 56
31.640000 66 56
31.710000 69 55
31.780000 69 55
31.850000 69 55
31.920000 0 0
31.990000 71 82
32.060000 71 82
32.130000 71 82
32.200000 71 82
32.270000 71 82
32.340000 71 82
32.410000 71 82
32.480000 71 82
32.550000 71 82
32.620000 71 82
32.690000 71 82
32.760000 69 61
32.830000 69 61
32.900000 69 61
32.970000 0 0
33.040000 66 56
33.110000 66 56
33.180000 66 56
33.250000 69 55
33.320000 69 55
33.390000 69 55
33.460000 0 0
33.530000 71 62
33.600000 71 62
33.670000 71 62
33.740000 74 61
33.810000 74 61
33.880000 74 61
33.950000 0 0
34.020000 73 59
34.090000 73 59
34.160000 73 59
34.230000 0 0
34.300000 72 53
34.370000 72 53
34.440000 72 53
34.510000 71 56
34.580000 71 56
34.650000 71 56
34.720000 0 0
34.790000 66 50
34.860000 66 50
34.930000 66 50
35.000000 0 0
35.070000 55 57
35.140000 0 0
35.210000 0 0
35.280000 59 51
35.350000 0 0
35.420000 0 0
35.490000 0 0
35.560000 55 51
35.630000 0 0
35.700000 0 0
35.770000 0 0
35.840000 60 62
35.910000 0 0
35.980000 0 0
36.050000 66 59
36.120000 0 0
36.190000 0 0
36.260000 0 0
36.330000 60 59
36.400000 0 0
36.470000 0 0
36.540000 59 48
36.610000 0 0
36.680000 61 49
36.750000 0 0
36.820000 63 51
36.890000 0 0
36.960000 64 52
37.030000 0 0
37.100000 66 53
37.170000 0 0
37.240000 67 55
37.310000 0 0
37.380000 69 57
37.450000 69 57
37.520000 69 57
37.590000 0 0
37.660000 67 56
37.730000 69 52
37.800000 67 52
37.870000 66 57
37.940000 0 0
38.010000 64 52
38.080000 0 0
38.150000 66 55
38.220000 0 0
38.290000 67 46
38.360000 0 0
38.430000 66 49
38.500000 0 0
38.570000 62 48
38.640000 62 48
38.710000 59 46
38.780000 59 46
38.850000 59 46
38.920000 59 46
38.990000 60 46
39.060000 0 0
39.130000 62 48
39.200000 0 0
39.270000 64 48
39.340000 0 0
39.410000 66 50
39.480000 0 0
39.550000 67 52
39.620000 0 0
39.690000 64 53
39.760000 0 0
39.830000 62 56
39.900000 0 0
39.970000 64 55
40.040000 0 0
40.110000 62 51
40.180000 0 0
40.250000 59 48
40.320000 59 48
40.390000 55 47
40.460000 57 50
40.530000 0 0
40.600000 59 53
40.670000 0 0
40.740000 62 52
40.810000 0 0
40.880000 60 52
40.950000 0 0
41.020000 59 51
41.090000 0 0
41.160000 60 49
41.230000 0 0
41.300000 64 48
41.370000 64 48
41.440000 59 59
41.510000 0 0
41.580000 0 0
41.650000 0 0
41.720000 66 53
41.790000 0 0
41.860000 0 0
41.930000 0 0
42.000000 0 0
42.070000 0 0
42.140000 0 0
42.210000 0 0
42.280000 59 57
42.350000 0 0
42.420000 0 0
42.490000 66 53
42.560000 0 0
42.630000 0 0
42.700000 0 0
42.770000 0 0
42.840000 0 0
42.910000 0 0
42.980000 0 0
43.050000 59 59
43.120000 59 59
43.190000 0 0
43.260000 0 0
43.330000 66 53
43.400000 0 0
43.470000 0 0
43.540000 0 0
43.610000 0 0
43.680000 0 0
43.750000 0 0
43.820000 0 0
43.890000 59 57
43.960000 0 0
44.030000 0 0
44.100000 0 0
44.170000 66 53
44.240000 0 0
44.310000 0 0
44.380000 0 0
44.450000 0 0
44.520000 0 0
44.590000 0 0
44.660000 59 59
44.730000 59 59
44.800000 0 0
44.870000 0 0
44.940000 66 55
45.010000 0 0
45.080000 0 0
45.150000 0 0
45.220000 0 0
45.290000 0 0
45.360000 0 0
45.430000 0 0
45.500000 78 64
45.570000 0 0
45.640000 0 0
45.710000 0 0
45.780000 0 0
45.850000 0 0
45.920000 0 0
45.990000 0 0
46.060000 78 53
46.130000 0 0
46.200000 0 0
46.270000 75 55
46.340000 0 0
46.410000 0 0
46.480000 0 0
46.550000 78 47
46.620000 0 0
46.690000 0 0
46.760000 0 0
46.830000 0 0
46.900000 0 0
46.970000 0 0
47.040000 0 0
47.110000 78 50
47.180000 78 50
47.250000 0 0
47.320000 0 0
47.390000 75 42
47.460000 0 0
47.530000 0 0
47.600000 0 0
47.670000 78 42
47.740000 78 42
47.810000 0 0
47.880000 0 0
47.950000 0 0
48.020000 83 37
48.090000 83 37
48.160000 83 37
48.230000 83 37
48.300000 83 37
48.370000 83 37
48.440000 83 37
48.510000 83 37
48.580000 83 37
48.650000 83 37
48.720000 83 37
48.790000 83 37
48.860000 83 37
48.930000 83 37
49.000000 83 37
49.070000 0 0
49.140000 0 0
49.210000 0 0
49.280000 0 0
49.350000 0 0
49.420000 0 0
49.490000 0 0
49.560000 0 0
49.630000 0 0
49.700000 0 0
49.770000 0 0
49.840000 0 0
49.910000 0 0
49.980000 0 0
50.050000 0 0
50.120000 0 0
50.190000 0 0
50.260000 0 0
50.330000 0 0
50.400000 0 0
50.470000 0 0
50.540000 0 0
50.610000 0 0
50.680000 0 0
50.750000 0 0
50.820000 0 0
50.890000 0 0
50.960000 0 0
51.030000 0 0
51.100000 0 0
51.170000 0 0
51.240000 0 0
51.310000 0 0
51.380000 0 0
51.450000 0 0
51.520000 0 0
51.590000 0 0
51.660000 0 0
51.730000 0 0
51.800000 0 0
51.870000 0 0
51.940000 0 0
52.010000 0 0
52.080000 0 0
52.150000 0 0
52.220000 0 0
52.290000 0 0
52.360000 0 0
52.430000 0 0
52.500000 0 0
52.570000 0 0
52.640000 0 0
52.710000 0 0
52.780000 0 0
52.850000 0 0
52.920000 0 0
52.990000 0 0
53.060000 0 0
53.130000 0 0
53.200000 0 0
53.270000 0 0
53.340000 0 0
53.410000 0 0
53.480000 0 0
53.550000 0 0
53.620000 0 0
53.690000 0 0
53.760000 0 0
53.830000 0 0
53.900000 0 0
53.970000 0 0
54.040000 0 0
54.110000 0 0
54.180000 0 0
54.250000 0 0
54.320000 0 0
54.390000 0 0
54.460000 0 0
54.530000 0 0
54.600000 0 0
54.670000 0 0
54.740000 0 0
54.810000 0 0
54.880000 0 0
54.950000 0 0
55.020000 0 0
55.090000 0 0
55.160000 0 0
55.230000 0 0
55.300000 0 0
55.370000 0 0
55.440000 0 0
55.510000 0 0
55.580000 0 0
55.650000 0 0
55.720000 0 0
55.790000 0 0
55.860000 0 0
55.930000 0 0
56.000000 0 0
56.070000 0 0
56.140000 0 0
56.210000 0 0
56.280000 0 0
56.350000 0 0
56.420000 43 32
56.490000 43 32
56.560000 43 32
56.630000 43 32
56.700000 50 29
56.770000 50 29
56.840000 50 29
56.910000 50 29
56.980000 55 29
57.050000 55 29
57.120000 55 29
57.190000 0 0
57.260000 59 29
57.330000 59 29
57.400000 59 29
57.470000 0 0
57.540000 62 32
57.610000 62 32
57.680000 62 32
57.750000 0 0
57.820000 67 27
57.890000 67 27
57.960000 67 27
58.030000 0 0
58.100000 71 27
58.170000 71 27
58.240000 71 27
58.310000 74 27
58.380000 74 27
58.450000 74 27
58.520000 0 0
58.590000 79 30
58.660000 79 30
58.730000 79 30
58.800000 0 0
58.870000 83 27
58.940000 83 27
59.010000 83 27
59.080000 83 27
59.150000 86 27
59.220000 86 27
59.290000 86 27
59.360000 86 27
59.430000 91 27
59.500000 91 27
59.570000 91 27
59.640000 91 27
59.710000 0 0
59.780000 0 0
59.850000 0 0
59.920000 0 0
59.990000 0 0
60.060000 0 0
60.130000 0 0
60.200000 0 0
60.270000 0 0
60.340000 0 0
60.410000 0 0
60.480000 0 0
60.550000 0 0
60.620000 0 0
60.690000 0 0
60.760000 0 0
60.830000 0 0
60.900000 0 0
60.970000 0 0
61.040000 0 0
61.110000 0 0
61.180000 0 0
61.250000 0 0
61.320000 0 0
61.390000 0 0
61.460000 0 0
61.530000 0 0
61.600000 0 0
61.670000 0 0
61.740000 0 0
61.810000 0 0
61.880000 0 0
61.950000 0 0
62.020000 0 0
62.090000 0 0
62.160000 0 0
62.230000 0 0
62.300000 0 0
62.370000 0 0
62.440000 0 0
62.510000 0 0
62.580000 0 0
62.650000 0 0
62.720000 0 0
62.790000 0 0
62.860000 0 0
62.930000 0 0
63.000000 0 0
63.070000 0 0
63.140000 0 0
63.210000 0 0
63.280000 0 0
63.350000 0 0
63.420000 0 0
63.490000 0 0
63.560000 0 0
63.630000 0 0
63.700000 0 0
63.770000 0 0
63.840000 0 0
63.910000 0 0
63.980000 0 0
64.050000 0 0
64.120000 0 0
64.190000 0 0
64.260000 0 0
64.330000 0 0
64.400000 0 0
64.470000 0 0
64.540000 0 0
64.610000 0 0
64.680000 0 0
64.750000 0 0
64.820000 0 0
64.890000 0 0
64.960000 0 0
65.030000 0 0
65.100000 0 0
65.170000 0 0
65.240000 0 0
65.310000 0 0
65.380000 0 0
65.450000 0 0
65.520000 0 0
65.590000 0 0
65.660000 0 0
65.730000 0 0
65.800000 0 0
65.870000 0 0
65.940000 0 0
66.010000 0 0
66.080000 0 0
66.150000 0 0
66.220000 0 0
66.290000 0 0
66.360000 0 0
66.430000 0 0
66.500000 0 0
66.570000 0 0
66.640000 0 0
66.710000 0 0
66.780000 0 0
66.850000 0 0
66.920000 0 0
66.990000 0 0
67.060000 0 0
67.130000 0 0
67.200000 0 0
67.270000 0 0
67.340000 0 0
67.410000 36 32
67.480000 36 32
67.550000 36 32
67.620000 36 32
67.690000 0 0
67.760000 43 29
67.830000 43 29
67.900000 43 29
67.970000 43 29
68.040000 48 29
68.110000 48 29
68.180000 48 29
68.250000 52 29
68.320000 52 29
68.390000 52 29
68.460000 0 0
68.530000 55 32
68.600000 55 32
68.670000 55 32
68.740000 0 0
68.810000 60 27
68.880000 60 27
68.950000 60 27
69.020000 0 0
69.090000 64 27
69.160000 64 27
69.230000 64 27
69.300000 0 0
69.370000 67 27
69.440000 67 27
69.510000 67 27
69.580000 72 30
69.650000 72 30
69.720000 72 30
69.790000 0 0
69.860000 76 27
69.930000 76 27
70.000000 76 27
70.070000 76 27
70.140000 79 27
70.210000 79 27
70.280000 79 27
70.350000 79 27
70.420000 84 27
70.490000 84 27
70.560000 84 27
70.630000 84 27
70.700000 0 0
70.770000 0 0
70.840000 0 0
70.910000 0 0
70.980000 0 0
71.050000 0 0
71.120000 0 0
71.190000 0 0
71.260000 0 0
71.330000 0 0
71.400000 0 0
71.470000 0 0
71.540000 0 0
71.610000 0 0
71.680000 0 0
71.750000 0 0
71.820000 0 0
71.890000 0 0
71.960000 0 0
72.030000 0 0
72.100000 0 0
72.170000 0 0
72.240000 0 0
72.310000 0 0
72.380000 0 0
72.450000 0 0
72.520000 0 0
72.590000 0 0
72.660000 0 0
72.730000 0 0
72.800000 0 0
72.870000 0 0
72.940000 0 0
73.010000 0 0
73.080000 0 0
73.150000 0 0
73.220000 0 0
73.290000 0 0
73.360000 0 0
73.430000 0 0
73.500000 0 0
73.570000 0 0
73.640000 0 0
73.710000 0 0
73.780000 0 0
73.850000 0 0
73.920000 0 0
73.990000 0 0
74.060000 0 0
74.130000 0 0
74.200000 0 0
74.270000 0 0
74.340000 0 0
74.410000 0 0
74.480000 0 0
74.550000 0 0
74.620000 0 0
74.690000 0 0
74.760000 0 0
74.830000 0 0
74.900000 0 0
74.970000 0 0
75.040000 0 0
75.110000 0 0
75.180000 0 0
75.250000 0 0
75.320000 0 0
75.390000 0 0
75.460000 0 0
75.530000 0 0
75.600000 0 0
75.670000 0 0
75.740000 0 0
75.810000 0 0
75.880000 0 0
75.950000 0 0
76.020000 0 0
76.090000 0 0
76.160000 0 0
76.230000 0 0
76.300000 0 0
76.370000 0 0
76.440000 0 0
76.510000 0 0
76.580000 0 0
76.650000 0 0
76.720000 0 0
76.790000 0 0
76.860000 0 0
76.930000 0 0
77.000000 0 0
77.070000 0 0
77.140000 0 0
77.210000 0 0
77.280000 0 0
77.350000 0 0
77.420000 0 0
77.490000 0 0
77.560000 0 0
77.630000 0 0
77.700000 0 0
77.770000 0 0
77.840000 0 0
77.910000 0 0
77.980000 0 0
78.050000 0 0
78.120000 0 0
78.190000 0 0
78.260000 0 0
78.330000 0 0
78.400000 43 32
78.470000 43 32
78.540000 43 32
78.610000 43 32
78.680000 50 29
78.750000 50 29
78.820000 50 29
78.890000 50 29
78.960000 55 29
79.030000 55 29
79.100000 55 29
79.170000 0 0
79.240000 59 29
79.310000 59 29
79.380000 59 29
79.450000 62 32
79.520000 62 32
79.590000 62 32
79.660000 0 0
79.730000 67 27
79.800000 67 27
79.870000 67 27
79.940000 0 0
80.010000 71 27
80.080000 71 27
80.150000 71 27
80.220000 0 0
80.290000 74 27
80.360000 74 27
80.430000 74 27
80.500000 0 0
80.570000 79 30
80.640000 79 30
80.710000 79 30
80.780000 83 27
80.850000 83 27
80.920000 83 27
80.990000 83 27
81.060000 86 27
81.130000 86 27
81.200000 86 27
81.270000 86 27
81.340000 0 0
81.410000 91 27
81.480000 91 27
81.550000 91 27
81.620000 91 27
81.690000 0 0
81.760000 0 0
81.830000 0 0
81.900000 0 0
81.970000 0 0
82.040000 0 0
82.110000 0 0
82.180000 0 0
82.250000 0 0
82.320000 0 0
82.390000 0 0
82.460000 0 0
82.530000 0 0
82.600000 0 0
82.670000 0 0
82.740000 0 0
82.810000 0 0
82.880000 0 0
82.950000 0 0
83.020000 0 0
83.090000 0 0
83.160000 0 0
83.230000 0 0
83.300000 0 0
83.370000 0 0
83.440000 0 0
83.510000 0 0
83.580000 0 0
83.650000 0 0
83.720000 0 0
83.790000 0 0
83.860000 0 0
83.930000 0 0
84.000000 0 0
84.070000 0 0
84.140000 0 0
84.210000 0 0
84.280000 0 0
84.350000 0 0
84.420000 0 0
84.490000 0 0
84.560000 0 0
84.630000 0 0
84.700000 0 0
84.770000 0 0
84.840000 0 0
84.910000 0 0
84.980000 0 0
85.050000 0 0
85.120000 0 0
85.190000 0 0
85.260000 0 0
85.330000 0 0
85.400000 0 0
85.470000 0 0
85.540000 0 0
85.610000 0 0
85.680000 0 0
85.750000 0 0
85.820000 0 0
85.890000 0 0
85.960000 0 0
86.030000 0 0
86.100000 0 0
86.170000 0 0
86.240000 0 0
86.310000 0 0
86.380000 0 0
86.450000 0 0
86.520000 0 0
86.590000 0 0
86.660000 0 0
86.730000 0 0
86.800000 0 0
86.870000 0 0
86.940000 0 0
87.010000 0 0
87.080000 0 0
87.150000 0 0
87.220000 0 0
87.290000 0 0
87.360000 0 0
87.430000 0 0
87.500000 0 0
87.570000 0 0
87.640000 0 0
87.710000 0 0
87.780000 0 0
87.850000 0 0
87.920000 0 0
87.990000 0 0
88.060000 0 0
88.130000 0 0
88.200000 0 0
88.270000 0 0
88.340000 0 0
88.410000 0 0
88.480000 0 0
88.550000 0 0
88.620000 0 0
88.690000 0 0
88.760000 0 0
88.830000 0 0
88.900000 0 0
88.970000 0 0
89.040000 0 0
89.110000 0 0
89.180000 0 0
89.250000 38 32
89.320000 38 32
89.390000 38 32
89.460000 38 32
89.530000 45 29
89.600000 45 29
89.670000 45 29
89.740000 45 29
89.810000 50 29
89.880000 50 29
89.950000 50 29
90.020000 0 0
90.090000 54 29
90.160000 54 29
90.230000 54 29
90.300000 0 0
90.370000 57 32
90.440000 57 32
90.510000 57 32
90.580000 0 0
90.650000 62 27
90.720000 62 27
90.790000 62 27
90.860000 0 0
90.930000 66 27
91.000000 66 27
91.070000 66 27
91.140000 69 27
91.210000 69 27
91.280000 69 27
91.350000 0 0
91.420000 74 30
91.490000 74 30
91.560000 74 30
91.630000 0 0
91.700000 78 27
91.770000 78 27
91.840000 78 27
91.910000 78 27
91.980000 81 27
92.050000 81 27
92.120000 81 27
92.190000 81 27
92.260000 84 27
92.330000 84 27
92.400000 84 27
92.470000 84 27
92.540000 0 0
92.610000 0 0
92.680000 0 0
92.750000 0 0
92.820000 0 0
92.890000 0 0
92.960000 0 0
93.030000 0 0
93.100000 0 0
93.170000 0 0
93.240000 0 0
93.310000 0 0
93.380000 0 0
93.450000 0 0
93.520000 0 0
93.590000 0 0
93.660000 0 0
93.730000 0 0
93.800000 0 0
93.870000 0 0
93.940000 0 0
94.010000 0 0
94.080000 0 0
94.150000 0 0
94.220000 0 0
94.290000 0 0
94.360000 0 0
94.430000 0 0
94.500000 0 0
94.570000 0 0
94.640000 0 0
94.710000 0 0
94.780000 0 0
94.850000 0 0
94.920000 0 0
94.990000 0 0
95.060000 0 0
95.130000 0 0
95.200000 0 0
95.270000 0 0
95.340000 0 0
95.410000 0 0
95.480000 0 0
95.550000 0 0
95.620000 0 0
95.690000 0 0
95.760000 0 0
95.830000 0 0
95.900000 0 0
95.970000 0 0
96.040000 0 0
96.110000 0 0
96.180000 0 0
96.250000 0 0
96.320000 0 0
96.390000 0 0
96.460000 0 0
96.530000 0 0
96.600000 0 0
96.670000 0 0
96.740000 0 0
96.810000 0 0
96.880000 0 0
96.950000 0 0
97.020000 0 0
97.090000 0 0
97.160000 0 0
97.230000 0 0
97.300000 0 0
97.370000 0 0
97.440000 0 0
97.510000 0 0
97.580000 0 0
97.650000 0 0
97.720000 0 0
97.790000 43 32
97.860000 43 32
97.930000 43 32
98.000000 43 32
98.070000 0 0
98.140000 50 29
98.210000 50 29
98.280000 50 29
98.350000 50 29
98.420000 55 29
98.490000 55 29
98.560000 55 29
98.630000 59 29
98.700000 59 29
98.770000 59 29
98.840000 0 0
98.910000 62 32
98.980000 62 32
99.050000 62 32
99.120000 0 0
99.190000 67 27
99.260000 67 27
99.330000 67 27
99.400000 0 0
99.470000 71 27
99.540000 71 27
99.610000 71 27
99.680000 0 0
99.750000 74 27
99.820000 74 27
99.890000 74 27
99.960000 79 30
100.030000 79 30
100.100000 79 30
100.170000 0 0
100.240000 83 27
100.310000 83 27
100.380000 83 27
100.450000 83 27
100.520000 86 27
100.590000 86 27
100.660000 86 27
100.730000 86 27
100.800000 91 27
100.870000 91 27
100.940000 91 27
101.010000 91 27
101.080000 0 0
101.150000 0 0
101.220000 0 0
101.290000 0 0
101.360000 0 0
101.430000 0 0
101.500000 0 0
101.570000 0 0
101.640000 0 0
101.710000 0 0
101.780000 0 0
101.850000 0 0
101.920000 0 0
101.990000 0 0
102.060000 0 0
102.130000 0 0
102.200000 0 0
102.270000 0 0
102.340000 0 0
102.410000 0 0
102.480000 0 0
102.550000 0 0
102.620000 0 0
102.690000 0 0
102.760000 0 0
102.830000 0 0
102.900000 0 0
102.970000 0 0
103.040000 0 0
103.110000 0 0
103.180000 0 0
103.250000 0 0
103.320000 0 0
103.390000 0 0
103.460000 0 0
103.530000 0 0
103.600000 0 0
103.670000 0 0
103.740000 0 0
103.810000 0 0
103.880000 0 0
103.950000 0 0
104.020000 0 0
104.090000 0 0
104.160000 0 0
104.230000 0 0
104.300000 0 0
104.370000 0 0
104.440000 0 0
104.510000 0 0
104.580000 0 0
104.650000 0 0
104.720000 0 0
104.790000 45 42
104.860000 45 42
104.930000 45 42
105.000000 45 42
105.070000 54 38
105.140000 54 38
105.210000 54 38
105.280000 0 0
105.350000 57 38
105.420000 57 38
105.490000 57 38
105.560000 0 0
105.630000 60 38
105.700000 60 38
105.770000 60 38
105.840000 0 0
105.910000 0 0
105.980000 0 0
106.050000 0 0
106.120000 0 0
106.190000 0 0
106.260000 0 0
106.330000 0 0
106.400000 0 0
106.470000 0 0
106.540000 0 0
106.610000 0 0
106.680000 0 0
106.750000 0 0
106.820000 0 0
106.890000 0 0
106.960000 0 0
107.030000 76 48
107.100000 76 48
107.170000 76 48
107.240000 78 41
107.310000 78 41
107.380000 78 41
107.450000 0 0
107.520000 81 42
107.590000 81 42
107.660000 81 42
107.730000 81 42
107.800000 0 0
107.870000 84 42
107.940000 84 42
108.010000 84 42
108.080000 84 42
108.150000 0 0
108.220000 0 0
108.290000 0 0
108.360000 0 0
108.430000 0 0
108.500000 0 0
108.570000 0 0
108.640000 0 0
108.710000 0 0
108.780000 0 0
108.850000 0 0
108.920000 0 0
108.990000 0 0
109.060000 0 0
109.130000 0 0
109.200000 0 0
109.270000 0 0
109.340000 0 0
109.410000 0 0
109.480000 0 0
109.550000 0 0
109.620000 0 0
109.690000 0 0
109.760000 0 0
109.830000 0 0
109.900000 0 0
109.970000 0 0
110.040000 0 0
110.110000 0 0
110.180000 0 0
110.250000 0 0
110.320000 0 0
110.390000 0 0
110.460000 0 0
110.530000 0 0
110.600000 0 0
110.670000 0 0
110.740000 0 0
110.810000 0 0
110.880000 0 0
110.950000 0 0
111.020000 0 0
111.090000 0 0
111.160000 0 0
111.230000 0 0
111.300000 0 0
111.370000 0 0
111.440000 0 0
111.510000 0 0
111.580000 0 0
111.650000 0 0
111.720000 0 0
111.790000 0 0
111.860000 0 0
111.930000 0 0
112.000000 0 0
112.070000 0 0
112.140000 0 0
112.210000 0 0
112.280000 0 0
112.350000 0 0
112.420000 0 0
112.490000 0 0
112.560000 0 0
112.630000 0 0
112.700000 0 0
112.770000 0 0
112.840000 0 0
112.910000 0 0
112.980000 0 0
113.050000 0 0
113.120000 0 0
113.190000 0 0
113.260000 0 0
113.330000 0 0
113.400000 0 0
113.470000 0 0
113.540000 0 0
113.610000 0 0
113.680000 0 0
113.750000 0 0
113.820000 0 0
113.890000 0 0
113.960000 0 0
114.030000 0 0
114.100000 0 0
114.170000 0 0
114.240000 0 0
114.310000 0 0
114.380000 0 0
114.450000 0 0
114.520000 0 0
114.590000 0 0
114.660000 0 0
114.730000 0 0
114.800000 0 0
114.870000 0 0
114.940000 0 0
115.010000 0 0
115.080000 0 0
115.150000 0 0
115.220000 0 0
115.290000 0 0
115.360000 0 0
115.430000 0 0
115.500000 0 0
115.570000 0 0
115.640000 0 0
115.710000 0 0
115.780000 0 0
115.850000 0 0
115.920000 0 0
115.990000 0 0
116.060000 0 0
116.130000 0 0
116.200000 0 0
116.270000 0 0
116.340000 59 49
116.410000 0 0
116.480000 0 0
116.550000 0 0
116.620000 63 46
116.690000 0 0
116.760000 0 0
116.830000 0 0
116.900000 66 46
116.970000 0 0
117.040000 0 0
117.110000 64 49
117.180000 66 46
117.250000 0 0
117.320000 64 46
117.390000 60 49
117.460000 0 0
117.530000 0 0
117.600000 69 46
117.670000 0 0
117.740000 0 0
117.810000 0 0
117.880000 59 49
117.950000 0 0
118.020000 0 0
118.090000 0 0
118.160000 63 46
118.230000 0 0
118.300000 0 0
118.370000 66 46
118.440000 0 0
118.510000 0 0
118.580000 0 0
118.650000 64 49
118.720000 66 46
118.790000 64 46
118.860000 60 49
118.930000 0 0
119.000000 0 0
119.070000 0 0
119.140000 69 46
119.210000 0 0
119.280000 0 0
119.350000 0 0
119.420000 66 49
119.490000 66 49
119.560000 66 49
119.630000 66 49
119.700000 66 49
119.770000 66 49
119.840000 66 49
119.910000 66 49
119.980000 66 49
120.050000 66 49
120.120000 66 49
120.190000 66 49
120.260000 66 49
120.330000 66 49
120.400000 66 49
120.470000 66 49
120.540000 66 49
120.610000 66 49
120.680000 66 49
120.750000 66 49
120.820000 66 49
120.890000 66 49
120.960000 66 49
121.030000 66 49
121.100000 66 49
121.170000 66 49
121.240000 66 49
121.310000 66 49
121.380000 66 49
121.450000 66 49
121.520000 66 49
121.590000 66 49
121.660000 66 49
121.730000 66 49
121.800000 66 49
121.870000 66 49
121.940000 67 52
122.010000 67 52
122.080000 67 52
122.150000 66 49
122.220000 66 49
122.290000 66 49
122.360000 0 0
122.430000 69 49
122.500000 69 49
122.570000 69 49
122.640000 69 49
122.710000 69 49
122.780000 69 49
122.850000 69 49
122.920000 67 49
122.990000 69 45
123.060000 0 0
123.130000 67 45
123.200000 66 49
123.270000 66 49
123.340000 66 49
123.410000 66 49
123.480000 66 49
123.550000 66 49
123.620000 66 49
123.690000 66 49
123.760000 66 49
123.830000 66 49
123.900000 66 49
123.970000 66 49
124.040000 66 49
124.110000 66 49
124.180000 66 49
124.250000 66 49
124.320000 66 49
124.390000 66 49
124.460000 66 49
124.530000 66 49
124.600000 66 49
124.670000 66 49
124.740000 66 49
124.810000 66 49
124.880000 66 49
124.950000 66 49
125.020000 66 49
125.090000 66 49
125.160000 66 49
125.230000 66 49
125.300000 66 49
125.370000 66 49
125.440000 66 49
125.510000 66 49
125.580000 66 49
125.650000 66 49
125.720000 66 49
125.790000 66 49
125.860000 66 49
125.930000 66 49
126.000000 66 49
126.070000 66 49
126.140000 66 49
126.210000 64 49
126.280000 64 49
126.350000 64 49
126.420000 64 49
126.490000 64 49
126.560000 64 49
126.630000 64 49
126.700000 64 49
126.770000 64 49
126.840000 0 0
126.910000 0 0
126.980000 62 56
127.050000 62 56
127.120000 62 56
127.190000 62 56
127.260000 62 56
127.330000 62 56
127.400000 62 56
127.470000 62 56
127.540000 62 56
127.610000 62 56
127.680000 0 0
127.750000 60 60
127.820000 60 60
127.890000 60 60
127.960000 60 60
128.030000 60 60
128.100000 60 60
128.170000 60 60
128.240000 60 60
128.310000 60 60
128.380000 60 60
128.450000 60 60
128.520000 59 70
128.590000 59 70
128.660000 59 70
128.730000 59 70
128.800000 59 70
128.870000 59 70
128.940000 59 70
129.010000 59 70
129.080000 59 70
129.150000 59 70
129.220000 59 70
129.290000 59 70
129.360000 59 70
129.430000 59 70
129.500000 59 70
129.570000 59 70
129.640000 59 70
129.710000 59 70
129.780000 59 70
129.850000 59 70
129.920000 59 70
129.990000 59 70
130.060000 59 70
130.130000 59 70
130.200000 59 70
130.270000 59 70
130.340000 59 70
130.410000 59 70
130.480000 59 70
130.550000 59 70
130.620000 59 70
130.690000 59 70
130.760000 59 70
130.830000 59 70
130.900000 59 70
130.970000 59 70
131.040000 59 70
131.110000 59 70
131.180000 59 70
131.250000 59 70
131.320000 59 70
131.390000 59 70
131.460000 59 70
131.530000 0 0
131.600000 63 62
131.670000 63 62
131.740000 63 62
131.810000 0 0
131.880000 62 61
131.950000 62 61
132.020000 62 61
132.090000 61 59
132.160000 61 59
132.230000 61 59
132.300000 0 0
132.370000 60 53
132.440000 60 53
132.510000 60 53
132.580000 59 56
132.650000 59 56
132.720000 59 56
132.790000 0 0
132.860000 54 50
132.930000 54 50
133.000000 54 50
133.070000 0 0
133.140000 55 55
133.210000 0 0
133.280000 0 0
133.350000 59 50
133.420000 0 0
133.490000 0 0
133.560000 0 0
133.630000 55 50
133.700000 0 0
133.770000 0 0
133.840000 60 61
133.910000 0 0
133.980000 0 0
134.050000 0 0
134.120000 66 57
134.190000 0 0
134.260000 0 0
134.330000 0 0
134.400000 60 57
134.470000 0 0
134.540000 0 0
134.610000 66 49
134.680000 66 49
134.750000 66 49
134.820000 66 49
134.890000 66 49
134.960000 66 49
135.030000 66 49
135.100000 66 49
135.170000 66 49
135.240000 66 49
135.310000 66 49
135.380000 66 49
135.450000 66 49
135.520000 66 49
135.590000 66 49
135.660000 66 49
135.730000 66 49
135.800000 66 49
135.870000 66 49
135.940000 66 49
136.010000 66 49
136.080000 66 49
136.150000 66 49
136.220000 66 49
136.290000 66 49
136.360000 66 49
136.430000 66 49
136.500000 66 49
136.570000 66 49
136.640000 66 49
136.710000 66 49
136.780000 66 49
136.850000 66 49
136.920000 66 49
136.990000 66 49
137.060000 66 49
137.130000 67 52
137.200000 67 52
137.270000 67 52
137.340000 0 0
137.410000 66 49
137.480000 66 49
137.550000 66 49
137.620000 0 0
137.690000 69 49
137.760000 69 49
137.830000 69 49
137.900000 69 49
137.970000 69 49
138.040000 69 49
138.110000 69 49
138.180000 67 49
138.250000 69 45
138.320000 67 45
138.390000 0 0
138.460000 66 49
138.530000 66 49
138.600000 66 49
138.670000 66 49
138.740000 66 49
138.810000 66 49
138.880000 66 49
138.950000 66 49
139.020000 66 49
139.090000 66 49
139.160000 66 49
139.230000 66 49
139.300000 66 49
139.370000 66 49
139.440000 66 49
139.510000 66 49
139.580000 66 49
139.650000 66 49
139.720000 66 49
139.790000 66 49
139.860000 66 49
139.930000 66 49
140.000000 66 49
140.070000 66 49
140.140000 66 49
140.210000 66 49
140.280000 66 49
140.350000 66 49
140.420000 66 49
140.490000 66 49
140.560000 66 49
140.630000 66 49
140.700000 66 49
140.770000 66 49
140.840000 66 49
140.910000 66 49
140.980000 66 49
141.050000 66 49
141.120000 66 49
141.190000 66 49
141.260000 66 49
141.330000 66 49
141.400000 66 49
141.470000 64 49
141.540000 64 49
141.610000 64 49
141.680000 64 49
141.750000 64 49
141.820000 64 49
141.890000 64 49
141.960000 64 49
142.030000 64 49
142.100000 0 0
142.170000 0 0
142.240000 62 56
142.310000 62 56
142.380000 62 56
142.450000 62 56
142.520000 62 56
142.590000 62 56
142.660000 62 56
142.730000 62 56
142.800000 62 56
142.870000 62 56
142.940000 0 0
143.010000 60 60
143.080000 60 60
143.150000 60 60
143.220000 60 60
143.290000 60 60
143.360000 60 60
143.430000 60 60
143.500000 60 60
143.570000 60 60
143.640000 60 60
143.710000 60 60
143.780000 59 70
143.850000 59 70
143.920000 59 70
143.990000 59 70
144.060000 59 70
144.130000 59 70
144.200000 59 70
144.270000 59 70
144.340000 59 70
144.410000 59 70
144.480000 59 70
144.550000 59 70
144.620000 59 70
144.690000 59 70
144.760000 59 70
144.830000 59 70
144.900000 59 70
144.970000 59 70
145.040000 59 70
145.110000 59 70
145.180000 59 70
145.250000 59 70
145.320000 59 70
145.390000 59 70
145.460000 59 70
145.530000 59 70
145.600000 59 70
145.670000 59 70
145.740000 59 70
145.810000 59 70
145.880000 59 70
145.950000 59 70
146.020000 59 70
146.090000 59 70
146.160000 59 70
146.230000 59 70
146.300000 59 70
146.370000 59 70
146.440000 59 70
146.510000 59 70
146.580000 59 70
146.650000 59 70
146.720000 0 0
146.790000 0 0
146.860000 71 82
146.930000 71 82
147.000000 71 82
147.070000 71 82
147.140000 71 82
147.210000 71 82
147.280000 71 82
147.350000 71 82
147.420000 71 82
147.490000 71 82
147.560000 71 82
147.630000 69 61
147.700000 69 61
147.770000 69 61
147.840000 66 56
147.910000 66 56
147.980000 66 56
148.050000 0 0
148.120000 69 55
148.190000 69 55
148.260000 69 55
148.330000 71 82
148.400000 71 82
148.470000 71 82
148.540000 71 82
148.610000 71 82
148.680000 71 82
148.750000 71 82
148.820000 71 82
148.890000 71 82
148.960000 71 82
149.030000 71 82
149.100000 0 0
149.170000 69 61
149.240000 69 61
149.310000 69 61
149.380000 66 56
149.450000 66 56
149.520000 66 56
149.590000 0 0
149.660000 69 55
149.730000 69 55
149.800000 69 55
149.870000 71 62
149.940000 71 62
150.010000 71 62
150.080000 0 0
150.150000 74 61
150.220000 74 61
150.290000 74 61
150.360000 0 0
150.430000 73 59
150.500000 73 59
150.570000 73 59
150.640000 72 53
150.710000 72 53
150.780000 72 53
150.850000 0 0
150.920000 71 56
150.990000 71 56
151.060000 71 56
151.130000 66 50
151.200000 66 50
151.270000 66 50
151.340000 0 0
151.410000 55 57
151.480000 0 0
151.550000 0 0
151.620000 0 0
151.690000 59 51
151.760000 0 0
151.830000 0 0
151.900000 55 51
151.970000 0 0
152.040000 0 0
152.110000 0 0
152.180000 60 62
152.250000 0 0
152.320000 0 0
152.390000 0 0
152.460000 66 59
152.530000 0 0
152.600000 0 0
152.670000 60 59
152.740000 0 0
152.810000 0 0
152.880000 0 0
152.950000 59 48
153.020000 0 0
153.090000 61 49
153.160000 0 0
153.230000 63 51
153.300000 0 0
153.370000 64 52
153.440000 0 0
153.510000 66 53
153.580000 67 55
153.650000 0 0
153.720000 69 57
153.790000 69 57
153.860000 69 57
153.930000 0 0
154.000000 67 56
154.070000 69 52
154.140000 0 0
154.210000 67 52
154.280000 66 57
154.350000 0 0
154.420000 64 52
154.490000 0 0
154.560000 66 55
154.630000 0 0
154.700000 67 46
154.770000 0 0
154.840000 66 49
154.910000 0 0
154.980000 62 48
155.050000 62 48
155.120000 59 46
155.190000 59 46
155.260000 59 46
155.330000 59 46
155.400000 60 46
155.470000 0 0
155.540000 62 48
155.610000 0 0
155.680000 64 48
155.750000 0 0
155.820000 66 50
155.890000 0 0
155.960000 67 52
156.030000 64 53
156.100000 0 0
156.170000 62 56
156.240000 0 0
156.310000 64 55
156.380000 0 0
156.450000 62 51
156.520000 0 0
156.590000 59 48
156.660000 59 48
156.730000 55 47
156.800000 0 0
156.870000 57 50
156.940000 0 0
157.010000 59 53
157.080000 0 0
157.150000 62 52
157.220000 0 0
157.290000 60 52
157.360000 0 0
157.430000 59 51
157.500000 0 0
157.570000 60 49
157.640000 64 48
157.710000 64 48
157.780000 0 0
157.850000 59 59
157.920000 0 0
157.990000 0 0
158.060000 66 53
158.130000 0 0
158.200000 0 0
158.270000 0 0
158.340000 0 0
158.410000 0 0
158.480000 0 0
158.550000 0 0
158.620000 59 57
158.690000 0 0
158.760000 0 0
158.830000 0 0
158.900000 66 53
158.970000 0 0
159.040000 0 0
159.110000 0 0
159.180000 0 0
159.250000 0 0
159.320000 0 0
159.390000 0 0
159.460000 59 59
159.530000 59 59
159.600000 0 0
159.670000 0 0
159.740000 66 53
159.810000 0 0
159.880000 0 0
159.950000 0 0
160.020000 0 0
160.090000 0 0
160.160000 0 0
160.230000 59 57
160.300000 0 0
160.370000 0 0
160.440000 0 0
160.510000 66 53
160.580000 0 0
160.650000 0 0
160.720000 0 0
160.790000 0 0
160.860000 0 0
160.930000 0 0
161.000000 0 0
161.070000 59 59
161.140000 59 59
161.210000 0 0
161.280000 0 0
161.350000 66 55
161.420000 0 0
161.490000 0 0
161.560000 0 0
161.630000 0 0
161.700000 0 0
161.770000 0 0
161.840000 0 0
161.910000 78 64
161.980000 0 0
162.050000 0 0
162.120000 0 0
162.190000 0 0
162.260000 0 0
162.330000 0 0
162.400000 78 53
162.470000 0 0
162.540000 0 0
162.610000 0 0
162.680000 75 55
162.750000 0 0
162.820000 0 0
162.890000 0 0
162.960000 78 47
163.030000 0 0
163.100000 0 0
163.170000 0 0
163.240000 0 0
163.310000 0 0
163.380000 0 0
163.450000 0 0
163.520000 78 50
163.590000 78 50
163.660000 0 0
163.730000 0 0
163.800000 75 42
163.870000 0 0
163.940000 0 0
164.010000 0 0
164.080000 78 42
164.150000 78 42
164.220000 0 0
164.290000 0 0
164.360000 0 0
164.430000 83 37
164.500000 83 37
164.570000 83 37
164.640000 83 37
164.710000 83 37
164.780000 83 37
164.850000 83 37
164.920000 83 37
164.990000 83 37
165.060000 83 37
165.130000 83 37
165.200000 83 37
165.270000 83 37
165.340000 83 37
165.410000 83 37
165.480000 83 37
165.550000 83 37
165.620000 83 37
165.690000 83 37
165.760000 83 37
165.830000 83 37
165.900000 48 49
165.970000 48 49
166.040000 0 0
166.110000 54 44
166.180000 54 44
166.250000 60 40
166.320000 60 40
166.390000 0 0
166.460000 64 44
166.530000 64 44
166.600000 0 0
166.670000 66 47
166.740000 66 47
166.810000 0 0
166.880000 0 0
166.950000 0 0
167.020000 0 0
167.090000 0 0
167.160000 0 0
167.230000 0 0
167.300000 0 0
167.370000 0 0
167.440000 0 0
167.510000 0 0
167.580000 0 0
167.650000 0 0
167.720000 0 0
167.790000 0 0
167.860000 0 0
167.930000 0 0
168.000000 0 0
168.070000 0 0
168.140000 0 0
168.210000 0 0
168.280000 0 0
168.350000 0 0
168.420000 0 0
168.490000 0 0
168.560000 0 0
168.630000 0 0
168.700000 0 0
168.770000 0 0
168.840000 0 0
168.910000 0 0
168.980000 0 0
169.050000 0 0
169.120000 0 0
169.190000 47 27
169.260000 47 27
169.330000 47 27
169.400000 47 27
169.470000 47 27
169.540000 47 27
169.610000 47 27
169.680000 47 27
169.750000 47 27
169.820000 47 27
169.890000 47 27
169.960000 47 27
170.030000 47 27
170.100000 47 27
170.170000 47 27
170.240000 59 27
170.310000 59 27
170.380000 59 27
170.450000 59 27
170.520000 59 27
170.590000 59 27
170.660000 59 27
170.730000 59 27
170.800000 59 27
170.870000 59 27
170.940000 59 27
171.010000 59 27
171.080000 59 27
171.150000 59 27
171.220000 59 27
171.290000 59 27
171.360000 59 27
171.430000 59 27
171.500000 59 27
171.570000 59 27
171.640000 59 27
171.710000 59 27
171.780000 59 27
171.850000 59 27
171.920000 59 27
171.990000 59 27
172.060000 59 27
172.130000 59 27
172.200000 59 27
172.270000 59 27
172.340000 59 27
172.410000 59 27
172.480000 59 27
172.550000 59 27
172.620000 59 27
172.690000 59 27
172.760000 0 0
