"alb_esp1"

# Piano right
0.000000 0 0
0.070000 0 0
0.140000 0 0
0.210000 0 0
0.280000 0 0
0.350000 81 60
0.420000 81 60
0.490000 81 60
0.560000 81 60
0.630000 0 0
0.700000 88 66
0.770000 88 66
0.840000 88 66
0.910000 88 66
0.980000 88 66
1.050000 88 66
1.120000 88 66
1.190000 88 66
1.260000 88 66
1.330000 88 66
1.400000 88 66
1.470000 88 66
1.540000 88 66
1.610000 88 66
1.680000 88 66
1.750000 88 66
1.820000 88 66
1.890000 88 66
1.960000 88 66
2.030000 88 66
2.100000 88 66
2.170000 88 66
2.240000 88 66
2.310000 88 66
2.380000 88 66
2.450000 88 66
2.520000 88 66
2.590000 0 0
2.660000 0 0
2.730000 86 62
2.800000 86 62
2.870000 86 62
2.940000 0 0
3.010000 84 57
3.080000 84 57
3.150000 84 57
3.220000 0 0
3.290000 86 57
3.360000 86 57
3.430000 86 57
3.500000 0 0
3.570000 88 62
3.640000 88 62
3.710000 88 62
3.780000 89 64
3.850000 89 64
3.920000 89 64
3.990000 0 0
4.060000 91 67
4.130000 91 67
4.200000 91 67
4.270000 88 66
4.340000 88 66
4.410000 88 66
4.480000 0 0
4.550000 89 64
4.620000 89 64
4.690000 89 64
4.760000 88 61
4.830000 0 0
4.900000 0 0
4.970000 0 0
5.040000 86 67
5.110000 86 67
5.180000 86 67
5.250000 86 67
5.320000 86 67
5.390000 86 67
5.460000 86 67
5.530000 86 67
5.600000 0 0
5.670000 84 60
5.740000 84 60
5.810000 84 60
5.880000 84 60
5.950000 84 60
6.020000 84 60
6.090000 84 60
6.160000 84 60
6.230000 82 57
6.300000 82 57
6.370000 82 57
6.440000 82 57
6.510000 82 57
6.580000 82 57
6.650000 82 57
6.720000 82 57
6.790000 0 0
6.860000 0 0
6.930000 0 0
7.000000 0 0
7.070000 0 0
7.140000 57 50
7.210000 57 50
7.280000 57 50
7.350000 0 0
7.420000 61 51
7.490000 61 51
7.560000 61 51
7.630000 64 54
7.700000 64 54
7.770000 64 54
7.840000 0 0
7.910000 69 57
7.980000 69 57
8.050000 69 57
8.120000 73 58
8.190000 73 58
8.260000 73 58
8.330000 0 0
8.400000 76 61
8.470000 76 61
8.540000 76 61
8.610000 69 50
8.680000 69 50
8.750000 69 50
8.820000 73 51
8.890000 73 51
8.960000 73 51
9.030000 0 0
9.100000 76 54
9.170000 76 54
9.240000 76 54
9.310000 81 57
9.380000 81 57
9.450000 81 57
9.520000 85 58
9.590000 85 58
9.660000 85 58
9.730000 0 0
9.800000 88 64
9.870000 88 64
9.940000 88 64
10.010000 85 60
10.080000 85 60
10.150000 85 60
10.220000 81 58
10.290000 81 58
10.360000 81 58
10.430000 0 0
10.500000 76 57
10.570000 76 57
10.640000 76 57
10.710000 73 55
10.780000 73 55
10.850000 73 55
10.920000 0 0
10.990000 69 53
11.060000 69 53
11.130000 69 53
11.200000 0 0
11.270000 76 51
11.340000 76 51
11.410000 76 51
11.480000 73 48
11.550000 73 48
11.620000 73 48
11.690000 0 0
11.760000 69 46
11.830000 69 46
11.900000 69 46
11.970000 0 0
12.040000 64 44
12.110000 64 44
12.180000 64 44
12.250000 0 0
12.320000 61 44
12.390000 61 44
12.460000 61 44
12.530000 61 44
12.600000 57 42
12.670000 57 42
12.740000 57 42
12.810000 57 42
12.880000 0 0
12.950000 0 0
13.020000 0 0
13.090000 0 0
13.160000 81 51
13.230000 81 51
13.300000 81 51
13.370000 81 51
13.440000 0 0
13.510000 88 56
13.580000 88 56
13.650000 88 56
13.720000 88 56
13.790000 88 56
13.860000 88 56
13.930000 88 56
14.000000 88 56
14.070000 88 56
14.140000 88 56
14.210000 88 56
14.280000 88 56
14.350000 88 56
14.420000 88 56
14.490000 88 56
14.560000 88 56
14.630000 88 56
14.700000 88 56
14.770000 88 56
14.840000 88 56
14.910000 88 56
14.980000 88 56
15.050000 88 56
15.120000 88 56
15.190000 88 56
15.260000 88 56
15.330000 88 56
15.400000 0 0
15.470000 0 0
15.540000 86 52
15.610000 86 52
15.680000 86 52
15.750000 0 0
15.820000 84 48
15.890000 84 48
15.960000 84 48
16.030000 0 0
16.100000 86 48
16.170000 86 48
16.240000 86 48
16.310000 0 0
16.380000 88 52
16.450000 88 52
16.520000 88 52
16.590000 0 0
16.660000 89 54
16.730000 89 54
16.800000 89 54
16.870000 91 56
16.940000 91 56
17.010000 91 56
17.080000 0 0
17.150000 88 56
17.220000 88 56
17.290000 88 56
17.360000 89 54
17.430000 89 54
17.500000 89 54
17.570000 0 0
17.640000 88 51
17.710000 88 51
17.780000 0 0
17.850000 0 0
17.920000 86 56
17.990000 86 56
18.060000 86 56
18.130000 86 56
18.200000 86 56
18.270000 86 56
18.340000 86 56
18.410000 86 56
18.480000 84 51
18.550000 84 51
18.620000 84 51
18.690000 84 51
18.760000 84 51
18.830000 84 51
18.900000 84 51
18.970000 84 51
19.040000 0 0
19.110000 82 48
19.180000 82 48
19.250000 82 48
19.320000 82 48
19.390000 82 48
19.460000 82 48
19.530000 82 48
19.600000 82 48
19.670000 0 0
19.740000 81 44
19.810000 81 44
19.880000 81 44
19.950000 0 0
20.020000 82 46
20.090000 82 46
20.160000 82 46
20.230000 84 48
20.300000 84 48
20.370000 84 48
20.440000 0 0
20.510000 86 50
20.580000 86 50
20.650000 86 50
20.720000 0 0
20.790000 89 52
20.860000 89 52
20.930000 89 52
21.000000 89 52
21.070000 89 52
21.140000 0 0
21.210000 0 0
21.280000 86 56
21.350000 86 56
21.420000 86 56
21.490000 86 56
21.560000 86 56
21.630000 86 56
21.700000 86 56
21.770000 86 56
21.840000 0 0
21.910000 84 51
21.980000 84 51
22.050000 84 51
22.120000 84 51
22.190000 84 51
22.260000 84 51
22.330000 84 51
22.400000 84 51
22.470000 82 48
22.540000 82 48
22.610000 82 48
22.680000 82 48
22.750000 82 48
22.820000 82 48
22.890000 82 48
22.960000 82 48
23.030000 0 0
23.100000 81 46
23.170000 81 46
23.240000 81 46
23.310000 82 47
23.380000 82 47
23.450000 82 47
23.520000 0 0
23.590000 84 49
23.660000 84 49
23.730000 84 49
23.800000 86 51
23.870000 86 51
23.940000 86 51
24.010000 0 0
24.080000 88 53
24.150000 88 53
24.220000 88 53
24.290000 91 57
24.360000 91 57
24.430000 91 57
24.500000 0 0
24.570000 89 55
24.640000 89 55
24.710000 0 0
24.780000 0 0
24.850000 86 50
24.920000 86 50
24.990000 86 50
25.060000 0 0
25.130000 84 50
25.200000 84 50
25.270000 84 50
25.340000 0 0
25.410000 82 45
25.480000 82 45
25.550000 82 45
25.620000 82 45
25.690000 86 49
25.760000 86 49
25.830000 86 49
25.900000 86 49
25.970000 85 44
26.040000 85 44
26.110000 85 44
26.180000 85 44
26.250000 0 0
26.320000 0 0
26.390000 0 0
26.460000 0 0
26.530000 61 29
26.600000 61 29
26.670000 61 29
26.740000 61 29
26.810000 0 0
26.880000 0 0
26.950000 61 29
27.020000 61 29
27.090000 61 29
27.160000 61 29
27.230000 69 45
27.300000 0 0
27.370000 0 0
27.440000 61 29
27.510000 61 29
27.580000 61 29
27.650000 61 29
27.720000 0 0
27.790000 0 0
27.860000 62 27
27.930000 62 27
28.000000 62 27
28.070000 62 27
28.140000 0 0
28.210000 0 0
28.280000 62 27
28.350000 62 27
28.420000 62 27
28.490000 0 0
28.560000 0 0
28.630000 0 0
28.700000 62 27
28.770000 62 27
28.840000 62 27
28.910000 62 27
28.980000 0 0
29.050000 0 0
29.120000 0 0
29.190000 61 29
29.260000 61 29
29.330000 61 29
29.400000 61 29
29.470000 69 46
29.540000 0 0
29.610000 0 0
29.680000 61 42
29.750000 61 42
29.820000 61 42
29.890000 61 42
29.960000 0 0
30.030000 0 0
30.100000 61 42
30.170000 61 42
30.240000 61 42
30.310000 61 42
30.380000 0 0
30.450000 0 0
30.520000 0 0
30.590000 62 27
30.660000 62 27
30.730000 62 27
30.800000 62 27
30.870000 0 0
30.940000 0 0
31.010000 62 27
31.080000 62 27
31.150000 62 27
31.220000 62 27
31.290000 0 0
31.360000 0 0
31.430000 62 27
31.500000 62 27
31.570000 62 27
31.640000 62 27
31.710000 64 40
31.780000 0 0
31.850000 0 0
31.920000 0 0
31.990000 61 30
32.060000 61 30
32.130000 61 30
32.200000 61 30
32.270000 0 0
32.340000 0 0
32.410000 61 31
32.480000 61 31
32.550000 61 31
32.620000 61 31
32.690000 0 0
32.760000 0 0
32.830000 0 0
32.900000 61 31
32.970000 61 31
33.040000 61 31
33.110000 61 31
33.180000 0 0
33.250000 0 0
33.320000 57 32
33.390000 57 32
33.460000 57 32
33.530000 57 32
33.600000 65 50
33.670000 0 0
33.740000 0 0
33.810000 57 33
33.880000 57 33
33.950000 57 33
34.020000 57 33
34.090000 0 0
34.160000 0 0
34.230000 0 0
34.300000 57 32
34.370000 57 32
34.440000 57 32
34.510000 57 32
34.580000 0 0
34.650000 0 0
34.720000 0 0
34.790000 60 34
34.860000 60 34
34.930000 60 34
35.000000 60 34
35.070000 0 0
35.140000 0 0
35.210000 0 0
35.280000 60 35
35.350000 60 35
35.420000 60 35
35.490000 60 35
35.560000 0 0
35.630000 0 0
35.700000 0 0
35.770000 60 34
35.840000 60 34
35.910000 60 34
35.980000 60 34
36.050000 0 0
36.120000 0 0
36.190000 0 0
36.260000 58 33
36.330000 58 33
36.400000 58 33
36.470000 58 33
36.540000 58 33
36.610000 0 0
36.680000 0 0
36.750000 0 0
36.820000 58 31
36.890000 58 31
36.960000 58 31
37.030000 58 31
37.100000 58 31
37.170000 0 0
37.240000 0 0
37.310000 0 0
37.380000 58 29
37.450000 58 29
37.520000 58 29
37.590000 58 29
37.660000 58 29
37.730000 58 29
37.800000 0 0
37.870000 0 0
37.940000 0 0
38.010000 61 29
38.080000 61 29
38.150000 61 29
38.220000 61 29
38.290000 0 0
38.360000 0 0
38.430000 0 0
38.500000 61 29
38.570000 61 29
38.640000 61 29
38.710000 61 29
38.780000 0 0
38.850000 0 0
38.920000 61 29
38.990000 61 29
39.060000 61 29
39.130000 61 29
39.200000 69 45
39.270000 0 0
39.340000 0 0
39.410000 62 27
39.480000 62 27
39.550000 62 27
39.620000 62 27
39.690000 0 0
39.760000 0 0
39.830000 62 27
39.900000 62 27
39.970000 62 27
40.040000 0 0
40.110000 0 0
40.180000 0 0
40.250000 62 27
40.320000 62 27
40.390000 62 27
40.460000 62 27
40.530000 0 0
40.600000 0 0
40.670000 0 0
40.740000 61 29
40.810000 61 29
40.880000 61 29
40.950000 61 29
41.020000 0 0
41.090000 0 0
41.160000 61 29
41.230000 61 29
41.300000 61 29
41.370000 61 29
41.440000 0 0
41.510000 0 0
41.580000 0 0
41.650000 61 29
41.720000 61 29
41.790000 61 29
41.860000 61 29
41.930000 0 0
42.000000 0 0
42.070000 62 27
42.140000 62 27
42.210000 62 27
42.280000 62 27
42.350000 0 0
42.420000 0 0
42.490000 62 27
42.560000 62 27
42.630000 62 27
42.700000 62 27
42.770000 0 0
42.840000 0 0
42.910000 0 0
42.980000 62 27
43.050000 62 27
43.120000 62 27
43.190000 62 27
43.260000 0 0
43.330000 0 0
43.400000 0 0
43.470000 0 0
43.540000 81 53
43.610000 81 53
43.680000 81 53
43.750000 0 0
43.820000 83 56
43.890000 83 56
43.960000 83 56
44.030000 0 0
44.100000 85 57
44.170000 85 57
44.240000 85 57
44.310000 0 0
44.380000 86 59
44.450000 86 59
44.520000 86 59
44.590000 0 0
44.660000 88 61
44.730000 88 61
44.800000 88 61
44.870000 89 62
44.940000 89 62
45.010000 89 62
45.080000 89 62
45.150000 89 62
45.220000 0 0
45.290000 0 0
45.360000 88 61
45.430000 88 61
45.500000 88 61
45.570000 0 0
45.640000 86 57
45.710000 86 57
45.780000 86 57
45.850000 0 0
45.920000 84 56
45.990000 84 56
46.060000 84 56
46.130000 86 59
46.200000 86 59
46.270000 86 59
46.340000 0 0
46.410000 88 57
46.480000 88 57
46.550000 88 57
46.620000 89 59
46.690000 89 59
46.760000 89 59
46.830000 0 0
46.900000 91 61
46.970000 91 61
47.040000 91 61
47.110000 88 61
47.180000 88 61
47.250000 88 61
47.320000 0 0
47.390000 89 59
47.460000 89 59
47.530000 89 59
47.600000 88 56
47.670000 0 0
47.740000 0 0
47.810000 0 0
47.880000 86 61
47.950000 86 61
48.020000 86 61
48.090000 86 61
48.160000 86 61
48.230000 86 61
48.300000 86 61
48.370000 86 61
48.440000 84 56
48.510000 84 56
48.580000 84 56
48.650000 84 56
48.720000 84 56
48.790000 84 56
48.860000 84 56
48.930000 84 56
49.000000 0 0
49.070000 82 52
49.140000 82 52
49.210000 82 52
49.280000 82 52
49.350000 82 52
49.420000 82 52
49.490000 82 52
49.560000 82 52
49.630000 81 57
49.700000 81 57
49.770000 81 57
49.840000 0 0
49.910000 83 58
49.980000 83 58
50.050000 83 58
50.120000 0 0
50.190000 85 60
50.260000 85 60
50.330000 85 60
50.400000 0 0
50.470000 86 61
50.540000 86 61
50.610000 86 61
50.680000 88 63
50.750000 88 63
50.820000 88 63
50.890000 0 0
50.960000 89 64
51.030000 89 64
51.100000 89 64
51.170000 91 71
51.240000 91 71
51.310000 91 71
51.380000 0 0
51.450000 93 75
51.520000 0 0
51.590000 0 0
51.660000 94 79
51.730000 94 79
51.800000 94 79
51.870000 94 79
51.940000 94 79
52.010000 94 79
52.080000 0 0
52.150000 93 76
52.220000 93 76
52.290000 93 76
52.360000 91 74
52.430000 91 74
52.500000 91 74
52.570000 0 0
52.640000 93 78
52.710000 93 78
52.780000 93 78
52.850000 93 78
52.920000 93 78
52.990000 93 78
53.060000 93 78
53.130000 93 79
53.200000 93 79
53.270000 93 79
53.340000 0 0
53.410000 91 76
53.480000 91 76
53.550000 91 76
53.620000 94 83
53.690000 94 83
53.760000 94 83
53.830000 0 0
53.900000 93 78
53.970000 0 0
54.040000 0 0
54.110000 0 0
54.180000 89 72
54.250000 89 72
54.320000 89 72
54.390000 87 64
54.460000 87 64
54.530000 87 64
54.600000 0 0
54.670000 86 69
54.740000 86 69
54.810000 86 69
54.880000 88 61
54.950000 88 61
55.020000 88 61
55.090000 88 61
55.160000 0 0
55.230000 84 62
55.300000 84 62
55.370000 84 62
55.440000 84 62
55.510000 82 51
55.580000 82 51
55.650000 82 51
55.720000 82 51
55.790000 0 0
55.860000 0 0
55.930000 0 0
56.000000 61 29
56.070000 61 29
56.140000 61 29
56.210000 61 29
56.280000 0 0
56.350000 0 0
56.420000 0 0
56.490000 61 29
56.560000 61 29
56.630000 61 29
56.700000 61 29
56.770000 0 0
56.840000 0 0
56.910000 61 29
56.980000 61 29
57.050000 61 29
57.120000 61 29
57.190000 0 0
57.260000 0 0
57.330000 0 0
57.400000 62 27
57.470000 62 27
57.540000 62 27
57.610000 62 27
57.680000 0 0
57.750000 0 0
57.820000 62 27
57.890000 62 27
57.960000 62 27
58.030000 62 27
58.100000 0 0
58.170000 0 0
58.240000 62 27
58.310000 62 27
58.380000 62 27
58.450000 62 27
58.520000 0 0
58.590000 0 0
58.660000 0 0
58.730000 61 29
58.800000 61 29
58.870000 61 29
58.940000 61 29
59.010000 0 0
59.080000 0 0
59.150000 61 29
59.220000 61 29
59.290000 61 29
59.360000 61 29
59.430000 0 0
59.500000 0 0
59.570000 0 0
59.640000 61 29
59.710000 61 29
59.780000 61 29
59.850000 61 29
59.920000 0 0
59.990000 0 0
60.060000 62 27
60.130000 62 27
60.200000 62 27
60.270000 62 27
60.340000 0 0
60.410000 0 0
60.480000 62 27
60.550000 62 27
60.620000 62 27
60.690000 62 27
60.760000 0 0
60.830000 0 0
60.900000 0 0
60.970000 62 27
61.040000 62 27
61.110000 62 27
61.180000 62 27
61.250000 0 0
61.320000 0 0
61.390000 0 0
61.460000 61 30
61.530000 61 30
61.600000 61 30
61.670000 61 30
61.740000 0 0
61.810000 0 0
61.880000 0 0
61.950000 61 31
62.020000 61 31
62.090000 61 31
62.160000 61 31
62.230000 0 0
62.300000 0 0
62.370000 61 31
62.440000 61 31
62.510000 61 31
62.580000 61 31
62.650000 0 0
62.720000 0 0
62.790000 0 0
62.860000 57 30
62.930000 57 30
63.000000 57 30
63.070000 57 30
63.140000 0 0
63.210000 0 0
63.280000 57 30
63.350000 57 30
63.420000 57 30
63.490000 57 30
63.560000 0 0
63.630000 0 0
63.700000 0 0
63.770000 57 31
63.840000 57 31
63.910000 57 31
63.980000 57 31
64.050000 0 0
64.120000 0 0
64.190000 0 0
64.260000 60 32
64.330000 60 32
64.400000 60 32
64.470000 60 32
64.540000 0 0
64.610000 0 0
64.680000 0 0
64.750000 60 32
64.820000 60 32
64.890000 60 32
64.960000 60 32
65.030000 0 0
65.100000 0 0
65.170000 0 0
65.240000 60 33
65.310000 60 33
65.380000 60 33
65.450000 60 33
65.520000 0 0
65.590000 0 0
65.660000 0 0
65.730000 58 30
65.800000 58 30
65.870000 58 30
65.940000 58 30
66.010000 58 30
66.080000 0 0
66.150000 0 0
66.220000 0 0
66.290000 58 29
66.360000 58 29
66.430000 58 29
66.500000 58 29
66.570000 58 29
66.640000 0 0
66.710000 0 0
66.780000 0 0
66.850000 58 28
66.920000 58 28
66.990000 58 28
67.060000 58 28
67.130000 58 28
67.200000 58 28
67.270000 0 0
67.340000 0 0
67.410000 0 0
67.480000 0 0
67.550000 0 0
67.620000 0 0
67.690000 0 0
67.760000 0 0
67.830000 0 0
67.900000 0 0
67.970000 0 0
68.040000 0 0
68.110000 0 0
68.180000 0 0
68.250000 0 0
68.320000 0 0
68.390000 64 51
68.460000 64 51
68.530000 64 51
68.600000 64 51
68.670000 64 51
68.740000 64 51
68.810000 64 51
68.880000 0 0
68.950000 0 0
69.020000 0 0
69.090000 0 0
69.160000 0 0
69.230000 0 0
69.300000 0 0
69.370000 0 0
69.440000 58 51
69.510000 58 51
69.580000 58 51
69.650000 0 0
69.720000 0 0
69.790000 0 0
69.860000 0 0
69.930000 0 0
70.000000 0 0
70.070000 0 0
70.140000 0 0
70.210000 0 0
70.280000 0 0
70.350000 0 0
70.420000 0 0
70.490000 0 0
70.560000 0 0
70.630000 0 0
70.700000 0 0
70.770000 0 0
70.840000 0 0
70.910000 0 0
70.980000 0 0
71.050000 0 0
71.120000 0 0
71.190000 0 0
71.260000 0 0
71.330000 0 0
71.400000 0 0
71.470000 0 0
71.540000 0 0
71.610000 0 0
71.680000 61 51
71.750000 61 51
71.820000 61 51
71.890000 61 51
71.960000 61 51
72.030000 61 51
72.100000 61 51
72.170000 61 51
72.240000 0 0
72.310000 0 0
72.380000 0 0
72.450000 0 0
72.520000 0 0
72.590000 0 0
72.660000 0 0
72.730000 0 0
72.800000 0 0
72.870000 58 45
72.940000 58 45
73.010000 58 45
73.080000 58 45
73.150000 0 0
73.220000 0 0
73.290000 0 0
73.360000 0 0
73.430000 0 0
73.500000 0 0
73.570000 0 0
73.640000 0 0
73.710000 0 0
73.780000 0 0
73.850000 0 0
73.920000 0 0
73.990000 0 0
74.060000 0 0
74.130000 0 0
74.200000 70 49
74.270000 70 49
74.340000 70 49
74.410000 70 49
74.480000 70 49
74.550000 70 49
74.620000 70 49
74.690000 70 49
74.760000 70 49
74.830000 70 49
74.900000 70 49
74.970000 70 49
75.040000 70 49
75.110000 70 49
75.180000 70 49
75.250000 70 49
75.320000 70 49
75.390000 70 49
75.460000 70 49
75.530000 70 49
75.600000 70 49
75.670000 70 49
75.740000 70 49
75.810000 70 49
75.880000 70 49
75.950000 70 49
76.020000 70 49
76.090000 70 49
76.160000 70 49
76.230000 70 49
76.300000 70 49
76.370000 70 49
76.440000 70 49
76.510000 70 49
76.580000 70 49
76.650000 70 49
76.720000 82 55
76.790000 82 55
76.860000 82 55
76.930000 82 55
77.000000 82 55
77.070000 82 55
77.140000 82 55
77.210000 82 55
77.280000 82 55
77.350000 82 55
77.420000 82 55
77.490000 82 55
77.560000 82 55
77.630000 82 55
77.700000 82 55
77.770000 82 55
77.840000 82 55
77.910000 82 55
77.980000 82 55
78.050000 82 55
78.120000 82 55
78.190000 82 55
78.260000 82 55
78.330000 82 55
78.400000 82 55
78.470000 82 55
78.540000 82 55
78.610000 82 55
78.680000 0 0
78.750000 84 51
78.820000 84 51
78.890000 84 51
78.960000 84 51
79.030000 86 55
79.100000 86 55
79.170000 86 55
79.240000 0 0
79.310000 89 47
79.380000 89 47
79.450000 89 47
79.520000 0 0
79.590000 86 56
79.660000 86 56
79.730000 86 56
79.800000 0 0
79.870000 84 53
79.940000 0 0
80.010000 0 0
80.080000 84 45
80.150000 84 45
80.220000 84 45
80.290000 0 0
80.360000 82 48
80.430000 82 48
80.500000 82 48
80.570000 0 0
80.640000 77 48
80.710000 77 48
80.780000 77 48
80.850000 0 0
80.920000 82 43
80.990000 82 43
81.060000 82 43
81.130000 82 43
81.200000 0 0
81.270000 81 47
81.340000 81 47
81.410000 81 47
81.480000 81 47
81.550000 81 47
81.620000 81 47
81.690000 81 47
81.760000 81 47
81.830000 81 47
81.900000 81 47
81.970000 81 47
82.040000 81 47
82.110000 81 47
82.180000 81 47
82.250000 81 47
82.320000 81 47
82.390000 81 47
82.460000 81 47
82.530000 80 47
82.600000 80 47
82.670000 80 47
82.740000 80 47
82.810000 77 43
82.880000 77 43
82.950000 77 43
83.020000 77 43
83.090000 0 0
83.160000 76 45
83.230000 76 45
83.300000 76 45
83.370000 76 45
83.440000 0 0
83.510000 74 42
83.580000 74 42
83.650000 74 42
83.720000 74 42
83.790000 0 0
83.860000 0 0
83.930000 0 0
84.000000 0 0
84.070000 0 0
84.140000 57 40
84.210000 57 40
84.280000 57 40
84.350000 57 40
84.420000 61 41
84.490000 61 41
84.560000 61 41
84.630000 61 41
84.700000 64 44
84.770000 64 44
84.840000 64 44
84.910000 64 44
84.980000 69 46
85.050000 69 46
85.120000 69 46
85.190000 69 46
85.260000 73 47
85.330000 73 47
85.400000 73 47
85.470000 73 47
85.540000 0 0
85.610000 76 50
85.680000 76 50
85.750000 76 50
85.820000 76 50
85.890000 69 40
85.960000 69 40
86.030000 69 40
86.100000 69 40
86.170000 73 41
86.240000 73 41
86.310000 73 41
86.380000 73 41
86.450000 76 44
86.520000 76 44
86.590000 76 44
86.660000 76 44
86.730000 81 46
86.800000 81 46
86.870000 81 46
86.940000 81 46
87.010000 85 47
87.080000 85 47
87.150000 85 47
87.220000 85 47
87.290000 88 51
87.360000 88 51
87.430000 88 51
87.500000 88 51
87.570000 0 0
87.640000 69 40
87.710000 69 40
87.780000 69 40
87.850000 69 40
87.920000 73 41
87.990000 73 41
88.060000 73 41
88.130000 73 41
88.200000 0 0
88.270000 76 44
88.340000 76 44
88.410000 76 44
88.480000 76 44
88.550000 81 46
88.620000 81 46
88.690000 81 46
88.760000 81 46
88.830000 0 0
88.900000 85 47
88.970000 85 47
89.040000 85 47
89.110000 85 47
89.180000 0 0
89.250000 88 49
89.320000 88 49
89.390000 88 49
89.460000 88 49
89.530000 0 0
89.600000 81 46
89.670000 81 46
89.740000 81 46
89.810000 81 46
89.880000 85 44
89.950000 85 44
90.020000 85 44
90.090000 85 44
90.160000 85 44
90.230000 88 42
90.300000 88 42
90.370000 88 42
90.440000 88 42
90.510000 88 42
90.580000 0 0
90.650000 93 40
90.720000 93 40
90.790000 93 40
90.860000 93 40
90.930000 93 40
91.000000 97 38
91.070000 97 38
91.140000 97 38
91.210000 97 38
91.280000 97 38
91.350000 100 36
91.420000 100 36
91.490000 100 36
91.560000 100 36
91.630000 100 36
91.700000 100 36
91.770000 100 36
91.840000 100 36
91.910000 100 36
91.980000 100 36
92.050000 100 36
92.120000 100 36
92.190000 100 36
92.260000 100 36
92.330000 100 36
92.400000 100 36
92.470000 100 36
92.540000 100 36
92.610000 100 36
92.680000 100 36
92.750000 100 36
92.820000 100 36
92.890000 100 36
92.960000 100 36
93.030000 100 36
93.100000 100 36
93.170000 100 36
93.240000 0 0
# Piano left
0.000000 0 0
0.070000 0 0
0.140000 0 0
0.210000 0 0
0.280000 0 0
0.350000 57 48
0.420000 57 48
0.490000 57 48
0.560000 57 48
0.630000 0 0
0.700000 64 52
0.770000 64 52
0.840000 64 52
0.910000 64 52
0.980000 64 52
1.050000 64 52
1.120000 64 52
1.190000 64 52
1.260000 64 52
1.330000 64 52
1.400000 64 52
1.470000 64 52
1.540000 64 52
1.610000 64 52
1.680000 64 52
1.750000 64 52
1.820000 64 52
1.890000 64 52
1.960000 64 52
2.030000 64 52
2.100000 64 52
2.170000 64 52
2.240000 64 52
2.310000 64 52
2.380000 64 52
2.450000 64 52
2.520000 64 52
2.590000 0 0
2.660000 0 0
2.730000 62 49
2.800000 62 49
2.870000 62 49
2.940000 0 0
3.010000 60 45
3.080000 60 45
3.150000 60 45
3.220000 0 0
3.290000 62 45
3.360000 62 45
3.430000 62 45
3.500000 0 0
3.570000 64 49
3.640000 64 49
3.710000 64 49
3.780000 65 51
3.850000 65 51
3.920000 65 51
3.990000 0 0
4.060000 67 53
4.130000 67 53
4.200000 67 53
4.270000 64 52
4.340000 64 52
4.410000 64 52
4.480000 0 0
4.550000 65 51
4.620000 65 51
4.690000 65 51
4.760000 64 48
4.830000 0 0
4.900000 0 0
4.970000 0 0
5.040000 62 53
5.110000 62 53
5.180000 62 53
5.250000 62 53
5.320000 62 53
5.390000 62 53
5.460000 62 53
5.530000 62 53
5.600000 0 0
5.670000 60 48
5.740000 60 48
5.810000 60 48
5.880000 60 48
5.950000 60 48
6.020000 60 48
6.090000 60 48
6.160000 60 48
6.230000 58 48
6.300000 58 48
6.370000 58 48
6.440000 58 48
6.510000 58 48
6.580000 58 48
6.650000 58 48
6.720000 58 48
6.790000 0 0
6.860000 45 42
6.930000 45 42
7.000000 45 42
7.070000 45 42
7.140000 52 39
7.210000 52 39
7.280000 52 39
7.350000 0 0
7.420000 57 39
7.490000 57 39
7.560000 57 39
7.630000 61 40
7.700000 61 40
7.770000 61 40
7.840000 0 0
7.910000 64 43
7.980000 64 43
8.050000 64 43
8.120000 69 44
8.190000 69 44
8.260000 69 44
8.330000 0 0
8.400000 73 48
8.470000 73 48
8.540000 73 48
8.610000 61 39
8.680000 61 39
8.750000 61 39
8.820000 64 39
8.890000 64 39
8.960000 64 39
9.030000 0 0
9.100000 69 40
9.170000 69 40
9.240000 69 40
9.310000 73 43
9.380000 73 43
9.450000 73 43
9.520000 76 44
9.590000 76 44
9.660000 76 44
9.730000 0 0
9.800000 81 49
9.870000 81 49
9.940000 81 49
10.010000 76 43
10.080000 76 43
10.150000 76 43
10.220000 73 43
10.290000 73 43
10.360000 73 43
10.430000 0 0
10.500000 69 42
10.570000 69 42
10.640000 69 42
10.710000 64 40
10.780000 64 40
10.850000 64 40
10.920000 0 0
10.990000 61 40
11.060000 61 40
11.130000 61 40
11.200000 0 0
11.270000 69 36
11.340000 69 36
11.410000 69 36
11.480000 64 35
11.550000 64 35
11.620000 64 35
11.690000 0 0
11.760000 61 34
11.830000 61 34
11.900000 61 34
11.970000 0 0
12.040000 57 32
12.110000 57 32
12.180000 57 32
12.250000 0 0
12.320000 57 30
12.390000 57 30
12.460000 57 30
12.530000 57 30
12.600000 52 30
12.670000 52 30
12.740000 52 30
12.810000 52 30
12.880000 45 39
12.950000 45 39
13.020000 45 39
13.090000 45 39
13.160000 57 40
13.230000 57 40
13.300000 57 40
13.370000 57 40
13.440000 0 0
13.510000 64 44
13.580000 64 44
13.650000 64 44
13.720000 64 44
13.790000 64 44
13.860000 64 44
13.930000 64 44
14.000000 64 44
14.070000 64 44
14.140000 64 44
14.210000 64 44
14.280000 64 44
14.350000 64 44
14.420000 64 44
14.490000 64 44
14.560000 64 44
14.630000 64 44
14.700000 64 44
14.770000 64 44
14.840000 64 44
14.910000 64 44
14.980000 64 44
15.050000 64 44
15.120000 64 44
15.190000 64 44
15.260000 64 44
15.330000 64 44
15.400000 0 0
15.470000 0 0
15.540000 62 41
15.610000 62 41
15.680000 62 41
15.750000 0 0
15.820000 60 38
15.890000 60 38
15.960000 60 38
16.030000 0 0
16.100000 62 38
16.170000 62 38
16.240000 62 38
16.310000 0 0
16.380000 64 41
16.450000 64 41
16.520000 64 41
16.590000 0 0
16.660000 65 43
16.730000 65 43
16.800000 65 43
16.870000 67 45
16.940000 67 45
17.010000 67 45
17.080000 0 0
17.150000 64 44
17.220000 64 44
17.290000 64 44
17.360000 65 43
17.430000 65 43
17.500000 65 43
17.570000 0 0
17.640000 64 40
17.710000 64 40
17.780000 0 0
17.850000 0 0
17.920000 62 45
17.990000 62 45
18.060000 62 45
18.130000 62 45
18.200000 62 45
18.270000 62 45
18.340000 62 45
18.410000 62 45
18.480000 60 40
18.550000 60 40
18.620000 60 40
18.690000 60 40
18.760000 60 40
18.830000 60 40
18.900000 60 40
18.970000 60 40
19.040000 0 0
19.110000 58 38
19.180000 58 38
19.250000 58 38
19.320000 58 38
19.390000 58 38
19.460000 58 38
19.530000 58 38
19.600000 58 38
19.670000 0 0
19.740000 57 32
19.810000 57 32
19.880000 57 32
19.950000 0 0
20.020000 58 34
20.090000 58 34
20.160000 58 34
20.230000 60 36
20.300000 60 36
20.370000 60 36
20.440000 0 0
20.510000 62 37
20.580000 62 37
20.650000 62 37
20.720000 0 0
20.790000 65 39
20.860000 65 39
20.930000 65 39
21.000000 65 39
21.070000 65 39
21.140000 0 0
21.210000 0 0
21.280000 62 45
21.350000 62 45
21.420000 62 45
21.490000 62 45
21.560000 62 45
21.630000 62 45
21.700000 62 45
21.770000 62 45
21.840000 0 0
21.910000 60 40
21.980000 60 40
22.050000 60 40
22.120000 60 40
22.190000 60 40
22.260000 60 40
22.330000 60 40
22.400000 60 40
22.470000 58 40
22.540000 58 40
22.610000 58 40
22.680000 58 40
22.750000 58 40
22.820000 58 40
22.890000 58 40
22.960000 58 40
23.030000 0 0
23.100000 57 32
23.170000 57 32
23.240000 57 32
23.310000 58 33
23.380000 58 33
23.450000 58 33
23.520000 0 0
23.590000 60 35
23.660000 60 35
23.730000 60 35
23.800000 62 37
23.870000 62 37
23.940000 62 37
24.010000 0 0
24.080000 64 39
24.150000 64 39
24.220000 64 39
24.290000 67 40
24.360000 67 40
24.430000 67 40
24.500000 0 0
24.570000 65 43
24.640000 65 43
24.710000 0 0
24.780000 0 0
24.850000 62 37
24.920000 62 37
24.990000 62 37
25.060000 0 0
25.130000 60 37
25.200000 60 37
25.270000 60 37
25.340000 0 0
25.410000 58 33
25.480000 58 33
25.550000 58 33
25.620000 58 33
25.690000 62 36
25.760000 62 36
25.830000 62 36
25.900000 62 36
25.970000 61 33
26.040000 61 33
26.110000 61 33
26.180000 61 33
26.250000 45 67
26.320000 45 67
26.390000 45 67
26.460000 45 67
26.530000 45 67
26.600000 45 67
26.670000 45 67
26.740000 0 0
26.810000 52 55
26.880000 52 55
26.950000 52 55
27.020000 52 55
27.090000 52 55
27.160000 52 55
27.230000 0 0
27.300000 57 55
27.370000 57 55
27.440000 57 55
27.510000 57 55
27.580000 57 55
27.650000 57 55
27.720000 45 68
27.790000 45 68
27.860000 45 68
27.930000 45 68
28.000000 45 68
28.070000 45 68
28.140000 52 55
28.210000 52 55
28.280000 52 55
28.350000 52 55
28.420000 52 55
28.490000 0 0
28.560000 58 55
28.630000 58 55
28.700000 58 55
28.770000 58 55
28.840000 58 55
28.910000 58 55
28.980000 45 65
29.050000 45 65
29.120000 45 65
29.190000 45 65
29.260000 45 65
29.330000 45 65
29.400000 45 65
29.470000 0 0
29.540000 52 52
29.610000 52 52
29.680000 52 52
29.750000 52 52
29.820000 52 52
29.890000 52 52
29.960000 57 52
30.030000 57 52
30.100000 57 52
30.170000 57 52
30.240000 57 52
30.310000 57 52
30.380000 45 64
30.450000 45 64
30.520000 45 64
30.590000 45 64
30.660000 45 64
30.730000 45 64
30.800000 0 0
30.870000 52 55
30.940000 52 55
31.010000 52 55
31.080000 52 55
31.150000 52 55
31.220000 52 55
31.290000 58 54
31.360000 58 54
31.430000 58 54
31.500000 58 54
31.570000 58 54
31.640000 58 54
31.710000 0 0
31.780000 45 69
31.850000 45 69
31.920000 45 69
31.990000 45 69
32.060000 45 69
32.130000 45 69
32.200000 45 69
32.270000 52 57
32.340000 52 57
32.410000 52 57
32.480000 52 57
32.550000 52 57
32.620000 52 57
32.690000 57 58
32.760000 57 58
32.830000 57 58
32.900000 57 58
32.970000 57 58
33.040000 57 58
33.110000 0 0
33.180000 41 66
33.250000 41 66
33.320000 41 66
33.390000 41 66
33.460000 41 66
33.530000 41 66
33.600000 0 0
33.670000 48 51
33.740000 48 51
33.810000 48 51
33.880000 48 51
33.950000 48 51
34.020000 48 51
34.090000 57 69
34.160000 57 69
34.230000 0 0
34.300000 0 0
34.370000 0 0
34.440000 0 0
34.510000 0 0
34.580000 48 74
34.650000 48 74
34.720000 48 74
34.790000 48 74
34.860000 48 74
34.930000 48 74
35.000000 48 74
35.070000 55 73
35.140000 55 73
35.210000 55 73
35.280000 55 73
35.350000 55 73
35.420000 55 73
35.490000 0 0
35.560000 60 69
35.630000 60 69
35.700000 0 0
35.770000 0 0
35.840000 0 0
35.910000 0 0
35.980000 0 0
36.050000 0 0
36.120000 55 66
36.190000 0 0
36.260000 0 0
36.330000 0 0
36.400000 0 0
36.470000 0 0
36.540000 0 0
36.610000 57 59
36.680000 0 0
36.750000 0 0
36.820000 0 0
36.890000 0 0
36.960000 0 0
37.030000 0 0
37.100000 60 55
37.170000 58 53
37.240000 58 53
37.310000 0 0
37.380000 0 0
37.450000 0 0
37.520000 0 0
37.590000 0 0
37.660000 0 0
37.730000 0 0
37.800000 45 64
37.870000 45 64
37.940000 45 64
38.010000 45 64
38.080000 45 64
38.150000 45 64
38.220000 45 64
38.290000 0 0
38.360000 52 55
38.430000 52 55
38.500000 52 55
38.570000 52 55
38.640000 52 55
38.710000 52 55
38.780000 57 55
38.850000 57 55
38.920000 57 55
38.990000 57 55
39.060000 57 55
39.130000 57 55
39.200000 0 0
39.270000 45 65
39.340000 45 65
39.410000 45 65
39.480000 45 65
39.550000 45 65
39.620000 45 65
39.690000 52 55
39.760000 52 55
39.830000 52 55
39.900000 52 55
39.970000 52 55
40.040000 0 0
40.110000 58 55
40.180000 58 55
40.250000 58 55
40.320000 58 55
40.390000 58 55
40.460000 0 0
40.530000 45 66
40.600000 45 66
40.670000 45 66
40.740000 45 66
40.810000 45 66
40.880000 45 66
40.950000 45 66
41.020000 52 55
41.090000 52 55
41.160000 52 55
41.230000 52 55
41.300000 52 55
41.370000 52 55
41.440000 0 0
41.510000 57 55
41.580000 57 55
41.650000 57 55
41.720000 57 55
41.790000 57 55
41.860000 57 55
41.930000 45 61
42.000000 45 61
42.070000 45 61
42.140000 45 61
42.210000 45 61
42.280000 45 61
42.350000 52 55
42.420000 52 55
42.490000 52 55
42.560000 52 55
42.630000 52 55
42.700000 52 55
42.770000 0 0
42.840000 58 55
42.910000 58 55
42.980000 58 55
43.050000 58 55
43.120000 58 55
43.190000 58 55
43.260000 45 49
43.330000 45 49
43.400000 45 49
43.470000 45 49
43.540000 57 45
43.610000 57 45
43.680000 57 45
43.750000 0 0
43.820000 59 47
43.890000 59 47
43.960000 59 47
44.030000 0 0
44.100000 61 48
44.170000 61 48
44.240000 61 48
44.310000 0 0
44.380000 62 49
44.450000 62 49
44.520000 62 49
44.590000 0 0
44.660000 64 51
44.730000 64 51
44.800000 64 51
44.870000 65 52
44.940000 65 52
45.010000 65 52
45.080000 65 52
45.150000 65 52
45.220000 0 0
45.290000 0 0
45.360000 64 51
45.430000 64 51
45.500000 64 51
45.570000 0 0
45.640000 62 48
45.710000 62 48
45.780000 62 48
45.850000 0 0
45.920000 60 47
45.990000 60 47
46.060000 60 47
46.130000 62 49
46.200000 62 49
46.270000 62 49
46.340000 0 0
46.410000 64 45
46.480000 64 45
46.550000 64 45
46.620000 65 47
46.690000 65 47
46.760000 65 47
46.830000 0 0
46.900000 67 49
46.970000 67 49
47.040000 67 49
47.110000 64 48
47.180000 64 48
47.250000 64 48
47.320000 0 0
47.390000 65 47
47.460000 65 47
47.530000 65 47
47.600000 64 44
47.670000 0 0
47.740000 0 0
47.810000 0 0
47.880000 62 49
47.950000 62 49
48.020000 62 49
48.090000 62 49
48.160000 62 49
48.230000 62 49
48.300000 62 49
48.370000 62 49
48.440000 60 44
48.510000 60 44
48.580000 60 44
48.650000 60 44
48.720000 60 44
48.790000 60 44
48.860000 60 44
48.930000 60 44
49.000000 0 0
49.070000 58 41
49.140000 58 41
49.210000 58 41
49.280000 58 41
49.350000 58 41
49.420000 58 41
49.490000 58 41
49.560000 58 41
49.630000 57 48
49.700000 57 48
49.770000 57 48
49.840000 0 0
49.910000 59 49
49.980000 59 49
50.050000 59 49
50.120000 0 0
50.190000 61 50
50.260000 61 50
50.330000 61 50
50.400000 0 0
50.470000 62 50
50.540000 62 50
50.610000 62 50
50.680000 64 51
50.750000 64 51
50.820000 64 51
50.890000 0 0
50.960000 65 52
51.030000 65 52
51.100000 65 52
51.170000 67 53
51.240000 67 53
51.310000 67 53
51.380000 0 0
51.450000 69 57
51.520000 0 0
51.590000 0 0
51.660000 70 63
51.730000 70 63
51.800000 70 63
51.870000 70 63
51.940000 70 63
52.010000 70 63
52.080000 0 0
52.150000 69 58
52.220000 69 58
52.290000 69 58
52.360000 67 56
52.430000 67 56
52.500000 67 56
52.570000 0 0
52.640000 69 58
52.710000 69 58
52.780000 69 58
52.850000 69 58
52.920000 69 58
52.990000 69 58
53.060000 69 58
53.130000 69 60
53.200000 69 60
53.270000 69 60
53.340000 0 0
53.410000 67 58
53.480000 67 58
53.550000 67 58
53.620000 70 62
53.690000 70 62
53.760000 70 62
53.830000 0 0
53.900000 69 58
53.970000 0 0
54.040000 0 0
54.110000 0 0
54.180000 65 49
54.250000 65 49
54.320000 65 49
54.390000 63 49
54.460000 63 49
54.530000 63 49
54.600000 0 0
54.670000 62 55
54.740000 62 55
54.810000 62 55
54.880000 64 43
54.950000 64 43
55.020000 64 43
55.090000 64 43
55.160000 0 0
55.230000 60 46
55.300000 60 46
55.370000 60 46
55.440000 60 46
55.510000 58 51
55.580000 58 51
55.650000 58 51
55.720000 58 51
55.790000 45 61
55.860000 45 61
55.930000 45 61
56.000000 45 61
56.070000 45 61
56.140000 45 61
56.210000 45 61
56.280000 52 55
56.350000 52 55
56.420000 52 55
56.490000 52 55
56.560000 52 55
56.630000 52 55
56.700000 0 0
56.770000 57 55
56.840000 57 55
56.910000 57 55
56.980000 57 55
57.050000 57 55
57.120000 57 55
57.190000 45 62
57.260000 45 62
57.330000 45 62
57.400000 45 62
57.470000 45 62
57.540000 45 62
57.610000 0 0
57.680000 52 55
57.750000 52 55
57.820000 52 55
57.890000 52 55
57.960000 52 55
58.030000 52 55
58.100000 58 55
58.170000 58 55
58.240000 58 55
58.310000 58 55
58.380000 58 55
58.450000 58 55
58.520000 45 62
58.590000 45 62
58.660000 45 62
58.730000 45 62
58.800000 45 62
58.870000 45 62
58.940000 45 62
59.010000 52 52
59.080000 52 52
59.150000 52 52
59.220000 52 52
59.290000 52 52
59.360000 52 52
59.430000 0 0
59.500000 57 52
59.570000 57 52
59.640000 57 52
59.710000 57 52
59.780000 57 52
59.850000 57 52
59.920000 45 63
59.990000 45 63
60.060000 45 63
60.130000 45 63
60.200000 45 63
60.270000 45 63
60.340000 52 55
60.410000 52 55
60.480000 52 55
60.550000 52 55
60.620000 52 55
60.690000 52 55
60.760000 0 0
60.830000 58 54
60.900000 58 54
60.970000 58 54
61.040000 58 54
61.110000 58 54
61.180000 58 54
61.250000 45 67
61.320000 45 67
61.390000 45 67
61.460000 45 67
61.530000 45 67
61.600000 45 67
61.670000 45 67
61.740000 52 57
61.810000 52 57
61.880000 52 57
61.950000 52 57
62.020000 52 57
62.090000 52 57
62.160000 0 0
62.230000 57 58
62.300000 57 58
62.370000 57 58
62.440000 57 58
62.510000 57 58
62.580000 57 58
62.650000 41 65
62.720000 41 65
62.790000 41 65
62.860000 41 65
62.930000 41 65
63.000000 41 65
63.070000 0 0
63.140000 48 51
63.210000 48 51
63.280000 48 51
63.350000 48 51
63.420000 48 51
63.490000 48 51
63.560000 0 0
63.630000 57 69
63.700000 57 69
63.770000 0 0
63.840000 0 0
63.910000 0 0
63.980000 0 0
64.050000 48 74
64.120000 48 74
64.190000 48 74
64.260000 48 74
64.330000 48 74
64.400000 48 74
64.470000 48 74
64.540000 55 73
64.610000 55 73
64.680000 55 73
64.750000 55 73
64.820000 55 73
64.890000 55 73
64.960000 0 0
65.030000 60 69
65.100000 60 69
65.170000 0 0
65.240000 0 0
65.310000 0 0
65.380000 0 0
65.450000 0 0
65.520000 0 0
65.590000 55 66
65.660000 0 0
65.730000 0 0
65.800000 0 0
65.870000 0 0
65.940000 0 0
66.010000 0 0
66.080000 57 59
66.150000 0 0
66.220000 0 0
66.290000 0 0
66.360000 0 0
66.430000 0 0
66.500000 0 0
66.570000 60 55
66.640000 58 53
66.710000 58 53
66.780000 0 0
66.850000 0 0
66.920000 0 0
66.990000 0 0
67.060000 0 0
67.130000 0 0
67.200000 0 0
67.270000 45 65
67.340000 45 65
67.410000 45 65
67.480000 45 65
67.550000 45 65
67.620000 45 65
67.690000 45 65
67.760000 45 65
67.830000 52 63
67.900000 52 63
67.970000 52 63
68.040000 52 63
68.110000 52 63
68.180000 52 63
68.250000 52 63
68.320000 0 0
68.390000 57 57
68.460000 57 57
68.530000 57 57
68.600000 57 57
68.670000 57 57
68.740000 57 57
68.810000 57 57
68.880000 0 0
68.950000 50 47
69.020000 50 47
69.090000 52 49
69.160000 52 49
69.230000 0 0
69.300000 53 51
69.370000 53 51
69.440000 55 53
69.510000 55 53
69.580000 0 0
69.650000 57 55
69.720000 57 55
69.790000 58 58
69.860000 58 58
69.930000 0 0
70.000000 60 60
70.070000 60 60
70.140000 58 57
70.210000 58 57
70.280000 0 0
70.350000 57 55
70.420000 57 55
70.490000 0 0
70.560000 45 65
70.630000 45 65
70.700000 45 65
70.770000 45 65
70.840000 45 65
70.910000 45 65
70.980000 45 65
71.050000 45 65
71.120000 52 63
71.190000 52 63
71.260000 52 63
71.330000 52 63
71.400000 52 63
71.470000 52 63
71.540000 52 63
71.610000 52 63
71.680000 57 57
71.750000 57 57
71.820000 57 57
71.890000 57 57
71.960000 57 57
72.030000 57 57
72.100000 57 57
72.170000 57 57
72.240000 0 0
72.310000 50 42
72.380000 50 42
72.450000 0 0
72.520000 52 44
72.590000 52 44
72.660000 53 45
72.730000 53 45
72.800000 0 0
72.870000 55 47
72.940000 55 47
73.010000 0 0
73.080000 57 49
73.150000 57 49
73.220000 0 0
73.290000 58 49
73.360000 58 49
73.430000 0 0
73.500000 60 52
73.570000 60 52
73.640000 60 52
73.710000 58 49
73.780000 58 49
73.850000 58 49
73.920000 57 44
73.990000 57 44
74.060000 57 44
74.130000 0 0
74.200000 56 41
74.270000 56 41
74.340000 56 41
74.410000 56 41
74.480000 56 41
74.550000 56 41
74.620000 56 41
74.690000 56 41
74.760000 56 41
74.830000 56 41
74.900000 56 41
74.970000 56 41
75.040000 56 41
75.110000 56 41
75.180000 56 41
75.250000 56 41
75.320000 56 41
75.390000 56 41
75.460000 56 41
75.530000 56 41
75.600000 56 41
75.670000 56 41
75.740000 56 41
75.810000 56 41
75.880000 56 41
75.950000 56 41
76.020000 56 41
76.090000 56 41
76.160000 56 41
76.230000 56 41
76.300000 56 41
76.370000 56 41
76.440000 56 41
76.510000 56 41
76.580000 56 41
76.650000 56 41
76.720000 58 46
76.790000 58 46
76.860000 58 46
76.930000 58 46
77.000000 58 46
77.070000 58 46
77.140000 58 46
77.210000 58 46
77.280000 58 46
77.350000 58 46
77.420000 58 46
77.490000 58 46
77.560000 58 46
77.630000 58 46
77.700000 58 46
77.770000 58 46
77.840000 58 46
77.910000 58 46
77.980000 58 46
78.050000 58 46
78.120000 58 46
78.190000 58 46
78.260000 58 46
78.330000 58 46
78.400000 58 46
78.470000 58 46
78.540000 58 46
78.610000 58 46
78.680000 0 0
78.750000 60 43
78.820000 60 43
78.890000 60 43
78.960000 60 43
79.030000 62 46
79.100000 62 46
79.170000 62 46
79.240000 0 0
79.310000 65 39
79.380000 65 39
79.450000 65 39
79.520000 0 0
79.590000 62 47
79.660000 62 47
79.730000 62 47
79.800000 0 0
79.870000 60 45
79.940000 0 0
80.010000 0 0
80.080000 60 40
80.150000 60 40
80.220000 60 40
80.290000 0 0
80.360000 58 39
80.430000 58 39
80.500000 58 39
80.570000 0 0
80.640000 53 40
80.710000 53 40
80.780000 53 40
80.850000 0 0
80.920000 58 36
80.990000 58 36
81.060000 58 36
81.130000 58 36
81.200000 0 0
81.270000 57 39
81.340000 57 39
81.410000 57 39
81.480000 57 39
81.550000 57 39
81.620000 57 39
81.690000 57 39
81.760000 57 39
81.830000 57 39
81.900000 57 39
81.970000 57 39
82.040000 57 39
82.110000 57 39
82.180000 57 39
82.250000 57 39
82.320000 57 39
82.390000 57 39
82.460000 57 39
82.530000 56 39
82.600000 56 39
82.670000 56 39
82.740000 56 39
82.810000 53 36
82.880000 53 36
82.950000 53 36
83.020000 53 36
83.090000 0 0
83.160000 52 38
83.230000 52 38
83.300000 52 38
83.370000 52 38
83.440000 0 0
83.510000 50 35
83.580000 50 35
83.650000 50 35
83.720000 50 35
83.790000 45 34
83.860000 45 34
83.930000 45 34
84.000000 45 34
84.070000 0 0
84.140000 52 32
84.210000 52 32
84.280000 52 32
84.350000 52 32
84.420000 57 32
84.490000 57 32
84.560000 57 32
84.630000 57 32
84.700000 61 33
84.770000 61 33
84.840000 61 33
84.910000 61 33
84.980000 64 34
85.050000 64 34
85.120000 64 34
85.190000 64 34
85.260000 69 35
85.330000 69 35
85.400000 69 35
85.470000 69 35
85.540000 0 0
85.610000 73 39
85.680000 73 39
85.750000 73 39
85.820000 73 39
85.890000 61 32
85.960000 61 32
86.030000 61 32
86.100000 61 32
86.170000 64 32
86.240000 64 32
86.310000 64 32
86.380000 64 32
86.450000 69 33
86.520000 69 33
86.590000 69 33
86.660000 69 33
86.730000 73 34
86.800000 73 34
86.870000 73 34
86.940000 73 34
87.010000 76 35
87.080000 76 35
87.150000 76 35
87.220000 76 35
87.290000 81 39
87.360000 81 39
87.430000 81 39
87.500000 81 39
87.570000 0 0
87.640000 61 32
87.710000 61 32
87.780000 61 32
87.850000 61 32
87.920000 64 32
87.990000 64 32
88.060000 64 32
88.130000 64 32
88.200000 0 0
88.270000 69 33
88.340000 69 33
88.410000 69 33
88.480000 69 33
88.550000 73 34
88.620000 73 34
88.690000 73 34
88.760000 73 34
88.830000 0 0
88.900000 76 35
88.970000 76 35
89.040000 76 35
89.110000 76 35
89.180000 0 0
89.250000 81 39
89.320000 81 39
89.390000 81 39
89.460000 81 39
89.530000 0 0
89.600000 73 34
89.670000 73 34
89.740000 73 34
89.810000 73 34
89.880000 76 34
89.950000 76 34
90.020000 76 34
90.090000 76 34
90.160000 76 34
90.230000 81 33
90.300000 81 33
90.370000 81 33
90.440000 81 33
90.510000 81 33
90.580000 0 0
90.650000 85 32
90.720000 85 32
90.790000 85 32
90.860000 85 32
90.930000 85 32
91.000000 88 32
91.070000 88 32
91.140000 88 32
91.210000 88 32
91.280000 88 32
91.350000 85 23
91.420000 85 23
91.490000 85 23
91.560000 85 23
91.630000 85 23
91.700000 85 23
91.770000 85 23
91.840000 85 23
91.910000 85 23
91.980000 85 23
92.050000 85 23
92.120000 85 23
92.190000 85 23
92.260000 85 23
92.330000 85 23
92.400000 85 23
92.470000 85 23
92.540000 85 23
92.610000 85 23
92.680000 85 23
92.750000 85 23
92.820000 85 23
92.890000 85 23
92.960000 85 23
93.030000 85 23
93.100000 85 23
93.170000 85 23
93.240000 0 0
