"alb_esp2"

# Piano right
0.000000 0 0
0.070000 0 0
0.140000 0 0
0.210000 0 0
0.280000 0 0
0.350000 0 0
0.420000 0 0
0.490000 0 0
0.560000 0 0
0.630000 0 0
0.700000 0 0
0.770000 57 49
0.840000 57 49
0.910000 57 49
0.980000 69 55
1.050000 69 55
1.120000 69 55
1.190000 69 55
1.260000 69 55
1.330000 69 55
1.400000 69 55
1.470000 69 55
1.540000 69 55
1.610000 69 55
1.680000 69 55
1.750000 69 55
1.820000 69 55
1.890000 69 55
1.960000 0 0
2.030000 0 0
2.100000 0 0
2.170000 0 0
2.240000 0 0
2.310000 0 0
2.380000 0 0
2.450000 0 0
2.520000 0 0
2.590000 0 0
2.660000 0 0
2.730000 57 46
2.800000 57 46
2.870000 57 46
2.940000 62 48
3.010000 62 48
3.080000 62 48
3.150000 62 48
3.220000 62 48
3.290000 62 48
3.360000 62 48
3.430000 62 48
3.500000 62 48
3.570000 62 48
3.640000 62 48
3.710000 62 48
3.780000 62 48
3.850000 0 0
3.920000 57 45
3.990000 57 45
4.060000 57 45
4.130000 57 45
4.200000 57 45
4.270000 57 45
4.340000 57 45
4.410000 57 45
4.480000 66 57
4.550000 66 57
4.620000 0 0
4.690000 0 0
4.760000 67 58
4.830000 67 58
4.900000 67 58
4.970000 67 58
5.040000 67 58
5.110000 67 58
5.180000 67 58
5.250000 0 0
5.320000 66 60
5.390000 66 60
5.460000 66 60
5.530000 66 60
5.600000 66 60
5.670000 66 60
5.740000 66 60
5.810000 66 38
5.880000 66 38
5.950000 66 38
6.020000 66 38
6.090000 66 38
6.160000 66 38
6.230000 66 38
6.300000 66 38
6.370000 66 38
6.440000 66 38
6.510000 66 38
6.580000 66 38
6.650000 66 38
6.720000 66 38
6.790000 66 38
6.860000 66 38
6.930000 66 38
7.000000 66 38
7.070000 66 38
7.140000 66 38
7.210000 66 56
7.280000 66 56
7.350000 66 56
7.420000 66 56
7.490000 66 56
7.560000 66 56
7.630000 66 56
7.700000 76 70
7.770000 66 52
7.840000 66 52
7.910000 66 52
7.980000 66 52
8.050000 66 52
8.120000 66 52
8.190000 66 52
8.260000 66 52
8.330000 66 52
8.400000 66 52
8.470000 66 52
8.540000 66 52
8.610000 66 52
8.680000 66 52
8.750000 66 52
8.820000 66 52
8.890000 66 52
8.960000 66 52
9.030000 66 52
9.100000 0 0
9.170000 71 68
9.240000 71 68
9.310000 71 68
9.380000 71 68
9.450000 71 68
9.520000 71 68
9.590000 71 68
9.660000 71 68
9.730000 61 50
9.800000 61 50
9.870000 61 50
9.940000 61 50
10.010000 61 50
10.080000 61 50
10.150000 61 50
10.220000 61 50
10.290000 61 50
10.360000 61 50
10.430000 61 50
10.500000 61 50
10.570000 61 50
10.640000 61 50
10.710000 61 50
10.780000 61 50
10.850000 61 50
10.920000 61 50
10.990000 61 50
11.060000 61 50
11.130000 64 50
11.200000 64 50
11.270000 64 50
11.340000 0 0
11.410000 66 50
11.480000 66 50
11.550000 66 50
11.620000 0 0
11.690000 67 56
11.760000 67 56
11.830000 67 56
11.900000 67 56
11.970000 67 56
12.040000 67 56
12.110000 67 56
12.180000 67 56
12.250000 67 56
12.320000 67 56
12.390000 73 63
12.460000 73 63
12.530000 73 63
12.600000 73 57
12.670000 73 57
12.740000 73 57
12.810000 73 57
12.880000 73 57
12.950000 73 57
13.020000 0 0
13.090000 71 53
13.160000 71 53
13.230000 71 53
13.300000 71 53
13.370000 71 53
13.440000 71 53
13.510000 0 0
13.580000 71 56
13.650000 0 0
13.720000 73 49
13.790000 0 0
13.860000 71 51
13.930000 71 51
14.000000 71 51
14.070000 71 51
14.140000 73 56
14.210000 73 56
14.280000 73 56
14.350000 73 56
14.420000 73 56
14.490000 73 56
14.560000 73 56
14.630000 73 56
14.700000 73 56
14.770000 73 56
14.840000 73 56
14.910000 73 56
14.980000 73 56
15.050000 73 56
15.120000 73 56
15.190000 73 56
15.260000 73 56
15.330000 0 0
15.400000 67 49
15.470000 67 49
15.540000 67 49
15.610000 0 0
15.680000 71 54
15.750000 71 54
15.820000 71 54
15.890000 71 54
15.960000 71 54
16.030000 71 54
16.100000 71 54
16.170000 71 54
16.240000 71 54
16.310000 71 54
16.380000 0 0
16.450000 66 48
16.520000 66 48
16.590000 0 0
16.660000 69 51
16.730000 69 51
16.800000 69 51
16.870000 0 0
16.940000 0 0
17.010000 0 0
17.080000 0 0
17.150000 64 45
17.220000 64 45
17.290000 64 45
17.360000 0 0
17.430000 0 0
17.500000 0 0
17.570000 0 0
17.640000 0 0
17.710000 65 49
17.780000 65 49
17.850000 65 49
17.920000 65 49
17.990000 65 49
18.060000 65 49
18.130000 65 49
18.200000 69 54
18.270000 69 54
18.340000 69 54
18.410000 69 54
18.480000 69 54
18.550000 69 54
18.620000 69 54
18.690000 69 54
18.760000 69 54
18.830000 69 54
18.900000 69 54
18.970000 69 54
19.040000 69 54
19.110000 69 54
19.180000 62 61
19.250000 62 61
19.320000 62 61
19.390000 62 61
19.460000 62 61
19.530000 62 61
19.600000 62 61
19.670000 62 54
19.740000 62 54
19.810000 62 54
19.880000 62 54
19.950000 62 54
20.020000 62 54
20.090000 62 54
20.160000 62 54
20.230000 62 54
20.300000 62 54
20.370000 62 54
20.440000 62 54
20.510000 62 54
20.580000 0 0
20.650000 67 36
20.720000 67 36
20.790000 67 36
20.860000 67 36
20.930000 67 36
21.000000 67 36
21.070000 67 36
21.140000 67 36
21.210000 67 36
21.280000 67 36
21.350000 67 36
21.420000 67 36
21.490000 67 36
21.560000 67 36
21.630000 62 54
21.700000 62 54
21.770000 62 54
21.840000 62 54
21.910000 62 54
21.980000 62 54
22.050000 62 54
22.120000 62 54
22.190000 62 54
22.260000 62 54
22.330000 62 54
22.400000 62 54
22.470000 62 54
22.540000 62 54
22.610000 66 65
22.680000 66 65
22.750000 66 65
22.820000 66 65
22.890000 65 61
22.960000 65 61
23.030000 65 61
23.100000 65 61
23.170000 0 0
23.240000 66 67
23.310000 66 67
23.380000 66 67
23.450000 66 67
23.520000 0 0
23.590000 62 50
23.660000 62 50
23.730000 62 50
23.800000 62 50
23.870000 62 50
23.940000 62 50
24.010000 62 50
24.080000 62 50
24.150000 62 50
24.220000 62 50
24.290000 62 50
24.360000 62 50
24.430000 62 50
24.500000 73 71
24.570000 73 71
24.640000 73 71
24.710000 73 71
24.780000 73 71
24.850000 73 71
24.920000 0 0
24.990000 71 66
25.060000 71 66
25.130000 71 66
25.200000 71 66
25.270000 71 66
25.340000 71 66
25.410000 74 72
25.480000 74 72
25.550000 74 72
25.620000 74 72
25.690000 74 72
25.760000 74 72
25.830000 74 72
25.900000 74 72
25.970000 74 72
26.040000 74 72
26.110000 74 72
26.180000 74 72
26.250000 74 72
26.320000 74 72
26.390000 74 72
26.460000 74 72
26.530000 74 72
26.600000 74 72
26.670000 74 72
26.740000 74 72
26.810000 0 0
26.880000 68 54
26.950000 68 54
27.020000 68 54
27.090000 68 54
27.160000 68 54
27.230000 68 54
27.300000 68 54
27.370000 69 51
27.440000 69 51
27.510000 69 51
27.580000 69 51
27.650000 0 0
27.720000 76 67
27.790000 76 67
27.860000 76 67
27.930000 76 67
28.000000 67 55
28.070000 67 55
28.140000 67 55
28.210000 67 55
28.280000 0 0
28.350000 68 50
28.420000 68 50
28.490000 68 50
28.560000 68 50
28.630000 68 50
28.700000 68 50
28.770000 68 50
28.840000 68 50
28.910000 68 50
28.980000 68 50
29.050000 68 50
29.120000 68 50
29.190000 68 50
29.260000 68 50
29.330000 69 49
29.400000 69 49
29.470000 69 49
29.540000 69 49
29.610000 69 49
29.680000 69 49
29.750000 69 49
29.820000 69 49
29.890000 69 49
29.960000 69 49
30.030000 69 49
30.100000 69 49
30.170000 69 49
30.240000 69 49
30.310000 61 46
30.380000 61 46
30.450000 61 46
30.520000 61 46
30.590000 61 46
30.660000 61 46
30.730000 61 46
30.800000 61 46
30.870000 61 46
30.940000 61 46
31.010000 61 46
31.080000 61 46
31.150000 61 46
31.220000 0 0
31.290000 69 36
31.360000 69 36
31.430000 69 36
31.500000 69 36
31.570000 69 36
31.640000 69 36
31.710000 69 36
31.780000 69 36
31.850000 69 36
31.920000 69 36
31.990000 69 36
32.060000 69 36
32.130000 69 36
32.200000 0 0
32.270000 68 47
32.340000 68 47
32.410000 68 47
32.480000 68 47
32.550000 68 47
32.620000 68 47
32.690000 68 47
32.760000 68 47
32.830000 68 47
32.900000 68 47
32.970000 68 47
33.040000 68 47
33.110000 68 47
33.180000 68 47
33.250000 61 46
33.320000 61 46
33.390000 61 46
33.460000 61 46
33.530000 61 46
33.600000 61 46
33.670000 61 46
33.740000 61 46
33.810000 61 46
33.880000 61 46
33.950000 61 46
34.020000 61 46
34.090000 61 46
34.160000 61 46
34.230000 0 0
34.300000 0 0
34.370000 0 0
34.440000 0 0
34.510000 0 0
34.580000 0 0
34.650000 0 0
34.720000 0 0
34.790000 0 0
34.860000 0 0
34.930000 0 0
35.000000 0 0
35.070000 0 0
35.140000 0 0
35.210000 0 0
35.280000 0 0
35.350000 57 41
35.420000 57 41
35.490000 57 41
35.560000 57 41
35.630000 57 41
35.700000 57 41
35.770000 57 41
35.840000 57 41
35.910000 66 56
35.980000 66 56
36.050000 0 0
36.120000 0 0
36.190000 67 58
36.260000 67 58
36.330000 67 58
36.400000 67 58
36.470000 67 58
36.540000 67 58
36.610000 67 58
36.680000 66 59
36.750000 66 59
36.820000 66 59
36.890000 66 59
36.960000 66 59
37.030000 66 59
37.100000 66 59
37.170000 0 0
37.240000 66 34
37.310000 66 34
37.380000 66 34
37.450000 66 34
37.520000 66 34
37.590000 66 34
37.660000 66 34
37.730000 66 34
37.800000 66 34
37.870000 66 34
37.940000 66 34
38.010000 66 34
38.080000 66 34
38.150000 66 34
38.220000 66 34
38.290000 66 34
38.360000 66 34
38.430000 66 34
38.500000 66 34
38.570000 66 34
38.640000 66 54
38.710000 66 54
38.780000 66 54
38.850000 66 54
38.920000 66 54
38.990000 66 54
39.060000 66 54
39.130000 76 70
39.200000 78 75
39.270000 78 75
39.340000 78 75
39.410000 78 75
39.480000 78 75
39.550000 78 75
39.620000 78 75
39.690000 78 75
39.760000 78 75
39.830000 0 0
39.900000 73 64
39.970000 73 64
40.040000 73 64
40.110000 74 72
40.180000 74 72
40.250000 74 72
40.320000 74 72
40.390000 74 72
40.460000 74 72
40.530000 71 66
40.600000 71 66
40.670000 71 66
40.740000 71 66
40.810000 71 66
40.880000 71 66
40.950000 71 66
41.020000 71 66
41.090000 0 0
41.160000 61 48
41.230000 61 48
41.300000 61 48
41.370000 61 48
41.440000 61 48
41.510000 61 48
41.580000 61 48
41.650000 61 48
41.720000 61 48
41.790000 61 48
41.860000 61 48
41.930000 61 48
42.000000 61 48
42.070000 61 48
42.140000 61 48
42.210000 61 48
42.280000 61 48
42.350000 61 48
42.420000 61 48
42.490000 61 48
42.560000 64 50
42.630000 64 50
42.700000 64 50
42.770000 0 0
42.840000 66 53
42.910000 66 53
42.980000 66 53
43.050000 67 57
43.120000 67 57
43.190000 67 57
43.260000 67 57
43.330000 67 57
43.400000 67 57
43.470000 67 57
43.540000 67 57
43.610000 67 57
43.680000 67 57
43.750000 0 0
43.820000 70 56
43.890000 70 56
43.960000 70 56
44.030000 76 70
44.100000 76 70
44.170000 76 70
44.240000 76 70
44.310000 76 70
44.380000 76 70
44.450000 0 0
44.520000 74 67
44.590000 74 67
44.660000 74 67
44.730000 74 67
44.800000 74 67
44.870000 74 67
44.940000 74 67
45.010000 0 0
45.080000 64 47
45.150000 64 47
45.220000 64 47
45.290000 64 47
45.360000 64 47
45.430000 64 47
45.500000 64 47
45.570000 64 47
45.640000 64 47
45.710000 64 47
45.780000 64 47
45.850000 64 47
45.920000 64 47
45.990000 64 47
46.060000 0 0
46.130000 0 0
46.200000 0 0
46.270000 0 0
46.340000 0 0
46.410000 0 0
46.480000 0 0
46.550000 66 56
46.620000 66 56
46.690000 66 56
46.760000 66 56
46.830000 66 56
46.900000 66 56
46.970000 66 56
47.040000 0 0
47.110000 66 61
47.180000 66 61
47.250000 66 61
47.320000 66 61
47.390000 66 61
47.460000 66 61
47.530000 66 61
47.600000 66 61
47.670000 66 61
47.740000 66 61
47.810000 66 61
47.880000 66 61
47.950000 66 61
48.020000 70 57
48.090000 70 57
48.160000 70 57
48.230000 70 57
48.300000 70 57
48.370000 70 57
48.440000 70 57
48.510000 70 57
48.580000 70 57
48.650000 70 57
48.720000 70 57
48.790000 70 57
48.860000 70 57
48.930000 70 57
49.000000 0 0
49.070000 71 57
49.140000 71 57
49.210000 71 57
49.280000 71 57
49.350000 71 57
49.420000 71 57
49.490000 71 57
49.560000 71 57
49.630000 71 57
49.700000 71 57
49.770000 71 57
49.840000 71 57
49.910000 71 57
49.980000 71 57
50.050000 0 0
50.120000 0 0
50.190000 0 0
50.260000 0 0
50.330000 0 0
50.400000 0 0
50.470000 0 0
50.540000 74 74
50.610000 74 74
50.680000 74 74
50.750000 74 74
50.820000 74 74
50.890000 74 74
50.960000 0 0
51.030000 67 41
51.100000 67 41
51.170000 67 41
51.240000 67 41
51.310000 67 41
51.380000 67 41
51.450000 67 41
51.520000 67 41
51.590000 67 41
51.660000 67 41
51.730000 67 41
51.800000 67 41
51.870000 67 41
51.940000 67 41
52.010000 67 41
52.080000 67 41
52.150000 67 41
52.220000 67 41
52.290000 67 41
52.360000 67 41
52.430000 67 41
52.500000 67 41
52.570000 67 41
52.640000 67 41
52.710000 67 41
52.780000 67 41
52.850000 67 41
52.920000 66 50
52.990000 66 50
53.060000 66 50
53.130000 66 50
53.200000 66 50
53.270000 66 50
53.340000 66 50
53.410000 66 50
53.480000 66 50
53.550000 66 50
53.620000 66 50
53.690000 66 50
53.760000 66 50
53.830000 66 50
53.900000 66 50
53.970000 66 50
54.040000 66 50
54.110000 66 50
54.180000 66 50
54.250000 66 50
54.320000 66 50
54.390000 66 50
54.460000 66 50
54.530000 66 50
54.600000 66 50
54.670000 66 50
54.740000 66 50
54.810000 0 0
54.880000 67 41
54.950000 67 41
55.020000 67 41
55.090000 67 41
55.160000 67 41
55.230000 67 41
55.300000 67 41
55.370000 67 41
55.440000 67 41
55.510000 67 41
55.580000 67 41
55.650000 67 41
55.720000 67 41
55.790000 67 41
55.860000 67 41
55.930000 67 41
56.000000 67 41
56.070000 67 41
56.140000 67 41
56.210000 67 41
56.280000 67 41
56.350000 67 41
56.420000 67 41
56.490000 67 41
56.560000 67 41
56.630000 67 41
56.700000 67 41
56.770000 71 69
56.840000 66 50
56.910000 66 50
56.980000 66 50
57.050000 66 50
57.120000 66 50
57.190000 66 50
57.260000 66 50
57.330000 66 50
57.400000 66 50
57.470000 66 50
57.540000 66 50
57.610000 66 50
57.680000 66 50
57.750000 66 50
57.820000 66 50
57.890000 66 50
57.960000 66 50
58.030000 66 50
58.100000 66 50
58.170000 66 50
58.240000 66 50
58.310000 66 50
58.380000 66 50
58.450000 66 50
58.520000 66 50
58.590000 66 50
58.660000 66 50
58.730000 0 0
58.800000 62 38
58.870000 62 38
58.940000 62 38
59.010000 62 38
59.080000 62 38
59.150000 62 38
59.220000 62 38
59.290000 62 38
59.360000 62 38
59.430000 62 38
59.500000 62 38
59.570000 62 38
59.640000 62 38
59.710000 62 38
59.780000 62 38
59.850000 62 38
59.920000 62 38
59.990000 62 38
60.060000 62 38
60.130000 62 38
60.200000 62 38
60.270000 62 38
60.340000 62 38
60.410000 62 38
60.480000 62 38
60.550000 62 38
60.620000 62 38
60.690000 66 64
60.760000 66 47
60.830000 66 47
60.900000 66 47
60.970000 66 47
61.040000 66 47
61.110000 66 47
61.180000 66 47
61.250000 66 47
61.320000 66 47
61.390000 66 47
61.460000 66 47
61.530000 66 47
61.600000 66 47
61.670000 66 47
61.740000 66 47
61.810000 66 47
61.880000 66 47
61.950000 66 47
62.020000 66 47
62.090000 66 47
62.160000 66 47
62.230000 66 47
62.300000 66 47
62.370000 66 47
62.440000 66 47
62.510000 66 47
62.580000 66 47
62.650000 0 0
62.720000 65 36
62.790000 65 36
62.860000 65 36
62.930000 65 36
63.000000 65 36
63.070000 65 36
63.140000 65 36
63.210000 65 36
63.280000 65 36
63.350000 65 36
63.420000 65 36
63.490000 65 36
63.560000 65 36
63.630000 65 36
63.700000 70 60
63.770000 70 60
63.840000 70 60
63.910000 70 60
63.980000 70 60
64.050000 70 60
64.120000 70 60
64.190000 0 0
64.260000 68 52
64.330000 68 52
64.400000 68 52
64.470000 68 52
64.540000 68 52
64.610000 68 52
64.680000 68 52
64.750000 61 44
64.820000 61 44
64.890000 61 44
64.960000 61 44
65.030000 61 44
65.100000 61 44
65.170000 61 44
65.240000 61 44
65.310000 61 44
65.380000 61 44
65.450000 61 44
65.520000 61 44
65.590000 61 44
65.660000 61 44
65.730000 61 44
65.800000 61 44
65.870000 61 44
65.940000 61 44
66.010000 61 44
66.080000 61 44
66.150000 61 44
66.220000 61 44
66.290000 61 44
66.360000 61 44
66.430000 61 44
66.500000 61 44
66.570000 61 44
66.640000 0 0
66.710000 65 34
66.780000 65 34
66.850000 65 34
66.920000 65 34
66.990000 65 34
67.060000 65 34
67.130000 65 34
67.200000 65 34
67.270000 65 34
67.340000 65 34
67.410000 65 34
67.480000 65 34
67.550000 65 34
67.620000 65 34
67.690000 65 34
67.760000 65 34
67.830000 65 34
67.900000 65 34
67.970000 65 34
68.040000 65 34
68.110000 65 34
68.180000 65 34
68.250000 65 34
68.320000 65 34
68.390000 65 34
68.460000 65 34
68.530000 65 34
68.600000 65 34
68.670000 70 34
68.740000 70 34
68.810000 70 34
68.880000 70 34
68.950000 70 34
69.020000 70 34
69.090000 70 34
69.160000 70 34
69.230000 70 34
69.300000 70 34
69.370000 70 34
69.440000 70 34
69.510000 70 34
69.580000 70 34
69.650000 70 34
69.720000 70 34
69.790000 70 34
69.860000 70 34
69.930000 70 34
70.000000 70 34
70.070000 70 34
70.140000 70 34
70.210000 70 34
70.280000 70 34
70.350000 70 47
70.420000 70 47
70.490000 70 47
70.560000 70 47
70.630000 0 0
70.700000 71 34
70.770000 71 34
70.840000 71 34
70.910000 71 34
70.980000 71 34
71.050000 71 34
71.120000 71 34
71.190000 71 34
71.260000 71 34
71.330000 71 34
71.400000 71 34
71.470000 71 34
71.540000 71 34
71.610000 63 48
71.680000 71 46
71.750000 71 46
71.820000 71 46
71.890000 71 46
71.960000 71 46
72.030000 71 46
72.100000 71 46
72.170000 71 46
72.240000 71 46
72.310000 71 46
72.380000 71 46
72.450000 71 46
72.520000 71 46
72.590000 71 46
72.660000 71 46
72.730000 66 34
72.800000 66 34
72.870000 66 34
72.940000 66 34
73.010000 66 34
73.080000 66 34
73.150000 66 34
73.220000 66 34
73.290000 66 34
73.360000 66 34
73.430000 66 34
73.500000 66 34
73.570000 66 34
73.640000 66 34
73.710000 66 34
73.780000 66 34
73.850000 66 34
73.920000 66 34
73.990000 66 34
74.060000 66 34
74.130000 66 34
74.200000 66 34
74.270000 66 34
74.340000 66 34
74.410000 66 34
74.480000 66 34
74.550000 66 34
74.620000 66 34
74.690000 0 0
74.760000 65 34
74.830000 65 34
74.900000 65 34
74.970000 65 34
75.040000 65 34
75.110000 65 34
75.180000 65 34
75.250000 65 34
75.320000 65 34
75.390000 65 34
75.460000 65 34
75.530000 65 34
75.600000 65 34
75.670000 65 34
75.740000 65 34
75.810000 65 34
75.880000 65 34
75.950000 65 34
76.020000 65 34
76.090000 65 34
76.160000 65 34
76.230000 65 34
76.300000 65 34
76.370000 65 34
76.440000 65 34
76.510000 65 34
76.580000 65 34
76.650000 65 34
76.720000 66 44
76.790000 66 44
76.860000 66 44
76.930000 66 44
77.000000 66 44
77.070000 66 44
77.140000 66 44
77.210000 66 44
77.280000 66 44
77.350000 66 44
77.420000 66 44
77.490000 66 44
77.560000 66 44
77.630000 66 44
77.700000 0 0
77.770000 62 44
77.840000 62 44
77.910000 62 44
77.980000 62 44
78.050000 62 44
78.120000 62 44
78.190000 62 44
78.260000 62 44
78.330000 62 44
78.400000 62 44
78.470000 62 44
78.540000 62 44
78.610000 62 44
78.680000 62 40
78.750000 62 40
78.820000 62 40
78.890000 62 40
78.960000 62 40
79.030000 62 40
79.100000 62 40
79.170000 62 40
79.240000 62 40
79.310000 62 40
79.380000 62 40
79.450000 62 40
79.520000 62 40
79.590000 0 0
79.660000 61 35
79.730000 61 35
79.800000 61 35
79.870000 61 35
79.940000 61 35
80.010000 61 35
80.080000 61 35
80.150000 61 35
80.220000 61 35
80.290000 61 35
80.360000 61 35
80.430000 61 35
80.500000 61 35
80.570000 61 35
80.640000 61 44
80.710000 61 44
80.780000 61 44
80.850000 61 44
80.920000 61 44
80.990000 61 44
81.060000 61 44
81.130000 61 44
81.200000 61 44
81.270000 61 44
81.340000 61 44
81.410000 61 44
81.480000 61 44
81.550000 61 44
81.620000 61 44
81.690000 60 51
81.760000 60 51
81.830000 60 51
81.900000 60 51
81.970000 60 51
82.040000 60 51
82.110000 60 51
82.180000 60 51
82.250000 60 51
82.320000 60 51
82.390000 60 51
82.460000 60 51
82.530000 60 51
82.600000 59 47
82.670000 59 47
82.740000 59 47
82.810000 59 47
82.880000 59 47
82.950000 59 47
83.020000 59 47
83.090000 59 47
83.160000 59 47
83.230000 59 47
83.300000 59 47
83.370000 59 47
83.440000 59 47
83.510000 71 50
83.580000 61 42
83.650000 61 42
83.720000 61 42
83.790000 61 42
83.860000 61 42
83.930000 61 42
84.000000 61 42
84.070000 61 42
84.140000 61 42
84.210000 61 42
84.280000 61 42
84.350000 61 42
84.420000 61 42
84.490000 61 42
84.560000 61 42
84.630000 61 42
84.700000 61 42
84.770000 0 0
84.840000 57 32
84.910000 57 32
84.980000 57 32
85.050000 57 32
85.120000 57 32
85.190000 57 32
85.260000 57 32
85.330000 57 32
85.400000 57 32
85.470000 66 45
85.540000 66 45
85.610000 0 0
85.680000 0 0
85.750000 67 53
85.820000 67 53
85.890000 67 53
85.960000 67 53
86.030000 67 53
86.100000 67 53
86.170000 67 53
86.240000 66 48
86.310000 66 48
86.380000 66 48
86.450000 66 48
86.520000 66 48
86.590000 66 48
86.660000 66 48
86.730000 0 0
86.800000 62 30
86.870000 62 30
86.940000 62 30
87.010000 62 30
87.080000 62 30
87.150000 62 30
87.220000 62 30
87.290000 62 30
87.360000 62 30
87.430000 62 30
87.500000 62 30
87.570000 62 30
87.640000 62 30
87.710000 62 30
87.780000 62 30
87.850000 62 30
87.920000 62 30
87.990000 62 30
88.060000 62 30
88.130000 62 30
88.200000 66 47
88.270000 66 47
88.340000 66 47
88.410000 66 47
88.480000 66 47
88.550000 66 47
88.620000 66 47
88.690000 76 57
88.760000 66 49
88.830000 66 49
88.900000 66 49
88.970000 66 49
89.040000 66 49
89.110000 66 49
89.180000 66 49
89.250000 66 49
89.320000 66 49
89.390000 66 49
89.460000 66 49
89.530000 66 49
89.600000 66 49
89.670000 66 49
89.740000 66 49
89.810000 66 49
89.880000 66 49
89.950000 66 49
90.020000 66 49
90.090000 0 0
90.160000 71 52
90.230000 71 52
90.300000 71 52
90.370000 71 52
90.440000 71 52
90.510000 71 52
90.580000 71 52
90.650000 71 52
90.720000 61 42
90.790000 61 42
90.860000 61 42
90.930000 61 42
91.000000 61 42
91.070000 61 42
91.140000 61 42
91.210000 61 42
91.280000 61 42
91.350000 61 42
91.420000 61 42
91.490000 61 42
91.560000 61 42
91.630000 61 42
91.700000 61 42
91.770000 61 42
91.840000 61 42
91.910000 61 42
91.980000 61 42
92.050000 61 42
92.120000 64 42
92.190000 64 42
92.260000 64 42
92.330000 0 0
92.400000 66 42
92.470000 66 42
92.540000 66 42
92.610000 0 0
92.680000 67 47
92.750000 67 47
92.820000 67 47
92.890000 67 47
92.960000 67 47
93.030000 67 47
93.100000 67 47
93.170000 67 47
93.240000 67 47
93.310000 67 47
93.380000 69 45
93.450000 69 45
93.520000 69 45
93.590000 73 48
93.660000 73 48
93.730000 73 48
93.800000 73 48
93.870000 73 48
93.940000 73 48
94.010000 0 0
94.080000 71 45
94.150000 71 45
94.220000 71 45
94.290000 71 45
94.360000 71 45
94.430000 71 45
94.500000 0 0
94.570000 74 51
94.640000 0 0
94.710000 73 41
94.780000 0 0
94.850000 71 43
94.920000 71 43
94.990000 71 43
95.060000 71 43
95.130000 69 40
95.200000 69 40
95.270000 69 40
95.340000 69 40
95.410000 69 40
95.480000 69 40
95.550000 69 40
95.620000 69 40
95.690000 69 40
95.760000 69 40
95.830000 69 40
95.900000 69 40
95.970000 69 40
96.040000 69 40
96.110000 73 47
96.180000 73 47
96.250000 73 47
96.320000 0 0
96.390000 67 41
96.460000 67 41
96.530000 67 41
96.600000 0 0
96.670000 74 49
96.740000 74 49
96.810000 74 49
96.880000 74 49
96.950000 74 49
97.020000 74 49
97.090000 74 49
97.160000 74 49
97.230000 74 49
97.300000 74 49
97.370000 0 0
97.440000 66 40
97.510000 66 40
97.580000 0 0
97.650000 69 43
97.720000 69 43
97.790000 69 43
97.860000 0 0
97.930000 0 0
98.000000 0 0
98.070000 0 0
98.140000 64 37
98.210000 64 37
98.280000 64 37
98.350000 0 0
98.420000 0 0
98.490000 0 0
98.560000 0 0
98.630000 0 0
98.700000 65 41
98.770000 65 41
98.840000 65 41
98.910000 65 41
98.980000 65 41
99.050000 65 41
99.120000 65 41
99.190000 66 37
99.260000 66 37
99.330000 66 37
99.400000 66 37
99.470000 66 37
99.540000 66 37
99.610000 66 37
99.680000 66 37
99.750000 66 37
99.820000 66 37
99.890000 66 37
99.960000 66 37
100.030000 66 37
100.100000 66 37
100.170000 62 58
100.240000 62 58
100.310000 62 58
100.380000 62 58
100.450000 62 58
100.520000 62 58
100.590000 62 58
100.660000 0 0
100.730000 74 62
100.800000 74 62
100.870000 74 62
100.940000 74 62
101.010000 74 62
101.080000 74 62
101.150000 74 62
101.220000 74 62
101.290000 74 62
101.360000 74 62
101.430000 74 62
101.500000 74 62
101.570000 74 62
101.640000 70 58
101.710000 70 58
101.780000 70 58
101.850000 70 58
101.920000 74 62
101.990000 74 62
102.060000 74 62
102.130000 74 62
102.200000 0 0
102.270000 76 64
102.340000 76 64
102.410000 76 64
102.480000 76 64
102.550000 69 66
102.620000 69 66
102.690000 69 66
102.760000 69 66
102.830000 69 66
102.900000 69 66
102.970000 69 66
103.040000 69 66
103.110000 69 66
103.180000 69 66
103.250000 69 66
103.320000 69 66
103.390000 69 66
103.460000 0 0
103.530000 69 47
103.600000 70 39
103.670000 69 59
103.740000 69 59
103.810000 67 61
103.880000 67 61
103.950000 67 61
104.020000 67 61
104.090000 0 0
104.160000 65 58
104.230000 65 58
104.300000 65 58
104.370000 65 58
104.440000 0 0
104.510000 70 58
104.580000 70 58
104.650000 70 58
104.720000 70 58
104.790000 70 58
104.860000 70 58
104.930000 70 58
105.000000 70 58
105.070000 70 58
105.140000 70 58
105.210000 70 58
105.280000 70 58
105.350000 70 58
105.420000 67 58
105.490000 67 58
105.560000 67 58
105.630000 67 58
105.700000 70 62
105.770000 70 62
105.840000 70 62
105.910000 70 62
105.980000 0 0
106.050000 73 64
106.120000 73 64
106.190000 73 64
106.260000 73 64
106.330000 0 0
106.400000 66 66
106.470000 66 66
106.540000 66 66
106.610000 66 66
106.680000 66 66
106.750000 66 66
106.820000 66 66
106.890000 66 66
106.960000 66 66
107.030000 66 66
107.100000 66 66
107.170000 66 66
107.240000 66 66
107.310000 66 56
107.380000 66 56
107.450000 66 56
107.520000 66 56
107.590000 0 0
107.660000 62 53
107.730000 62 53
107.800000 62 53
107.870000 62 53
107.940000 62 53
108.010000 62 53
108.080000 62 53
108.150000 62 53
108.220000 62 53
108.290000 60 46
108.360000 60 46
108.430000 60 46
108.500000 60 46
108.570000 60 46
108.640000 60 46
108.710000 60 46
108.780000 60 46
108.850000 60 46
108.920000 60 46
108.990000 60 46
109.060000 60 46
109.130000 60 46
109.200000 60 46
109.270000 60 46
109.340000 60 46
109.410000 60 46
109.480000 60 46
109.550000 60 46
109.620000 60 46
109.690000 60 46
109.760000 60 46
109.830000 60 46
109.900000 60 46
109.970000 60 46
110.040000 60 46
110.110000 60 46
110.180000 60 46
110.250000 0 0
110.320000 59 46
110.390000 59 46
110.460000 59 46
110.530000 59 46
110.600000 59 46
110.670000 59 46
110.740000 59 46
110.810000 59 46
110.880000 59 46
110.950000 59 46
111.020000 59 46
111.090000 59 46
111.160000 59 46
111.230000 59 46
111.300000 59 46
111.370000 59 46
111.440000 59 46
111.510000 59 46
111.580000 59 46
111.650000 59 46
111.720000 59 46
111.790000 59 46
111.860000 0 0
111.930000 0 0
112.000000 0 0
112.070000 0 0
112.140000 0 0
112.210000 0 0
112.280000 0 0
112.350000 0 0
112.420000 0 0
112.490000 0 0
112.560000 0 0
112.630000 0 0
112.700000 0 0
112.770000 0 0
112.840000 0 0
112.910000 61 50
112.980000 61 50
113.050000 61 50
113.120000 61 50
113.190000 61 50
113.260000 61 50
113.330000 61 50
113.400000 61 50
113.470000 61 50
113.540000 61 50
113.610000 61 50
113.680000 61 50
113.750000 61 50
113.820000 61 50
113.890000 61 50
113.960000 61 50
114.030000 61 50
114.100000 61 50
114.170000 61 50
114.240000 61 50
114.310000 61 50
114.380000 61 50
114.450000 61 50
114.520000 61 50
114.590000 61 50
114.660000 61 50
114.730000 61 50
114.800000 61 50
114.870000 61 50
114.940000 61 50
115.010000 61 50
115.080000 0 0
115.150000 0 0
115.220000 0 0
115.290000 0 0
115.360000 0 0
115.430000 0 0
115.500000 0 0
115.570000 0 0
115.640000 0 0
115.710000 0 0
115.780000 0 0
115.850000 0 0
115.920000 0 0
115.990000 57 33
116.060000 57 33
116.130000 57 33
116.200000 0 0
116.270000 62 39
116.340000 62 39
116.410000 62 39
116.480000 62 39
116.550000 62 39
116.620000 62 39
116.690000 62 39
116.760000 62 39
116.830000 62 39
116.900000 62 39
116.970000 62 39
117.040000 62 39
117.110000 62 39
117.180000 62 39
117.250000 62 39
117.320000 62 39
117.390000 62 39
117.460000 0 0
117.530000 0 0
117.600000 0 0
117.670000 0 0
117.740000 0 0
117.810000 0 0
117.880000 0 0
117.950000 0 0
118.020000 0 0
118.090000 0 0
118.160000 0 0
118.230000 0 0
118.300000 0 0
118.370000 0 0
118.440000 57 33
118.510000 57 33
118.580000 57 33
118.650000 57 33
118.720000 62 39
118.790000 62 39
118.860000 62 39
118.930000 62 39
119.000000 62 39
119.070000 62 39
119.140000 62 39
119.210000 62 39
119.280000 62 39
119.350000 62 39
119.420000 62 39
119.490000 62 39
119.560000 62 39
119.630000 62 39
119.700000 62 39
119.770000 62 39
119.840000 62 39
119.910000 62 39
119.980000 62 39
120.050000 62 39
120.120000 66 33
120.190000 66 33
120.260000 66 33
120.330000 66 33
120.400000 66 33
120.470000 66 33
120.540000 66 33
120.610000 66 33
120.680000 66 33
120.750000 66 33
120.820000 66 33
120.890000 66 33
120.960000 66 33
121.030000 66 33
121.100000 66 33
121.170000 66 33
121.240000 66 33
121.310000 66 33
121.380000 66 33
121.450000 66 33
121.520000 66 33
121.590000 66 33
121.660000 66 33
121.730000 66 33
121.800000 66 33
121.870000 66 33
121.940000 66 33
122.010000 66 33
122.080000 66 33
122.150000 66 33
122.220000 66 33
122.290000 66 33
122.360000 66 33
122.430000 66 33
122.500000 0 0
122.570000 86 37
122.640000 86 37
122.710000 86 37
122.780000 86 37
122.850000 86 37
122.920000 86 37
122.990000 86 37
123.060000 86 37
123.130000 86 37
123.200000 86 37
123.270000 86 37
123.340000 86 37
123.410000 86 37
123.480000 86 37
123.550000 86 37
123.620000 86 37
123.690000 86 37
123.760000 86 37
123.830000 86 37
123.900000 86 37
123.970000 86 37
124.040000 86 37
124.110000 86 37
124.180000 86 37
124.250000 86 37
124.320000 86 37
124.390000 86 37
124.460000 86 37
124.530000 86 37
124.600000 86 37
124.670000 86 37
124.740000 86 37
124.810000 86 37
124.880000 86 37
124.950000 0 0
# Piano left
0.000000 38 53
0.070000 38 53
0.140000 38 53
0.210000 38 53
0.280000 38 53
0.350000 38 53
0.420000 38 53
0.490000 38 53
0.560000 38 53
0.630000 38 53
0.700000 38 53
0.770000 38 53
0.840000 38 53
0.910000 38 53
0.980000 38 53
1.050000 38 53
1.120000 38 53
1.190000 38 53
1.260000 38 53
1.330000 38 53
1.400000 0 0
1.470000 33 51
1.540000 33 51
1.610000 33 51
1.680000 33 51
1.750000 33 51
1.820000 33 51
1.890000 33 51
1.960000 38 54
2.030000 38 54
2.100000 38 54
2.170000 38 54
2.240000 38 54
2.310000 38 54
2.380000 38 54
2.450000 38 54
2.520000 38 54
2.590000 38 54
2.660000 38 54
2.730000 38 54
2.800000 38 54
2.870000 38 54
2.940000 38 54
3.010000 38 54
3.080000 38 54
3.150000 38 54
3.220000 38 54
3.290000 38 54
3.360000 0 0
3.430000 33 49
3.500000 33 49
3.570000 33 49
3.640000 33 49
3.710000 33 49
3.780000 33 49
3.850000 33 49
3.920000 50 44
3.990000 50 44
4.060000 50 44
4.130000 50 44
4.200000 50 44
4.270000 50 44
4.340000 50 44
4.410000 50 44
4.480000 50 44
4.550000 50 44
4.620000 50 44
4.690000 50 44
4.760000 57 45
4.830000 57 45
4.900000 57 45
4.970000 57 45
5.040000 57 45
5.110000 57 45
5.180000 57 45
5.250000 0 0
5.320000 45 45
5.390000 45 45
5.460000 45 45
5.530000 45 45
5.600000 45 45
5.670000 45 45
5.740000 45 45
5.810000 50 39
5.880000 50 39
5.950000 50 39
6.020000 50 39
6.090000 50 39
6.160000 50 39
6.230000 50 39
6.300000 50 39
6.370000 50 39
6.440000 50 39
6.510000 50 39
6.580000 50 39
6.650000 0 0
6.720000 57 50
6.790000 57 50
6.860000 57 50
6.930000 57 50
7.000000 57 50
7.070000 57 50
7.140000 57 50
7.210000 45 46
7.280000 45 46
7.350000 45 46
7.420000 45 46
7.490000 45 46
7.560000 45 46
7.630000 45 46
7.700000 0 0
7.770000 50 49
7.840000 50 49
7.910000 50 49
7.980000 50 49
8.050000 50 49
8.120000 50 49
8.190000 50 49
8.260000 50 49
8.330000 50 49
8.400000 50 49
8.470000 50 49
8.540000 50 49
8.610000 0 0
8.680000 57 46
8.750000 57 46
8.820000 57 46
8.890000 57 46
8.960000 57 46
9.030000 57 46
9.100000 0 0
9.170000 51 45
9.240000 51 45
9.310000 51 45
9.380000 51 45
9.450000 51 45
9.520000 51 45
9.590000 51 45
9.660000 51 45
9.730000 52 45
9.800000 52 45
9.870000 52 45
9.940000 52 45
10.010000 52 45
10.080000 52 45
10.150000 52 45
10.220000 52 45
10.290000 52 45
10.360000 52 45
10.430000 52 45
10.500000 52 45
10.570000 52 45
10.640000 57 47
10.710000 57 47
10.780000 57 47
10.850000 57 47
10.920000 57 47
10.990000 57 47
11.060000 0 0
11.130000 45 45
11.200000 45 45
11.270000 45 45
11.340000 45 45
11.410000 45 45
11.480000 45 45
11.550000 45 45
11.620000 0 0
11.690000 49 45
11.760000 49 45
11.830000 49 45
11.900000 49 45
11.970000 49 45
12.040000 49 45
12.110000 49 45
12.180000 49 45
12.250000 49 45
12.320000 49 45
12.390000 49 45
12.460000 49 45
12.530000 49 45
12.600000 57 52
12.670000 57 52
12.740000 57 52
12.810000 57 52
12.880000 57 52
12.950000 57 52
13.020000 0 0
13.090000 45 45
13.160000 45 45
13.230000 45 45
13.300000 45 45
13.370000 45 45
13.440000 45 45
13.510000 0 0
13.580000 52 45
13.650000 52 45
13.720000 52 45
13.790000 52 45
13.860000 52 45
13.930000 52 45
14.000000 52 45
14.070000 52 45
14.140000 52 45
14.210000 52 45
14.280000 52 45
14.350000 52 45
14.420000 52 45
14.490000 52 45
14.560000 0 0
14.630000 57 52
14.700000 57 52
14.770000 57 52
14.840000 57 52
14.910000 57 52
14.980000 57 52
15.050000 57 52
15.120000 45 45
15.190000 45 45
15.260000 45 45
15.330000 45 45
15.400000 45 45
15.470000 45 45
15.540000 45 45
15.610000 0 0
15.680000 49 45
15.750000 49 45
15.820000 49 45
15.890000 49 45
15.960000 49 45
16.030000 49 45
16.100000 49 45
16.170000 49 45
16.240000 49 45
16.310000 49 45
16.380000 49 45
16.450000 49 45
16.520000 49 45
16.590000 49 45
16.660000 57 52
16.730000 57 52
16.800000 57 52
16.870000 57 52
16.940000 57 52
17.010000 57 52
17.080000 57 52
17.150000 45 45
17.220000 45 45
17.290000 45 45
17.360000 45 45
17.430000 45 45
17.500000 45 45
17.570000 45 45
17.640000 0 0
17.710000 50 49
17.780000 50 49
17.850000 50 49
17.920000 50 49
17.990000 50 49
18.060000 50 49
18.130000 50 49
18.200000 50 49
18.270000 50 49
18.340000 50 49
18.410000 50 49
18.480000 50 49
18.550000 50 49
18.620000 50 49
18.690000 57 48
18.760000 57 48
18.830000 57 48
18.900000 57 48
18.970000 57 48
19.040000 57 48
19.110000 57 48
19.180000 57 48
19.250000 57 48
19.320000 57 48
19.390000 57 48
19.460000 57 48
19.530000 57 48
19.600000 57 48
19.670000 47 52
19.740000 47 52
19.810000 47 52
19.880000 47 52
19.950000 47 52
20.020000 47 52
20.090000 47 52
20.160000 47 52
20.230000 47 52
20.300000 47 52
20.370000 47 52
20.440000 47 52
20.510000 47 52
20.580000 0 0
20.650000 47 31
20.720000 47 31
20.790000 47 31
20.860000 47 31
20.930000 47 31
21.000000 47 31
21.070000 47 31
21.140000 47 31
21.210000 47 31
21.280000 47 31
21.350000 47 31
21.420000 47 31
21.490000 47 31
21.560000 47 31
21.630000 47 48
21.700000 47 48
21.770000 47 48
21.840000 47 48
21.910000 47 48
21.980000 47 48
22.050000 47 48
22.120000 47 48
22.190000 47 48
22.260000 47 48
22.330000 54 44
22.400000 54 44
22.470000 54 44
22.540000 0 0
22.610000 62 49
22.680000 62 49
22.750000 62 49
22.820000 62 49
22.890000 62 49
22.960000 62 49
23.030000 0 0
23.100000 54 41
23.170000 54 41
23.240000 54 41
23.310000 54 41
23.380000 54 41
23.450000 54 41
23.520000 54 41
23.590000 47 51
23.660000 47 51
23.730000 47 51
23.800000 47 51
23.870000 47 51
23.940000 47 51
24.010000 47 51
24.080000 47 51
24.150000 47 51
24.220000 0 0
24.290000 55 42
24.360000 55 42
24.430000 55 42
24.500000 62 46
24.570000 62 46
24.640000 62 46
24.710000 62 46
24.780000 62 46
24.850000 62 46
24.920000 0 0
24.990000 55 45
25.060000 55 45
25.130000 55 45
25.200000 55 45
25.270000 55 45
25.340000 55 45
25.410000 47 49
25.480000 47 49
25.550000 47 49
25.620000 47 49
25.690000 0 0
25.760000 53 45
25.830000 53 45
25.900000 53 45
25.970000 53 45
26.040000 54 45
26.110000 54 45
26.180000 54 45
26.250000 54 45
26.320000 0 0
26.390000 59 51
26.460000 59 51
26.530000 59 51
26.600000 59 51
26.670000 59 51
26.740000 59 51
26.810000 0 0
26.880000 62 52
26.950000 62 52
27.020000 62 52
27.090000 62 52
27.160000 62 52
27.230000 62 52
27.300000 62 52
27.370000 61 56
27.440000 61 56
27.510000 61 56
27.580000 61 56
27.650000 61 56
27.720000 61 56
27.790000 61 56
27.860000 61 56
27.930000 0 0
28.000000 58 51
28.070000 58 51
28.140000 58 51
28.210000 58 51
28.280000 0 0
28.350000 59 52
28.420000 59 52
28.490000 59 52
28.560000 59 52
28.630000 59 52
28.700000 59 52
28.770000 59 52
28.840000 62 47
28.910000 62 47
28.980000 62 47
29.050000 62 47
29.120000 62 47
29.190000 62 47
29.260000 62 47
29.330000 61 50
29.400000 61 50
29.470000 61 50
29.540000 61 50
29.610000 61 50
29.680000 61 50
29.750000 61 50
29.820000 61 50
29.890000 61 50
29.960000 61 50
30.030000 61 50
30.100000 61 50
30.170000 61 50
30.240000 61 50
30.310000 54 48
30.380000 54 48
30.450000 54 48
30.520000 54 48
30.590000 54 48
30.660000 54 48
30.730000 54 48
30.800000 54 48
30.870000 54 48
30.940000 54 48
31.010000 54 48
31.080000 54 48
31.150000 54 48
31.220000 0 0
31.290000 47 36
31.360000 47 36
31.430000 47 36
31.500000 47 36
31.570000 47 36
31.640000 47 36
31.710000 47 36
31.780000 47 36
31.850000 47 36
31.920000 47 36
31.990000 47 36
32.060000 47 36
32.130000 47 36
32.200000 0 0
32.270000 40 49
32.340000 40 49
32.410000 40 49
32.480000 40 49
32.550000 40 49
32.620000 40 49
32.690000 40 49
32.760000 52 42
32.830000 52 42
32.900000 52 42
32.970000 52 42
33.040000 52 42
33.110000 52 42
33.180000 52 42
33.250000 45 47
33.320000 45 47
33.390000 45 47
33.460000 45 47
33.530000 0 0
33.600000 56 45
33.670000 56 45
33.740000 56 45
33.810000 56 45
33.880000 0 0
33.950000 57 43
34.020000 57 43
34.090000 57 43
34.160000 57 43
34.230000 59 39
34.300000 59 39
34.370000 59 39
34.440000 59 39
34.510000 59 39
34.580000 59 39
34.650000 59 39
34.720000 0 0
34.790000 57 42
34.860000 57 42
34.930000 57 42
35.000000 57 42
35.070000 57 42
35.140000 57 42
35.210000 57 42
35.280000 57 42
35.350000 50 39
35.420000 50 39
35.490000 50 39
35.560000 50 39
35.630000 50 39
35.700000 50 39
35.770000 50 39
35.840000 50 39
35.910000 50 39
35.980000 50 39
36.050000 50 39
36.120000 50 39
36.190000 57 44
36.260000 57 44
36.330000 57 44
36.400000 57 44
36.470000 57 44
36.540000 57 44
36.610000 57 44
36.680000 45 42
36.750000 45 42
36.820000 45 42
36.890000 45 42
36.960000 45 42
37.030000 45 42
37.100000 45 42
37.170000 0 0
37.240000 50 35
37.310000 50 35
37.380000 50 35
37.450000 50 35
37.520000 50 35
37.590000 50 35
37.660000 50 35
37.730000 50 35
37.800000 50 35
37.870000 50 35
37.940000 50 35
38.010000 50 35
38.080000 0 0
38.150000 57 45
38.220000 57 45
38.290000 57 45
38.360000 57 45
38.430000 57 45
38.500000 57 45
38.570000 57 45
38.640000 45 45
38.710000 45 45
38.780000 45 45
38.850000 45 45
38.920000 45 45
38.990000 45 45
39.060000 45 45
39.130000 0 0
39.200000 50 47
39.270000 50 47
39.340000 50 47
39.410000 50 47
39.480000 50 47
39.550000 50 47
39.620000 50 47
39.690000 50 47
39.760000 50 47
39.830000 50 47
39.900000 50 47
39.970000 50 47
40.040000 0 0
40.110000 57 50
40.180000 57 50
40.250000 57 50
40.320000 57 50
40.390000 57 50
40.460000 57 50
40.530000 51 44
40.600000 51 44
40.670000 51 44
40.740000 51 44
40.810000 51 44
40.880000 51 44
40.950000 51 44
41.020000 51 44
41.090000 0 0
41.160000 52 44
41.230000 52 44
41.300000 52 44
41.370000 52 44
41.440000 52 44
41.510000 52 44
41.580000 52 44
41.650000 52 44
41.720000 52 44
41.790000 52 44
41.860000 52 44
41.930000 52 44
42.000000 52 44
42.070000 59 45
42.140000 59 45
42.210000 59 45
42.280000 59 45
42.350000 59 45
42.420000 59 45
42.490000 0 0
42.560000 55 44
42.630000 55 44
42.700000 55 44
42.770000 0 0
42.840000 52 39
42.910000 52 39
42.980000 52 39
43.050000 49 44
43.120000 49 44
43.190000 49 44
43.260000 49 44
43.330000 49 44
43.400000 49 44
43.470000 49 44
43.540000 49 44
43.610000 49 44
43.680000 49 44
43.750000 0 0
43.820000 59 45
43.890000 59 45
43.960000 59 45
44.030000 67 50
44.100000 67 50
44.170000 67 50
44.240000 67 50
44.310000 67 50
44.380000 67 50
44.450000 0 0
44.520000 59 44
44.590000 59 44
44.660000 59 44
44.730000 59 44
44.800000 59 44
44.870000 59 44
44.940000 59 44
45.010000 0 0
45.080000 42 44
45.150000 42 44
45.220000 42 44
45.290000 42 44
45.360000 42 44
45.430000 42 44
45.500000 42 44
45.570000 42 44
45.640000 42 44
45.710000 42 44
45.780000 42 44
45.850000 42 44
45.920000 42 44
45.990000 42 44
46.060000 54 47
46.130000 54 47
46.200000 54 47
46.270000 54 47
46.340000 54 47
46.410000 54 47
46.480000 0 0
46.550000 64 49
46.620000 64 49
46.690000 64 49
46.760000 0 0
46.830000 57 44
46.900000 57 44
46.970000 57 44
47.040000 0 0
47.110000 58 51
47.180000 58 51
47.250000 58 51
47.320000 58 51
47.390000 58 51
47.460000 58 51
47.530000 58 51
47.600000 58 51
47.670000 58 51
47.740000 58 51
47.810000 58 51
47.880000 58 51
47.950000 58 51
48.020000 54 48
48.090000 54 48
48.160000 54 48
48.230000 54 48
48.300000 54 48
48.370000 54 48
48.440000 54 48
48.510000 54 48
48.580000 54 48
48.650000 54 48
48.720000 54 48
48.790000 54 48
48.860000 54 48
48.930000 54 48
49.000000 0 0
49.070000 47 50
49.140000 47 50
49.210000 47 50
49.280000 47 50
49.350000 47 50
49.420000 47 50
49.490000 47 50
49.560000 47 50
49.630000 47 50
49.700000 47 50
49.770000 47 50
49.840000 47 50
49.910000 47 50
49.980000 47 50
50.050000 47 50
50.120000 47 50
50.190000 47 50
50.260000 47 50
50.330000 47 50
50.400000 47 50
50.470000 47 50
50.540000 47 50
50.610000 47 50
50.680000 47 50
50.750000 47 50
50.820000 47 50
50.890000 47 50
50.960000 0 0
51.030000 47 51
51.100000 47 51
51.170000 47 51
51.240000 47 51
51.310000 47 51
51.380000 47 51
51.450000 47 51
51.520000 47 51
51.590000 47 51
51.660000 47 51
51.730000 47 51
51.800000 47 51
51.870000 47 51
51.940000 47 51
52.010000 47 51
52.080000 47 51
52.150000 47 51
52.220000 47 51
52.290000 47 51
52.360000 47 51
52.430000 47 51
52.500000 47 51
52.570000 47 51
52.640000 47 51
52.710000 47 51
52.780000 47 51
52.850000 47 51
52.920000 47 49
52.990000 47 49
53.060000 47 49
53.130000 47 49
53.200000 47 49
53.270000 47 49
53.340000 47 49
53.410000 47 49
53.480000 47 49
53.550000 47 49
53.620000 47 49
53.690000 47 49
53.760000 47 49
53.830000 47 49
53.900000 47 49
53.970000 47 49
54.040000 47 49
54.110000 47 49
54.180000 47 49
54.250000 47 49
54.320000 47 49
54.390000 47 49
54.460000 47 49
54.530000 47 49
54.600000 47 49
54.670000 47 49
54.740000 47 49
54.810000 0 0
54.880000 47 51
54.950000 47 51
55.020000 47 51
55.090000 47 51
55.160000 47 51
55.230000 47 51
55.300000 47 51
55.370000 47 51
55.440000 47 51
55.510000 47 51
55.580000 47 51
55.650000 47 51
55.720000 47 51
55.790000 47 51
55.860000 47 51
55.930000 47 51
56.000000 47 51
56.070000 47 51
56.140000 47 51
56.210000 47 51
56.280000 47 51
56.350000 47 51
56.420000 47 51
56.490000 47 51
56.560000 47 51
56.630000 47 51
56.700000 47 51
56.770000 55 47
56.840000 47 49
56.910000 47 49
56.980000 47 49
57.050000 47 49
57.120000 47 49
57.190000 47 49
57.260000 47 49
57.330000 47 49
57.400000 47 49
57.470000 47 49
57.540000 47 49
57.610000 47 49
57.680000 47 49
57.750000 47 49
57.820000 47 49
57.890000 47 49
57.960000 47 49
58.030000 47 49
58.100000 47 49
58.170000 47 49
58.240000 47 49
58.310000 47 49
58.380000 47 49
58.450000 47 49
58.520000 47 49
58.590000 47 49
58.660000 47 49
58.730000 0 0
58.800000 44 48
58.870000 44 48
58.940000 44 48
59.010000 44 48
59.080000 44 48
59.150000 44 48
59.220000 44 48
59.290000 44 48
59.360000 44 48
59.430000 44 48
59.500000 44 48
59.570000 44 48
59.640000 44 48
59.710000 44 48
59.780000 44 48
59.850000 44 48
59.920000 44 48
59.990000 44 48
60.060000 44 48
60.130000 44 48
60.200000 44 48
60.270000 44 48
60.340000 44 48
60.410000 44 48
60.480000 44 48
60.550000 44 48
60.620000 44 48
60.690000 56 40
60.760000 37 46
60.830000 37 46
60.900000 37 46
60.970000 37 46
61.040000 0 0
61.110000 48 42
61.180000 48 42
61.250000 48 42
61.320000 48 42
61.390000 49 41
61.460000 49 41
61.530000 49 41
61.600000 49 41
61.670000 0 0
61.740000 51 39
61.810000 51 39
61.880000 51 39
61.950000 51 39
62.020000 51 39
62.090000 51 39
62.160000 51 39
62.230000 49 43
62.300000 49 43
62.370000 49 43
62.440000 49 43
62.510000 49 43
62.580000 49 43
62.650000 0 0
62.720000 49 45
62.790000 49 45
62.860000 49 45
62.930000 49 45
63.000000 49 45
63.070000 49 45
63.140000 49 45
63.210000 49 45
63.280000 49 45
63.350000 49 45
63.420000 49 45
63.490000 49 45
63.560000 49 45
63.630000 49 45
63.700000 49 45
63.770000 49 45
63.840000 49 45
63.910000 49 45
63.980000 49 45
64.050000 49 45
64.120000 49 45
64.190000 49 45
64.260000 49 45
64.330000 49 45
64.400000 49 45
64.470000 49 45
64.540000 49 45
64.610000 49 45
64.680000 59 35
64.750000 42 41
64.820000 42 41
64.890000 42 41
64.960000 42 41
65.030000 42 41
65.100000 42 41
65.170000 42 41
65.240000 42 41
65.310000 42 41
65.380000 42 41
65.450000 42 41
65.520000 42 41
65.590000 42 41
65.660000 42 41
65.730000 42 41
65.800000 42 41
65.870000 42 41
65.940000 42 41
66.010000 42 41
66.080000 42 41
66.150000 42 41
66.220000 42 41
66.290000 42 41
66.360000 42 41
66.430000 42 41
66.500000 42 41
66.570000 42 41
66.640000 0 0
66.710000 42 45
66.780000 42 45
66.850000 42 45
66.920000 42 45
66.990000 42 45
67.060000 42 45
67.130000 42 45
67.200000 42 45
67.270000 42 45
67.340000 42 45
67.410000 42 45
67.480000 42 45
67.550000 42 45
67.620000 42 45
67.690000 42 45
67.760000 42 45
67.830000 42 45
67.900000 42 45
67.970000 42 45
68.040000 42 45
68.110000 59 38
68.180000 54 33
68.250000 54 33
68.320000 54 33
68.390000 54 33
68.460000 54 33
68.530000 54 33
68.600000 54 33
68.670000 42 45
68.740000 42 45
68.810000 42 45
68.880000 42 45
68.950000 42 45
69.020000 42 45
69.090000 42 45
69.160000 42 45
69.230000 42 45
69.300000 42 45
69.370000 42 45
69.440000 42 45
69.510000 42 45
69.580000 42 45
69.650000 42 45
69.720000 42 45
69.790000 42 45
69.860000 42 45
69.930000 42 45
70.000000 42 45
70.070000 42 45
70.140000 0 0
70.210000 49 33
70.280000 49 33
70.350000 49 33
70.420000 49 33
70.490000 49 33
70.560000 49 33
70.630000 49 33
70.700000 42 45
70.770000 42 45
70.840000 42 45
70.910000 42 45
70.980000 42 45
71.050000 42 45
71.120000 42 45
71.190000 42 45
71.260000 42 45
71.330000 42 45
71.400000 42 45
71.470000 42 45
71.540000 42 45
71.610000 42 45
71.680000 42 45
71.750000 42 45
71.820000 42 45
71.890000 42 45
71.960000 42 45
72.030000 42 45
72.100000 42 45
72.170000 0 0
72.240000 49 33
72.310000 49 33
72.380000 49 33
72.450000 49 33
72.520000 49 33
72.590000 49 33
72.660000 49 33
72.730000 42 45
72.800000 42 45
72.870000 42 45
72.940000 42 45
73.010000 42 45
73.080000 42 45
73.150000 42 45
73.220000 42 45
73.290000 42 45
73.360000 42 45
73.430000 42 45
73.500000 42 45
73.570000 42 45
73.640000 42 45
73.710000 42 45
73.780000 42 45
73.850000 42 45
73.920000 42 45
73.990000 42 45
74.060000 42 45
74.130000 0 0
74.200000 54 33
74.270000 54 33
74.340000 54 33
74.410000 54 33
74.480000 54 33
74.550000 54 33
74.620000 54 33
74.690000 0 0
74.760000 42 45
74.830000 42 45
74.900000 42 45
74.970000 42 45
75.040000 42 45
75.110000 42 45
75.180000 42 45
75.250000 42 45
75.320000 42 45
75.390000 42 45
75.460000 42 45
75.530000 42 45
75.600000 42 45
75.670000 42 45
75.740000 42 45
75.810000 42 45
75.880000 42 45
75.950000 42 45
76.020000 42 45
76.090000 42 45
76.160000 59 38
76.230000 54 33
76.300000 54 33
76.370000 54 33
76.440000 54 33
76.510000 54 33
76.580000 54 33
76.650000 54 33
76.720000 42 45
76.790000 42 45
76.860000 42 45
76.930000 42 45
77.000000 42 45
77.070000 42 45
77.140000 42 45
77.210000 42 45
77.280000 42 45
77.350000 42 45
77.420000 42 45
77.490000 42 45
77.560000 42 45
77.630000 42 45
77.700000 0 0
77.770000 50 35
77.840000 50 35
77.910000 50 35
77.980000 50 35
78.050000 50 35
78.120000 50 35
78.190000 50 35
78.260000 50 35
78.330000 50 35
78.400000 50 35
78.470000 50 35
78.540000 50 35
78.610000 50 35
78.680000 55 38
78.750000 55 38
78.820000 55 38
78.890000 55 38
78.960000 55 38
79.030000 55 38
79.100000 55 38
79.170000 55 38
79.240000 55 38
79.310000 55 38
79.380000 55 38
79.450000 55 38
79.520000 55 38
79.590000 0 0
79.660000 49 35
79.730000 49 35
79.800000 49 35
79.870000 49 35
79.940000 49 35
80.010000 49 35
80.080000 49 35
80.150000 49 35
80.220000 49 35
80.290000 49 35
80.360000 49 35
80.430000 49 35
80.500000 49 35
80.570000 49 35
80.640000 54 37
80.710000 54 37
80.780000 54 37
80.850000 54 37
80.920000 54 37
80.990000 54 37
81.060000 54 37
81.130000 54 37
81.200000 54 37
81.270000 54 37
81.340000 54 37
81.410000 54 37
81.480000 54 37
81.550000 54 37
81.620000 54 37
81.690000 47 35
81.760000 47 35
81.830000 47 35
81.900000 47 35
81.970000 47 35
82.040000 47 35
82.110000 47 35
82.180000 47 35
82.250000 47 35
82.320000 47 35
82.390000 47 35
82.460000 47 35
82.530000 47 35
82.600000 52 45
82.670000 52 45
82.740000 52 45
82.810000 52 45
82.880000 52 45
82.950000 52 45
83.020000 52 45
83.090000 52 45
83.160000 52 45
83.230000 52 45
83.300000 52 45
83.370000 52 45
83.440000 52 45
83.510000 55 34
83.580000 45 35
83.650000 45 35
83.720000 45 35
83.790000 45 35
83.860000 45 35
83.930000 45 35
84.000000 45 35
84.070000 45 35
84.140000 45 35
84.210000 45 35
84.280000 45 35
84.350000 45 35
84.420000 45 35
84.490000 45 35
84.560000 45 35
84.630000 45 35
84.700000 45 35
84.770000 0 0
84.840000 38 28
84.910000 38 28
84.980000 38 28
85.050000 38 28
85.120000 38 28
85.190000 38 28
85.260000 38 28
85.330000 38 28
85.400000 38 28
85.470000 38 28
85.540000 38 28
85.610000 38 28
85.680000 38 28
85.750000 57 36
85.820000 57 36
85.890000 57 36
85.960000 57 36
86.030000 57 36
86.100000 57 36
86.170000 57 36
86.240000 45 35
86.310000 45 35
86.380000 45 35
86.450000 45 35
86.520000 45 35
86.590000 45 35
86.660000 45 35
86.730000 0 0
86.800000 38 28
86.870000 38 28
86.940000 38 28
87.010000 38 28
87.080000 38 28
87.150000 38 28
87.220000 38 28
87.290000 38 28
87.360000 38 28
87.430000 38 28
87.500000 38 28
87.570000 38 28
87.640000 56 33
87.710000 57 39
87.780000 57 39
87.850000 57 39
87.920000 57 39
87.990000 57 39
88.060000 57 39
88.130000 57 39
88.200000 45 37
88.270000 45 37
88.340000 45 37
88.410000 45 37
88.480000 45 37
88.550000 45 37
88.620000 45 37
88.690000 0 0
88.760000 50 38
88.830000 50 38
88.900000 50 38
88.970000 50 38
89.040000 50 38
89.110000 50 38
89.180000 50 38
89.250000 50 38
89.320000 50 38
89.390000 50 38
89.460000 50 38
89.530000 50 38
89.600000 0 0
89.670000 57 37
89.740000 57 37
89.810000 57 37
89.880000 57 37
89.950000 57 37
90.020000 57 37
90.090000 0 0
90.160000 51 36
90.230000 51 36
90.300000 51 36
90.370000 51 36
90.440000 51 36
90.510000 51 36
90.580000 51 36
90.650000 51 36
90.720000 52 36
90.790000 52 36
90.860000 52 36
90.930000 52 36
91.000000 52 36
91.070000 52 36
91.140000 52 36
91.210000 52 36
91.280000 52 36
91.350000 52 36
91.420000 52 36
91.490000 52 36
91.560000 52 36
91.630000 57 39
91.700000 57 39
91.770000 57 39
91.840000 57 39
91.910000 57 39
91.980000 57 39
92.050000 0 0
92.120000 45 36
92.190000 45 36
92.260000 45 36
92.330000 45 36
92.400000 45 36
92.470000 45 36
92.540000 45 36
92.610000 0 0
92.680000 49 36
92.750000 49 36
92.820000 49 36
92.890000 49 36
92.960000 49 36
93.030000 49 36
93.100000 49 36
93.170000 49 36
93.240000 49 36
93.310000 49 36
93.380000 49 36
93.450000 49 36
93.520000 49 36
93.590000 57 41
93.660000 57 41
93.730000 57 41
93.800000 57 41
93.870000 57 41
93.940000 57 41
94.010000 0 0
94.080000 45 36
94.150000 45 36
94.220000 45 36
94.290000 45 36
94.360000 45 36
94.430000 45 36
94.500000 0 0
94.570000 52 36
94.640000 52 36
94.710000 52 36
94.780000 52 36
94.850000 52 36
94.920000 52 36
94.990000 52 36
95.060000 52 36
95.130000 52 36
95.200000 52 36
95.270000 52 36
95.340000 52 36
95.410000 52 36
95.480000 52 36
95.550000 0 0
95.620000 57 41
95.690000 57 41
95.760000 57 41
95.830000 57 41
95.900000 57 41
95.970000 57 41
96.040000 57 41
96.110000 45 36
96.180000 45 36
96.250000 45 36
96.320000 45 36
96.390000 45 36
96.460000 45 36
96.530000 45 36
96.600000 0 0
96.670000 49 36
96.740000 49 36
96.810000 49 36
96.880000 49 36
96.950000 49 36
97.020000 49 36
97.090000 49 36
97.160000 49 36
97.230000 49 36
97.300000 49 36
97.370000 49 36
97.440000 49 36
97.510000 49 36
97.580000 49 36
97.650000 57 38
97.720000 57 38
97.790000 57 38
97.860000 57 38
97.930000 57 38
98.000000 57 38
98.070000 57 38
98.140000 45 36
98.210000 45 36
98.280000 45 36
98.350000 45 36
98.420000 45 36
98.490000 45 36
98.560000 45 36
98.630000 0 0
98.700000 50 38
98.770000 50 38
98.840000 50 38
98.910000 50 38
98.980000 50 38
99.050000 50 38
99.120000 50 38
99.190000 50 38
99.260000 50 38
99.330000 50 38
99.400000 50 38
99.470000 50 38
99.540000 50 38
99.610000 50 38
99.680000 57 39
99.750000 57 39
99.820000 57 39
99.890000 57 39
99.960000 57 39
100.030000 57 39
100.100000 57 39
100.170000 54 52
100.240000 54 52
100.310000 54 52
100.380000 0 0
100.450000 50 48
100.520000 50 48
100.590000 50 48
100.660000 0 0
100.730000 46 56
100.800000 46 56
100.870000 46 56
100.940000 46 56
101.010000 46 56
101.080000 46 56
101.150000 46 56
101.220000 46 56
101.290000 46 56
101.360000 46 56
101.430000 53 48
101.500000 53 48
101.570000 53 48
101.640000 62 60
101.710000 62 60
101.780000 62 60
101.850000 62 60
101.920000 62 60
101.990000 62 60
102.060000 0 0
102.130000 53 52
102.200000 53 52
102.270000 53 52
102.340000 53 52
102.410000 53 52
102.480000 53 52
102.550000 41 62
102.620000 41 62
102.690000 41 62
102.760000 41 62
102.830000 41 62
102.900000 41 62
102.970000 41 62
103.040000 41 62
103.110000 41 62
103.180000 41 62
103.250000 0 0
103.320000 47 48
103.390000 47 48
103.460000 47 48
103.530000 48 60
103.600000 48 60
103.670000 48 60
103.740000 48 60
103.810000 48 60
103.880000 48 60
103.950000 0 0
104.020000 57 50
104.090000 57 50
104.160000 57 50
104.230000 57 50
104.300000 57 50
104.370000 57 50
104.440000 57 50
104.510000 43 56
104.580000 43 56
104.650000 43 56
104.720000 43 56
104.790000 43 56
104.860000 43 56
104.930000 43 56
105.000000 43 56
105.070000 43 56
105.140000 43 56
105.210000 50 48
105.280000 50 48
105.350000 50 48
105.420000 58 60
105.490000 58 60
105.560000 58 60
105.630000 58 60
105.700000 58 60
105.770000 58 60
105.840000 0 0
105.910000 50 53
105.980000 50 53
106.050000 50 53
106.120000 50 53
106.190000 50 53
106.260000 50 53
106.330000 0 0
106.400000 38 62
106.470000 38 62
106.540000 38 62
106.610000 38 62
106.680000 38 62
106.750000 38 62
106.820000 38 62
106.890000 38 62
106.960000 38 62
107.030000 38 62
107.100000 38 62
107.170000 44 48
107.240000 0 0
107.310000 45 56
107.380000 45 56
107.450000 45 56
107.520000 45 56
107.590000 0 0
107.660000 58 37
107.730000 58 37
107.800000 58 37
107.870000 58 37
107.940000 57 34
108.010000 57 34
108.080000 57 34
108.150000 57 34
108.220000 0 0
108.290000 47 37
108.360000 47 37
108.430000 47 37
108.500000 47 37
108.570000 47 37
108.640000 47 37
108.710000 47 37
108.780000 47 37
108.850000 47 37
108.920000 47 37
108.990000 47 37
109.060000 47 37
109.130000 47 37
109.200000 47 37
109.270000 47 37
109.340000 47 37
109.410000 47 37
109.480000 47 37
109.550000 47 37
109.620000 47 37
109.690000 47 37
109.760000 47 37
109.830000 47 37
109.900000 47 37
109.970000 47 37
110.040000 47 37
110.110000 47 37
110.180000 47 37
110.250000 0 0
110.320000 52 37
110.390000 52 37
110.460000 52 37
110.530000 52 37
110.600000 52 37
110.670000 52 37
110.740000 52 37
110.810000 52 37
110.880000 52 37
110.950000 52 37
111.020000 52 37
111.090000 52 37
111.160000 52 37
111.230000 52 37
111.300000 52 37
111.370000 52 37
111.440000 52 37
111.510000 52 37
111.580000 52 37
111.650000 52 37
111.720000 52 37
111.790000 52 37
111.860000 0 0
111.930000 0 0
112.000000 0 0
112.070000 0 0
112.140000 0 0
112.210000 0 0
112.280000 0 0
112.350000 0 0
112.420000 0 0
112.490000 0 0
112.560000 45 43
112.630000 45 43
112.700000 45 43
112.770000 45 43
112.840000 45 43
112.910000 45 43
112.980000 45 43
113.050000 45 43
113.120000 45 43
113.190000 45 43
113.260000 45 43
113.330000 45 43
113.400000 45 43
113.470000 45 43
113.540000 45 43
113.610000 45 43
113.680000 45 43
113.750000 45 43
113.820000 45 43
113.890000 45 43
113.960000 45 43
114.030000 45 43
114.100000 45 43
114.170000 45 43
114.240000 45 43
114.310000 45 43
114.380000 45 43
114.450000 45 43
114.520000 45 43
114.590000 45 43
114.660000 45 43
114.730000 45 43
114.800000 45 43
114.870000 45 43
114.940000 45 43
115.010000 45 43
115.080000 0 0
115.150000 38 38
115.220000 38 38
115.290000 38 38
115.360000 38 38
115.430000 38 38
115.500000 38 38
115.570000 38 38
115.640000 38 38
115.710000 38 38
115.780000 38 38
115.850000 38 38
115.920000 38 38
115.990000 38 38
116.060000 38 38
116.130000 38 38
116.200000 38 38
116.270000 38 38
116.340000 38 38
116.410000 38 38
116.480000 38 38
116.550000 38 38
116.620000 38 38
116.690000 38 38
116.760000 38 38
116.830000 33 35
116.900000 33 35
116.970000 33 35
117.040000 33 35
117.110000 33 35
117.180000 33 35
117.250000 33 35
117.320000 33 35
117.390000 33 35
117.460000 38 38
117.530000 38 38
117.600000 38 38
117.670000 38 38
117.740000 38 38
117.810000 38 38
117.880000 38 38
117.950000 38 38
118.020000 38 38
118.090000 38 38
118.160000 38 38
118.230000 38 38
118.300000 38 38
118.370000 38 38
118.440000 38 38
118.510000 38 38
118.580000 38 38
118.650000 38 38
118.720000 38 38
118.790000 38 38
118.860000 38 38
118.930000 38 38
119.000000 38 38
119.070000 38 38
119.140000 38 38
119.210000 38 38
119.280000 0 0
119.350000 33 35
119.420000 33 35
119.490000 33 35
119.560000 33 35
119.630000 33 35
119.700000 33 35
119.770000 33 35
119.840000 33 35
119.910000 33 35
119.980000 33 35
120.050000 0 0
120.120000 38 25
120.190000 38 25
120.260000 38 25
120.330000 38 25
120.400000 38 25
120.470000 38 25
120.540000 38 25
120.610000 38 25
120.680000 38 25
120.750000 38 25
120.820000 38 25
120.890000 38 25
120.960000 38 25
121.030000 38 25
121.100000 38 25
121.170000 38 25
121.240000 38 25
121.310000 38 25
121.380000 38 25
121.450000 38 25
121.520000 38 25
121.590000 38 25
121.660000 38 25
121.730000 38 25
121.800000 38 25
121.870000 38 25
121.940000 38 25
122.010000 38 25
122.080000 38 25
122.150000 38 25
122.220000 38 25
122.290000 38 25
122.360000 38 25
122.430000 38 25
122.500000 0 0
122.570000 62 31
122.640000 62 31
122.710000 62 31
122.780000 62 31
122.850000 62 31
122.920000 62 31
122.990000 62 31
123.060000 62 31
123.130000 62 31
123.200000 62 31
123.270000 62 31
123.340000 62 31
123.410000 62 31
123.480000 62 31
123.550000 62 31
123.620000 62 31
123.690000 62 31
123.760000 62 31
123.830000 62 31
123.900000 62 31
123.970000 62 31
124.040000 62 31
124.110000 62 31
124.180000 62 31
124.250000 62 31
124.320000 62 31
124.390000 62 31
124.460000 62 31
124.530000 62 31
124.600000 62 31
124.670000 62 31
124.740000 62 31
124.810000 62 31
124.880000 62 31
124.950000 0 0
