"alb_esp5"

# Piano right
0.000000 0 0
0.070000 0 0
0.140000 0 0
0.210000 0 0
0.280000 0 0
0.350000 0 0
0.420000 0 0
0.490000 0 0
0.560000 0 0
0.630000 0 0
0.700000 0 0
0.770000 0 0
0.840000 0 0
0.910000 0 0
0.980000 0 0
1.050000 0 0
1.120000 0 0
1.190000 0 0
1.260000 0 0
1.330000 0 0
1.400000 0 0
1.470000 0 0
1.540000 0 0
1.610000 0 0
1.680000 0 0
1.750000 0 0
1.820000 0 0
1.890000 0 0
1.960000 0 0
2.030000 0 0
2.100000 75 52
2.170000 75 52
2.240000 75 52
2.310000 75 52
2.380000 75 52
2.450000 75 52
2.520000 75 52
2.590000 75 52
2.660000 75 52
2.730000 75 52
2.800000 0 0
2.870000 77 50
2.940000 77 50
3.010000 77 50
3.080000 0 0
3.150000 80 52
3.220000 80 52
3.290000 80 52
3.360000 80 52
3.430000 80 52
3.500000 80 52
3.570000 80 52
3.640000 77 52
3.710000 77 52
3.780000 77 52
3.850000 0 0
3.920000 75 50
3.990000 75 50
4.060000 75 50
4.130000 72 52
4.200000 72 52
4.270000 72 52
4.340000 72 52
4.410000 72 52
4.480000 72 52
4.550000 72 52
4.620000 72 49
4.690000 72 49
4.760000 72 49
4.830000 72 49
4.900000 72 49
4.970000 72 49
5.040000 72 49
5.110000 0 0
5.180000 67 47
5.250000 67 47
5.320000 67 47
5.390000 67 47
5.460000 67 47
5.530000 67 47
5.600000 67 47
5.670000 67 47
5.740000 67 47
5.810000 67 47
5.880000 67 47
5.950000 67 47
6.020000 67 47
6.090000 67 47
6.160000 0 0
6.230000 68 51
6.300000 68 51
6.370000 68 51
6.440000 68 51
6.510000 68 51
6.580000 68 51
6.650000 68 51
6.720000 68 51
6.790000 68 51
6.860000 68 51
6.930000 68 51
7.000000 68 51
7.070000 68 51
7.140000 68 51
7.210000 68 55
7.280000 68 55
7.350000 68 55
7.420000 68 55
7.490000 68 55
7.560000 68 55
7.630000 68 55
7.700000 68 55
7.770000 68 55
7.840000 68 55
7.910000 68 55
7.980000 68 55
8.050000 68 55
8.120000 68 55
8.190000 67 51
8.260000 67 51
8.330000 67 51
8.400000 67 51
8.470000 67 51
8.540000 67 51
8.610000 67 51
8.680000 67 51
8.750000 67 51
8.820000 67 51
8.890000 67 51
8.960000 67 51
9.030000 67 51
9.100000 67 51
9.170000 0 0
9.240000 67 47
9.310000 67 47
9.380000 67 47
9.450000 67 47
9.520000 67 47
9.590000 67 47
9.660000 67 47
9.730000 67 47
9.800000 67 47
9.870000 67 47
9.940000 67 47
10.010000 67 47
10.080000 67 47
10.150000 67 47
10.220000 74 64
10.290000 74 64
10.360000 74 64
10.430000 74 64
10.500000 74 64
10.570000 74 64
10.640000 74 64
10.710000 74 64
10.780000 74 64
10.850000 74 64
10.920000 0 0
10.990000 70 55
11.060000 70 55
11.130000 70 55
11.200000 0 0
11.270000 69 60
11.340000 69 60
11.410000 69 60
11.480000 69 60
11.550000 69 60
11.620000 69 60
11.690000 69 60
11.760000 69 60
11.830000 69 60
11.900000 69 60
11.970000 69 60
12.040000 69 60
12.110000 69 60
12.180000 69 60
12.250000 70 57
12.320000 70 57
12.390000 70 57
12.460000 70 57
12.530000 70 57
12.600000 70 57
12.670000 70 57
12.740000 69 51
12.810000 69 51
12.880000 69 51
12.950000 69 51
13.020000 69 51
13.090000 69 51
13.160000 69 51
13.230000 67 47
13.300000 67 47
13.370000 67 47
13.440000 67 47
13.510000 67 47
13.580000 67 47
13.650000 67 47
13.720000 67 47
13.790000 67 47
13.860000 67 47
13.930000 67 47
14.000000 67 47
14.070000 67 47
14.140000 67 47
14.210000 0 0
14.280000 70 51
14.350000 70 51
14.420000 70 51
14.490000 70 51
14.560000 70 51
14.630000 70 51
14.700000 70 51
14.770000 70 51
14.840000 70 51
14.910000 70 51
14.980000 0 0
15.050000 69 49
15.120000 69 49
15.190000 69 49
15.260000 69 49
15.330000 69 49
15.400000 69 49
15.470000 69 49
15.540000 69 49
15.610000 69 49
15.680000 69 49
15.750000 69 49
15.820000 69 49
15.890000 69 49
15.960000 69 49
16.030000 69 49
16.100000 69 49
16.170000 69 49
16.240000 0 0
16.310000 70 58
16.380000 70 58
16.450000 70 58
16.520000 68 48
16.590000 68 48
16.660000 68 48
16.730000 0 0
16.800000 75 61
16.870000 75 61
16.940000 75 61
17.010000 65 46
17.080000 65 46
17.150000 65 46
17.220000 65 46
17.290000 65 46
17.360000 65 46
17.430000 65 46
17.500000 65 46
17.570000 65 46
17.640000 65 46
17.710000 65 46
17.780000 65 46
17.850000 65 46
17.920000 65 46
17.990000 65 46
18.060000 65 46
18.130000 65 46
18.200000 65 46
18.270000 0 0
18.340000 75 52
18.410000 75 52
18.480000 75 52
18.550000 75 52
18.620000 75 52
18.690000 75 52
18.760000 75 52
18.830000 75 52
18.900000 75 52
18.970000 75 52
19.040000 0 0
19.110000 74 50
19.180000 74 50
19.250000 74 50
19.320000 0 0
19.390000 80 52
19.460000 80 52
19.530000 80 52
19.600000 80 52
19.670000 80 52
19.740000 80 52
19.810000 80 52
19.880000 77 52
19.950000 77 52
20.020000 77 52
20.090000 0 0
20.160000 75 50
20.230000 75 50
20.300000 75 50
20.370000 75 52
20.440000 75 52
20.510000 75 52
20.580000 75 52
20.650000 75 52
20.720000 75 52
20.790000 75 52
20.860000 0 0
20.930000 68 49
21.000000 68 49
21.070000 68 49
21.140000 68 49
21.210000 68 49
21.280000 68 49
21.350000 68 49
21.420000 67 47
21.490000 67 47
21.560000 67 47
21.630000 67 47
21.700000 67 47
21.770000 67 47
21.840000 67 47
21.910000 67 47
21.980000 67 47
22.050000 67 47
22.120000 67 47
22.190000 67 47
22.260000 67 47
22.330000 67 47
22.400000 0 0
22.470000 68 51
22.540000 68 51
22.610000 68 51
22.680000 68 51
22.750000 68 51
22.820000 68 51
22.890000 68 51
22.960000 68 51
23.030000 68 51
23.100000 68 51
23.170000 68 51
23.240000 68 51
23.310000 68 51
23.380000 68 51
23.450000 68 55
23.520000 68 55
23.590000 68 55
23.660000 68 55
23.730000 68 55
23.800000 68 55
23.870000 68 55
23.940000 68 55
24.010000 68 55
24.080000 68 55
24.150000 68 55
24.220000 68 55
24.290000 68 55
24.360000 68 55
24.430000 67 51
24.500000 67 51
24.570000 67 51
24.640000 67 51
24.710000 67 51
24.780000 67 51
24.850000 67 51
24.920000 67 51
24.990000 67 51
25.060000 67 51
25.130000 67 51
25.200000 67 51
25.270000 67 51
25.340000 67 51
25.410000 0 0
25.480000 70 47
25.550000 70 47
25.620000 70 47
25.690000 70 47
25.760000 70 47
25.830000 70 47
25.900000 70 47
25.970000 70 47
26.040000 70 47
26.110000 70 47
26.180000 70 47
26.250000 70 47
26.320000 70 47
26.390000 70 47
26.460000 0 0
26.530000 74 64
26.600000 74 64
26.670000 74 64
26.740000 74 64
26.810000 74 64
26.880000 74 64
26.950000 74 64
27.020000 74 64
27.090000 74 64
27.160000 74 64
27.230000 70 55
27.300000 70 55
27.370000 70 55
27.440000 0 0
27.510000 69 60
27.580000 69 60
27.650000 69 60
27.720000 69 60
27.790000 69 60
27.860000 69 60
27.930000 69 60
28.000000 69 60
28.070000 69 60
28.140000 69 60
28.210000 69 60
28.280000 69 60
28.350000 69 60
28.420000 69 60
28.490000 70 57
28.560000 70 57
28.630000 70 57
28.700000 70 57
28.770000 70 57
28.840000 70 57
28.910000 70 57
28.980000 69 51
29.050000 69 51
29.120000 69 51
29.190000 69 51
29.260000 69 51
29.330000 69 51
29.400000 69 51
29.470000 67 47
29.540000 67 47
29.610000 67 47
29.680000 67 47
29.750000 67 47
29.820000 67 47
29.890000 67 47
29.960000 67 47
30.030000 67 47
30.100000 67 47
30.170000 67 47
30.240000 67 47
30.310000 67 47
30.380000 67 47
30.450000 0 0
30.520000 65 52
30.590000 65 52
30.660000 65 52
30.730000 65 52
30.800000 65 52
30.870000 65 52
30.940000 65 52
31.010000 72 57
31.080000 72 57
31.150000 72 57
31.220000 0 0
31.290000 70 55
31.360000 70 55
31.430000 70 55
31.500000 72 60
31.570000 72 60
31.640000 72 60
31.710000 0 0
31.780000 70 47
31.850000 70 47
31.920000 70 47
31.990000 78 60
32.060000 78 60
32.130000 78 60
32.200000 0 0
32.270000 75 54
32.340000 75 54
32.410000 75 54
32.480000 69 54
32.550000 69 54
32.620000 69 54
32.690000 69 54
32.760000 69 54
32.830000 69 54
32.900000 69 54
32.970000 69 54
33.040000 69 54
33.110000 69 54
33.180000 69 54
33.250000 69 54
33.320000 69 54
33.390000 69 54
33.460000 0 0
33.530000 70 47
33.600000 70 47
33.670000 70 47
33.740000 70 47
33.810000 70 47
33.880000 70 47
33.950000 70 47
34.020000 70 47
34.090000 70 47
34.160000 70 47
34.230000 70 47
34.300000 70 47
34.370000 70 47
34.440000 70 47
34.510000 0 0
34.580000 77 52
34.650000 77 52
34.720000 77 52
34.790000 77 52
34.860000 77 52
34.930000 77 52
35.000000 77 52
35.070000 77 52
35.140000 77 52
35.210000 77 52
35.280000 0 0
35.350000 72 50
35.420000 72 50
35.490000 72 50
35.560000 75 52
35.630000 75 52
35.700000 75 52
35.770000 75 52
35.840000 75 52
35.910000 75 52
35.980000 75 52
36.050000 70 52
36.120000 70 52
36.190000 70 52
36.260000 0 0
36.330000 70 50
36.400000 70 50
36.470000 70 50
36.540000 0 0
36.610000 70 52
36.680000 70 52
36.750000 70 52
36.820000 70 52
36.890000 70 52
36.960000 70 52
37.030000 70 52
37.100000 72 49
37.170000 72 49
37.240000 72 49
37.310000 72 49
37.380000 72 49
37.450000 72 49
37.520000 72 49
37.590000 65 47
37.660000 65 47
37.730000 65 47
37.800000 65 47
37.870000 65 47
37.940000 65 47
38.010000 65 47
38.080000 65 47
38.150000 65 47
38.220000 65 47
38.290000 65 47
38.360000 65 47
38.430000 65 47
38.500000 65 47
38.570000 0 0
38.640000 80 72
38.710000 80 72
38.780000 80 72
38.850000 80 72
38.920000 80 72
38.990000 80 72
39.060000 80 72
39.130000 80 72
39.200000 80 72
39.270000 80 72
39.340000 0 0
39.410000 79 57
39.480000 79 57
39.550000 79 57
39.620000 76 63
39.690000 76 63
39.760000 76 63
39.830000 0 0
39.900000 79 56
39.970000 79 56
40.040000 79 56
40.110000 74 61
40.180000 74 61
40.250000 74 61
40.320000 0 0
40.390000 71 56
40.460000 71 56
40.530000 71 56
40.600000 0 0
40.670000 77 60
40.740000 77 60
40.810000 77 60
40.880000 75 53
40.950000 75 53
41.020000 75 53
41.090000 0 0
41.160000 68 53
41.230000 68 53
41.300000 68 53
41.370000 68 50
41.440000 68 50
41.510000 68 50
41.580000 0 0
41.650000 62 48
41.720000 62 48
41.790000 62 48
41.860000 62 48
41.930000 62 48
42.000000 62 48
42.070000 62 48
42.140000 62 48
42.210000 62 48
42.280000 62 48
42.350000 62 48
42.420000 62 48
42.490000 62 48
42.560000 62 48
42.630000 0 0
42.700000 78 57
42.770000 78 57
42.840000 78 57
42.910000 78 57
42.980000 78 57
43.050000 78 57
43.120000 78 57
43.190000 78 57
43.260000 78 57
43.330000 78 57
43.400000 0 0
43.470000 72 40
43.540000 72 40
43.610000 72 40
43.680000 72 40
43.750000 72 40
43.820000 72 40
43.890000 72 40
43.960000 72 40
44.030000 72 40
44.100000 72 40
44.170000 72 40
44.240000 72 40
44.310000 72 40
44.380000 72 40
44.450000 72 40
44.520000 72 40
44.590000 72 40
44.660000 73 57
44.730000 73 57
44.800000 73 57
44.870000 73 57
44.940000 73 57
45.010000 73 57
45.080000 73 57
45.150000 73 57
45.220000 73 57
45.290000 73 57
45.360000 66 52
45.430000 73 52
45.500000 73 52
45.570000 73 52
45.640000 0 0
45.710000 64 39
45.780000 64 39
45.850000 64 39
45.920000 64 39
45.990000 64 39
46.060000 64 39
46.130000 64 39
46.200000 64 39
46.270000 64 39
46.340000 64 39
46.410000 64 39
46.480000 64 39
46.550000 64 39
46.620000 64 39
46.690000 68 51
46.760000 68 51
46.830000 68 51
46.900000 68 51
46.970000 68 51
47.040000 68 51
47.110000 68 51
47.180000 73 56
47.250000 73 56
47.320000 73 56
47.390000 0 0
47.460000 73 52
47.530000 73 52
47.600000 73 52
47.670000 73 55
47.740000 73 55
47.810000 73 55
47.880000 73 55
47.950000 73 55
48.020000 73 55
48.090000 73 55
48.160000 67 51
48.230000 67 51
48.300000 67 51
48.370000 67 51
48.440000 67 51
48.510000 67 51
48.580000 67 51
48.650000 0 0
48.720000 67 51
48.790000 67 51
48.860000 67 51
48.930000 68 52
49.000000 68 52
49.070000 68 52
49.140000 0 0
49.210000 67 57
49.280000 67 57
49.350000 67 57
49.420000 70 52
49.490000 70 52
49.560000 70 52
49.630000 0 0
49.700000 72 47
49.770000 72 47
49.840000 72 47
49.910000 72 47
49.980000 72 47
50.050000 72 47
50.120000 72 47
50.190000 72 47
50.260000 72 47
50.330000 72 47
50.400000 72 47
50.470000 72 47
50.540000 72 47
50.610000 72 47
50.680000 0 0
50.750000 68 69
50.820000 68 69
50.890000 68 69
50.960000 68 69
51.030000 68 69
51.100000 68 69
51.170000 68 69
51.240000 75 65
51.310000 75 65
51.380000 75 65
51.450000 77 59
51.520000 77 59
51.590000 77 59
51.660000 0 0
51.730000 73 63
51.800000 73 63
51.870000 73 63
51.940000 73 63
52.010000 73 63
52.080000 73 63
52.150000 73 63
52.220000 73 60
52.290000 73 60
52.360000 73 60
52.430000 73 60
52.500000 73 60
52.570000 73 60
52.640000 73 60
52.710000 67 65
52.780000 67 65
52.850000 67 65
52.920000 0 0
52.990000 72 60
53.060000 72 60
53.130000 72 60
53.200000 0 0
53.270000 70 70
53.340000 70 70
53.410000 70 70
53.480000 73 59
53.550000 73 59
53.620000 73 59
53.690000 0 0
53.760000 75 53
53.830000 75 53
53.900000 75 53
53.970000 75 53
54.040000 75 53
54.110000 75 53
54.180000 75 53
54.250000 75 53
54.320000 75 53
54.390000 75 53
54.460000 75 53
54.530000 75 53
54.600000 75 53
54.670000 75 53
54.740000 75 53
54.810000 68 39
54.880000 68 39
54.950000 68 39
55.020000 72 35
55.090000 72 35
55.160000 72 35
55.230000 72 35
55.300000 72 35
55.370000 72 35
55.440000 72 35
55.510000 68 31
55.580000 68 31
55.650000 68 31
55.720000 0 0
55.790000 68 39
55.860000 68 39
55.930000 68 39
56.000000 0 0
56.070000 75 42
56.140000 75 42
56.210000 75 42
56.280000 75 42
56.350000 75 42
56.420000 75 42
56.490000 75 42
56.560000 72 31
56.630000 72 31
56.700000 72 31
56.770000 0 0
56.840000 0 0
56.910000 0 0
56.980000 0 0
57.050000 68 35
57.120000 68 35
57.190000 68 35
57.260000 0 0
57.330000 0 0
57.400000 0 0
57.470000 0 0
57.540000 68 36
57.610000 68 36
57.680000 68 36
57.750000 0 0
57.820000 0 0
57.890000 0 0
57.960000 0 0
58.030000 72 36
58.100000 72 36
58.170000 72 36
58.240000 0 0
58.310000 0 0
58.380000 0 0
58.450000 0 0
58.520000 68 34
58.590000 68 34
58.660000 68 34
58.730000 0 0
58.800000 72 35
58.870000 72 35
58.940000 72 35
59.010000 68 35
59.080000 68 35
59.150000 68 35
59.220000 68 35
59.290000 68 35
59.360000 68 35
59.430000 68 35
59.500000 68 31
59.570000 68 31
59.640000 68 31
59.710000 0 0
59.780000 72 39
59.850000 72 39
59.920000 72 39
59.990000 68 35
60.060000 68 35
60.130000 68 35
60.200000 68 35
60.270000 68 35
60.340000 68 35
60.410000 0 0
60.480000 72 31
60.550000 72 31
60.620000 72 31
60.690000 0 0
60.760000 0 0
60.830000 0 0
60.900000 0 0
60.970000 75 43
61.040000 75 43
61.110000 75 43
61.180000 0 0
61.250000 0 0
61.320000 0 0
61.390000 0 0
61.460000 68 36
61.530000 68 36
61.600000 68 36
61.670000 0 0
61.740000 0 0
61.810000 0 0
61.880000 0 0
61.950000 72 36
62.020000 72 36
62.090000 72 36
62.160000 0 0
62.230000 0 0
62.300000 0 0
62.370000 0 0
62.440000 68 34
62.510000 68 34
62.580000 68 34
62.650000 0 0
62.720000 80 72
62.790000 80 72
62.860000 80 72
62.930000 80 72
63.000000 80 72
63.070000 80 72
63.140000 80 72
63.210000 80 72
63.280000 80 72
63.350000 80 72
63.420000 76 57
63.490000 76 57
63.560000 76 57
63.630000 0 0
63.700000 82 63
63.770000 82 63
63.840000 82 63
63.910000 82 63
63.980000 82 63
64.050000 82 63
64.120000 82 63
64.190000 80 61
64.260000 80 61
64.330000 80 61
64.400000 74 56
64.470000 74 56
64.540000 74 56
64.610000 0 0
64.680000 74 63
64.750000 74 63
64.820000 74 63
64.890000 74 63
64.960000 74 63
65.030000 74 63
65.100000 74 63
65.170000 67 54
65.240000 67 54
65.310000 67 54
65.380000 67 54
65.450000 67 54
65.520000 67 54
65.590000 67 54
65.660000 64 56
65.730000 64 56
65.800000 64 56
65.870000 64 56
65.940000 64 56
66.010000 64 56
66.080000 64 56
66.150000 0 0
66.220000 68 52
66.290000 68 52
66.360000 68 52
66.430000 68 52
66.500000 68 52
66.570000 68 52
66.640000 68 52
66.710000 66 50
66.780000 66 50
66.850000 66 50
66.920000 66 50
66.990000 66 50
67.060000 66 50
67.130000 66 50
67.200000 66 50
67.270000 66 50
67.340000 66 50
67.410000 66 50
67.480000 66 50
67.550000 66 50
67.620000 66 50
67.690000 71 54
67.760000 71 54
67.830000 71 54
67.900000 0 0
67.970000 76 55
68.040000 76 55
68.110000 76 55
68.180000 0 0
68.250000 78 57
68.320000 78 57
68.390000 78 57
68.460000 80 59
68.530000 80 59
68.600000 80 59
68.670000 0 0
68.740000 83 59
68.810000 83 59
68.880000 83 59
68.950000 0 0
69.020000 80 57
69.090000 80 57
69.160000 80 57
69.230000 78 55
69.300000 78 55
69.370000 78 55
69.440000 0 0
69.510000 76 53
69.580000 76 53
69.650000 76 53
69.720000 76 53
69.790000 68 42
69.860000 68 42
69.930000 68 42
70.000000 68 42
70.070000 68 42
70.140000 68 42
70.210000 68 42
70.280000 68 42
70.350000 68 42
70.420000 68 42
70.490000 68 42
70.560000 68 42
70.630000 68 42
70.700000 68 42
70.770000 68 42
70.840000 68 42
70.910000 79 52
70.980000 79 52
71.050000 79 52
71.120000 79 52
71.190000 79 52
71.260000 79 52
71.330000 79 52
71.400000 79 52
71.470000 79 52
71.540000 79 52
71.610000 0 0
71.680000 74 50
71.750000 74 50
71.820000 74 50
71.890000 0 0
71.960000 80 52
72.030000 80 52
72.100000 80 52
72.170000 80 52
72.240000 80 52
72.310000 80 52
72.380000 80 52
72.450000 0 0
72.520000 74 52
72.590000 74 52
72.660000 74 52
72.730000 75 50
72.800000 75 50
72.870000 75 50
72.940000 0 0
73.010000 72 52
73.080000 72 52
73.150000 72 52
73.220000 72 52
73.290000 72 52
73.360000 72 52
73.430000 72 52
73.500000 68 49
73.570000 68 49
73.640000 68 49
73.710000 68 49
73.780000 68 49
73.850000 68 49
73.920000 68 49
73.990000 67 47
74.060000 67 47
74.130000 67 47
74.200000 67 47
74.270000 67 47
74.340000 67 47
74.410000 67 47
74.480000 67 47
74.550000 67 47
74.620000 67 47
74.690000 67 47
74.760000 67 47
74.830000 67 47
74.900000 67 47
74.970000 0 0
75.040000 68 51
75.110000 68 51
75.180000 68 51
75.250000 68 51
75.320000 68 51
75.390000 68 51
75.460000 68 51
75.530000 68 51
75.600000 68 51
75.670000 68 51
75.740000 68 51
75.810000 68 51
75.880000 68 51
75.950000 68 51
76.020000 68 55
76.090000 68 55
76.160000 68 55
76.230000 68 55
76.300000 68 55
76.370000 68 55
76.440000 68 55
76.510000 68 55
76.580000 68 55
76.650000 68 55
76.720000 68 55
76.790000 68 55
76.860000 68 55
76.930000 68 55
77.000000 70 51
77.070000 67 51
77.140000 67 51
77.210000 67 51
77.280000 67 51
77.350000 67 51
77.420000 67 51
77.490000 67 51
77.560000 67 51
77.630000 67 51
77.700000 67 51
77.770000 67 51
77.840000 67 51
77.910000 67 51
77.980000 67 51
78.050000 67 47
78.120000 67 47
78.190000 67 47
78.260000 67 47
78.330000 67 47
78.400000 67 47
78.470000 67 47
78.540000 67 47
78.610000 67 47
78.680000 67 47
78.750000 67 47
78.820000 67 47
78.890000 67 47
78.960000 67 47
79.030000 0 0
79.100000 74 64
79.170000 74 64
79.240000 74 64
79.310000 74 64
79.380000 74 64
79.450000 74 64
79.520000 74 64
79.590000 74 64
79.660000 74 64
79.730000 74 64
79.800000 0 0
79.870000 67 55
79.940000 67 55
80.010000 67 55
80.080000 69 60
80.150000 69 60
80.220000 69 60
80.290000 69 60
80.360000 69 60
80.430000 69 60
80.500000 69 60
80.570000 69 60
80.640000 69 60
80.710000 69 60
80.780000 69 60
80.850000 69 60
80.920000 69 60
80.990000 69 60
81.060000 0 0
81.130000 70 57
81.200000 70 57
81.270000 70 57
81.340000 70 57
81.410000 70 57
81.480000 70 57
81.550000 70 57
81.620000 69 51
81.690000 69 51
81.760000 69 51
81.830000 69 51
81.900000 69 51
81.970000 69 51
82.040000 69 51
82.110000 67 47
82.180000 67 47
82.250000 67 47
82.320000 67 47
82.390000 67 47
82.460000 67 47
82.530000 67 47
82.600000 67 47
82.670000 67 47
82.740000 67 47
82.810000 67 47
82.880000 67 47
82.950000 67 47
83.020000 67 47
83.090000 70 51
83.160000 70 51
83.230000 70 51
83.300000 70 51
83.370000 70 51
83.440000 70 51
83.510000 70 51
83.580000 70 51
83.650000 70 51
83.720000 70 51
83.790000 0 0
83.860000 69 49
83.930000 69 49
84.000000 69 49
84.070000 69 49
84.140000 69 49
84.210000 69 49
84.280000 69 49
84.350000 69 49
84.420000 69 49
84.490000 69 49
84.560000 69 49
84.630000 69 49
84.700000 69 49
84.770000 69 49
84.840000 69 49
84.910000 69 49
84.980000 69 49
85.050000 0 0
85.120000 70 58
85.190000 70 58
85.260000 70 58
85.330000 0 0
85.400000 68 48
85.470000 68 48
85.540000 68 48
85.610000 69 52
85.680000 69 52
85.750000 69 52
85.820000 0 0
85.890000 65 46
85.960000 65 46
86.030000 65 46
86.100000 65 46
86.170000 65 46
86.240000 65 46
86.310000 65 46
86.380000 65 46
86.450000 65 46
86.520000 65 46
86.590000 65 46
86.660000 65 46
86.730000 65 46
86.800000 65 46
86.870000 65 46
86.940000 65 46
87.010000 65 46
87.080000 65 46
87.150000 0 0
87.220000 79 52
87.290000 79 52
87.360000 79 52
87.430000 79 52
87.500000 79 52
87.570000 79 52
87.640000 79 52
87.710000 79 52
87.780000 79 52
87.850000 79 52
87.920000 0 0
87.990000 74 50
88.060000 74 50
88.130000 74 50
88.200000 80 52
88.270000 80 52
88.340000 80 52
88.410000 80 52
88.480000 80 52
88.550000 80 52
88.620000 80 52
88.690000 0 0
88.760000 74 52
88.830000 74 52
88.900000 74 52
88.970000 75 50
89.040000 75 50
89.110000 75 50
89.180000 0 0
89.250000 72 52
89.320000 72 52
89.390000 72 52
89.460000 72 52
89.530000 72 52
89.600000 72 52
89.670000 72 52
89.740000 68 49
89.810000 68 49
89.880000 68 49
89.950000 68 49
90.020000 68 49
90.090000 68 49
90.160000 68 49
90.230000 67 47
90.300000 67 47
90.370000 67 47
90.440000 67 47
90.510000 67 47
90.580000 67 47
90.650000 67 47
90.720000 67 47
90.790000 67 47
90.860000 67 47
90.930000 67 47
91.000000 67 47
91.070000 67 47
91.140000 67 47
91.210000 0 0
91.280000 68 51
91.350000 68 51
91.420000 68 51
91.490000 68 51
91.560000 68 51
91.630000 68 51
91.700000 68 51
91.770000 68 51
91.840000 68 51
91.910000 68 51
91.980000 68 51
92.050000 68 51
92.120000 68 51
92.190000 68 51
92.260000 68 55
92.330000 68 55
92.400000 68 55
92.470000 68 55
92.540000 68 55
92.610000 68 55
92.680000 68 55
92.750000 68 55
92.820000 68 55
92.890000 68 55
92.960000 68 55
93.030000 68 55
93.100000 68 55
93.170000 68 55
93.240000 70 51
93.310000 67 51
93.380000 67 51
93.450000 67 51
93.520000 67 51
93.590000 67 51
93.660000 67 51
93.730000 67 51
93.800000 67 51
93.870000 67 51
93.940000 67 51
94.010000 67 51
94.080000 67 51
94.150000 67 51
94.220000 67 51
94.290000 67 47
94.360000 67 47
94.430000 67 47
94.500000 67 47
94.570000 67 47
94.640000 67 47
94.710000 67 47
94.780000 67 47
94.850000 67 47
94.920000 67 47
94.990000 67 47
95.060000 67 47
95.130000 67 47
95.200000 67 47
95.270000 0 0
95.340000 67 47
95.410000 67 47
95.480000 67 47
95.550000 67 47
95.620000 67 47
95.690000 67 47
95.760000 67 47
95.830000 67 47
95.900000 67 47
95.970000 67 47
96.040000 0 0
96.110000 67 45
96.180000 67 45
96.250000 67 45
96.320000 67 47
96.390000 67 47
96.460000 67 47
96.530000 67 47
96.600000 67 47
96.670000 67 47
96.740000 67 47
96.810000 67 47
96.880000 67 47
96.950000 67 47
97.020000 67 47
97.090000 67 47
97.160000 67 47
97.230000 67 47
97.300000 0 0
97.370000 63 45
97.440000 63 45
97.510000 63 45
97.580000 63 45
97.650000 63 45
97.720000 63 45
97.790000 0 0
97.860000 71 56
97.930000 71 56
98.000000 71 56
98.070000 72 57
98.140000 72 57
98.210000 72 57
98.280000 0 0
98.350000 74 59
98.420000 74 59
98.490000 74 59
98.560000 75 56
98.630000 75 56
98.700000 75 56
98.770000 0 0
98.840000 72 47
98.910000 72 47
98.980000 72 47
99.050000 0 0
99.120000 63 38
99.190000 63 38
99.260000 63 38
99.330000 0 0
99.400000 63 44
99.470000 63 44
99.540000 63 44
99.610000 63 44
99.680000 63 44
99.750000 63 44
99.820000 63 44
99.890000 63 44
99.960000 63 44
100.030000 63 44
100.100000 65 42
100.170000 65 42
100.240000 65 42
100.310000 0 0
100.380000 63 44
100.450000 63 44
100.520000 63 44
100.590000 63 44
100.660000 63 44
100.730000 63 44
100.800000 63 44
100.870000 0 0
100.940000 62 40
101.010000 62 40
101.080000 62 40
101.150000 62 40
101.220000 62 40
101.290000 62 40
101.360000 62 40
101.430000 67 52
101.500000 67 52
101.570000 67 52
101.640000 67 52
101.710000 67 52
101.780000 67 52
101.850000 67 52
101.920000 67 52
101.990000 67 52
102.060000 67 52
102.130000 0 0
102.200000 63 42
102.270000 63 42
102.340000 63 42
102.410000 63 44
102.480000 63 44
102.550000 63 44
102.620000 63 44
102.690000 63 44
102.760000 63 44
102.830000 63 44
102.900000 0 0
102.970000 63 40
103.040000 63 40
103.110000 63 40
103.180000 63 40
103.250000 63 40
103.320000 63 40
103.390000 63 40
103.460000 60 47
103.530000 60 47
103.600000 60 47
103.670000 63 38
103.740000 63 38
103.810000 63 38
103.880000 0 0
103.950000 60 46
104.020000 60 46
104.090000 60 46
104.160000 62 37
104.230000 62 37
104.300000 62 37
104.370000 0 0
104.440000 60 42
104.510000 60 42
104.580000 60 42
104.650000 60 42
104.720000 60 42
104.790000 60 42
104.860000 60 42
104.930000 62 37
105.000000 62 37
105.070000 62 37
105.140000 62 37
105.210000 62 37
105.280000 62 37
105.350000 62 37
105.420000 0 0
105.490000 0 0
105.560000 0 0
105.630000 0 0
105.700000 0 0
105.770000 0 0
105.840000 0 0
105.910000 0 0
105.980000 0 0
106.050000 0 0
106.120000 0 0
106.190000 0 0
106.260000 0 0
106.330000 0 0
106.400000 0 0
106.470000 0 0
106.540000 0 0
106.610000 0 0
106.680000 0 0
106.750000 0 0
106.820000 0 0
106.890000 0 0
106.960000 0 0
107.030000 0 0
107.100000 0 0
107.170000 0 0
107.240000 0 0
107.310000 0 0
107.380000 0 0
107.450000 0 0
107.520000 79 42
107.590000 79 42
107.660000 79 42
107.730000 79 42
107.800000 79 42
107.870000 79 42
107.940000 79 42
108.010000 79 42
108.080000 79 42
108.150000 79 42
108.220000 0 0
108.290000 74 38
108.360000 74 38
108.430000 74 38
108.500000 0 0
108.570000 80 39
108.640000 80 39
108.710000 80 39
108.780000 80 39
108.850000 80 39
108.920000 80 39
108.990000 80 39
109.060000 74 38
109.130000 74 38
109.200000 74 38
109.270000 0 0
109.340000 75 35
109.410000 75 35
109.480000 75 35
109.550000 0 0
109.620000 72 35
109.690000 72 35
109.760000 72 35
109.830000 72 35
109.900000 72 35
109.970000 72 35
110.040000 72 35
110.110000 68 31
110.180000 68 31
110.250000 68 31
110.320000 68 31
110.390000 68 31
110.460000 68 31
110.530000 68 31
110.600000 0 0
110.670000 67 29
110.740000 67 29
110.810000 67 29
110.880000 67 29
110.950000 67 29
111.020000 67 29
111.090000 67 29
111.160000 67 29
111.230000 67 29
111.300000 67 29
111.370000 67 29
111.440000 67 29
111.510000 67 29
111.580000 67 29
111.650000 67 29
111.720000 54 25
111.790000 54 25
111.860000 54 25
111.930000 54 25
112.000000 54 25
112.070000 54 25
112.140000 54 25
112.210000 54 25
112.280000 54 25
112.350000 54 25
112.420000 54 25
112.490000 54 25
112.560000 54 25
112.630000 54 25
112.700000 54 25
112.770000 54 25
112.840000 54 25
112.910000 54 25
112.980000 54 25
113.050000 54 25
113.120000 54 25
113.190000 54 25
113.260000 54 25
113.330000 54 25
113.400000 54 25
113.470000 54 25
113.540000 54 25
113.610000 54 25
113.680000 54 25
113.750000 0 0
113.820000 87 39
113.890000 87 39
113.960000 87 39
114.030000 87 39
114.100000 87 39
114.170000 87 39
114.240000 87 39
114.310000 87 39
114.380000 87 39
114.450000 87 39
114.520000 87 39
114.590000 87 39
114.660000 87 39
114.730000 87 39
114.800000 87 39
114.870000 87 39
114.940000 87 39
115.010000 87 39
115.080000 87 39
115.150000 87 39
115.220000 87 39
115.290000 87 39
115.360000 0 0
115.430000 89 34
115.500000 91 33
115.570000 0 0
115.640000 89 33
115.710000 87 32
115.780000 84 31
115.850000 0 0
115.920000 82 31
115.990000 79 35
116.060000 79 35
116.130000 79 35
116.200000 79 35
116.270000 79 35
116.340000 79 35
116.410000 79 35
116.480000 79 35
116.550000 79 35
116.620000 79 35
116.690000 79 35
116.760000 79 35
116.830000 79 35
116.900000 79 35
116.970000 79 35
117.040000 71 34
117.110000 71 34
117.180000 71 34
117.250000 71 34
117.320000 71 34
117.390000 71 34
117.460000 71 34
117.530000 71 34
117.600000 71 34
117.670000 71 34
117.740000 71 34
117.810000 71 34
117.880000 71 34
117.950000 71 34
118.020000 71 34
118.090000 71 34
118.160000 71 34
118.230000 0 0
118.300000 91 31
118.370000 91 31
118.440000 91 31
118.510000 91 31
118.580000 91 31
118.650000 91 31
118.720000 91 31
118.790000 91 31
118.860000 91 31
118.930000 91 31
119.000000 91 31
119.070000 91 31
119.140000 91 31
119.210000 91 31
119.280000 91 31
119.350000 91 31
119.420000 91 31
119.490000 91 31
119.560000 91 31
119.630000 91 31
119.700000 91 31
119.770000 91 31
119.840000 91 31
119.910000 91 31
119.980000 91 31
120.050000 91 31
120.120000 91 31
120.190000 91 31
120.260000 91 31
120.330000 91 31
120.400000 91 31
120.470000 91 31
120.540000 91 31
120.610000 91 31
# Piano left
0.000000 51 32
0.070000 51 32
0.140000 51 32
0.210000 51 32
0.280000 51 32
0.350000 51 32
0.420000 51 32
0.490000 51 32
0.560000 51 32
0.630000 51 32
0.700000 51 32
0.770000 51 32
0.840000 51 32
0.910000 51 32
0.980000 58 33
1.050000 51 32
1.120000 51 32
1.190000 51 32
1.260000 51 32
1.330000 51 32
1.400000 51 32
1.470000 51 32
1.540000 51 32
1.610000 51 32
1.680000 51 32
1.750000 51 32
1.820000 51 32
1.890000 51 32
1.960000 51 32
2.030000 0 0
2.100000 51 32
2.170000 51 32
2.240000 51 32
2.310000 51 32
2.380000 51 32
2.450000 51 32
2.520000 51 32
2.590000 51 32
2.660000 51 32
2.730000 51 32
2.800000 51 32
2.870000 51 32
2.940000 51 32
3.010000 51 32
3.080000 0 0
3.150000 51 32
3.220000 51 32
3.290000 51 32
3.360000 51 32
3.430000 51 32
3.500000 51 32
3.570000 51 32
3.640000 51 32
3.710000 51 32
3.780000 51 32
3.850000 51 32
3.920000 51 32
3.990000 51 32
4.060000 51 32
4.130000 51 32
4.200000 51 32
4.270000 51 32
4.340000 51 32
4.410000 51 32
4.480000 51 32
4.550000 51 32
4.620000 51 32
4.690000 51 32
4.760000 51 32
4.830000 51 32
4.900000 51 32
4.970000 51 32
5.040000 51 32
5.110000 0 0
5.180000 51 32
5.250000 51 32
5.320000 51 32
5.390000 51 32
5.460000 51 32
5.530000 51 32
5.600000 51 32
5.670000 51 32
5.740000 51 32
5.810000 51 32
5.880000 51 32
5.950000 51 32
6.020000 51 32
6.090000 51 32
6.160000 0 0
6.230000 65 37
6.300000 65 37
6.370000 65 37
6.440000 65 37
6.510000 65 37
6.580000 65 37
6.650000 65 37
6.720000 65 37
6.790000 65 37
6.860000 65 37
6.930000 65 37
7.000000 65 37
7.070000 65 37
7.140000 65 37
7.210000 65 37
7.280000 65 37
7.350000 65 37
7.420000 65 37
7.490000 65 37
7.560000 65 37
7.630000 65 37
7.700000 65 37
7.770000 65 37
7.840000 65 37
7.910000 65 37
7.980000 65 37
8.050000 65 37
8.120000 65 37
8.190000 51 32
8.260000 51 32
8.330000 51 32
8.400000 51 32
8.470000 51 32
8.540000 51 32
8.610000 51 32
8.680000 51 32
8.750000 51 32
8.820000 51 32
8.890000 51 32
8.960000 51 32
9.030000 51 32
9.100000 51 32
9.170000 0 0
9.240000 51 32
9.310000 51 32
9.380000 51 32
9.450000 51 32
9.520000 51 32
9.590000 51 32
9.660000 51 32
9.730000 51 32
9.800000 51 32
9.870000 51 32
9.940000 51 32
10.010000 51 32
10.080000 51 32
10.150000 51 32
10.220000 55 35
10.290000 55 35
10.360000 55 35
10.430000 55 35
10.500000 55 35
10.570000 55 35
10.640000 55 35
10.710000 55 35
10.780000 55 35
10.850000 55 35
10.920000 55 35
10.990000 55 35
11.060000 55 35
11.130000 55 35
11.200000 0 0
11.270000 55 35
11.340000 55 35
11.410000 55 35
11.480000 55 35
11.550000 55 35
11.620000 55 35
11.690000 55 35
11.760000 55 35
11.830000 55 35
11.900000 55 35
11.970000 55 35
12.040000 55 35
12.110000 55 35
12.180000 55 35
12.250000 55 38
12.320000 55 38
12.390000 55 38
12.460000 55 38
12.530000 55 38
12.600000 55 38
12.670000 55 38
12.740000 55 35
12.810000 55 35
12.880000 55 35
12.950000 55 35
13.020000 55 35
13.090000 55 35
13.160000 55 35
13.230000 55 31
13.300000 55 31
13.370000 55 31
13.440000 55 31
13.510000 55 31
13.580000 55 31
13.650000 55 31
13.720000 55 31
13.790000 55 31
13.860000 55 31
13.930000 55 31
14.000000 55 31
14.070000 55 31
14.140000 55 31
14.210000 0 0
14.280000 62 60
14.350000 62 60
14.420000 62 60
14.490000 53 42
14.560000 53 42
14.630000 53 42
14.700000 53 42
14.770000 53 42
14.840000 53 42
14.910000 53 42
14.980000 53 42
15.050000 53 42
15.120000 53 42
15.190000 53 42
15.260000 53 42
15.330000 53 42
15.400000 53 42
15.470000 53 42
15.540000 53 42
15.610000 53 42
15.680000 53 42
15.750000 53 42
15.820000 53 42
15.890000 53 42
15.960000 53 42
16.030000 53 42
16.100000 53 42
16.170000 53 42
16.240000 0 0
16.310000 62 56
16.380000 62 56
16.450000 62 56
16.520000 59 49
16.590000 59 49
16.660000 59 49
16.730000 0 0
16.800000 60 52
16.870000 60 52
16.940000 60 52
17.010000 57 48
17.080000 57 48
17.150000 57 48
17.220000 0 0
17.290000 58 51
17.360000 58 51
17.430000 58 51
17.500000 58 51
17.570000 58 51
17.640000 58 51
17.710000 58 51
17.780000 58 51
17.850000 58 51
17.920000 58 51
17.990000 58 51
18.060000 58 51
18.130000 58 51
18.200000 58 51
18.270000 58 51
18.340000 51 32
18.410000 51 32
18.480000 51 32
18.550000 51 32
18.620000 51 32
18.690000 51 32
18.760000 51 32
18.830000 51 32
18.900000 51 32
18.970000 51 32
19.040000 51 32
19.110000 51 32
19.180000 51 32
19.250000 51 32
19.320000 0 0
19.390000 51 32
19.460000 51 32
19.530000 51 32
19.600000 51 32
19.670000 51 32
19.740000 51 32
19.810000 51 32
19.880000 51 32
19.950000 51 32
20.020000 51 32
20.090000 51 32
20.160000 51 32
20.230000 51 32
20.300000 51 32
20.370000 51 32
20.440000 51 32
20.510000 51 32
20.580000 51 32
20.650000 51 32
20.720000 51 32
20.790000 51 32
20.860000 51 32
20.930000 51 32
21.000000 51 32
21.070000 51 32
21.140000 51 32
21.210000 51 32
21.280000 51 32
21.350000 0 0
21.420000 51 32
21.490000 51 32
21.560000 51 32
21.630000 51 32
21.700000 51 32
21.770000 51 32
21.840000 51 32
21.910000 51 32
21.980000 51 32
22.050000 51 32
22.120000 51 32
22.190000 51 32
22.260000 51 32
22.330000 51 32
22.400000 0 0
22.470000 65 37
22.540000 65 37
22.610000 65 37
22.680000 65 37
22.750000 65 37
22.820000 65 37
22.890000 65 37
22.960000 65 37
23.030000 65 37
23.100000 65 37
23.170000 65 37
23.240000 65 37
23.310000 65 37
23.380000 65 37
23.450000 65 37
23.520000 65 37
23.590000 65 37
23.660000 65 37
23.730000 65 37
23.800000 65 37
23.870000 65 37
23.940000 65 37
24.010000 65 37
24.080000 65 37
24.150000 65 37
24.220000 65 37
24.290000 65 37
24.360000 65 37
24.430000 51 32
24.500000 51 32
24.570000 51 32
24.640000 51 32
24.710000 51 32
24.780000 51 32
24.850000 51 32
24.920000 51 32
24.990000 51 32
25.060000 51 32
25.130000 51 32
25.200000 51 32
25.270000 51 32
25.340000 51 32
25.410000 0 0
25.480000 51 32
25.550000 51 32
25.620000 51 32
25.690000 51 32
25.760000 51 32
25.830000 51 32
25.900000 51 32
25.970000 51 32
26.040000 51 32
26.110000 51 32
26.180000 51 32
26.250000 51 32
26.320000 51 32
26.390000 51 32
26.460000 0 0
26.530000 55 35
26.600000 55 35
26.670000 55 35
26.740000 55 35
26.810000 55 35
26.880000 55 35
26.950000 55 35
27.020000 55 35
27.090000 55 35
27.160000 55 35
27.230000 55 35
27.300000 55 35
27.370000 55 35
27.440000 55 35
27.510000 55 35
27.580000 55 35
27.650000 55 35
27.720000 55 35
27.790000 55 35
27.860000 55 35
27.930000 55 35
28.000000 55 35
28.070000 55 35
28.140000 55 35
28.210000 55 35
28.280000 55 35
28.350000 55 35
28.420000 55 35
28.490000 55 38
28.560000 55 38
28.630000 55 38
28.700000 55 38
28.770000 55 38
28.840000 55 38
28.910000 55 38
28.980000 55 35
29.050000 55 35
29.120000 55 35
29.190000 55 35
29.260000 55 35
29.330000 55 35
29.400000 55 35
29.470000 55 31
29.540000 55 31
29.610000 55 31
29.680000 55 31
29.750000 55 31
29.820000 55 31
29.890000 55 31
29.960000 55 31
30.030000 55 31
30.100000 55 31
30.170000 55 31
30.240000 55 31
30.310000 55 31
30.380000 55 31
30.450000 0 0
30.520000 53 34
30.590000 53 34
30.660000 53 34
30.730000 53 34
30.800000 53 34
30.870000 53 34
30.940000 53 34
31.010000 63 49
31.080000 63 49
31.150000 63 49
31.220000 0 0
31.290000 66 43
31.360000 66 43
31.430000 66 43
31.500000 63 49
31.570000 63 49
31.640000 63 49
31.710000 0 0
31.780000 66 44
31.850000 66 44
31.920000 66 44
31.990000 70 51
32.060000 70 51
32.130000 70 51
32.200000 0 0
32.270000 66 47
32.340000 66 47
32.410000 66 47
32.480000 53 43
32.550000 53 43
32.620000 53 43
32.690000 53 43
32.760000 53 43
32.830000 53 43
32.900000 53 43
32.970000 53 43
33.040000 53 43
33.110000 53 43
33.180000 53 43
33.250000 53 43
33.320000 53 43
33.390000 53 43
33.460000 0 0
33.530000 62 42
33.600000 62 42
33.670000 62 42
33.740000 0 0
33.810000 59 36
33.880000 59 36
33.950000 62 32
34.020000 60 38
34.090000 60 38
34.160000 60 38
34.230000 0 0
34.300000 58 35
34.370000 58 35
34.440000 58 35
34.510000 0 0
34.580000 34 38
34.650000 34 38
34.720000 34 38
34.790000 0 0
34.860000 58 35
34.930000 58 35
35.000000 58 35
35.070000 58 35
35.140000 58 35
35.210000 58 35
35.280000 58 35
35.350000 58 33
35.420000 58 33
35.490000 58 33
35.560000 58 37
35.630000 58 37
35.700000 58 37
35.770000 0 0
35.840000 58 35
35.910000 58 35
35.980000 58 35
36.050000 58 35
36.120000 58 35
36.190000 58 35
36.260000 58 35
36.330000 58 34
36.400000 58 34
36.470000 58 34
36.540000 0 0
36.610000 58 38
36.680000 58 38
36.750000 58 38
36.820000 58 35
36.890000 58 35
36.960000 58 35
37.030000 58 35
37.100000 58 35
37.170000 58 35
37.240000 58 35
37.310000 0 0
37.380000 58 33
37.450000 58 33
37.520000 58 33
37.590000 58 37
37.660000 58 37
37.730000 58 37
37.800000 0 0
37.870000 58 35
37.940000 58 35
38.010000 58 35
38.080000 58 35
38.150000 58 35
38.220000 58 35
38.290000 58 35
38.360000 58 34
38.430000 58 34
38.500000 58 34
38.570000 0 0
38.640000 34 54
38.710000 34 54
38.780000 34 54
38.850000 0 0
38.920000 58 47
38.990000 58 47
39.060000 58 47
39.130000 58 47
39.200000 58 47
39.270000 58 47
39.340000 58 47
39.410000 58 38
39.480000 58 38
39.550000 58 38
39.620000 58 39
39.690000 58 39
39.760000 58 39
39.830000 0 0
39.900000 58 38
39.970000 58 38
40.040000 58 38
40.110000 58 38
40.180000 58 38
40.250000 58 38
40.320000 58 38
40.390000 58 36
40.460000 58 36
40.530000 58 36
40.600000 0 0
40.670000 58 40
40.740000 58 40
40.810000 58 40
40.880000 58 38
40.950000 58 38
41.020000 58 38
41.090000 58 38
41.160000 58 38
41.230000 58 38
41.300000 58 38
41.370000 58 35
41.440000 58 35
41.510000 58 35
41.580000 0 0
41.650000 57 45
41.720000 57 45
41.790000 57 45
41.860000 0 0
41.930000 58 39
42.000000 58 39
42.070000 0 0
42.140000 61 34
42.210000 59 40
42.280000 59 40
42.350000 59 40
42.420000 58 38
42.490000 58 38
42.560000 58 38
42.630000 0 0
42.700000 63 44
42.770000 63 44
42.840000 63 44
42.910000 63 44
42.980000 63 44
43.050000 63 44
43.120000 63 44
43.190000 56 30
43.260000 56 30
43.330000 56 30
43.400000 56 30
43.470000 56 30
43.540000 56 30
43.610000 0 0
43.680000 57 44
43.750000 57 44
43.820000 57 44
43.890000 57 44
43.960000 57 44
44.030000 57 44
44.100000 57 44
44.170000 57 44
44.240000 57 44
44.310000 57 44
44.380000 57 44
44.450000 57 44
44.520000 57 44
44.590000 57 44
44.660000 58 44
44.730000 58 44
44.800000 58 44
44.870000 58 44
44.940000 58 44
45.010000 58 44
45.080000 58 44
45.150000 0 0
45.220000 56 30
45.290000 56 30
45.360000 56 30
45.430000 56 30
45.500000 56 30
45.570000 56 30
45.640000 0 0
45.710000 55 40
45.780000 55 40
45.850000 55 40
45.920000 55 40
45.990000 55 40
46.060000 55 40
46.130000 55 40
46.200000 55 40
46.270000 55 40
46.340000 55 40
46.410000 55 40
46.480000 55 40
46.550000 55 40
46.620000 55 40
46.690000 41 37
46.760000 41 37
46.830000 41 37
46.900000 41 37
46.970000 41 37
47.040000 41 37
47.110000 41 37
47.180000 41 37
47.250000 41 37
47.320000 41 37
47.390000 41 37
47.460000 41 37
47.530000 41 37
47.600000 41 37
47.670000 41 37
47.740000 41 37
47.810000 41 37
47.880000 41 37
47.950000 41 37
48.020000 41 37
48.090000 41 37
48.160000 41 37
48.230000 41 37
48.300000 41 37
48.370000 41 37
48.440000 41 37
48.510000 41 37
48.580000 41 37
48.650000 0 0
48.720000 41 37
48.790000 41 37
48.860000 41 37
48.930000 41 37
49.000000 41 37
49.070000 41 37
49.140000 41 37
49.210000 41 37
49.280000 41 37
49.350000 41 37
49.420000 41 37
49.490000 41 37
49.560000 41 37
49.630000 41 37
49.700000 48 50
49.770000 48 50
49.840000 48 50
49.910000 48 50
49.980000 48 50
50.050000 48 50
50.120000 48 50
50.190000 48 50
50.260000 48 50
50.330000 48 50
50.400000 48 50
50.470000 48 50
50.540000 48 50
50.610000 48 50
50.680000 0 0
50.750000 39 56
50.820000 39 56
50.890000 39 56
50.960000 63 44
51.030000 63 44
51.100000 63 44
51.170000 63 44
51.240000 63 44
51.310000 63 44
51.380000 63 44
51.450000 63 42
51.520000 63 42
51.590000 63 42
51.660000 0 0
51.730000 63 42
51.800000 63 42
51.870000 63 42
51.940000 0 0
52.010000 63 44
52.080000 63 44
52.150000 63 44
52.220000 63 44
52.290000 63 44
52.360000 63 44
52.430000 63 44
52.500000 63 42
52.570000 63 42
52.640000 63 42
52.710000 63 42
52.780000 63 42
52.850000 63 42
52.920000 0 0
52.990000 63 44
53.060000 63 44
53.130000 63 44
53.200000 63 44
53.270000 63 44
53.340000 63 44
53.410000 63 44
53.480000 63 42
53.550000 63 42
53.620000 63 42
53.690000 0 0
53.760000 56 49
53.830000 56 49
53.900000 56 49
53.970000 63 46
54.040000 63 46
54.110000 63 46
54.180000 0 0
54.250000 68 53
54.320000 68 53
54.390000 68 53
54.460000 0 0
54.530000 67 48
54.600000 67 48
54.670000 67 48
54.740000 0 0
54.810000 67 54
54.880000 67 54
54.950000 67 54
55.020000 67 54
55.090000 67 54
55.160000 67 54
55.230000 67 54
55.300000 67 54
55.370000 67 54
55.440000 67 54
55.510000 65 50
55.580000 65 50
55.650000 65 50
55.720000 0 0
55.790000 60 53
55.860000 60 53
55.930000 60 53
56.000000 60 53
56.070000 60 53
56.140000 60 53
56.210000 60 53
56.280000 59 48
56.350000 59 48
56.420000 59 48
56.490000 0 0
56.560000 60 42
56.630000 60 42
56.700000 60 42
56.770000 65 53
56.840000 65 53
56.910000 65 53
56.980000 65 53
57.050000 65 53
57.120000 65 53
57.190000 65 53
57.260000 67 51
57.330000 67 51
57.400000 67 51
57.470000 67 51
57.540000 67 51
57.610000 67 51
57.680000 67 51
57.750000 67 53
57.820000 67 53
57.890000 67 53
57.960000 67 53
58.030000 67 53
58.100000 67 53
58.170000 67 53
58.240000 65 52
58.310000 65 52
58.380000 65 52
58.450000 65 52
58.520000 65 52
58.590000 65 52
58.660000 65 52
58.730000 0 0
58.800000 67 54
58.870000 67 54
58.940000 67 54
59.010000 67 54
59.080000 67 54
59.150000 67 54
59.220000 67 54
59.290000 67 54
59.360000 67 54
59.430000 67 54
59.500000 65 50
59.570000 65 50
59.640000 65 50
59.710000 0 0
59.780000 60 53
59.850000 60 53
59.920000 60 53
59.990000 60 53
60.060000 60 53
60.130000 60 53
60.200000 0 0
60.270000 59 48
60.340000 59 48
60.410000 59 48
60.480000 60 42
60.550000 60 42
60.620000 60 42
60.690000 65 53
60.760000 65 53
60.830000 65 53
60.900000 0 0
60.970000 67 49
61.040000 67 49
61.110000 67 49
61.180000 68 51
61.250000 68 51
61.320000 68 51
61.390000 0 0
61.460000 67 47
61.530000 67 47
61.600000 67 47
61.670000 67 53
61.740000 67 53
61.810000 67 53
61.880000 67 53
61.950000 67 53
62.020000 67 53
62.090000 67 53
62.160000 65 52
62.230000 65 52
62.300000 65 52
62.370000 65 52
62.440000 65 52
62.510000 65 52
62.580000 65 52
62.650000 0 0
62.720000 34 54
62.790000 34 54
62.860000 34 54
62.930000 58 47
63.000000 58 47
63.070000 58 47
63.140000 58 47
63.210000 58 47
63.280000 58 47
63.350000 58 47
63.420000 58 38
63.490000 58 38
63.560000 58 38
63.630000 0 0
63.700000 58 39
63.770000 58 39
63.840000 58 39
63.910000 58 38
63.980000 58 38
64.050000 58 38
64.120000 58 38
64.190000 58 38
64.260000 58 38
64.330000 58 38
64.400000 58 36
64.470000 58 36
64.540000 58 36
64.610000 0 0
64.680000 58 39
64.750000 58 39
64.820000 58 39
64.890000 0 0
64.960000 58 38
65.030000 58 38
65.100000 58 38
65.170000 58 38
65.240000 58 38
65.310000 58 38
65.380000 58 38
65.450000 58 36
65.520000 58 36
65.590000 58 36
65.660000 58 39
65.730000 58 39
65.800000 58 39
65.870000 0 0
65.940000 58 38
66.010000 58 38
66.080000 58 38
66.150000 58 38
66.220000 58 38
66.290000 58 38
66.360000 58 38
66.430000 58 36
66.500000 58 36
66.570000 58 36
66.640000 0 0
66.710000 63 56
66.780000 63 56
66.850000 63 56
66.920000 63 56
66.990000 63 56
67.060000 63 56
67.130000 63 56
67.200000 63 56
67.270000 63 56
67.340000 63 56
67.410000 63 56
67.480000 63 56
67.550000 63 56
67.620000 63 56
67.690000 56 39
67.760000 56 39
67.830000 56 39
67.900000 56 39
67.970000 56 39
68.040000 56 39
68.110000 56 39
68.180000 0 0
68.250000 0 0
68.320000 0 0
68.390000 0 0
68.460000 0 0
68.530000 0 0
68.600000 0 0
68.670000 0 0
68.740000 0 0
68.810000 0 0
68.880000 0 0
68.950000 0 0
69.020000 0 0
69.090000 0 0
69.160000 0 0
69.230000 0 0
69.300000 0 0
69.370000 0 0
69.440000 0 0
69.510000 0 0
69.580000 0 0
69.650000 0 0
69.720000 0 0
69.790000 65 35
69.860000 65 35
69.930000 65 35
70.000000 65 35
70.070000 65 35
70.140000 65 35
70.210000 65 35
70.280000 65 35
70.350000 65 35
70.420000 65 35
70.490000 65 35
70.560000 65 35
70.630000 65 35
70.700000 65 35
70.770000 65 35
70.840000 65 35
70.910000 51 32
70.980000 51 32
71.050000 51 32
71.120000 51 32
71.190000 51 32
71.260000 51 32
71.330000 51 32
71.400000 51 32
71.470000 51 32
71.540000 51 32
71.610000 51 32
71.680000 51 32
71.750000 51 32
71.820000 51 32
71.890000 0 0
71.960000 51 32
72.030000 51 32
72.100000 51 32
72.170000 51 32
72.240000 51 32
72.310000 51 32
72.380000 51 32
72.450000 51 32
72.520000 51 32
72.590000 51 32
72.660000 51 32
72.730000 51 32
72.800000 51 32
72.870000 51 32
72.940000 0 0
73.010000 51 32
73.080000 51 32
73.150000 51 32
73.220000 51 32
73.290000 51 32
73.360000 51 32
73.430000 51 32
73.500000 51 32
73.570000 51 32
73.640000 51 32
73.710000 51 32
73.780000 51 32
73.850000 51 32
73.920000 51 32
73.990000 51 32
74.060000 51 32
74.130000 51 32
74.200000 51 32
74.270000 51 32
74.340000 51 32
74.410000 51 32
74.480000 51 32
74.550000 51 32
74.620000 51 32
74.690000 51 32
74.760000 51 32
74.830000 51 32
74.900000 51 32
74.970000 0 0
75.040000 65 37
75.110000 65 37
75.180000 65 37
75.250000 65 37
75.320000 65 37
75.390000 65 37
75.460000 65 37
75.530000 65 37
75.600000 65 37
75.670000 65 37
75.740000 65 37
75.810000 65 37
75.880000 65 37
75.950000 65 37
76.020000 65 37
76.090000 65 37
76.160000 65 37
76.230000 65 37
76.300000 65 37
76.370000 65 37
76.440000 65 37
76.510000 65 37
76.580000 65 37
76.650000 65 37
76.720000 65 37
76.790000 65 37
76.860000 65 37
76.930000 65 37
77.000000 0 0
77.070000 51 32
77.140000 51 32
77.210000 51 32
77.280000 51 32
77.350000 51 32
77.420000 51 32
77.490000 51 32
77.560000 51 32
77.630000 51 32
77.700000 51 32
77.770000 51 32
77.840000 51 32
77.910000 51 32
77.980000 51 32
78.050000 51 32
78.120000 51 32
78.190000 51 32
78.260000 51 32
78.330000 51 32
78.400000 51 32
78.470000 51 32
78.540000 51 32
78.610000 51 32
78.680000 51 32
78.750000 51 32
78.820000 51 32
78.890000 51 32
78.960000 51 32
79.030000 0 0
79.100000 55 35
79.170000 55 35
79.240000 55 35
79.310000 55 35
79.380000 55 35
79.450000 55 35
79.520000 55 35
79.590000 55 35
79.660000 55 35
79.730000 55 35
79.800000 55 35
79.870000 55 35
79.940000 55 35
80.010000 55 35
80.080000 55 35
80.150000 55 35
80.220000 55 35
80.290000 55 35
80.360000 55 35
80.430000 55 35
80.500000 55 35
80.570000 55 35
80.640000 55 35
80.710000 55 35
80.780000 55 35
80.850000 55 35
80.920000 55 35
80.990000 55 35
81.060000 0 0
81.130000 55 38
81.200000 55 38
81.270000 55 38
81.340000 55 38
81.410000 55 38
81.480000 55 38
81.550000 55 38
81.620000 55 35
81.690000 55 35
81.760000 55 35
81.830000 55 35
81.900000 55 35
81.970000 55 35
82.040000 55 35
82.110000 55 31
82.180000 55 31
82.250000 55 31
82.320000 55 31
82.390000 55 31
82.460000 55 31
82.530000 55 31
82.600000 55 31
82.670000 55 31
82.740000 55 31
82.810000 55 31
82.880000 55 31
82.950000 55 31
83.020000 55 31
83.090000 62 60
83.160000 62 60
83.230000 62 60
83.300000 62 60
83.370000 53 42
83.440000 53 42
83.510000 53 42
83.580000 53 42
83.650000 53 42
83.720000 53 42
83.790000 53 42
83.860000 53 42
83.930000 53 42
84.000000 53 42
84.070000 53 42
84.140000 53 42
84.210000 53 42
84.280000 53 42
84.350000 53 42
84.420000 53 42
84.490000 53 42
84.560000 53 42
84.630000 53 42
84.700000 53 42
84.770000 53 42
84.840000 53 42
84.910000 53 42
84.980000 53 42
85.050000 53 42
85.120000 62 56
85.190000 62 56
85.260000 62 56
85.330000 0 0
85.400000 59 49
85.470000 59 49
85.540000 59 49
85.610000 60 52
85.680000 60 52
85.750000 60 52
85.820000 0 0
85.890000 57 48
85.960000 57 48
86.030000 57 48
86.100000 0 0
86.170000 58 51
86.240000 58 51
86.310000 58 51
86.380000 58 51
86.450000 58 51
86.520000 58 51
86.590000 58 51
86.660000 58 51
86.730000 58 51
86.800000 58 51
86.870000 58 51
86.940000 58 51
87.010000 58 51
87.080000 58 51
87.150000 58 51
87.220000 51 32
87.290000 51 32
87.360000 51 32
87.430000 51 32
87.500000 51 32
87.570000 51 32
87.640000 51 32
87.710000 51 32
87.780000 51 32
87.850000 51 32
87.920000 51 32
87.990000 51 32
88.060000 51 32
88.130000 51 32
88.200000 51 32
88.270000 51 32
88.340000 51 32
88.410000 51 32
88.480000 51 32
88.550000 51 32
88.620000 51 32
88.690000 51 32
88.760000 51 32
88.830000 51 32
88.900000 51 32
88.970000 51 32
89.040000 51 32
89.110000 51 32
89.180000 0 0
89.250000 51 32
89.320000 51 32
89.390000 51 32
89.460000 51 32
89.530000 51 32
89.600000 51 32
89.670000 51 32
89.740000 51 32
89.810000 51 32
89.880000 51 32
89.950000 51 32
90.020000 51 32
90.090000 51 32
90.160000 51 32
90.230000 51 32
90.300000 51 32
90.370000 51 32
90.440000 51 32
90.510000 51 32
90.580000 51 32
90.650000 51 32
90.720000 51 32
90.790000 51 32
90.860000 51 32
90.930000 51 32
91.000000 51 32
91.070000 51 32
91.140000 51 32
91.210000 58 34
91.280000 65 37
91.350000 65 37
91.420000 65 37
91.490000 65 37
91.560000 65 37
91.630000 65 37
91.700000 65 37
91.770000 65 37
91.840000 65 37
91.910000 65 37
91.980000 65 37
92.050000 65 37
92.120000 65 37
92.190000 65 37
92.260000 65 37
92.330000 65 37
92.400000 65 37
92.470000 65 37
92.540000 65 37
92.610000 65 37
92.680000 65 37
92.750000 65 37
92.820000 65 37
92.890000 65 37
92.960000 65 37
93.030000 65 37
93.100000 65 37
93.170000 65 37
93.240000 0 0
93.310000 51 32
93.380000 51 32
93.450000 51 32
93.520000 51 32
93.590000 51 32
93.660000 51 32
93.730000 51 32
93.800000 51 32
93.870000 51 32
93.940000 51 32
94.010000 51 32
94.080000 51 32
94.150000 51 32
94.220000 51 32
94.290000 51 32
94.360000 51 32
94.430000 51 32
94.500000 51 32
94.570000 51 32
94.640000 51 32
94.710000 51 32
94.780000 51 32
94.850000 51 32
94.920000 51 32
94.990000 51 32
95.060000 51 32
95.130000 51 32
95.200000 51 32
95.270000 0 0
95.340000 65 52
95.410000 65 52
95.480000 65 52
95.550000 0 0
95.620000 51 47
95.690000 51 47
95.760000 51 47
95.830000 51 47
95.900000 51 47
95.970000 51 47
96.040000 51 47
96.110000 63 40
96.180000 63 40
96.250000 63 40
96.320000 63 49
96.390000 63 49
96.460000 63 49
96.530000 0 0
96.600000 62 42
96.670000 62 42
96.740000 62 42
96.810000 61 39
96.880000 61 39
96.950000 61 39
97.020000 61 39
97.090000 61 39
97.160000 61 39
97.230000 61 39
97.300000 0 0
97.370000 59 49
97.440000 59 49
97.510000 59 49
97.580000 60 46
97.650000 60 46
97.720000 60 46
97.790000 0 0
97.860000 55 52
97.930000 55 52
98.000000 55 52
98.070000 56 47
98.140000 56 47
98.210000 56 47
98.280000 0 0
98.350000 59 51
98.420000 59 51
98.490000 59 51
98.560000 60 48
98.630000 60 48
98.700000 60 48
98.770000 0 0
98.840000 53 45
98.910000 53 45
98.980000 53 45
99.050000 53 45
99.120000 53 45
99.190000 53 45
99.260000 53 45
99.330000 0 0
99.400000 46 44
99.470000 46 44
99.540000 46 44
99.610000 58 36
99.680000 58 36
99.750000 58 36
99.820000 58 36
99.890000 58 36
99.960000 58 36
100.030000 58 36
100.100000 58 36
100.170000 58 36
100.240000 58 36
100.310000 58 36
100.380000 58 36
100.450000 58 36
100.520000 58 36
100.590000 0 0
100.660000 58 35
100.730000 58 35
100.800000 58 35
100.870000 58 35
100.940000 58 35
101.010000 58 35
101.080000 58 35
101.150000 58 34
101.220000 58 34
101.290000 58 34
101.360000 0 0
101.430000 46 44
101.500000 46 44
101.570000 46 44
101.640000 58 48
101.710000 58 48
101.780000 58 48
101.850000 58 48
101.920000 58 48
101.990000 58 48
102.060000 58 48
102.130000 0 0
102.200000 62 36
102.270000 62 36
102.340000 62 36
102.410000 62 36
102.480000 62 36
102.550000 62 36
102.620000 62 36
102.690000 60 35
102.760000 60 35
102.830000 60 35
102.900000 60 35
102.970000 60 35
103.040000 60 35
103.110000 60 35
103.180000 58 34
103.250000 58 34
103.320000 58 34
103.390000 0 0
103.460000 46 33
103.530000 46 33
103.600000 46 33
103.670000 60 30
103.740000 60 30
103.810000 60 30
103.880000 0 0
103.950000 56 32
104.020000 56 32
104.090000 56 32
104.160000 58 30
104.230000 58 30
104.300000 58 30
104.370000 0 0
104.440000 56 31
104.510000 56 31
104.580000 56 31
104.650000 56 31
104.720000 56 31
104.790000 56 31
104.860000 56 31
104.930000 46 28
105.000000 46 28
105.070000 46 28
105.140000 46 28
105.210000 46 28
105.280000 46 28
105.350000 46 28
105.420000 0 0
105.490000 39 28
105.560000 39 28
105.630000 39 28
105.700000 39 28
105.770000 39 28
105.840000 39 28
105.910000 39 28
105.980000 39 28
106.050000 39 28
106.120000 39 28
106.190000 39 28
106.260000 39 28
106.330000 39 28
106.400000 39 28
106.470000 39 27
106.540000 39 27
106.610000 39 27
106.680000 39 27
106.750000 39 27
106.820000 39 27
106.890000 39 27
106.960000 39 27
107.030000 39 27
107.100000 39 27
107.170000 39 27
107.240000 39 27
107.310000 39 27
107.380000 39 27
107.450000 0 0
107.520000 39 25
107.590000 39 25
107.660000 39 25
107.730000 39 25
107.800000 39 25
107.870000 39 25
107.940000 39 25
108.010000 39 25
108.080000 39 25
108.150000 39 25
108.220000 39 25
108.290000 39 25
108.360000 39 25
108.430000 39 25
108.500000 0 0
108.570000 39 23
108.640000 39 23
108.710000 39 23
108.780000 39 23
108.850000 39 23
108.920000 39 23
108.990000 39 23
109.060000 39 23
109.130000 39 23
109.200000 39 23
109.270000 39 23
109.340000 39 23
109.410000 39 23
109.480000 39 23
109.550000 0 0
109.620000 39 21
109.690000 39 21
109.760000 39 21
109.830000 39 21
109.900000 39 21
109.970000 39 21
110.040000 39 21
110.110000 39 21
110.180000 39 21
110.250000 39 21
110.320000 39 21
110.390000 39 21
110.460000 39 21
110.530000 39 21
110.600000 39 21
110.670000 39 19
110.740000 39 19
110.810000 39 19
110.880000 39 19
110.950000 39 19
111.020000 39 19
111.090000 39 19
111.160000 39 19
111.230000 39 19
111.300000 39 19
111.370000 39 19
111.440000 39 19
111.510000 39 19
111.580000 39 19
111.650000 39 19
111.720000 39 18
111.790000 39 18
111.860000 39 18
111.930000 39 18
112.000000 39 18
112.070000 39 18
112.140000 39 18
112.210000 39 18
112.280000 39 18
112.350000 39 18
112.420000 39 18
112.490000 39 18
112.560000 39 18
112.630000 39 18
112.700000 0 0
112.770000 39 16
112.840000 39 16
112.910000 39 16
112.980000 39 16
113.050000 39 16
113.120000 39 16
113.190000 39 16
113.260000 39 16
113.330000 39 16
113.400000 39 16
113.470000 39 16
113.540000 39 16
113.610000 39 16
113.680000 39 16
113.750000 0 0
113.820000 39 33
113.890000 39 33
113.960000 39 33
114.030000 0 0
114.100000 46 29
114.170000 46 29
114.240000 46 29
114.310000 0 0
114.380000 51 34
114.450000 51 34
114.520000 51 34
114.590000 0 0
114.660000 55 31
114.730000 55 31
114.800000 55 31
114.870000 58 36
114.940000 58 36
115.010000 58 36
115.080000 58 36
115.150000 58 36
115.220000 58 36
115.290000 58 36
115.360000 58 36
115.430000 58 36
115.500000 58 36
115.570000 58 36
115.640000 58 36
115.710000 58 36
115.780000 58 36
115.850000 58 36
115.920000 0 0
115.990000 0 0
116.060000 0 0
116.130000 0 0
116.200000 0 0
116.270000 0 0
116.340000 0 0
116.410000 0 0
116.480000 0 0
116.550000 0 0
116.620000 0 0
116.690000 0 0
116.760000 0 0
116.830000 0 0
116.900000 0 0
116.970000 0 0
117.040000 63 30
117.110000 63 30
117.180000 63 30
117.250000 63 30
117.320000 63 30
117.390000 63 30
117.460000 63 30
117.530000 63 30
117.600000 63 30
117.670000 63 30
117.740000 63 30
117.810000 63 30
117.880000 63 30
117.950000 63 30
118.020000 63 30
118.090000 63 30
118.160000 63 30
118.230000 0 0
118.300000 27 19
118.370000 27 19
118.440000 27 19
118.510000 27 19
118.580000 27 19
118.650000 27 19
118.720000 27 19
118.790000 27 19
118.860000 27 19
118.930000 27 19
119.000000 27 19
119.070000 27 19
119.140000 27 19
119.210000 27 19
119.280000 27 19
119.350000 27 19
119.420000 27 19
119.490000 27 19
119.560000 27 19
119.630000 27 19
119.700000 27 19
119.770000 27 19
119.840000 27 19
119.910000 27 19
119.980000 27 19
120.050000 27 19
120.120000 27 19
120.190000 27 19
120.260000 27 19
120.330000 27 19
120.400000 27 19
120.470000 27 19
120.540000 27 19
120.610000 27 19
