"alb_se7"

# Piano right
0.000000 0 0
0.070000 0 0
0.140000 0 0
0.210000 71 42
0.280000 66 51
0.350000 0 0
0.420000 0 0
0.490000 0 0
0.560000 75 51
0.630000 66 51
0.700000 0 0
0.770000 0 0
0.840000 0 0
0.910000 75 51
0.980000 0 0
1.050000 66 51
1.120000 0 0
1.190000 0 0
1.260000 68 44
1.330000 0 0
1.400000 66 52
1.470000 0 0
1.540000 0 0
1.610000 68 44
1.680000 0 0
1.750000 66 52
1.820000 0 0
1.890000 0 0
1.960000 0 0
2.030000 68 44
2.100000 66 52
2.170000 0 0
2.240000 0 0
2.310000 0 0
2.380000 77 42
2.450000 85 51
2.520000 0 0
2.590000 0 0
2.660000 0 0
2.730000 87 51
2.800000 85 51
2.870000 0 0
2.940000 0 0
3.010000 0 0
3.080000 87 51
3.150000 85 51
3.220000 0 0
3.290000 0 0
3.360000 0 0
3.430000 83 44
3.500000 85 52
3.570000 0 0
3.640000 0 0
3.710000 0 0
3.780000 87 52
3.850000 0 0
3.920000 85 52
3.990000 0 0
4.060000 0 0
4.130000 0 0
4.200000 87 52
4.270000 85 52
4.340000 0 0
4.410000 0 0
4.480000 0 0
4.550000 63 35
4.620000 61 35
4.690000 0 0
4.760000 0 0
4.830000 0 0
4.900000 0 0
4.970000 0 0
5.040000 0 0
5.110000 0 0
5.180000 0 0
5.250000 0 0
5.320000 0 0
5.390000 0 0
5.460000 0 0
5.530000 0 0
5.600000 70 35
5.670000 61 35
5.740000 0 0
5.810000 0 0
5.880000 0 0
5.950000 0 0
6.020000 0 0
6.090000 0 0
6.160000 0 0
6.230000 0 0
6.300000 0 0
6.370000 0 0
6.440000 0 0
6.510000 0 0
6.580000 0 0
6.650000 71 35
6.720000 0 0
6.790000 61 35
6.860000 0 0
6.930000 0 0
7.000000 65 36
7.070000 0 0
7.140000 61 36
7.210000 0 0
7.280000 0 0
7.350000 71 38
7.420000 0 0
7.490000 61 38
7.560000 0 0
7.630000 0 0
7.700000 0 0
7.770000 71 39
7.840000 61 39
7.910000 0 0
7.980000 0 0
8.050000 0 0
8.120000 63 41
8.190000 61 42
8.260000 0 0
8.330000 0 0
8.400000 0 0
8.470000 63 43
8.540000 61 44
8.610000 0 0
8.680000 0 0
8.750000 0 0
8.820000 63 35
8.890000 61 35
8.960000 0 0
9.030000 0 0
9.100000 0 0
9.170000 0 0
9.240000 0 0
9.310000 0 0
9.380000 0 0
9.450000 0 0
9.520000 0 0
9.590000 0 0
9.660000 0 0
9.730000 0 0
9.800000 0 0
9.870000 63 35
9.940000 0 0
10.010000 61 35
10.080000 0 0
10.150000 0 0
10.220000 0 0
10.290000 0 0
10.360000 0 0
10.430000 0 0
10.500000 0 0
10.570000 0 0
10.640000 0 0
10.710000 0 0
10.780000 0 0
10.850000 0 0
10.920000 0 0
10.990000 71 35
11.060000 61 35
11.130000 0 0
11.200000 0 0
11.270000 0 0
11.340000 71 36
11.410000 61 36
11.480000 0 0
11.550000 0 0
11.620000 0 0
11.690000 63 38
11.760000 61 38
11.830000 0 0
11.900000 0 0
11.970000 0 0
12.040000 63 39
12.110000 61 39
12.180000 0 0
12.250000 0 0
12.320000 0 0
12.390000 63 41
12.460000 0 0
12.530000 61 42
12.600000 0 0
12.670000 0 0
12.740000 63 43
12.810000 0 0
12.880000 61 44
12.950000 61 58
13.020000 61 58
13.090000 61 58
13.160000 0 0
13.230000 66 55
13.300000 70 57
13.370000 0 0
13.440000 0 0
13.510000 73 61
13.580000 0 0
13.650000 0 0
13.720000 78 66
13.790000 0 0
13.860000 85 63
13.930000 0 0
14.000000 0 0
14.070000 90 76
14.140000 90 76
14.210000 0 0
14.280000 0 0
14.350000 0 0
14.420000 102 85
14.490000 102 85
14.560000 102 85
14.630000 102 85
14.700000 102 85
14.770000 0 0
14.840000 0 0
14.910000 0 0
14.980000 0 0
15.050000 0 0
15.120000 0 0
15.190000 0 0
15.260000 78 67
15.330000 78 67
15.400000 78 67
15.470000 92 69
15.540000 92 69
15.610000 0 0
15.680000 82 71
15.750000 82 71
15.820000 82 71
15.890000 82 71
15.960000 82 71
16.030000 0 0
16.100000 80 68
16.170000 80 68
16.240000 78 65
16.310000 78 65
16.380000 0 0
16.450000 92 68
16.520000 92 68
16.590000 92 68
16.660000 92 68
16.730000 92 68
16.800000 0 0
16.870000 78 59
16.940000 78 59
17.010000 87 57
17.080000 87 57
17.150000 0 0
17.220000 73 55
17.290000 73 55
17.360000 73 55
17.430000 73 55
17.500000 73 55
17.570000 0 0
17.640000 74 62
17.710000 74 62
17.780000 74 62
17.850000 74 62
17.920000 74 62
17.990000 0 0
18.060000 71 66
18.130000 71 66
18.200000 71 66
18.270000 71 66
18.340000 71 66
18.410000 73 59
18.480000 73 59
18.550000 73 59
18.620000 73 59
18.690000 73 59
18.760000 73 59
18.830000 78 62
18.900000 78 62
18.970000 0 0
19.040000 63 35
19.110000 0 0
19.180000 61 35
19.250000 0 0
19.320000 0 0
19.390000 0 0
19.460000 0 0
19.530000 0 0
19.600000 0 0
19.670000 0 0
19.740000 0 0
19.810000 0 0
19.880000 0 0
19.950000 0 0
20.020000 0 0
20.090000 63 35
20.160000 0 0
20.230000 61 35
20.300000 0 0
20.370000 0 0
20.440000 0 0
20.510000 0 0
20.580000 0 0
20.650000 0 0
20.720000 0 0
20.790000 0 0
20.860000 0 0
20.930000 0 0
21.000000 0 0
21.070000 0 0
21.140000 0 0
21.210000 71 35
21.280000 61 35
21.350000 0 0
21.420000 0 0
21.490000 0 0
21.560000 71 36
21.630000 61 36
21.700000 0 0
21.770000 0 0
21.840000 0 0
21.910000 63 38
21.980000 61 38
22.050000 0 0
22.120000 0 0
22.190000 0 0
22.260000 63 39
22.330000 61 39
22.400000 0 0
22.470000 0 0
22.540000 0 0
22.610000 63 41
22.680000 0 0
22.750000 61 42
22.820000 0 0
22.890000 0 0
22.960000 0 0
23.030000 63 43
23.100000 61 44
23.170000 0 0
23.240000 0 0
23.310000 0 0
23.380000 70 35
23.450000 61 35
23.520000 0 0
23.590000 0 0
23.660000 0 0
23.730000 0 0
23.800000 0 0
23.870000 0 0
23.940000 0 0
24.010000 0 0
24.080000 0 0
24.150000 0 0
24.220000 0 0
24.290000 0 0
24.360000 0 0
24.430000 63 35
24.500000 61 35
24.570000 0 0
24.640000 0 0
24.710000 0 0
24.780000 0 0
24.850000 0 0
24.920000 0 0
24.990000 0 0
25.060000 0 0
25.130000 0 0
25.200000 0 0
25.270000 0 0
25.340000 0 0
25.410000 0 0
25.480000 63 35
25.550000 61 35
25.620000 0 0
25.690000 0 0
25.760000 0 0
25.830000 63 36
25.900000 0 0
25.970000 61 36
26.040000 0 0
26.110000 0 0
26.180000 63 38
26.250000 0 0
26.320000 61 38
26.390000 0 0
26.460000 0 0
26.530000 0 0
26.600000 63 39
26.670000 61 39
26.740000 0 0
26.810000 0 0
26.880000 0 0
26.950000 71 41
27.020000 61 42
27.090000 0 0
27.160000 0 0
27.230000 0 0
27.300000 71 43
27.370000 61 44
27.440000 0 0
27.510000 66 58
27.580000 66 58
27.650000 66 58
27.720000 0 0
27.790000 66 55
27.860000 70 57
27.930000 0 0
28.000000 73 61
28.070000 0 0
28.140000 0 0
28.210000 78 66
28.280000 0 0
28.350000 0 0
28.420000 85 63
28.490000 0 0
28.560000 90 76
28.630000 90 76
28.700000 0 0
28.770000 0 0
28.840000 0 0
28.910000 0 0
28.980000 90 85
29.050000 90 85
29.120000 90 85
29.190000 90 85
29.260000 90 85
29.330000 0 0
29.400000 0 0
29.470000 0 0
29.540000 0 0
29.610000 0 0
29.680000 0 0
29.750000 78 61
29.820000 78 61
29.890000 78 61
29.960000 92 63
30.030000 92 63
30.100000 0 0
30.170000 82 66
30.240000 82 66
30.310000 82 66
30.380000 82 66
30.450000 82 66
30.520000 0 0
30.590000 80 62
30.660000 80 62
30.730000 90 60
30.800000 90 60
30.870000 0 0
30.940000 92 62
31.010000 92 62
31.080000 92 62
31.150000 92 62
31.220000 92 62
31.290000 0 0
31.360000 78 58
31.430000 78 58
31.500000 89 56
31.570000 89 56
31.640000 0 0
31.710000 75 53
31.780000 75 53
31.850000 75 53
31.920000 75 53
31.990000 75 53
32.060000 0 0
32.130000 66 57
32.200000 66 57
32.270000 66 57
32.340000 66 57
32.410000 66 57
32.480000 66 57
32.550000 66 57
32.620000 66 57
32.690000 66 57
32.760000 66 57
32.830000 66 57
32.900000 66 60
32.970000 66 60
33.040000 66 60
33.110000 66 60
33.180000 66 60
33.250000 66 60
33.320000 0 0
33.390000 77 57
33.460000 77 57
33.530000 0 0
33.600000 58 35
33.670000 56 35
33.740000 0 0
33.810000 0 0
33.880000 0 0
33.950000 0 0
34.020000 0 0
34.090000 0 0
34.160000 0 0
34.230000 0 0
34.300000 0 0
34.370000 0 0
34.440000 0 0
34.510000 0 0
34.580000 0 0
34.650000 58 35
34.720000 56 35
34.790000 0 0
34.860000 0 0
34.930000 0 0
35.000000 0 0
35.070000 0 0
35.140000 0 0
35.210000 0 0
35.280000 0 0
35.350000 0 0
35.420000 0 0
35.490000 0 0
35.560000 0 0
35.630000 0 0
35.700000 66 35
35.770000 56 35
35.840000 0 0
35.910000 0 0
35.980000 0 0
36.050000 66 36
36.120000 56 36
36.190000 0 0
36.260000 0 0
36.330000 0 0
36.400000 58 38
36.470000 56 38
36.540000 0 0
36.610000 0 0
36.680000 0 0
36.750000 58 39
36.820000 0 0
36.890000 56 39
36.960000 0 0
37.030000 0 0
37.100000 58 41
37.170000 0 0
37.240000 56 42
37.310000 0 0
37.380000 0 0
37.450000 0 0
37.520000 58 43
37.590000 56 44
37.660000 0 0
37.730000 0 0
37.800000 0 0
37.870000 65 35
37.940000 56 35
38.010000 0 0
38.080000 0 0
38.150000 0 0
38.220000 0 0
38.290000 0 0
38.360000 0 0
38.430000 0 0
38.500000 0 0
38.570000 0 0
38.640000 0 0
38.710000 0 0
38.780000 0 0
38.850000 0 0
38.920000 58 35
38.990000 56 35
39.060000 0 0
39.130000 0 0
39.200000 0 0
39.270000 0 0
39.340000 0 0
39.410000 0 0
39.480000 0 0
39.550000 0 0
39.620000 0 0
39.690000 0 0
39.760000 0 0
39.830000 0 0
39.900000 0 0
39.970000 58 35
40.040000 0 0
40.110000 56 35
40.180000 0 0
40.250000 0 0
40.320000 58 36
40.390000 0 0
40.460000 56 36
40.530000 0 0
40.600000 0 0
40.670000 58 38
40.740000 0 0
40.810000 56 38
40.880000 0 0
40.950000 0 0
41.020000 0 0
41.090000 58 39
41.160000 56 39
41.230000 0 0
41.300000 0 0
41.370000 0 0
41.440000 66 41
41.510000 56 42
41.580000 0 0
41.650000 0 0
41.720000 0 0
41.790000 66 43
41.860000 56 44
41.930000 0 0
42.000000 61 58
42.070000 61 58
42.140000 61 58
42.210000 0 0
42.280000 65 55
42.350000 65 57
42.420000 0 0
42.490000 0 0
42.560000 68 61
42.630000 0 0
42.700000 73 66
42.770000 0 0
42.840000 0 0
42.910000 80 63
42.980000 0 0
43.050000 0 0
43.120000 73 76
43.190000 73 76
43.260000 0 0
43.330000 0 0
43.400000 0 0
43.470000 97 85
43.540000 97 85
43.610000 97 85
43.680000 97 85
43.750000 97 85
43.820000 0 0
43.890000 0 0
43.960000 0 0
44.030000 0 0
44.100000 0 0
44.170000 0 0
44.240000 75 61
44.310000 75 61
44.380000 75 61
44.450000 89 63
44.520000 89 63
44.590000 0 0
44.660000 78 66
44.730000 78 66
44.800000 78 66
44.870000 78 66
44.940000 78 66
45.010000 0 0
45.080000 80 62
45.150000 80 62
45.220000 0 0
45.290000 78 60
45.360000 78 60
45.430000 89 62
45.500000 89 62
45.570000 89 62
45.640000 89 62
45.710000 89 62
45.780000 0 0
45.850000 75 55
45.920000 75 55
45.990000 0 0
46.060000 89 52
46.130000 89 52
46.200000 73 50
46.270000 73 50
46.340000 73 50
46.410000 73 50
46.480000 73 50
46.550000 0 0
46.620000 76 52
46.690000 76 52
46.760000 76 52
46.830000 76 52
46.900000 76 52
46.970000 0 0
47.040000 71 56
47.110000 71 56
47.180000 71 56
47.250000 71 56
47.320000 71 56
47.390000 0 0
47.460000 73 50
47.530000 73 50
47.600000 73 50
47.670000 73 50
47.740000 73 50
47.810000 73 50
47.880000 78 52
47.950000 78 52
48.020000 0 0
48.090000 63 35
48.160000 61 35
48.230000 0 0
48.300000 0 0
48.370000 0 0
48.440000 0 0
48.510000 0 0
48.580000 0 0
48.650000 0 0
48.720000 0 0
48.790000 0 0
48.860000 0 0
48.930000 0 0
49.000000 0 0
49.070000 0 0
49.140000 63 35
49.210000 61 35
49.280000 0 0
49.350000 0 0
49.420000 0 0
49.490000 0 0
49.560000 0 0
49.630000 0 0
49.700000 0 0
49.770000 0 0
49.840000 0 0
49.910000 0 0
49.980000 0 0
50.050000 0 0
50.120000 0 0
50.190000 71 35
50.260000 61 35
50.330000 0 0
50.400000 0 0
50.470000 0 0
50.540000 71 36
50.610000 0 0
50.680000 61 36
50.750000 0 0
50.820000 0 0
50.890000 63 38
50.960000 0 0
51.030000 61 38
51.100000 0 0
51.170000 0 0
51.240000 0 0
51.310000 63 39
51.380000 61 39
51.450000 0 0
51.520000 0 0
51.590000 0 0
51.660000 63 41
51.730000 61 42
51.800000 0 0
51.870000 0 0
51.940000 0 0
52.010000 63 43
52.080000 61 44
52.150000 0 0
52.220000 0 0
52.290000 0 0
52.360000 70 35
52.430000 61 35
52.500000 0 0
52.570000 0 0
52.640000 0 0
52.710000 0 0
52.780000 0 0
52.850000 0 0
52.920000 0 0
52.990000 0 0
53.060000 0 0
53.130000 0 0
53.200000 0 0
53.270000 0 0
53.340000 0 0
53.410000 63 35
53.480000 61 35
53.550000 0 0
53.620000 0 0
53.690000 0 0
53.760000 0 0
53.830000 0 0
53.900000 0 0
53.970000 0 0
54.040000 0 0
54.110000 0 0
54.180000 0 0
54.250000 0 0
54.320000 0 0
54.390000 0 0
54.460000 0 0
54.530000 63 35
54.600000 61 35
54.670000 0 0
54.740000 0 0
54.810000 0 0
54.880000 63 36
54.950000 61 36
55.020000 0 0
55.090000 0 0
55.160000 0 0
55.230000 63 38
55.300000 61 38
55.370000 0 0
55.440000 0 0
55.510000 0 0
55.580000 63 39
55.650000 61 39
55.720000 0 0
55.790000 0 0
55.860000 0 0
55.930000 71 41
56.000000 61 42
56.070000 0 0
56.140000 0 0
56.210000 0 0
56.280000 71 43
56.350000 0 0
56.420000 61 44
56.490000 66 58
56.560000 66 58
56.630000 66 58
56.700000 0 0
56.770000 66 55
56.840000 70 57
56.910000 0 0
56.980000 0 0
57.050000 73 61
57.120000 0 0
57.190000 78 66
57.260000 0 0
57.330000 0 0
57.400000 85 63
57.470000 0 0
57.540000 0 0
57.610000 90 76
57.680000 90 76
57.750000 0 0
57.820000 0 0
57.890000 0 0
57.960000 90 85
58.030000 90 85
58.100000 90 85
58.170000 90 85
58.240000 90 85
58.310000 0 0
58.380000 0 0
58.450000 0 0
58.520000 0 0
58.590000 0 0
58.660000 0 0
58.730000 61 50
58.800000 0 0
58.870000 0 0
58.940000 66 46
59.010000 0 0
59.080000 66 53
59.150000 66 53
59.220000 66 53
59.290000 66 53
59.360000 66 53
59.430000 0 0
59.500000 66 48
59.570000 0 0
59.640000 66 37
59.710000 0 0
59.780000 0 0
59.850000 65 39
59.920000 65 39
59.990000 65 39
60.060000 65 39
60.130000 65 39
60.200000 71 61
60.270000 71 61
60.340000 71 61
60.410000 71 61
60.480000 71 61
60.550000 0 0
60.620000 69 60
60.690000 69 60
60.760000 69 60
60.830000 69 60
60.900000 69 60
60.970000 0 0
61.040000 69 50
61.110000 69 50
61.180000 69 50
61.250000 69 50
61.320000 69 50
61.390000 69 45
61.460000 69 45
61.530000 69 45
61.600000 69 45
61.670000 69 45
61.740000 0 0
61.810000 68 45
61.880000 68 45
61.950000 68 45
62.020000 68 45
62.090000 68 45
62.160000 0 0
62.230000 0 0
62.300000 0 0
62.370000 66 38
62.440000 64 38
62.510000 0 0
62.580000 0 0
62.650000 0 0
62.720000 0 0
62.790000 0 0
62.860000 0 0
62.930000 0 0
63.000000 0 0
63.070000 0 0
63.140000 0 0
63.210000 0 0
63.280000 69 45
63.350000 0 0
63.420000 0 0
63.490000 69 41
63.560000 0 0
63.630000 0 0
63.700000 70 47
63.770000 70 47
63.840000 70 47
63.910000 70 47
63.980000 70 47
64.050000 70 48
64.120000 0 0
64.190000 70 37
64.260000 0 0
64.330000 0 0
64.400000 70 44
64.470000 70 44
64.540000 70 44
64.610000 70 44
64.680000 70 44
64.750000 0 0
64.820000 65 54
64.890000 0 0
64.960000 65 50
65.030000 0 0
65.100000 0 0
65.170000 64 55
65.240000 64 55
65.310000 64 55
65.380000 64 55
65.450000 64 55
65.520000 0 0
65.590000 70 46
65.660000 70 46
65.730000 70 46
65.800000 70 46
65.870000 70 46
65.940000 70 54
66.010000 70 54
66.080000 70 54
66.150000 70 54
66.220000 70 54
66.290000 0 0
66.360000 67 49
66.430000 67 49
66.500000 67 49
66.570000 67 49
66.640000 67 49
66.710000 0 0
66.780000 0 0
66.850000 0 0
66.920000 70 45
66.990000 0 0
67.060000 69 45
67.130000 0 0
67.200000 0 0
67.270000 0 0
67.340000 0 0
67.410000 0 0
67.480000 0 0
67.550000 0 0
67.620000 0 0
67.690000 0 0
67.760000 0 0
67.830000 0 0
67.900000 69 45
67.970000 0 0
68.040000 69 41
68.110000 0 0
68.180000 0 0
68.250000 69 47
68.320000 69 47
68.390000 69 47
68.460000 69 47
68.530000 69 47
68.600000 71 48
68.670000 0 0
68.740000 0 0
68.810000 69 37
68.880000 0 0
68.950000 65 44
69.020000 65 44
69.090000 65 44
69.160000 65 44
69.230000 65 44
69.300000 0 0
69.370000 65 54
69.440000 65 54
69.510000 0 0
69.580000 65 50
69.650000 65 50
69.720000 0 0
69.790000 65 55
69.860000 65 55
69.930000 65 55
70.000000 65 55
70.070000 65 55
70.140000 63 46
70.210000 63 46
70.280000 63 46
70.350000 63 46
70.420000 63 46
70.490000 0 0
70.560000 63 54
70.630000 63 54
70.700000 63 54
70.770000 63 54
70.840000 63 54
70.910000 59 41
70.980000 59 41
71.050000 59 41
71.120000 59 41
71.190000 59 41
71.260000 0 0
71.330000 0 0
71.400000 0 0
71.470000 0 0
71.540000 61 45
71.610000 59 45
71.680000 0 0
71.750000 0 0
71.820000 0 0
71.890000 0 0
71.960000 0 0
72.030000 0 0
72.100000 0 0
72.170000 0 0
72.240000 0 0
72.310000 0 0
72.380000 0 0
72.450000 0 0
72.520000 0 0
72.590000 0 0
72.660000 64 63
72.730000 64 63
72.800000 0 0
72.870000 66 67
72.940000 66 67
73.010000 68 63
73.080000 68 63
73.150000 0 0
73.220000 68 68
73.290000 68 68
73.360000 68 68
73.430000 68 68
73.500000 68 68
73.570000 64 56
73.640000 64 56
73.710000 0 0
73.780000 68 53
73.850000 0 0
73.920000 0 0
73.990000 69 56
74.060000 0 0
74.130000 73 59
74.200000 0 0
74.270000 0 0
74.340000 76 62
74.410000 0 0
74.480000 0 0
74.550000 85 78
74.620000 0 0
74.690000 88 81
74.760000 88 81
74.830000 0 0
74.900000 85 65
74.970000 85 65
75.040000 0 0
75.110000 69 64
75.180000 69 64
75.250000 0 0
75.320000 64 54
75.390000 64 54
75.460000 69 63
75.530000 69 63
75.600000 69 63
75.670000 69 63
75.740000 69 63
75.810000 0 0
75.880000 64 64
75.950000 64 64
76.020000 0 0
76.090000 0 0
76.160000 0 0
76.230000 88 97
76.300000 88 97
76.370000 0 0
76.440000 0 0
76.510000 0 0
76.580000 0 0
76.650000 0 0
76.720000 0 0
76.790000 0 0
76.860000 0 0
76.930000 0 0
77.000000 0 0
77.070000 0 0
77.140000 0 0
77.210000 57 35
77.280000 55 35
77.350000 0 0
77.420000 0 0
77.490000 0 0
77.560000 0 0
77.630000 0 0
77.700000 0 0
77.770000 0 0
77.840000 0 0
77.910000 0 0
77.980000 0 0
78.050000 0 0
78.120000 0 0
78.190000 0 0
78.260000 57 35
78.330000 55 35
78.400000 0 0
78.470000 0 0
78.540000 0 0
78.610000 0 0
78.680000 0 0
78.750000 0 0
78.820000 0 0
78.890000 0 0
78.960000 0 0
79.030000 0 0
79.100000 0 0
79.170000 0 0
79.240000 0 0
79.310000 57 35
79.380000 0 0
79.450000 55 35
79.520000 0 0
79.590000 0 0
79.660000 0 0
79.730000 57 36
79.800000 55 36
79.870000 0 0
79.940000 0 0
80.010000 0 0
80.080000 57 38
80.150000 55 38
80.220000 0 0
80.290000 0 0
80.360000 0 0
80.430000 57 39
80.500000 55 39
80.570000 0 0
80.640000 0 0
80.710000 0 0
80.780000 57 41
80.850000 55 42
80.920000 0 0
80.990000 0 0
81.060000 0 0
81.130000 57 43
81.200000 55 44
81.270000 0 0
81.340000 0 0
81.410000 0 0
81.480000 57 29
81.550000 55 29
81.620000 0 0
81.690000 0 0
81.760000 0 0
81.830000 0 0
81.900000 0 0
81.970000 0 0
82.040000 0 0
82.110000 0 0
82.180000 0 0
82.250000 0 0
82.320000 0 0
82.390000 0 0
82.460000 0 0
82.530000 57 29
82.600000 0 0
82.670000 55 29
82.740000 0 0
82.810000 0 0
82.880000 0 0
82.950000 0 0
83.020000 0 0
83.090000 0 0
83.160000 0 0
83.230000 0 0
83.300000 0 0
83.370000 0 0
83.440000 0 0
83.510000 0 0
83.580000 0 0
83.650000 57 29
83.720000 55 29
83.790000 0 0
83.860000 0 0
83.930000 0 0
84.000000 57 30
84.070000 55 30
84.140000 0 0
84.210000 0 0
84.280000 0 0
84.350000 57 32
84.420000 55 32
84.490000 0 0
84.560000 0 0
84.630000 0 0
84.700000 57 33
84.770000 55 33
84.840000 0 0
84.910000 0 0
84.980000 0 0
85.050000 57 34
85.120000 55 35
85.190000 0 0
85.260000 0 0
85.330000 0 0
85.400000 57 36
85.470000 0 0
85.540000 55 37
85.610000 84 54
85.680000 0 0
85.750000 0 0
85.820000 86 56
85.890000 0 0
85.960000 76 59
86.030000 76 59
86.100000 76 59
86.170000 76 59
86.240000 76 59
86.310000 74 55
86.380000 0 0
86.450000 0 0
86.520000 72 51
86.590000 0 0
86.660000 86 55
86.730000 86 55
86.800000 86 55
86.870000 86 55
86.940000 86 55
87.010000 72 52
87.080000 0 0
87.150000 0 0
87.220000 67 50
87.290000 0 0
87.360000 64 56
87.430000 64 56
87.500000 0 0
87.570000 68 45
87.640000 68 45
87.710000 0 0
87.780000 70 45
87.850000 70 45
87.920000 72 47
87.990000 72 47
88.060000 0 0
88.130000 73 49
88.200000 73 49
88.270000 82 51
88.340000 82 51
88.410000 0 0
88.480000 81 53
88.550000 81 53
88.620000 88 54
88.690000 88 54
88.760000 0 0
88.830000 86 59
88.900000 86 59
88.970000 0 0
89.040000 75 54
89.110000 75 54
89.180000 74 57
89.250000 74 57
89.320000 0 0
89.390000 85 51
89.460000 85 51
89.530000 78 60
89.600000 78 60
89.670000 78 60
89.740000 78 60
89.810000 78 60
89.880000 0 0
89.950000 86 64
90.020000 0 0
90.090000 88 67
90.160000 0 0
90.230000 0 0
90.300000 77 59
90.370000 77 59
90.440000 77 59
90.510000 77 59
90.580000 77 59
90.650000 76 56
90.720000 0 0
90.790000 74 51
90.860000 0 0
90.930000 0 0
91.000000 88 66
91.070000 88 66
91.140000 88 66
91.210000 88 66
91.280000 88 66
91.350000 74 52
91.420000 0 0
91.490000 0 0
91.560000 69 49
91.630000 0 0
91.700000 65 46
91.770000 0 0
91.840000 0 0
91.910000 69 49
91.980000 69 49
92.050000 69 45
92.120000 69 45
92.190000 0 0
92.260000 72 47
92.330000 72 47
92.400000 75 49
92.470000 75 49
92.540000 0 0
92.610000 81 51
92.680000 81 51
92.750000 0 0
92.820000 84 53
92.890000 84 53
92.960000 83 54
93.030000 83 54
93.100000 0 0
93.170000 91 59
93.240000 91 59
93.310000 75 54
93.380000 75 54
93.450000 0 0
93.520000 76 57
93.590000 76 57
93.660000 87 51
93.730000 87 51
93.800000 0 0
93.870000 79 60
93.940000 79 60
94.010000 79 60
94.080000 79 60
94.150000 79 60
94.220000 88 64
94.290000 0 0
94.360000 0 0
94.430000 90 67
94.500000 0 0
94.570000 79 59
94.640000 79 59
94.710000 79 59
94.780000 79 59
94.850000 79 59
94.920000 0 0
94.990000 78 56
95.060000 0 0
95.130000 76 51
95.200000 0 0
95.270000 0 0
95.340000 90 66
95.410000 90 66
95.480000 90 66
95.550000 90 66
95.620000 90 66
95.690000 76 52
95.760000 0 0
95.830000 71 49
95.900000 0 0
95.970000 0 0
96.040000 67 46
96.110000 67 46
96.180000 67 46
96.250000 67 46
96.320000 67 46
96.390000 91 70
96.460000 0 0
96.530000 0 0
96.600000 93 73
96.670000 0 0
96.740000 82 64
96.810000 82 64
96.880000 82 64
96.950000 82 64
97.020000 82 64
97.090000 81 61
97.160000 0 0
97.230000 0 0
97.300000 79 56
97.370000 0 0
97.440000 0 0
97.510000 93 72
97.580000 93 72
97.650000 93 72
97.720000 93 72
97.790000 93 72
97.860000 79 57
97.930000 0 0
98.000000 74 53
98.070000 0 0
98.140000 0 0
98.210000 70 50
98.280000 70 50
98.350000 70 50
98.420000 70 50
98.490000 70 50
98.560000 94 77
98.630000 0 0
98.700000 0 0
98.770000 96 80
98.840000 0 0
98.910000 85 70
98.980000 0 0
99.050000 0 0
99.120000 99 75
99.190000 0 0
99.260000 85 67
99.330000 0 0
99.400000 0 0
99.470000 84 61
99.540000 0 0
99.610000 95 79
99.680000 0 0
99.750000 0 0
99.820000 94 70
99.890000 0 0
99.960000 0 0
100.030000 79 62
100.100000 0 0
100.170000 76 58
100.240000 0 0
100.310000 0 0
100.380000 73 55
100.450000 0 0
100.520000 82 55
100.590000 0 0
100.660000 0 0
100.730000 88 75
100.800000 0 0
100.870000 85 67
100.940000 0 0
101.010000 0 0
101.080000 70 58
101.150000 0 0
101.220000 0 0
101.290000 67 58
101.360000 0 0
101.430000 64 55
101.500000 0 0
101.570000 0 0
101.640000 73 55
101.710000 0 0
101.780000 82 71
101.850000 0 0
101.920000 0 0
101.990000 79 63
102.060000 0 0
102.130000 0 0
102.200000 64 52
102.270000 0 0
102.340000 61 52
102.410000 0 0
102.480000 0 0
102.550000 61 49
102.620000 61 49
102.690000 67 49
102.760000 67 49
102.830000 0 0
102.900000 71 54
102.970000 71 54
103.040000 0 0
103.110000 73 56
103.180000 73 56
103.250000 71 59
103.320000 71 59
103.390000 71 59
103.460000 71 59
103.530000 71 59
103.600000 0 0
103.670000 61 46
103.740000 61 46
103.810000 59 43
103.880000 59 43
103.950000 0 0
104.020000 67 55
104.090000 67 55
104.160000 67 55
104.230000 67 55
104.300000 67 55
104.370000 59 44
104.440000 59 44
104.510000 58 42
104.580000 58 42
104.650000 0 0
104.720000 55 45
104.790000 55 45
104.860000 55 45
104.930000 55 45
105.000000 55 45
105.070000 71 56
105.140000 71 56
105.210000 0 0
105.280000 73 58
105.350000 73 58
105.420000 71 61
105.490000 71 61
105.560000 71 61
105.630000 71 61
105.700000 71 61
105.770000 61 48
105.840000 61 48
105.910000 0 0
105.980000 59 45
106.050000 59 45
106.120000 0 0
106.190000 67 57
106.260000 67 57
106.330000 67 57
106.400000 67 57
106.470000 67 57
106.540000 59 47
106.610000 59 47
106.680000 58 46
106.750000 58 46
106.820000 0 0
106.890000 55 49
106.960000 55 49
107.030000 55 49
107.100000 55 49
107.170000 55 49
107.240000 71 67
107.310000 71 67
107.380000 0 0
107.450000 73 70
107.520000 73 70
107.590000 71 65
107.660000 71 65
107.730000 71 65
107.800000 71 65
107.870000 71 65
107.940000 61 57
108.010000 61 57
108.080000 0 0
108.150000 59 53
108.220000 59 53
108.290000 69 58
108.360000 69 58
108.430000 69 58
108.500000 69 58
108.570000 69 58
108.640000 0 0
108.710000 69 68
108.780000 69 68
108.850000 69 68
108.920000 69 68
108.990000 69 68
109.060000 69 68
109.130000 69 68
109.200000 69 68
109.270000 69 68
109.340000 69 68
109.410000 70 64
109.480000 0 0
109.550000 63 59
109.620000 0 0
109.690000 0 0
109.760000 65 66
109.830000 0 0
109.900000 0 0
109.970000 66 61
110.040000 0 0
110.110000 68 68
110.180000 0 0
110.250000 0 0
110.320000 70 64
110.390000 0 0
110.460000 71 71
110.530000 0 0
110.600000 0 0
110.670000 72 66
110.740000 0 0
110.810000 0 0
110.880000 83 85
110.950000 0 0
111.020000 86 81
111.090000 0 0
111.160000 0 0
111.230000 87 89
111.300000 0 0
111.370000 0 0
111.440000 89 85
111.510000 0 0
111.580000 0 0
111.650000 78 61
111.720000 78 61
111.790000 92 89
111.860000 92 89
111.930000 0 0
112.000000 85 79
112.070000 85 79
112.140000 85 79
112.210000 85 79
112.280000 85 79
112.350000 80 62
112.420000 80 62
112.490000 0 0
112.560000 78 57
112.630000 0 0
112.700000 86 88
112.770000 86 88
112.840000 86 88
112.910000 86 88
112.980000 86 88
113.050000 0 0
113.120000 78 59
113.190000 78 59
113.260000 76 56
113.330000 76 56
113.400000 0 0
113.470000 78 61
113.540000 78 61
113.610000 78 61
113.680000 78 61
113.750000 78 61
113.820000 85 76
113.890000 85 76
113.960000 0 0
114.030000 87 78
114.100000 87 78
114.170000 82 68
114.240000 82 68
114.310000 82 68
114.380000 82 68
114.450000 82 68
114.520000 75 64
114.590000 75 64
114.660000 0 0
114.730000 73 59
114.800000 73 59
114.870000 74 55
114.940000 74 55
115.010000 74 55
115.080000 74 55
115.150000 74 55
115.220000 74 55
115.290000 74 55
115.360000 74 55
115.430000 74 55
115.500000 74 55
115.570000 74 55
115.640000 74 55
115.710000 74 55
115.780000 74 55
115.850000 74 55
115.920000 0 0
115.990000 78 61
116.060000 78 61
116.130000 0 0
116.200000 92 89
116.270000 92 89
116.340000 85 79
116.410000 85 79
116.480000 85 79
116.550000 85 79
116.620000 85 79
116.690000 0 0
116.760000 80 62
116.830000 80 62
116.900000 78 57
116.970000 0 0
117.040000 0 0
117.110000 86 88
117.180000 86 88
117.250000 86 88
117.320000 86 88
117.390000 86 88
117.460000 78 59
117.530000 78 59
117.600000 76 56
117.670000 76 56
117.740000 0 0
117.810000 78 61
117.880000 78 61
117.950000 78 61
118.020000 78 61
118.090000 78 61
118.160000 85 76
118.230000 85 76
118.300000 0 0
118.370000 87 78
118.440000 87 78
118.510000 82 68
118.580000 82 68
118.650000 82 68
118.720000 82 68
118.790000 82 68
118.860000 0 0
118.930000 75 64
119.000000 75 64
119.070000 73 59
119.140000 73 59
119.210000 0 0
119.280000 74 55
119.350000 74 55
119.420000 74 55
119.490000 74 55
119.560000 74 55
119.630000 74 55
119.700000 74 55
119.770000 74 55
119.840000 74 55
119.910000 74 55
119.980000 74 55
120.050000 74 55
120.120000 74 55
120.190000 74 55
120.260000 74 55
120.330000 0 0
120.400000 0 0
120.470000 0 0
120.540000 63 35
120.610000 61 35
120.680000 0 0
120.750000 0 0
120.820000 0 0
120.890000 0 0
120.960000 0 0
121.030000 0 0
121.100000 0 0
121.170000 0 0
121.240000 0 0
121.310000 0 0
121.380000 0 0
121.450000 0 0
121.520000 0 0
121.590000 73 44
121.660000 73 44
121.730000 0 0
121.800000 75 48
121.870000 75 48
121.940000 77 54
122.010000 77 54
122.080000 0 0
122.150000 75 57
122.220000 75 57
122.290000 73 55
122.360000 73 55
122.430000 0 0
122.500000 0 0
122.570000 0 0
122.640000 63 35
122.710000 0 0
122.780000 61 35
122.850000 0 0
122.920000 0 0
122.990000 0 0
123.060000 0 0
123.130000 0 0
123.200000 0 0
123.270000 0 0
123.340000 0 0
123.410000 0 0
123.480000 0 0
123.550000 0 0
123.620000 0 0
123.690000 0 0
123.760000 73 44
123.830000 73 44
123.900000 75 48
123.970000 75 48
124.040000 0 0
124.110000 77 54
124.180000 77 54
124.250000 0 0
124.320000 75 57
124.390000 75 57
124.460000 73 55
124.530000 73 55
124.600000 0 0
124.670000 0 0
124.740000 0 0
124.810000 63 35
124.880000 61 35
124.950000 0 0
125.020000 0 0
125.090000 0 0
125.160000 0 0
125.230000 0 0
125.300000 0 0
125.370000 0 0
125.440000 0 0
125.510000 0 0
125.580000 0 0
125.650000 0 0
125.720000 0 0
125.790000 0 0
125.860000 0 0
125.930000 74 73
126.000000 0 0
126.070000 64 66
126.140000 0 0
126.210000 0 0
126.280000 66 62
126.350000 0 0
126.420000 0 0
126.490000 67 66
126.560000 0 0
126.630000 69 61
126.700000 0 0
126.770000 0 0
126.840000 70 66
126.910000 0 0
126.980000 71 67
127.050000 0 0
127.120000 0 0
127.190000 86 83
127.260000 0 0
127.330000 0 0
127.400000 91 83
127.470000 0 0
127.540000 95 84
127.610000 0 0
127.680000 0 0
127.750000 98 86
127.820000 0 0
127.890000 0 0
127.960000 0 0
128.030000 0 0
128.100000 59 50
128.170000 0 0
128.240000 0 0
128.310000 59 54
128.380000 0 0
128.450000 0 0
128.520000 59 50
128.590000 0 0
128.660000 0 0
128.730000 59 54
128.800000 0 0
128.870000 59 50
128.940000 0 0
129.010000 0 0
129.080000 0 0
129.150000 0 0
129.220000 0 0
129.290000 63 35
129.360000 61 35
129.430000 0 0
129.500000 0 0
129.570000 0 0
129.640000 0 0
129.710000 0 0
129.780000 0 0
129.850000 0 0
129.920000 0 0
129.990000 0 0
130.060000 0 0
130.130000 0 0
130.200000 0 0
130.270000 0 0
130.340000 73 44
130.410000 73 44
130.480000 0 0
130.550000 75 48
130.620000 75 48
130.690000 77 54
130.760000 77 54
130.830000 0 0
130.900000 75 57
130.970000 75 57
131.040000 73 55
131.110000 73 55
131.180000 0 0
131.250000 0 0
131.320000 0 0
131.390000 0 0
131.460000 63 35
131.530000 61 35
131.600000 0 0
131.670000 0 0
131.740000 0 0
131.810000 0 0
131.880000 0 0
131.950000 0 0
132.020000 0 0
132.090000 0 0
132.160000 0 0
132.230000 0 0
132.300000 0 0
132.370000 0 0
132.440000 0 0
132.510000 73 44
132.580000 73 44
132.650000 0 0
132.720000 75 48
132.790000 75 48
132.860000 77 54
132.930000 77 54
133.000000 0 0
133.070000 75 57
133.140000 75 57
133.210000 73 55
133.280000 73 55
133.350000 0 0
133.420000 0 0
133.490000 0 0
133.560000 63 35
133.630000 0 0
133.700000 61 35
133.770000 0 0
133.840000 0 0
133.910000 0 0
133.980000 0 0
134.050000 0 0
134.120000 0 0
134.190000 0 0
134.260000 0 0
134.330000 0 0
134.400000 0 0
134.470000 0 0
134.540000 0 0
134.610000 0 0
134.680000 74 73
134.750000 0 0
134.820000 0 0
134.890000 64 66
134.960000 0 0
135.030000 66 62
135.100000 0 0
135.170000 0 0
135.240000 67 66
135.310000 0 0
135.380000 69 61
135.450000 0 0
135.520000 0 0
135.590000 70 66
135.660000 0 0
135.730000 71 61
135.800000 0 0
135.870000 0 0
135.940000 86 83
136.010000 0 0
136.080000 0 0
136.150000 91 83
136.220000 0 0
136.290000 95 84
136.360000 0 0
136.430000 0 0
136.500000 98 86
136.570000 0 0
136.640000 0 0
136.710000 0 0
136.780000 0 0
136.850000 0 0
136.920000 59 50
136.990000 0 0
137.060000 59 54
137.130000 0 0
137.200000 0 0
137.270000 59 50
137.340000 0 0
137.410000 0 0
137.480000 59 54
137.550000 0 0
137.620000 0 0
137.690000 59 50
137.760000 0 0
137.830000 58 76
137.900000 0 0
137.970000 0 0
138.040000 90 57
138.110000 0 0
138.180000 78 57
138.250000 0 0
138.320000 0 0
138.390000 90 57
138.460000 0 0
138.530000 78 57
138.600000 0 0
138.670000 0 0
138.740000 0 0
138.810000 90 57
138.880000 78 57
138.950000 0 0
139.020000 0 0
139.090000 0 0
139.160000 90 57
139.230000 78 57
139.300000 0 0
139.370000 0 0
139.440000 0 0
139.510000 90 57
139.580000 0 0
139.650000 78 57
139.720000 0 0
139.790000 0 0
139.860000 0 0
139.930000 85 54
140.000000 0 0
140.070000 93 91
140.140000 0 0
140.210000 0 0
140.280000 74 51
140.350000 62 51
140.420000 0 0
140.490000 0 0
140.560000 0 0
140.630000 74 51
140.700000 0 0
140.770000 62 51
140.840000 0 0
140.910000 0 0
140.980000 74 51
141.050000 0 0
141.120000 62 51
141.190000 0 0
141.260000 0 0
141.330000 0 0
141.400000 74 51
141.470000 62 51
141.540000 0 0
141.610000 0 0
141.680000 0 0
141.750000 74 51
141.820000 62 51
141.890000 0 0
141.960000 0 0
142.030000 0 0
142.100000 69 48
142.170000 0 0
142.240000 0 0
142.310000 73 76
142.380000 0 0
142.450000 0 0
142.520000 90 57
142.590000 78 57
142.660000 0 0
142.730000 0 0
142.800000 0 0
142.870000 90 57
142.940000 78 57
143.010000 0 0
143.080000 0 0
143.150000 0 0
143.220000 90 57
143.290000 0 0
143.360000 78 57
143.430000 0 0
143.500000 0 0
143.570000 0 0
143.640000 90 57
143.710000 78 57
143.780000 0 0
143.850000 0 0
143.920000 0 0
143.990000 90 57
144.060000 78 57
144.130000 0 0
144.200000 0 0
144.270000 0 0
144.340000 85 54
144.410000 0 0
144.480000 0 0
144.550000 87 76
144.620000 0 0
144.690000 0 0
144.760000 75 51
144.830000 63 51
144.900000 0 0
144.970000 0 0
145.040000 0 0
145.110000 75 51
145.180000 63 51
145.250000 0 0
145.320000 0 0
145.390000 0 0
145.460000 75 51
145.530000 0 0
145.600000 63 51
145.670000 0 0
145.740000 0 0
145.810000 0 0
145.880000 75 51
145.950000 63 51
146.020000 0 0
146.090000 0 0
146.160000 0 0
146.230000 75 51
146.300000 63 51
146.370000 78 63
146.440000 0 0
146.510000 0 0
146.580000 87 77
146.650000 0 0
146.720000 0 0
146.790000 85 69
146.860000 0 0
146.930000 0 0
147.000000 71 57
147.070000 61 57
147.140000 0 0
147.210000 0 0
147.280000 0 0
147.350000 73 59
147.420000 0 0
147.490000 66 59
147.560000 0 0
147.630000 0 0
147.700000 0 0
147.770000 82 61
147.840000 73 62
147.910000 0 0
147.980000 0 0
148.050000 0 0
148.120000 85 63
148.190000 78 64
148.260000 0 0
148.330000 0 0
148.400000 0 0
148.470000 94 66
148.540000 85 66
148.610000 0 0
148.680000 0 0
148.750000 0 0
148.820000 97 68
148.890000 0 0
148.960000 90 68
149.030000 0 0
149.100000 0 0
149.170000 0 0
149.240000 0 0
149.310000 0 0
149.380000 0 0
149.450000 0 0
149.520000 0 0
149.590000 0 0
149.660000 0 0
149.730000 0 0
149.800000 0 0
149.870000 83 77
149.940000 83 77
150.010000 0 0
150.080000 0 0
150.150000 0 0
150.220000 85 82
150.290000 85 82
150.360000 0 0
150.430000 0 0
150.500000 0 0
150.570000 0 0
150.640000 0 0
150.710000 0 0
150.780000 0 0
150.850000 0 0
150.920000 0 0
150.990000 0 0
151.060000 0 0
151.130000 0 0
151.200000 0 0
151.270000 90 82
151.340000 90 82
151.410000 0 0
# Piano left
0.000000 61 75
0.070000 0 0
0.140000 0 0
0.210000 0 0
0.280000 0 0
0.350000 0 0
0.420000 68 72
0.490000 0 0
0.560000 0 0
0.630000 0 0
0.700000 0 0
0.770000 73 72
0.840000 0 0
0.910000 0 0
0.980000 0 0
1.050000 0 0
1.120000 80 72
1.190000 0 0
1.260000 0 0
1.330000 0 0
1.400000 0 0
1.470000 73 71
1.540000 0 0
1.610000 0 0
1.680000 0 0
1.750000 0 0
1.820000 68 71
1.890000 0 0
1.960000 0 0
2.030000 0 0
2.100000 0 0
2.170000 61 75
2.240000 0 0
2.310000 0 0
2.380000 0 0
2.450000 0 0
2.520000 71 45
2.590000 0 0
2.660000 0 0
2.730000 0 0
2.800000 0 0
2.870000 61 72
2.940000 0 0
3.010000 0 0
3.080000 0 0
3.150000 0 0
3.220000 0 0
3.290000 71 45
3.360000 0 0
3.430000 0 0
3.500000 0 0
3.570000 0 0
3.640000 61 74
3.710000 0 0
3.780000 0 0
3.850000 0 0
3.920000 0 0
3.990000 71 45
4.060000 0 0
4.130000 0 0
4.200000 0 0
4.270000 0 0
4.340000 54 51
4.410000 0 0
4.480000 0 0
4.550000 0 0
4.620000 0 0
4.690000 0 0
4.760000 0 0
4.830000 0 0
4.900000 0 0
4.970000 0 0
5.040000 0 0
5.110000 0 0
5.180000 0 0
5.250000 0 0
5.320000 0 0
5.390000 0 0
5.460000 54 51
5.530000 0 0
5.600000 0 0
5.670000 0 0
5.740000 0 0
5.810000 0 0
5.880000 0 0
5.950000 0 0
6.020000 0 0
6.090000 0 0
6.160000 0 0
6.230000 0 0
6.300000 0 0
6.370000 0 0
6.440000 0 0
6.510000 56 51
6.580000 0 0
6.650000 0 0
6.720000 0 0
6.790000 0 0
6.860000 61 51
6.930000 61 51
7.000000 61 51
7.070000 0 0
7.140000 0 0
7.210000 63 55
7.280000 63 55
7.350000 0 0
7.420000 0 0
7.490000 0 0
7.560000 65 58
7.630000 65 58
7.700000 0 0
7.770000 0 0
7.840000 0 0
7.910000 68 61
7.980000 68 61
8.050000 0 0
8.120000 0 0
8.190000 0 0
8.260000 61 58
8.330000 61 58
8.400000 61 58
8.470000 0 0
8.540000 0 0
8.610000 0 0
8.680000 54 51
8.750000 0 0
8.820000 0 0
8.890000 0 0
8.960000 0 0
9.030000 0 0
9.100000 0 0
9.170000 0 0
9.240000 0 0
9.310000 0 0
9.380000 0 0
9.450000 0 0
9.520000 0 0
9.590000 0 0
9.660000 0 0
9.730000 54 51
9.800000 0 0
9.870000 0 0
9.940000 0 0
10.010000 0 0
10.080000 0 0
10.150000 0 0
10.220000 0 0
10.290000 0 0
10.360000 0 0
10.430000 0 0
10.500000 0 0
10.570000 0 0
10.640000 0 0
10.710000 0 0
10.780000 56 51
10.850000 0 0
10.920000 0 0
10.990000 0 0
11.060000 0 0
11.130000 61 51
11.200000 61 51
11.270000 61 51
11.340000 0 0
11.410000 0 0
11.480000 63 55
11.550000 63 55
11.620000 0 0
11.690000 0 0
11.760000 0 0
11.830000 65 58
11.900000 65 58
11.970000 0 0
12.040000 0 0
12.110000 0 0
12.180000 0 0
12.250000 68 61
12.320000 68 61
12.390000 68 61
12.460000 68 61
12.530000 68 61
12.600000 61 58
12.670000 61 58
12.740000 61 58
12.810000 0 0
12.880000 0 0
12.950000 54 54
13.020000 54 54
13.090000 54 54
13.160000 0 0
13.230000 61 50
13.300000 66 50
13.370000 0 0
13.440000 0 0
13.510000 70 54
13.580000 0 0
13.650000 0 0
13.720000 73 56
13.790000 0 0
13.860000 78 54
13.930000 0 0
14.000000 0 0
14.070000 82 63
14.140000 0 0
14.210000 0 0
14.280000 0 0
14.350000 0 0
14.420000 42 58
14.490000 42 58
14.560000 42 58
14.630000 42 58
14.700000 42 58
14.770000 42 58
14.840000 0 0
14.910000 0 0
14.980000 0 0
15.050000 0 0
15.120000 0 0
15.190000 0 0
15.260000 66 53
15.330000 66 53
15.400000 66 53
15.470000 68 55
15.540000 68 55
15.610000 0 0
15.680000 70 56
15.750000 70 56
15.820000 70 56
15.890000 70 56
15.960000 70 56
16.030000 0 0
16.100000 68 54
16.170000 68 54
16.240000 66 50
16.310000 66 50
16.380000 0 0
16.450000 68 56
16.520000 68 56
16.590000 68 56
16.660000 68 56
16.730000 68 56
16.800000 0 0
16.870000 66 54
16.940000 66 54
17.010000 63 50
17.080000 63 50
17.150000 0 0
17.220000 61 47
17.290000 61 47
17.360000 61 47
17.430000 61 47
17.500000 61 47
17.570000 0 0
17.640000 59 59
17.710000 59 59
17.780000 59 59
17.850000 59 59
17.920000 59 59
17.990000 0 0
18.060000 56 56
18.130000 56 56
18.200000 56 56
18.270000 56 56
18.340000 56 56
18.410000 49 42
18.480000 49 42
18.550000 49 42
18.620000 49 42
18.690000 49 42
18.760000 49 42
18.830000 54 54
18.900000 54 54
18.970000 54 54
19.040000 54 54
19.110000 54 54
19.180000 0 0
19.250000 0 0
19.320000 0 0
19.390000 0 0
19.460000 0 0
19.530000 0 0
19.600000 0 0
19.670000 0 0
19.740000 0 0
19.810000 0 0
19.880000 0 0
19.950000 54 51
20.020000 0 0
20.090000 0 0
20.160000 0 0
20.230000 0 0
20.300000 0 0
20.370000 0 0
20.440000 0 0
20.510000 0 0
20.580000 0 0
20.650000 0 0
20.720000 0 0
20.790000 0 0
20.860000 0 0
20.930000 0 0
21.000000 56 51
21.070000 0 0
21.140000 0 0
21.210000 0 0
21.280000 0 0
21.350000 61 51
21.420000 61 51
21.490000 61 51
21.560000 0 0
21.630000 0 0
21.700000 63 55
21.770000 63 55
21.840000 0 0
21.910000 0 0
21.980000 0 0
22.050000 0 0
22.120000 65 58
22.190000 65 58
22.260000 0 0
22.330000 0 0
22.400000 0 0
22.470000 68 61
22.540000 68 61
22.610000 68 61
22.680000 68 61
22.750000 68 61
22.820000 61 58
22.890000 61 58
22.960000 61 58
23.030000 0 0
23.100000 0 0
23.170000 54 51
23.240000 0 0
23.310000 0 0
23.380000 0 0
23.450000 0 0
23.520000 0 0
23.590000 0 0
23.660000 0 0
23.730000 0 0
23.800000 0 0
23.870000 0 0
23.940000 0 0
24.010000 0 0
24.080000 0 0
24.150000 0 0
24.220000 54 51
24.290000 0 0
24.360000 0 0
24.430000 0 0
24.500000 0 0
24.570000 0 0
24.640000 0 0
24.710000 0 0
24.780000 0 0
24.850000 0 0
24.920000 0 0
24.990000 0 0
25.060000 0 0
25.130000 0 0
25.200000 0 0
25.270000 0 0
25.340000 56 51
25.410000 0 0
25.480000 0 0
25.550000 0 0
25.620000 0 0
25.690000 61 51
25.760000 61 51
25.830000 61 51
25.900000 0 0
25.970000 0 0
26.040000 63 55
26.110000 63 55
26.180000 0 0
26.250000 0 0
26.320000 0 0
26.390000 65 58
26.460000 65 58
26.530000 0 0
26.600000 0 0
26.670000 0 0
26.740000 68 61
26.810000 68 61
26.880000 68 61
26.950000 68 61
27.020000 68 61
27.090000 61 58
27.160000 61 58
27.230000 0 0
27.300000 0 0
27.370000 0 0
27.440000 0 0
27.510000 58 54
27.580000 58 54
27.650000 58 54
27.720000 0 0
27.790000 61 50
27.860000 66 50
27.930000 0 0
28.000000 70 54
28.070000 0 0
28.140000 0 0
28.210000 73 56
28.280000 0 0
28.350000 0 0
28.420000 78 54
28.490000 0 0
28.560000 82 63
28.630000 0 0
28.700000 0 0
28.770000 0 0
28.840000 0 0
28.910000 42 58
28.980000 42 58
29.050000 42 58
29.120000 42 58
29.190000 42 58
29.260000 42 58
29.330000 0 0
29.400000 0 0
29.470000 0 0
29.540000 0 0
29.610000 0 0
29.680000 0 0
29.750000 63 49
29.820000 63 49
29.890000 63 49
29.960000 65 50
30.030000 65 50
30.100000 0 0
30.170000 66 51
30.240000 66 51
30.310000 66 51
30.380000 66 51
30.450000 66 51
30.520000 0 0
30.590000 65 49
30.660000 65 49
30.730000 63 46
30.800000 63 46
30.870000 0 0
30.940000 65 51
31.010000 65 51
31.080000 65 51
31.150000 65 51
31.220000 65 51
31.290000 0 0
31.360000 63 49
31.430000 63 49
31.500000 58 46
31.570000 58 46
31.640000 0 0
31.710000 54 42
31.780000 54 42
31.850000 54 42
31.920000 54 42
31.990000 54 42
32.060000 0 0
32.130000 51 55
32.200000 51 55
32.270000 51 55
32.340000 51 55
32.410000 51 55
32.480000 51 55
32.550000 51 55
32.620000 51 55
32.690000 51 55
32.760000 51 55
32.830000 51 55
32.900000 56 39
32.970000 56 39
33.040000 56 39
33.110000 56 39
33.180000 56 39
33.250000 56 39
33.320000 0 0
33.390000 49 53
33.460000 49 53
33.530000 49 53
33.600000 49 53
33.670000 49 53
33.740000 0 0
33.810000 0 0
33.880000 0 0
33.950000 0 0
34.020000 0 0
34.090000 0 0
34.160000 0 0
34.230000 0 0
34.300000 0 0
34.370000 0 0
34.440000 49 51
34.510000 0 0
34.580000 0 0
34.650000 0 0
34.720000 0 0
34.790000 0 0
34.860000 0 0
34.930000 0 0
35.000000 0 0
35.070000 0 0
35.140000 0 0
35.210000 0 0
35.280000 0 0
35.350000 0 0
35.420000 0 0
35.490000 48 51
35.560000 0 0
35.630000 0 0
35.700000 0 0
35.770000 0 0
35.840000 0 0
35.910000 56 51
35.980000 0 0
36.050000 0 0
36.120000 0 0
36.190000 0 0
36.260000 58 55
36.330000 0 0
36.400000 0 0
36.470000 0 0
36.540000 0 0
36.610000 60 58
36.680000 0 0
36.750000 0 0
36.820000 0 0
36.890000 0 0
36.960000 63 61
37.030000 0 0
37.100000 0 0
37.170000 0 0
37.240000 0 0
37.310000 56 58
37.380000 0 0
37.450000 0 0
37.520000 0 0
37.590000 0 0
37.660000 49 51
37.730000 0 0
37.800000 0 0
37.870000 0 0
37.940000 0 0
38.010000 0 0
38.080000 0 0
38.150000 0 0
38.220000 0 0
38.290000 0 0
38.360000 0 0
38.430000 0 0
38.500000 0 0
38.570000 0 0
38.640000 0 0
38.710000 0 0
38.780000 49 51
38.850000 0 0
38.920000 0 0
38.990000 0 0
39.060000 0 0
39.130000 0 0
39.200000 0 0
39.270000 0 0
39.340000 0 0
39.410000 0 0
39.480000 0 0
39.550000 0 0
39.620000 0 0
39.690000 0 0
39.760000 0 0
39.830000 51 51
39.900000 0 0
39.970000 0 0
40.040000 0 0
40.110000 0 0
40.180000 56 51
40.250000 0 0
40.320000 0 0
40.390000 0 0
40.460000 0 0
40.530000 58 55
40.600000 0 0
40.670000 0 0
40.740000 0 0
40.810000 0 0
40.880000 60 58
40.950000 0 0
41.020000 0 0
41.090000 0 0
41.160000 0 0
41.230000 63 61
41.300000 0 0
41.370000 0 0
41.440000 0 0
41.510000 0 0
41.580000 0 0
41.650000 56 58
41.720000 0 0
41.790000 0 0
41.860000 0 0
41.930000 0 0
42.000000 49 54
42.070000 49 54
42.140000 49 54
42.210000 0 0
42.280000 56 50
42.350000 61 50
42.420000 0 0
42.490000 0 0
42.560000 65 54
42.630000 0 0
42.700000 68 56
42.770000 0 0
42.840000 0 0
42.910000 73 54
42.980000 0 0
43.050000 61 56
43.120000 61 56
43.190000 61 56
43.260000 0 0
43.330000 0 0
43.400000 0 0
43.470000 37 58
43.540000 37 58
43.610000 37 58
43.680000 37 58
43.750000 37 58
43.820000 0 0
43.890000 0 0
43.960000 0 0
44.030000 0 0
44.100000 0 0
44.170000 0 0
44.240000 71 49
44.310000 71 49
44.380000 71 49
44.450000 73 50
44.520000 73 50
44.590000 0 0
44.660000 75 51
44.730000 75 51
44.800000 75 51
44.870000 75 51
44.940000 75 51
45.010000 0 0
45.080000 77 49
45.150000 77 49
45.220000 0 0
45.290000 75 46
45.360000 75 46
45.430000 73 51
45.500000 73 51
45.570000 73 51
45.640000 73 51
45.710000 73 51
45.780000 0 0
45.850000 71 49
45.920000 71 49
45.990000 0 0
46.060000 73 46
46.130000 73 46
46.200000 70 42
46.270000 70 42
46.340000 70 42
46.410000 70 42
46.480000 70 42
46.550000 0 0
46.620000 51 43
46.690000 51 43
46.760000 51 43
46.830000 63 39
46.900000 63 39
46.970000 63 39
47.040000 63 39
47.110000 63 39
47.180000 63 39
47.250000 63 39
47.320000 56 44
47.390000 49 35
47.460000 49 35
47.530000 49 35
47.600000 49 35
47.670000 49 35
47.740000 49 35
47.810000 65 45
47.880000 54 45
47.950000 54 45
48.020000 54 45
48.090000 54 45
48.160000 54 45
48.230000 0 0
48.300000 0 0
48.370000 0 0
48.440000 0 0
48.510000 0 0
48.580000 0 0
48.650000 0 0
48.720000 0 0
48.790000 0 0
48.860000 0 0
48.930000 0 0
49.000000 54 51
49.070000 0 0
49.140000 0 0
49.210000 0 0
49.280000 0 0
49.350000 0 0
49.420000 0 0
49.490000 0 0
49.560000 0 0
49.630000 0 0
49.700000 0 0
49.770000 0 0
49.840000 0 0
49.910000 0 0
49.980000 0 0
50.050000 56 51
50.120000 0 0
50.190000 0 0
50.260000 0 0
50.330000 0 0
50.400000 61 51
50.470000 61 51
50.540000 61 51
50.610000 0 0
50.680000 0 0
50.750000 63 55
50.820000 63 55
50.890000 0 0
50.960000 0 0
51.030000 0 0
51.100000 65 58
51.170000 65 58
51.240000 0 0
51.310000 0 0
51.380000 0 0
51.450000 68 61
51.520000 68 61
51.590000 68 61
51.660000 68 61
51.730000 68 61
51.800000 61 58
51.870000 61 58
51.940000 61 58
52.010000 0 0
52.080000 0 0
52.150000 0 0
52.220000 54 51
52.290000 0 0
52.360000 0 0
52.430000 0 0
52.500000 0 0
52.570000 0 0
52.640000 0 0
52.710000 0 0
52.780000 0 0
52.850000 0 0
52.920000 0 0
52.990000 0 0
53.060000 0 0
53.130000 0 0
53.200000 0 0
53.270000 54 51
53.340000 0 0
53.410000 0 0
53.480000 0 0
53.550000 0 0
53.620000 0 0
53.690000 0 0
53.760000 0 0
53.830000 0 0
53.900000 0 0
53.970000 0 0
54.040000 0 0
54.110000 0 0
54.180000 0 0
54.250000 0 0
54.320000 56 51
54.390000 0 0
54.460000 0 0
54.530000 0 0
54.600000 0 0
54.670000 61 51
54.740000 61 51
54.810000 61 51
54.880000 0 0
54.950000 0 0
55.020000 63 55
55.090000 63 55
55.160000 0 0
55.230000 0 0
55.300000 0 0
55.370000 65 58
55.440000 65 58
55.510000 0 0
55.580000 0 0
55.650000 0 0
55.720000 0 0
55.790000 68 61
55.860000 68 61
55.930000 68 61
56.000000 68 61
56.070000 68 61
56.140000 61 58
56.210000 61 58
56.280000 61 58
56.350000 0 0
56.420000 0 0
56.490000 54 54
56.560000 54 54
56.630000 54 54
56.700000 0 0
56.770000 61 50
56.840000 66 50
56.910000 0 0
56.980000 0 0
57.050000 70 54
57.120000 0 0
57.190000 73 56
57.260000 0 0
57.330000 0 0
57.400000 78 54
57.470000 0 0
57.540000 0 0
57.610000 82 63
57.680000 0 0
57.750000 0 0
57.820000 0 0
57.890000 0 0
57.960000 42 58
58.030000 42 58
58.100000 42 58
58.170000 42 58
58.240000 42 58
58.310000 42 58
58.380000 0 0
58.450000 0 0
58.520000 0 0
58.590000 0 0
58.660000 0 0
58.730000 54 32
58.800000 0 0
58.870000 0 0
58.940000 54 28
59.010000 0 0
59.080000 54 36
59.150000 54 36
59.220000 54 36
59.290000 54 36
59.360000 54 36
59.430000 0 0
59.500000 54 32
59.570000 0 0
59.640000 54 28
59.710000 0 0
59.780000 0 0
59.850000 54 41
59.920000 54 41
59.990000 54 41
60.060000 54 41
60.130000 54 41
60.200000 54 42
60.270000 54 42
60.340000 54 42
60.410000 54 42
60.480000 54 42
60.550000 0 0
60.620000 66 50
60.690000 66 50
60.760000 66 50
60.830000 66 50
60.900000 66 50
60.970000 0 0
61.040000 53 42
61.110000 53 42
61.180000 53 42
61.250000 53 42
61.320000 53 42
61.390000 52 40
61.460000 52 40
61.530000 52 40
61.600000 52 40
61.670000 52 40
61.740000 0 0
61.810000 62 45
61.880000 62 45
61.950000 62 45
62.020000 62 45
62.090000 62 45
62.160000 57 56
62.230000 57 56
62.300000 0 0
62.370000 0 0
62.440000 0 0
62.510000 0 0
62.580000 76 57
62.650000 76 57
62.720000 0 0
62.790000 0 0
62.860000 0 0
62.930000 52 53
63.000000 52 53
63.070000 52 53
63.140000 52 53
63.210000 52 53
63.280000 57 32
63.350000 0 0
63.420000 0 0
63.490000 57 28
63.560000 0 0
63.630000 0 0
63.700000 57 36
63.770000 57 36
63.840000 57 36
63.910000 57 36
63.980000 57 36
64.050000 57 32
64.120000 0 0
64.190000 57 28
64.260000 0 0
64.330000 0 0
64.400000 57 31
64.470000 57 31
64.540000 57 31
64.610000 57 31
64.680000 57 31
64.750000 0 0
64.820000 57 36
64.890000 0 0
64.960000 57 31
65.030000 0 0
65.100000 0 0
65.170000 61 44
65.240000 61 44
65.310000 61 44
65.380000 61 44
65.450000 61 44
65.520000 0 0
65.590000 67 45
65.660000 67 45
65.730000 62 48
65.800000 62 48
65.870000 0 0
65.940000 61 53
66.010000 61 53
66.080000 61 53
66.150000 61 53
66.220000 61 53
66.290000 0 0
66.360000 57 49
66.430000 57 49
66.500000 57 49
66.570000 57 49
66.640000 57 49
66.710000 0 0
66.780000 62 70
66.850000 62 70
66.920000 0 0
66.990000 0 0
67.060000 0 0
67.130000 81 69
67.200000 81 69
67.270000 0 0
67.340000 0 0
67.410000 0 0
67.480000 69 66
67.550000 69 66
67.620000 69 66
67.690000 69 66
67.760000 69 66
67.830000 0 0
67.900000 65 40
67.970000 0 0
68.040000 64 35
68.110000 0 0
68.180000 0 0
68.250000 62 45
68.320000 62 45
68.390000 62 45
68.460000 62 45
68.530000 62 45
68.600000 64 40
68.670000 0 0
68.740000 0 0
68.810000 65 35
68.880000 0 0
68.950000 64 39
69.020000 64 39
69.090000 64 39
69.160000 64 39
69.230000 64 39
69.300000 0 0
69.370000 62 45
69.440000 62 45
69.510000 0 0
69.580000 60 39
69.650000 60 39
69.720000 0 0
69.790000 59 44
69.860000 59 44
69.930000 59 44
70.000000 59 44
70.070000 59 44
70.140000 53 45
70.210000 53 45
70.280000 53 45
70.350000 53 45
70.420000 53 45
70.490000 0 0
70.560000 77 59
70.630000 77 59
70.700000 77 59
70.770000 77 59
70.840000 77 59
70.910000 78 55
70.980000 78 55
71.050000 78 55
71.120000 78 55
71.190000 78 55
71.260000 0 0
71.330000 28 70
71.400000 28 70
71.470000 0 0
71.540000 0 0
71.610000 0 0
71.680000 71 70
71.750000 71 70
71.820000 0 0
71.890000 0 0
71.960000 0 0
72.030000 0 0
72.100000 47 66
72.170000 47 66
72.240000 47 66
72.310000 47 66
72.380000 47 66
72.450000 45 66
72.520000 45 66
72.590000 45 66
72.660000 45 66
72.730000 45 66
72.800000 0 0
72.870000 62 58
72.940000 62 58
73.010000 0 0
73.080000 0 0
73.150000 0 0
73.220000 40 59
73.290000 40 59
73.360000 0 0
73.430000 0 0
73.500000 0 0
73.570000 45 56
73.640000 45 56
73.710000 0 0
73.780000 63 51
73.850000 0 0
73.920000 0 0
73.990000 64 55
74.060000 0 0
74.130000 69 58
74.200000 0 0
74.270000 0 0
74.340000 73 62
74.410000 0 0
74.480000 0 0
74.550000 76 65
74.620000 0 0
74.690000 66 69
74.760000 66 69
74.830000 0 0
74.900000 0 0
74.970000 0 0
75.040000 0 0
75.110000 78 60
75.180000 78 60
75.250000 78 60
75.320000 78 60
75.390000 78 60
75.460000 63 63
75.530000 63 63
75.600000 63 63
75.670000 63 63
75.740000 63 63
75.810000 0 0
75.880000 52 63
75.950000 52 63
76.020000 0 0
76.090000 0 0
76.160000 0 0
76.230000 40 69
76.300000 40 69
76.370000 0 0
76.440000 0 0
76.510000 0 0
76.580000 0 0
76.650000 0 0
76.720000 0 0
76.790000 0 0
76.860000 0 0
76.930000 0 0
77.000000 0 0
77.070000 48 51
77.140000 0 0
77.210000 0 0
77.280000 0 0
77.350000 0 0
77.420000 0 0
77.490000 0 0
77.560000 0 0
77.630000 0 0
77.700000 0 0
77.770000 0 0
77.840000 0 0
77.910000 0 0
77.980000 0 0
78.050000 0 0
78.120000 48 51
78.190000 0 0
78.260000 0 0
78.330000 0 0
78.400000 0 0
78.470000 0 0
78.540000 0 0
78.610000 0 0
78.680000 0 0
78.750000 0 0
78.820000 0 0
78.890000 0 0
78.960000 0 0
79.030000 0 0
79.100000 0 0
79.170000 50 51
79.240000 0 0
79.310000 0 0
79.380000 0 0
79.450000 0 0
79.520000 55 51
79.590000 55 51
79.660000 55 51
79.730000 0 0
79.800000 0 0
79.870000 57 55
79.940000 57 55
80.010000 57 55
80.080000 57 55
80.150000 57 55
80.220000 59 58
80.290000 59 58
80.360000 0 0
80.430000 0 0
80.500000 0 0
80.570000 62 59
80.640000 62 59
80.710000 62 59
80.780000 62 59
80.850000 62 59
80.920000 0 0
80.990000 55 58
81.060000 55 58
81.130000 0 0
81.200000 0 0
81.270000 0 0
81.340000 48 43
81.410000 0 0
81.480000 0 0
81.550000 0 0
81.620000 0 0
81.690000 0 0
81.760000 0 0
81.830000 0 0
81.900000 0 0
81.970000 0 0
82.040000 0 0
82.110000 0 0
82.180000 0 0
82.250000 0 0
82.320000 0 0
82.390000 48 43
82.460000 0 0
82.530000 0 0
82.600000 0 0
82.670000 0 0
82.740000 0 0
82.810000 0 0
82.880000 0 0
82.950000 0 0
83.020000 0 0
83.090000 0 0
83.160000 0 0
83.230000 0 0
83.300000 0 0
83.370000 0 0
83.440000 50 43
83.510000 0 0
83.580000 0 0
83.650000 0 0
83.720000 0 0
83.790000 55 43
83.860000 55 43
83.930000 55 43
84.000000 0 0
84.070000 0 0
84.140000 57 46
84.210000 57 46
84.280000 0 0
84.350000 0 0
84.420000 0 0
84.490000 59 49
84.560000 59 49
84.630000 0 0
84.700000 0 0
84.770000 0 0
84.840000 0 0
84.910000 62 50
84.980000 62 50
85.050000 62 50
85.120000 62 50
85.190000 62 50
85.260000 55 49
85.330000 55 49
85.400000 55 49
85.470000 0 0
85.540000 0 0
85.610000 64 44
85.680000 0 0
85.750000 0 0
85.820000 67 45
85.890000 0 0
85.960000 72 45
86.030000 0 0
86.100000 0 0
86.170000 71 43
86.240000 0 0
86.310000 70 44
86.380000 0 0
86.450000 0 0
86.520000 69 41
86.590000 0 0
86.660000 68 45
86.730000 0 0
86.800000 0 0
86.870000 66 42
86.940000 0 0
87.010000 67 44
87.080000 0 0
87.150000 0 0
87.220000 64 41
87.290000 0 0
87.360000 60 37
87.430000 0 0
87.500000 0 0
87.570000 58 37
87.640000 58 37
87.710000 0 0
87.780000 57 34
87.850000 57 34
87.920000 66 36
87.990000 66 36
88.060000 0 0
88.130000 67 37
88.200000 67 37
88.270000 62 39
88.340000 62 39
88.410000 0 0
88.480000 61 41
88.550000 61 41
88.620000 57 43
88.690000 57 43
88.760000 0 0
88.830000 62 45
88.900000 62 45
88.970000 62 45
89.040000 62 45
89.110000 62 45
89.180000 62 45
89.250000 62 45
89.320000 62 45
89.390000 62 45
89.460000 62 45
89.530000 69 47
89.600000 69 47
89.670000 69 47
89.740000 69 47
89.810000 69 47
89.880000 0 0
89.950000 65 48
90.020000 0 0
90.090000 69 49
90.160000 0 0
90.230000 0 0
90.300000 74 49
90.370000 0 0
90.440000 73 47
90.510000 0 0
90.580000 0 0
90.650000 72 48
90.720000 0 0
90.790000 71 45
90.860000 0 0
90.930000 0 0
91.000000 70 49
91.070000 0 0
91.140000 68 46
91.210000 0 0
91.280000 0 0
91.350000 69 48
91.420000 0 0
91.490000 0 0
91.560000 65 45
91.630000 0 0
91.700000 62 40
91.770000 0 0
91.840000 0 0
91.910000 60 40
91.980000 60 40
92.050000 59 34
92.120000 59 34
92.190000 59 34
92.260000 59 34
92.330000 59 34
92.400000 59 34
92.470000 59 34
92.540000 59 34
92.610000 59 34
92.680000 59 34
92.750000 59 34
92.820000 59 34
92.890000 63 41
92.960000 59 43
93.030000 59 43
93.100000 0 0
93.170000 64 45
93.240000 64 45
93.310000 64 45
93.380000 64 45
93.450000 64 45
93.520000 64 45
93.590000 64 45
93.660000 64 45
93.730000 64 45
93.800000 64 45
93.870000 71 47
93.940000 71 47
94.010000 71 47
94.080000 71 47
94.150000 71 47
94.220000 67 48
94.290000 0 0
94.360000 0 0
94.430000 71 49
94.500000 0 0
94.570000 76 49
94.640000 0 0
94.710000 0 0
94.780000 75 47
94.850000 0 0
94.920000 0 0
94.990000 74 48
95.060000 0 0
95.130000 73 45
95.200000 0 0
95.270000 0 0
95.340000 72 49
95.410000 0 0
95.480000 70 46
95.550000 0 0
95.620000 0 0
95.690000 71 48
95.760000 0 0
95.830000 67 45
95.900000 0 0
95.970000 0 0
96.040000 64 40
96.110000 0 0
96.180000 0 0
96.250000 59 40
96.320000 0 0
96.390000 70 52
96.460000 0 0
96.530000 0 0
96.600000 74 53
96.670000 0 0
96.740000 79 53
96.810000 0 0
96.880000 0 0
96.950000 78 51
97.020000 0 0
97.090000 77 52
97.160000 0 0
97.230000 0 0
97.300000 76 49
97.370000 0 0
97.440000 0 0
97.510000 75 53
97.580000 0 0
97.650000 73 50
97.720000 0 0
97.790000 0 0
97.860000 74 52
97.930000 0 0
98.000000 70 49
98.070000 0 0
98.140000 0 0
98.210000 67 44
98.280000 0 0
98.350000 62 44
98.420000 0 0
98.490000 0 0
98.560000 79 57
98.630000 0 0
98.700000 0 0
98.770000 81 58
98.840000 0 0
98.910000 82 58
98.980000 0 0
99.050000 0 0
99.120000 84 56
99.190000 0 0
99.260000 82 57
99.330000 0 0
99.400000 0 0
99.470000 81 53
99.540000 0 0
99.610000 80 58
99.680000 0 0
99.750000 0 0
99.820000 79 55
99.890000 0 0
99.960000 0 0
100.030000 76 57
100.100000 0 0
100.170000 73 53
100.240000 0 0
100.310000 0 0
100.380000 70 48
100.450000 0 0
100.520000 67 48
100.590000 0 0
100.660000 0 0
100.730000 73 58
100.800000 0 0
100.870000 70 55
100.940000 0 0
101.010000 0 0
101.080000 67 54
101.150000 0 0
101.220000 0 0
101.290000 64 53
101.360000 0 0
101.430000 61 48
101.500000 0 0
101.570000 0 0
101.640000 58 48
101.710000 0 0
101.780000 67 52
101.850000 0 0
101.920000 0 0
101.990000 64 49
102.060000 0 0
102.130000 0 0
102.200000 61 48
102.270000 0 0
102.340000 58 47
102.410000 0 0
102.480000 0 0
102.550000 55 43
102.620000 55 43
102.690000 52 43
102.760000 52 43
102.830000 0 0
102.900000 35 44
102.970000 35 44
103.040000 0 0
103.110000 42 45
103.180000 42 45
103.250000 43 45
103.320000 43 45
103.390000 0 0
103.460000 42 43
103.530000 42 43
103.600000 0 0
103.670000 47 44
103.740000 47 44
103.810000 51 41
103.880000 51 41
103.950000 0 0
104.020000 52 45
104.090000 52 45
104.160000 54 39
104.230000 54 39
104.300000 0 0
104.370000 55 44
104.440000 55 44
104.510000 52 41
104.580000 52 41
104.650000 0 0
104.720000 58 37
104.790000 58 37
104.860000 59 37
104.930000 59 37
105.000000 0 0
105.070000 35 46
105.140000 35 46
105.210000 0 0
105.280000 42 47
105.350000 42 47
105.420000 43 47
105.490000 43 47
105.560000 0 0
105.630000 42 45
105.700000 42 45
105.770000 47 46
105.840000 47 46
105.910000 0 0
105.980000 51 43
106.050000 51 43
106.120000 0 0
106.190000 52 47
106.260000 52 47
106.330000 54 38
106.400000 54 38
106.470000 0 0
106.540000 55 47
106.610000 55 47
106.680000 52 45
106.750000 52 45
106.820000 0 0
106.890000 58 40
106.960000 58 40
107.030000 59 40
107.100000 59 40
107.170000 0 0
107.240000 35 54
107.310000 35 54
107.380000 0 0
107.450000 42 56
107.520000 42 56
107.590000 43 56
107.660000 43 56
107.730000 0 0
107.800000 42 53
107.870000 42 53
107.940000 47 54
108.010000 47 54
108.080000 0 0
108.150000 51 51
108.220000 51 51
108.290000 48 56
108.360000 48 56
108.430000 0 0
108.500000 56 58
108.570000 56 58
108.640000 0 0
108.710000 57 58
108.780000 57 58
108.850000 60 55
108.920000 60 55
108.990000 0 0
109.060000 63 56
109.130000 63 56
109.200000 66 53
109.270000 66 53
109.340000 0 0
109.410000 49 55
109.480000 49 55
109.550000 0 0
109.620000 0 0
109.690000 0 0
109.760000 66 51
109.830000 66 51
109.900000 0 0
109.970000 0 0
110.040000 0 0
110.110000 49 54
110.180000 49 54
110.250000 0 0
110.320000 0 0
110.390000 0 0
110.460000 37 61
110.530000 37 61
110.600000 0 0
110.670000 0 0
110.740000 0 0
110.810000 0 0
110.880000 71 47
110.950000 71 47
111.020000 0 0
111.090000 0 0
111.160000 0 0
111.230000 37 61
111.300000 37 61
111.370000 37 61
111.440000 37 61
111.510000 37 61
111.580000 0 0
111.650000 42 70
111.720000 42 70
111.790000 49 63
111.860000 49 63
111.930000 49 63
112.000000 49 63
112.070000 49 63
112.140000 0 0
112.210000 49 57
112.280000 49 57
112.350000 42 70
112.420000 42 70
112.490000 0 0
112.560000 49 55
112.630000 49 55
112.700000 42 72
112.770000 42 72
112.840000 0 0
112.910000 50 54
112.980000 50 54
113.050000 50 54
113.120000 50 54
113.190000 50 54
113.260000 50 55
113.330000 50 55
113.400000 0 0
113.470000 42 59
113.540000 42 59
113.610000 50 50
113.680000 50 50
113.750000 0 0
113.820000 42 63
113.890000 42 63
113.960000 0 0
114.030000 49 56
114.100000 49 56
114.170000 49 56
114.240000 49 56
114.310000 49 56
114.380000 49 51
114.450000 49 51
114.520000 42 63
114.590000 42 63
114.660000 0 0
114.730000 49 49
114.800000 49 49
114.870000 42 64
114.940000 42 64
115.010000 0 0
115.080000 53 48
115.150000 53 48
115.220000 53 48
115.290000 53 48
115.360000 53 48
115.430000 53 46
115.500000 53 46
115.570000 0 0
115.640000 42 50
115.710000 42 50
115.780000 53 42
115.850000 53 42
115.920000 0 0
115.990000 42 70
116.060000 42 70
116.130000 0 0
116.200000 49 63
116.270000 49 63
116.340000 49 63
116.410000 49 63
116.480000 49 63
116.550000 49 57
116.620000 49 57
116.690000 0 0
116.760000 42 70
116.830000 42 70
116.900000 49 55
116.970000 49 55
117.040000 0 0
117.110000 42 72
117.180000 42 72
117.250000 50 54
117.320000 50 54
117.390000 50 54
117.460000 50 54
117.530000 50 54
117.600000 50 55
117.670000 50 55
117.740000 0 0
117.810000 42 59
117.880000 42 59
117.950000 0 0
118.020000 50 50
118.090000 50 50
118.160000 42 63
118.230000 42 63
118.300000 0 0
118.370000 49 56
118.440000 49 56
118.510000 49 56
118.580000 49 56
118.650000 49 56
118.720000 49 51
118.790000 49 51
118.860000 0 0
118.930000 42 63
119.000000 42 63
119.070000 49 49
119.140000 49 49
119.210000 0 0
119.280000 42 64
119.350000 42 64
119.420000 53 48
119.490000 53 48
119.560000 53 48
119.630000 53 48
119.700000 53 48
119.770000 53 46
119.840000 53 46
119.910000 0 0
119.980000 42 50
120.050000 42 50
120.120000 0 0
120.190000 53 42
120.260000 53 42
120.330000 54 51
120.400000 0 0
120.470000 0 0
120.540000 0 0
120.610000 0 0
120.680000 0 0
120.750000 0 0
120.820000 0 0
120.890000 0 0
120.960000 0 0
121.030000 0 0
121.100000 0 0
121.170000 0 0
121.240000 0 0
121.310000 0 0
121.380000 56 48
121.450000 56 48
121.520000 0 0
121.590000 61 44
121.660000 61 44
121.730000 61 44
121.800000 61 44
121.870000 61 44
121.940000 61 32
122.010000 61 32
122.080000 0 0
122.150000 49 53
122.220000 49 53
122.290000 61 31
122.360000 61 31
122.430000 0 0
122.500000 54 51
122.570000 0 0
122.640000 0 0
122.710000 0 0
122.780000 0 0
122.850000 0 0
122.920000 0 0
122.990000 0 0
123.060000 0 0
123.130000 0 0
123.200000 0 0
123.270000 0 0
123.340000 0 0
123.410000 0 0
123.480000 0 0
123.550000 56 48
123.620000 56 48
123.690000 0 0
123.760000 61 44
123.830000 61 44
123.900000 61 44
123.970000 61 44
124.040000 61 44
124.110000 61 32
124.180000 61 32
124.250000 0 0
124.320000 49 53
124.390000 49 53
124.460000 61 31
124.530000 61 31
124.600000 0 0
124.670000 54 51
124.740000 0 0
124.810000 0 0
124.880000 0 0
124.950000 0 0
125.020000 0 0
125.090000 0 0
125.160000 0 0
125.230000 0 0
125.300000 0 0
125.370000 0 0
125.440000 0 0
125.510000 0 0
125.580000 0 0
125.650000 0 0
125.720000 42 58
125.790000 42 58
125.860000 42 58
125.930000 42 58
126.000000 42 58
126.070000 50 52
126.140000 50 52
126.210000 50 52
126.280000 50 52
126.350000 50 52
126.420000 0 0
126.490000 38 52
126.560000 38 52
126.630000 38 52
126.700000 38 52
126.770000 38 52
126.840000 43 59
126.910000 43 59
126.980000 43 59
127.050000 43 59
127.120000 43 59
127.190000 50 55
127.260000 50 55
127.330000 50 55
127.400000 50 55
127.470000 50 55
127.540000 43 55
127.610000 43 55
127.680000 43 55
127.750000 43 55
127.820000 43 55
127.890000 0 0
127.960000 49 50
128.030000 49 50
128.100000 49 50
128.170000 49 50
128.240000 49 50
128.310000 49 50
128.380000 49 50
128.450000 49 50
128.520000 49 50
128.590000 49 50
128.660000 49 50
128.730000 49 50
128.800000 49 50
128.870000 49 50
128.940000 49 50
129.010000 49 50
129.080000 54 51
129.150000 0 0
129.220000 0 0
129.290000 0 0
129.360000 0 0
129.430000 0 0
129.500000 0 0
129.570000 0 0
129.640000 0 0
129.710000 0 0
129.780000 0 0
129.850000 0 0
129.920000 0 0
129.990000 0 0
130.060000 0 0
130.130000 0 0
130.200000 56 48
130.270000 56 48
130.340000 61 44
130.410000 61 44
130.480000 61 44
130.550000 61 44
130.620000 61 44
130.690000 61 32
130.760000 61 32
130.830000 0 0
130.900000 49 53
130.970000 49 53
131.040000 61 31
131.110000 61 31
131.180000 0 0
131.250000 54 51
131.320000 0 0
131.390000 0 0
131.460000 0 0
131.530000 0 0
131.600000 0 0
131.670000 0 0
131.740000 0 0
131.810000 0 0
131.880000 0 0
131.950000 0 0
132.020000 0 0
132.090000 0 0
132.160000 0 0
132.230000 0 0
132.300000 56 48
132.370000 56 48
132.440000 0 0
132.510000 61 44
132.580000 61 44
132.650000 61 44
132.720000 61 44
132.790000 61 44
132.860000 61 32
132.930000 61 32
133.000000 0 0
133.070000 49 53
133.140000 49 53
133.210000 61 31
133.280000 61 31
133.350000 0 0
133.420000 54 51
133.490000 0 0
133.560000 0 0
133.630000 0 0
133.700000 0 0
133.770000 0 0
133.840000 0 0
133.910000 0 0
133.980000 0 0
134.050000 0 0
134.120000 0 0
134.190000 0 0
134.260000 0 0
134.330000 0 0
134.400000 0 0
134.470000 42 58
134.540000 42 58
134.610000 42 58
134.680000 42 58
134.750000 42 58
134.820000 0 0
134.890000 50 52
134.960000 50 52
135.030000 50 52
135.100000 50 52
135.170000 50 52
135.240000 38 52
135.310000 38 52
135.380000 38 52
135.450000 38 52
135.520000 38 52
135.590000 43 59
135.660000 43 59
135.730000 43 59
135.800000 43 59
135.870000 43 59
135.940000 50 55
136.010000 50 55
136.080000 50 55
136.150000 50 55
136.220000 50 55
136.290000 43 55
136.360000 43 55
136.430000 43 55
136.500000 43 55
136.570000 43 55
136.640000 0 0
136.710000 49 50
136.780000 49 50
136.850000 49 50
136.920000 49 50
136.990000 49 50
137.060000 49 50
137.130000 49 50
137.200000 49 50
137.270000 49 50
137.340000 49 50
137.410000 49 50
137.480000 49 50
137.550000 49 50
137.620000 49 50
137.690000 49 50
137.760000 49 50
137.830000 42 61
137.900000 42 61
137.970000 0 0
138.040000 0 0
138.110000 0 0
138.180000 0 0
138.250000 80 69
138.320000 0 0
138.390000 0 0
138.460000 0 0
138.530000 0 0
138.600000 80 69
138.670000 0 0
138.740000 0 0
138.810000 0 0
138.880000 0 0
138.950000 80 69
139.020000 0 0
139.090000 0 0
139.160000 0 0
139.230000 0 0
139.300000 0 0
139.370000 80 69
139.440000 0 0
139.510000 0 0
139.580000 0 0
139.650000 0 0
139.720000 80 69
139.790000 0 0
139.860000 0 0
139.930000 0 0
140.000000 0 0
140.070000 54 73
140.140000 54 73
140.210000 0 0
140.280000 0 0
140.350000 0 0
140.420000 0 0
140.490000 64 64
140.560000 0 0
140.630000 0 0
140.700000 0 0
140.770000 0 0
140.840000 64 64
140.910000 0 0
140.980000 0 0
141.050000 0 0
141.120000 0 0
141.190000 64 64
141.260000 0 0
141.330000 0 0
141.400000 0 0
141.470000 0 0
141.540000 64 64
141.610000 0 0
141.680000 0 0
141.750000 0 0
141.820000 0 0
141.890000 0 0
141.960000 64 64
142.030000 0 0
142.100000 0 0
142.170000 0 0
142.240000 0 0
142.310000 49 61
142.380000 49 61
142.450000 0 0
142.520000 0 0
142.590000 0 0
142.660000 80 68
142.730000 0 0
142.800000 0 0
142.870000 0 0
142.940000 0 0
143.010000 0 0
143.080000 80 68
143.150000 0 0
143.220000 0 0
143.290000 0 0
143.360000 0 0
143.430000 80 68
143.500000 0 0
143.570000 0 0
143.640000 0 0
143.710000 0 0
143.780000 80 68
143.850000 0 0
143.920000 0 0
143.990000 0 0
144.060000 0 0
144.130000 0 0
144.200000 80 68
144.270000 0 0
144.340000 0 0
144.410000 0 0
144.480000 0 0
144.550000 51 73
144.620000 51 73
144.690000 0 0
144.760000 0 0
144.830000 0 0
144.900000 65 64
144.970000 0 0
145.040000 0 0
145.110000 0 0
145.180000 0 0
145.250000 0 0
145.320000 65 64
145.390000 0 0
145.460000 0 0
145.530000 0 0
145.600000 0 0
145.670000 65 64
145.740000 0 0
145.810000 0 0
145.880000 0 0
145.950000 0 0
146.020000 65 64
146.090000 0 0
146.160000 0 0
146.230000 0 0
146.300000 0 0
146.370000 47 52
146.440000 0 0
146.510000 0 0
146.580000 47 51
146.650000 0 0
146.720000 0 0
146.790000 42 58
146.860000 42 58
146.930000 0 0
147.000000 0 0
147.070000 0 0
147.140000 0 0
147.210000 61 68
147.280000 0 0
147.350000 0 0
147.420000 0 0
147.490000 0 0
147.560000 66 72
147.630000 0 0
147.700000 0 0
147.770000 0 0
147.840000 0 0
147.910000 73 73
147.980000 0 0
148.050000 0 0
148.120000 0 0
148.190000 0 0
148.260000 78 77
148.330000 0 0
148.400000 0 0
148.470000 0 0
148.540000 0 0
148.610000 0 0
148.680000 85 79
148.750000 0 0
148.820000 0 0
148.890000 0 0
148.960000 0 0
149.030000 90 90
149.100000 90 90
149.170000 0 0
149.240000 0 0
149.310000 0 0
149.380000 0 0
149.450000 0 0
149.520000 0 0
149.590000 0 0
149.660000 0 0
149.730000 0 0
149.800000 0 0
149.870000 47 55
149.940000 47 55
150.010000 0 0
150.080000 0 0
150.150000 0 0
150.220000 42 61
150.290000 42 61
150.360000 42 61
150.430000 0 0
150.500000 0 0
150.570000 0 0
150.640000 0 0
150.710000 0 0
150.780000 0 0
150.850000 0 0
150.920000 0 0
150.990000 0 0
151.060000 0 0
151.130000 0 0
151.200000 0 0
151.270000 54 62
151.340000 54 62
151.410000 54 62
