"chpn-p24"

# Piano right
0.000000 0 0
0.070000 0 0
0.140000 0 0
0.210000 0 0
0.280000 0 0
0.350000 0 0
0.420000 0 0
0.490000 0 0
0.560000 0 0
0.630000 0 0
0.700000 0 0
0.770000 0 0
0.840000 0 0
0.910000 0 0
0.980000 0 0
1.050000 0 0
1.120000 0 0
1.190000 0 0
1.260000 0 0
1.330000 0 0
1.400000 0 0
1.470000 0 0
1.540000 0 0
1.610000 0 0
1.680000 0 0
1.750000 0 0
1.820000 0 0
1.890000 0 0
1.960000 0 0
2.030000 0 0
2.100000 0 0
2.170000 0 0
2.240000 0 0
2.310000 0 0
2.380000 0 0
2.450000 0 0
2.520000 0 0
2.590000 0 0
2.660000 0 0
2.730000 0 0
2.800000 0 0
2.870000 0 0
2.940000 0 0
3.010000 0 0
3.080000 0 0
3.150000 0 0
3.220000 69 79
3.290000 69 79
3.360000 69 79
3.430000 69 79
3.500000 69 79
3.570000 69 79
3.640000 69 79
3.710000 65 73
3.780000 65 73
3.850000 65 73
3.920000 0 0
3.990000 62 70
4.060000 62 70
4.130000 62 70
4.200000 62 70
4.270000 62 70
4.340000 62 70
4.410000 62 70
4.480000 62 70
4.550000 62 70
4.620000 62 70
4.690000 62 70
4.760000 62 70
4.830000 62 70
4.900000 62 70
4.970000 62 70
5.040000 62 70
5.110000 62 70
5.180000 62 70
5.250000 62 70
5.320000 62 70
5.390000 62 70
5.460000 62 70
5.530000 0 0
5.600000 65 72
5.670000 65 72
5.740000 65 72
5.810000 69 77
5.880000 69 77
5.950000 69 77
6.020000 69 77
6.090000 69 77
6.160000 0 0
6.230000 74 78
6.300000 0 0
6.370000 72 77
6.440000 72 77
6.510000 72 77
6.580000 72 77
6.650000 72 77
6.720000 72 77
6.790000 72 77
6.860000 72 77
6.930000 72 77
7.000000 72 77
7.070000 72 77
7.140000 72 77
7.210000 72 77
7.280000 72 77
7.350000 72 77
7.420000 72 77
7.490000 72 77
7.560000 72 77
7.630000 72 77
7.700000 72 77
7.770000 70 75
7.840000 0 0
7.910000 69 70
7.980000 69 70
8.050000 69 70
8.120000 69 70
8.190000 69 70
8.260000 69 70
8.330000 69 70
8.400000 69 70
8.470000 69 70
8.540000 69 70
8.610000 69 70
8.680000 0 0
8.750000 0 0
8.820000 0 0
8.890000 0 0
8.960000 0 0
9.030000 0 0
9.100000 0 0
9.170000 0 0
9.240000 0 0
9.310000 0 0
9.380000 69 77
9.450000 0 0
9.520000 69 77
9.590000 69 77
9.660000 69 77
9.730000 69 77
9.800000 69 77
9.870000 69 77
9.940000 69 77
10.010000 0 0
10.080000 0 0
10.150000 0 0
10.220000 65 63
10.290000 0 0
10.360000 0 0
10.430000 0 0
10.500000 64 72
10.570000 64 72
10.640000 64 72
10.710000 0 0
10.780000 62 72
10.850000 62 72
10.920000 62 72
10.990000 0 0
11.060000 0 0
11.130000 0 0
11.200000 0 0
11.270000 0 0
11.340000 0 0
11.410000 0 0
11.480000 0 0
11.550000 0 0
11.620000 0 0
11.690000 0 0
11.760000 0 0
11.830000 65 70
11.900000 65 70
11.970000 65 70
12.040000 0 0
12.110000 69 72
12.180000 69 72
12.250000 69 72
12.320000 74 76
12.390000 74 76
12.460000 74 76
12.530000 74 76
12.600000 74 76
12.670000 0 0
12.740000 77 77
12.810000 0 0
12.880000 76 79
12.950000 76 79
13.020000 76 79
13.090000 76 79
13.160000 76 79
13.230000 76 79
13.300000 76 79
13.370000 76 79
13.440000 76 79
13.510000 76 79
13.580000 76 79
13.650000 76 79
13.720000 76 79
13.790000 76 79
13.860000 76 79
13.930000 76 79
14.000000 76 79
14.070000 76 79
14.140000 76 79
14.210000 76 79
14.280000 74 79
14.350000 0 0
14.420000 69 79
14.490000 69 79
14.560000 69 79
14.630000 69 79
14.700000 69 79
14.770000 0 0
14.840000 0 0
14.910000 0 0
14.980000 72 58
15.050000 71 58
15.120000 0 0
15.190000 71 59
15.260000 0 0
15.330000 0 0
15.400000 0 0
15.470000 0 0
15.540000 0 0
15.610000 0 0
15.680000 0 0
15.750000 0 0
15.820000 0 0
15.890000 0 0
15.960000 0 0
16.030000 72 79
16.100000 72 79
16.170000 72 79
16.240000 72 79
16.310000 72 79
16.380000 72 79
16.450000 72 79
16.520000 72 79
16.590000 72 79
16.660000 72 79
16.730000 72 79
16.800000 70 78
16.870000 70 78
16.940000 70 78
17.010000 70 78
17.080000 70 78
17.150000 70 78
17.220000 70 78
17.290000 0 0
17.360000 69 73
17.430000 69 73
17.500000 69 73
17.570000 67 60
17.640000 69 61
17.710000 67 61
17.780000 0 0
17.850000 69 62
17.920000 0 0
17.990000 0 0
18.060000 0 0
18.130000 0 0
18.200000 0 0
18.270000 0 0
18.340000 0 0
18.410000 69 78
18.480000 69 78
18.550000 69 78
18.620000 69 78
18.690000 69 78
18.760000 69 78
18.830000 69 78
18.900000 0 0
18.970000 0 0
19.040000 65 78
19.110000 0 0
19.180000 60 72
19.250000 60 72
19.320000 60 72
19.390000 60 72
19.460000 60 72
19.530000 60 72
19.600000 60 72
19.670000 60 72
19.740000 60 72
19.810000 60 72
19.880000 60 72
19.950000 60 72
20.020000 60 72
20.090000 60 72
20.160000 60 72
20.230000 60 72
20.300000 60 72
20.370000 60 72
20.440000 60 72
20.510000 60 72
20.580000 60 72
20.650000 60 72
20.720000 0 0
20.790000 60 72
20.860000 60 72
20.930000 0 0
21.000000 0 0
21.070000 0 0
21.140000 0 0
21.210000 0 0
21.280000 0 0
21.350000 0 0
21.420000 0 0
21.490000 0 0
21.560000 0 0
21.630000 0 0
21.700000 0 0
21.770000 0 0
21.840000 0 0
21.910000 0 0
21.980000 0 0
22.050000 0 0
22.120000 0 0
22.190000 0 0
22.260000 0 0
22.330000 0 0
22.400000 101 90
22.470000 101 90
22.540000 101 90
22.610000 101 90
22.680000 101 90
22.750000 101 90
22.820000 101 90
22.890000 0 0
22.960000 0 0
23.030000 0 0
23.100000 0 0
23.170000 0 0
23.240000 0 0
23.310000 0 0
23.380000 0 0
23.450000 0 0
23.520000 0 0
23.590000 0 0
23.660000 0 0
23.730000 0 0
23.800000 0 0
23.870000 0 0
23.940000 71 64
24.010000 72 64
24.080000 71 64
24.150000 0 0
24.220000 0 0
24.290000 0 0
24.360000 0 0
24.430000 0 0
24.500000 0 0
24.570000 0 0
24.640000 0 0
24.710000 0 0
24.780000 72 77
24.850000 72 77
24.920000 72 77
24.990000 72 77
25.060000 72 77
25.130000 72 77
25.200000 72 77
25.270000 0 0
25.340000 0 0
25.410000 69 77
25.480000 0 0
25.550000 64 76
25.620000 64 76
25.690000 64 76
25.760000 64 76
25.830000 64 76
25.900000 64 76
25.970000 64 76
26.040000 89 87
26.110000 89 87
26.180000 89 87
26.250000 89 87
26.320000 0 0
26.390000 0 0
26.460000 0 0
26.530000 0 0
26.600000 0 0
26.670000 0 0
26.740000 0 0
26.810000 0 0
26.880000 0 0
26.950000 0 0
27.020000 0 0
27.090000 0 0
27.160000 52 85
27.230000 52 85
27.300000 52 85
27.370000 52 85
27.440000 52 85
27.510000 52 85
27.580000 52 85
27.650000 52 64
27.720000 0 0
27.790000 0 0
27.860000 0 0
27.930000 0 0
28.000000 0 0
28.070000 0 0
28.140000 0 0
28.210000 0 0
28.280000 0 0
28.350000 0 0
28.420000 0 0
28.490000 0 0
28.560000 0 0
28.630000 0 0
28.700000 0 0
28.770000 93 85
28.840000 93 85
28.910000 93 85
28.980000 93 85
29.050000 93 85
29.120000 93 85
29.190000 93 85
29.260000 0 0
29.330000 0 0
29.400000 0 0
29.470000 0 0
29.540000 0 0
29.610000 0 0
29.680000 0 0
29.750000 0 0
29.820000 0 0
29.890000 0 0
29.960000 0 0
30.030000 0 0
30.100000 0 0
30.170000 0 0
30.240000 0 0
30.310000 0 0
30.380000 0 0
30.450000 0 0
30.520000 0 0
30.590000 0 0
30.660000 0 0
30.730000 0 0
30.800000 0 0
30.870000 0 0
30.940000 0 0
31.010000 0 0
31.080000 0 0
31.150000 0 0
31.220000 0 0
31.290000 0 0
31.360000 0 0
31.430000 0 0
31.500000 0 0
31.570000 0 0
31.640000 0 0
31.710000 0 0
31.780000 0 0
31.850000 0 0
31.920000 64 77
31.990000 64 77
32.060000 64 77
32.130000 64 77
32.200000 64 77
32.270000 64 77
32.340000 64 77
32.410000 60 70
32.480000 60 70
32.550000 60 70
32.620000 0 0
32.690000 57 67
32.760000 57 67
32.830000 57 67
32.900000 57 67
32.970000 57 67
33.040000 57 67
33.110000 57 67
33.180000 57 67
33.250000 57 67
33.320000 57 67
33.390000 57 67
33.460000 57 67
33.530000 57 67
33.600000 57 67
33.670000 57 67
33.740000 57 67
33.810000 57 67
33.880000 57 67
33.950000 57 67
34.020000 57 67
34.090000 57 67
34.160000 57 67
34.230000 0 0
34.300000 60 72
34.370000 60 72
34.440000 60 72
34.510000 0 0
34.580000 64 77
34.650000 64 77
34.720000 64 77
34.790000 64 77
34.860000 64 77
34.930000 69 78
35.000000 0 0
35.070000 67 77
35.140000 67 77
35.210000 67 77
35.280000 67 77
35.350000 67 77
35.420000 67 77
35.490000 67 77
35.560000 67 77
35.630000 67 77
35.700000 67 77
35.770000 67 77
35.840000 67 77
35.910000 67 77
35.980000 67 77
36.050000 67 77
36.120000 67 77
36.190000 67 77
36.260000 67 77
36.330000 67 77
36.400000 67 77
36.470000 0 0
36.540000 65 75
36.610000 0 0
36.680000 64 70
36.750000 64 70
36.820000 64 70
36.890000 64 70
36.960000 64 70
37.030000 64 70
37.100000 64 70
37.170000 64 70
37.240000 64 70
37.310000 64 70
37.380000 64 70
37.450000 0 0
37.520000 0 0
37.590000 0 0
37.660000 0 0
37.730000 0 0
37.800000 0 0
37.870000 0 0
37.940000 0 0
38.010000 0 0
38.080000 64 77
38.150000 0 0
38.220000 64 77
38.290000 64 77
38.360000 64 77
38.430000 64 77
38.500000 64 77
38.570000 64 77
38.640000 64 77
38.710000 0 0
38.780000 0 0
38.850000 0 0
38.920000 0 0
38.990000 60 63
39.060000 0 0
39.130000 0 0
39.200000 0 0
39.270000 59 72
39.340000 59 72
39.410000 59 72
39.480000 0 0
39.550000 57 72
39.620000 57 72
39.690000 57 72
39.760000 0 0
39.830000 0 0
39.900000 0 0
39.970000 0 0
40.040000 0 0
40.110000 0 0
40.180000 0 0
40.250000 0 0
40.320000 0 0
40.390000 0 0
40.460000 0 0
40.530000 60 70
40.600000 60 70
40.670000 60 70
40.740000 0 0
40.810000 64 72
40.880000 64 72
40.950000 64 72
41.020000 0 0
41.090000 69 76
41.160000 69 76
41.230000 69 76
41.300000 69 76
41.370000 69 76
41.440000 72 77
41.510000 0 0
41.580000 71 79
41.650000 71 79
41.720000 71 79
41.790000 71 79
41.860000 71 79
41.930000 71 79
42.000000 71 79
42.070000 71 79
42.140000 71 79
42.210000 71 79
42.280000 71 79
42.350000 71 79
42.420000 71 79
42.490000 71 79
42.560000 71 79
42.630000 71 79
42.700000 71 79
42.770000 71 79
42.840000 71 79
42.910000 71 79
42.980000 0 0
43.050000 69 79
43.120000 64 79
43.190000 64 79
43.260000 64 79
43.330000 64 79
43.400000 64 79
43.470000 0 0
43.540000 0 0
43.610000 0 0
43.680000 67 58
43.750000 66 58
43.820000 67 59
43.890000 66 59
43.960000 0 0
44.030000 0 0
44.100000 0 0
44.170000 0 0
44.240000 0 0
44.310000 0 0
44.380000 0 0
44.450000 0 0
44.520000 0 0
44.590000 0 0
44.660000 0 0
44.730000 0 0
44.800000 67 79
44.870000 67 79
44.940000 67 79
45.010000 67 79
45.080000 67 79
45.150000 67 79
45.220000 67 79
45.290000 67 79
45.360000 67 79
45.430000 67 79
45.500000 67 79
45.570000 65 78
45.640000 65 78
45.710000 65 78
45.780000 65 78
45.850000 65 78
45.920000 65 78
45.990000 65 78
46.060000 64 77
46.130000 64 77
46.200000 64 77
46.270000 0 0
46.340000 62 60
46.410000 64 61
46.480000 62 61
46.550000 64 62
46.620000 0 0
46.690000 0 0
46.760000 0 0
46.830000 0 0
46.900000 0 0
46.970000 0 0
47.040000 0 0
47.110000 0 0
47.180000 64 78
47.250000 64 78
47.320000 64 78
47.390000 64 78
47.460000 64 78
47.530000 64 78
47.600000 64 78
47.670000 0 0
47.740000 0 0
47.810000 60 78
47.880000 0 0
47.950000 55 72
48.020000 55 72
48.090000 55 72
48.160000 55 72
48.230000 55 72
48.300000 55 72
48.370000 55 72
48.440000 55 72
48.510000 55 72
48.580000 55 72
48.650000 55 72
48.720000 55 72
48.790000 55 72
48.860000 55 72
48.930000 55 72
49.000000 55 72
49.070000 55 72
49.140000 55 72
49.210000 55 72
49.280000 55 72
49.350000 55 72
49.420000 55 72
49.490000 55 72
49.560000 55 72
49.630000 0 0
49.700000 0 0
49.770000 0 0
49.840000 0 0
49.910000 0 0
49.980000 0 0
50.050000 0 0
50.120000 0 0
50.190000 0 0
50.260000 0 0
50.330000 0 0
50.400000 0 0
50.470000 0 0
50.540000 0 0
50.610000 0 0
50.680000 0 0
50.750000 0 0
50.820000 0 0
50.890000 0 0
50.960000 0 0
51.030000 0 0
51.100000 96 90
51.170000 96 90
51.240000 96 90
51.310000 96 90
51.380000 96 90
51.450000 96 90
51.520000 96 90
51.590000 0 0
51.660000 0 0
51.730000 0 0
51.800000 0 0
51.870000 0 0
51.940000 0 0
52.010000 0 0
52.080000 0 0
52.150000 0 0
52.220000 0 0
52.290000 0 0
52.360000 0 0
52.430000 0 0
52.500000 0 0
52.570000 0 0
52.640000 0 0
52.710000 66 64
52.780000 67 64
52.850000 66 64
52.920000 0 0
52.990000 0 0
53.060000 0 0
53.130000 0 0
53.200000 0 0
53.270000 0 0
53.340000 0 0
53.410000 0 0
53.480000 67 77
53.550000 67 77
53.620000 67 77
53.690000 67 77
53.760000 67 77
53.830000 67 77
53.900000 67 77
53.970000 0 0
54.040000 0 0
54.110000 64 77
54.180000 0 0
54.250000 59 76
54.320000 59 76
54.390000 59 76
54.460000 59 76
54.530000 59 76
54.600000 59 76
54.670000 59 76
54.740000 0 0
54.810000 84 87
54.880000 84 87
54.950000 84 87
55.020000 84 87
55.090000 0 0
55.160000 0 0
55.230000 0 0
55.300000 0 0
55.370000 0 0
55.440000 0 0
55.510000 0 0
55.580000 0 0
55.650000 0 0
55.720000 0 0
55.790000 0 0
55.860000 47 90
55.930000 47 90
56.000000 47 90
56.070000 47 90
56.140000 47 90
56.210000 47 90
56.280000 47 90
56.350000 47 90
56.420000 47 90
56.490000 47 90
56.560000 47 90
56.630000 47 90
56.700000 0 0
56.770000 0 0
56.840000 0 0
56.910000 0 0
56.980000 0 0
57.050000 0 0
57.120000 0 0
57.190000 0 0
57.260000 0 0
57.330000 0 0
57.400000 0 0
57.470000 0 0
57.540000 100 90
57.610000 100 90
57.680000 100 90
57.750000 100 90
57.820000 100 90
57.890000 100 90
57.960000 100 90
58.030000 0 0
58.100000 0 0
58.170000 0 0
58.240000 0 0
58.310000 67 79
58.380000 67 79
58.450000 67 79
58.520000 67 79
58.590000 67 79
58.660000 67 79
58.730000 67 79
58.800000 67 79
58.870000 67 79
58.940000 67 79
59.010000 67 79
59.080000 67 79
59.150000 67 79
59.220000 67 79
59.290000 67 79
59.360000 67 79
59.430000 67 79
59.500000 67 79
59.570000 0 0
59.640000 67 78
59.710000 67 78
59.780000 0 0
59.850000 0 0
59.920000 68 80
59.990000 68 80
60.060000 68 80
60.130000 68 80
60.200000 68 80
60.270000 68 80
60.340000 68 80
60.410000 0 0
60.480000 0 0
60.550000 67 78
60.620000 0 0
60.690000 67 77
60.760000 67 77
60.830000 67 77
60.900000 67 77
60.970000 67 77
61.040000 67 77
61.110000 67 77
61.180000 63 80
61.250000 63 80
61.320000 63 80
61.390000 0 0
61.460000 60 78
61.530000 60 78
61.600000 60 78
61.670000 60 78
61.740000 60 78
61.810000 60 78
61.880000 60 78
61.950000 60 78
62.020000 60 78
62.090000 60 78
62.160000 60 78
62.230000 60 78
62.300000 60 78
62.370000 60 78
62.440000 60 78
62.510000 60 78
62.580000 60 78
62.650000 60 78
62.720000 60 78
62.790000 60 78
62.860000 60 78
62.930000 60 78
63.000000 0 0
63.070000 63 76
63.140000 63 76
63.210000 63 76
63.280000 67 78
63.350000 67 78
63.420000 67 78
63.490000 67 78
63.560000 67 78
63.630000 0 0
63.700000 72 81
63.770000 72 81
63.840000 70 81
63.910000 70 81
63.980000 70 81
64.050000 70 81
64.120000 70 81
64.190000 70 81
64.260000 70 81
64.330000 0 0
64.400000 68 79
64.470000 68 79
64.540000 68 79
64.610000 0 0
64.680000 63 79
64.750000 63 79
64.820000 63 79
64.890000 63 79
64.960000 63 79
65.030000 63 79
65.100000 63 79
65.170000 63 79
65.240000 63 79
65.310000 63 79
65.380000 63 79
65.450000 63 79
65.520000 63 79
65.590000 63 79
65.660000 63 79
65.730000 68 81
65.800000 68 81
65.870000 68 81
65.940000 68 81
66.010000 68 81
66.080000 0 0
66.150000 68 78
66.220000 0 0
66.290000 68 74
66.360000 68 74
66.430000 68 74
66.500000 68 74
66.570000 68 74
66.640000 68 74
66.710000 68 74
66.780000 68 74
66.850000 68 74
66.920000 68 74
66.990000 68 74
67.060000 68 74
67.130000 68 84
67.200000 68 84
67.270000 68 84
67.340000 68 84
67.410000 68 84
67.480000 68 84
67.550000 68 84
67.620000 0 0
67.690000 65 82
67.760000 65 82
67.830000 65 82
67.900000 0 0
67.970000 61 82
68.040000 61 82
68.110000 61 82
68.180000 61 82
68.250000 61 82
68.320000 61 82
68.390000 61 82
68.460000 61 82
68.530000 61 82
68.600000 61 82
68.670000 61 82
68.740000 61 82
68.810000 61 82
68.880000 61 82
68.950000 61 82
69.020000 61 82
69.090000 61 82
69.160000 61 82
69.230000 65 77
69.300000 65 77
69.370000 65 77
69.440000 0 0
69.510000 68 79
69.580000 68 79
69.650000 68 79
69.720000 0 0
69.790000 73 81
69.860000 73 81
69.930000 73 81
70.000000 73 81
70.070000 73 81
70.140000 77 82
70.210000 0 0
70.280000 75 79
70.350000 75 79
70.420000 75 79
70.490000 75 79
70.560000 75 79
70.630000 75 79
70.700000 75 79
70.770000 0 0
70.840000 73 77
70.910000 73 77
70.980000 73 77
71.050000 0 0
71.120000 68 72
71.190000 68 72
71.260000 68 72
71.330000 68 72
71.400000 68 72
71.470000 68 72
71.540000 68 72
71.610000 68 72
71.680000 68 72
71.750000 68 72
71.820000 68 72
71.890000 0 0
71.960000 0 0
72.030000 0 0
72.100000 0 0
72.170000 0 0
72.240000 0 0
72.310000 0 0
72.380000 65 54
72.450000 65 54
72.520000 65 54
72.590000 0 0
72.660000 68 56
72.730000 68 56
72.800000 68 56
72.870000 68 56
72.940000 73 58
73.010000 73 58
73.080000 73 58
73.150000 73 58
73.220000 73 58
73.290000 73 58
73.360000 77 61
73.430000 77 61
73.500000 75 60
73.570000 75 60
73.640000 75 60
73.710000 75 60
73.780000 75 60
73.850000 75 60
73.920000 75 60
73.990000 75 60
74.060000 73 59
74.130000 73 59
74.200000 73 59
74.270000 73 59
74.340000 69 52
74.410000 69 52
74.480000 69 52
74.550000 69 52
74.620000 69 52
74.690000 69 52
74.760000 69 52
74.830000 69 52
74.900000 69 52
74.970000 69 52
75.040000 69 52
75.110000 69 52
75.180000 69 52
75.250000 69 52
75.320000 69 52
75.390000 69 60
75.460000 69 60
75.530000 69 60
75.600000 0 0
75.670000 69 58
75.740000 69 58
75.810000 69 58
75.880000 0 0
75.950000 69 62
76.020000 69 62
76.090000 69 62
76.160000 0 0
76.230000 65 55
76.300000 65 55
76.370000 65 55
76.440000 0 0
76.510000 0 0
76.580000 67 62
76.650000 0 0
76.720000 69 62
76.790000 69 62
76.860000 69 62
76.930000 69 62
77.000000 69 62
77.070000 69 62
77.140000 69 62
77.210000 69 62
77.280000 69 62
77.350000 69 62
77.420000 69 62
77.490000 69 62
77.560000 69 62
77.630000 69 62
77.700000 69 62
77.770000 69 62
77.840000 69 62
77.910000 69 62
77.980000 69 62
78.050000 69 62
78.120000 69 62
78.190000 69 62
78.260000 69 62
78.330000 69 62
78.400000 69 62
78.470000 69 62
78.540000 0 0
78.610000 69 62
78.680000 69 62
78.750000 69 62
78.820000 0 0
78.890000 81 64
78.960000 81 64
79.030000 81 64
79.100000 69 67
79.170000 69 67
79.240000 0 0
79.310000 0 0
79.380000 82 66
79.450000 82 66
79.520000 82 66
79.590000 82 66
79.660000 82 66
79.730000 0 0
79.800000 69 72
79.870000 69 72
79.940000 69 68
80.010000 69 68
80.080000 69 68
80.150000 69 68
80.220000 69 68
80.290000 69 68
80.360000 69 68
80.430000 0 0
80.500000 65 66
80.570000 65 66
80.640000 65 66
80.710000 0 0
80.780000 62 66
80.850000 62 66
80.920000 62 66
80.990000 62 66
81.060000 62 66
81.130000 62 66
81.200000 62 66
81.270000 62 66
81.340000 62 66
81.410000 62 66
81.480000 62 66
81.550000 62 66
81.620000 62 66
81.690000 62 66
81.760000 62 66
81.830000 62 66
81.900000 62 66
81.970000 62 66
82.040000 65 70
82.110000 65 70
82.180000 65 70
82.250000 0 0
82.320000 81 72
82.390000 81 72
82.460000 81 72
82.530000 0 0
82.600000 86 75
82.670000 86 75
82.740000 86 75
82.810000 86 75
82.880000 86 75
82.950000 0 0
83.020000 89 79
83.090000 0 0
83.160000 88 81
83.230000 88 81
83.300000 88 81
83.370000 88 81
83.440000 88 81
83.510000 88 81
83.580000 88 81
83.650000 86 76
83.720000 86 76
83.790000 86 76
83.860000 0 0
83.930000 67 80
84.000000 67 80
84.070000 67 80
84.140000 0 0
84.210000 86 83
84.280000 86 83
84.350000 86 83
84.420000 86 83
84.490000 86 83
84.560000 89 84
84.630000 0 0
84.700000 76 84
84.770000 76 84
84.840000 76 84
84.910000 76 84
84.980000 76 84
85.050000 76 84
85.120000 76 84
85.190000 0 0
85.260000 86 82
85.330000 86 82
85.400000 86 82
85.470000 80 78
85.540000 80 78
85.610000 80 78
85.680000 0 0
85.750000 74 81
85.820000 74 81
85.890000 74 81
85.960000 0 0
86.030000 89 83
86.100000 89 83
86.170000 89 83
86.240000 89 83
86.310000 0 0
86.380000 98 72
86.450000 100 72
86.520000 0 0
86.590000 96 72
86.660000 98 71
86.730000 97 71
86.800000 93 71
86.870000 0 0
86.940000 95 70
87.010000 91 70
87.080000 93 70
87.150000 92 69
87.220000 0 0
87.290000 88 69
87.360000 87 69
87.430000 89 68
87.500000 85 68
87.570000 0 0
87.640000 84 68
87.710000 83 67
87.780000 85 67
87.850000 84 67
87.920000 0 0
87.990000 80 66
88.060000 82 66
88.130000 78 66
88.200000 80 65
88.270000 0 0
88.340000 79 65
88.410000 75 65
88.480000 77 64
88.550000 73 64
88.620000 0 0
88.690000 75 64
88.760000 74 64
88.830000 70 64
88.900000 72 64
88.970000 0 0
89.040000 68 63
89.110000 70 63
89.180000 69 63
89.250000 65 63
89.320000 0 0
89.390000 64 63
89.460000 62 63
89.530000 57 85
89.600000 57 85
89.670000 57 85
89.740000 57 85
89.810000 57 85
89.880000 57 85
89.950000 57 85
90.020000 0 0
90.090000 0 0
90.160000 0 0
90.230000 69 83
90.300000 0 0
90.370000 69 86
90.440000 69 86
90.510000 69 86
90.580000 69 86
90.650000 69 86
90.720000 69 86
90.790000 69 86
90.860000 69 86
90.930000 69 86
91.000000 69 86
91.070000 69 86
91.140000 69 86
91.210000 69 86
91.280000 69 86
91.350000 67 81
91.420000 67 81
91.490000 67 81
91.560000 67 81
91.630000 67 81
91.700000 0 0
91.770000 65 78
91.840000 0 0
91.910000 64 76
91.980000 0 0
92.050000 65 78
92.120000 64 78
92.190000 0 0
92.260000 62 78
92.330000 64 78
92.400000 0 0
92.470000 65 78
92.540000 62 73
92.610000 0 0
92.680000 69 78
92.750000 69 78
92.820000 69 78
92.890000 0 0
92.960000 0 0
93.030000 0 0
93.100000 0 0
93.170000 0 0
93.240000 81 84
93.310000 0 0
93.380000 0 0
93.450000 93 84
93.520000 93 84
93.590000 93 84
93.660000 93 84
93.730000 93 84
93.800000 93 84
93.870000 93 84
93.940000 93 84
94.010000 93 84
94.080000 93 84
94.150000 93 84
94.220000 93 84
94.290000 93 84
94.360000 93 84
94.430000 0 0
94.500000 91 85
94.570000 91 85
94.640000 91 85
94.710000 91 85
94.780000 91 85
94.850000 0 0
94.920000 89 87
94.990000 0 0
95.060000 88 80
95.130000 89 82
95.200000 0 0
95.270000 88 82
95.340000 0 0
95.410000 86 82
95.480000 88 82
95.550000 0 0
95.620000 89 82
95.690000 0 0
95.760000 86 82
95.830000 82 89
95.900000 82 89
95.970000 82 89
96.040000 0 0
96.110000 88 84
96.180000 88 84
96.250000 88 84
96.320000 77 84
96.390000 77 84
96.460000 77 84
96.530000 0 0
96.600000 93 87
96.670000 93 87
96.740000 93 87
96.810000 0 0
96.880000 91 84
96.950000 91 84
97.020000 91 84
97.090000 0 0
97.160000 70 84
97.230000 70 84
97.300000 70 84
97.370000 0 0
97.440000 74 88
97.510000 74 88
97.580000 74 88
97.650000 79 83
97.720000 79 83
97.790000 79 83
97.860000 0 0
97.930000 69 80
98.000000 69 80
98.070000 69 80
98.140000 0 0
98.210000 72 86
98.280000 72 86
98.350000 72 86
98.420000 70 82
98.490000 70 82
98.560000 70 82
98.630000 0 0
98.700000 0 0
98.770000 0 0
98.840000 64 79
98.910000 0 0
98.980000 79 87
99.050000 79 87
99.120000 79 87
99.190000 0 0
99.260000 58 81
99.330000 58 81
99.400000 58 81
99.470000 60 79
99.540000 60 79
99.610000 60 79
99.680000 0 0
99.750000 64 83
99.820000 64 83
99.890000 64 83
99.960000 0 0
100.030000 62 78
100.100000 62 78
100.170000 62 78
100.240000 0 0
100.310000 67 78
100.380000 67 78
100.450000 67 78
100.520000 58 86
100.590000 58 86
100.660000 58 86
100.730000 58 86
100.800000 58 86
100.870000 58 86
100.940000 58 86
101.010000 58 86
101.080000 58 86
101.150000 58 86
101.220000 58 86
101.290000 0 0
101.360000 61 84
101.430000 61 84
101.500000 61 84
101.570000 61 84
101.640000 61 84
101.710000 61 84
101.780000 61 84
101.850000 61 84
101.920000 61 84
101.990000 61 84
102.060000 61 84
102.130000 50 86
102.200000 50 86
102.270000 50 86
102.340000 50 86
102.410000 50 86
102.480000 50 86
102.550000 50 86
102.620000 0 0
102.690000 0 0
102.760000 0 0
102.830000 0 0
102.900000 0 0
102.970000 0 0
103.040000 0 0
103.110000 0 0
103.180000 0 0
103.250000 0 0
103.320000 0 0
103.390000 0 0
103.460000 0 0
103.530000 0 0
103.600000 0 0
103.670000 101 90
103.740000 101 90
103.810000 101 90
103.880000 101 90
103.950000 101 90
104.020000 101 90
104.090000 101 90
104.160000 101 90
104.230000 101 90
104.300000 0 0
104.370000 0 0
104.440000 0 0
104.510000 0 0
104.580000 0 0
104.650000 0 0
104.720000 0 0
104.790000 0 0
104.860000 0 0
104.930000 0 0
105.000000 0 0
105.070000 0 0
105.140000 0 0
105.210000 0 0
105.280000 50 90
105.350000 50 90
105.420000 50 90
105.490000 50 90
105.560000 50 90
105.630000 50 90
105.700000 50 90
105.770000 50 90
105.840000 50 90
105.910000 50 90
105.980000 50 90
106.050000 50 90
106.120000 50 90
106.190000 50 90
106.260000 0 0
106.330000 0 0
106.400000 0 0
106.470000 0 0
106.540000 0 0
106.610000 0 0
106.680000 0 0
106.750000 0 0
106.820000 65 73
106.890000 65 73
106.960000 65 73
107.030000 65 73
107.100000 65 73
107.170000 65 73
107.240000 65 73
107.310000 65 73
107.380000 65 73
107.450000 65 73
107.520000 65 73
107.590000 65 73
107.660000 65 73
107.730000 65 73
107.800000 65 73
107.870000 65 73
107.940000 65 73
108.010000 65 73
108.080000 65 73
108.150000 65 73
108.220000 65 73
108.290000 65 73
108.360000 58 72
108.430000 57 69
108.500000 57 69
108.570000 57 69
108.640000 57 69
108.710000 57 69
108.780000 57 69
108.850000 57 69
108.920000 0 0
108.990000 0 0
109.060000 0 0
109.130000 0 0
109.200000 0 0
109.270000 0 0
109.340000 0 0
109.410000 0 0
109.480000 0 0
109.550000 0 0
109.620000 0 0
109.690000 0 0
109.760000 0 0
109.830000 0 0
109.900000 0 0
109.970000 0 0
110.040000 101 90
110.110000 101 90
110.180000 101 90
110.250000 101 90
110.320000 101 90
110.390000 101 90
110.460000 101 90
110.530000 101 90
110.600000 101 90
110.670000 0 0
110.740000 0 0
110.810000 0 0
110.880000 0 0
110.950000 0 0
111.020000 0 0
111.090000 0 0
111.160000 0 0
111.230000 0 0
111.300000 0 0
111.370000 0 0
111.440000 0 0
111.510000 0 0
111.580000 50 90
111.650000 50 90
111.720000 50 90
111.790000 50 90
111.860000 50 90
111.930000 50 90
112.000000 50 90
112.070000 50 90
112.140000 50 90
112.210000 50 90
112.280000 50 90
112.350000 50 90
112.420000 50 90
112.490000 50 90
112.560000 50 90
112.630000 0 0
112.700000 0 0
112.770000 0 0
112.840000 0 0
112.910000 0 0
112.980000 0 0
113.050000 0 0
113.120000 0 0
113.190000 71 72
113.260000 71 72
113.330000 71 73
113.400000 71 73
113.470000 0 0
113.540000 71 74
113.610000 71 74
113.680000 59 63
113.750000 59 63
113.820000 65 64
113.890000 65 64
113.960000 0 0
114.030000 70 77
114.100000 70 77
114.170000 58 67
114.240000 58 67
114.310000 70 80
114.380000 70 80
114.450000 0 0
114.520000 65 68
114.590000 65 68
114.660000 65 68
114.730000 65 68
114.800000 0 0
114.870000 0 0
114.940000 57 77
115.010000 69 85
115.080000 0 0
115.150000 0 0
115.220000 0 0
115.290000 0 0
115.360000 0 0
115.430000 0 0
115.500000 0 0
115.570000 0 0
115.640000 98 102
115.710000 98 102
115.780000 98 102
115.850000 98 102
115.920000 98 102
115.990000 98 102
116.060000 98 102
116.130000 98 102
116.200000 98 102
116.270000 98 102
116.340000 98 102
116.410000 0 0
116.480000 0 0
116.550000 0 0
116.620000 0 0
116.690000 0 0
116.760000 0 0
116.830000 0 0
116.900000 0 0
116.970000 0 0
117.040000 0 0
117.110000 0 0
117.180000 0 0
117.250000 0 0
117.320000 0 0
117.390000 0 0
117.460000 0 0
117.530000 0 0
117.600000 0 0
117.670000 0 0
117.740000 0 0
117.810000 0 0
117.880000 0 0
117.950000 0 0
118.020000 0 0
118.090000 26 113
118.160000 26 113
118.230000 26 113
118.300000 26 113
118.370000 26 113
118.440000 26 113
118.510000 26 113
118.580000 26 113
118.650000 26 113
118.720000 26 113
118.790000 26 113
118.860000 26 113
118.930000 26 113
119.000000 26 113
119.070000 26 113
119.140000 26 113
119.210000 26 113
119.280000 26 113
119.350000 26 113
119.420000 0 0
119.490000 0 0
119.560000 0 0
119.630000 0 0
119.700000 26 115
119.770000 26 115
119.840000 26 115
119.910000 26 115
119.980000 26 115
120.050000 26 115
120.120000 26 115
120.190000 26 115
120.260000 26 115
120.330000 26 115
120.400000 26 115
120.470000 26 115
120.540000 26 115
120.610000 26 115
120.680000 26 115
120.750000 26 115
120.820000 26 115
120.890000 26 115
120.960000 26 115
121.030000 0 0
121.100000 0 0
121.170000 0 0
121.240000 0 0
121.310000 0 0
121.380000 26 113
121.450000 26 113
121.520000 26 113
121.590000 26 113
121.660000 26 113
121.730000 26 113
121.800000 26 113
121.870000 26 113
121.940000 26 113
122.010000 26 113
122.080000 26 113
122.150000 26 113
122.220000 26 113
122.290000 26 113
122.360000 26 113
122.430000 26 113
122.500000 26 113
122.570000 26 113
122.640000 26 113
122.710000 26 113
122.780000 26 113
122.850000 26 113
122.920000 26 113
122.990000 26 113
123.060000 26 113
123.130000 26 113
# Piano left
0.000000 38 92
0.070000 0 0
0.140000 45 56
0.210000 45 56
0.280000 45 56
0.350000 45 56
0.420000 45 56
0.490000 45 56
0.560000 57 69
0.630000 57 69
0.700000 57 69
0.770000 0 0
0.840000 38 75
0.910000 0 0
0.980000 45 53
1.050000 45 53
1.120000 45 53
1.190000 45 53
1.260000 45 53
1.330000 57 65
1.400000 57 65
1.470000 57 65
1.540000 0 0
1.610000 38 63
1.680000 0 0
1.750000 45 51
1.820000 45 51
1.890000 45 51
1.960000 45 51
2.030000 45 51
2.100000 45 51
2.170000 57 60
2.240000 57 60
2.310000 57 60
2.380000 38 61
2.450000 0 0
2.520000 45 52
2.590000 45 52
2.660000 45 52
2.730000 45 52
2.800000 45 52
2.870000 45 52
2.940000 57 60
3.010000 57 60
3.080000 57 60
3.150000 0 0
3.220000 38 55
3.290000 45 48
3.360000 45 48
3.430000 45 48
3.500000 45 48
3.570000 45 48
3.640000 45 48
3.710000 57 50
3.780000 57 50
3.850000 57 50
3.920000 0 0
3.990000 38 54
4.060000 0 0
4.130000 45 45
4.200000 45 45
4.270000 45 45
4.340000 45 45
4.410000 45 45
4.480000 57 53
4.550000 57 53
4.620000 57 53
4.690000 0 0
4.760000 38 55
4.830000 0 0
4.900000 45 45
4.970000 45 45
5.040000 45 45
5.110000 45 45
5.180000 45 45
5.250000 45 45
5.320000 57 53
5.390000 57 53
5.460000 57 53
5.530000 0 0
5.600000 38 54
5.670000 45 47
5.740000 45 47
5.810000 45 47
5.880000 45 47
5.950000 45 47
6.020000 45 47
6.090000 57 56
6.160000 57 56
6.230000 57 56
6.300000 0 0
6.370000 38 57
6.440000 0 0
6.510000 45 49
6.580000 45 49
6.650000 45 49
6.720000 45 49
6.790000 45 49
6.860000 57 54
6.930000 57 54
7.000000 57 54
7.070000 0 0
7.140000 38 56
7.210000 0 0
7.280000 45 48
7.350000 45 48
7.420000 45 48
7.490000 45 48
7.560000 45 48
7.630000 57 54
7.700000 57 54
7.770000 57 54
7.840000 0 0
7.910000 38 54
7.980000 0 0
8.050000 45 48
8.120000 45 48
8.190000 45 48
8.260000 45 48
8.330000 45 48
8.400000 45 48
8.470000 57 51
8.540000 57 51
8.610000 57 51
8.680000 38 53
8.750000 0 0
8.820000 45 48
8.890000 45 48
8.960000 45 48
9.030000 45 48
9.100000 45 48
9.170000 45 48
9.240000 57 51
9.310000 57 51
9.380000 57 51
9.450000 0 0
9.520000 38 57
9.590000 45 47
9.660000 45 47
9.730000 45 47
9.800000 45 47
9.870000 45 47
9.940000 45 47
10.010000 57 54
10.080000 57 54
10.150000 57 54
10.220000 57 54
10.290000 57 54
10.360000 57 54
10.430000 57 54
10.500000 38 54
10.570000 0 0
10.640000 45 45
10.710000 45 45
10.780000 45 45
10.850000 45 45
10.920000 45 45
10.990000 45 45
11.060000 57 53
11.130000 57 53
11.200000 57 53
11.270000 0 0
11.340000 38 55
11.410000 45 45
11.480000 45 45
11.550000 45 45
11.620000 45 45
11.690000 45 45
11.760000 45 45
11.830000 57 53
11.900000 57 53
11.970000 57 53
12.040000 0 0
12.110000 38 54
12.180000 0 0
12.250000 45 46
12.320000 45 46
12.390000 45 46
12.460000 45 46
12.530000 45 46
12.600000 57 53
12.670000 57 53
12.740000 57 53
12.810000 0 0
12.880000 38 55
12.950000 0 0
13.020000 45 47
13.090000 45 47
13.160000 45 47
13.230000 45 47
13.300000 45 47
13.370000 57 53
13.440000 57 53
13.510000 57 53
13.580000 0 0
13.650000 38 54
13.720000 0 0
13.790000 45 47
13.860000 45 47
13.930000 45 47
14.000000 45 47
14.070000 45 47
14.140000 57 53
14.210000 57 53
14.280000 57 53
14.350000 0 0
14.420000 38 55
14.490000 0 0
14.560000 45 47
14.630000 45 47
14.700000 45 47
14.770000 45 47
14.840000 45 47
14.910000 45 47
14.980000 57 53
15.050000 57 53
15.120000 57 53
15.190000 57 53
15.260000 38 54
15.330000 0 0
15.400000 43 46
15.470000 43 46
15.540000 43 46
15.610000 43 46
15.680000 43 46
15.750000 55 53
15.820000 55 53
15.890000 55 53
15.960000 0 0
16.030000 36 62
16.100000 0 0
16.170000 45 48
16.240000 45 48
16.310000 45 48
16.380000 45 48
16.450000 45 48
16.520000 45 48
16.590000 57 56
16.660000 57 56
16.730000 57 56
16.800000 36 60
16.870000 0 0
16.940000 45 49
17.010000 45 49
17.080000 45 49
17.150000 45 49
17.220000 45 49
17.290000 45 49
17.360000 57 55
17.430000 57 55
17.500000 57 55
17.570000 36 59
17.640000 36 59
17.710000 43 48
17.780000 43 48
17.850000 0 0
17.920000 53 49
17.990000 36 45
18.060000 0 0
18.130000 55 63
18.200000 55 63
18.270000 55 63
18.340000 0 0
18.410000 36 60
18.480000 0 0
18.550000 43 49
18.620000 0 0
18.690000 53 49
18.760000 0 0
18.830000 36 43
18.900000 0 0
18.970000 55 62
19.040000 55 62
19.110000 55 62
19.180000 36 63
19.250000 0 0
19.320000 46 50
19.390000 0 0
19.460000 53 50
19.530000 0 0
19.600000 36 45
19.670000 0 0
19.740000 55 63
19.810000 55 63
19.880000 55 63
19.950000 0 0
20.020000 36 63
20.090000 46 48
20.160000 0 0
20.230000 53 48
20.300000 0 0
20.370000 36 42
20.440000 0 0
20.510000 55 63
20.580000 55 63
20.650000 55 63
20.720000 0 0
20.790000 36 61
20.860000 0 0
20.930000 46 51
21.000000 0 0
21.070000 52 50
21.140000 0 0
21.210000 36 44
21.280000 0 0
21.350000 55 56
21.420000 55 56
21.490000 55 56
21.560000 36 61
21.630000 0 0
21.700000 46 49
21.770000 0 0
21.840000 52 49
21.910000 0 0
21.980000 36 45
22.050000 0 0
22.120000 55 57
22.190000 55 57
22.260000 55 57
22.330000 0 0
22.400000 41 64
22.470000 48 52
22.540000 0 0
22.610000 57 52
22.680000 0 0
22.750000 41 45
22.820000 0 0
22.890000 60 59
22.960000 60 59
23.030000 60 59
23.100000 0 0
23.170000 41 64
23.240000 0 0
23.310000 48 52
23.380000 0 0
23.450000 57 52
23.520000 41 45
23.590000 0 0
23.660000 60 59
23.730000 60 59
23.800000 60 59
23.870000 0 0
23.940000 41 64
24.010000 41 64
24.080000 51 54
24.150000 0 0
24.220000 57 54
24.290000 0 0
24.360000 41 46
24.430000 0 0
24.500000 59 60
24.570000 59 60
24.640000 59 60
24.710000 0 0
24.780000 41 64
24.850000 0 0
24.920000 47 53
24.990000 57 53
25.060000 0 0
25.130000 41 45
25.200000 0 0
25.270000 59 59
25.340000 59 59
25.410000 59 59
25.480000 0 0
25.550000 40 64
25.620000 0 0
25.690000 48 52
25.760000 0 0
25.830000 57 52
25.900000 40 45
25.970000 0 0
26.040000 60 60
26.110000 60 60
26.180000 60 60
26.250000 0 0
26.320000 40 64
26.390000 0 0
26.460000 48 54
26.530000 0 0
26.600000 57 54
26.670000 0 0
26.740000 40 46
26.810000 0 0
26.880000 60 61
26.950000 60 61
27.020000 60 61
27.090000 0 0
27.160000 40 64
27.230000 50 54
27.300000 0 0
27.370000 56 54
27.440000 0 0
27.510000 40 49
27.580000 0 0
27.650000 59 60
27.720000 59 60
27.790000 59 60
27.860000 0 0
27.930000 40 64
28.000000 0 0
28.070000 50 53
28.140000 56 53
28.210000 56 53
28.280000 40 47
28.350000 40 47
28.420000 0 0
28.490000 59 64
28.560000 59 64
28.630000 59 64
28.700000 59 64
28.770000 33 67
28.840000 0 0
28.910000 40 53
28.980000 0 0
29.050000 48 54
29.120000 0 0
29.190000 33 47
29.260000 0 0
29.330000 52 59
29.400000 52 59
29.470000 52 59
29.540000 33 65
29.610000 0 0
29.680000 40 53
29.750000 0 0
29.820000 48 53
29.890000 0 0
29.960000 33 47
30.030000 0 0
30.100000 52 58
30.170000 52 58
30.240000 52 58
30.310000 0 0
30.380000 33 64
30.450000 0 0
30.520000 40 50
30.590000 48 50
30.660000 0 0
30.730000 33 45
30.800000 0 0
30.870000 52 59
30.940000 52 59
31.010000 52 59
31.080000 0 0
31.150000 33 64
31.220000 0 0
31.290000 40 48
31.360000 0 0
31.430000 48 48
31.500000 33 45
31.570000 0 0
31.640000 52 58
31.710000 52 58
31.780000 52 58
31.850000 0 0
31.920000 33 55
31.990000 0 0
32.060000 40 46
32.130000 0 0
32.200000 48 46
32.270000 0 0
32.340000 33 40
32.410000 52 53
32.480000 52 53
32.550000 52 53
32.620000 0 0
32.690000 33 54
32.760000 0 0
32.830000 40 45
32.900000 0 0
32.970000 48 46
33.040000 0 0
33.110000 33 41
33.180000 0 0
33.250000 52 53
33.320000 52 53
33.390000 52 53
33.460000 0 0
33.530000 33 55
33.600000 40 46
33.670000 0 0
33.740000 48 47
33.810000 0 0
33.880000 33 41
33.950000 0 0
34.020000 52 53
34.090000 52 53
34.160000 52 53
34.230000 0 0
34.300000 33 54
34.370000 0 0
34.440000 40 48
34.510000 0 0
34.580000 48 48
34.650000 0 0
34.720000 33 43
34.790000 52 56
34.860000 52 56
34.930000 52 56
35.000000 0 0
35.070000 33 57
35.140000 0 0
35.210000 40 48
35.280000 0 0
35.350000 48 48
35.420000 0 0
35.490000 33 43
35.560000 0 0
35.630000 52 54
35.700000 52 54
35.770000 52 54
35.840000 33 56
35.910000 0 0
35.980000 40 48
36.050000 0 0
36.120000 48 48
36.190000 0 0
36.260000 33 44
36.330000 0 0
36.400000 52 54
36.470000 52 54
36.540000 52 54
36.610000 0 0
36.680000 33 54
36.750000 40 48
36.820000 0 0
36.890000 48 48
36.960000 0 0
37.030000 33 43
37.100000 0 0
37.170000 52 51
37.240000 52 51
37.310000 52 51
37.380000 0 0
37.450000 33 53
37.520000 0 0
37.590000 40 47
37.660000 48 47
37.730000 0 0
37.800000 33 43
37.870000 0 0
37.940000 52 51
38.010000 52 51
38.080000 52 51
38.150000 0 0
38.220000 33 57
38.290000 0 0
38.360000 40 48
38.430000 0 0
38.500000 48 48
38.570000 0 0
38.640000 33 45
38.710000 52 54
38.780000 52 54
38.850000 52 54
38.920000 52 54
38.990000 52 54
39.060000 52 54
39.130000 52 54
39.200000 0 0
39.270000 33 54
39.340000 0 0
39.410000 40 46
39.480000 0 0
39.550000 48 45
39.620000 33 41
39.690000 0 0
39.760000 52 53
39.830000 52 53
39.900000 52 53
39.970000 0 0
40.040000 33 55
40.110000 0 0
40.180000 40 45
40.250000 0 0
40.320000 48 45
40.390000 0 0
40.460000 33 39
40.530000 52 53
40.600000 52 53
40.670000 52 53
40.740000 0 0
40.810000 33 54
40.880000 0 0
40.950000 40 47
41.020000 0 0
41.090000 48 47
41.160000 0 0
41.230000 33 42
41.300000 0 0
41.370000 52 53
41.440000 52 53
41.510000 52 53
41.580000 33 55
41.650000 0 0
41.720000 40 46
41.790000 0 0
41.860000 48 46
41.930000 0 0
42.000000 33 43
42.070000 0 0
42.140000 52 53
42.210000 52 53
42.280000 52 53
42.350000 33 54
42.420000 0 0
42.490000 40 48
42.560000 0 0
42.630000 48 47
42.700000 0 0
42.770000 33 42
42.840000 0 0
42.910000 52 53
42.980000 52 53
43.050000 52 53
43.120000 33 55
43.190000 0 0
43.260000 40 47
43.330000 0 0
43.400000 48 47
43.470000 0 0
43.540000 33 44
43.610000 0 0
43.680000 52 53
43.750000 52 53
43.820000 52 53
43.890000 52 53
43.960000 33 54
44.030000 0 0
44.100000 38 47
44.170000 0 0
44.240000 48 47
44.310000 0 0
44.380000 33 42
44.450000 0 0
44.520000 50 53
44.590000 50 53
44.660000 50 53
44.730000 0 0
44.800000 31 62
44.870000 40 48
44.940000 0 0
45.010000 48 48
45.080000 0 0
45.150000 31 42
45.220000 0 0
45.290000 52 56
45.360000 52 56
45.430000 52 56
45.500000 0 0
45.570000 31 60
45.640000 0 0
45.710000 40 50
45.780000 48 49
45.850000 0 0
45.920000 31 44
45.990000 0 0
46.060000 52 55
46.130000 52 55
46.200000 52 55
46.270000 0 0
46.340000 31 59
46.410000 31 59
46.480000 38 48
46.550000 38 48
46.620000 48 48
46.690000 0 0
46.760000 31 44
46.830000 0 0
46.900000 50 53
46.970000 50 53
47.040000 50 53
47.110000 0 0
47.180000 31 60
47.250000 38 50
47.320000 0 0
47.390000 48 50
47.460000 0 0
47.530000 31 44
47.600000 0 0
47.670000 50 56
47.740000 50 56
47.810000 50 56
47.880000 0 0
47.950000 31 60
48.020000 0 0
48.090000 38 50
48.160000 0 0
48.230000 48 49
48.300000 31 45
48.370000 0 0
48.440000 50 55
48.510000 50 55
48.580000 50 55
48.650000 0 0
48.720000 31 60
48.790000 0 0
48.860000 38 50
48.930000 0 0
49.000000 48 48
49.070000 0 0
49.140000 31 44
49.210000 0 0
49.280000 50 55
49.350000 50 55
49.420000 50 55
49.490000 31 61
49.560000 0 0
49.630000 41 51
49.700000 0 0
49.770000 47 50
49.840000 0 0
49.910000 31 44
49.980000 0 0
50.050000 50 50
50.120000 50 50
50.190000 50 50
50.260000 0 0
50.330000 31 61
50.400000 0 0
50.470000 41 52
50.540000 47 51
50.610000 0 0
50.680000 31 45
50.750000 0 0
50.820000 50 57
50.890000 50 57
50.960000 50 57
51.030000 0 0
51.100000 36 64
51.170000 0 0
51.240000 43 54
51.310000 0 0
51.380000 52 52
51.450000 0 0
51.520000 36 47
51.590000 55 59
51.660000 55 59
51.730000 55 59
51.800000 0 0
51.870000 36 64
51.940000 0 0
52.010000 43 51
52.080000 0 0
52.150000 52 51
52.220000 0 0
52.290000 36 45
52.360000 0 0
52.430000 55 59
52.500000 55 59
52.570000 55 59
52.640000 0 0
52.710000 36 64
52.780000 36 64
52.850000 42 53
52.920000 0 0
52.990000 52 53
53.060000 0 0
53.130000 36 47
53.200000 54 60
53.270000 54 60
53.340000 54 60
53.410000 0 0
53.480000 36 64
53.550000 0 0
53.620000 42 52
53.690000 0 0
53.760000 52 52
53.830000 0 0
53.900000 36 45
53.970000 0 0
54.040000 54 59
54.110000 54 59
54.180000 54 59
54.250000 35 64
54.320000 0 0
54.390000 43 51
54.460000 0 0
54.530000 52 51
54.600000 0 0
54.670000 35 45
54.740000 0 0
54.810000 55 60
54.880000 55 60
54.950000 55 60
55.020000 35 64
55.090000 0 0
55.160000 43 54
55.230000 0 0
55.300000 52 54
55.370000 0 0
55.440000 35 46
55.510000 0 0
55.580000 55 61
55.650000 55 61
55.720000 55 61
55.790000 0 0
55.860000 35 64
55.930000 45 54
56.000000 0 0
56.070000 51 54
56.140000 0 0
56.210000 35 48
56.280000 0 0
56.350000 54 59
56.420000 54 59
56.490000 54 59
56.560000 0 0
56.630000 35 64
56.700000 0 0
56.770000 45 55
56.840000 51 55
56.910000 51 55
56.980000 0 0
57.050000 35 47
57.120000 35 47
57.190000 54 61
57.260000 54 61
57.330000 54 61
57.400000 54 61
57.470000 54 61
57.540000 40 64
57.610000 0 0
57.680000 47 54
57.750000 0 0
57.820000 55 54
57.890000 40 48
57.960000 0 0
58.030000 59 60
58.100000 59 60
58.170000 59 60
58.240000 0 0
58.310000 40 62
58.380000 0 0
58.450000 47 52
58.520000 0 0
58.590000 55 52
58.660000 0 0
58.730000 40 45
58.800000 0 0
58.870000 59 56
58.940000 59 56
59.010000 59 56
59.080000 39 61
59.150000 0 0
59.220000 47 51
59.290000 0 0
59.360000 55 51
59.430000 0 0
59.500000 39 45
59.570000 0 0
59.640000 59 57
59.710000 59 57
59.780000 59 57
59.850000 0 0
59.920000 38 61
59.990000 0 0
60.060000 47 52
60.130000 53 52
60.200000 0 0
60.270000 38 45
60.340000 0 0
60.410000 55 57
60.480000 55 57
60.550000 55 57
60.620000 0 0
60.690000 36 64
60.760000 0 0
60.830000 43 52
60.900000 0 0
60.970000 51 52
61.040000 0 0
61.110000 36 45
61.180000 55 57
61.250000 55 57
61.320000 55 57
61.390000 0 0
61.460000 36 63
61.530000 0 0
61.600000 43 53
61.670000 0 0
61.740000 51 53
61.810000 0 0
61.880000 36 45
61.950000 0 0
62.020000 55 61
62.090000 55 61
62.160000 55 61
62.230000 36 61
62.300000 0 0
62.370000 43 52
62.440000 0 0
62.510000 51 52
62.580000 0 0
62.650000 36 45
62.720000 0 0
62.790000 55 57
62.860000 55 57
62.930000 55 57
63.000000 0 0
63.070000 36 60
63.140000 0 0
63.210000 43 52
63.280000 51 52
63.350000 0 0
63.420000 36 44
63.490000 0 0
63.560000 55 55
63.630000 55 55
63.700000 55 55
63.770000 55 55
63.840000 36 63
63.910000 0 0
63.980000 44 49
64.050000 0 0
64.120000 51 49
64.190000 0 0
64.260000 36 44
64.330000 0 0
64.400000 56 58
64.470000 56 58
64.540000 56 58
64.610000 0 0
64.680000 36 62
64.750000 0 0
64.820000 44 53
64.890000 0 0
64.960000 51 51
65.030000 0 0
65.100000 36 45
65.170000 0 0
65.240000 56 57
65.310000 56 57
65.380000 56 57
65.450000 36 63
65.520000 0 0
65.590000 44 51
65.660000 0 0
65.730000 54 51
65.800000 0 0
65.870000 36 45
65.940000 0 0
66.010000 56 58
66.080000 56 58
66.150000 56 58
66.220000 0 0
66.290000 36 64
66.360000 0 0
66.430000 44 52
66.500000 0 0
66.570000 54 52
66.640000 0 0
66.710000 36 45
66.780000 36 45
66.850000 56 58
66.920000 56 58
66.990000 56 58
67.060000 56 58
67.130000 37 64
67.200000 0 0
67.270000 44 51
67.340000 0 0
67.410000 53 52
67.480000 0 0
67.550000 37 45
67.620000 0 0
67.690000 56 57
67.760000 56 57
67.830000 56 57
67.900000 0 0
67.970000 37 64
68.040000 0 0
68.110000 44 53
68.180000 53 52
68.250000 0 0
68.320000 37 46
68.390000 0 0
68.460000 56 58
68.530000 56 58
68.600000 56 58
68.670000 0 0
68.740000 37 63
68.810000 0 0
68.880000 44 53
68.950000 0 0
69.020000 53 53
69.090000 37 46
69.160000 0 0
69.230000 56 59
69.300000 56 59
69.370000 56 59
69.440000 0 0
69.510000 37 64
69.580000 0 0
69.650000 44 53
69.720000 0 0
69.790000 53 53
69.860000 0 0
69.930000 37 45
70.000000 56 58
70.070000 56 58
70.140000 56 58
70.210000 0 0
70.280000 37 62
70.350000 0 0
70.420000 44 52
70.490000 0 0
70.560000 53 52
70.630000 0 0
70.700000 37 45
70.770000 0 0
70.840000 56 59
70.910000 56 59
70.980000 56 59
71.050000 0 0
71.120000 37 56
71.190000 44 49
71.260000 0 0
71.330000 53 46
71.400000 0 0
71.470000 37 43
71.540000 0 0
71.610000 56 50
71.680000 56 50
71.750000 56 50
71.820000 0 0
71.890000 37 50
71.960000 0 0
72.030000 44 34
72.100000 0 0
72.170000 53 35
72.240000 0 0
72.310000 37 29
72.380000 56 42
72.450000 56 42
72.520000 56 42
72.590000 0 0
72.660000 37 48
72.730000 37 48
72.800000 44 34
72.870000 44 34
72.940000 53 34
73.010000 53 34
73.080000 37 27
73.150000 37 27
73.220000 56 42
73.290000 56 42
73.360000 56 42
73.430000 56 42
73.500000 37 43
73.570000 37 43
73.640000 45 32
73.710000 45 32
73.780000 53 32
73.850000 53 32
73.920000 37 27
73.990000 37 27
74.060000 57 42
74.130000 57 42
74.200000 57 42
74.270000 57 42
74.340000 37 44
74.410000 0 0
74.480000 45 32
74.550000 0 0
74.620000 53 32
74.690000 0 0
74.760000 37 27
74.830000 0 0
74.900000 57 41
74.970000 57 41
75.040000 57 41
75.110000 0 0
75.180000 37 46
75.250000 0 0
75.320000 45 33
75.390000 53 33
75.460000 0 0
75.530000 37 27
75.600000 0 0
75.670000 57 41
75.740000 57 41
75.810000 57 41
75.880000 0 0
75.950000 37 45
76.020000 0 0
76.090000 45 33
76.160000 0 0
76.230000 53 33
76.300000 0 0
76.370000 37 28
76.440000 0 0
76.510000 57 41
76.580000 57 41
76.650000 57 41
76.720000 37 45
76.790000 0 0
76.860000 45 33
76.930000 0 0
77.000000 53 33
77.070000 0 0
77.140000 37 27
77.210000 0 0
77.280000 57 41
77.350000 57 41
77.420000 57 41
77.490000 0 0
77.560000 37 46
77.630000 0 0
77.700000 45 34
77.770000 0 0
77.840000 53 33
77.910000 37 27
77.980000 0 0
78.050000 57 41
78.120000 57 41
78.190000 57 41
78.260000 0 0
78.330000 37 45
78.400000 0 0
78.470000 45 33
78.540000 0 0
78.610000 53 33
78.680000 0 0
78.750000 37 25
78.820000 0 0
78.890000 57 40
78.960000 57 40
79.030000 57 40
79.100000 37 45
79.170000 0 0
79.240000 45 35
79.310000 0 0
79.380000 53 33
79.450000 0 0
79.520000 37 26
79.590000 0 0
79.660000 57 39
79.730000 57 39
79.800000 57 39
79.870000 57 39
79.940000 38 61
80.010000 0 0
80.080000 45 45
80.150000 0 0
80.220000 53 45
80.290000 0 0
80.360000 38 40
80.430000 0 0
80.500000 57 56
80.570000 57 56
80.640000 57 56
80.710000 0 0
80.780000 38 56
80.850000 45 45
80.920000 0 0
80.990000 53 45
81.060000 0 0
81.130000 38 39
81.200000 0 0
81.270000 57 55
81.340000 57 55
81.410000 57 55
81.480000 0 0
81.550000 38 64
81.620000 0 0
81.690000 45 45
81.760000 0 0
81.830000 53 45
81.900000 0 0
81.970000 38 39
82.040000 57 57
82.110000 57 57
82.180000 57 57
82.250000 0 0
82.320000 38 59
82.390000 0 0
82.460000 45 49
82.530000 0 0
82.600000 53 47
82.670000 0 0
82.740000 38 42
82.810000 0 0
82.880000 57 60
82.950000 57 60
83.020000 57 60
83.090000 0 0
83.160000 34 64
83.230000 0 0
83.300000 43 51
83.370000 50 51
83.440000 0 0
83.510000 34 43
83.580000 0 0
83.650000 52 63
83.720000 52 63
83.790000 52 63
83.860000 0 0
83.930000 34 64
84.000000 0 0
84.070000 43 52
84.140000 0 0
84.210000 50 52
84.280000 0 0
84.350000 34 45
84.420000 0 0
84.490000 52 63
84.560000 52 63
84.630000 52 63
84.700000 34 72
84.770000 0 0
84.840000 44 59
84.910000 0 0
84.980000 50 58
85.050000 0 0
85.120000 34 50
85.190000 0 0
85.260000 53 64
85.330000 53 64
85.400000 53 64
85.470000 34 71
85.540000 0 0
85.610000 44 58
85.680000 0 0
85.750000 50 58
85.820000 0 0
85.890000 34 51
85.960000 34 51
86.030000 53 64
86.100000 53 64
86.170000 53 64
86.240000 53 64
86.310000 0 0
86.380000 34 72
86.450000 0 0
86.520000 44 61
86.590000 0 0
86.660000 50 61
86.730000 0 0
86.800000 34 54
86.870000 0 0
86.940000 53 64
87.010000 53 64
87.080000 53 64
87.150000 34 70
87.220000 0 0
87.290000 44 60
87.360000 0 0
87.430000 50 60
87.500000 0 0
87.570000 34 53
87.640000 0 0
87.710000 53 64
87.780000 53 64
87.850000 53 64
87.920000 0 0
87.990000 34 68
88.060000 44 60
88.130000 0 0
88.200000 50 60
88.270000 0 0
88.340000 34 54
88.410000 0 0
88.480000 53 64
88.550000 53 64
88.620000 53 64
88.690000 0 0
88.760000 34 67
88.830000 0 0
88.900000 44 58
88.970000 0 0
89.040000 50 58
89.110000 34 52
89.180000 0 0
89.250000 53 64
89.320000 53 64
89.390000 53 64
89.460000 0 0
89.530000 33 65
89.600000 0 0
89.670000 41 54
89.740000 0 0
89.810000 50 54
89.880000 0 0
89.950000 33 48
90.020000 0 0
90.090000 53 62
90.160000 53 62
90.230000 53 62
90.300000 0 0
90.370000 33 66
90.440000 41 55
90.510000 0 0
90.580000 50 55
90.650000 0 0
90.720000 33 49
90.790000 0 0
90.860000 53 61
90.930000 53 61
91.000000 53 61
91.070000 0 0
91.140000 33 67
91.210000 0 0
91.280000 41 55
91.350000 50 55
91.420000 0 0
91.490000 33 50
91.560000 0 0
91.630000 53 63
91.700000 53 63
91.770000 53 63
91.840000 0 0
91.910000 33 66
91.980000 0 0
92.050000 41 56
92.120000 0 0
92.190000 50 56
92.260000 33 50
92.330000 0 0
92.400000 53 63
92.470000 53 63
92.540000 53 63
92.610000 0 0
92.680000 33 67
92.750000 0 0
92.820000 41 57
92.890000 0 0
92.960000 50 57
93.030000 0 0
93.100000 33 49
93.170000 0 0
93.240000 53 61
93.310000 53 61
93.380000 53 61
93.450000 33 67
93.520000 0 0
93.590000 41 59
93.660000 0 0
93.730000 50 59
93.800000 0 0
93.870000 33 54
93.940000 0 0
94.010000 53 63
94.080000 53 63
94.150000 53 63
94.220000 33 70
94.290000 0 0
94.360000 41 59
94.430000 0 0
94.500000 50 59
94.570000 0 0
94.640000 33 53
94.710000 0 0
94.780000 53 67
94.850000 53 67
94.920000 53 67
94.990000 0 0
95.060000 33 71
95.130000 41 59
95.200000 0 0
95.270000 50 59
95.340000 0 0
95.410000 33 52
95.480000 0 0
95.550000 53 67
95.620000 53 67
95.690000 53 67
95.760000 0 0
95.830000 33 72
95.900000 0 0
95.970000 43 61
96.040000 0 0
96.110000 50 61
96.180000 0 0
96.250000 33 54
96.320000 52 71
96.390000 52 71
96.460000 52 71
96.530000 0 0
96.600000 33 72
96.670000 0 0
96.740000 43 58
96.810000 0 0
96.880000 50 58
96.950000 0 0
97.020000 33 51
97.090000 0 0
97.160000 52 70
97.230000 52 70
97.300000 52 70
97.370000 0 0
97.440000 33 72
97.510000 43 63
97.580000 0 0
97.650000 50 63
97.720000 0 0
97.790000 33 57
97.860000 0 0
97.930000 52 68
98.000000 52 68
98.070000 52 68
98.140000 0 0
98.210000 33 71
98.280000 0 0
98.350000 43 63
98.420000 50 63
98.490000 0 0
98.560000 33 58
98.630000 0 0
98.700000 52 66
98.770000 52 66
98.840000 52 66
98.910000 0 0
98.980000 33 71
99.050000 0 0
99.120000 43 61
99.190000 0 0
99.260000 50 61
99.330000 0 0
99.400000 33 56
99.470000 52 65
99.540000 52 65
99.610000 52 65
99.680000 0 0
99.750000 33 70
99.820000 0 0
99.890000 43 60
99.960000 0 0
100.030000 50 60
100.100000 0 0
100.170000 33 54
100.240000 0 0
100.310000 52 66
100.380000 52 66
100.450000 52 66
100.520000 33 72
100.590000 0 0
100.660000 43 59
100.730000 0 0
100.800000 50 60
100.870000 0 0
100.940000 33 54
101.010000 0 0
101.080000 52 67
101.150000 52 67
101.220000 52 67
101.290000 0 0
101.360000 33 71
101.430000 0 0
101.500000 43 61
101.570000 45 61
101.640000 0 0
101.710000 33 54
101.780000 0 0
101.850000 52 65
101.920000 52 65
101.990000 52 65
102.060000 0 0
102.130000 38 71
102.200000 0 0
102.270000 45 63
102.340000 0 0
102.410000 53 62
102.480000 0 0
102.550000 38 57
102.620000 57 67
102.690000 57 67
102.760000 57 67
102.830000 0 0
102.900000 38 68
102.970000 0 0
103.040000 45 62
103.110000 0 0
103.180000 53 62
103.250000 0 0
103.320000 38 58
103.390000 0 0
103.460000 57 66
103.530000 57 66
103.600000 57 66
103.670000 38 68
103.740000 0 0
103.810000 44 62
103.880000 0 0
103.950000 53 62
104.020000 0 0
104.090000 38 56
104.160000 0 0
104.230000 56 66
104.300000 56 66
104.370000 56 66
104.440000 0 0
104.510000 38 68
104.580000 44 61
104.650000 0 0
104.720000 53 61
104.790000 0 0
104.860000 38 56
104.930000 0 0
105.000000 56 65
105.070000 56 65
105.140000 56 65
105.210000 0 0
105.280000 38 64
105.350000 0 0
105.420000 45 52
105.490000 0 0
105.560000 53 52
105.630000 38 45
105.700000 0 0
105.770000 57 62
105.840000 57 62
105.910000 57 62
105.980000 0 0
106.050000 38 64
106.120000 0 0
106.190000 45 53
106.260000 0 0
106.330000 53 53
106.400000 0 0
106.470000 38 46
106.540000 0 0
106.610000 57 63
106.680000 57 63
106.750000 57 63
106.820000 38 61
106.890000 0 0
106.960000 44 51
107.030000 0 0
107.100000 53 51
107.170000 0 0
107.240000 38 46
107.310000 0 0
107.380000 56 56
107.450000 56 56
107.520000 56 56
107.590000 0 0
107.660000 38 61
107.730000 0 0
107.800000 44 49
107.870000 53 49
107.940000 0 0
108.010000 38 44
108.080000 0 0
108.150000 56 56
108.220000 56 56
108.290000 56 56
108.360000 0 0
108.430000 38 61
108.500000 0 0
108.570000 45 49
108.640000 0 0
108.710000 53 48
108.780000 0 0
108.850000 38 41
108.920000 0 0
108.990000 57 56
109.060000 57 56
109.130000 57 56
109.200000 38 61
109.270000 0 0
109.340000 45 48
109.410000 0 0
109.480000 53 48
109.550000 0 0
109.620000 38 41
109.690000 0 0
109.760000 57 56
109.830000 57 56
109.900000 57 56
109.970000 0 0
110.040000 38 68
110.110000 0 0
110.180000 44 52
110.250000 53 52
110.320000 0 0
110.390000 38 45
110.460000 0 0
110.530000 56 61
110.600000 56 61
110.670000 56 61
110.740000 0 0
110.810000 38 64
110.880000 0 0
110.950000 44 52
111.020000 0 0
111.090000 53 52
111.160000 0 0
111.230000 38 45
111.300000 56 60
111.370000 56 60
111.440000 56 60
111.510000 0 0
111.580000 38 64
111.650000 0 0
111.720000 45 52
111.790000 0 0
111.860000 53 52
111.930000 0 0
112.000000 38 42
112.070000 0 0
112.140000 57 60
112.210000 57 60
112.280000 57 60
112.350000 0 0
112.420000 38 66
112.490000 0 0
112.560000 45 51
112.630000 53 51
112.700000 0 0
112.770000 38 43
112.840000 0 0
112.910000 57 62
112.980000 57 62
113.050000 57 62
113.120000 0 0
113.190000 38 68
113.260000 0 0
113.330000 44 51
113.400000 0 0
113.470000 53 51
113.540000 0 0
113.610000 38 44
113.680000 0 0
113.750000 56 61
113.820000 56 61
113.890000 56 61
113.960000 0 0
114.030000 38 61
114.100000 0 0
114.170000 44 51
114.240000 0 0
114.310000 53 52
114.380000 38 45
114.450000 0 0
114.520000 56 61
114.590000 56 61
114.660000 56 61
114.730000 0 0
114.800000 38 50
114.870000 38 50
114.940000 38 50
115.010000 38 50
115.080000 38 50
115.150000 38 50
115.220000 38 50
115.290000 0 0
115.360000 0 0
115.430000 0 0
115.500000 0 0
115.570000 0 0
115.640000 65 68
115.710000 65 68
115.780000 65 68
115.850000 65 68
115.920000 65 68
115.990000 65 68
116.060000 65 68
116.130000 65 68
116.200000 65 68
116.270000 65 68
116.340000 65 68
116.410000 0 0
