"chpn_op33_2"

# Piano right
0.000000 0 0
0.070000 0 0
0.140000 0 0
0.210000 0 0
0.280000 0 0
0.350000 0 0
0.420000 0 0
0.490000 0 0
0.560000 0 0
0.630000 0 0
0.700000 69 77
0.770000 69 77
0.840000 69 77
0.910000 69 77
0.980000 69 77
1.050000 66 68
1.120000 66 68
1.190000 66 68
1.260000 66 68
1.330000 66 60
1.400000 66 60
1.470000 66 60
1.540000 66 60
1.610000 0 0
1.680000 66 61
1.750000 66 61
1.820000 66 61
1.890000 66 61
1.960000 78 76
2.030000 78 76
2.100000 78 76
2.170000 78 76
2.240000 67 62
2.310000 67 62
2.380000 67 62
2.450000 67 62
2.520000 0 0
2.590000 67 62
2.660000 67 62
2.730000 67 62
2.800000 67 62
2.870000 69 74
2.940000 69 74
3.010000 74 70
3.080000 74 70
3.150000 66 62
3.220000 66 62
3.290000 66 62
3.360000 66 62
3.430000 66 59
3.500000 66 59
3.570000 66 59
3.640000 66 59
3.710000 0 0
3.780000 73 73
3.850000 73 73
3.920000 73 73
3.990000 73 73
4.060000 73 73
4.130000 73 73
4.200000 73 73
4.270000 73 73
4.340000 73 73
4.410000 73 73
4.480000 73 73
4.550000 73 73
4.620000 73 73
4.690000 73 73
4.760000 69 74
4.830000 69 74
4.900000 73 70
4.970000 73 70
5.040000 66 60
5.110000 66 60
5.180000 66 60
5.250000 66 60
5.320000 66 61
5.390000 66 61
5.460000 66 61
5.530000 66 61
5.600000 0 0
5.670000 78 76
5.740000 78 76
5.810000 78 76
5.880000 78 76
5.950000 67 62
6.020000 67 62
6.090000 67 62
6.160000 67 62
6.230000 67 62
6.300000 67 62
6.370000 67 62
6.440000 67 62
6.510000 0 0
6.580000 69 74
6.650000 69 74
6.720000 73 70
6.790000 73 70
6.860000 67 62
6.930000 67 62
7.000000 67 62
7.070000 67 62
7.140000 67 59
7.210000 67 59
7.280000 67 59
7.350000 67 59
7.420000 74 73
7.490000 74 73
7.560000 74 73
7.630000 74 73
7.700000 74 73
7.770000 74 73
7.840000 74 73
7.910000 74 73
7.980000 74 73
8.050000 66 47
8.120000 66 47
8.190000 66 47
8.260000 66 47
8.330000 66 47
8.400000 66 47
8.470000 66 47
8.540000 66 47
8.610000 66 47
8.680000 73 39
8.750000 66 33
8.820000 66 33
8.890000 66 33
8.960000 66 33
9.030000 66 33
9.100000 66 33
9.170000 66 33
9.240000 66 33
9.310000 0 0
9.380000 78 42
9.450000 78 42
9.520000 78 42
9.590000 78 42
9.660000 67 34
9.730000 67 34
9.800000 67 34
9.870000 67 34
9.940000 67 34
10.010000 67 34
10.080000 67 34
10.150000 67 34
10.220000 0 0
10.290000 69 40
10.360000 69 40
10.430000 74 39
10.500000 74 39
10.570000 66 34
10.640000 66 34
10.710000 66 34
10.780000 66 34
10.850000 66 32
10.920000 66 32
10.990000 66 32
11.060000 66 32
11.130000 0 0
11.200000 73 40
11.270000 73 40
11.340000 73 40
11.410000 73 40
11.480000 73 40
11.550000 73 40
11.620000 73 40
11.690000 73 40
11.760000 73 40
11.830000 73 40
11.900000 73 40
11.970000 73 40
12.040000 73 40
12.110000 73 40
12.180000 69 40
12.250000 69 40
12.320000 73 39
12.390000 73 39
12.460000 0 0
12.530000 66 33
12.600000 66 33
12.670000 66 33
12.740000 66 33
12.810000 66 33
12.880000 66 33
12.950000 66 33
13.020000 66 33
13.090000 78 42
13.160000 78 42
13.230000 78 42
13.300000 78 42
13.370000 0 0
13.440000 67 34
13.510000 67 34
13.580000 67 34
13.650000 67 34
13.720000 67 34
13.790000 67 34
13.860000 67 34
13.930000 67 34
14.000000 69 40
14.070000 69 40
14.140000 73 39
14.210000 73 39
14.280000 67 34
14.350000 67 34
14.420000 67 34
14.490000 67 34
14.560000 0 0
14.630000 67 32
14.700000 67 32
14.770000 67 32
14.840000 67 32
14.910000 74 40
14.980000 74 40
15.050000 74 40
15.120000 74 40
15.190000 74 40
15.260000 74 40
15.330000 74 40
15.400000 74 40
15.470000 74 40
15.540000 74 40
15.610000 74 40
15.680000 74 40
15.750000 74 40
15.820000 74 40
15.890000 0 0
15.960000 64 73
16.030000 64 73
16.100000 68 70
16.170000 68 70
16.240000 61 60
16.310000 61 60
16.380000 61 60
16.450000 61 60
16.520000 61 61
16.590000 61 61
16.660000 61 61
16.730000 61 61
16.800000 73 76
16.870000 73 76
16.940000 73 76
17.010000 73 76
17.080000 0 0
17.150000 62 62
17.220000 62 62
17.290000 62 62
17.360000 62 62
17.430000 62 62
17.500000 62 62
17.570000 62 62
17.640000 62 62
17.710000 64 74
17.780000 64 74
17.850000 69 70
17.920000 69 70
17.990000 61 62
18.060000 61 62
18.130000 61 62
18.200000 61 62
18.270000 0 0
18.340000 61 59
18.410000 61 59
18.480000 61 59
18.550000 61 59
18.620000 68 73
18.690000 68 73
18.760000 68 73
18.830000 68 73
18.900000 68 73
18.970000 68 73
19.040000 68 73
19.110000 68 73
19.180000 68 73
19.250000 68 73
19.320000 68 73
19.390000 68 73
19.460000 68 73
19.530000 68 73
19.600000 64 74
19.670000 64 74
19.740000 68 70
19.810000 68 70
19.880000 61 60
19.950000 61 60
20.020000 61 60
20.090000 61 60
20.160000 71 71
20.230000 61 61
20.300000 61 61
20.370000 61 61
20.440000 61 61
20.510000 73 76
20.580000 73 76
20.650000 73 76
20.720000 73 76
20.790000 62 62
20.860000 62 62
20.930000 62 62
21.000000 62 62
21.070000 0 0
21.140000 62 62
21.210000 62 62
21.280000 62 62
21.350000 62 62
21.420000 64 74
21.490000 64 74
21.560000 68 70
21.630000 68 70
21.700000 62 62
21.770000 62 62
21.840000 62 62
21.910000 62 62
21.980000 62 59
22.050000 62 59
22.120000 62 59
22.190000 62 59
22.260000 0 0
22.330000 69 73
22.400000 69 73
22.470000 69 73
22.540000 69 73
22.610000 69 73
22.680000 69 73
22.750000 69 73
22.820000 69 73
22.890000 69 73
22.960000 61 47
23.030000 61 47
23.100000 61 47
23.170000 61 47
23.240000 61 47
23.310000 61 47
23.380000 61 47
23.450000 61 47
23.520000 61 47
23.590000 61 33
23.660000 61 33
23.730000 61 33
23.800000 61 33
23.870000 61 33
23.940000 61 33
24.010000 61 33
24.080000 61 33
24.150000 0 0
24.220000 73 42
24.290000 73 42
24.360000 73 42
24.430000 73 42
24.500000 62 34
24.570000 62 34
24.640000 62 34
24.710000 62 34
24.780000 69 40
24.850000 62 34
24.920000 62 34
24.990000 62 34
25.060000 62 34
25.130000 64 40
25.200000 64 40
25.270000 69 39
25.340000 69 39
25.410000 61 34
25.480000 61 34
25.550000 61 34
25.620000 61 34
25.690000 0 0
25.760000 61 32
25.830000 61 32
25.900000 61 32
25.970000 61 32
26.040000 68 40
26.110000 68 40
26.180000 68 40
26.250000 68 40
26.320000 68 40
26.390000 68 40
26.460000 68 40
26.530000 68 40
26.600000 68 40
26.670000 68 40
26.740000 68 40
26.810000 68 40
26.880000 68 40
26.950000 68 40
27.020000 62 31
27.090000 64 40
27.160000 64 40
27.230000 68 39
27.300000 68 39
27.370000 61 33
27.440000 61 33
27.510000 61 33
27.580000 61 33
27.650000 71 39
27.720000 61 33
27.790000 61 33
27.860000 61 33
27.930000 61 33
28.000000 73 42
28.070000 73 42
28.140000 73 42
28.210000 73 42
28.280000 0 0
28.350000 62 34
28.420000 62 34
28.490000 62 34
28.560000 62 34
28.630000 62 34
28.700000 62 34
28.770000 62 34
28.840000 62 34
28.910000 66 40
28.980000 64 40
29.050000 64 40
29.120000 68 39
29.190000 68 39
29.260000 62 34
29.330000 62 34
29.400000 62 34
29.470000 62 34
29.540000 0 0
29.610000 62 32
29.680000 62 32
29.750000 62 32
29.820000 62 32
29.890000 69 40
29.960000 69 40
30.030000 69 40
30.100000 69 40
30.170000 69 40
30.240000 69 40
30.310000 69 40
30.380000 69 40
30.450000 69 40
30.520000 69 40
30.590000 69 40
30.660000 69 40
30.730000 69 40
30.800000 69 40
30.870000 69 40
30.940000 66 78
31.010000 66 78
31.080000 66 78
31.150000 66 78
31.220000 66 69
31.290000 66 69
31.360000 66 69
31.430000 66 69
31.500000 66 70
31.570000 66 70
31.640000 66 70
31.710000 66 70
31.780000 78 87
31.850000 78 87
31.920000 78 87
31.990000 78 87
32.060000 0 0
32.130000 67 71
32.200000 67 71
32.270000 67 71
32.340000 67 71
32.410000 67 71
32.480000 67 71
32.550000 67 71
32.620000 67 71
32.690000 69 85
32.760000 69 85
32.830000 74 80
32.900000 74 80
32.970000 66 71
33.040000 66 71
33.110000 66 71
33.180000 66 71
33.250000 0 0
33.320000 66 67
33.390000 66 67
33.460000 66 67
33.530000 66 67
33.600000 73 83
33.670000 73 83
33.740000 73 83
33.810000 73 83
33.880000 73 83
33.950000 73 83
34.020000 73 83
34.090000 73 83
34.160000 73 83
34.230000 73 83
34.300000 73 83
34.370000 73 83
34.440000 73 83
34.510000 73 83
34.580000 69 85
34.650000 69 85
34.720000 73 80
34.790000 73 80
34.860000 66 69
34.930000 66 69
35.000000 66 69
35.070000 66 69
35.140000 66 70
35.210000 66 70
35.280000 66 70
35.350000 66 70
35.420000 0 0
35.490000 78 87
35.560000 78 87
35.630000 78 87
35.700000 78 87
35.770000 67 71
35.840000 67 71
35.910000 67 71
35.980000 67 71
36.050000 67 71
36.120000 67 71
36.190000 67 71
36.260000 67 71
36.330000 0 0
36.400000 69 85
36.470000 69 85
36.540000 73 80
36.610000 73 80
36.680000 67 71
36.750000 67 71
36.820000 67 71
36.890000 67 71
36.960000 67 67
37.030000 67 67
37.100000 67 67
37.170000 67 67
37.240000 74 83
37.310000 74 83
37.380000 74 83
37.450000 74 83
37.520000 74 83
37.590000 74 83
37.660000 74 83
37.730000 74 83
37.800000 74 83
37.870000 66 54
37.940000 66 54
38.010000 66 54
38.080000 66 54
38.150000 66 54
38.220000 66 54
38.290000 66 54
38.360000 66 54
38.430000 66 54
38.500000 73 39
38.570000 66 33
38.640000 66 33
38.710000 66 33
38.780000 66 33
38.850000 66 33
38.920000 66 33
38.990000 66 33
39.060000 66 33
39.130000 0 0
39.200000 78 42
39.270000 78 42
39.340000 78 42
39.410000 78 42
39.480000 67 34
39.550000 67 34
39.620000 67 34
39.690000 67 34
39.760000 74 40
39.830000 67 34
39.900000 67 34
39.970000 67 34
40.040000 67 34
40.110000 69 40
40.180000 69 40
40.250000 74 39
40.320000 74 39
40.390000 66 34
40.460000 66 34
40.530000 66 34
40.600000 66 34
40.670000 74 39
40.740000 66 32
40.810000 66 32
40.880000 66 32
40.950000 66 32
41.020000 0 0
41.090000 73 40
41.160000 73 40
41.230000 73 40
41.300000 73 40
41.370000 73 40
41.440000 73 40
41.510000 73 40
41.580000 73 40
41.650000 73 40
41.720000 73 40
41.790000 73 40
41.860000 73 40
41.930000 73 40
42.000000 73 40
42.070000 0 0
42.140000 69 40
42.210000 69 40
42.280000 73 39
42.350000 73 39
42.420000 66 33
42.490000 66 33
42.560000 66 33
42.630000 66 33
42.700000 0 0
42.770000 66 33
42.840000 66 33
42.910000 66 33
42.980000 66 33
43.050000 78 42
43.120000 78 42
43.190000 78 42
43.260000 78 42
43.330000 0 0
43.400000 67 34
43.470000 67 34
43.540000 67 34
43.610000 67 34
43.680000 0 0
43.750000 67 34
43.820000 67 34
43.890000 67 34
43.960000 67 34
44.030000 69 40
44.100000 69 40
44.170000 73 39
44.240000 73 39
44.310000 0 0
44.380000 67 34
44.450000 67 34
44.520000 67 34
44.590000 67 34
44.660000 0 0
44.730000 67 32
44.800000 67 32
44.870000 67 32
44.940000 67 32
45.010000 74 40
45.080000 74 40
45.150000 74 40
45.220000 74 40
45.290000 74 40
45.360000 74 40
45.430000 74 40
45.500000 74 40
45.570000 74 40
45.640000 74 40
45.710000 74 40
45.780000 74 40
45.850000 74 40
45.920000 74 40
45.990000 74 40
46.060000 74 40
46.130000 65 54
46.200000 65 54
46.270000 65 54
46.340000 65 54
46.410000 65 54
46.480000 65 54
46.550000 65 54
46.620000 65 54
46.690000 65 54
46.760000 65 54
46.830000 70 42
46.900000 70 42
46.970000 70 42
47.040000 70 42
47.110000 70 42
47.180000 70 42
47.250000 70 42
47.320000 70 42
47.390000 70 42
47.460000 70 42
47.530000 72 64
47.600000 72 64
47.670000 72 64
47.740000 72 64
47.810000 72 64
47.880000 65 48
47.950000 65 48
48.020000 65 48
48.090000 65 48
48.160000 65 48
48.230000 65 48
48.300000 65 48
48.370000 65 48
48.440000 65 48
48.510000 65 48
48.580000 74 64
48.650000 65 50
48.720000 65 50
48.790000 65 50
48.860000 65 50
48.930000 65 50
49.000000 65 51
49.070000 65 51
49.140000 65 51
49.210000 65 51
49.280000 65 51
49.350000 65 51
49.420000 65 51
49.490000 65 51
49.560000 65 51
49.630000 65 51
49.700000 72 71
49.770000 72 71
49.840000 72 71
49.910000 72 71
49.980000 72 71
50.050000 72 71
50.120000 72 71
50.190000 72 71
50.260000 72 71
50.330000 72 71
50.400000 0 0
50.470000 76 73
50.540000 76 73
50.610000 0 0
50.680000 0 0
50.750000 70 66
50.820000 70 70
50.890000 70 70
50.960000 70 70
51.030000 70 70
51.100000 70 70
51.170000 70 70
51.240000 70 70
51.310000 70 70
51.380000 70 70
51.450000 70 70
51.520000 77 73
51.590000 77 73
51.660000 0 0
51.730000 0 0
51.800000 70 69
51.870000 0 0
51.940000 70 72
52.010000 70 72
52.080000 70 72
52.150000 70 72
52.220000 70 72
52.290000 69 67
52.360000 69 67
52.430000 69 67
52.500000 69 67
52.570000 69 67
52.640000 76 64
52.710000 76 64
52.780000 0 0
52.850000 0 0
52.920000 70 61
52.990000 70 63
53.060000 70 63
53.130000 70 63
53.200000 70 63
53.270000 70 63
53.340000 0 0
53.410000 70 60
53.480000 70 60
53.550000 70 60
53.620000 70 60
53.690000 70 60
53.760000 75 58
53.830000 75 58
53.900000 0 0
53.970000 0 0
54.040000 69 52
54.110000 69 54
54.180000 69 54
54.250000 69 54
54.320000 69 54
54.390000 69 54
54.460000 0 0
54.530000 69 46
54.600000 69 46
54.670000 69 46
54.740000 69 46
54.810000 69 46
54.880000 0 0
54.950000 74 61
55.020000 74 61
55.090000 74 61
55.160000 74 58
55.230000 0 0
55.300000 65 45
55.370000 65 45
55.440000 65 45
55.510000 65 45
55.580000 65 45
55.650000 65 46
55.720000 65 46
55.790000 65 46
55.860000 65 46
55.930000 65 46
56.000000 78 64
56.070000 78 64
56.140000 78 64
56.210000 0 0
56.280000 77 60
56.350000 72 64
56.420000 72 64
56.490000 72 64
56.560000 72 64
56.630000 72 64
56.700000 65 48
56.770000 65 48
56.840000 65 48
56.910000 65 48
56.980000 65 48
57.050000 0 0
57.120000 73 68
57.190000 73 68
57.260000 73 68
57.330000 73 64
57.400000 0 0
57.470000 65 50
57.540000 65 50
57.610000 65 50
57.680000 65 50
57.750000 65 50
57.820000 65 50
57.890000 65 50
57.960000 65 50
58.030000 65 50
58.100000 65 50
58.170000 78 74
58.240000 78 74
58.310000 78 74
58.380000 0 0
58.450000 77 72
58.520000 73 62
58.590000 73 62
58.660000 73 62
58.730000 73 62
58.800000 73 62
58.870000 73 73
58.940000 73 73
59.010000 73 73
59.080000 73 73
59.150000 73 73
59.220000 0 0
59.290000 72 80
59.360000 72 80
59.430000 0 0
59.500000 0 0
59.570000 66 75
59.640000 66 79
59.710000 66 79
59.780000 66 79
59.850000 66 79
59.920000 66 79
59.990000 66 75
60.060000 66 75
60.130000 66 75
60.200000 66 75
60.270000 66 75
60.340000 0 0
60.410000 73 79
60.480000 73 79
60.550000 0 0
60.620000 0 0
60.690000 66 73
60.760000 66 77
60.830000 66 77
60.900000 66 77
60.970000 66 77
61.040000 66 77
61.110000 65 73
61.180000 65 73
61.250000 65 73
61.320000 65 73
61.390000 65 73
61.460000 72 67
61.530000 72 67
61.600000 0 0
61.670000 0 0
61.740000 66 63
61.810000 0 0
61.880000 66 59
61.950000 66 59
62.020000 66 59
62.090000 66 59
62.160000 66 59
62.230000 66 63
62.300000 66 63
62.370000 66 63
62.440000 66 63
62.510000 66 63
62.580000 66 59
62.650000 66 59
62.720000 0 0
62.790000 0 0
62.860000 66 53
62.930000 0 0
63.000000 68 55
63.070000 68 55
63.140000 68 55
63.210000 68 55
63.280000 68 55
63.350000 68 55
63.420000 68 55
63.490000 68 55
63.560000 68 55
63.630000 68 55
63.700000 68 55
63.770000 68 52
63.840000 62 56
63.910000 68 47
63.980000 68 47
64.050000 68 47
64.120000 68 47
64.190000 68 47
64.260000 68 47
64.330000 68 47
64.400000 68 47
64.470000 68 47
64.540000 68 47
64.610000 68 47
64.680000 62 58
64.750000 69 56
64.820000 62 59
64.890000 0 0
64.960000 69 50
65.030000 69 50
65.100000 69 50
65.170000 69 50
65.240000 69 50
65.310000 69 50
65.380000 69 50
65.450000 69 50
65.520000 69 50
65.590000 69 50
65.660000 69 50
65.730000 0 0
65.800000 68 59
65.870000 62 63
65.940000 68 53
66.010000 68 53
66.080000 68 53
66.150000 68 53
66.220000 68 53
66.290000 68 53
66.360000 68 53
66.430000 68 53
66.500000 68 53
66.570000 68 53
66.640000 68 53
66.710000 62 65
66.780000 69 62
66.850000 62 66
66.920000 69 56
66.990000 69 56
67.060000 69 56
67.130000 69 56
67.200000 69 56
67.270000 69 56
67.340000 69 56
67.410000 69 56
67.480000 69 56
67.550000 69 56
67.620000 69 56
67.690000 0 0
67.760000 68 66
67.830000 62 70
67.900000 0 0
67.970000 68 59
68.040000 68 59
68.110000 68 59
68.180000 68 59
68.250000 68 59
68.320000 68 59
68.390000 68 59
68.460000 68 59
68.530000 68 59
68.600000 68 59
68.670000 68 59
68.740000 69 66
68.810000 0 0
68.880000 62 70
68.950000 69 59
69.020000 69 59
69.090000 69 59
69.160000 69 59
69.230000 69 59
69.300000 69 59
69.370000 69 59
69.440000 69 59
69.510000 69 59
69.580000 69 59
69.650000 69 59
69.720000 68 66
69.790000 0 0
69.860000 62 70
69.930000 68 59
70.000000 68 59
70.070000 68 59
70.140000 68 59
70.210000 68 59
70.280000 68 59
70.350000 68 59
70.420000 68 59
70.490000 68 59
70.560000 68 59
70.630000 68 59
70.700000 62 70
70.770000 69 66
70.840000 0 0
70.910000 62 70
70.980000 69 59
71.050000 69 59
71.120000 69 59
71.190000 69 59
71.260000 69 59
71.330000 69 59
71.400000 69 59
71.470000 69 59
71.540000 69 59
71.610000 69 59
71.680000 69 59
71.750000 69 59
71.820000 0 0
71.890000 68 52
71.960000 0 0
72.030000 62 56
72.100000 68 47
72.170000 68 47
72.240000 68 47
72.310000 68 47
72.380000 68 47
72.450000 68 47
72.520000 68 47
72.590000 68 47
72.660000 68 47
72.730000 68 47
72.800000 68 47
72.870000 62 56
72.940000 69 54
73.010000 0 0
73.080000 62 57
73.150000 69 48
73.220000 69 48
73.290000 69 48
73.360000 69 48
73.430000 69 48
73.500000 69 48
73.570000 69 48
73.640000 69 48
73.710000 69 48
73.780000 69 48
73.850000 69 48
73.920000 0 0
73.990000 68 56
74.060000 62 59
74.130000 0 0
74.200000 68 50
74.270000 68 50
74.340000 68 50
74.410000 68 50
74.480000 68 50
74.550000 68 50
74.620000 68 50
74.690000 68 50
74.760000 68 50
74.830000 68 50
74.900000 68 50
74.970000 69 57
75.040000 0 0
75.110000 62 60
75.180000 0 0
75.250000 69 51
75.320000 69 51
75.390000 69 51
75.460000 69 51
75.530000 69 51
75.600000 69 51
75.670000 69 51
75.740000 69 51
75.810000 69 51
75.880000 69 51
75.950000 69 51
76.020000 69 51
76.090000 68 59
76.160000 62 63
76.230000 0 0
76.300000 68 53
76.370000 68 53
76.440000 68 53
76.510000 68 53
76.580000 68 53
76.650000 68 53
76.720000 68 53
76.790000 68 53
76.860000 68 53
76.930000 68 53
77.000000 68 53
77.070000 69 59
77.140000 0 0
77.210000 62 63
77.280000 69 53
77.350000 69 53
77.420000 69 53
77.490000 69 53
77.560000 69 53
77.630000 69 53
77.700000 69 53
77.770000 69 53
77.840000 69 53
77.910000 69 53
77.980000 69 53
78.050000 0 0
78.120000 68 59
78.190000 0 0
78.260000 62 63
78.330000 68 52
78.400000 68 52
78.470000 68 52
78.540000 68 52
78.610000 68 52
78.680000 68 52
78.750000 68 52
78.820000 68 52
78.890000 68 52
78.960000 68 52
79.030000 68 52
79.100000 68 52
79.170000 67 54
79.240000 0 0
79.310000 62 57
79.380000 0 0
79.450000 67 47
79.520000 67 47
79.590000 67 47
79.660000 67 47
79.730000 67 47
79.800000 67 47
79.870000 67 47
79.940000 67 47
80.010000 67 47
80.080000 67 47
80.150000 67 47
80.220000 67 47
80.290000 0 0
80.360000 69 68
80.430000 69 68
80.500000 73 70
80.570000 73 70
80.640000 66 60
80.710000 66 60
80.780000 66 60
80.850000 66 60
80.920000 76 71
80.990000 66 61
81.060000 66 61
81.130000 66 61
81.200000 66 61
81.270000 0 0
81.340000 78 76
81.410000 78 76
81.480000 78 76
81.550000 78 76
81.620000 67 62
81.690000 67 62
81.760000 67 62
81.830000 67 62
81.900000 67 62
81.970000 67 62
82.040000 67 62
82.110000 67 62
82.180000 71 72
82.250000 69 74
82.320000 69 74
82.390000 74 70
82.460000 74 70
82.530000 66 62
82.600000 66 62
82.670000 66 62
82.740000 66 62
82.810000 0 0
82.880000 66 59
82.950000 66 59
83.020000 66 59
83.090000 66 59
83.160000 73 73
83.230000 73 73
83.300000 73 73
83.370000 73 73
83.440000 73 73
83.510000 73 73
83.580000 73 73
83.650000 73 73
83.720000 73 73
83.790000 73 73
83.860000 73 73
83.930000 73 73
84.000000 73 73
84.070000 73 73
84.140000 69 74
84.210000 69 74
84.280000 73 70
84.350000 73 70
84.420000 0 0
84.490000 66 60
84.560000 66 60
84.630000 66 60
84.700000 66 60
84.770000 66 61
84.840000 66 61
84.910000 66 61
84.980000 66 61
85.050000 78 76
85.120000 78 76
85.190000 78 76
85.260000 78 76
85.330000 0 0
85.400000 67 62
85.470000 67 62
85.540000 67 62
85.610000 67 62
85.680000 67 62
85.750000 67 62
85.820000 67 62
85.890000 67 62
85.960000 69 74
86.030000 69 74
86.100000 73 70
86.170000 73 70
86.240000 67 62
86.310000 67 62
86.380000 67 62
86.450000 67 62
86.520000 0 0
86.590000 67 59
86.660000 67 59
86.730000 67 59
86.800000 67 59
86.870000 74 73
86.940000 74 73
87.010000 74 73
87.080000 74 73
87.150000 74 73
87.220000 74 73
87.290000 74 73
87.360000 74 73
87.430000 74 73
87.500000 66 47
87.570000 66 47
87.640000 66 47
87.710000 66 47
87.780000 66 47
87.850000 66 47
87.920000 66 47
87.990000 66 47
88.060000 66 47
88.130000 73 39
88.200000 66 33
88.270000 66 33
88.340000 66 33
88.410000 66 33
88.480000 66 33
88.550000 66 33
88.620000 66 33
88.690000 66 33
88.760000 0 0
88.830000 78 42
88.900000 78 42
88.970000 78 42
89.040000 78 42
89.110000 67 34
89.180000 67 34
89.250000 67 34
89.320000 67 34
89.390000 67 34
89.460000 67 34
89.530000 67 34
89.600000 67 34
89.670000 0 0
89.740000 69 40
89.810000 69 40
89.880000 74 39
89.950000 74 39
90.020000 66 34
90.090000 66 34
90.160000 66 34
90.230000 66 34
90.300000 66 32
90.370000 66 32
90.440000 66 32
90.510000 66 32
90.580000 0 0
90.650000 73 40
90.720000 73 40
90.790000 73 40
90.860000 73 40
90.930000 73 40
91.000000 73 40
91.070000 73 40
91.140000 73 40
91.210000 73 40
91.280000 73 40
91.350000 73 40
91.420000 73 40
91.490000 73 40
91.560000 73 40
91.630000 69 40
91.700000 69 40
91.770000 73 39
91.840000 73 39
91.910000 0 0
91.980000 66 33
92.050000 66 33
92.120000 66 33
92.190000 66 33
92.260000 66 33
92.330000 66 33
92.400000 66 33
92.470000 66 33
92.540000 78 42
92.610000 78 42
92.680000 78 42
92.750000 78 42
92.820000 0 0
92.890000 67 34
92.960000 67 34
93.030000 67 34
93.100000 67 34
93.170000 67 34
93.240000 67 34
93.310000 67 34
93.380000 67 34
93.450000 69 40
93.520000 69 40
93.590000 0 0
93.660000 73 39
93.730000 73 39
93.800000 67 34
93.870000 67 34
93.940000 67 34
94.010000 67 34
94.080000 67 32
94.150000 67 32
94.220000 67 32
94.290000 67 32
94.360000 0 0
94.430000 74 40
94.500000 74 40
94.570000 74 40
94.640000 74 40
94.710000 74 40
94.780000 74 40
94.850000 74 40
94.920000 74 40
94.990000 74 40
95.060000 74 40
95.130000 74 40
95.200000 74 40
95.270000 74 40
95.340000 74 40
95.410000 64 73
95.480000 64 73
95.550000 68 70
95.620000 68 70
95.690000 61 60
95.760000 61 60
95.830000 61 60
95.900000 61 60
95.970000 61 61
96.040000 61 61
96.110000 61 61
96.180000 61 61
96.250000 0 0
96.320000 73 76
96.390000 73 76
96.460000 73 76
96.530000 73 76
96.600000 62 62
96.670000 62 62
96.740000 62 62
96.810000 62 62
96.880000 62 62
96.950000 62 62
97.020000 62 62
97.090000 62 62
97.160000 64 74
97.230000 64 74
97.300000 69 70
97.370000 69 70
97.440000 61 62
97.510000 61 62
97.580000 61 62
97.650000 61 62
97.720000 0 0
97.790000 61 59
97.860000 61 59
97.930000 61 59
98.000000 61 59
98.070000 68 73
98.140000 68 73
98.210000 68 73
98.280000 68 73
98.350000 68 73
98.420000 68 73
98.490000 68 73
98.560000 68 73
98.630000 68 73
98.700000 68 73
98.770000 68 73
98.840000 68 73
98.910000 68 73
98.980000 68 73
99.050000 64 74
99.120000 64 74
99.190000 68 70
99.260000 68 70
99.330000 61 60
99.400000 61 60
99.470000 61 60
99.540000 61 60
99.610000 0 0
99.680000 61 61
99.750000 61 61
99.820000 61 61
99.890000 61 61
99.960000 73 76
100.030000 73 76
100.100000 73 76
100.170000 73 76
100.240000 62 62
100.310000 62 62
100.380000 62 62
100.450000 62 62
100.520000 0 0
100.590000 62 62
100.660000 62 62
100.730000 62 62
100.800000 62 62
100.870000 64 74
100.940000 64 74
101.010000 68 70
101.080000 68 70
101.150000 62 62
101.220000 62 62
101.290000 62 62
101.360000 62 62
101.430000 62 59
101.500000 62 59
101.570000 62 59
101.640000 62 59
101.710000 0 0
101.780000 69 73
101.850000 69 73
101.920000 69 73
101.990000 69 73
102.060000 69 73
102.130000 69 73
102.200000 69 73
102.270000 69 73
102.340000 69 73
102.410000 61 47
102.480000 61 47
102.550000 61 47
102.620000 61 47
102.690000 61 47
102.760000 61 47
102.830000 61 47
102.900000 61 47
102.970000 61 47
103.040000 61 33
103.110000 61 33
103.180000 61 33
103.250000 61 33
103.320000 61 33
103.390000 61 33
103.460000 61 33
103.530000 61 33
103.600000 0 0
103.670000 73 42
103.740000 73 42
103.810000 73 42
103.880000 73 42
103.950000 62 34
104.020000 62 34
104.090000 62 34
104.160000 62 34
104.230000 0 0
104.300000 62 34
104.370000 62 34
104.440000 62 34
104.510000 62 34
104.580000 64 40
104.650000 64 40
104.720000 69 39
104.790000 69 39
104.860000 61 34
104.930000 61 34
105.000000 61 34
105.070000 61 34
105.140000 0 0
105.210000 61 32
105.280000 61 32
105.350000 61 32
105.420000 61 32
105.490000 68 40
105.560000 68 40
105.630000 68 40
105.700000 68 40
105.770000 68 40
105.840000 68 40
105.910000 68 40
105.980000 68 40
106.050000 68 40
106.120000 68 40
106.190000 68 40
106.260000 68 40
106.330000 68 40
106.400000 68 40
106.470000 64 40
106.540000 64 40
106.610000 0 0
106.680000 68 39
106.750000 68 39
106.820000 61 33
106.890000 61 33
106.960000 61 33
107.030000 61 33
107.100000 61 33
107.170000 61 33
107.240000 61 33
107.310000 61 33
107.380000 0 0
107.450000 73 42
107.520000 73 42
107.590000 73 42
107.660000 73 42
107.730000 62 34
107.800000 62 34
107.870000 62 34
107.940000 62 34
108.010000 0 0
108.080000 62 34
108.150000 62 34
108.220000 62 34
108.290000 62 34
108.360000 64 40
108.430000 64 40
108.500000 68 39
108.570000 68 39
108.640000 62 34
108.710000 62 34
108.780000 62 34
108.850000 62 34
108.920000 0 0
108.990000 62 32
109.060000 62 32
109.130000 62 32
109.200000 62 32
109.270000 69 40
109.340000 69 40
109.410000 69 40
109.480000 69 40
109.550000 69 40
109.620000 69 40
109.690000 69 40
109.760000 69 40
109.830000 69 40
109.900000 69 40
109.970000 69 40
110.040000 69 40
110.110000 69 40
110.180000 69 40
110.250000 69 40
110.320000 66 78
110.390000 66 78
110.460000 66 78
110.530000 66 78
110.600000 66 69
110.670000 66 69
110.740000 66 69
110.810000 66 69
110.880000 66 70
110.950000 66 70
111.020000 66 70
111.090000 66 70
111.160000 0 0
111.230000 78 87
111.300000 78 87
111.370000 78 87
111.440000 78 87
111.510000 67 71
111.580000 67 71
111.650000 67 71
111.720000 67 71
111.790000 67 71
111.860000 67 71
111.930000 67 71
112.000000 67 71
112.070000 69 85
112.140000 69 85
112.210000 0 0
112.280000 74 80
112.350000 74 80
112.420000 66 71
112.490000 66 71
112.560000 66 71
112.630000 66 71
112.700000 66 67
112.770000 66 67
112.840000 66 67
112.910000 66 67
112.980000 73 83
113.050000 73 83
113.120000 73 83
113.190000 73 83
113.260000 73 83
113.330000 73 83
113.400000 73 83
113.470000 73 83
113.540000 73 83
113.610000 73 83
113.680000 73 83
113.750000 73 83
113.820000 73 83
113.890000 73 83
113.960000 0 0
114.030000 69 85
114.100000 69 85
114.170000 73 80
114.240000 73 80
114.310000 66 69
114.380000 66 69
114.450000 66 69
114.520000 66 69
114.590000 66 70
114.660000 66 70
114.730000 66 70
114.800000 66 70
114.870000 78 87
114.940000 78 87
115.010000 78 87
115.080000 78 87
115.150000 0 0
115.220000 67 71
115.290000 67 71
115.360000 67 71
115.430000 67 71
115.500000 67 71
115.570000 67 71
115.640000 67 71
115.710000 67 71
115.780000 69 85
115.850000 69 85
115.920000 73 80
115.990000 73 80
116.060000 67 71
116.130000 67 71
116.200000 67 71
116.270000 67 71
116.340000 0 0
116.410000 67 67
116.480000 67 67
116.550000 67 67
116.620000 67 67
116.690000 74 83
116.760000 74 83
116.830000 74 83
116.900000 74 83
116.970000 74 83
117.040000 74 83
117.110000 74 83
117.180000 74 83
117.250000 74 83
117.320000 66 54
117.390000 66 54
117.460000 66 54
117.530000 66 54
117.600000 66 54
117.670000 66 54
117.740000 66 54
117.810000 66 54
117.880000 66 54
117.950000 66 33
118.020000 66 33
118.090000 66 33
118.160000 66 33
118.230000 0 0
118.300000 66 33
118.370000 66 33
118.440000 66 33
118.510000 66 33
118.580000 78 42
118.650000 78 42
118.720000 78 42
118.790000 78 42
118.860000 0 0
118.930000 67 34
119.000000 67 34
119.070000 67 34
119.140000 67 34
119.210000 67 34
119.280000 67 34
119.350000 67 34
119.420000 67 34
119.490000 69 40
119.560000 69 40
119.630000 0 0
119.700000 74 39
119.770000 74 39
119.840000 66 34
119.910000 66 34
119.980000 66 34
120.050000 66 34
120.120000 66 32
120.190000 66 32
120.260000 66 32
120.330000 66 32
120.400000 71 39
120.470000 73 40
120.540000 73 40
120.610000 73 40
120.680000 73 40
120.750000 73 40
120.820000 73 40
120.890000 73 40
120.960000 73 40
121.030000 73 40
121.100000 73 40
121.170000 73 40
121.240000 73 40
121.310000 73 40
121.380000 73 40
121.450000 73 40
121.520000 69 40
121.590000 69 40
121.660000 73 39
121.730000 73 39
121.800000 0 0
121.870000 66 33
121.940000 66 33
122.010000 66 33
122.080000 66 33
122.150000 66 33
122.220000 66 33
122.290000 66 33
122.360000 66 33
122.430000 0 0
122.500000 78 42
122.570000 78 42
122.640000 78 42
122.710000 78 42
122.780000 67 34
122.850000 67 34
122.920000 67 34
122.990000 67 34
123.060000 74 40
123.130000 67 34
123.200000 67 34
123.270000 67 34
123.340000 67 34
123.410000 0 0
123.480000 69 40
123.550000 69 40
123.620000 73 39
123.690000 73 39
123.760000 67 34
123.830000 67 34
123.900000 67 34
123.970000 67 34
124.040000 67 34
124.110000 67 32
124.180000 67 32
124.250000 67 32
124.320000 67 32
124.390000 69 39
124.460000 74 40
124.530000 74 40
124.600000 74 40
124.670000 74 40
124.740000 74 40
124.810000 74 40
124.880000 74 40
124.950000 74 40
125.020000 74 40
125.090000 74 40
125.160000 74 40
125.230000 74 40
125.300000 74 40
125.370000 74 40
125.440000 74 40
125.510000 74 43
125.580000 74 43
125.650000 74 43
125.720000 74 43
125.790000 74 43
125.860000 74 43
125.930000 74 43
126.000000 74 43
126.070000 74 43
126.140000 74 43
126.210000 74 43
126.280000 74 43
126.350000 74 43
126.420000 64 45
126.490000 74 44
126.560000 74 44
126.630000 74 44
126.700000 74 44
126.770000 74 44
126.840000 74 44
126.910000 74 44
126.980000 74 44
127.050000 74 44
127.120000 74 44
127.190000 74 44
127.260000 74 44
127.330000 74 44
127.400000 62 43
127.470000 74 45
127.540000 74 45
127.610000 74 45
127.680000 74 45
127.750000 74 45
127.820000 74 45
127.890000 74 45
127.960000 74 45
128.030000 74 45
128.100000 74 45
128.170000 74 45
128.240000 74 45
128.310000 74 45
128.380000 0 0
128.450000 74 46
128.520000 74 46
128.590000 74 46
128.660000 74 46
128.730000 74 46
128.800000 74 46
128.870000 74 46
128.940000 74 46
129.010000 74 46
129.080000 74 46
129.150000 74 46
129.220000 74 46
129.290000 74 46
129.360000 69 48
129.430000 69 48
129.500000 69 48
129.570000 69 48
129.640000 69 48
129.710000 69 48
129.780000 69 48
129.850000 69 48
129.920000 69 48
129.990000 69 48
130.060000 69 48
130.130000 69 48
130.200000 69 48
130.270000 69 48
130.340000 69 48
130.410000 69 48
130.480000 69 48
130.550000 69 48
130.620000 69 48
130.690000 69 48
130.760000 69 48
130.830000 69 48
130.900000 69 48
130.970000 69 48
131.040000 69 48
131.110000 69 48
131.180000 0 0
131.250000 69 48
131.320000 69 48
131.390000 69 48
131.460000 69 48
131.530000 69 48
131.600000 69 48
131.670000 69 48
131.740000 69 48
131.810000 69 48
131.880000 69 48
131.950000 69 48
132.020000 69 48
132.090000 69 46
132.160000 69 46
132.230000 69 46
132.300000 69 46
132.370000 69 46
132.440000 69 46
132.510000 69 46
132.580000 69 46
132.650000 69 46
132.720000 69 46
132.790000 69 46
132.860000 69 46
132.930000 57 41
133.000000 62 40
133.070000 62 40
133.140000 62 40
133.210000 62 40
133.280000 62 40
133.350000 62 40
133.420000 62 40
133.490000 62 40
133.560000 62 40
133.630000 62 40
133.700000 62 40
133.770000 62 40
133.840000 52 35
133.910000 62 39
133.980000 62 39
134.050000 62 39
134.120000 62 39
134.190000 62 39
134.260000 62 39
134.330000 62 39
134.400000 62 39
134.470000 62 39
134.540000 62 39
134.610000 62 39
134.680000 62 39
134.750000 62 33
134.820000 62 33
134.890000 62 33
134.960000 62 33
135.030000 62 33
135.100000 62 33
135.170000 62 33
135.240000 62 33
135.310000 62 33
135.380000 62 33
135.450000 62 33
135.520000 62 33
135.590000 52 30
135.660000 62 32
135.730000 62 32
135.800000 62 32
135.870000 62 32
135.940000 62 32
136.010000 62 32
136.080000 62 32
136.150000 62 32
136.220000 62 32
136.290000 62 32
136.360000 62 32
136.430000 62 32
136.500000 62 32
136.570000 0 0
136.640000 50 39
136.710000 50 39
136.780000 50 39
136.850000 50 39
136.920000 50 39
136.990000 62 41
137.060000 62 41
137.130000 62 41
137.200000 62 41
137.270000 62 41
137.340000 74 48
137.410000 74 48
137.480000 81 49
137.550000 81 49
137.620000 0 0
137.690000 86 51
137.760000 0 0
137.830000 90 53
137.900000 0 0
137.970000 0 0
138.040000 92 55
138.110000 0 0
138.180000 0 0
138.250000 93 57
138.320000 0 0
138.390000 0 0
138.460000 95 59
138.530000 0 0
138.600000 0 0
138.670000 97 62
138.740000 97 62
138.810000 0 0
138.880000 0 0
138.950000 0 0
139.020000 98 64
139.090000 98 64
139.160000 98 64
139.230000 98 64
139.300000 98 64
139.370000 98 64
139.440000 98 64
139.510000 98 64
139.580000 98 64
139.650000 98 64
139.720000 98 64
139.790000 98 64
139.860000 98 64
139.930000 98 64
140.000000 98 64
140.070000 98 64
140.140000 98 64
140.210000 98 64
140.280000 98 64
140.350000 98 64
140.420000 98 64
140.490000 98 64
140.560000 98 64
140.630000 98 64
140.700000 98 64
140.770000 98 64
140.840000 98 64
140.910000 98 64
140.980000 0 0
# Piano left
0.000000 0 0
0.070000 0 0
0.140000 0 0
0.210000 0 0
0.280000 0 0
0.350000 0 0
0.420000 0 0
0.490000 0 0
0.560000 0 0
0.630000 0 0
0.700000 0 0
0.770000 0 0
0.840000 0 0
0.910000 0 0
0.980000 0 0
1.050000 50 59
1.120000 50 59
1.190000 0 0
1.260000 0 0
1.330000 50 52
1.400000 50 52
1.470000 50 52
1.540000 50 52
1.610000 0 0
1.680000 50 52
1.750000 50 52
1.820000 50 52
1.890000 50 52
1.960000 45 59
2.030000 45 59
2.100000 0 0
2.170000 0 0
2.240000 52 54
2.310000 52 54
2.380000 52 54
2.450000 52 54
2.520000 0 0
2.590000 52 54
2.660000 52 54
2.730000 52 54
2.800000 52 54
2.870000 38 59
2.940000 38 59
3.010000 0 0
3.080000 0 0
3.150000 50 54
3.220000 50 54
3.290000 50 54
3.360000 50 54
3.430000 50 54
3.500000 50 54
3.570000 50 54
3.640000 50 54
3.710000 0 0
3.780000 45 59
3.850000 45 59
3.920000 0 0
3.990000 0 0
4.060000 57 43
4.130000 57 43
4.200000 57 43
4.270000 57 43
4.340000 0 0
4.410000 57 56
4.480000 57 56
4.550000 57 56
4.620000 57 56
4.690000 57 56
4.760000 50 59
4.830000 50 59
4.900000 0 0
4.970000 0 0
5.040000 57 52
5.110000 57 52
5.180000 57 52
5.250000 57 52
5.320000 50 52
5.390000 50 52
5.460000 50 52
5.530000 50 52
5.600000 0 0
5.670000 43 59
5.740000 43 59
5.810000 0 0
5.880000 0 0
5.950000 59 54
6.020000 59 54
6.090000 59 54
6.160000 59 54
6.230000 52 54
6.300000 52 54
6.370000 52 54
6.440000 52 54
6.510000 0 0
6.580000 45 59
6.650000 45 59
6.720000 0 0
6.790000 0 0
6.860000 57 54
6.930000 57 54
7.000000 57 54
7.070000 57 54
7.140000 57 54
7.210000 57 54
7.280000 57 54
7.350000 57 54
7.420000 38 59
7.490000 38 59
7.560000 0 0
7.630000 0 0
7.700000 0 0
7.770000 50 36
7.840000 50 36
7.910000 50 36
7.980000 50 36
8.050000 50 39
8.120000 50 39
8.190000 50 39
8.260000 50 39
8.330000 50 39
8.400000 50 39
8.470000 50 39
8.540000 50 39
8.610000 50 39
8.680000 0 0
8.750000 50 23
8.820000 50 23
8.890000 50 23
8.960000 50 23
9.030000 50 23
9.100000 50 23
9.170000 50 23
9.240000 50 23
9.310000 0 0
9.380000 45 27
9.450000 45 27
9.520000 0 0
9.590000 0 0
9.660000 52 24
9.730000 52 24
9.800000 52 24
9.870000 52 24
9.940000 52 24
10.010000 52 24
10.080000 52 24
10.150000 52 24
10.220000 0 0
10.290000 38 27
10.360000 38 27
10.430000 0 0
10.500000 0 0
10.570000 50 24
10.640000 50 24
10.710000 50 24
10.780000 50 24
10.850000 50 24
10.920000 50 24
10.990000 50 24
11.060000 50 24
11.130000 0 0
11.200000 45 27
11.270000 45 27
11.340000 0 0
11.410000 0 0
11.480000 61 20
11.550000 61 20
11.620000 61 20
11.690000 61 20
11.760000 0 0
11.830000 57 26
11.900000 57 26
11.970000 57 26
12.040000 57 26
12.110000 57 26
12.180000 57 26
12.250000 57 26
12.320000 57 26
12.390000 57 26
12.460000 0 0
12.530000 57 23
12.600000 57 23
12.670000 57 23
12.740000 57 23
12.810000 50 23
12.880000 50 23
12.950000 50 23
13.020000 50 23
13.090000 43 27
13.160000 43 27
13.230000 0 0
13.300000 0 0
13.370000 0 0
13.440000 59 24
13.510000 59 24
13.580000 59 24
13.650000 59 24
13.720000 52 24
13.790000 52 24
13.860000 52 24
13.930000 52 24
14.000000 45 27
14.070000 45 27
14.140000 0 0
14.210000 0 0
14.280000 57 24
14.350000 57 24
14.420000 57 24
14.490000 57 24
14.560000 0 0
14.630000 57 24
14.700000 57 24
14.770000 57 24
14.840000 57 24
14.910000 38 27
14.980000 38 27
15.050000 0 0
15.120000 0 0
15.190000 0 0
15.260000 50 17
15.330000 50 17
15.400000 50 17
15.470000 50 17
15.540000 0 0
15.610000 50 26
15.680000 50 26
15.750000 50 26
15.820000 50 26
15.890000 0 0
15.960000 45 59
16.030000 45 59
16.100000 0 0
16.170000 0 0
16.240000 45 52
16.310000 45 52
16.380000 45 52
16.450000 45 52
16.520000 45 52
16.590000 45 52
16.660000 45 52
16.730000 45 52
16.800000 40 59
16.870000 40 59
16.940000 0 0
17.010000 0 0
17.080000 0 0
17.150000 52 54
17.220000 52 54
17.290000 52 54
17.360000 52 54
17.430000 52 54
17.500000 52 54
17.570000 52 54
17.640000 52 54
17.710000 33 59
17.780000 33 59
17.850000 0 0
17.920000 0 0
17.990000 45 54
18.060000 45 54
18.130000 45 54
18.200000 45 54
18.270000 0 0
18.340000 45 54
18.410000 45 54
18.480000 45 54
18.550000 45 54
18.620000 40 59
18.690000 40 59
18.760000 0 0
18.830000 0 0
18.900000 52 43
18.970000 52 43
19.040000 52 43
19.110000 52 43
19.180000 0 0
19.250000 52 56
19.320000 52 56
19.390000 52 56
19.460000 52 56
19.530000 52 56
19.600000 45 59
19.670000 45 59
19.740000 0 0
19.810000 0 0
19.880000 52 52
19.950000 52 52
20.020000 52 52
20.090000 52 52
20.160000 0 0
20.230000 45 52
20.300000 45 52
20.370000 45 52
20.440000 45 52
20.510000 38 59
20.580000 38 59
20.650000 0 0
20.720000 0 0
20.790000 54 54
20.860000 54 54
20.930000 54 54
21.000000 54 54
21.070000 0 0
21.140000 47 54
21.210000 47 54
21.280000 47 54
21.350000 47 54
21.420000 40 59
21.490000 40 59
21.560000 0 0
21.630000 0 0
21.700000 52 54
21.770000 52 54
21.840000 52 54
21.910000 52 54
21.980000 52 54
22.050000 52 54
22.120000 52 54
22.190000 52 54
22.260000 0 0
22.330000 33 59
22.400000 33 59
22.470000 0 0
22.540000 0 0
22.610000 45 36
22.680000 45 36
22.750000 45 36
22.820000 45 36
22.890000 0 0
22.960000 45 39
23.030000 45 39
23.100000 45 39
23.170000 45 39
23.240000 45 39
23.310000 45 39
23.380000 45 39
23.450000 45 39
23.520000 45 39
23.590000 45 23
23.660000 45 23
23.730000 45 23
23.800000 45 23
23.870000 45 23
23.940000 45 23
24.010000 45 23
24.080000 45 23
24.150000 0 0
24.220000 40 27
24.290000 40 27
24.360000 0 0
24.430000 0 0
24.500000 52 24
24.570000 52 24
24.640000 52 24
24.710000 52 24
24.780000 0 0
24.850000 52 24
24.920000 52 24
24.990000 52 24
25.060000 52 24
25.130000 33 27
25.200000 33 27
25.270000 0 0
25.340000 0 0
25.410000 45 24
25.480000 45 24
25.550000 45 24
25.620000 45 24
25.690000 0 0
25.760000 45 24
25.830000 45 24
25.900000 45 24
25.970000 45 24
26.040000 40 27
26.110000 40 27
26.180000 0 0
26.250000 0 0
26.320000 0 0
26.390000 52 20
26.460000 52 20
26.530000 52 20
26.600000 52 20
26.670000 0 0
26.740000 52 26
26.810000 52 26
26.880000 52 26
26.950000 52 26
27.020000 52 26
27.090000 52 26
27.160000 52 26
27.230000 52 26
27.300000 52 26
27.370000 52 23
27.440000 52 23
27.510000 52 23
27.580000 52 23
27.650000 0 0
27.720000 45 23
27.790000 45 23
27.860000 45 23
27.930000 45 23
28.000000 38 27
28.070000 38 27
28.140000 0 0
28.210000 0 0
28.280000 0 0
28.350000 54 24
28.420000 54 24
28.490000 54 24
28.560000 54 24
28.630000 47 24
28.700000 47 24
28.770000 47 24
28.840000 47 24
28.910000 0 0
28.980000 40 27
29.050000 40 27
29.120000 0 0
29.190000 0 0
29.260000 52 24
29.330000 52 24
29.400000 52 24
29.470000 52 24
29.540000 0 0
29.610000 52 24
29.680000 52 24
29.750000 52 24
29.820000 52 24
29.890000 33 32
29.960000 33 32
30.030000 0 0
30.100000 0 0
30.170000 0 0
30.240000 57 25
30.310000 57 25
30.380000 57 25
30.450000 57 25
30.520000 0 0
30.590000 57 60
30.660000 57 60
30.730000 57 60
30.800000 57 60
30.870000 57 60
30.940000 50 67
31.010000 50 67
31.080000 0 0
31.150000 0 0
31.220000 50 59
31.290000 50 59
31.360000 50 59
31.430000 50 59
31.500000 50 59
31.570000 50 59
31.640000 50 59
31.710000 50 59
31.780000 45 67
31.850000 45 67
31.920000 0 0
31.990000 0 0
32.060000 0 0
32.130000 52 62
32.200000 52 62
32.270000 52 62
32.340000 52 62
32.410000 52 62
32.480000 52 62
32.550000 52 62
32.620000 52 62
32.690000 38 67
32.760000 38 67
32.830000 0 0
32.900000 0 0
32.970000 50 62
33.040000 50 62
33.110000 50 62
33.180000 50 62
33.250000 0 0
33.320000 50 62
33.390000 50 62
33.460000 50 62
33.530000 50 62
33.600000 45 67
33.670000 45 67
33.740000 0 0
33.810000 0 0
33.880000 57 49
33.950000 57 49
34.020000 57 49
34.090000 57 49
34.160000 0 0
34.230000 57 64
34.300000 57 64
34.370000 57 64
34.440000 57 64
34.510000 57 64
34.580000 50 67
34.650000 50 67
34.720000 0 0
34.790000 0 0
34.860000 57 59
34.930000 57 59
35.000000 57 59
35.070000 57 59
35.140000 50 59
35.210000 50 59
35.280000 50 59
35.350000 50 59
35.420000 0 0
35.490000 43 67
35.560000 43 67
35.630000 0 0
35.700000 0 0
35.770000 59 62
35.840000 59 62
35.910000 59 62
35.980000 59 62
36.050000 52 62
36.120000 52 62
36.190000 52 62
36.260000 52 62
36.330000 0 0
36.400000 45 67
36.470000 45 67
36.540000 0 0
36.610000 0 0
36.680000 57 62
36.750000 57 62
36.820000 57 62
36.890000 57 62
36.960000 57 62
37.030000 57 62
37.100000 57 62
37.170000 57 62
37.240000 38 67
37.310000 38 67
37.380000 0 0
37.450000 0 0
37.520000 0 0
37.590000 50 41
37.660000 50 41
37.730000 50 41
37.800000 50 41
37.870000 50 44
37.940000 50 44
38.010000 50 44
38.080000 50 44
38.150000 50 44
38.220000 50 44
38.290000 50 44
38.360000 50 44
38.430000 50 44
38.500000 0 0
38.570000 50 23
38.640000 50 23
38.710000 50 23
38.780000 50 23
38.850000 50 23
38.920000 50 23
38.990000 50 23
39.060000 50 23
39.130000 0 0
39.200000 45 27
39.270000 45 27
39.340000 0 0
39.410000 0 0
39.480000 52 24
39.550000 52 24
39.620000 52 24
39.690000 52 24
39.760000 0 0
39.830000 52 24
39.900000 52 24
39.970000 52 24
40.040000 52 24
40.110000 38 27
40.180000 38 27
40.250000 0 0
40.320000 0 0
40.390000 50 24
40.460000 50 24
40.530000 50 24
40.600000 50 24
40.670000 0 0
40.740000 50 24
40.810000 50 24
40.880000 50 24
40.950000 50 24
41.020000 0 0
41.090000 45 27
41.160000 45 27
41.230000 0 0
41.300000 0 0
41.370000 61 20
41.440000 61 20
41.510000 61 20
41.580000 61 20
41.650000 0 0
41.720000 57 26
41.790000 57 26
41.860000 57 26
41.930000 57 26
42.000000 57 26
42.070000 57 26
42.140000 57 26
42.210000 57 26
42.280000 57 26
42.350000 50 27
42.420000 57 23
42.490000 57 23
42.560000 57 23
42.630000 57 23
42.700000 0 0
42.770000 50 23
42.840000 50 23
42.910000 50 23
42.980000 50 23
43.050000 43 27
43.120000 43 27
43.190000 0 0
43.260000 0 0
43.330000 0 0
43.400000 59 24
43.470000 59 24
43.540000 59 24
43.610000 59 24
43.680000 0 0
43.750000 52 24
43.820000 52 24
43.890000 52 24
43.960000 52 24
44.030000 45 27
44.100000 45 27
44.170000 0 0
44.240000 0 0
44.310000 0 0
44.380000 57 24
44.450000 57 24
44.520000 57 24
44.590000 57 24
44.660000 0 0
44.730000 57 24
44.800000 57 24
44.870000 57 24
44.940000 57 24
45.010000 38 27
45.080000 38 27
45.150000 38 27
45.220000 38 27
45.290000 0 0
45.360000 50 17
45.430000 50 17
45.500000 50 17
45.570000 50 17
45.640000 50 17
45.710000 50 26
45.780000 50 26
45.850000 50 26
45.920000 50 26
45.990000 50 26
46.060000 0 0
46.130000 46 44
46.200000 46 44
46.270000 46 44
46.340000 46 44
46.410000 46 44
46.480000 62 40
46.550000 62 40
46.620000 62 40
46.690000 62 40
46.760000 62 40
46.830000 53 34
46.900000 53 34
46.970000 53 34
47.040000 53 34
47.110000 53 34
47.180000 41 46
47.250000 41 46
47.320000 41 46
47.390000 41 46
47.460000 41 46
47.530000 63 43
47.600000 63 43
47.670000 63 43
47.740000 63 43
47.810000 63 43
47.880000 63 44
47.950000 63 44
48.020000 63 44
48.090000 63 44
48.160000 63 44
48.230000 0 0
48.300000 46 49
48.370000 46 49
48.440000 46 49
48.510000 46 49
48.580000 46 49
48.650000 62 45
48.720000 62 45
48.790000 62 45
48.860000 62 45
48.930000 62 45
49.000000 53 38
49.070000 53 38
49.140000 53 38
49.210000 53 38
49.280000 53 38
49.350000 45 51
49.420000 45 51
49.490000 45 51
49.560000 45 51
49.630000 45 51
49.700000 45 51
49.770000 45 51
49.840000 45 51
49.910000 0 0
49.980000 43 48
50.050000 41 62
50.120000 41 62
50.190000 41 62
50.260000 41 62
50.330000 41 62
50.400000 0 0
50.470000 36 55
50.540000 36 55
50.610000 36 55
50.680000 36 55
50.750000 36 55
50.820000 67 64
50.890000 67 64
50.960000 67 64
51.030000 67 64
51.100000 67 64
51.170000 0 0
51.240000 0 0
51.310000 0 0
51.380000 0 0
51.450000 0 0
51.520000 41 64
51.590000 41 64
51.660000 0 0
51.730000 0 0
51.800000 59 65
51.870000 0 0
51.940000 60 72
52.010000 60 72
52.080000 60 72
52.150000 0 0
52.220000 61 68
52.290000 60 72
52.360000 60 72
52.430000 60 72
52.500000 60 72
52.570000 60 72
52.640000 48 58
52.710000 48 58
52.780000 0 0
52.850000 0 0
52.920000 59 58
52.990000 60 63
53.060000 60 63
53.130000 60 63
53.200000 0 0
53.270000 62 58
53.340000 0 0
53.410000 60 62
53.480000 60 62
53.550000 60 62
53.620000 60 62
53.690000 60 62
53.760000 53 52
53.830000 53 52
53.900000 0 0
53.970000 0 0
54.040000 59 46
54.110000 60 54
54.180000 60 54
54.250000 60 54
54.320000 60 54
54.390000 0 0
54.460000 64 45
54.530000 65 47
54.600000 65 47
54.670000 65 47
54.740000 65 47
54.810000 65 47
54.880000 0 0
54.950000 46 44
55.020000 46 44
55.090000 46 44
55.160000 46 44
55.230000 46 44
55.300000 62 40
55.370000 62 40
55.440000 62 40
55.510000 62 40
55.580000 62 40
55.650000 53 34
55.720000 53 34
55.790000 53 34
55.860000 53 34
55.930000 53 34
56.000000 45 46
56.070000 45 46
56.140000 45 46
56.210000 45 46
56.280000 45 46
56.350000 63 43
56.420000 63 43
56.490000 63 43
56.560000 63 43
56.630000 63 43
56.700000 63 44
56.770000 63 44
56.840000 63 44
56.910000 63 44
56.980000 63 44
57.050000 0 0
57.120000 46 49
57.190000 46 49
57.260000 46 49
57.330000 46 49
57.400000 46 49
57.470000 61 45
57.540000 61 45
57.610000 61 45
57.680000 61 45
57.750000 61 45
57.820000 53 37
57.890000 53 37
57.960000 53 37
58.030000 53 37
58.100000 53 37
58.170000 44 53
58.240000 44 53
58.310000 44 53
58.380000 44 53
58.450000 44 53
58.520000 65 54
58.590000 65 54
58.660000 65 54
58.730000 0 0
58.800000 46 54
58.870000 44 67
58.940000 44 67
59.010000 44 67
59.080000 44 67
59.150000 44 67
59.220000 0 0
59.290000 32 70
59.360000 32 70
59.430000 32 70
59.500000 32 70
59.570000 32 70
59.640000 63 70
59.710000 63 70
59.780000 63 70
59.850000 63 70
59.920000 63 70
59.990000 0 0
60.060000 0 0
60.130000 0 0
60.200000 0 0
60.270000 0 0
60.340000 0 0
60.410000 37 69
60.480000 37 69
60.550000 0 0
60.620000 0 0
60.690000 55 73
60.760000 56 77
60.830000 56 77
60.900000 56 77
60.970000 0 0
61.040000 58 72
61.110000 56 75
61.180000 56 75
61.250000 56 75
61.320000 56 75
61.390000 56 75
61.460000 44 60
61.530000 44 60
61.600000 0 0
61.670000 0 0
61.740000 55 60
61.810000 0 0
61.880000 56 65
61.950000 56 65
62.020000 56 65
62.090000 0 0
62.160000 57 63
62.230000 56 64
62.300000 56 64
62.370000 56 64
62.440000 56 64
62.510000 56 64
62.580000 49 53
62.650000 49 53
62.720000 0 0
62.790000 0 0
62.860000 55 46
62.930000 0 0
63.000000 56 55
63.070000 56 55
63.140000 56 55
63.210000 56 55
63.280000 60 45
63.350000 61 47
63.420000 61 47
63.490000 61 47
63.560000 61 47
63.630000 61 47
63.700000 0 0
63.770000 41 40
63.840000 41 40
63.910000 0 0
63.980000 0 0
64.050000 59 35
64.120000 59 35
64.190000 59 35
64.260000 59 35
64.330000 59 35
64.400000 53 30
64.470000 53 30
64.540000 53 30
64.610000 53 30
64.680000 53 30
64.750000 42 43
64.820000 42 43
64.890000 0 0
64.960000 0 0
65.030000 57 37
65.100000 57 37
65.170000 57 37
65.240000 57 37
65.310000 0 0
65.380000 54 32
65.450000 54 32
65.520000 54 32
65.590000 54 32
65.660000 54 32
65.730000 0 0
65.800000 41 45
65.870000 41 45
65.940000 0 0
66.010000 0 0
66.080000 59 40
66.150000 59 40
66.220000 59 40
66.290000 59 40
66.360000 0 0
66.430000 53 34
66.500000 53 34
66.570000 53 34
66.640000 53 34
66.710000 53 34
66.780000 42 48
66.850000 42 48
66.920000 0 0
66.990000 0 0
67.060000 57 42
67.130000 57 42
67.200000 57 42
67.270000 57 42
67.340000 0 0
67.410000 54 36
67.480000 54 36
67.550000 54 36
67.620000 54 36
67.690000 54 36
67.760000 40 51
67.830000 40 51
67.900000 0 0
67.970000 0 0
68.040000 59 44
68.110000 59 44
68.180000 59 44
68.250000 59 44
68.320000 0 0
68.390000 52 37
68.460000 52 37
68.530000 52 37
68.600000 52 37
68.670000 52 37
68.740000 45 51
68.810000 45 51
68.880000 0 0
68.950000 0 0
69.020000 57 44
69.090000 57 44
69.160000 57 44
69.230000 57 44
69.300000 0 0
69.370000 52 37
69.440000 52 37
69.510000 52 37
69.580000 52 37
69.650000 52 37
69.720000 40 51
69.790000 40 51
69.860000 0 0
69.930000 0 0
70.000000 0 0
70.070000 59 44
70.140000 59 44
70.210000 59 44
70.280000 59 44
70.350000 0 0
70.420000 52 37
70.490000 52 37
70.560000 52 37
70.630000 52 37
70.700000 52 37
70.770000 45 51
70.840000 45 51
70.910000 0 0
70.980000 0 0
71.050000 0 0
71.120000 57 44
71.190000 57 44
71.260000 57 44
71.330000 57 44
71.400000 57 44
71.470000 52 37
71.540000 52 37
71.610000 52 37
71.680000 52 37
71.750000 52 37
71.820000 0 0
71.890000 41 40
71.960000 41 40
72.030000 0 0
72.100000 0 0
72.170000 0 0
72.240000 59 35
72.310000 59 35
72.380000 59 35
72.450000 59 35
72.520000 0 0
72.590000 53 29
72.660000 53 29
72.730000 53 29
72.800000 53 29
72.870000 53 29
72.940000 42 41
73.010000 42 41
73.080000 0 0
73.150000 0 0
73.220000 0 0
73.290000 57 36
73.360000 57 36
73.430000 57 36
73.500000 57 36
73.570000 0 0
73.640000 54 31
73.710000 54 31
73.780000 54 31
73.850000 54 31
73.920000 54 31
73.990000 41 43
74.060000 41 43
74.130000 0 0
74.200000 0 0
74.270000 59 37
74.340000 59 37
74.410000 59 37
74.480000 59 37
74.550000 0 0
74.620000 53 31
74.690000 53 31
74.760000 53 31
74.830000 53 31
74.900000 53 31
74.970000 42 44
75.040000 42 44
75.110000 0 0
75.180000 0 0
75.250000 0 0
75.320000 57 38
75.390000 57 38
75.460000 57 38
75.530000 57 38
75.600000 57 38
75.670000 54 32
75.740000 54 32
75.810000 54 32
75.880000 54 32
75.950000 54 32
76.020000 0 0
76.090000 40 45
76.160000 40 45
76.230000 0 0
76.300000 0 0
76.370000 59 39
76.440000 59 39
76.510000 59 39
76.580000 59 39
76.650000 0 0
76.720000 52 33
76.790000 52 33
76.860000 52 33
76.930000 52 33
77.000000 52 33
77.070000 45 45
77.140000 45 45
77.210000 0 0
77.280000 0 0
77.350000 0 0
77.420000 57 39
77.490000 57 39
77.560000 57 39
77.630000 57 39
77.700000 0 0
77.770000 52 33
77.840000 52 33
77.910000 52 33
77.980000 52 33
78.050000 52 33
78.120000 40 45
78.190000 40 45
78.260000 0 0
78.330000 0 0
78.400000 0 0
78.470000 59 38
78.540000 59 38
78.610000 59 38
78.680000 59 38
78.750000 59 38
78.820000 52 31
78.890000 52 31
78.960000 52 31
79.030000 52 31
79.100000 52 31
79.170000 45 42
79.240000 45 42
79.310000 0 0
79.380000 0 0
79.450000 0 0
79.520000 64 35
79.590000 64 35
79.660000 64 35
79.730000 64 35
79.800000 64 35
79.870000 0 0
79.940000 57 28
80.010000 57 28
80.080000 57 28
80.150000 57 28
80.220000 57 28
80.290000 0 0
80.360000 50 59
80.430000 50 59
80.500000 0 0
80.570000 0 0
80.640000 50 52
80.710000 50 52
80.780000 50 52
80.850000 50 52
80.920000 0 0
80.990000 50 52
81.060000 50 52
81.130000 50 52
81.200000 50 52
81.270000 0 0
81.340000 45 59
81.410000 45 59
81.480000 0 0
81.550000 0 0
81.620000 52 54
81.690000 52 54
81.760000 52 54
81.830000 52 54
81.900000 52 54
81.970000 52 54
82.040000 52 54
82.110000 52 54
82.180000 0 0
82.250000 38 59
82.320000 38 59
82.390000 0 0
82.460000 0 0
82.530000 50 54
82.600000 50 54
82.670000 50 54
82.740000 50 54
82.810000 0 0
82.880000 50 54
82.950000 50 54
83.020000 50 54
83.090000 50 54
83.160000 45 59
83.230000 45 59
83.300000 0 0
83.370000 0 0
83.440000 57 43
83.510000 57 43
83.580000 57 43
83.650000 57 43
83.720000 0 0
83.790000 57 56
83.860000 57 56
83.930000 57 56
84.000000 57 56
84.070000 57 56
84.140000 50 59
84.210000 50 59
84.280000 0 0
84.350000 0 0
84.420000 0 0
84.490000 57 52
84.560000 57 52
84.630000 57 52
84.700000 57 52
84.770000 50 52
84.840000 50 52
84.910000 50 52
84.980000 50 52
85.050000 43 59
85.120000 43 59
85.190000 0 0
85.260000 0 0
85.330000 0 0
85.400000 59 54
85.470000 59 54
85.540000 59 54
85.610000 59 54
85.680000 52 54
85.750000 52 54
85.820000 52 54
85.890000 52 54
85.960000 45 59
86.030000 45 59
86.100000 0 0
86.170000 0 0
86.240000 57 54
86.310000 57 54
86.380000 57 54
86.450000 57 54
86.520000 0 0
86.590000 57 54
86.660000 57 54
86.730000 57 54
86.800000 57 54
86.870000 38 59
86.940000 38 59
87.010000 0 0
87.080000 0 0
87.150000 0 0
87.220000 50 36
87.290000 50 36
87.360000 50 36
87.430000 50 36
87.500000 50 39
87.570000 50 39
87.640000 50 39
87.710000 50 39
87.780000 50 39
87.850000 50 39
87.920000 50 39
87.990000 50 39
88.060000 50 39
88.130000 0 0
88.200000 50 23
88.270000 50 23
88.340000 50 23
88.410000 50 23
88.480000 50 23
88.550000 50 23
88.620000 50 23
88.690000 50 23
88.760000 0 0
88.830000 45 27
88.900000 45 27
88.970000 0 0
89.040000 0 0
89.110000 52 24
89.180000 52 24
89.250000 52 24
89.320000 52 24
89.390000 52 24
89.460000 52 24
89.530000 52 24
89.600000 52 24
89.670000 0 0
89.740000 38 27
89.810000 38 27
89.880000 0 0
89.950000 0 0
90.020000 50 24
90.090000 50 24
90.160000 50 24
90.230000 50 24
90.300000 50 24
90.370000 50 24
90.440000 50 24
90.510000 50 24
90.580000 0 0
90.650000 45 27
90.720000 45 27
90.790000 0 0
90.860000 0 0
90.930000 61 20
91.000000 61 20
91.070000 61 20
91.140000 61 20
91.210000 0 0
91.280000 57 26
91.350000 57 26
91.420000 57 26
91.490000 57 26
91.560000 57 26
91.630000 57 26
91.700000 57 26
91.770000 57 26
91.840000 57 26
91.910000 0 0
91.980000 57 23
92.050000 57 23
92.120000 57 23
92.190000 57 23
92.260000 50 23
92.330000 50 23
92.400000 50 23
92.470000 50 23
92.540000 43 27
92.610000 43 27
92.680000 0 0
92.750000 0 0
92.820000 0 0
92.890000 59 24
92.960000 59 24
93.030000 59 24
93.100000 59 24
93.170000 52 24
93.240000 52 24
93.310000 52 24
93.380000 52 24
93.450000 45 27
93.520000 45 27
93.590000 0 0
93.660000 0 0
93.730000 0 0
93.800000 57 24
93.870000 57 24
93.940000 57 24
94.010000 57 24
94.080000 57 24
94.150000 57 24
94.220000 57 24
94.290000 57 24
94.360000 0 0
94.430000 38 27
94.500000 38 27
94.570000 0 0
94.640000 0 0
94.710000 50 17
94.780000 50 17
94.850000 50 17
94.920000 50 17
94.990000 0 0
95.060000 50 26
95.130000 50 26
95.200000 50 26
95.270000 50 26
95.340000 0 0
95.410000 45 59
95.480000 45 59
95.550000 0 0
95.620000 0 0
95.690000 45 52
95.760000 45 52
95.830000 45 52
95.900000 45 52
95.970000 45 52
96.040000 45 52
96.110000 45 52
96.180000 45 52
96.250000 0 0
96.320000 40 59
96.390000 40 59
96.460000 0 0
96.530000 0 0
96.600000 52 54
96.670000 52 54
96.740000 52 54
96.810000 52 54
96.880000 52 54
96.950000 52 54
97.020000 52 54
97.090000 52 54
97.160000 33 59
97.230000 33 59
97.300000 0 0
97.370000 0 0
97.440000 45 54
97.510000 45 54
97.580000 45 54
97.650000 45 54
97.720000 0 0
97.790000 45 54
97.860000 45 54
97.930000 45 54
98.000000 45 54
98.070000 40 59
98.140000 40 59
98.210000 0 0
98.280000 0 0
98.350000 0 0
98.420000 52 43
98.490000 52 43
98.560000 52 43
98.630000 52 43
98.700000 52 56
98.770000 52 56
98.840000 52 56
98.910000 52 56
98.980000 52 56
99.050000 45 59
99.120000 45 59
99.190000 0 0
99.260000 0 0
99.330000 52 52
99.400000 52 52
99.470000 52 52
99.540000 52 52
99.610000 0 0
99.680000 45 52
99.750000 45 52
99.820000 45 52
99.890000 45 52
99.960000 38 59
100.030000 38 59
100.100000 0 0
100.170000 0 0
100.240000 54 54
100.310000 54 54
100.380000 54 54
100.450000 54 54
100.520000 0 0
100.590000 47 54
100.660000 47 54
100.730000 47 54
100.800000 47 54
100.870000 40 59
100.940000 40 59
101.010000 0 0
101.080000 0 0
101.150000 52 54
101.220000 52 54
101.290000 52 54
101.360000 52 54
101.430000 52 54
101.500000 52 54
101.570000 52 54
101.640000 52 54
101.710000 0 0
101.780000 33 59
101.850000 33 59
101.920000 0 0
101.990000 0 0
102.060000 45 36
102.130000 45 36
102.200000 45 36
102.270000 45 36
102.340000 0 0
102.410000 45 39
102.480000 45 39
102.550000 45 39
102.620000 45 39
102.690000 45 39
102.760000 45 39
102.830000 45 39
102.900000 45 39
102.970000 45 39
103.040000 45 23
103.110000 45 23
103.180000 45 23
103.250000 45 23
103.320000 45 23
103.390000 45 23
103.460000 45 23
103.530000 45 23
103.600000 0 0
103.670000 40 27
103.740000 40 27
103.810000 0 0
103.880000 0 0
103.950000 52 24
104.020000 52 24
104.090000 52 24
104.160000 52 24
104.230000 0 0
104.300000 52 24
104.370000 52 24
104.440000 52 24
104.510000 52 24
104.580000 33 27
104.650000 33 27
104.720000 0 0
104.790000 0 0
104.860000 45 24
104.930000 45 24
105.000000 45 24
105.070000 45 24
105.140000 0 0
105.210000 45 24
105.280000 45 24
105.350000 45 24
105.420000 45 24
105.490000 40 27
105.560000 40 27
105.630000 0 0
105.700000 0 0
105.770000 0 0
105.840000 52 20
105.910000 52 20
105.980000 52 20
106.050000 52 20
106.120000 52 26
106.190000 52 26
106.260000 52 26
106.330000 52 26
106.400000 52 26
106.470000 52 26
106.540000 52 26
106.610000 52 26
106.680000 52 26
106.750000 0 0
106.820000 52 23
106.890000 52 23
106.960000 52 23
107.030000 52 23
107.100000 45 23
107.170000 45 23
107.240000 45 23
107.310000 45 23
107.380000 0 0
107.450000 38 27
107.520000 38 27
107.590000 0 0
107.660000 0 0
107.730000 54 24
107.800000 54 24
107.870000 54 24
107.940000 54 24
108.010000 0 0
108.080000 47 24
108.150000 47 24
108.220000 47 24
108.290000 47 24
108.360000 40 27
108.430000 40 27
108.500000 0 0
108.570000 0 0
108.640000 52 24
108.710000 52 24
108.780000 52 24
108.850000 52 24
108.920000 0 0
108.990000 52 24
109.060000 52 24
109.130000 52 24
109.200000 52 24
109.270000 33 27
109.340000 33 27
109.410000 0 0
109.480000 0 0
109.550000 0 0
109.620000 57 21
109.690000 57 21
109.760000 57 21
109.830000 57 21
109.900000 0 0
109.970000 57 60
110.040000 57 60
110.110000 57 60
110.180000 57 60
110.250000 0 0
110.320000 50 67
110.390000 50 67
110.460000 0 0
110.530000 0 0
110.600000 50 59
110.670000 50 59
110.740000 50 59
110.810000 50 59
110.880000 50 59
110.950000 50 59
111.020000 50 59
111.090000 50 59
111.160000 0 0
111.230000 45 67
111.300000 45 67
111.370000 0 0
111.440000 0 0
111.510000 52 62
111.580000 52 62
111.650000 52 62
111.720000 52 62
111.790000 52 62
111.860000 52 62
111.930000 52 62
112.000000 52 62
112.070000 38 67
112.140000 38 67
112.210000 0 0
112.280000 0 0
112.350000 0 0
112.420000 50 62
112.490000 50 62
112.560000 50 62
112.630000 50 62
112.700000 50 62
112.770000 50 62
112.840000 50 62
112.910000 50 62
112.980000 45 67
113.050000 45 67
113.120000 0 0
113.190000 0 0
113.260000 0 0
113.330000 57 49
113.400000 57 49
113.470000 57 49
113.540000 57 49
113.610000 0 0
113.680000 57 64
113.750000 57 64
113.820000 57 64
113.890000 57 64
113.960000 0 0
114.030000 50 67
114.100000 50 67
114.170000 0 0
114.240000 0 0
114.310000 57 59
114.380000 57 59
114.450000 57 59
114.520000 57 59
114.590000 50 59
114.660000 50 59
114.730000 50 59
114.800000 50 59
114.870000 43 67
114.940000 43 67
115.010000 0 0
115.080000 0 0
115.150000 0 0
115.220000 59 62
115.290000 59 62
115.360000 59 62
115.430000 59 62
115.500000 52 62
115.570000 52 62
115.640000 52 62
115.710000 52 62
115.780000 45 67
115.850000 45 67
115.920000 0 0
115.990000 0 0
116.060000 57 62
116.130000 57 62
116.200000 57 62
116.270000 57 62
116.340000 0 0
116.410000 57 62
116.480000 57 62
116.550000 57 62
116.620000 57 62
116.690000 38 67
116.760000 38 67
116.830000 0 0
116.900000 0 0
116.970000 50 41
117.040000 50 41
117.110000 50 41
117.180000 50 41
117.250000 0 0
117.320000 50 44
117.390000 50 44
117.460000 50 44
117.530000 50 44
117.600000 50 44
117.670000 50 44
117.740000 50 44
117.810000 50 44
117.880000 50 44
117.950000 50 23
118.020000 50 23
118.090000 50 23
118.160000 50 23
118.230000 0 0
118.300000 50 23
118.370000 50 23
118.440000 50 23
118.510000 50 23
118.580000 45 27
118.650000 45 27
118.720000 0 0
118.790000 0 0
118.860000 0 0
118.930000 52 24
119.000000 52 24
119.070000 52 24
119.140000 52 24
119.210000 52 24
119.280000 52 24
119.350000 52 24
119.420000 52 24
119.490000 38 27
119.560000 38 27
119.630000 0 0
119.700000 0 0
119.770000 0 0
119.840000 50 24
119.910000 50 24
119.980000 50 24
120.050000 50 24
120.120000 50 24
120.190000 50 24
120.260000 50 24
120.330000 50 24
120.400000 0 0
120.470000 45 27
120.540000 45 27
120.610000 0 0
120.680000 0 0
120.750000 0 0
120.820000 61 20
120.890000 61 20
120.960000 61 20
121.030000 61 20
121.100000 61 20
121.170000 57 26
121.240000 57 26
121.310000 57 26
121.380000 57 26
121.450000 57 26
121.520000 57 26
121.590000 57 26
121.660000 57 26
121.730000 57 26
121.800000 0 0
121.870000 57 23
121.940000 57 23
122.010000 57 23
122.080000 57 23
122.150000 50 23
122.220000 50 23
122.290000 50 23
122.360000 50 23
122.430000 0 0
122.500000 43 27
122.570000 43 27
122.640000 0 0
122.710000 0 0
122.780000 59 24
122.850000 59 24
122.920000 59 24
122.990000 59 24
123.060000 0 0
123.130000 52 24
123.200000 52 24
123.270000 52 24
123.340000 52 24
123.410000 0 0
123.480000 45 27
123.550000 45 27
123.620000 0 0
123.690000 0 0
123.760000 57 24
123.830000 57 24
123.900000 57 24
123.970000 57 24
124.040000 57 24
124.110000 57 24
124.180000 57 24
124.250000 57 24
124.320000 57 24
124.390000 0 0
124.460000 38 27
124.530000 38 27
124.600000 0 0
124.670000 0 0
124.740000 0 0
124.810000 50 17
124.880000 50 17
124.950000 50 17
125.020000 50 17
125.090000 50 17
125.160000 50 26
125.230000 50 26
125.300000 50 26
125.370000 50 26
125.440000 50 26
125.510000 50 26
125.580000 50 26
125.650000 50 26
125.720000 50 26
125.790000 0 0
125.860000 60 27
125.930000 60 27
126.000000 60 27
126.070000 60 27
126.140000 0 0
126.210000 50 23
126.280000 50 23
126.350000 50 23
126.420000 50 23
126.490000 50 26
126.560000 50 26
126.630000 50 26
126.700000 50 26
126.770000 0 0
126.840000 58 28
126.910000 58 28
126.980000 58 28
127.050000 58 28
127.120000 50 24
127.190000 50 24
127.260000 50 24
127.330000 50 24
127.400000 0 0
127.470000 50 27
127.540000 50 27
127.610000 50 27
127.680000 50 27
127.750000 0 0
127.820000 60 29
127.890000 60 29
127.960000 60 29
128.030000 60 29
128.100000 50 24
128.170000 50 24
128.240000 50 24
128.310000 50 24
128.380000 0 0
128.450000 50 28
128.520000 50 28
128.590000 50 28
128.660000 50 28
128.730000 58 30
128.800000 58 30
128.870000 58 30
128.940000 58 30
129.010000 0 0
129.080000 50 25
129.150000 50 25
129.220000 50 25
129.290000 50 25
129.360000 50 29
129.430000 50 29
129.500000 50 29
129.570000 50 29
129.640000 0 0
129.710000 57 31
129.780000 57 31
129.850000 57 31
129.920000 57 31
129.990000 50 26
130.060000 50 26
130.130000 50 26
130.200000 50 26
130.270000 50 29
130.340000 50 29
130.410000 50 29
130.480000 50 29
130.550000 0 0
130.620000 55 31
130.690000 55 31
130.760000 55 31
130.830000 55 31
130.900000 50 26
130.970000 50 26
131.040000 50 26
131.110000 50 26
131.180000 0 0
131.250000 50 29
131.320000 50 29
131.390000 50 29
131.460000 50 29
131.530000 57 30
131.600000 57 30
131.670000 57 30
131.740000 0 0
131.810000 50 25
131.880000 50 25
131.950000 50 25
132.020000 50 25
132.090000 50 28
132.160000 50 28
132.230000 50 28
132.300000 50 28
132.370000 0 0
132.440000 55 29
132.510000 55 29
132.580000 55 29
132.650000 0 0
132.720000 50 24
132.790000 50 24
132.860000 50 24
132.930000 50 24
133.000000 38 24
133.070000 38 24
133.140000 38 24
133.210000 38 24
133.280000 0 0
133.350000 48 25
133.420000 48 25
133.490000 48 25
133.560000 38 21
133.630000 38 21
133.700000 38 21
133.770000 38 21
133.840000 0 0
133.910000 38 23
133.980000 38 23
134.050000 38 23
134.120000 38 23
134.190000 46 24
134.260000 46 24
134.330000 46 24
134.400000 0 0
134.470000 38 20
134.540000 38 20
134.610000 38 20
134.680000 38 20
134.750000 38 20
134.820000 38 20
134.890000 38 20
134.960000 38 20
135.030000 0 0
135.100000 48 20
135.170000 48 20
135.240000 48 20
135.310000 0 0
135.380000 38 17
135.450000 38 17
135.520000 38 17
135.590000 38 17
135.660000 38 19
135.730000 38 19
135.800000 38 19
135.870000 38 19
135.940000 0 0
136.010000 46 20
136.080000 46 20
136.150000 46 20
136.220000 46 20
136.290000 38 17
136.360000 38 17
136.430000 38 17
136.500000 38 17
136.570000 0 0
136.640000 38 26
136.710000 38 26
136.780000 38 26
136.850000 38 26
136.920000 38 26
136.990000 50 28
137.060000 50 28
137.130000 50 28
137.200000 50 28
137.270000 50 28
137.340000 62 28
137.410000 62 28
137.480000 62 28
137.550000 62 28
137.620000 62 28
137.690000 62 28
137.760000 62 28
137.830000 62 28
137.900000 62 28
137.970000 62 28
138.040000 62 28
138.110000 62 28
138.180000 62 28
138.250000 62 28
138.320000 62 28
138.390000 62 28
138.460000 62 28
138.530000 62 28
138.600000 62 28
138.670000 62 28
138.740000 62 28
138.810000 62 28
138.880000 62 28
138.950000 62 28
139.020000 62 28
139.090000 62 28
139.160000 62 28
139.230000 62 28
139.300000 62 28
139.370000 62 28
139.440000 62 28
139.510000 62 28
139.580000 62 28
139.650000 62 28
139.720000 62 28
139.790000 62 28
139.860000 62 28
139.930000 62 28
140.000000 62 28
140.070000 62 28
140.140000 62 28
140.210000 62 28
140.280000 62 28
140.350000 62 28
140.420000 62 28
140.490000 62 28
140.560000 62 28
140.630000 62 28
140.700000 62 28
140.770000 62 28
140.840000 62 28
140.910000 62 28
140.980000 0 0
