"chpn-p5"

# Piano right
0.000000 71 45
0.070000 71 45
0.140000 0 0
0.210000 69 40
0.280000 69 40
0.350000 61 30
0.420000 61 30
0.490000 71 53
0.560000 71 53
0.630000 71 53
0.700000 0 0
0.770000 69 42
0.840000 0 0
0.910000 61 46
0.980000 70 65
1.050000 70 65
1.120000 70 65
1.190000 0 0
1.260000 69 50
1.330000 0 0
1.400000 61 59
1.470000 0 0
1.540000 71 67
1.610000 71 67
1.680000 71 67
1.750000 69 60
1.820000 0 0
1.890000 61 63
1.960000 0 0
2.030000 70 72
2.100000 70 72
2.170000 70 72
2.240000 69 58
2.310000 0 0
2.380000 61 63
2.450000 71 67
2.520000 71 67
2.590000 71 67
2.660000 0 0
2.730000 69 50
2.800000 0 0
2.870000 61 48
2.940000 0 0
3.010000 66 46
3.080000 0 0
3.150000 62 49
3.220000 0 0
3.290000 57 45
3.360000 58 45
3.430000 0 0
3.500000 59 44
3.570000 0 0
3.640000 61 40
3.710000 0 0
3.780000 64 49
3.850000 0 0
3.920000 62 56
3.990000 0 0
4.060000 74 51
4.130000 0 0
4.200000 66 51
4.270000 0 0
4.340000 69 51
4.410000 68 48
4.480000 0 0
4.550000 71 55
4.620000 0 0
4.690000 64 58
4.760000 0 0
4.830000 69 54
4.900000 0 0
4.970000 65 54
5.040000 0 0
5.110000 66 54
5.180000 73 59
5.250000 0 0
5.320000 71 56
5.390000 0 0
5.460000 69 62
5.530000 0 0
5.600000 76 52
5.670000 0 0
5.740000 64 60
5.810000 69 57
5.880000 0 0
5.950000 63 50
6.020000 0 0
6.090000 71 60
6.160000 0 0
6.230000 59 66
6.300000 0 0
6.370000 64 57
6.440000 60 58
6.510000 0 0
6.580000 64 57
6.650000 0 0
6.720000 67 64
6.790000 0 0
6.860000 66 63
6.930000 0 0
7.000000 64 69
7.070000 0 0
7.140000 76 61
7.210000 67 64
7.280000 0 0
7.350000 71 64
7.420000 0 0
7.490000 70 58
7.560000 0 0
7.630000 73 64
7.700000 0 0
7.770000 71 73
7.840000 66 63
7.910000 0 0
7.980000 67 70
8.050000 0 0
8.120000 71 72
8.190000 0 0
8.260000 70 64
8.330000 0 0
8.400000 73 77
8.470000 71 86
8.540000 0 0
8.610000 83 75
8.680000 0 0
8.750000 80 82
8.820000 0 0
8.890000 74 83
8.960000 73 90
9.030000 0 0
9.100000 71 85
9.170000 0 0
9.240000 70 91
9.310000 0 0
9.380000 0 0
9.450000 0 0
9.520000 71 84
9.590000 0 0
9.660000 0 0
9.730000 65 80
9.800000 0 0
9.870000 0 0
9.940000 0 0
10.010000 70 89
10.080000 0 0
10.150000 0 0
10.220000 0 0
10.290000 71 79
10.360000 0 0
10.430000 0 0
10.500000 0 0
10.570000 65 75
10.640000 0 0
10.710000 0 0
10.780000 70 74
10.850000 0 0
10.920000 0 0
10.990000 0 0
11.060000 71 69
11.130000 0 0
11.200000 0 0
11.270000 0 0
11.340000 65 64
11.410000 0 0
11.480000 82 57
11.550000 0 0
11.620000 70 63
11.690000 70 63
11.760000 78 54
11.830000 0 0
11.900000 0 0
11.970000 71 55
12.040000 71 55
12.110000 80 48
12.180000 0 0
12.250000 65 49
12.320000 65 49
12.390000 81 43
12.460000 0 0
12.530000 78 45
12.600000 78 45
12.670000 66 40
12.740000 66 40
12.810000 61 30
12.880000 0 0
12.950000 71 53
13.020000 71 53
13.090000 71 53
13.160000 0 0
13.230000 69 42
13.300000 0 0
13.370000 61 46
13.440000 0 0
13.510000 70 65
13.580000 70 65
13.650000 70 65
13.720000 69 50
13.790000 0 0
13.860000 61 59
13.930000 0 0
14.000000 71 67
14.070000 71 67
14.140000 71 67
14.210000 69 61
14.280000 0 0
14.350000 61 63
14.420000 0 0
14.490000 70 70
14.560000 70 70
14.630000 70 70
14.700000 69 58
14.770000 0 0
14.840000 61 65
14.910000 0 0
14.980000 71 58
15.050000 71 58
15.120000 71 58
15.190000 69 50
15.260000 0 0
15.330000 61 48
15.400000 0 0
15.470000 66 46
15.540000 0 0
15.610000 62 49
15.680000 57 45
15.750000 0 0
15.820000 58 45
15.890000 0 0
15.960000 59 44
16.030000 0 0
16.100000 67 47
16.170000 0 0
16.240000 66 46
16.310000 0 0
16.380000 62 56
16.450000 0 0
16.520000 74 51
16.590000 0 0
16.660000 66 51
16.730000 69 51
16.800000 0 0
16.870000 68 45
16.940000 0 0
17.010000 71 51
17.080000 0 0
17.150000 64 58
17.220000 0 0
17.290000 69 54
17.360000 0 0
17.430000 65 54
17.500000 69 54
17.570000 0 0
17.640000 68 50
17.710000 0 0
17.780000 71 56
17.850000 0 0
17.920000 69 62
17.990000 0 0
18.060000 76 52
18.130000 64 60
18.200000 0 0
18.270000 69 57
18.340000 0 0
18.410000 63 50
18.480000 0 0
18.550000 71 60
18.620000 59 66
18.690000 0 0
18.760000 64 57
18.830000 0 0
18.900000 60 58
18.970000 0 0
19.040000 64 57
19.110000 0 0
19.180000 67 64
19.250000 66 63
19.320000 0 0
19.390000 64 69
19.460000 0 0
19.530000 76 61
19.600000 0 0
19.670000 67 64
19.740000 71 64
19.810000 0 0
19.880000 70 58
19.950000 0 0
20.020000 73 64
20.090000 0 0
20.160000 71 77
20.230000 0 0
20.300000 66 63
20.370000 67 70
20.440000 0 0
20.510000 71 72
20.580000 0 0
20.650000 70 64
20.720000 0 0
20.790000 73 77
20.860000 0 0
20.930000 71 86
21.000000 83 80
21.070000 0 0
21.140000 80 82
21.210000 0 0
21.280000 74 83
21.350000 0 0
21.420000 73 92
21.490000 0 0
21.560000 71 85
21.630000 69 92
21.700000 0 0
21.770000 0 0
21.840000 0 0
21.910000 67 86
21.980000 0 0
22.050000 0 0
22.120000 0 0
22.190000 61 83
22.260000 0 0
22.330000 0 0
22.400000 0 0
22.470000 66 91
22.540000 0 0
22.610000 0 0
22.680000 67 80
22.750000 0 0
22.820000 0 0
22.890000 0 0
22.960000 61 78
23.030000 0 0
23.100000 0 0
23.170000 0 0
23.240000 66 78
23.310000 0 0
23.380000 0 0
23.450000 0 0
23.520000 67 72
23.590000 0 0
23.660000 0 0
23.730000 0 0
23.800000 61 66
23.870000 0 0
23.940000 78 59
24.010000 0 0
24.080000 66 65
24.150000 66 65
24.220000 74 55
24.290000 0 0
24.360000 67 55
24.430000 67 55
24.500000 76 48
24.570000 0 0
24.640000 61 50
24.710000 61 50
24.780000 78 43
24.850000 0 0
24.920000 66 45
24.990000 0 0
25.060000 74 39
25.130000 0 0
25.200000 62 30
25.270000 0 0
25.340000 70 49
25.410000 70 49
25.480000 70 49
25.550000 0 0
25.620000 69 44
25.690000 0 0
25.760000 62 38
25.830000 67 56
25.900000 67 56
25.970000 67 56
26.040000 0 0
26.110000 66 52
26.180000 66 52
26.250000 66 52
26.320000 0 0
26.390000 70 60
26.460000 70 60
26.530000 70 60
26.600000 69 58
26.670000 69 58
26.740000 69 58
26.810000 0 0
26.880000 67 70
26.950000 67 70
27.020000 67 70
27.090000 66 63
27.160000 0 0
27.230000 62 69
27.300000 0 0
27.370000 70 77
27.440000 70 77
27.510000 70 77
27.580000 69 83
27.650000 69 83
27.720000 69 83
27.790000 0 0
27.860000 74 96
27.930000 74 96
28.000000 90 108
28.070000 0 0
28.140000 0 0
28.210000 0 0
28.280000 0 0
28.350000 0 0
28.420000 0 0
28.490000 0 0
28.560000 0 0
28.630000 0 0
28.700000 0 0
28.770000 67 79
28.840000 67 79
28.910000 0 0
28.980000 0 0
29.050000 0 0
29.120000 0 0
29.190000 0 0
29.260000 0 0
29.330000 0 0
29.400000 0 0
29.470000 0 0
29.540000 0 0
29.610000 66 86
29.680000 0 0
# Piano left
0.000000 0 0
0.070000 0 0
0.140000 0 0
0.210000 0 0
0.280000 0 0
0.350000 55 38
0.420000 55 38
0.490000 45 34
0.560000 0 0
0.630000 55 32
0.700000 0 0
0.770000 64 31
0.840000 0 0
0.910000 55 45
0.980000 45 39
1.050000 0 0
1.120000 55 43
1.190000 0 0
1.260000 0 0
1.330000 0 0
1.400000 55 50
1.470000 0 0
1.540000 45 39
1.610000 0 0
1.680000 55 49
1.750000 0 0
1.820000 0 0
1.890000 55 50
1.960000 0 0
2.030000 45 44
2.100000 55 49
2.170000 0 0
2.240000 0 0
2.310000 0 0
2.380000 57 50
2.450000 45 41
2.520000 0 0
2.590000 55 44
2.660000 0 0
2.730000 0 0
2.800000 0 0
2.870000 55 35
2.940000 0 0
3.010000 57 30
3.080000 0 0
3.150000 38 38
3.220000 0 0
3.290000 54 34
3.360000 55 35
3.430000 0 0
3.500000 43 32
3.570000 0 0
3.640000 45 37
3.710000 0 0
3.780000 55 37
3.850000 0 0
3.920000 54 41
3.990000 0 0
4.060000 47 36
4.130000 0 0
4.200000 62 36
4.270000 0 0
4.340000 54 36
4.410000 52 42
4.480000 0 0
4.550000 62 36
4.620000 0 0
4.690000 61 48
4.760000 0 0
4.830000 57 41
4.900000 0 0
4.970000 62 39
5.040000 0 0
5.110000 50 39
5.180000 52 42
5.250000 0 0
5.320000 62 37
5.390000 0 0
5.460000 61 49
5.530000 0 0
5.600000 60 39
5.670000 0 0
5.740000 54 41
5.810000 45 41
5.880000 0 0
5.950000 47 46
6.020000 0 0
6.090000 57 40
6.160000 0 0
6.230000 55 49
6.300000 0 0
6.370000 40 45
6.440000 45 48
6.510000 0 0
6.580000 57 44
6.650000 0 0
6.720000 47 49
6.790000 0 0
6.860000 57 47
6.930000 0 0
7.000000 55 51
7.070000 0 0
7.140000 52 46
7.210000 64 46
7.280000 0 0
7.350000 55 46
7.420000 0 0
7.490000 54 51
7.560000 0 0
7.630000 64 46
7.700000 0 0
7.770000 62 54
7.840000 47 56
7.910000 0 0
7.980000 52 49
8.050000 0 0
8.120000 64 52
8.190000 0 0
8.260000 54 55
8.330000 0 0
8.400000 64 52
8.470000 62 59
8.540000 0 0
8.610000 53 52
8.680000 0 0
8.750000 59 54
8.820000 0 0
8.890000 68 55
8.960000 61 62
9.030000 0 0
9.100000 62 54
9.170000 0 0
9.240000 61 62
9.310000 0 0
9.380000 0 0
9.450000 0 0
9.520000 62 53
9.590000 0 0
9.660000 0 0
9.730000 61 53
9.800000 0 0
9.870000 0 0
9.940000 0 0
10.010000 42 57
10.080000 0 0
10.150000 0 0
10.220000 0 0
10.290000 62 50
10.360000 0 0
10.430000 0 0
10.500000 0 0
10.570000 61 48
10.640000 0 0
10.710000 0 0
10.780000 42 52
10.850000 0 0
10.920000 0 0
10.990000 0 0
11.060000 62 46
11.130000 0 0
11.200000 0 0
11.270000 0 0
11.340000 61 42
11.410000 0 0
11.480000 49 32
11.550000 0 0
11.620000 42 43
11.690000 42 43
11.760000 61 36
11.830000 0 0
11.900000 0 0
11.970000 62 38
12.040000 62 38
12.110000 47 32
12.180000 0 0
12.250000 61 36
12.320000 61 36
12.390000 49 29
12.460000 0 0
12.530000 42 41
12.600000 42 41
12.670000 57 33
12.740000 57 33
12.810000 55 38
12.880000 0 0
12.950000 45 34
13.020000 0 0
13.090000 55 36
13.160000 0 0
13.230000 64 31
13.300000 0 0
13.370000 55 45
13.440000 0 0
13.510000 45 39
13.580000 0 0
13.650000 55 44
13.720000 0 0
13.790000 0 0
13.860000 55 50
13.930000 0 0
14.000000 45 39
14.070000 0 0
14.140000 55 50
14.210000 0 0
14.280000 0 0
14.350000 55 50
14.420000 0 0
14.490000 45 44
14.560000 0 0
14.630000 55 48
14.700000 0 0
14.770000 0 0
14.840000 55 50
14.910000 0 0
14.980000 45 41
15.050000 55 44
15.120000 0 0
15.190000 0 0
15.260000 0 0
15.330000 55 35
15.400000 0 0
15.470000 57 30
15.540000 0 0
15.610000 38 38
15.680000 54 34
15.750000 0 0
15.820000 55 35
15.890000 0 0
15.960000 43 32
16.030000 0 0
16.100000 45 37
16.170000 0 0
16.240000 57 37
16.310000 0 0
16.380000 54 41
16.450000 0 0
16.520000 47 36
16.590000 0 0
16.660000 62 36
16.730000 53 36
16.800000 0 0
16.870000 52 42
16.940000 0 0
17.010000 62 36
17.080000 0 0
17.150000 60 48
17.220000 0 0
17.290000 57 41
17.360000 0 0
17.430000 62 39
17.500000 50 39
17.570000 0 0
17.640000 52 42
17.710000 0 0
17.780000 62 37
17.850000 0 0
17.920000 61 49
17.990000 0 0
18.060000 60 39
18.130000 54 41
18.200000 0 0
18.270000 45 41
18.340000 0 0
18.410000 47 46
18.480000 0 0
18.550000 57 40
18.620000 55 49
18.690000 0 0
18.760000 40 45
18.830000 0 0
18.900000 45 48
18.970000 0 0
19.040000 57 44
19.110000 0 0
19.180000 47 49
19.250000 57 47
19.320000 0 0
19.390000 55 51
19.460000 0 0
19.530000 52 46
19.600000 0 0
19.670000 64 46
19.740000 55 46
19.810000 0 0
19.880000 54 51
19.950000 0 0
20.020000 64 46
20.090000 0 0
20.160000 62 55
20.230000 0 0
20.300000 47 56
20.370000 52 49
20.440000 0 0
20.510000 64 52
20.580000 0 0
20.650000 54 55
20.720000 0 0
20.790000 64 52
20.860000 0 0
20.930000 62 59
21.000000 53 52
21.070000 0 0
21.140000 59 54
21.210000 0 0
21.280000 68 55
21.350000 0 0
21.420000 61 62
21.490000 0 0
21.560000 62 54
21.630000 54 62
21.700000 0 0
21.770000 0 0
21.840000 0 0
21.910000 58 53
21.980000 0 0
22.050000 0 0
22.120000 0 0
22.190000 57 53
22.260000 0 0
22.330000 0 0
22.400000 0 0
22.470000 38 57
22.540000 0 0
22.610000 0 0
22.680000 58 51
22.750000 0 0
22.820000 0 0
22.890000 0 0
22.960000 57 50
23.030000 0 0
23.100000 0 0
23.170000 0 0
23.240000 38 55
23.310000 0 0
23.380000 0 0
23.450000 0 0
23.520000 58 48
23.590000 0 0
23.660000 0 0
23.730000 0 0
23.800000 57 43
23.870000 0 0
23.940000 45 33
24.010000 0 0
24.080000 38 44
24.150000 38 44
24.220000 57 36
24.290000 0 0
24.360000 58 38
24.430000 58 38
24.500000 43 32
24.570000 0 0
24.640000 57 36
24.710000 57 36
24.780000 45 29
24.850000 0 0
24.920000 38 33
24.990000 0 0
25.060000 45 33
25.130000 0 0
25.200000 57 37
25.270000 0 0
25.340000 45 33
25.410000 0 0
25.480000 38 35
25.550000 0 0
25.620000 45 31
25.690000 0 0
25.760000 57 41
25.830000 45 35
25.900000 0 0
25.970000 0 0
26.040000 0 0
26.110000 45 37
26.180000 0 0
26.250000 57 46
26.320000 0 0
26.390000 45 36
26.460000 38 46
26.530000 0 0
26.600000 0 0
26.670000 0 0
26.740000 57 49
26.810000 0 0
26.880000 45 43
26.950000 0 0
27.020000 0 0
27.090000 45 45
27.160000 0 0
27.230000 57 53
27.300000 0 0
27.370000 45 45
27.440000 0 0
27.510000 0 0
27.580000 45 46
27.650000 0 0
27.720000 57 63
27.790000 0 0
27.860000 45 58
27.930000 45 58
28.000000 38 79
28.070000 0 0
28.140000 0 0
28.210000 0 0
28.280000 0 0
28.350000 0 0
28.420000 0 0
28.490000 0 0
28.560000 0 0
28.630000 45 46
28.700000 45 46
28.770000 45 46
28.840000 0 0
28.910000 0 0
28.980000 0 0
29.050000 0 0
29.120000 0 0
29.190000 0 0
29.260000 0 0
29.330000 0 0
29.400000 0 0
29.470000 0 0
29.540000 0 0
29.610000 0 0
