"chpn-p4"

# Piano right
0.000000 0 0
0.070000 0 0
0.140000 0 0
0.210000 0 0
0.280000 0 0
0.350000 0 0
0.420000 0 0
0.490000 0 0
0.560000 0 0
0.630000 0 0
0.700000 0 0
0.770000 0 0
0.840000 0 0
0.910000 0 0
0.980000 59 55
1.050000 59 55
1.120000 59 55
1.190000 59 55
1.260000 59 55
1.330000 59 55
1.400000 59 55
1.470000 59 55
1.540000 59 55
1.610000 59 55
1.680000 59 55
1.750000 0 0
1.820000 71 52
1.890000 71 52
1.960000 71 52
2.030000 71 52
2.100000 71 62
2.170000 71 62
2.240000 71 62
2.310000 71 62
2.380000 71 62
2.450000 71 62
2.520000 71 62
2.590000 71 62
2.660000 71 62
2.730000 71 62
2.800000 71 62
2.870000 71 62
2.940000 71 62
3.010000 71 62
3.080000 71 62
3.150000 71 62
3.220000 71 62
3.290000 71 62
3.360000 71 62
3.430000 71 62
3.500000 71 62
3.570000 71 62
3.640000 71 62
3.710000 71 62
3.780000 71 62
3.850000 71 62
3.920000 71 62
3.990000 71 62
4.060000 71 62
4.130000 71 62
4.200000 71 62
4.270000 71 62
4.340000 71 62
4.410000 71 62
4.480000 71 62
4.550000 71 62
4.620000 71 62
4.690000 71 62
4.760000 71 62
4.830000 71 62
4.900000 0 0
4.970000 72 58
5.040000 72 58
5.110000 72 58
5.180000 72 58
5.250000 72 58
5.320000 72 58
5.390000 72 58
5.460000 72 58
5.530000 72 58
5.600000 72 58
5.670000 72 58
5.740000 72 58
5.810000 72 58
5.880000 72 58
5.950000 0 0
6.020000 71 62
6.090000 71 62
6.160000 71 62
6.230000 71 62
6.300000 71 62
6.370000 71 62
6.440000 71 62
6.510000 71 62
6.580000 71 62
6.650000 71 62
6.720000 71 62
6.790000 71 62
6.860000 71 62
6.930000 71 62
7.000000 71 62
7.070000 71 62
7.140000 71 62
7.210000 71 62
7.280000 71 62
7.350000 71 62
7.420000 71 62
7.490000 71 62
7.560000 71 62
7.630000 71 62
7.700000 71 62
7.770000 71 62
7.840000 71 62
7.910000 71 62
7.980000 71 62
8.050000 71 62
8.120000 71 62
8.190000 71 62
8.260000 71 62
8.330000 71 62
8.400000 71 62
8.470000 71 62
8.540000 71 62
8.610000 71 62
8.680000 71 62
8.750000 72 58
8.820000 72 58
8.890000 72 58
8.960000 72 58
9.030000 72 58
9.100000 72 58
9.170000 72 58
9.240000 72 58
9.310000 72 58
9.380000 72 58
9.450000 72 58
9.520000 72 58
9.590000 72 58
9.660000 72 58
9.730000 0 0
9.800000 71 62
9.870000 71 62
9.940000 71 62
10.010000 71 62
10.080000 71 62
10.150000 71 62
10.220000 71 62
10.290000 71 62
10.360000 71 62
10.430000 71 62
10.500000 71 62
10.570000 71 62
10.640000 71 62
10.710000 71 62
10.780000 71 62
10.850000 71 62
10.920000 71 62
10.990000 71 62
11.060000 71 62
11.130000 71 62
11.200000 71 62
11.270000 71 62
11.340000 71 62
11.410000 71 62
11.480000 71 62
11.550000 71 62
11.620000 71 62
11.690000 71 62
11.760000 71 62
11.830000 71 62
11.900000 71 62
11.970000 71 62
12.040000 71 62
12.110000 71 62
12.180000 71 62
12.250000 71 62
12.320000 71 62
12.390000 71 62
12.460000 71 62
12.530000 72 59
12.600000 72 59
12.670000 72 59
12.740000 72 59
12.810000 72 59
12.880000 72 59
12.950000 72 59
13.020000 72 59
13.090000 72 59
13.160000 72 59
13.230000 72 59
13.300000 72 59
13.370000 72 59
13.440000 72 59
13.510000 71 64
13.580000 71 64
13.650000 71 64
13.720000 71 64
13.790000 71 64
13.860000 71 64
13.930000 71 64
14.000000 71 64
14.070000 71 64
14.140000 71 64
14.210000 71 64
14.280000 71 64
14.350000 71 64
14.420000 71 64
14.490000 71 64
14.560000 71 64
14.630000 71 64
14.700000 71 64
14.770000 71 64
14.840000 71 64
14.910000 71 64
14.980000 71 64
15.050000 71 64
15.120000 71 64
15.190000 71 64
15.260000 71 64
15.330000 71 64
15.400000 71 64
15.470000 71 64
15.540000 71 64
15.610000 71 64
15.680000 71 64
15.750000 71 64
15.820000 71 64
15.890000 71 64
15.960000 71 64
16.030000 71 64
16.100000 71 64
16.170000 71 64
16.240000 70 58
16.310000 70 58
16.380000 70 58
16.450000 70 58
16.520000 70 58
16.590000 70 58
16.660000 70 58
16.730000 70 58
16.800000 70 58
16.870000 70 58
16.940000 70 58
17.010000 70 58
17.080000 70 58
17.150000 70 58
17.220000 0 0
17.290000 69 62
17.360000 69 62
17.430000 69 62
17.500000 69 62
17.570000 69 62
17.640000 69 62
17.710000 69 62
17.780000 69 62
17.850000 69 62
17.920000 69 62
17.990000 69 62
18.060000 69 62
18.130000 69 62
18.200000 69 62
18.270000 69 62
18.340000 69 62
18.410000 69 62
18.480000 69 62
18.550000 69 62
18.620000 69 62
18.690000 69 62
18.760000 69 62
18.830000 69 62
18.900000 69 62
18.970000 69 62
19.040000 69 62
19.110000 69 62
19.180000 69 62
19.250000 69 62
19.320000 69 62
19.390000 69 62
19.460000 69 62
19.530000 69 62
19.600000 69 62
19.670000 69 62
19.740000 69 62
19.810000 69 62
19.880000 69 62
19.950000 69 62
20.020000 71 63
20.090000 71 63
20.160000 71 63
20.230000 71 63
20.300000 71 63
20.370000 71 63
20.440000 71 63
20.510000 71 63
20.580000 71 63
20.650000 71 63
20.720000 71 63
20.790000 71 63
20.860000 71 63
20.930000 71 63
21.000000 69 66
21.070000 69 66
21.140000 69 66
21.210000 69 66
21.280000 69 66
21.350000 69 66
21.420000 69 66
21.490000 69 66
21.560000 69 66
21.630000 69 66
21.700000 69 66
21.770000 69 66
21.840000 69 66
21.910000 69 66
21.980000 69 66
22.050000 69 66
22.120000 69 66
22.190000 69 66
22.260000 69 66
22.330000 69 66
22.400000 69 66
22.470000 69 66
22.540000 69 66
22.610000 69 66
22.680000 69 66
22.750000 69 66
22.820000 69 66
22.890000 69 66
22.960000 69 66
23.030000 69 66
23.100000 69 66
23.170000 69 66
23.240000 69 66
23.310000 69 66
23.380000 69 66
23.450000 69 66
23.520000 69 66
23.590000 69 66
23.660000 71 67
23.730000 71 67
23.800000 71 67
23.870000 71 67
23.940000 71 67
24.010000 71 67
24.080000 71 67
24.150000 71 67
24.220000 71 67
24.290000 71 67
24.360000 71 67
24.430000 71 67
24.500000 71 67
24.570000 0 0
24.640000 69 67
24.710000 69 67
24.780000 69 67
24.850000 69 67
24.920000 69 67
24.990000 69 67
25.060000 69 67
25.130000 69 67
25.200000 69 67
25.270000 69 67
25.340000 69 67
25.410000 69 67
25.480000 69 67
25.550000 69 67
25.620000 69 67
25.690000 69 67
25.760000 69 67
25.830000 69 67
25.900000 69 67
25.970000 69 67
26.040000 69 67
26.110000 69 67
26.180000 69 67
26.250000 69 67
26.320000 69 67
26.390000 69 67
26.460000 69 67
26.530000 69 67
26.600000 69 67
26.670000 69 67
26.740000 69 67
26.810000 69 67
26.880000 69 67
26.950000 69 67
27.020000 69 67
27.090000 69 67
27.160000 69 67
27.230000 69 67
27.300000 69 67
27.370000 71 66
27.440000 71 66
27.510000 71 66
27.580000 71 66
27.650000 71 66
27.720000 71 66
27.790000 71 66
27.860000 71 66
27.930000 71 66
28.000000 71 66
28.070000 71 66
28.140000 0 0
28.210000 69 57
28.280000 69 57
28.350000 69 57
28.420000 0 0
28.490000 69 62
28.560000 69 62
28.630000 69 62
28.700000 69 62
28.770000 69 62
28.840000 69 62
28.910000 69 62
28.980000 69 62
29.050000 69 62
29.120000 69 62
29.190000 69 62
29.260000 69 62
29.330000 69 62
29.400000 69 62
29.470000 69 62
29.540000 69 62
29.610000 69 62
29.680000 69 62
29.750000 69 62
29.820000 69 62
29.890000 69 62
29.960000 69 62
30.030000 69 62
30.100000 69 62
30.170000 69 62
30.240000 69 62
30.310000 69 62
30.380000 69 62
30.450000 69 62
30.520000 69 62
30.590000 69 62
30.660000 69 62
30.730000 69 62
30.800000 69 62
30.870000 69 62
30.940000 69 62
31.010000 69 62
31.080000 69 62
31.150000 69 62
31.220000 0 0
31.290000 68 62
31.360000 68 62
31.430000 68 62
31.500000 68 62
31.570000 68 62
31.640000 68 62
31.710000 68 62
31.780000 68 62
31.850000 68 62
31.920000 68 62
31.990000 68 62
32.060000 68 62
32.130000 68 62
32.200000 68 62
32.270000 68 62
32.340000 68 62
32.410000 68 62
32.480000 68 62
32.550000 68 62
32.620000 68 62
32.690000 68 62
32.760000 68 62
32.830000 68 62
32.900000 68 62
32.970000 68 62
33.040000 68 62
33.110000 68 62
33.180000 69 65
33.250000 69 65
33.320000 69 65
33.390000 69 65
33.460000 69 65
33.530000 69 65
33.600000 0 0
33.670000 71 69
33.740000 71 69
33.810000 71 69
33.880000 71 69
33.950000 71 69
34.020000 71 69
34.090000 74 74
34.160000 74 74
34.230000 74 74
34.300000 74 74
34.370000 74 74
34.440000 74 74
34.510000 0 0
34.580000 72 65
34.650000 72 65
34.720000 72 65
34.790000 72 65
34.860000 72 65
34.930000 72 65
35.000000 64 68
35.070000 64 68
35.140000 64 68
35.210000 64 68
35.280000 64 68
35.350000 64 68
35.420000 0 0
35.490000 69 62
35.560000 69 62
35.630000 69 62
35.700000 69 62
35.770000 69 62
35.840000 69 62
35.910000 69 62
35.980000 66 62
36.050000 66 62
36.120000 66 62
36.190000 66 62
36.260000 66 62
36.330000 66 62
36.400000 66 62
36.470000 66 62
36.540000 66 62
36.610000 66 62
36.680000 66 62
36.750000 66 62
36.820000 66 62
36.890000 66 62
36.960000 66 62
37.030000 66 62
37.100000 66 62
37.170000 66 62
37.240000 66 62
37.310000 66 62
37.380000 66 62
37.450000 66 62
37.520000 66 62
37.590000 66 62
37.660000 66 62
37.730000 66 62
37.800000 66 62
37.870000 66 62
37.940000 66 62
38.010000 66 62
38.080000 66 62
38.150000 66 62
38.220000 66 62
38.290000 66 62
38.360000 66 62
38.430000 66 62
38.500000 66 62
38.570000 66 62
38.640000 66 62
38.710000 66 62
38.780000 0 0
38.850000 69 57
38.920000 69 57
38.990000 69 57
39.060000 69 57
39.130000 69 57
39.200000 69 57
39.270000 69 57
39.340000 69 57
39.410000 69 57
39.480000 69 57
39.550000 69 57
39.620000 69 57
39.690000 69 57
39.760000 69 57
39.830000 66 62
39.900000 66 62
39.970000 66 62
40.040000 66 62
40.110000 66 62
40.180000 66 62
40.250000 66 62
40.320000 66 62
40.390000 66 62
40.460000 66 62
40.530000 66 62
40.600000 66 62
40.670000 66 62
40.740000 66 62
40.810000 66 62
40.880000 66 62
40.950000 66 62
41.020000 66 62
41.090000 66 62
41.160000 66 62
41.230000 66 62
41.300000 66 62
41.370000 66 62
41.440000 66 62
41.510000 66 62
41.580000 66 62
41.650000 66 62
41.720000 66 62
41.790000 66 62
41.860000 66 62
41.930000 66 62
42.000000 66 62
42.070000 66 62
42.140000 66 62
42.210000 66 62
42.280000 66 62
42.350000 66 62
42.420000 66 62
42.490000 71 52
42.560000 0 0
42.630000 69 62
42.700000 69 62
42.770000 69 62
42.840000 69 62
42.910000 69 62
42.980000 69 62
43.050000 69 62
43.120000 69 62
43.190000 69 62
43.260000 69 62
43.330000 69 62
43.400000 69 62
43.470000 69 62
43.540000 69 62
43.610000 67 62
43.680000 67 62
43.750000 67 62
43.820000 67 62
43.890000 67 62
43.960000 67 62
44.030000 67 62
44.100000 66 46
44.170000 66 46
44.240000 66 46
44.310000 66 46
44.380000 66 46
44.450000 66 46
44.520000 0 0
44.590000 60 54
44.660000 60 54
44.730000 60 54
44.800000 60 54
44.870000 60 54
44.940000 60 54
45.010000 0 0
45.080000 59 42
45.150000 59 42
45.220000 59 42
45.290000 59 42
45.360000 59 42
45.430000 59 42
45.500000 63 64
45.570000 63 64
45.640000 63 64
45.710000 63 64
45.780000 63 64
45.850000 63 64
45.920000 66 59
45.990000 66 59
46.060000 66 59
46.130000 66 59
46.200000 66 59
46.270000 66 59
46.340000 0 0
46.410000 74 65
46.480000 74 65
46.550000 74 65
46.620000 74 65
46.690000 0 0
46.760000 72 62
46.830000 72 62
46.900000 72 62
46.970000 72 62
47.040000 71 57
47.110000 71 57
47.180000 71 57
47.250000 71 57
47.320000 0 0
47.390000 71 62
47.460000 71 62
47.530000 71 62
47.600000 71 62
47.670000 71 62
47.740000 71 62
47.810000 71 62
47.880000 71 62
47.950000 71 62
48.020000 71 62
48.090000 71 62
48.160000 71 62
48.230000 71 62
48.300000 71 62
48.370000 71 62
48.440000 71 62
48.510000 71 62
48.580000 71 62
48.650000 71 62
48.720000 71 62
48.790000 71 62
48.860000 71 62
48.930000 71 62
49.000000 71 62
49.070000 71 62
49.140000 71 62
49.210000 71 62
49.280000 71 62
49.350000 71 62
49.420000 71 62
49.490000 71 62
49.560000 71 62
49.630000 71 62
49.700000 71 62
49.770000 71 62
49.840000 71 62
49.910000 71 62
49.980000 71 62
50.050000 71 62
50.120000 71 62
50.190000 0 0
50.260000 72 68
50.330000 72 68
50.400000 72 68
50.470000 72 68
50.540000 72 68
50.610000 72 68
50.680000 72 68
50.750000 72 68
50.820000 72 68
50.890000 72 68
50.960000 72 68
51.030000 72 68
51.100000 72 68
51.170000 72 68
51.240000 0 0
51.310000 71 71
51.380000 71 71
51.450000 71 71
51.520000 71 71
51.590000 71 71
51.660000 71 71
51.730000 71 71
51.800000 71 71
51.870000 71 71
51.940000 71 71
52.010000 71 71
52.080000 71 71
52.150000 71 71
52.220000 71 71
52.290000 71 71
52.360000 71 71
52.430000 71 71
52.500000 71 71
52.570000 71 71
52.640000 71 71
52.710000 71 71
52.780000 71 71
52.850000 71 71
52.920000 71 71
52.990000 71 71
53.060000 71 71
53.130000 71 71
53.200000 71 71
53.270000 71 71
53.340000 71 71
53.410000 71 71
53.480000 71 71
53.550000 71 71
53.620000 71 71
53.690000 71 71
53.760000 71 71
53.830000 71 71
53.900000 71 71
53.970000 71 71
54.040000 71 71
54.110000 72 74
54.180000 72 74
54.250000 72 74
54.320000 72 74
54.390000 72 74
54.460000 72 74
54.530000 72 74
54.600000 72 74
54.670000 72 74
54.740000 72 74
54.810000 72 74
54.880000 72 74
54.950000 72 74
55.020000 72 74
55.090000 71 76
55.160000 71 76
55.230000 71 76
55.300000 71 76
55.370000 71 76
55.440000 71 76
55.510000 71 76
55.580000 71 76
55.650000 71 76
55.720000 71 76
55.790000 71 76
55.860000 71 76
55.930000 71 76
56.000000 71 76
56.070000 71 76
56.140000 71 76
56.210000 71 76
56.280000 71 76
56.350000 71 76
56.420000 71 76
56.490000 71 76
56.560000 71 76
56.630000 71 76
56.700000 71 76
56.770000 71 76
56.840000 71 76
56.910000 71 76
56.980000 71 76
57.050000 71 76
57.120000 71 76
57.190000 71 76
57.260000 71 76
57.330000 71 76
57.400000 71 76
57.470000 71 76
57.540000 71 76
57.610000 71 76
57.680000 0 0
57.750000 72 77
57.820000 72 77
57.890000 72 77
57.960000 72 77
58.030000 72 77
58.100000 72 77
58.170000 72 77
58.240000 72 77
58.310000 72 77
58.380000 72 77
58.450000 72 77
58.520000 72 77
58.590000 72 77
58.660000 71 84
58.730000 71 84
58.800000 71 84
58.870000 71 84
58.940000 71 84
59.010000 71 84
59.080000 71 84
59.150000 71 84
59.220000 71 84
59.290000 70 78
59.360000 70 78
59.430000 70 78
59.500000 70 85
59.570000 70 85
59.640000 70 85
59.710000 70 85
59.780000 70 85
59.850000 0 0
59.920000 71 70
59.990000 0 0
60.060000 70 73
60.130000 69 76
60.200000 0 0
60.270000 70 79
60.340000 79 88
60.410000 79 88
60.480000 79 88
60.550000 79 88
60.620000 79 88
60.690000 79 88
60.760000 79 88
60.830000 79 88
60.900000 79 88
60.970000 79 88
61.040000 79 88
61.110000 0 0
61.180000 78 91
61.250000 78 91
61.320000 78 91
61.390000 78 91
61.460000 78 91
61.530000 78 91
61.600000 78 91
61.670000 78 91
61.740000 0 0
61.810000 76 77
61.880000 76 77
61.950000 0 0
62.020000 76 89
62.090000 76 89
62.160000 76 89
62.230000 76 89
62.300000 76 89
62.370000 75 86
62.440000 75 86
62.510000 75 86
62.580000 75 86
62.650000 75 86
62.720000 0 0
62.790000 84 92
62.860000 84 92
62.930000 84 92
63.000000 84 92
63.070000 84 92
63.140000 75 85
63.210000 75 85
63.280000 75 85
63.350000 75 85
63.420000 75 85
63.490000 0 0
63.560000 75 88
63.630000 75 88
63.700000 75 88
63.770000 75 88
63.840000 75 88
63.910000 76 82
63.980000 76 82
64.050000 76 82
64.120000 76 82
64.190000 76 82
64.260000 0 0
64.330000 79 85
64.400000 79 85
64.470000 79 85
64.540000 79 85
64.610000 79 85
64.680000 71 77
64.750000 71 77
64.820000 71 77
64.890000 71 77
64.960000 71 77
65.030000 0 0
65.100000 74 80
65.170000 74 80
65.240000 74 80
65.310000 74 80
65.380000 74 80
65.450000 0 0
65.520000 72 69
65.590000 72 69
65.660000 72 69
65.730000 72 69
65.800000 72 69
65.870000 72 69
65.940000 0 0
66.010000 76 77
66.080000 76 77
66.150000 76 77
66.220000 76 77
66.290000 64 67
66.360000 64 67
66.430000 64 67
66.500000 64 67
66.570000 69 67
66.640000 69 67
66.710000 69 67
66.780000 69 67
66.850000 66 73
66.920000 66 73
66.990000 66 73
67.060000 66 73
67.130000 66 73
67.200000 66 73
67.270000 66 73
67.340000 66 73
67.410000 66 73
67.480000 66 73
67.550000 66 73
67.620000 66 73
67.690000 66 73
67.760000 66 73
67.830000 66 73
67.900000 66 73
67.970000 66 73
68.040000 66 73
68.110000 66 73
68.180000 0 0
68.250000 69 69
68.320000 69 69
68.390000 69 69
68.460000 69 69
68.530000 69 69
68.600000 69 69
68.670000 69 69
68.740000 66 64
68.810000 66 64
68.880000 66 64
68.950000 66 64
69.020000 66 64
69.090000 66 64
69.160000 66 64
69.230000 66 64
69.300000 66 64
69.370000 66 64
69.440000 66 64
69.510000 66 64
69.580000 66 64
69.650000 66 64
69.720000 66 64
69.790000 66 64
69.860000 66 64
69.930000 66 64
70.000000 66 64
70.070000 66 64
70.140000 66 64
70.210000 66 64
70.280000 66 64
70.350000 66 64
70.420000 66 64
70.490000 66 64
70.560000 66 64
70.630000 66 64
70.700000 66 64
70.770000 66 64
70.840000 66 64
70.910000 66 64
70.980000 66 64
71.050000 66 64
71.120000 66 64
71.190000 66 64
71.260000 66 64
71.330000 66 64
71.400000 0 0
71.470000 71 47
71.540000 69 57
71.610000 69 57
71.680000 69 57
71.750000 69 57
71.820000 69 57
71.890000 69 57
71.960000 69 57
72.030000 69 57
72.100000 69 57
72.170000 69 57
72.240000 69 57
72.310000 69 57
72.380000 69 57
72.450000 69 57
72.520000 66 57
72.590000 66 57
72.660000 66 57
72.730000 66 57
72.800000 66 57
72.870000 66 57
72.940000 66 57
73.010000 66 57
73.080000 66 57
73.150000 66 57
73.220000 66 57
73.290000 66 57
73.360000 66 57
73.430000 66 57
73.500000 66 57
73.570000 66 57
73.640000 66 57
73.710000 66 57
73.780000 66 57
73.850000 66 57
73.920000 66 57
73.990000 66 57
74.060000 66 57
74.130000 66 57
74.200000 66 57
74.270000 66 57
74.340000 66 57
74.410000 66 57
74.480000 66 57
74.550000 66 57
74.620000 66 57
74.690000 66 57
74.760000 66 57
74.830000 66 57
74.900000 66 57
74.970000 66 57
75.040000 66 57
75.110000 66 57
75.180000 66 57
75.250000 66 57
75.320000 66 57
75.390000 66 57
75.460000 66 57
75.530000 66 57
75.600000 66 57
75.670000 66 57
75.740000 66 57
75.810000 66 57
75.880000 66 57
75.950000 66 57
76.020000 66 57
76.090000 0 0
76.160000 64 52
76.230000 64 52
76.300000 64 52
76.370000 64 52
76.440000 0 0
76.510000 64 57
76.580000 64 57
76.650000 64 57
76.720000 64 57
76.790000 64 57
76.860000 64 57
76.930000 64 57
77.000000 64 57
77.070000 64 57
77.140000 64 57
77.210000 64 57
77.280000 64 57
77.350000 64 57
77.420000 64 57
77.490000 64 57
77.560000 64 57
77.630000 64 57
77.700000 64 57
77.770000 64 57
77.840000 64 57
77.910000 64 57
77.980000 64 57
78.050000 64 57
78.120000 64 57
78.190000 64 57
78.260000 64 57
78.330000 64 57
78.400000 64 57
78.470000 64 57
78.540000 64 57
78.610000 64 57
78.680000 64 57
78.750000 64 57
78.820000 64 57
78.890000 64 57
78.960000 64 57
79.030000 64 57
79.100000 64 57
79.170000 64 57
79.240000 64 57
79.310000 64 57
79.380000 66 52
79.450000 66 52
79.520000 66 52
79.590000 66 52
79.660000 66 52
79.730000 66 52
79.800000 66 52
79.870000 66 52
79.940000 66 52
80.010000 66 52
80.080000 66 52
80.150000 66 52
80.220000 66 52
80.290000 66 52
80.360000 64 52
80.430000 64 52
80.500000 64 52
80.570000 64 52
80.640000 64 52
80.710000 64 52
80.780000 64 52
80.850000 64 52
80.920000 64 52
80.990000 64 52
81.060000 64 52
81.130000 64 52
81.200000 64 52
81.270000 64 52
81.340000 64 52
81.410000 64 52
81.480000 64 52
81.550000 64 52
81.620000 64 52
81.690000 64 52
81.760000 64 52
81.830000 64 52
81.900000 64 52
81.970000 64 52
82.040000 64 52
82.110000 64 52
82.180000 64 52
82.250000 64 52
82.320000 64 52
82.390000 64 52
82.460000 64 52
82.530000 64 52
82.600000 64 52
82.670000 64 52
82.740000 64 52
82.810000 64 52
82.880000 64 52
82.950000 64 52
83.020000 64 52
83.090000 64 52
83.160000 64 52
83.230000 66 47
83.300000 66 47
83.370000 66 47
83.440000 66 47
83.510000 66 47
83.580000 66 47
83.650000 66 47
83.720000 66 47
83.790000 66 47
83.860000 66 47
83.930000 66 47
84.000000 66 47
84.070000 66 47
84.140000 66 47
84.210000 66 47
84.280000 0 0
84.350000 64 47
84.420000 64 47
84.490000 64 47
84.560000 64 47
84.630000 64 47
84.700000 64 47
84.770000 64 47
84.840000 64 47
84.910000 64 47
84.980000 64 47
85.050000 64 47
85.120000 64 47
85.190000 64 47
85.260000 64 47
85.330000 64 47
85.400000 64 47
85.470000 64 47
85.540000 64 47
85.610000 64 47
85.680000 64 47
85.750000 64 47
85.820000 64 47
85.890000 64 47
85.960000 64 47
86.030000 64 47
86.100000 64 47
86.170000 64 47
86.240000 64 47
86.310000 64 47
86.380000 64 47
86.450000 0 0
86.520000 0 0
86.590000 0 0
86.660000 0 0
86.730000 0 0
86.800000 0 0
86.870000 0 0
86.940000 0 0
87.010000 0 0
87.080000 0 0
87.150000 0 0
87.220000 0 0
87.290000 0 0
87.360000 0 0
87.430000 0 0
87.500000 0 0
87.570000 0 0
87.640000 0 0
87.710000 0 0
87.780000 0 0
87.850000 0 0
87.920000 0 0
87.990000 0 0
88.060000 0 0
88.130000 0 0
88.200000 0 0
88.270000 0 0
88.340000 0 0
88.410000 0 0
88.480000 0 0
88.550000 0 0
88.620000 0 0
88.690000 0 0
88.760000 0 0
88.830000 0 0
88.900000 0 0
88.970000 54 28
89.040000 54 28
89.110000 54 28
89.180000 54 28
89.250000 54 28
89.320000 54 28
89.390000 54 28
89.460000 54 28
89.530000 54 28
89.600000 54 28
89.670000 54 28
89.740000 54 28
89.810000 54 28
89.880000 54 28
89.950000 54 28
90.020000 54 28
90.090000 54 28
90.160000 54 28
90.230000 54 28
90.300000 54 28
90.370000 54 28
90.440000 54 28
90.510000 54 28
90.580000 54 28
90.650000 54 28
90.720000 54 28
90.790000 54 28
90.860000 54 28
90.930000 54 28
91.000000 54 28
91.070000 0 0
91.140000 51 28
91.210000 51 28
91.280000 51 28
91.350000 51 28
91.420000 51 28
91.490000 51 28
91.560000 51 28
91.630000 51 28
91.700000 51 28
91.770000 51 28
91.840000 51 28
91.910000 51 28
91.980000 51 28
92.050000 51 28
92.120000 51 28
92.190000 51 28
92.260000 51 28
92.330000 51 28
92.400000 51 28
92.470000 51 28
92.540000 51 28
92.610000 51 28
92.680000 51 28
92.750000 51 28
92.820000 51 28
92.890000 51 28
92.960000 51 28
93.030000 51 28
93.100000 51 28
93.170000 51 28
93.240000 51 28
93.310000 51 28
93.380000 51 28
93.450000 52 28
93.520000 52 28
93.590000 52 28
93.660000 52 28
93.730000 52 28
93.800000 52 28
93.870000 52 28
93.940000 52 28
94.010000 52 28
94.080000 52 28
94.150000 52 28
94.220000 52 28
94.290000 52 28
94.360000 52 28
94.430000 52 28
94.500000 52 28
94.570000 52 28
94.640000 52 28
94.710000 52 28
94.780000 52 28
94.850000 52 28
94.920000 52 28
94.990000 52 28
95.060000 52 28
95.130000 52 28
95.200000 52 28
95.270000 52 28
95.340000 52 28
95.410000 52 28
95.480000 52 28
95.550000 52 28
95.620000 52 28
95.690000 52 28
95.760000 52 28
95.830000 52 28
95.900000 52 28
95.970000 52 28
96.040000 52 28
96.110000 52 28
96.180000 52 28
96.250000 52 28
96.320000 52 28
96.390000 52 28
96.460000 52 28
96.530000 52 28
96.600000 52 28
96.670000 52 28
96.740000 52 28
96.810000 52 28
96.880000 52 28
96.950000 52 28
97.020000 52 28
97.090000 52 28
97.160000 52 28
97.230000 52 28
97.300000 52 28
97.370000 52 28
97.440000 52 28
97.510000 52 28
97.580000 52 28
97.650000 52 28
97.720000 52 28
97.790000 52 28
97.860000 52 28
97.930000 52 28
98.000000 52 28
98.070000 52 28
98.140000 52 28
98.210000 52 28
98.280000 52 28
98.350000 52 28
98.420000 52 28
98.490000 0 0
# Piano left
0.000000 0 0
0.070000 0 0
0.140000 0 0
0.210000 0 0
0.280000 0 0
0.350000 0 0
0.420000 0 0
0.490000 0 0
0.560000 0 0
0.630000 0 0
0.700000 0 0
0.770000 0 0
0.840000 0 0
0.910000 0 0
0.980000 0 0
1.050000 0 0
1.120000 0 0
1.190000 0 0
1.260000 0 0
1.330000 0 0
1.400000 0 0
1.470000 0 0
1.540000 0 0
1.610000 0 0
1.680000 0 0
1.750000 0 0
1.820000 0 0
1.890000 0 0
1.960000 0 0
2.030000 0 0
2.100000 55 21
2.170000 55 21
2.240000 55 21
2.310000 55 21
2.380000 55 21
2.450000 55 21
2.520000 0 0
2.590000 55 18
2.660000 55 18
2.730000 55 18
2.800000 55 18
2.870000 55 18
2.940000 0 0
3.010000 0 0
3.080000 55 18
3.150000 55 18
3.220000 55 18
3.290000 55 18
3.360000 55 18
3.430000 0 0
3.500000 55 18
3.570000 55 18
3.640000 55 18
3.710000 55 18
3.780000 55 18
3.850000 0 0
3.920000 0 0
3.990000 55 18
4.060000 55 18
4.130000 55 18
4.200000 55 18
4.270000 55 18
4.340000 55 18
4.410000 55 18
4.480000 55 18
4.550000 55 18
4.620000 55 18
4.690000 55 18
4.760000 55 18
4.830000 0 0
4.900000 55 16
4.970000 55 16
5.040000 55 16
5.110000 55 16
5.180000 55 16
5.250000 55 16
5.320000 0 0
5.390000 0 0
5.460000 55 16
5.530000 55 16
5.600000 55 16
5.670000 55 16
5.740000 55 16
5.810000 55 16
5.880000 0 0
5.950000 54 21
6.020000 54 21
6.090000 54 21
6.160000 54 21
6.230000 54 21
6.300000 54 21
6.370000 0 0
6.440000 54 18
6.510000 54 18
6.580000 54 18
6.650000 54 18
6.720000 54 18
6.790000 54 18
6.860000 0 0
6.930000 54 18
7.000000 54 18
7.070000 54 18
7.140000 54 18
7.210000 54 18
7.280000 0 0
7.350000 57 22
7.420000 57 22
7.490000 57 22
7.560000 57 22
7.630000 57 22
7.700000 0 0
7.770000 0 0
7.840000 57 22
7.910000 57 22
7.980000 57 22
8.050000 57 22
8.120000 57 22
8.190000 0 0
8.260000 63 27
8.330000 63 27
8.400000 63 27
8.470000 63 27
8.540000 63 27
8.610000 63 27
8.680000 0 0
8.750000 54 16
8.820000 54 16
8.890000 54 16
8.960000 54 16
9.030000 54 16
9.100000 54 16
9.170000 0 0
9.240000 54 16
9.310000 54 16
9.380000 54 16
9.450000 54 16
9.520000 54 16
9.590000 54 16
9.660000 0 0
9.730000 53 21
9.800000 53 21
9.870000 53 21
9.940000 53 21
10.010000 53 21
10.080000 53 21
10.150000 0 0
10.220000 53 18
10.290000 53 18
10.360000 53 18
10.430000 53 18
10.500000 53 18
10.570000 0 0
10.640000 0 0
10.710000 63 27
10.780000 63 27
10.850000 63 27
10.920000 63 27
10.990000 63 27
11.060000 0 0
11.130000 53 18
11.200000 53 18
11.270000 53 18
11.340000 53 18
11.410000 53 18
11.480000 0 0
11.550000 57 22
11.620000 57 22
11.690000 57 22
11.760000 57 22
11.830000 57 22
11.900000 57 22
11.970000 0 0
12.040000 53 18
12.110000 53 18
12.180000 53 18
12.250000 53 18
12.320000 53 18
12.390000 53 18
12.460000 0 0
12.530000 53 16
12.600000 53 16
12.670000 53 16
12.740000 53 16
12.810000 53 16
12.880000 53 16
12.950000 0 0
13.020000 53 16
13.090000 53 16
13.160000 53 16
13.230000 53 16
13.300000 53 16
13.370000 53 16
13.440000 0 0
13.510000 52 21
13.580000 52 21
13.650000 52 21
13.720000 52 21
13.790000 52 21
13.860000 52 21
13.930000 0 0
14.000000 56 22
14.070000 56 22
14.140000 56 22
14.210000 56 22
14.280000 56 22
14.350000 0 0
14.420000 0 0
14.490000 56 22
14.560000 56 22
14.630000 56 22
14.700000 56 22
14.770000 56 22
14.840000 0 0
14.910000 62 27
14.980000 62 27
15.050000 62 27
15.120000 62 27
15.190000 62 27
15.260000 0 0
15.330000 62 27
15.400000 62 27
15.470000 62 27
15.540000 62 27
15.610000 62 27
15.680000 0 0
15.750000 52 18
15.820000 52 18
15.890000 52 18
15.960000 52 18
16.030000 52 18
16.100000 52 18
16.170000 0 0
16.240000 61 24
16.310000 61 24
16.380000 61 24
16.450000 61 24
16.520000 61 24
16.590000 61 24
16.660000 0 0
16.730000 52 16
16.800000 52 16
16.870000 52 16
16.940000 52 16
17.010000 52 16
17.080000 52 16
17.150000 0 0
17.220000 52 21
17.290000 52 21
17.360000 52 21
17.430000 52 21
17.500000 52 21
17.570000 52 21
17.640000 0 0
17.710000 0 0
17.780000 55 22
17.850000 55 22
17.920000 55 22
17.990000 55 22
18.060000 55 22
18.130000 0 0
18.200000 55 23
18.270000 55 23
18.340000 55 23
18.410000 55 23
18.480000 55 23
18.550000 0 0
18.620000 55 23
18.690000 55 23
18.760000 55 23
18.830000 55 23
18.900000 55 23
18.970000 0 0
19.040000 0 0
19.110000 60 31
19.180000 60 31
19.250000 60 31
19.320000 60 31
19.390000 60 31
19.460000 0 0
19.530000 60 34
19.600000 60 34
19.670000 60 34
19.740000 60 34
19.810000 60 34
19.880000 60 34
19.950000 0 0
20.020000 54 23
20.090000 54 23
20.160000 54 23
20.230000 54 23
20.300000 54 23
20.370000 54 23
20.440000 0 0
20.510000 52 19
20.580000 52 19
20.650000 52 19
20.720000 52 19
20.790000 52 19
20.860000 52 19
20.930000 0 0
21.000000 54 34
21.070000 54 34
21.140000 54 34
21.210000 54 34
21.280000 54 34
21.350000 54 34
21.420000 0 0
21.490000 54 27
21.560000 54 27
21.630000 54 27
21.700000 54 27
21.770000 54 27
21.840000 0 0
21.910000 54 27
21.980000 54 27
22.050000 54 27
22.120000 54 27
22.190000 54 27
22.260000 0 0
22.330000 52 22
22.400000 52 22
22.470000 52 22
22.540000 52 22
22.610000 52 22
22.680000 0 0
22.750000 51 26
22.820000 51 26
22.890000 51 26
22.960000 51 26
23.030000 51 26
23.100000 0 0
23.170000 0 0
23.240000 51 25
23.310000 51 25
23.380000 51 25
23.450000 51 25
23.520000 51 25
23.590000 0 0
23.660000 51 20
23.730000 51 20
23.800000 51 20
23.870000 51 20
23.940000 51 20
24.010000 51 20
24.080000 0 0
24.150000 54 20
24.220000 54 20
24.290000 54 20
24.360000 54 20
24.430000 54 20
24.500000 54 20
24.570000 0 0
24.640000 54 29
24.710000 54 29
24.780000 54 29
24.850000 54 29
24.920000 54 29
24.990000 54 29
25.060000 0 0
25.130000 50 20
25.200000 50 20
25.270000 50 20
25.340000 50 20
25.410000 50 20
25.480000 0 0
25.550000 0 0
25.620000 54 26
25.690000 54 26
25.760000 54 26
25.830000 54 26
25.900000 54 26
25.970000 0 0
26.040000 60 32
26.110000 60 32
26.180000 60 32
26.250000 60 32
26.320000 60 32
26.390000 0 0
26.460000 60 32
26.530000 60 32
26.600000 60 32
26.670000 60 32
26.740000 60 32
26.810000 0 0
26.880000 0 0
26.950000 50 20
27.020000 50 20
27.090000 50 20
27.160000 50 20
27.230000 50 20
27.300000 50 20
27.370000 50 17
27.440000 50 17
27.510000 50 17
27.580000 50 17
27.650000 50 17
27.720000 50 17
27.790000 0 0
27.860000 0 0
27.930000 54 20
28.000000 54 20
28.070000 54 20
28.140000 54 20
28.210000 54 20
28.280000 54 20
28.350000 0 0
28.420000 0 0
28.490000 53 25
28.560000 53 25
28.630000 53 25
28.700000 53 25
28.770000 53 25
28.840000 53 25
28.910000 0 0
28.980000 60 27
29.050000 60 27
29.120000 60 27
29.190000 60 27
29.260000 60 27
29.330000 60 27
29.400000 0 0
29.470000 50 18
29.540000 50 18
29.610000 50 18
29.680000 50 18
29.750000 50 18
29.820000 0 0
29.890000 50 18
29.960000 50 18
30.030000 50 18
30.100000 50 18
30.170000 50 18
30.240000 0 0
30.310000 50 18
30.380000 50 18
30.450000 50 18
30.520000 50 18
30.590000 50 18
30.660000 0 0
30.730000 0 0
30.800000 50 18
30.870000 50 18
30.940000 50 18
31.010000 50 18
31.080000 50 18
31.150000 50 18
31.220000 0 0
31.290000 53 19
31.360000 53 19
31.430000 53 19
31.500000 53 19
31.570000 53 19
31.640000 53 19
31.710000 53 19
31.780000 53 19
31.850000 53 19
31.920000 53 19
31.990000 53 19
32.060000 53 19
32.130000 0 0
32.200000 0 0
32.270000 52 29
32.340000 52 29
32.410000 52 29
32.480000 52 29
32.550000 52 29
32.620000 52 29
32.690000 0 0
32.760000 48 23
32.830000 48 23
32.900000 48 23
32.970000 48 23
33.040000 48 23
33.110000 0 0
33.180000 48 26
33.250000 48 26
33.320000 48 26
33.390000 48 26
33.460000 48 26
33.530000 0 0
33.600000 0 0
33.670000 57 35
33.740000 57 35
33.810000 57 35
33.880000 57 35
33.950000 57 35
34.020000 0 0
34.090000 48 27
34.160000 48 27
34.230000 48 27
34.300000 48 27
34.370000 48 27
34.440000 0 0
34.510000 0 0
34.580000 48 26
34.650000 48 26
34.720000 48 26
34.790000 48 26
34.860000 48 26
34.930000 48 26
35.000000 52 26
35.070000 52 26
35.140000 52 26
35.210000 52 26
35.280000 52 26
35.350000 52 26
35.420000 0 0
35.490000 52 25
35.560000 52 25
35.630000 52 25
35.700000 52 25
35.770000 52 25
35.840000 52 25
35.910000 0 0
35.980000 52 29
36.050000 52 29
36.120000 52 29
36.190000 52 29
36.260000 52 29
36.330000 52 29
36.400000 0 0
36.470000 57 27
36.540000 57 27
36.610000 57 27
36.680000 57 27
36.750000 57 27
36.820000 57 27
36.890000 0 0
36.960000 57 27
37.030000 57 27
37.100000 57 27
37.170000 57 27
37.240000 57 27
37.310000 0 0
37.380000 0 0
37.450000 47 22
37.520000 47 22
37.590000 47 22
37.660000 47 22
37.730000 47 22
37.800000 0 0
37.870000 48 22
37.940000 48 22
38.010000 48 22
38.080000 48 22
38.150000 48 22
38.220000 48 22
38.290000 0 0
38.360000 48 22
38.430000 48 22
38.500000 48 22
38.570000 48 22
38.640000 48 22
38.710000 48 22
38.780000 0 0
38.850000 48 19
38.920000 48 19
38.990000 48 19
39.060000 48 19
39.130000 48 19
39.200000 48 19
39.270000 0 0
39.340000 48 19
39.410000 48 19
39.480000 48 19
39.550000 48 19
39.620000 48 19
39.690000 48 19
39.760000 0 0
39.830000 47 24
39.900000 47 24
39.970000 47 24
40.040000 47 24
40.110000 47 24
40.180000 47 24
40.250000 0 0
40.320000 47 22
40.390000 47 22
40.460000 47 22
40.530000 47 22
40.600000 47 22
40.670000 47 22
40.740000 0 0
40.810000 47 22
40.880000 47 22
40.950000 47 22
41.020000 47 22
41.090000 47 22
41.160000 0 0
41.230000 47 22
41.300000 47 22
41.370000 47 22
41.440000 47 22
41.510000 47 22
41.580000 0 0
41.650000 0 0
41.720000 48 22
41.790000 48 22
41.860000 48 22
41.930000 48 22
42.000000 48 22
42.070000 0 0
42.140000 48 22
42.210000 48 22
42.280000 48 22
42.350000 48 22
42.420000 48 22
42.490000 48 22
42.560000 0 0
42.630000 48 19
42.700000 48 19
42.770000 48 19
42.840000 48 19
42.910000 48 19
42.980000 48 19
43.050000 0 0
43.120000 48 19
43.190000 48 19
43.260000 48 19
43.330000 48 19
43.400000 48 19
43.470000 48 19
43.540000 0 0
43.610000 47 24
43.680000 47 24
43.750000 47 24
43.820000 47 24
43.890000 47 24
43.960000 47 24
44.030000 47 24
44.100000 47 24
44.170000 47 24
44.240000 47 24
44.310000 47 24
44.380000 47 24
44.450000 47 24
44.520000 47 24
44.590000 0 0
44.660000 0 0
44.730000 0 0
44.800000 0 0
44.870000 0 0
44.940000 0 0
45.010000 0 0
45.080000 0 0
45.150000 0 0
45.220000 0 0
45.290000 0 0
45.360000 0 0
45.430000 0 0
45.500000 0 0
45.570000 0 0
45.640000 0 0
45.710000 0 0
45.780000 0 0
45.850000 0 0
45.920000 0 0
45.990000 0 0
46.060000 0 0
46.130000 0 0
46.200000 0 0
46.270000 0 0
46.340000 0 0
46.410000 0 0
46.480000 0 0
46.550000 0 0
46.620000 0 0
46.690000 0 0
46.760000 0 0
46.830000 0 0
46.900000 0 0
46.970000 0 0
47.040000 0 0
47.110000 0 0
47.180000 0 0
47.250000 0 0
47.320000 0 0
47.390000 55 21
47.460000 55 21
47.530000 55 21
47.600000 55 21
47.670000 55 21
47.740000 55 21
47.810000 0 0
47.880000 0 0
47.950000 55 18
48.020000 55 18
48.090000 55 18
48.160000 55 18
48.230000 55 18
48.300000 0 0
48.370000 55 18
48.440000 55 18
48.510000 55 18
48.580000 55 18
48.650000 55 18
48.720000 0 0
48.790000 55 19
48.860000 55 19
48.930000 55 19
49.000000 55 19
49.070000 55 19
49.140000 0 0
49.210000 0 0
49.280000 55 19
49.350000 55 19
49.420000 55 19
49.490000 55 19
49.560000 55 19
49.630000 55 19
49.700000 0 0
49.770000 55 20
49.840000 55 20
49.910000 55 20
49.980000 55 20
50.050000 55 20
50.120000 55 20
50.190000 0 0
50.260000 55 20
50.330000 55 20
50.400000 55 20
50.470000 55 20
50.540000 55 20
50.610000 55 20
50.680000 0 0
50.750000 55 20
50.820000 55 20
50.890000 55 20
50.960000 55 20
51.030000 55 20
51.100000 55 20
51.170000 0 0
51.240000 0 0
51.310000 54 23
51.380000 54 23
51.450000 54 23
51.520000 54 23
51.590000 54 23
51.660000 54 23
51.730000 0 0
51.800000 54 20
51.870000 54 20
51.940000 54 20
52.010000 54 20
52.080000 54 20
52.150000 54 20
52.220000 54 21
52.290000 54 21
52.360000 54 21
52.430000 54 21
52.500000 54 21
52.570000 0 0
52.640000 0 0
52.710000 57 27
52.780000 57 27
52.850000 57 27
52.920000 57 27
52.990000 57 27
53.060000 0 0
53.130000 57 28
53.200000 57 28
53.270000 57 28
53.340000 57 28
53.410000 57 28
53.480000 57 28
53.550000 0 0
53.620000 63 38
53.690000 63 38
53.760000 63 38
53.830000 63 38
53.900000 63 38
53.970000 63 38
54.040000 0 0
54.110000 53 24
54.180000 53 24
54.250000 53 24
54.320000 53 24
54.390000 53 24
54.460000 53 24
54.530000 0 0
54.600000 53 25
54.670000 53 25
54.740000 53 25
54.810000 53 25
54.880000 53 25
54.950000 53 25
55.020000 0 0
55.090000 53 30
55.160000 53 30
55.230000 53 30
55.300000 53 30
55.370000 53 30
55.440000 53 30
55.510000 0 0
55.580000 53 26
55.650000 53 26
55.720000 53 26
55.790000 53 26
55.860000 53 26
55.930000 0 0
56.000000 62 41
56.070000 62 41
56.140000 62 41
56.210000 62 41
56.280000 62 41
56.350000 0 0
56.420000 53 27
56.490000 53 27
56.560000 53 27
56.630000 53 27
56.700000 53 27
56.770000 0 0
56.840000 56 36
56.910000 56 36
56.980000 56 36
57.050000 56 36
57.120000 56 36
57.190000 0 0
57.260000 52 29
57.330000 52 29
57.400000 52 29
57.470000 52 29
57.540000 52 29
57.610000 0 0
57.680000 0 0
57.750000 52 27
57.820000 52 27
57.890000 52 27
57.960000 52 27
58.030000 52 27
58.100000 0 0
58.170000 52 27
58.240000 52 27
58.310000 52 27
58.380000 52 27
58.450000 52 27
58.520000 52 27
58.590000 0 0
58.660000 52 42
58.730000 52 42
58.800000 52 42
58.870000 52 42
58.940000 52 42
59.010000 0 0
59.080000 52 36
59.150000 52 36
59.220000 52 36
59.290000 52 36
59.360000 52 36
59.430000 0 0
59.500000 52 38
59.570000 52 38
59.640000 52 38
59.710000 52 38
59.780000 52 38
59.850000 0 0
59.920000 52 46
59.990000 52 46
60.060000 52 46
60.130000 52 46
60.200000 52 46
60.270000 0 0
60.340000 49 46
60.410000 49 46
60.480000 49 46
60.550000 49 46
60.620000 49 46
60.690000 0 0
60.760000 49 43
60.830000 49 43
60.900000 49 43
60.970000 49 43
61.040000 49 43
61.110000 0 0
61.180000 48 43
61.250000 48 43
61.320000 48 43
61.390000 48 43
61.460000 48 43
61.530000 0 0
61.600000 48 45
61.670000 48 45
61.740000 48 45
61.810000 48 45
61.880000 48 45
61.950000 0 0
62.020000 35 57
62.090000 35 57
62.160000 35 57
62.230000 35 57
62.300000 35 57
62.370000 60 45
62.440000 60 45
62.510000 60 45
62.580000 60 45
62.650000 0 0
62.720000 0 0
62.790000 66 54
62.860000 66 54
62.930000 66 54
63.000000 66 54
63.070000 0 0
63.140000 66 54
63.210000 66 54
63.280000 66 54
63.350000 66 54
63.420000 66 54
63.490000 0 0
63.560000 59 47
63.630000 59 47
63.700000 59 47
63.770000 59 47
63.840000 0 0
63.910000 64 49
63.980000 64 49
64.050000 64 49
64.120000 64 49
64.190000 64 49
64.260000 0 0
64.330000 55 41
64.400000 55 41
64.470000 55 41
64.540000 55 41
64.610000 55 41
64.680000 55 41
64.750000 55 41
64.820000 55 41
64.890000 55 41
64.960000 55 41
65.030000 0 0
65.100000 64 53
65.170000 64 53
65.240000 64 53
65.310000 64 53
65.380000 64 53
65.450000 0 0
65.520000 57 38
65.590000 57 38
65.660000 57 38
65.730000 57 38
65.800000 57 38
65.870000 0 0
65.940000 0 0
66.010000 45 44
66.080000 45 44
66.150000 45 44
66.220000 45 44
66.290000 45 44
66.360000 0 0
66.430000 60 44
66.500000 60 44
66.570000 60 44
66.640000 60 44
66.710000 60 44
66.780000 0 0
66.850000 47 38
66.920000 47 38
66.990000 47 38
67.060000 47 38
67.130000 47 38
67.200000 0 0
67.270000 0 0
67.340000 47 33
67.410000 47 33
67.480000 47 33
67.550000 47 33
67.620000 47 33
67.690000 0 0
67.760000 48 33
67.830000 48 33
67.900000 48 33
67.970000 48 33
68.040000 48 33
68.110000 48 33
68.180000 0 0
68.250000 48 29
68.320000 48 29
68.390000 48 29
68.460000 48 29
68.530000 48 29
68.600000 48 29
68.670000 0 0
68.740000 47 24
68.810000 47 24
68.880000 47 24
68.950000 47 24
69.020000 47 24
69.090000 47 24
69.160000 0 0
69.230000 47 22
69.300000 47 22
69.370000 47 22
69.440000 47 22
69.510000 47 22
69.580000 0 0
69.650000 0 0
69.720000 52 27
69.790000 52 27
69.860000 52 27
69.930000 52 27
70.000000 52 27
70.070000 0 0
70.140000 47 22
70.210000 47 22
70.280000 47 22
70.350000 47 22
70.420000 47 22
70.490000 0 0
70.560000 0 0
70.630000 48 22
70.700000 48 22
70.770000 48 22
70.840000 48 22
70.910000 48 22
70.980000 48 22
71.050000 48 22
71.120000 48 22
71.190000 48 22
71.260000 48 22
71.330000 48 22
71.400000 48 22
71.470000 0 0
71.540000 48 19
71.610000 48 19
71.680000 48 19
71.750000 48 19
71.820000 48 19
71.890000 48 19
71.960000 0 0
72.030000 48 19
72.100000 48 19
72.170000 48 19
72.240000 48 19
72.310000 48 19
72.380000 48 19
72.450000 0 0
72.520000 47 24
72.590000 47 24
72.660000 47 24
72.730000 47 24
72.800000 47 24
72.870000 47 24
72.940000 0 0
73.010000 0 0
73.080000 47 22
73.150000 47 22
73.220000 47 22
73.290000 47 22
73.360000 47 22
73.430000 47 22
73.500000 0 0
73.570000 52 27
73.640000 52 27
73.710000 52 27
73.780000 52 27
73.850000 52 27
73.920000 52 27
73.990000 47 22
74.060000 47 22
74.130000 47 22
74.200000 47 22
74.270000 47 22
74.340000 0 0
74.410000 0 0
74.480000 47 22
74.550000 47 22
74.620000 47 22
74.690000 47 22
74.760000 47 22
74.830000 47 22
74.900000 0 0
74.970000 47 22
75.040000 47 22
75.110000 47 22
75.180000 47 22
75.250000 47 22
75.320000 47 22
75.390000 47 19
75.460000 47 19
75.530000 47 19
75.600000 47 19
75.670000 47 19
75.740000 47 19
75.810000 0 0
75.880000 0 0
75.950000 47 19
76.020000 47 19
76.090000 47 19
76.160000 47 19
76.230000 47 19
76.300000 47 19
76.370000 47 19
76.440000 0 0
76.510000 48 32
76.580000 48 32
76.650000 48 32
76.720000 48 32
76.790000 48 32
76.860000 48 32
76.930000 0 0
77.000000 48 29
77.070000 48 29
77.140000 48 29
77.210000 48 29
77.280000 48 29
77.350000 48 29
77.420000 0 0
77.490000 48 29
77.560000 48 29
77.630000 48 29
77.700000 48 29
77.770000 48 29
77.840000 0 0
77.910000 48 28
77.980000 48 28
78.050000 48 28
78.120000 48 28
78.190000 48 28
78.260000 0 0
78.330000 0 0
78.400000 48 28
78.470000 48 28
78.540000 48 28
78.610000 48 28
78.680000 48 28
78.750000 48 28
78.820000 0 0
78.890000 48 28
78.960000 48 28
79.030000 48 28
79.100000 48 28
79.170000 48 28
79.240000 48 28
79.310000 0 0
79.380000 48 19
79.450000 48 19
79.520000 48 19
79.590000 48 19
79.660000 48 19
79.730000 48 19
79.800000 0 0
79.870000 48 19
79.940000 48 19
80.010000 48 19
80.080000 48 19
80.150000 48 19
80.220000 48 19
80.290000 0 0
80.360000 47 24
80.430000 47 24
80.500000 47 24
80.570000 47 24
80.640000 47 24
80.710000 47 24
80.780000 0 0
80.850000 47 22
80.920000 47 22
80.990000 47 22
81.060000 47 22
81.130000 47 22
81.200000 47 22
81.270000 0 0
81.340000 52 27
81.410000 52 27
81.480000 52 27
81.550000 52 27
81.620000 52 27
81.690000 52 27
81.760000 0 0
81.830000 47 22
81.900000 47 22
81.970000 47 22
82.040000 47 22
82.110000 47 22
82.180000 47 22
82.250000 0 0
82.320000 47 22
82.390000 47 22
82.460000 47 22
82.530000 47 22
82.600000 47 22
82.670000 47 22
82.740000 47 22
82.810000 47 22
82.880000 47 22
82.950000 47 22
83.020000 47 22
83.090000 47 22
83.160000 0 0
83.230000 47 19
83.300000 47 19
83.370000 47 19
83.440000 47 19
83.510000 47 19
83.580000 47 19
83.650000 0 0
83.720000 0 0
83.790000 47 19
83.860000 47 19
83.930000 47 19
84.000000 47 19
84.070000 47 19
84.140000 47 19
84.210000 47 19
84.280000 0 0
84.350000 46 24
84.420000 46 24
84.490000 46 24
84.560000 46 24
84.630000 46 24
84.700000 46 24
84.770000 46 24
84.840000 46 24
84.910000 46 24
84.980000 46 24
85.050000 46 24
85.120000 46 24
85.190000 46 24
85.260000 46 24
85.330000 46 24
85.400000 46 24
85.470000 46 24
85.540000 46 24
85.610000 46 24
85.680000 46 24
85.750000 46 24
85.820000 46 24
85.890000 46 24
85.960000 46 24
86.030000 46 24
86.100000 46 24
86.170000 46 24
86.240000 46 24
86.310000 46 24
86.380000 46 24
86.450000 0 0
86.520000 0 0
86.590000 0 0
86.660000 0 0
86.730000 0 0
86.800000 0 0
86.870000 0 0
86.940000 0 0
87.010000 0 0
87.080000 0 0
87.150000 0 0
87.220000 0 0
87.290000 0 0
87.360000 0 0
87.430000 0 0
87.500000 0 0
87.570000 0 0
87.640000 0 0
87.710000 0 0
87.780000 0 0
87.850000 0 0
87.920000 0 0
87.990000 0 0
88.060000 0 0
88.130000 0 0
88.200000 0 0
88.270000 0 0
88.340000 0 0
88.410000 0 0
88.480000 0 0
88.550000 0 0
88.620000 0 0
88.690000 0 0
88.760000 0 0
88.830000 0 0
88.900000 0 0
88.970000 35 19
89.040000 35 19
89.110000 35 19
89.180000 35 19
89.250000 35 19
89.320000 35 19
89.390000 35 19
89.460000 35 19
89.530000 35 19
89.600000 35 19
89.670000 35 19
89.740000 35 19
89.810000 35 19
89.880000 35 19
89.950000 35 19
90.020000 35 19
90.090000 35 19
90.160000 35 19
90.230000 35 19
90.300000 35 19
90.370000 35 19
90.440000 35 19
90.510000 35 19
90.580000 35 19
90.650000 35 19
90.720000 35 19
90.790000 35 19
90.860000 35 19
90.930000 35 19
91.000000 35 19
91.070000 0 0
91.140000 35 19
91.210000 35 19
91.280000 35 19
91.350000 35 19
91.420000 35 19
91.490000 35 19
91.560000 35 19
91.630000 35 19
91.700000 35 19
91.770000 35 19
91.840000 35 19
91.910000 35 19
91.980000 35 19
92.050000 35 19
92.120000 35 19
92.190000 35 19
92.260000 35 19
92.330000 35 19
92.400000 35 19
92.470000 35 19
92.540000 35 19
92.610000 35 19
92.680000 35 19
92.750000 35 19
92.820000 35 19
92.890000 35 19
92.960000 35 19
93.030000 35 19
93.100000 35 19
93.170000 35 19
93.240000 35 19
93.310000 35 19
93.380000 35 19
93.450000 28 19
93.520000 28 19
93.590000 28 19
93.660000 28 19
93.730000 28 19
93.800000 28 19
93.870000 28 19
93.940000 28 19
94.010000 28 19
94.080000 28 19
94.150000 28 19
94.220000 28 19
94.290000 28 19
94.360000 28 19
94.430000 28 19
94.500000 28 19
94.570000 28 19
94.640000 28 19
94.710000 28 19
94.780000 28 19
94.850000 28 19
94.920000 28 19
94.990000 28 19
95.060000 28 19
95.130000 28 19
95.200000 28 19
95.270000 28 19
95.340000 28 19
95.410000 28 19
95.480000 28 19
95.550000 28 19
95.620000 28 19
95.690000 28 19
95.760000 28 19
95.830000 28 19
95.900000 28 19
95.970000 28 19
96.040000 28 19
96.110000 28 19
96.180000 28 19
96.250000 28 19
96.320000 28 19
96.390000 28 19
96.460000 28 19
96.530000 28 19
96.600000 28 19
96.670000 28 19
96.740000 28 19
96.810000 28 19
96.880000 28 19
96.950000 28 19
97.020000 28 19
97.090000 28 19
97.160000 28 19
97.230000 28 19
97.300000 28 19
97.370000 28 19
97.440000 28 19
97.510000 28 19
97.580000 28 19
97.650000 28 19
97.720000 28 19
97.790000 28 19
97.860000 28 19
97.930000 28 19
98.000000 28 19
98.070000 28 19
98.140000 28 19
98.210000 28 19
98.280000 28 19
98.350000 28 19
98.420000 28 19
98.490000 0 0
