"chpn-p17"

# Piano right
0.000000 60 34
0.070000 60 34
0.140000 60 34
0.210000 0 0
0.280000 0 0
0.350000 60 35
0.420000 60 35
0.490000 60 35
0.560000 0 0
0.630000 60 37
0.700000 60 37
0.770000 60 37
0.840000 0 0
0.910000 60 38
0.980000 60 38
1.050000 60 38
1.120000 60 39
1.190000 60 39
1.260000 60 39
1.330000 0 0
1.400000 60 41
1.470000 60 41
1.540000 60 41
1.610000 0 0
1.680000 60 43
1.750000 60 43
1.820000 60 43
1.890000 0 0
1.960000 60 45
2.030000 60 45
2.100000 60 45
2.170000 60 47
2.240000 60 47
2.310000 60 47
2.380000 0 0
2.450000 60 47
2.520000 60 47
2.590000 60 47
2.660000 0 0
2.730000 60 45
2.800000 60 45
2.870000 60 45
2.940000 0 0
3.010000 60 40
3.080000 60 40
3.150000 60 40
3.220000 0 0
3.290000 61 48
3.360000 61 48
3.430000 61 48
3.500000 61 48
3.570000 67 55
3.640000 67 55
3.710000 67 55
3.780000 0 0
3.850000 72 57
3.920000 72 57
3.990000 72 57
4.060000 0 0
4.130000 73 59
4.200000 73 59
4.270000 73 59
4.340000 0 0
4.410000 65 56
4.480000 65 56
4.550000 65 56
4.620000 0 0
4.690000 67 55
4.760000 67 55
4.830000 67 55
4.900000 0 0
4.970000 70 61
5.040000 70 61
5.110000 70 61
5.180000 70 61
5.250000 70 61
5.320000 70 61
5.390000 70 61
5.460000 70 61
5.530000 70 61
5.600000 70 61
5.670000 70 61
5.740000 68 52
5.810000 68 52
5.880000 68 52
5.950000 68 52
6.020000 68 52
6.090000 68 52
6.160000 68 52
6.230000 68 52
6.300000 68 52
6.370000 68 52
6.440000 68 52
6.510000 68 52
6.580000 68 52
6.650000 68 52
6.720000 68 52
6.790000 68 52
6.860000 0 0
6.930000 73 59
7.000000 73 59
7.070000 73 59
7.140000 79 63
7.210000 79 63
7.280000 79 63
7.350000 0 0
7.420000 82 68
7.490000 82 68
7.560000 82 68
7.630000 0 0
7.700000 80 61
7.770000 80 61
7.840000 80 61
7.910000 0 0
7.980000 77 61
8.050000 77 61
8.120000 77 61
8.190000 0 0
8.260000 75 71
8.330000 75 71
8.400000 75 71
8.470000 75 71
8.540000 75 71
8.610000 75 71
8.680000 75 71
8.750000 75 71
8.820000 75 71
8.890000 75 71
8.960000 75 71
9.030000 75 71
9.100000 77 69
9.170000 77 69
9.240000 77 69
9.310000 77 69
9.380000 77 69
9.450000 77 69
9.520000 77 69
9.590000 77 69
9.660000 77 69
9.730000 77 69
9.800000 77 69
9.870000 77 69
9.940000 77 69
10.010000 77 69
10.080000 77 69
10.150000 77 69
10.220000 70 59
10.290000 70 59
10.360000 70 59
10.430000 0 0
10.500000 75 63
10.570000 75 63
10.640000 75 63
10.710000 0 0
10.780000 79 64
10.850000 79 64
10.920000 79 64
10.990000 77 61
11.060000 77 61
11.130000 77 61
11.200000 0 0
11.270000 73 61
11.340000 73 61
11.410000 73 61
11.480000 0 0
11.550000 72 70
11.620000 72 70
11.690000 72 70
11.760000 72 70
11.830000 72 70
11.900000 72 70
11.970000 72 70
12.040000 72 70
12.110000 72 70
12.180000 72 70
12.250000 72 70
12.320000 72 70
12.390000 73 58
12.460000 73 58
12.530000 73 58
12.600000 73 58
12.670000 73 58
12.740000 73 58
12.810000 73 58
12.880000 73 58
12.950000 73 58
13.020000 73 58
13.090000 73 58
13.160000 73 58
13.230000 73 58
13.300000 73 58
13.370000 73 58
13.440000 73 58
13.510000 0 0
13.580000 68 50
13.650000 68 50
13.720000 68 50
13.790000 67 41
13.860000 67 41
13.930000 67 41
14.000000 0 0
14.070000 73 57
14.140000 73 57
14.210000 73 57
14.280000 0 0
14.350000 68 39
14.420000 68 39
14.490000 68 39
14.560000 0 0
14.630000 68 46
14.700000 68 46
14.770000 68 46
14.840000 0 0
14.910000 70 55
14.980000 70 55
15.050000 70 55
15.120000 70 55
15.190000 70 55
15.260000 70 55
15.330000 70 55
15.400000 70 55
15.470000 70 55
15.540000 70 55
15.610000 70 55
15.680000 70 55
15.750000 70 55
15.820000 70 55
15.890000 70 55
15.960000 70 55
16.030000 70 55
16.100000 70 55
16.170000 70 55
16.240000 70 55
16.310000 70 55
16.380000 70 55
16.450000 70 55
16.520000 70 55
16.590000 70 55
16.660000 70 55
16.730000 70 55
16.800000 70 55
16.870000 67 68
16.940000 67 68
17.010000 67 68
17.080000 0 0
17.150000 61 54
17.220000 61 54
17.290000 61 54
17.360000 0 0
17.430000 73 72
17.500000 73 72
17.570000 73 72
17.640000 0 0
17.710000 65 69
17.780000 65 69
17.850000 65 69
17.920000 67 68
17.990000 67 68
18.060000 67 68
18.130000 0 0
18.200000 0 0
18.270000 70 72
18.340000 70 72
18.410000 70 72
18.480000 70 72
18.550000 70 72
18.620000 70 72
18.690000 70 72
18.760000 70 72
18.830000 70 72
18.900000 70 72
18.970000 70 72
19.040000 68 73
19.110000 68 73
19.180000 68 73
19.250000 68 73
19.320000 68 73
19.390000 68 73
19.460000 68 73
19.530000 68 73
19.600000 68 73
19.670000 68 73
19.740000 68 73
19.810000 68 73
19.880000 68 73
19.950000 68 73
20.020000 68 73
20.090000 68 73
20.160000 73 72
20.230000 73 72
20.300000 73 72
20.370000 0 0
20.440000 68 50
20.510000 68 50
20.580000 68 50
20.650000 0 0
20.720000 73 62
20.790000 73 62
20.860000 73 62
20.930000 73 57
21.000000 73 57
21.070000 73 57
21.140000 0 0
21.210000 68 48
21.280000 68 48
21.350000 68 48
21.420000 0 0
21.490000 75 88
21.560000 75 88
21.630000 75 88
21.700000 75 88
21.770000 75 88
21.840000 75 88
21.910000 75 88
21.980000 75 88
22.050000 75 88
22.120000 75 88
22.190000 75 88
22.260000 0 0
22.330000 77 84
22.400000 77 84
22.470000 77 84
22.540000 77 84
22.610000 77 84
22.680000 77 84
22.750000 77 84
22.820000 77 84
22.890000 77 84
22.960000 77 84
23.030000 77 84
23.100000 77 84
23.170000 77 84
23.240000 77 84
23.310000 77 84
23.380000 77 84
23.450000 70 72
23.520000 70 72
23.590000 70 72
23.660000 0 0
23.730000 70 59
23.800000 70 59
23.870000 70 59
23.940000 0 0
24.010000 70 64
24.080000 70 64
24.150000 70 64
24.220000 0 0
24.290000 70 57
24.360000 70 57
24.430000 70 57
24.500000 63 51
24.570000 63 51
24.640000 63 51
24.710000 0 0
24.780000 0 0
24.850000 72 81
24.920000 72 81
24.990000 72 81
25.060000 72 81
25.130000 72 81
25.200000 72 81
25.270000 72 81
25.340000 72 81
25.410000 72 81
25.480000 72 81
25.550000 72 81
25.620000 72 81
25.690000 73 81
25.760000 73 81
25.830000 73 81
25.900000 73 81
25.970000 73 81
26.040000 73 81
26.110000 73 81
26.180000 73 81
26.250000 73 81
26.320000 73 81
26.390000 73 81
26.460000 73 81
26.530000 73 81
26.600000 73 81
26.670000 73 81
26.740000 73 81
26.810000 61 64
26.880000 61 64
26.950000 61 64
27.020000 0 0
27.090000 61 45
27.160000 61 45
27.230000 61 45
27.300000 0 0
27.370000 0 0
27.440000 72 57
27.510000 72 57
27.580000 72 57
27.650000 0 0
27.720000 70 57
27.790000 70 57
27.860000 70 57
27.930000 70 57
28.000000 61 28
28.070000 61 28
28.140000 68 51
28.210000 68 51
28.280000 68 56
28.350000 68 56
28.420000 68 56
28.490000 68 56
28.560000 68 56
28.630000 68 56
28.700000 68 56
28.770000 68 56
28.840000 68 56
28.910000 68 56
28.980000 68 56
29.050000 68 56
29.120000 68 56
29.190000 68 56
29.260000 68 56
29.330000 68 56
29.400000 68 56
29.470000 68 56
29.540000 68 56
29.610000 68 56
29.680000 68 56
29.750000 68 56
29.820000 68 56
29.890000 68 56
29.960000 60 37
30.030000 68 52
30.100000 68 52
30.170000 68 52
30.240000 68 52
30.310000 68 52
30.380000 68 52
30.450000 68 52
30.520000 68 52
30.590000 68 52
30.660000 68 52
30.730000 68 52
30.800000 68 52
30.870000 68 51
30.940000 68 51
31.010000 68 51
31.080000 0 0
31.150000 62 34
31.220000 62 34
31.290000 62 34
31.360000 0 0
31.430000 0 0
31.500000 56 22
31.570000 56 22
31.640000 56 22
31.710000 0 0
31.780000 73 62
31.850000 73 62
31.920000 73 62
31.990000 73 62
32.060000 73 62
32.130000 73 62
32.200000 73 62
32.270000 73 62
32.340000 73 62
32.410000 73 62
32.480000 73 62
32.550000 73 62
32.620000 73 62
32.690000 73 62
32.760000 73 62
32.830000 73 62
32.900000 73 62
32.970000 73 62
33.040000 73 62
33.110000 73 62
33.180000 73 62
33.250000 73 62
33.320000 73 62
33.390000 0 0
33.460000 73 79
33.530000 73 79
33.600000 73 79
33.670000 73 79
33.740000 73 79
33.810000 73 79
33.880000 73 79
33.950000 73 79
34.020000 73 79
34.090000 73 79
34.160000 73 79
34.230000 60 39
34.300000 60 39
34.370000 60 39
34.440000 0 0
34.510000 70 69
34.580000 70 69
34.650000 70 69
34.720000 0 0
34.790000 68 70
34.860000 68 70
34.930000 68 70
35.000000 0 0
35.070000 76 72
35.140000 76 72
35.210000 76 72
35.280000 76 72
35.350000 76 72
35.420000 76 72
35.490000 76 72
35.560000 76 72
35.630000 76 72
35.700000 76 72
35.770000 76 72
35.840000 76 72
35.910000 76 72
35.980000 76 72
36.050000 76 72
36.120000 76 72
36.190000 76 72
36.260000 76 72
36.330000 76 72
36.400000 76 72
36.470000 76 72
36.540000 76 72
36.610000 76 72
36.680000 0 0
36.750000 76 82
36.820000 76 82
36.890000 76 82
36.960000 76 82
37.030000 76 82
37.100000 76 82
37.170000 76 82
37.240000 76 82
37.310000 76 82
37.380000 76 82
37.450000 76 82
37.520000 0 0
37.590000 75 80
37.660000 75 80
37.730000 75 80
37.800000 0 0
37.870000 73 77
37.940000 73 77
38.010000 73 77
38.080000 0 0
38.150000 71 77
38.220000 71 77
38.290000 71 77
38.360000 0 0
38.430000 80 84
38.500000 80 84
38.570000 80 84
38.640000 80 84
38.710000 80 84
38.780000 80 84
38.850000 80 84
38.920000 0 0
38.990000 74 57
39.060000 74 57
39.130000 74 57
39.200000 0 0
39.270000 80 77
39.340000 80 77
39.410000 80 77
39.480000 75 46
39.550000 75 46
39.620000 75 46
39.690000 0 0
39.760000 67 47
39.830000 67 47
39.900000 67 47
39.970000 0 0
40.040000 0 0
40.110000 78 61
40.180000 78 61
40.250000 78 61
40.320000 78 61
40.390000 78 61
40.460000 78 61
40.530000 78 61
40.600000 0 0
40.670000 72 45
40.740000 72 45
40.810000 72 45
40.880000 78 59
40.950000 78 59
41.020000 78 59
41.090000 0 0
41.160000 73 36
41.230000 73 36
41.300000 73 36
41.370000 0 0
41.440000 65 36
41.510000 65 36
41.580000 65 36
41.650000 0 0
41.720000 76 58
41.790000 76 58
41.860000 76 58
41.930000 0 0
42.000000 0 0
42.070000 63 28
42.140000 63 28
42.210000 63 28
42.280000 0 0
42.350000 64 35
42.420000 64 35
42.490000 64 35
42.560000 0 0
42.630000 80 56
42.700000 80 56
42.770000 80 56
42.840000 80 56
42.910000 80 56
42.980000 80 56
43.050000 80 56
43.120000 80 56
43.190000 78 52
43.260000 78 52
43.330000 78 52
43.400000 0 0
43.470000 76 55
43.540000 76 55
43.610000 76 55
43.680000 76 55
43.750000 76 55
43.820000 76 55
43.890000 76 55
43.960000 76 55
44.030000 76 55
44.100000 76 55
44.170000 76 55
44.240000 76 55
44.310000 76 55
44.380000 76 55
44.450000 76 55
44.520000 76 55
44.590000 76 55
44.660000 76 55
44.730000 76 55
44.800000 76 55
44.870000 76 55
44.940000 76 55
45.010000 76 55
45.080000 76 55
45.150000 76 55
45.220000 76 55
45.290000 76 55
45.360000 0 0
45.430000 76 60
45.500000 76 60
45.570000 76 60
45.640000 0 0
45.710000 63 44
45.780000 63 44
45.850000 63 44
45.920000 0 0
45.990000 66 50
46.060000 66 50
46.130000 66 50
46.200000 64 45
46.270000 64 45
46.340000 64 45
46.410000 0 0
46.480000 64 45
46.550000 64 45
46.620000 64 45
46.690000 0 0
46.760000 76 62
46.830000 76 62
46.900000 76 62
46.970000 76 62
47.040000 76 62
47.110000 76 62
47.180000 76 62
47.250000 76 62
47.320000 76 62
47.390000 76 62
47.460000 76 62
47.530000 76 62
47.600000 76 62
47.670000 76 62
47.740000 76 62
47.810000 76 62
47.880000 76 62
47.950000 76 62
48.020000 76 62
48.090000 76 62
48.160000 76 62
48.230000 76 62
48.300000 76 62
48.370000 76 62
48.440000 76 62
48.510000 76 62
48.580000 76 62
48.650000 0 0
48.720000 64 46
48.790000 64 46
48.860000 64 46
48.930000 0 0
49.000000 72 44
49.070000 72 44
49.140000 72 44
49.210000 0 0
49.280000 72 50
49.350000 72 50
49.420000 72 50
49.490000 0 0
49.560000 72 45
49.630000 72 45
49.700000 72 45
49.770000 0 0
49.840000 72 59
49.910000 72 59
49.980000 72 59
50.050000 0 0
50.120000 76 62
50.190000 76 62
50.260000 76 62
50.330000 76 62
50.400000 76 62
50.470000 76 62
50.540000 76 62
50.610000 76 62
50.680000 76 62
50.750000 76 62
50.820000 76 62
50.890000 76 62
50.960000 76 62
51.030000 76 62
51.100000 76 62
51.170000 76 62
51.240000 76 62
51.310000 76 62
51.380000 76 62
51.450000 76 62
51.520000 76 62
51.590000 76 62
51.660000 76 62
51.730000 76 62
51.800000 76 62
51.870000 76 62
51.940000 76 62
52.010000 76 62
52.080000 76 62
52.150000 76 62
52.220000 76 62
52.290000 76 62
52.360000 76 62
52.430000 76 62
52.500000 76 62
52.570000 75 64
52.640000 75 64
52.710000 75 64
52.780000 75 64
52.850000 75 64
52.920000 75 64
52.990000 75 64
53.060000 0 0
53.130000 63 45
53.200000 63 45
53.270000 63 45
53.340000 0 0
53.410000 75 71
53.480000 75 71
53.550000 75 71
53.620000 75 71
53.690000 75 71
53.760000 75 71
53.830000 75 71
53.900000 75 71
53.970000 75 71
54.040000 75 71
54.110000 75 71
54.180000 75 71
54.250000 75 71
54.320000 75 71
54.390000 75 71
54.460000 75 71
54.530000 75 71
54.600000 75 71
54.670000 75 71
54.740000 75 71
54.810000 75 71
54.880000 75 71
54.950000 75 71
55.020000 0 0
55.090000 74 78
55.160000 74 78
55.230000 74 78
55.300000 74 78
55.370000 74 78
55.440000 74 78
55.510000 74 78
55.580000 74 78
55.650000 74 78
55.720000 74 78
55.790000 74 78
55.860000 74 78
55.930000 74 78
56.000000 74 78
56.070000 74 78
56.140000 74 78
56.210000 74 78
56.280000 74 78
56.350000 74 78
56.420000 74 78
56.490000 74 78
56.560000 74 78
56.630000 74 78
56.700000 0 0
56.770000 67 81
56.840000 67 81
56.910000 67 81
56.980000 67 81
57.050000 67 78
57.120000 67 78
57.190000 67 78
57.260000 0 0
57.330000 67 62
57.400000 67 62
57.470000 67 62
57.540000 0 0
57.610000 61 63
57.680000 61 63
57.750000 61 63
57.820000 61 60
57.890000 61 60
57.960000 61 60
58.030000 0 0
58.100000 61 59
58.170000 61 59
58.240000 61 59
58.310000 0 0
58.380000 70 86
58.450000 70 86
58.520000 70 86
58.590000 70 86
58.660000 70 86
58.730000 70 86
58.800000 70 86
58.870000 70 86
58.940000 70 86
59.010000 70 86
59.080000 70 86
59.150000 66 50
59.220000 68 84
59.290000 68 84
59.360000 68 84
59.430000 68 84
59.500000 68 84
59.570000 68 84
59.640000 68 84
59.710000 68 84
59.780000 68 84
59.850000 68 84
59.920000 68 84
59.990000 68 84
60.060000 68 84
60.130000 68 84
60.200000 68 84
60.270000 68 84
60.340000 68 63
60.410000 68 63
60.480000 68 63
60.550000 0 0
60.620000 73 67
60.690000 73 67
60.760000 73 67
60.830000 0 0
60.900000 68 59
60.970000 68 59
61.040000 68 59
61.110000 0 0
61.180000 80 86
61.250000 80 86
61.320000 80 86
61.390000 68 55
61.460000 68 55
61.530000 68 55
61.600000 0 0
61.670000 0 0
61.740000 75 101
61.810000 75 101
61.880000 75 101
61.950000 75 101
62.020000 75 101
62.090000 75 101
62.160000 75 101
62.230000 75 101
62.300000 75 101
62.370000 75 101
62.440000 75 101
62.510000 75 101
62.580000 77 96
62.650000 77 96
62.720000 77 96
62.790000 77 96
62.860000 77 96
62.930000 77 96
63.000000 77 96
63.070000 77 96
63.140000 77 96
63.210000 77 96
63.280000 77 96
63.350000 77 96
63.420000 77 96
63.490000 77 96
63.560000 77 96
63.630000 77 96
63.700000 70 82
63.770000 70 82
63.840000 70 82
63.910000 0 0
63.980000 70 67
64.050000 70 67
64.120000 70 67
64.190000 0 0
64.260000 70 69
64.330000 70 69
64.400000 70 69
64.470000 70 65
64.540000 70 65
64.610000 70 65
64.680000 0 0
64.750000 73 86
64.820000 73 86
64.890000 73 86
64.960000 0 0
65.030000 72 96
65.100000 72 96
65.170000 72 96
65.240000 72 96
65.310000 72 96
65.380000 72 96
65.450000 72 96
65.520000 72 96
65.590000 72 96
65.660000 72 96
65.730000 72 96
65.800000 72 96
65.870000 0 0
65.940000 73 95
66.010000 73 95
66.080000 73 95
66.150000 73 95
66.220000 73 95
66.290000 73 95
66.360000 73 95
66.430000 73 95
66.500000 73 95
66.570000 73 95
66.640000 73 95
66.710000 73 95
66.780000 73 95
66.850000 73 95
66.920000 73 95
66.990000 73 95
67.060000 0 0
67.130000 68 66
67.200000 68 66
67.270000 68 66
67.340000 0 0
67.410000 61 45
67.480000 61 45
67.550000 61 45
67.620000 0 0
67.690000 61 54
67.760000 61 54
67.830000 61 54
67.900000 0 0
67.970000 68 52
68.040000 68 52
68.110000 68 52
68.180000 0 0
68.250000 65 46
68.320000 65 46
68.390000 65 46
68.460000 65 46
68.530000 0 0
68.600000 70 70
68.670000 70 70
68.740000 70 70
68.810000 70 70
68.880000 70 70
68.950000 70 70
69.020000 70 70
69.090000 70 70
69.160000 70 70
69.230000 70 70
69.300000 70 70
69.370000 70 70
69.440000 70 70
69.510000 70 70
69.580000 70 70
69.650000 70 70
69.720000 70 70
69.790000 70 70
69.860000 70 70
69.930000 70 70
70.000000 70 70
70.070000 70 70
70.140000 70 70
70.210000 70 70
70.280000 0 0
70.350000 71 52
70.420000 71 52
70.490000 71 52
70.560000 71 52
70.630000 71 52
70.700000 71 52
70.770000 71 52
70.840000 71 52
70.910000 66 34
70.980000 66 34
71.050000 66 34
71.120000 0 0
71.190000 66 34
71.260000 66 34
71.330000 66 34
71.400000 0 0
71.470000 70 49
71.540000 70 49
71.610000 70 49
71.680000 0 0
71.750000 66 28
71.820000 66 28
71.890000 66 28
71.960000 0 0
72.030000 73 52
72.100000 73 52
72.170000 73 52
72.240000 73 52
72.310000 73 52
72.380000 73 52
72.450000 73 52
72.520000 73 52
72.590000 73 52
72.660000 73 52
72.730000 73 52
72.800000 73 52
72.870000 71 51
72.940000 71 51
73.010000 71 51
73.080000 71 51
73.150000 71 51
73.220000 71 51
73.290000 71 51
73.360000 71 51
73.430000 68 38
73.500000 68 38
73.570000 68 38
73.640000 0 0
73.710000 71 56
73.780000 71 56
73.850000 71 56
73.920000 0 0
73.990000 71 47
74.060000 71 47
74.130000 71 47
74.200000 0 0
74.270000 73 60
74.340000 73 60
74.410000 73 60
74.480000 0 0
74.550000 66 36
74.620000 66 36
74.690000 66 36
74.760000 0 0
74.830000 66 47
74.900000 66 47
74.970000 66 47
75.040000 0 0
75.110000 71 47
75.180000 71 47
75.250000 71 47
75.320000 0 0
75.390000 80 72
75.460000 80 72
75.530000 80 72
75.600000 80 72
75.670000 80 72
75.740000 80 72
75.810000 80 72
75.880000 80 72
75.950000 80 72
76.020000 80 72
76.090000 80 72
76.160000 80 72
76.230000 80 72
76.300000 80 72
76.370000 80 72
76.440000 80 72
76.510000 80 72
76.580000 80 72
76.650000 80 72
76.720000 80 72
76.790000 80 72
76.860000 80 72
76.930000 80 72
77.000000 80 72
77.070000 80 72
77.140000 80 72
77.210000 80 72
77.280000 0 0
77.350000 61 31
77.420000 61 31
77.490000 61 31
77.560000 0 0
77.630000 61 31
77.700000 61 31
77.770000 61 31
77.840000 73 61
77.910000 73 61
77.980000 73 61
78.050000 0 0
78.120000 68 38
78.190000 68 38
78.260000 68 38
78.330000 0 0
78.400000 61 27
78.470000 61 27
78.540000 61 27
78.610000 0 0
78.680000 75 62
78.750000 75 62
78.820000 75 62
78.890000 75 62
78.960000 75 62
79.030000 75 62
79.100000 75 62
79.170000 75 62
79.240000 75 62
79.310000 75 62
79.380000 75 62
79.450000 0 0
79.520000 73 60
79.590000 73 60
79.660000 73 60
79.730000 73 60
79.800000 73 60
79.870000 73 60
79.940000 73 60
80.010000 73 60
80.080000 73 60
80.150000 73 60
80.220000 73 60
80.290000 0 0
80.360000 73 56
80.430000 73 56
80.500000 73 56
80.570000 0 0
80.640000 65 36
80.710000 65 36
80.780000 65 36
80.850000 0 0
80.920000 75 60
80.990000 75 60
81.060000 75 60
81.130000 0 0
81.200000 77 63
81.270000 77 63
81.340000 77 63
81.410000 73 47
81.480000 73 47
81.550000 73 47
81.620000 0 0
81.690000 73 47
81.760000 73 47
81.830000 73 47
81.900000 0 0
81.970000 0 0
82.040000 82 72
82.110000 82 72
82.180000 82 72
82.250000 82 72
82.320000 82 72
82.390000 82 72
82.460000 82 72
82.530000 82 72
82.600000 82 72
82.670000 82 72
82.740000 82 72
82.810000 82 72
82.880000 82 72
82.950000 82 72
83.020000 82 72
83.090000 82 72
83.160000 82 72
83.230000 82 72
83.300000 82 72
83.370000 82 72
83.440000 82 72
83.510000 82 72
83.580000 82 72
83.650000 83 78
83.720000 83 78
83.790000 83 78
83.860000 83 78
83.930000 83 78
84.000000 83 78
84.070000 83 78
84.140000 83 78
84.210000 83 78
84.280000 83 78
84.350000 83 78
84.420000 0 0
84.490000 80 74
84.560000 80 74
84.630000 80 74
84.700000 80 74
84.770000 80 74
84.840000 80 74
84.910000 80 74
84.980000 80 74
85.050000 80 74
85.120000 80 74
85.190000 80 74
85.260000 80 74
85.330000 82 74
85.400000 82 74
85.470000 82 74
85.540000 82 74
85.610000 82 74
85.680000 82 74
85.750000 82 74
85.820000 82 74
85.890000 82 74
85.960000 82 74
86.030000 82 74
86.100000 0 0
86.170000 79 70
86.240000 79 70
86.310000 79 70
86.380000 79 70
86.450000 79 70
86.520000 79 70
86.590000 79 70
86.660000 79 70
86.730000 79 70
86.800000 79 70
86.870000 79 70
86.940000 79 70
87.010000 81 66
87.080000 81 66
87.150000 81 66
87.220000 81 66
87.290000 81 66
87.360000 81 66
87.430000 81 66
87.500000 81 66
87.570000 81 66
87.640000 81 66
87.710000 81 66
87.780000 0 0
87.850000 78 63
87.920000 78 63
87.990000 78 63
88.060000 78 63
88.130000 78 63
88.200000 78 63
88.270000 78 63
88.340000 78 63
88.410000 78 63
88.480000 78 63
88.550000 78 63
88.620000 78 63
88.690000 78 63
88.760000 78 63
88.830000 78 63
88.900000 78 63
88.970000 78 63
89.040000 78 63
89.110000 78 63
89.180000 78 63
89.250000 78 63
89.320000 78 63
89.390000 78 63
89.460000 78 63
89.530000 78 63
89.600000 78 63
89.670000 78 63
89.740000 78 63
89.810000 78 63
89.880000 78 63
89.950000 78 63
90.020000 78 63
90.090000 78 63
90.160000 78 63
90.230000 78 63
90.300000 0 0
90.370000 79 77
90.440000 79 77
90.510000 79 77
90.580000 79 77
90.650000 79 77
90.720000 79 77
90.790000 79 77
90.860000 79 77
90.930000 79 77
91.000000 79 77
91.070000 79 77
91.140000 79 77
91.210000 79 77
91.280000 79 77
91.350000 79 77
91.420000 0 0
91.490000 73 56
91.560000 73 56
91.630000 73 56
91.700000 0 0
91.770000 73 49
91.840000 73 49
91.910000 73 49
91.980000 0 0
92.050000 79 69
92.120000 79 69
92.190000 0 0
92.260000 0 0
92.330000 68 53
92.400000 68 53
92.470000 68 53
92.540000 0 0
92.610000 68 35
92.680000 68 35
92.750000 68 35
92.820000 0 0
92.890000 74 55
92.960000 74 55
93.030000 74 55
93.100000 0 0
93.170000 68 51
93.240000 68 51
93.310000 68 51
93.380000 0 0
93.450000 74 63
93.520000 74 63
93.590000 74 63
93.660000 0 0
93.730000 75 62
93.800000 75 62
93.870000 75 62
93.940000 75 62
94.010000 75 62
94.080000 75 62
94.150000 75 62
94.220000 75 62
94.290000 75 62
94.360000 75 62
94.430000 75 62
94.500000 75 62
94.570000 75 62
94.640000 75 62
94.710000 75 62
94.780000 75 62
94.850000 75 62
94.920000 75 62
94.990000 75 62
95.060000 75 62
95.130000 75 62
95.200000 75 62
95.270000 75 62
95.340000 75 62
95.410000 75 62
95.480000 75 62
95.550000 75 62
95.620000 75 60
95.690000 75 60
95.760000 75 60
95.830000 0 0
95.900000 62 44
95.970000 62 44
96.040000 62 44
96.110000 0 0
96.180000 65 48
96.250000 65 48
96.320000 65 48
96.390000 0 0
96.460000 63 45
96.530000 63 45
96.600000 63 45
96.670000 0 0
96.740000 63 45
96.810000 63 45
96.880000 63 45
96.950000 0 0
97.020000 75 62
97.090000 75 62
97.160000 75 62
97.230000 75 62
97.300000 75 62
97.370000 75 62
97.440000 75 62
97.510000 75 62
97.580000 75 62
97.650000 75 62
97.720000 75 62
97.790000 75 62
97.860000 75 62
97.930000 75 62
98.000000 75 62
98.070000 75 62
98.140000 75 62
98.210000 75 62
98.280000 75 62
98.350000 75 62
98.420000 75 62
98.490000 75 62
98.560000 75 62
98.630000 75 62
98.700000 75 62
98.770000 75 62
98.840000 75 62
98.910000 0 0
98.980000 63 39
99.050000 63 39
99.120000 63 39
99.190000 0 0
99.260000 74 48
99.330000 74 48
99.400000 74 48
99.470000 71 40
99.540000 71 40
99.610000 71 40
99.680000 0 0
99.750000 75 49
99.820000 75 49
99.890000 75 49
99.960000 0 0
100.030000 71 50
100.100000 71 50
100.170000 71 50
100.240000 0 0
100.310000 75 47
100.380000 75 47
100.450000 75 47
100.520000 75 47
100.590000 75 47
100.660000 75 47
100.730000 75 47
100.800000 75 47
100.870000 75 47
100.940000 75 47
101.010000 75 47
101.080000 75 47
101.150000 75 47
101.220000 75 47
101.290000 75 47
101.360000 75 47
101.430000 75 47
101.500000 75 47
101.570000 75 47
101.640000 75 47
101.710000 75 47
101.780000 75 47
101.850000 75 47
101.920000 75 47
101.990000 75 47
102.060000 75 47
102.130000 75 47
102.200000 75 47
102.270000 75 47
102.340000 75 47
102.410000 75 47
102.480000 75 47
102.550000 75 47
102.620000 75 47
102.690000 75 47
102.760000 75 47
102.830000 75 47
102.900000 75 47
102.970000 75 47
103.040000 75 47
103.110000 75 47
103.180000 75 47
103.250000 75 47
103.320000 75 47
103.390000 75 47
103.460000 75 47
103.530000 75 47
103.600000 63 35
103.670000 63 35
103.740000 63 35
103.810000 0 0
103.880000 63 35
103.950000 63 35
104.020000 63 35
104.090000 0 0
104.160000 63 34
104.230000 63 34
104.300000 63 34
104.370000 0 0
104.440000 63 33
104.510000 63 33
104.580000 63 33
104.650000 0 0
104.720000 63 32
104.790000 63 32
104.860000 63 32
104.930000 0 0
105.000000 63 30
105.070000 63 30
105.140000 63 30
105.210000 0 0
105.280000 63 29
105.350000 63 29
105.420000 63 29
105.490000 0 0
105.560000 63 28
105.630000 63 28
105.700000 63 28
105.770000 0 0
105.840000 63 28
105.910000 63 28
105.980000 63 28
106.050000 0 0
106.120000 63 26
106.190000 63 26
106.260000 63 26
106.330000 0 0
106.400000 63 24
106.470000 63 24
106.540000 63 24
106.610000 63 24
106.680000 63 23
106.750000 63 23
106.820000 63 23
106.890000 63 23
106.960000 63 23
107.030000 63 23
107.100000 63 23
107.170000 63 23
107.240000 63 23
107.310000 0 0
107.380000 70 39
107.450000 70 39
107.520000 70 39
107.590000 0 0
107.660000 72 39
107.730000 72 39
107.800000 72 39
107.870000 0 0
107.940000 63 30
108.010000 63 30
108.080000 63 30
108.150000 61 28
108.220000 61 28
108.290000 61 28
108.360000 0 0
108.430000 61 28
108.500000 61 28
108.570000 61 28
108.640000 0 0
108.710000 70 42
108.780000 70 42
108.850000 70 42
108.920000 70 42
108.990000 70 42
109.060000 70 42
109.130000 70 42
109.200000 70 42
109.270000 70 42
109.340000 70 42
109.410000 70 42
109.480000 0 0
109.550000 68 40
109.620000 68 40
109.690000 68 40
109.760000 68 40
109.830000 68 40
109.900000 68 40
109.970000 68 40
110.040000 68 40
110.110000 68 40
110.180000 68 40
110.250000 68 40
110.320000 68 40
110.390000 0 0
110.460000 0 0
110.530000 0 0
110.600000 0 0
110.670000 0 0
110.740000 68 30
110.810000 68 30
110.880000 68 30
110.950000 0 0
111.020000 73 33
111.090000 73 33
111.160000 73 33
111.230000 0 0
111.300000 68 34
111.370000 68 34
111.440000 68 34
111.510000 80 42
111.580000 80 42
111.650000 80 42
111.720000 0 0
111.790000 68 31
111.860000 68 31
111.930000 68 31
112.000000 0 0
112.070000 75 49
112.140000 75 49
112.210000 75 49
112.280000 75 49
112.350000 75 49
112.420000 75 49
112.490000 75 49
112.560000 75 49
112.630000 75 49
112.700000 75 49
112.770000 75 49
112.840000 75 49
112.910000 70 37
112.980000 77 48
113.050000 77 48
113.120000 77 48
113.190000 77 48
113.260000 77 48
113.330000 77 48
113.400000 77 48
113.470000 77 48
113.540000 77 48
113.610000 77 48
113.680000 77 48
113.750000 77 48
113.820000 0 0
113.890000 0 0
113.960000 0 0
114.030000 0 0
114.100000 0 0
114.170000 63 33
114.240000 63 33
114.310000 63 33
114.380000 0 0
114.450000 75 44
114.520000 75 44
114.590000 75 44
114.660000 0 0
114.730000 79 47
114.800000 79 47
114.870000 79 47
114.940000 77 42
115.010000 77 42
115.080000 77 42
115.150000 0 0
115.220000 73 42
115.290000 73 42
115.360000 73 42
115.430000 0 0
115.500000 72 49
115.570000 72 49
115.640000 72 49
115.710000 72 49
115.780000 72 49
115.850000 72 49
115.920000 72 49
115.990000 72 49
116.060000 72 49
116.130000 72 49
116.200000 72 49
116.270000 72 49
116.340000 63 28
116.410000 73 48
116.480000 73 48
116.550000 73 48
116.620000 73 48
116.690000 73 48
116.760000 73 48
116.830000 73 48
116.900000 73 48
116.970000 73 48
117.040000 73 48
117.110000 73 48
117.180000 73 48
117.250000 0 0
117.320000 0 0
117.390000 0 0
117.460000 0 0
117.530000 0 0
117.600000 0 0
117.670000 61 34
117.740000 61 34
117.810000 61 34
117.880000 0 0
117.950000 61 27
118.020000 61 27
118.090000 61 27
118.160000 73 47
118.230000 73 47
118.300000 73 47
118.370000 0 0
118.440000 68 31
118.510000 68 31
118.580000 68 31
118.650000 0 0
118.720000 60 23
118.790000 60 23
118.860000 60 23
118.930000 0 0
119.000000 70 45
119.070000 70 45
119.140000 70 45
119.210000 70 45
119.280000 70 45
119.350000 70 45
119.420000 70 45
119.490000 70 45
119.560000 70 45
119.630000 70 45
119.700000 70 45
119.770000 70 45
119.840000 70 45
119.910000 70 45
119.980000 70 45
120.050000 70 45
120.120000 70 45
120.190000 70 45
120.260000 70 45
120.330000 70 45
120.400000 70 45
120.470000 70 45
120.540000 70 45
120.610000 70 45
120.680000 0 0
120.750000 0 0
120.820000 0 0
120.890000 0 0
120.960000 0 0
121.030000 0 0
121.100000 70 39
121.170000 70 39
121.240000 70 39
121.310000 0 0
121.380000 61 30
121.450000 61 30
121.520000 61 30
121.590000 0 0
121.660000 73 42
121.730000 73 42
121.800000 73 42
121.870000 65 40
121.940000 65 40
122.010000 65 40
122.080000 0 0
122.150000 67 39
122.220000 67 39
122.290000 67 39
122.360000 0 0
122.430000 70 42
122.500000 70 42
122.570000 70 42
122.640000 70 42
122.710000 70 42
122.780000 70 42
122.850000 70 42
122.920000 70 42
122.990000 70 42
123.060000 70 42
123.130000 70 42
123.200000 0 0
123.270000 68 43
123.340000 68 43
123.410000 68 43
123.480000 68 43
123.550000 68 43
123.620000 68 43
123.690000 68 43
123.760000 68 43
123.830000 68 43
123.900000 68 43
123.970000 68 43
124.040000 68 43
124.110000 0 0
124.180000 0 0
124.250000 0 0
124.320000 0 0
124.390000 0 0
124.460000 73 42
124.530000 73 42
124.600000 73 42
124.670000 0 0
124.740000 68 28
124.810000 68 28
124.880000 68 28
124.950000 0 0
125.020000 73 34
125.090000 73 34
125.160000 73 34
125.230000 0 0
125.300000 68 27
125.370000 68 27
125.440000 68 27
125.510000 0 0
125.580000 68 27
125.650000 68 27
125.720000 68 27
125.790000 0 0
125.860000 75 51
125.930000 75 51
126.000000 75 51
126.070000 75 51
126.140000 75 51
126.210000 75 51
126.280000 75 51
126.350000 75 51
126.420000 75 51
126.490000 75 51
126.560000 75 51
126.630000 75 51
126.700000 77 49
126.770000 77 49
126.840000 77 49
126.910000 77 49
126.980000 77 49
127.050000 77 49
127.120000 77 49
127.190000 77 49
127.260000 77 49
127.330000 77 49
127.400000 77 49
127.470000 77 49
127.540000 65 28
127.610000 0 0
127.680000 0 0
127.750000 0 0
127.820000 0 0
127.890000 0 0
127.960000 63 28
128.030000 63 28
128.100000 63 28
128.170000 0 0
128.240000 63 28
128.310000 63 28
128.380000 63 28
128.450000 0 0
128.520000 79 48
128.590000 79 48
128.660000 79 48
128.730000 77 45
128.800000 77 45
128.870000 77 45
128.940000 0 0
129.010000 73 45
129.080000 73 45
129.150000 73 45
129.220000 0 0
129.290000 72 47
129.360000 72 47
129.430000 72 47
129.500000 72 47
129.570000 72 47
129.640000 72 47
129.710000 72 47
129.780000 72 47
129.850000 72 47
129.920000 72 47
129.990000 72 47
130.060000 72 47
130.130000 63 28
130.200000 73 47
130.270000 73 47
130.340000 73 47
130.410000 73 47
130.480000 73 47
130.550000 73 47
130.620000 73 47
130.690000 73 47
130.760000 73 47
130.830000 73 47
130.900000 73 47
130.970000 73 47
131.040000 73 47
131.110000 0 0
131.180000 0 0
131.250000 0 0
131.320000 0 0
131.390000 0 0
131.460000 61 38
131.530000 61 38
131.600000 61 38
131.670000 0 0
131.740000 61 25
131.810000 61 25
131.880000 61 25
131.950000 0 0
132.020000 61 23
132.090000 61 23
132.160000 61 23
132.230000 0 0
132.300000 61 23
132.370000 61 23
132.440000 61 23
132.510000 0 0
132.580000 68 35
132.650000 68 35
132.720000 68 35
132.790000 68 35
132.860000 72 46
132.930000 72 46
133.000000 72 46
133.070000 72 46
133.140000 72 46
133.210000 72 46
133.280000 72 46
133.350000 72 46
133.420000 72 46
133.490000 72 46
133.560000 72 46
133.630000 72 46
133.700000 72 46
133.770000 72 46
133.840000 72 46
133.910000 72 46
133.980000 72 46
134.050000 72 46
134.120000 72 46
134.190000 72 46
134.260000 72 46
134.330000 72 46
134.400000 72 46
134.470000 72 46
134.540000 72 46
134.610000 72 46
134.680000 72 46
134.750000 72 46
134.820000 72 46
134.890000 72 46
134.960000 72 46
135.030000 72 46
135.100000 0 0
135.170000 68 39
135.240000 68 39
135.310000 68 39
135.380000 0 0
135.450000 72 39
135.520000 72 39
135.590000 72 39
135.660000 0 0
135.730000 0 0
135.800000 70 39
135.870000 70 39
135.940000 70 39
136.010000 0 0
136.080000 61 20
136.150000 61 20
136.220000 61 20
136.290000 0 0
136.360000 72 46
136.430000 72 46
136.500000 72 46
136.570000 72 46
136.640000 72 46
136.710000 72 46
136.780000 72 46
136.850000 72 46
136.920000 72 46
136.990000 72 46
137.060000 72 46
137.130000 72 46
137.200000 72 46
137.270000 72 46
137.340000 72 46
137.410000 72 46
137.480000 61 23
137.550000 61 23
137.620000 61 23
137.690000 0 0
137.760000 68 35
137.830000 68 35
137.900000 68 35
137.970000 0 0
138.040000 72 46
138.110000 72 46
138.180000 72 46
138.250000 72 46
138.320000 72 46
138.390000 72 46
138.460000 72 46
138.530000 72 46
138.600000 72 46
138.670000 72 46
138.740000 72 46
138.810000 72 46
138.880000 72 46
138.950000 72 46
139.020000 72 46
139.090000 72 46
139.160000 70 39
139.230000 70 39
139.300000 70 39
139.370000 0 0
139.440000 0 0
139.510000 60 20
139.580000 60 20
139.650000 60 20
139.720000 60 20
139.790000 68 45
139.860000 68 45
139.930000 68 45
140.000000 68 45
140.070000 68 45
140.140000 68 45
140.210000 68 45
140.280000 68 45
140.350000 68 45
140.420000 68 45
140.490000 68 45
140.560000 68 45
140.630000 68 45
140.700000 68 45
140.770000 68 45
140.840000 68 45
140.910000 68 45
140.980000 68 45
141.050000 68 45
141.120000 68 45
141.190000 68 45
141.260000 68 45
141.330000 68 45
141.400000 68 45
141.470000 68 45
141.540000 68 45
141.610000 68 45
141.680000 68 45
141.750000 68 45
141.820000 68 45
141.890000 68 45
141.960000 68 45
142.030000 68 45
142.100000 68 45
142.170000 68 45
142.240000 68 45
142.310000 68 45
142.380000 68 45
142.450000 68 45
142.520000 68 45
142.590000 68 45
142.660000 68 45
142.730000 68 45
142.800000 68 45
142.870000 68 45
142.940000 68 45
143.010000 68 45
143.080000 68 45
143.150000 68 45
143.220000 0 0
143.290000 60 30
143.360000 60 30
143.430000 60 30
143.500000 60 30
143.570000 60 30
143.640000 60 30
143.710000 60 30
143.780000 60 30
143.850000 58 30
143.920000 58 30
143.990000 58 30
144.060000 0 0
144.130000 60 23
144.200000 60 23
144.270000 60 23
144.340000 60 23
144.410000 60 23
144.480000 60 23
144.550000 60 23
144.620000 0 0
144.690000 58 20
144.760000 58 20
144.830000 58 20
144.900000 0 0
144.970000 0 0
145.040000 60 30
145.110000 60 30
145.180000 60 30
145.250000 60 30
145.320000 60 30
145.390000 60 30
145.460000 60 30
145.530000 60 30
145.600000 58 30
145.670000 58 30
145.740000 58 30
145.810000 58 30
145.880000 60 23
145.950000 60 23
146.020000 60 23
146.090000 60 23
146.160000 60 23
146.230000 60 23
146.300000 60 23
146.370000 60 23
146.440000 60 23
146.510000 58 20
146.580000 58 20
146.650000 58 20
146.720000 58 20
146.790000 58 20
146.860000 0 0
146.930000 0 0
147.000000 0 0
147.070000 0 0
147.140000 0 0
147.210000 0 0
147.280000 0 0
147.350000 60 30
147.420000 60 30
147.490000 60 30
147.560000 60 30
147.630000 0 0
147.700000 60 30
147.770000 60 30
147.840000 60 30
147.910000 60 30
147.980000 60 23
148.050000 60 23
148.120000 60 23
148.190000 60 23
148.260000 0 0
148.330000 60 23
148.400000 60 23
148.470000 60 23
148.540000 60 23
148.610000 0 0
148.680000 60 20
148.750000 60 20
148.820000 60 20
148.890000 60 20
148.960000 0 0
149.030000 60 23
149.100000 60 23
149.170000 60 23
149.240000 60 23
149.310000 60 30
149.380000 60 30
149.450000 60 30
149.520000 60 30
149.590000 0 0
149.660000 60 30
149.730000 60 30
149.800000 60 30
149.870000 60 30
149.940000 0 0
150.010000 0 0
150.080000 60 23
150.150000 60 23
150.220000 60 23
150.290000 60 23
150.360000 63 23
150.430000 0 0
150.500000 61 23
150.570000 61 23
150.640000 61 23
150.710000 61 23
150.780000 61 23
150.850000 61 23
150.920000 61 23
150.990000 61 23
151.060000 0 0
151.130000 60 20
151.200000 60 20
151.270000 60 20
151.340000 60 20
151.410000 60 20
151.480000 60 20
151.550000 60 20
151.620000 60 20
151.690000 60 20
151.760000 60 20
151.830000 60 20
151.900000 0 0
151.970000 60 17
152.040000 60 17
152.110000 60 17
152.180000 60 17
152.250000 60 17
152.320000 60 17
152.390000 60 17
152.460000 60 17
152.530000 60 17
152.600000 60 17
152.670000 60 17
152.740000 60 17
152.810000 60 17
152.880000 60 17
152.950000 60 17
153.020000 60 17
153.090000 60 17
153.160000 60 17
153.230000 60 17
153.300000 60 17
153.370000 60 17
153.440000 60 17
153.510000 60 17
153.580000 60 17
153.650000 60 17
153.720000 60 17
153.790000 60 17
153.860000 60 17
153.930000 60 17
154.000000 60 17
154.070000 60 17
154.140000 60 17
154.210000 60 17
154.280000 60 17
154.350000 60 17
154.420000 60 17
154.490000 60 17
154.560000 60 17
154.630000 60 17
154.700000 60 17
154.770000 60 17
154.840000 60 17
154.910000 60 17
154.980000 60 17
155.050000 60 17
155.120000 60 17
155.190000 60 17
155.260000 60 17
155.330000 60 17
155.400000 60 17
155.470000 60 17
155.540000 60 17
155.610000 60 17
155.680000 60 17
155.750000 60 17
155.820000 60 17
155.890000 60 17
155.960000 60 17
156.030000 60 17
156.100000 60 17
156.170000 60 17
156.240000 60 17
156.310000 60 17
156.380000 60 17
156.450000 0 0
# Piano left
0.000000 51 17
0.070000 51 17
0.140000 51 17
0.210000 0 0
0.280000 0 0
0.350000 51 17
0.420000 51 17
0.490000 51 17
0.560000 0 0
0.630000 51 18
0.700000 51 18
0.770000 51 18
0.840000 0 0
0.910000 51 18
0.980000 51 18
1.050000 51 18
1.120000 51 20
1.190000 51 20
1.260000 51 20
1.330000 0 0
1.400000 51 21
1.470000 51 21
1.540000 51 21
1.610000 0 0
1.680000 51 22
1.750000 51 22
1.820000 51 22
1.890000 0 0
1.960000 51 22
2.030000 51 22
2.100000 51 22
2.170000 51 24
2.240000 51 24
2.310000 51 24
2.380000 0 0
2.450000 51 24
2.520000 51 24
2.590000 51 24
2.660000 0 0
2.730000 51 22
2.800000 51 22
2.870000 51 22
2.940000 0 0
3.010000 51 21
3.080000 51 21
3.150000 51 21
3.220000 0 0
3.290000 39 46
3.360000 39 46
3.430000 39 46
3.500000 39 46
3.570000 51 24
3.640000 51 24
3.710000 51 24
3.780000 0 0
3.850000 51 25
3.920000 51 25
3.990000 51 25
4.060000 0 0
4.130000 51 27
4.200000 51 27
4.270000 51 27
4.340000 0 0
4.410000 51 25
4.480000 51 25
4.550000 51 25
4.620000 0 0
4.690000 51 25
4.760000 51 25
4.830000 51 25
4.900000 0 0
4.970000 44 47
5.040000 44 47
5.110000 44 47
5.180000 44 47
5.250000 56 22
5.320000 56 22
5.390000 56 22
5.460000 0 0
5.530000 56 21
5.600000 56 21
5.670000 56 21
5.740000 56 25
5.810000 56 25
5.880000 56 25
5.950000 0 0
6.020000 56 22
6.090000 56 22
6.160000 56 22
6.230000 0 0
6.300000 56 22
6.370000 56 22
6.440000 56 22
6.510000 0 0
6.580000 49 47
6.650000 49 47
6.720000 49 47
6.790000 0 0
6.860000 0 0
6.930000 56 21
7.000000 56 21
7.070000 56 21
7.140000 56 21
7.210000 56 21
7.280000 56 21
7.350000 0 0
7.420000 56 22
7.490000 56 22
7.560000 56 22
7.630000 0 0
7.700000 56 21
7.770000 56 21
7.840000 56 21
7.910000 0 0
7.980000 56 21
8.050000 56 21
8.120000 56 21
8.190000 0 0
8.260000 51 47
8.330000 51 47
8.400000 51 47
8.470000 0 0
8.540000 58 18
8.610000 58 18
8.680000 58 18
8.750000 0 0
8.820000 58 18
8.890000 58 18
8.960000 58 18
9.030000 0 0
9.100000 49 47
9.170000 49 47
9.240000 49 47
9.310000 0 0
9.380000 56 16
9.450000 56 16
9.520000 56 16
9.590000 0 0
9.660000 56 16
9.730000 56 16
9.800000 56 16
9.870000 0 0
9.940000 51 47
10.010000 51 47
10.080000 51 47
10.150000 51 47
10.220000 58 21
10.290000 58 21
10.360000 58 21
10.430000 0 0
10.500000 58 21
10.570000 58 21
10.640000 58 21
10.710000 0 0
10.780000 58 22
10.850000 58 22
10.920000 58 22
10.990000 58 21
11.060000 58 21
11.130000 58 21
11.200000 0 0
11.270000 58 21
11.340000 58 21
11.410000 58 21
11.480000 0 0
11.550000 53 47
11.620000 53 47
11.690000 53 47
11.760000 53 47
11.830000 53 47
11.900000 53 47
11.970000 53 47
12.040000 53 47
12.110000 53 47
12.180000 53 47
12.250000 53 47
12.320000 53 47
12.390000 46 39
12.460000 46 39
12.530000 46 39
12.600000 0 0
12.670000 53 13
12.740000 53 13
12.810000 53 13
12.880000 0 0
12.950000 53 13
13.020000 53 13
13.090000 53 13
13.160000 0 0
13.230000 51 39
13.300000 51 39
13.370000 51 39
13.440000 51 39
13.510000 51 39
13.580000 51 39
13.650000 51 39
13.720000 51 39
13.790000 51 39
13.860000 51 39
13.930000 51 39
14.000000 0 0
14.070000 44 39
14.140000 44 39
14.210000 44 39
14.280000 0 0
14.350000 51 17
14.420000 51 17
14.490000 51 17
14.560000 0 0
14.630000 51 15
14.700000 51 15
14.770000 51 15
14.840000 0 0
14.910000 39 39
14.980000 39 39
15.050000 39 39
15.120000 0 0
15.190000 51 18
15.260000 51 18
15.330000 51 18
15.400000 0 0
15.470000 51 17
15.540000 51 17
15.610000 51 17
15.680000 0 0
15.750000 51 18
15.820000 51 18
15.890000 51 18
15.960000 0 0
16.030000 51 17
16.100000 51 17
16.170000 51 17
16.240000 0 0
16.310000 51 17
16.380000 51 17
16.450000 51 17
16.520000 0 0
16.590000 39 69
16.660000 39 69
16.730000 39 69
16.800000 39 69
16.870000 51 28
16.940000 51 28
17.010000 51 28
17.080000 0 0
17.150000 51 30
17.220000 51 30
17.290000 51 30
17.360000 0 0
17.430000 51 32
17.500000 51 32
17.570000 51 32
17.640000 0 0
17.710000 51 30
17.780000 51 30
17.850000 51 30
17.920000 51 30
17.990000 51 30
18.060000 51 30
18.130000 0 0
18.200000 0 0
18.270000 44 66
18.340000 44 66
18.410000 44 66
18.480000 44 66
18.550000 51 32
18.620000 51 32
18.690000 51 32
18.760000 51 32
18.830000 51 32
18.900000 51 32
18.970000 0 0
19.040000 51 36
19.110000 51 36
19.180000 51 36
19.250000 0 0
19.320000 51 32
19.390000 51 32
19.460000 51 32
19.530000 0 0
19.600000 51 32
19.670000 51 32
19.740000 51 32
19.810000 0 0
19.880000 37 71
19.950000 37 71
20.020000 37 71
20.090000 0 0
20.160000 61 34
20.230000 61 34
20.300000 61 34
20.370000 0 0
20.440000 61 34
20.510000 61 34
20.580000 61 34
20.650000 0 0
20.720000 61 36
20.790000 61 36
20.860000 61 36
20.930000 61 34
21.000000 61 34
21.070000 61 34
21.140000 0 0
21.210000 61 34
21.280000 61 34
21.350000 61 34
21.420000 0 0
21.490000 51 65
21.560000 51 65
21.630000 51 65
21.700000 0 0
21.770000 58 19
21.840000 58 19
21.910000 58 19
21.980000 0 0
22.050000 58 20
22.120000 58 20
22.190000 58 20
22.260000 0 0
22.330000 49 57
22.400000 49 57
22.470000 49 57
22.540000 0 0
22.610000 56 18
22.680000 56 18
22.750000 56 18
22.820000 0 0
22.890000 56 18
22.960000 56 18
23.030000 56 18
23.100000 0 0
23.170000 51 69
23.240000 51 69
23.310000 51 69
23.380000 51 69
23.450000 58 25
23.520000 58 25
23.590000 58 25
23.660000 0 0
23.730000 58 25
23.800000 58 25
23.870000 58 25
23.940000 0 0
24.010000 61 36
24.080000 61 36
24.150000 61 36
24.220000 0 0
24.290000 61 34
24.360000 61 34
24.430000 61 34
24.500000 58 25
24.570000 58 25
24.640000 58 25
24.710000 0 0
24.780000 0 0
24.850000 41 68
24.920000 41 68
24.990000 41 68
25.060000 0 0
25.130000 53 24
25.200000 53 24
25.270000 53 24
25.340000 53 25
25.410000 53 25
25.480000 53 25
25.550000 53 25
25.620000 0 0
25.690000 46 57
25.760000 46 57
25.830000 46 57
25.900000 0 0
25.970000 53 21
26.040000 53 21
26.110000 53 21
26.180000 0 0
26.250000 53 21
26.320000 53 21
26.390000 53 21
26.460000 0 0
26.530000 51 57
26.600000 51 57
26.670000 51 57
26.740000 51 57
26.810000 53 27
26.880000 53 27
26.950000 53 27
27.020000 0 0
27.090000 53 27
27.160000 53 27
27.230000 53 27
27.300000 0 0
27.370000 0 0
27.440000 39 39
27.510000 39 39
27.580000 39 39
27.650000 0 0
27.720000 51 18
27.790000 51 18
27.860000 51 18
27.930000 0 0
28.000000 51 14
28.070000 51 14
28.140000 51 14
28.210000 51 14
28.280000 44 39
28.350000 44 39
28.420000 44 39
28.490000 0 0
28.560000 0 0
28.630000 56 20
28.700000 56 20
28.770000 56 20
28.840000 0 0
28.910000 56 18
28.980000 56 18
29.050000 56 18
29.120000 0 0
29.190000 56 20
29.260000 56 20
29.330000 56 20
29.400000 0 0
29.470000 56 18
29.540000 56 18
29.610000 56 18
29.680000 0 0
29.750000 56 18
29.820000 56 18
29.890000 56 18
29.960000 56 18
30.030000 40 28
30.100000 40 28
30.170000 40 28
30.240000 0 0
30.310000 52 18
30.380000 52 18
30.450000 52 18
30.520000 0 0
30.590000 52 18
30.660000 52 18
30.730000 52 18
30.800000 0 0
30.870000 52 18
30.940000 52 18
31.010000 52 18
31.080000 0 0
31.150000 64 25
31.220000 64 25
31.290000 64 25
31.360000 64 25
31.430000 0 0
31.500000 52 16
31.570000 52 16
31.640000 52 16
31.710000 0 0
31.780000 45 34
31.850000 45 34
31.920000 45 34
31.990000 0 0
32.060000 52 20
32.130000 52 20
32.200000 52 20
32.270000 0 0
32.340000 53 23
32.410000 53 23
32.480000 53 23
32.550000 0 0
32.620000 53 25
32.690000 53 25
32.760000 53 25
32.830000 0 0
32.900000 54 26
32.970000 54 26
33.040000 54 26
33.110000 0 0
33.180000 57 38
33.250000 57 38
33.320000 57 38
33.390000 0 0
33.460000 44 42
33.530000 44 42
33.600000 44 42
33.670000 0 0
33.740000 56 28
33.810000 56 28
33.880000 56 28
33.950000 0 0
34.020000 56 28
34.090000 56 28
34.160000 56 28
34.230000 56 28
34.300000 56 28
34.370000 56 28
34.440000 0 0
34.510000 56 26
34.580000 56 26
34.650000 56 26
34.720000 0 0
34.790000 66 36
34.860000 66 36
34.930000 66 36
35.000000 0 0
35.070000 49 39
35.140000 49 39
35.210000 49 39
35.280000 0 0
35.350000 55 23
35.420000 55 23
35.490000 55 23
35.560000 0 0
35.630000 56 25
35.700000 56 25
35.770000 56 25
35.840000 0 0
35.910000 56 27
35.980000 56 27
36.050000 56 27
36.120000 0 0
36.190000 57 27
36.260000 57 27
36.330000 57 27
36.400000 0 0
36.470000 60 42
36.540000 60 42
36.610000 60 42
36.680000 0 0
36.750000 47 67
36.820000 47 67
36.890000 47 67
36.960000 0 0
37.030000 59 29
37.100000 59 29
37.170000 59 29
37.240000 0 0
37.310000 66 33
37.380000 66 33
37.450000 66 33
37.520000 0 0
37.590000 66 33
37.660000 66 33
37.730000 66 33
37.800000 0 0
37.870000 66 33
37.940000 66 33
38.010000 66 33
38.080000 0 0
38.150000 59 26
38.220000 59 26
38.290000 59 26
38.360000 0 0
38.430000 52 52
38.500000 52 52
38.570000 52 52
38.640000 0 0
38.710000 59 35
38.780000 59 35
38.850000 59 35
38.920000 0 0
38.990000 58 29
39.060000 58 29
39.130000 58 29
39.200000 0 0
39.270000 51 52
39.340000 51 52
39.410000 51 52
39.480000 58 27
39.550000 58 27
39.620000 58 27
39.690000 0 0
39.760000 58 23
39.830000 58 23
39.900000 58 23
39.970000 0 0
40.040000 0 0
40.110000 50 38
40.180000 50 38
40.250000 50 38
40.320000 0 0
40.390000 57 20
40.460000 57 20
40.530000 57 20
40.600000 0 0
40.670000 56 20
40.740000 56 20
40.810000 56 20
40.880000 49 38
40.950000 49 38
41.020000 49 38
41.090000 0 0
41.160000 56 17
41.230000 56 17
41.300000 56 17
41.370000 0 0
41.440000 56 15
41.510000 56 15
41.580000 56 15
41.650000 0 0
41.720000 48 36
41.790000 48 36
41.860000 48 36
41.930000 0 0
42.000000 0 0
42.070000 55 20
42.140000 55 20
42.210000 55 20
42.280000 0 0
42.350000 54 20
42.420000 54 20
42.490000 54 20
42.560000 0 0
42.630000 47 37
42.700000 47 37
42.770000 47 37
42.840000 0 0
42.910000 59 20
42.980000 59 20
43.050000 59 20
43.120000 0 0
43.190000 59 17
43.260000 59 17
43.330000 59 17
43.400000 0 0
43.470000 40 39
43.540000 40 39
43.610000 40 39
43.680000 0 0
43.750000 56 13
43.820000 56 13
43.890000 56 13
43.960000 0 0
44.030000 56 14
44.100000 56 14
44.170000 56 14
44.240000 0 0
44.310000 56 15
44.380000 56 15
44.450000 56 15
44.520000 0 0
44.590000 56 16
44.660000 56 16
44.730000 56 16
44.800000 0 0
44.870000 59 23
44.940000 59 23
45.010000 59 23
45.080000 0 0
45.150000 52 53
45.220000 52 53
45.290000 52 53
45.360000 0 0
45.430000 57 22
45.500000 57 22
45.570000 57 22
45.640000 0 0
45.710000 57 23
45.780000 57 23
45.850000 57 23
45.920000 0 0
45.990000 57 22
46.060000 57 22
46.130000 57 22
46.200000 57 24
46.270000 57 24
46.340000 57 24
46.410000 0 0
46.480000 69 32
46.550000 69 32
46.620000 69 32
46.690000 0 0
46.760000 40 44
46.830000 40 44
46.900000 40 44
46.970000 0 0
47.040000 56 15
47.110000 56 15
47.180000 56 15
47.250000 0 0
47.320000 56 16
47.390000 56 16
47.460000 56 16
47.530000 0 0
47.600000 56 17
47.670000 56 17
47.740000 56 17
47.810000 0 0
47.880000 56 18
47.950000 56 18
48.020000 56 18
48.090000 0 0
48.160000 59 26
48.230000 59 26
48.300000 59 26
48.370000 0 0
48.440000 52 53
48.510000 52 53
48.580000 52 53
48.650000 0 0
48.720000 57 22
48.790000 57 22
48.860000 57 22
48.930000 0 0
49.000000 57 23
49.070000 57 23
49.140000 57 23
49.210000 0 0
49.280000 57 22
49.350000 57 22
49.420000 57 22
49.490000 0 0
49.560000 57 24
49.630000 57 24
49.700000 57 24
49.770000 0 0
49.840000 69 32
49.910000 69 32
49.980000 69 32
50.050000 0 0
50.120000 40 44
50.190000 40 44
50.260000 40 44
50.330000 0 0
50.400000 56 15
50.470000 56 15
50.540000 56 15
50.610000 0 0
50.680000 56 16
50.750000 56 16
50.820000 56 16
50.890000 56 17
50.960000 56 17
51.030000 56 17
51.100000 0 0
51.170000 56 18
51.240000 56 18
51.310000 56 18
51.380000 0 0
51.450000 59 26
51.520000 59 26
51.590000 59 26
51.660000 0 0
51.730000 56 17
51.800000 56 17
51.870000 56 17
51.940000 0 0
52.010000 0 0
52.080000 56 15
52.150000 56 15
52.220000 56 15
52.290000 56 16
52.360000 56 16
52.430000 56 16
52.500000 0 0
52.570000 56 20
52.640000 56 20
52.710000 56 20
52.780000 0 0
52.850000 56 21
52.920000 56 21
52.990000 56 21
53.060000 0 0
53.130000 59 31
53.200000 59 31
53.270000 59 31
53.340000 0 0
53.410000 56 21
53.480000 56 21
53.550000 56 21
53.620000 0 0
53.690000 56 18
53.760000 56 18
53.830000 56 18
53.900000 0 0
53.970000 56 20
54.040000 56 20
54.110000 56 20
54.180000 0 0
54.250000 56 22
54.320000 56 22
54.390000 56 22
54.460000 0 0
54.530000 56 23
54.600000 56 23
54.670000 56 23
54.740000 0 0
54.810000 59 34
54.880000 59 34
54.950000 59 34
55.020000 0 0
55.090000 56 42
55.160000 56 42
55.230000 56 42
55.300000 0 0
55.370000 41 40
55.440000 41 40
55.510000 41 40
55.580000 0 0
55.650000 38 45
55.720000 38 45
55.790000 38 45
55.860000 0 0
55.930000 35 49
56.000000 35 49
56.070000 35 49
56.140000 0 0
56.210000 32 54
56.280000 32 54
56.350000 32 54
56.420000 0 0
56.490000 29 58
56.560000 29 58
56.630000 29 58
56.700000 0 0
56.770000 27 77
56.840000 27 77
56.910000 27 77
56.980000 27 77
57.050000 51 32
57.120000 51 32
57.190000 51 32
57.260000 0 0
57.330000 51 34
57.400000 51 34
57.470000 51 34
57.540000 0 0
57.610000 51 37
57.680000 51 37
57.750000 51 37
57.820000 51 34
57.890000 51 34
57.960000 51 34
58.030000 0 0
58.100000 51 34
58.170000 51 34
58.240000 51 34
58.310000 0 0
58.380000 32 71
58.450000 32 71
58.520000 32 71
58.590000 32 71
58.660000 0 0
58.730000 51 36
58.800000 51 36
58.870000 51 36
58.940000 0 0
59.010000 51 36
59.080000 51 36
59.150000 51 36
59.220000 51 41
59.290000 51 41
59.360000 51 41
59.430000 0 0
59.500000 51 36
59.570000 51 36
59.640000 51 36
59.710000 0 0
59.780000 51 36
59.850000 51 36
59.920000 51 36
59.990000 0 0
60.060000 25 69
60.130000 25 69
60.200000 25 69
60.270000 0 0
60.340000 61 38
60.410000 61 38
60.480000 61 38
60.550000 0 0
60.620000 61 38
60.690000 61 38
60.760000 61 38
60.830000 0 0
60.900000 61 42
60.970000 61 42
61.040000 61 42
61.110000 0 0
61.180000 61 38
61.250000 61 38
61.320000 61 38
61.390000 61 38
61.460000 61 38
61.530000 61 38
61.600000 0 0
61.670000 0 0
61.740000 27 60
61.810000 27 60
61.880000 27 60
61.950000 0 0
62.020000 55 22
62.090000 55 22
62.160000 55 22
62.230000 0 0
62.300000 55 23
62.370000 55 23
62.440000 55 23
62.510000 0 0
62.580000 29 55
62.650000 29 55
62.720000 29 55
62.790000 0 0
62.860000 61 32
62.930000 61 32
63.000000 61 32
63.070000 0 0
63.140000 61 32
63.210000 61 32
63.280000 61 32
63.350000 0 0
63.420000 27 64
63.490000 27 64
63.560000 27 64
63.630000 27 64
63.700000 61 38
63.770000 61 38
63.840000 61 38
63.910000 0 0
63.980000 61 38
64.050000 61 38
64.120000 61 38
64.190000 0 0
64.260000 61 42
64.330000 61 42
64.400000 61 42
64.470000 61 38
64.540000 61 38
64.610000 61 38
64.680000 0 0
64.750000 61 38
64.820000 61 38
64.890000 61 38
64.960000 0 0
65.030000 29 63
65.100000 29 63
65.170000 29 63
65.240000 0 0
65.310000 0 0
65.380000 53 27
65.450000 53 27
65.520000 53 27
65.590000 0 0
65.660000 53 28
65.730000 53 28
65.800000 53 28
65.870000 0 0
65.940000 34 59
66.010000 34 59
66.080000 34 59
66.150000 0 0
66.220000 53 27
66.290000 53 27
66.360000 53 27
66.430000 0 0
66.500000 53 27
66.570000 53 27
66.640000 53 27
66.710000 0 0
66.780000 39 65
66.850000 39 65
66.920000 39 65
66.990000 39 65
67.060000 0 0
67.130000 53 27
67.200000 53 27
67.270000 53 27
67.340000 0 0
67.410000 51 27
67.480000 51 27
67.550000 51 27
67.620000 0 0
67.690000 44 48
67.760000 44 48
67.830000 44 48
67.900000 0 0
67.970000 51 22
68.040000 51 22
68.110000 51 22
68.180000 0 0
68.250000 51 19
68.320000 51 19
68.390000 51 19
68.460000 51 19
68.530000 0 0
68.600000 39 48
68.670000 39 48
68.740000 39 48
68.810000 0 0
68.880000 51 15
68.950000 51 15
69.020000 51 15
69.090000 0 0
69.160000 51 13
69.230000 51 13
69.300000 51 13
69.370000 0 0
69.440000 51 15
69.510000 51 15
69.580000 51 15
69.650000 0 0
69.720000 51 12
69.790000 51 12
69.860000 51 12
69.930000 0 0
70.000000 51 11
70.070000 51 11
70.140000 51 11
70.210000 51 11
70.280000 0 0
70.350000 39 28
70.420000 39 28
70.490000 39 28
70.560000 0 0
70.630000 51 18
70.700000 51 18
70.770000 51 18
70.840000 0 0
70.910000 51 18
70.980000 51 18
71.050000 51 18
71.120000 0 0
71.190000 51 18
71.260000 51 18
71.330000 51 18
71.400000 0 0
71.470000 51 18
71.540000 51 18
71.610000 51 18
71.680000 0 0
71.750000 63 25
71.820000 63 25
71.890000 63 25
71.960000 0 0
72.030000 40 28
72.100000 40 28
72.170000 40 28
72.240000 0 0
72.310000 52 14
72.380000 52 14
72.450000 52 14
72.520000 0 0
72.590000 52 15
72.660000 52 15
72.730000 52 15
72.800000 0 0
72.870000 52 16
72.940000 52 16
73.010000 52 16
73.080000 0 0
73.150000 52 17
73.220000 52 17
73.290000 52 17
73.360000 0 0
73.430000 56 24
73.500000 56 24
73.570000 56 24
73.640000 0 0
73.710000 35 39
73.780000 35 39
73.850000 35 39
73.920000 0 0
73.990000 59 26
74.060000 59 26
74.130000 59 26
74.200000 0 0
74.270000 59 26
74.340000 59 26
74.410000 59 26
74.480000 0 0
74.550000 59 26
74.620000 59 26
74.690000 59 26
74.760000 0 0
74.830000 59 26
74.900000 59 26
74.970000 59 26
75.040000 0 0
75.110000 69 35
75.180000 69 35
75.250000 69 35
75.320000 0 0
75.390000 40 39
75.460000 40 39
75.530000 40 39
75.600000 0 0
75.670000 59 21
75.740000 59 21
75.810000 59 21
75.880000 0 0
75.950000 59 23
76.020000 59 23
76.090000 59 23
76.160000 0 0
76.230000 59 24
76.300000 59 24
76.370000 59 24
76.440000 39 40
76.510000 39 40
76.580000 39 40
76.650000 0 0
76.720000 0 0
76.790000 50 55
76.860000 50 55
76.930000 50 55
77.000000 0 0
77.070000 37 48
77.140000 37 48
77.210000 37 48
77.280000 0 0
77.350000 53 22
77.420000 53 22
77.490000 53 22
77.560000 0 0
77.630000 53 22
77.700000 53 22
77.770000 53 22
77.840000 53 22
77.910000 53 22
77.980000 53 22
78.050000 0 0
78.120000 53 22
78.190000 53 22
78.260000 53 22
78.330000 0 0
78.400000 65 30
78.470000 65 30
78.540000 65 30
78.610000 0 0
78.680000 42 34
78.750000 42 34
78.820000 42 34
78.890000 0 0
78.960000 54 17
79.030000 54 17
79.100000 54 17
79.170000 0 0
79.240000 54 18
79.310000 54 18
79.380000 54 18
79.450000 0 0
79.520000 54 19
79.590000 54 19
79.660000 54 19
79.730000 0 0
79.800000 54 20
79.870000 54 20
79.940000 54 20
80.010000 0 0
80.080000 58 29
80.150000 58 29
80.220000 58 29
80.290000 0 0
80.360000 37 39
80.430000 37 39
80.500000 37 39
80.570000 0 0
80.640000 59 29
80.710000 59 29
80.780000 59 29
80.850000 0 0
80.920000 59 29
80.990000 59 29
81.060000 59 29
81.130000 0 0
81.200000 59 29
81.270000 59 29
81.340000 59 29
81.410000 59 29
81.480000 59 29
81.550000 59 29
81.620000 0 0
81.690000 56 23
81.760000 56 23
81.830000 56 23
81.900000 0 0
81.970000 0 0
82.040000 42 45
82.110000 42 45
82.180000 42 45
82.250000 0 0
82.320000 54 21
82.390000 54 21
82.460000 54 21
82.530000 0 0
82.600000 54 23
82.670000 54 23
82.740000 54 23
82.810000 42 42
82.880000 42 42
82.950000 42 42
83.020000 0 0
83.090000 41 45
83.160000 41 45
83.230000 41 45
83.300000 0 0
83.370000 52 56
83.440000 52 56
83.510000 52 56
83.580000 0 0
83.650000 39 63
83.720000 39 63
83.790000 39 63
83.860000 0 0
83.930000 0 0
84.000000 59 34
84.070000 59 34
84.140000 59 34
84.210000 59 34
84.280000 59 34
84.350000 59 34
84.420000 0 0
84.490000 52 59
84.560000 52 59
84.630000 52 59
84.700000 0 0
84.770000 59 34
84.840000 59 34
84.910000 59 34
84.980000 0 0
85.050000 59 34
85.120000 59 34
85.190000 59 34
85.260000 0 0
85.330000 50 59
85.400000 50 59
85.470000 50 59
85.540000 0 0
85.610000 70 39
85.680000 70 39
85.750000 70 39
85.820000 0 0
85.890000 70 39
85.960000 70 39
86.030000 70 39
86.100000 0 0
86.170000 51 56
86.240000 51 56
86.310000 51 56
86.380000 0 0
86.450000 58 27
86.520000 58 27
86.590000 58 27
86.660000 0 0
86.730000 58 27
86.800000 58 27
86.870000 58 27
86.940000 0 0
87.010000 49 53
87.080000 49 53
87.150000 49 53
87.220000 0 0
87.290000 69 36
87.360000 69 36
87.430000 69 36
87.500000 0 0
87.570000 69 36
87.640000 69 36
87.710000 69 36
87.780000 0 0
87.850000 50 50
87.920000 50 50
87.990000 50 50
88.060000 0 0
88.130000 57 28
88.200000 57 28
88.270000 57 28
88.340000 0 0
88.410000 57 28
88.480000 57 28
88.550000 57 28
88.620000 0 0
88.690000 57 43
88.760000 57 43
88.830000 57 43
88.900000 0 0
88.970000 38 35
89.040000 38 35
89.110000 38 35
89.180000 0 0
89.250000 37 38
89.320000 37 38
89.390000 37 38
89.460000 0 0
89.530000 36 39
89.600000 36 39
89.670000 36 39
89.740000 0 0
89.810000 36 42
89.880000 36 42
89.950000 36 42
90.020000 0 0
90.090000 35 44
90.160000 35 44
90.230000 35 44
90.300000 0 0
90.370000 34 48
90.440000 34 48
90.510000 34 48
90.580000 0 0
90.650000 58 27
90.720000 58 27
90.790000 58 27
90.860000 0 0
90.930000 58 28
91.000000 58 28
91.070000 58 28
91.140000 0 0
91.210000 58 31
91.280000 58 31
91.350000 58 31
91.420000 0 0
91.490000 58 30
91.560000 58 30
91.630000 58 30
91.700000 0 0
91.770000 58 18
91.840000 58 18
91.910000 58 18
91.980000 0 0
92.050000 46 46
92.120000 46 46
92.190000 46 46
92.260000 0 0
92.330000 58 27
92.400000 58 27
92.470000 58 27
92.540000 0 0
92.610000 58 27
92.680000 58 27
92.750000 58 27
92.820000 0 0
92.890000 58 29
92.960000 58 29
93.030000 58 29
93.100000 0 0
93.170000 58 24
93.240000 58 24
93.310000 58 24
93.380000 0 0
93.450000 58 24
93.520000 58 24
93.590000 58 24
93.660000 0 0
93.730000 39 44
93.800000 39 44
93.870000 39 44
93.940000 0 0
94.010000 55 16
94.080000 55 16
94.150000 55 16
94.220000 0 0
94.290000 55 17
94.360000 55 17
94.430000 55 17
94.500000 55 18
94.570000 55 18
94.640000 55 18
94.710000 0 0
94.780000 55 19
94.850000 55 19
94.920000 55 19
94.990000 0 0
95.060000 58 27
95.130000 58 27
95.200000 58 27
95.270000 0 0
95.340000 51 53
95.410000 51 53
95.480000 51 53
95.550000 0 0
95.620000 56 22
95.690000 56 22
95.760000 56 22
95.830000 0 0
95.900000 56 23
95.970000 56 23
96.040000 56 23
96.110000 0 0
96.180000 56 22
96.250000 56 22
96.320000 56 22
96.390000 0 0
96.460000 56 24
96.530000 56 24
96.600000 56 24
96.670000 0 0
96.740000 68 32
96.810000 68 32
96.880000 68 32
96.950000 0 0
97.020000 39 44
97.090000 39 44
97.160000 39 44
97.230000 0 0
97.300000 55 16
97.370000 55 16
97.440000 55 16
97.510000 0 0
97.580000 55 17
97.650000 55 17
97.720000 55 17
97.790000 0 0
97.860000 55 18
97.930000 55 18
98.000000 55 18
98.070000 0 0
98.140000 55 19
98.210000 55 19
98.280000 55 19
98.350000 0 0
98.420000 58 27
98.490000 58 27
98.560000 58 27
98.630000 0 0
98.700000 51 53
98.770000 51 53
98.840000 51 53
98.910000 0 0
98.980000 56 18
99.050000 56 18
99.120000 56 18
99.190000 0 0
99.260000 56 19
99.330000 56 19
99.400000 56 19
99.470000 56 18
99.540000 56 18
99.610000 56 18
99.680000 0 0
99.750000 56 20
99.820000 56 20
99.890000 56 20
99.960000 0 0
100.030000 68 27
100.100000 68 27
100.170000 68 27
100.240000 0 0
100.310000 39 33
100.380000 39 33
100.450000 39 33
100.520000 0 0
100.590000 55 13
100.660000 55 13
100.730000 55 13
100.800000 0 0
100.870000 55 13
100.940000 55 13
101.010000 55 13
101.080000 0 0
101.150000 55 13
101.220000 55 13
101.290000 55 13
101.360000 0 0
101.430000 55 14
101.500000 55 14
101.570000 55 14
101.640000 0 0
101.710000 58 16
101.780000 58 16
101.850000 58 16
101.920000 0 0
101.990000 55 15
102.060000 55 15
102.130000 55 15
102.200000 0 0
102.270000 55 15
102.340000 55 15
102.410000 55 15
102.480000 0 0
102.550000 55 16
102.620000 55 16
102.690000 55 16
102.760000 0 0
102.830000 55 17
102.900000 55 17
102.970000 55 17
103.040000 55 18
103.110000 55 18
103.180000 55 18
103.250000 0 0
103.320000 58 22
103.390000 58 22
103.460000 58 22
103.530000 0 0
103.600000 55 20
103.670000 55 20
103.740000 55 20
103.810000 0 0
103.880000 55 20
103.950000 55 20
104.020000 55 20
104.090000 0 0
104.160000 55 19
104.230000 55 19
104.300000 55 19
104.370000 0 0
104.440000 55 19
104.510000 55 19
104.580000 55 19
104.650000 0 0
104.720000 55 18
104.790000 55 18
104.860000 55 18
104.930000 0 0
105.000000 58 21
105.070000 58 21
105.140000 58 21
105.210000 0 0
105.280000 55 17
105.350000 55 17
105.420000 55 17
105.490000 0 0
105.560000 55 17
105.630000 55 17
105.700000 55 17
105.770000 0 0
105.840000 55 16
105.910000 55 16
105.980000 55 16
106.050000 0 0
106.120000 55 16
106.190000 55 16
106.260000 55 16
106.330000 0 0
106.400000 55 15
106.470000 55 15
106.540000 55 15
106.610000 55 15
106.680000 58 17
106.750000 58 17
106.820000 58 17
106.890000 58 17
106.960000 0 0
107.030000 32 61
107.100000 32 61
107.170000 32 61
107.240000 32 61
107.310000 32 61
107.380000 32 61
107.450000 32 61
107.520000 32 61
107.590000 32 61
107.660000 32 61
107.730000 32 61
107.800000 32 61
107.870000 32 61
107.940000 32 61
108.010000 32 61
108.080000 32 61
108.150000 32 61
108.220000 32 61
108.290000 32 61
108.360000 32 61
108.430000 32 61
108.500000 32 61
108.570000 32 61
108.640000 32 61
108.710000 51 16
108.780000 51 16
108.850000 51 16
108.920000 51 16
108.990000 0 0
109.060000 51 14
109.130000 51 14
109.200000 51 14
109.270000 51 13
109.340000 51 13
109.410000 51 13
109.480000 0 0
109.550000 51 16
109.620000 51 16
109.690000 51 16
109.760000 0 0
109.830000 51 14
109.900000 51 14
109.970000 51 14
110.040000 0 0
110.110000 51 14
110.180000 51 14
110.250000 51 14
110.320000 51 14
110.390000 0 0
110.460000 32 57
110.530000 32 57
110.600000 32 57
110.670000 32 57
110.740000 32 57
110.810000 32 57
110.880000 32 57
110.950000 32 57
111.020000 32 57
111.090000 32 57
111.160000 32 57
111.230000 32 57
111.300000 32 57
111.370000 32 57
111.440000 32 57
111.510000 32 57
111.580000 32 57
111.650000 32 57
111.720000 32 57
111.790000 32 57
111.860000 32 57
111.930000 32 57
112.000000 32 57
112.070000 61 15
112.140000 61 15
112.210000 61 15
112.280000 0 0
112.350000 0 0
112.420000 61 15
112.490000 61 15
112.560000 61 15
112.630000 0 0
112.700000 61 16
112.770000 61 16
112.840000 61 16
112.910000 61 16
112.980000 56 12
113.050000 56 12
113.120000 56 12
113.190000 0 0
113.260000 56 12
113.330000 56 12
113.400000 56 12
113.470000 0 0
113.540000 56 12
113.610000 56 12
113.680000 56 12
113.750000 56 12
113.820000 32 57
113.890000 32 57
113.960000 32 57
114.030000 32 57
114.100000 32 57
114.170000 32 57
114.240000 32 57
114.310000 32 57
114.380000 32 57
114.450000 32 57
114.520000 32 57
114.590000 32 57
114.660000 32 57
114.730000 32 57
114.800000 32 57
114.870000 32 57
114.940000 32 57
115.010000 32 57
115.080000 32 57
115.150000 32 57
115.220000 32 57
115.290000 32 57
115.360000 32 57
115.430000 0 0
115.500000 56 13
115.570000 56 13
115.640000 56 13
115.710000 0 0
115.780000 0 0
115.850000 56 13
115.920000 56 13
115.990000 56 13
116.060000 0 0
116.130000 56 13
116.200000 56 13
116.270000 56 13
116.340000 56 13
116.410000 53 13
116.480000 53 13
116.550000 53 13
116.620000 0 0
116.690000 53 13
116.760000 53 13
116.830000 53 13
116.900000 53 13
116.970000 53 13
117.040000 53 13
117.110000 53 13
117.180000 53 13
117.250000 0 0
117.320000 32 58
117.390000 32 58
117.460000 32 58
117.530000 32 58
117.600000 32 58
117.670000 32 58
117.740000 32 58
117.810000 32 58
117.880000 32 58
117.950000 32 58
118.020000 32 58
118.090000 32 58
118.160000 32 58
118.230000 32 58
118.300000 32 58
118.370000 32 58
118.440000 32 58
118.510000 32 58
118.580000 32 58
118.650000 32 58
118.720000 32 58
118.790000 32 58
118.860000 32 58
118.930000 32 58
119.000000 51 16
119.070000 51 16
119.140000 51 16
119.210000 0 0
119.280000 51 16
119.350000 51 16
119.420000 51 16
119.490000 0 0
119.560000 51 15
119.630000 51 15
119.700000 51 15
119.770000 0 0
119.840000 51 16
119.910000 51 16
119.980000 51 16
120.050000 0 0
120.120000 51 15
120.190000 51 15
120.260000 51 15
120.330000 0 0
120.400000 51 15
120.470000 51 15
120.540000 51 15
120.610000 51 15
120.680000 0 0
120.750000 32 62
120.820000 32 62
120.890000 32 62
120.960000 32 62
121.030000 32 62
121.100000 32 62
121.170000 32 62
121.240000 32 62
121.310000 32 62
121.380000 32 62
121.450000 32 62
121.520000 32 62
121.590000 32 62
121.660000 32 62
121.730000 32 62
121.800000 32 62
121.870000 32 62
121.940000 32 62
122.010000 32 62
122.080000 32 62
122.150000 32 62
122.220000 32 62
122.290000 32 62
122.360000 32 62
122.430000 51 15
122.500000 51 15
122.570000 51 15
122.640000 51 15
122.710000 51 15
122.780000 51 15
122.850000 51 15
122.920000 0 0
122.990000 51 15
123.060000 51 15
123.130000 51 15
123.200000 0 0
123.270000 51 15
123.340000 51 15
123.410000 51 15
123.480000 0 0
123.550000 51 15
123.620000 51 15
123.690000 51 15
123.760000 0 0
123.830000 51 15
123.900000 51 15
123.970000 51 15
124.040000 51 15
124.110000 0 0
124.180000 32 56
124.250000 32 56
124.320000 32 56
124.390000 32 56
124.460000 32 56
124.530000 32 56
124.600000 32 56
124.670000 32 56
124.740000 32 56
124.810000 32 56
124.880000 32 56
124.950000 32 56
125.020000 32 56
125.090000 32 56
125.160000 32 56
125.230000 32 56
125.300000 32 56
125.370000 32 56
125.440000 32 56
125.510000 32 56
125.580000 32 56
125.650000 32 56
125.720000 32 56
125.790000 32 56
125.860000 61 15
125.930000 61 15
126.000000 61 15
126.070000 61 15
126.140000 61 15
126.210000 61 15
126.280000 61 15
126.350000 0 0
126.420000 61 15
126.490000 61 15
126.560000 61 15
126.630000 61 15
126.700000 56 13
126.770000 56 13
126.840000 56 13
126.910000 0 0
126.980000 56 11
127.050000 56 11
127.120000 56 11
127.190000 56 11
127.260000 0 0
127.330000 56 11
127.400000 56 11
127.470000 56 11
127.540000 56 11
127.610000 32 57
127.680000 32 57
127.750000 32 57
127.820000 32 57
127.890000 32 57
127.960000 32 57
128.030000 32 57
128.100000 32 57
128.170000 32 57
128.240000 32 57
128.310000 32 57
128.380000 32 57
128.450000 32 57
128.520000 32 57
128.590000 32 57
128.660000 32 57
128.730000 32 57
128.800000 32 57
128.870000 32 57
128.940000 32 57
129.010000 32 57
129.080000 32 57
129.150000 32 57
129.220000 32 57
129.290000 56 13
129.360000 56 13
129.430000 56 13
129.500000 56 13
129.570000 0 0
129.640000 56 13
129.710000 56 13
129.780000 56 13
129.850000 0 0
129.920000 56 13
129.990000 56 13
130.060000 56 13
130.130000 56 13
130.200000 53 13
130.270000 53 13
130.340000 53 13
130.410000 53 13
130.480000 53 12
130.550000 53 12
130.620000 53 12
130.690000 53 12
130.760000 0 0
130.830000 53 11
130.900000 53 11
130.970000 53 11
131.040000 53 11
131.110000 32 56
131.180000 32 56
131.250000 32 56
131.320000 32 56
131.390000 32 56
131.460000 32 56
131.530000 32 56
131.600000 32 56
131.670000 32 56
131.740000 32 56
131.810000 32 56
131.880000 32 56
131.950000 32 56
132.020000 32 56
132.090000 32 56
132.160000 32 56
132.230000 32 56
132.300000 32 56
132.370000 32 56
132.440000 32 56
132.510000 32 56
132.580000 32 56
132.650000 32 56
132.720000 32 56
132.790000 32 56
132.860000 51 10
132.930000 51 10
133.000000 51 10
133.070000 0 0
133.140000 0 0
133.210000 56 15
133.280000 56 15
133.350000 56 15
133.420000 0 0
133.490000 56 15
133.560000 56 15
133.630000 56 15
133.700000 0 0
133.770000 56 15
133.840000 56 15
133.910000 56 15
133.980000 0 0
134.050000 56 15
134.120000 56 15
134.190000 56 15
134.260000 0 0
134.330000 56 15
134.400000 56 15
134.470000 56 15
134.540000 56 15
134.610000 32 56
134.680000 32 56
134.750000 32 56
134.820000 32 56
134.890000 32 56
134.960000 32 56
135.030000 32 56
135.100000 32 56
135.170000 32 56
135.240000 32 56
135.310000 32 56
135.380000 32 56
135.450000 32 56
135.520000 32 56
135.590000 32 56
135.660000 32 56
135.730000 32 56
135.800000 32 56
135.870000 32 56
135.940000 32 56
136.010000 32 56
136.080000 32 56
136.150000 32 56
136.220000 32 56
136.290000 0 0
136.360000 51 10
136.430000 51 10
136.500000 51 10
136.570000 0 0
136.640000 56 15
136.710000 56 15
136.780000 56 15
136.850000 0 0
136.920000 56 15
136.990000 56 15
137.060000 56 15
137.130000 0 0
137.200000 52 14
137.270000 52 14
137.340000 52 14
137.410000 0 0
137.480000 52 11
137.550000 52 11
137.620000 52 11
137.690000 0 0
137.760000 52 11
137.830000 52 11
137.900000 52 11
137.970000 0 0
138.040000 51 10
138.110000 51 10
138.180000 51 10
138.250000 0 0
138.320000 56 15
138.390000 56 15
138.460000 56 15
138.530000 0 0
138.600000 56 15
138.670000 56 15
138.740000 56 15
138.810000 0 0
138.880000 51 14
138.950000 51 14
139.020000 51 14
139.090000 0 0
139.160000 51 11
139.230000 51 11
139.300000 51 11
139.370000 0 0
139.440000 0 0
139.510000 51 11
139.580000 51 11
139.650000 51 11
139.720000 51 11
139.790000 32 55
139.860000 32 55
139.930000 32 55
140.000000 32 55
140.070000 32 55
140.140000 32 55
140.210000 32 55
140.280000 32 55
140.350000 32 55
140.420000 32 55
140.490000 32 55
140.560000 32 55
140.630000 32 55
140.700000 32 55
140.770000 32 55
140.840000 32 55
140.910000 32 55
140.980000 32 55
141.050000 32 55
141.120000 32 55
141.190000 32 55
141.260000 32 55
141.330000 32 55
141.400000 32 55
141.470000 32 55
141.540000 51 13
141.610000 51 13
141.680000 51 13
141.750000 0 0
141.820000 56 15
141.890000 56 15
141.960000 56 15
142.030000 0 0
142.100000 56 15
142.170000 56 15
142.240000 56 15
142.310000 0 0
142.380000 51 14
142.450000 51 14
142.520000 51 14
142.590000 0 0
142.660000 51 11
142.730000 51 11
142.800000 51 11
142.870000 0 0
142.940000 51 11
143.010000 51 11
143.080000 51 11
143.150000 51 11
143.220000 0 0
143.290000 51 13
143.360000 51 13
143.430000 51 13
143.500000 51 13
143.570000 56 15
143.640000 56 15
143.710000 56 15
143.780000 0 0
143.850000 55 15
143.920000 55 15
143.990000 55 15
144.060000 0 0
144.130000 51 14
144.200000 51 14
144.270000 51 14
144.340000 0 0
144.410000 51 11
144.480000 51 11
144.550000 51 11
144.620000 0 0
144.690000 51 11
144.760000 51 11
144.830000 51 11
144.900000 0 0
144.970000 0 0
145.040000 51 13
145.110000 51 13
145.180000 51 13
145.250000 51 13
145.320000 56 15
145.390000 56 15
145.460000 56 15
145.530000 0 0
145.600000 55 15
145.670000 55 15
145.740000 55 15
145.810000 55 15
145.880000 51 14
145.950000 51 14
146.020000 51 14
146.090000 51 14
146.160000 0 0
146.230000 51 11
146.300000 51 11
146.370000 51 11
146.440000 51 11
146.510000 51 11
146.580000 51 11
146.650000 51 11
146.720000 51 11
146.790000 51 11
146.860000 0 0
146.930000 32 53
147.000000 32 53
147.070000 32 53
147.140000 32 53
147.210000 32 53
147.280000 32 53
147.350000 32 53
147.420000 32 53
147.490000 32 53
147.560000 32 53
147.630000 32 53
147.700000 32 53
147.770000 32 53
147.840000 32 53
147.910000 32 53
147.980000 32 53
148.050000 32 53
148.120000 32 53
148.190000 32 53
148.260000 32 53
148.330000 32 53
148.400000 32 53
148.470000 32 53
148.540000 32 53
148.610000 32 53
148.680000 32 53
148.750000 32 53
148.820000 32 53
148.890000 32 53
148.960000 0 0
149.030000 51 13
149.100000 51 13
149.170000 51 13
149.240000 51 13
149.310000 56 15
149.380000 56 15
149.450000 56 15
149.520000 56 15
149.590000 0 0
149.660000 56 15
149.730000 56 15
149.800000 56 15
149.870000 56 15
149.940000 0 0
150.010000 0 0
150.080000 51 14
150.150000 51 14
150.220000 51 14
150.290000 51 14
150.360000 51 14
150.430000 0 0
150.500000 51 11
150.570000 51 11
150.640000 51 11
150.710000 51 11
150.780000 51 11
150.850000 51 11
150.920000 51 11
150.990000 51 11
151.060000 0 0
151.130000 51 11
151.200000 51 11
151.270000 51 11
151.340000 51 11
151.410000 51 11
151.480000 51 11
151.550000 51 11
151.620000 51 11
151.690000 51 11
151.760000 51 11
151.830000 51 11
151.900000 0 0
151.970000 51 11
152.040000 51 11
152.110000 51 11
152.180000 51 11
152.250000 51 11
152.320000 51 11
152.390000 51 11
152.460000 51 11
152.530000 51 11
152.600000 51 11
152.670000 51 11
152.740000 51 11
152.810000 51 11
152.880000 51 11
152.950000 51 11
153.020000 51 11
153.090000 51 11
153.160000 51 11
153.230000 51 11
153.300000 51 11
153.370000 51 11
153.440000 51 11
153.510000 51 11
153.580000 51 11
153.650000 51 11
153.720000 51 11
153.790000 51 11
153.860000 51 11
153.930000 51 11
154.000000 51 11
154.070000 51 11
154.140000 51 11
154.210000 51 11
154.280000 51 11
154.350000 51 11
154.420000 51 11
154.490000 51 11
154.560000 51 11
154.630000 51 11
154.700000 51 11
154.770000 51 11
154.840000 51 11
154.910000 51 11
154.980000 51 11
155.050000 51 11
155.120000 51 11
155.190000 51 11
155.260000 51 11
155.330000 51 11
155.400000 51 11
155.470000 51 11
155.540000 51 11
155.610000 51 11
155.680000 51 11
155.750000 51 11
155.820000 51 11
155.890000 51 11
155.960000 51 11
156.030000 51 11
156.100000 51 11
156.170000 51 11
156.240000 51 11
156.310000 51 11
156.380000 51 11
156.450000 0 0
