"chpn_op25_e4"

# Piano right
0.000000 0 0
0.070000 0 0
0.140000 0 0
0.210000 0 0
0.280000 0 0
0.350000 0 0
0.420000 0 0
0.490000 0 0
0.560000 0 0
0.630000 0 0
0.700000 0 0
0.770000 0 0
0.840000 0 0
0.910000 0 0
0.980000 0 0
1.050000 0 0
1.120000 0 0
1.190000 0 0
1.260000 0 0
1.330000 0 0
1.400000 64 48
1.470000 0 0
1.540000 0 0
1.610000 0 0
1.680000 69 48
1.750000 0 0
1.820000 0 0
1.890000 0 0
1.960000 0 0
2.030000 69 48
2.100000 0 0
2.170000 0 0
2.240000 0 0
2.310000 68 48
2.380000 0 0
2.450000 0 0
2.520000 0 0
2.590000 69 48
2.660000 0 0
2.730000 0 0
2.800000 0 0
2.870000 72 48
2.940000 0 0
3.010000 0 0
3.080000 0 0
3.150000 0 0
3.220000 84 56
3.290000 0 0
3.360000 0 0
3.430000 0 0
3.500000 71 51
3.570000 0 0
3.640000 0 0
3.710000 0 0
3.780000 81 61
3.850000 0 0
3.920000 0 0
3.990000 0 0
4.060000 88 62
4.130000 0 0
4.200000 0 0
4.270000 0 0
4.340000 0 0
4.410000 74 57
4.480000 0 0
4.550000 0 0
4.620000 0 0
4.690000 88 66
4.760000 0 0
4.830000 0 0
4.900000 0 0
4.970000 84 66
5.040000 0 0
5.110000 0 0
5.180000 0 0
5.250000 80 63
5.320000 0 0
5.390000 0 0
5.460000 0 0
5.530000 0 0
5.600000 81 58
5.670000 0 0
5.740000 0 0
5.810000 0 0
5.880000 84 55
5.950000 0 0
6.020000 0 0
6.090000 0 0
6.160000 71 48
6.230000 0 0
6.300000 0 0
6.370000 0 0
6.440000 69 48
6.510000 0 0
6.580000 0 0
6.650000 0 0
6.720000 64 48
6.790000 0 0
6.860000 0 0
6.930000 0 0
7.000000 0 0
7.070000 69 48
7.140000 0 0
7.210000 0 0
7.280000 0 0
7.350000 76 48
7.420000 0 0
7.490000 0 0
7.560000 0 0
7.630000 69 48
7.700000 0 0
7.770000 0 0
7.840000 0 0
7.910000 76 57
7.980000 0 0
8.050000 0 0
8.120000 0 0
8.190000 69 53
8.260000 0 0
8.330000 0 0
8.400000 0 0
8.470000 0 0
8.540000 83 66
8.610000 0 0
8.680000 0 0
8.750000 0 0
8.820000 84 72
8.890000 0 0
8.960000 0 0
9.030000 0 0
9.100000 67 56
9.170000 0 0
9.240000 0 0
9.310000 0 0
9.380000 78 62
9.450000 0 0
9.520000 0 0
9.590000 0 0
9.660000 76 62
9.730000 0 0
9.800000 0 0
9.870000 0 0
9.940000 0 0
10.010000 78 61
10.080000 0 0
10.150000 0 0
10.220000 0 0
10.290000 77 51
10.360000 0 0
10.430000 0 0
10.500000 0 0
10.570000 76 48
10.640000 0 0
10.710000 0 0
10.780000 0 0
10.850000 0 0
10.920000 76 47
10.990000 0 0
11.060000 0 0
11.130000 0 0
11.200000 81 71
11.270000 81 71
11.340000 81 71
11.410000 81 71
11.480000 81 71
11.550000 81 71
11.620000 81 71
11.690000 81 71
11.760000 0 0
11.830000 68 44
11.900000 0 0
11.970000 0 0
12.040000 0 0
12.110000 69 47
12.180000 0 0
12.250000 0 0
12.320000 0 0
12.390000 84 71
12.460000 84 71
12.530000 84 71
12.600000 84 71
12.670000 84 71
12.740000 84 71
12.810000 84 71
12.880000 84 71
12.950000 83 56
13.020000 83 56
13.090000 83 56
13.160000 83 56
13.230000 0 0
13.300000 81 58
13.370000 81 58
13.440000 0 0
13.510000 0 0
13.580000 88 75
13.650000 88 75
13.720000 88 75
13.790000 88 75
13.860000 86 77
13.930000 86 77
14.000000 86 77
14.070000 86 77
14.140000 88 82
14.210000 88 82
14.280000 88 82
14.350000 88 82
14.420000 84 77
14.490000 84 77
14.560000 0 0
14.630000 0 0
14.700000 0 0
14.770000 83 66
14.840000 83 66
14.910000 83 66
14.980000 83 66
15.050000 81 61
15.120000 81 61
15.190000 81 61
15.260000 81 61
15.330000 81 61
15.400000 81 61
15.470000 0 0
15.540000 0 0
15.610000 83 71
15.680000 83 71
15.750000 83 71
15.820000 83 71
15.890000 0 0
15.960000 81 66
16.030000 81 66
16.100000 81 66
16.170000 81 66
16.240000 76 64
16.310000 76 64
16.380000 76 64
16.450000 76 64
16.520000 69 46
16.590000 69 46
16.660000 0 0
16.730000 0 0
16.800000 83 67
16.870000 83 67
16.940000 83 67
17.010000 83 67
17.080000 81 69
17.150000 81 69
17.220000 81 69
17.290000 81 69
17.360000 0 0
17.430000 76 75
17.500000 76 75
17.570000 76 75
17.640000 76 75
17.710000 69 57
17.780000 69 57
17.850000 0 0
17.920000 0 0
17.990000 83 75
18.060000 83 75
18.130000 83 75
18.200000 83 75
18.270000 84 77
18.340000 84 77
18.410000 84 77
18.480000 84 77
18.550000 0 0
18.620000 79 73
18.690000 79 73
18.760000 79 73
18.830000 79 73
18.900000 78 68
18.970000 78 68
19.040000 78 68
19.110000 78 68
19.180000 76 64
19.250000 76 64
19.320000 76 64
19.390000 76 64
19.460000 76 64
19.530000 76 64
19.600000 76 64
19.670000 76 64
19.740000 76 64
19.810000 76 64
19.880000 76 64
19.950000 76 64
20.020000 76 64
20.090000 76 64
20.160000 76 64
20.230000 0 0
20.300000 0 0
20.370000 0 0
20.440000 83 61
20.510000 83 61
20.580000 83 61
20.650000 83 61
20.720000 84 64
20.790000 84 64
20.860000 84 64
20.930000 84 64
21.000000 0 0
21.070000 79 60
21.140000 79 60
21.210000 79 60
21.280000 79 60
21.350000 78 56
21.420000 78 56
21.490000 0 0
21.560000 0 0
21.630000 0 0
21.700000 76 63
21.770000 76 63
21.840000 76 63
21.910000 76 63
21.980000 76 63
22.050000 76 63
22.120000 76 63
22.190000 76 63
22.260000 77 80
22.330000 77 80
22.400000 77 80
22.470000 77 80
22.540000 77 80
22.610000 77 80
22.680000 71 64
22.750000 0 0
22.820000 0 0
22.890000 69 74
22.960000 69 74
23.030000 69 74
23.100000 69 74
23.170000 68 71
23.240000 68 71
23.310000 68 71
23.380000 68 71
23.450000 67 70
23.520000 0 0
23.590000 0 0
23.660000 0 0
23.730000 64 63
23.800000 0 0
23.870000 0 0
23.940000 0 0
24.010000 0 0
24.080000 67 70
24.150000 0 0
24.220000 0 0
24.290000 0 0
24.360000 64 63
24.430000 0 0
24.500000 0 0
24.570000 0 0
24.640000 67 70
24.710000 0 0
24.780000 0 0
24.850000 0 0
24.920000 69 63
24.990000 0 0
25.060000 0 0
25.130000 0 0
25.200000 65 59
25.270000 65 59
25.340000 65 59
25.410000 65 59
25.480000 64 57
25.550000 64 57
25.620000 64 57
25.690000 64 57
25.760000 0 0
25.830000 63 56
25.900000 0 0
25.970000 0 0
26.040000 0 0
26.110000 60 50
26.180000 0 0
26.250000 0 0
26.320000 0 0
26.390000 66 56
26.460000 0 0
26.530000 0 0
26.600000 0 0
26.670000 60 50
26.740000 0 0
26.810000 0 0
26.880000 0 0
26.950000 66 56
27.020000 0 0
27.090000 0 0
27.160000 0 0
27.230000 73 61
27.300000 73 61
27.370000 73 61
27.440000 73 61
27.510000 0 0
27.580000 72 66
27.650000 72 66
27.720000 72 66
27.790000 72 66
27.860000 70 62
27.930000 70 62
28.000000 70 62
28.070000 70 62
28.140000 68 67
28.210000 68 67
28.280000 68 67
28.350000 68 67
28.420000 75 63
28.490000 75 63
28.560000 75 63
28.630000 75 63
28.700000 0 0
28.770000 73 70
28.840000 73 70
28.910000 73 70
28.980000 73 70
29.050000 70 66
29.120000 70 66
29.190000 70 66
29.260000 70 66
29.330000 73 72
29.400000 73 72
29.470000 73 72
29.540000 73 72
29.610000 72 68
29.680000 72 68
29.750000 72 68
29.820000 72 68
29.890000 75 73
29.960000 75 73
30.030000 75 73
30.100000 75 73
30.170000 0 0
30.240000 73 69
30.310000 73 69
30.380000 73 69
30.450000 73 69
30.520000 72 75
30.590000 72 75
30.660000 72 75
30.730000 72 75
30.800000 77 71
30.870000 77 71
30.940000 77 71
31.010000 77 71
31.080000 75 78
31.150000 75 78
31.220000 75 78
31.290000 75 78
31.360000 72 73
31.430000 72 73
31.500000 72 73
31.570000 72 73
31.640000 75 80
31.710000 75 80
31.780000 75 80
31.850000 75 80
31.920000 0 0
31.990000 74 75
32.060000 74 75
32.130000 74 75
32.200000 74 75
32.270000 80 84
32.340000 80 84
32.410000 80 84
32.480000 80 84
32.550000 79 84
32.620000 79 84
32.690000 79 84
32.760000 79 84
32.830000 64 70
32.900000 64 70
32.970000 64 70
33.040000 64 70
33.110000 65 63
33.180000 65 63
33.250000 0 0
33.320000 0 0
33.390000 0 0
33.460000 68 70
33.530000 68 70
33.600000 0 0
33.670000 0 0
33.740000 67 71
33.810000 67 71
33.880000 0 0
33.950000 0 0
34.020000 64 70
34.090000 64 70
34.160000 0 0
34.230000 0 0
34.300000 65 63
34.370000 65 63
34.440000 0 0
34.510000 0 0
34.580000 67 62
34.650000 0 0
34.720000 0 0
34.790000 0 0
34.860000 0 0
34.930000 68 63
35.000000 0 0
35.070000 0 0
35.140000 0 0
35.210000 63 62
35.280000 0 0
35.350000 0 0
35.420000 0 0
35.490000 65 57
35.560000 0 0
35.630000 0 0
35.700000 0 0
35.770000 72 67
35.840000 72 67
35.910000 72 67
35.980000 72 67
36.050000 72 67
36.120000 72 67
36.190000 72 67
36.260000 72 67
36.330000 72 67
36.400000 72 67
36.470000 72 67
36.540000 72 67
36.610000 72 67
36.680000 72 67
36.750000 72 67
36.820000 65 50
36.890000 0 0
36.960000 0 0
37.030000 67 44
37.100000 67 44
37.170000 67 44
37.240000 67 44
37.310000 0 0
37.380000 68 45
37.450000 68 45
37.520000 68 45
37.590000 68 45
37.660000 63 44
37.730000 63 44
37.800000 63 44
37.870000 63 44
37.940000 0 0
38.010000 74 49
38.080000 74 49
38.150000 74 49
38.220000 74 49
38.290000 0 0
38.360000 72 47
38.430000 72 47
38.500000 72 47
38.570000 72 47
38.640000 72 47
38.710000 72 47
38.780000 72 47
38.850000 72 47
38.920000 72 47
38.990000 72 47
39.060000 72 47
39.130000 72 47
39.200000 72 47
39.270000 72 47
39.340000 72 47
39.410000 0 0
39.480000 0 0
39.550000 0 0
39.620000 67 57
39.690000 67 57
39.760000 67 57
39.830000 67 57
39.900000 68 60
39.970000 68 60
40.040000 68 60
40.110000 68 60
40.180000 0 0
40.250000 72 59
40.320000 72 59
40.390000 72 59
40.460000 72 59
40.530000 74 53
40.600000 74 53
40.670000 0 0
40.740000 0 0
40.810000 82 63
40.880000 82 63
40.950000 82 63
41.020000 82 63
41.090000 0 0
41.160000 68 53
41.230000 68 53
41.300000 68 53
41.370000 68 53
41.440000 67 50
41.510000 67 50
41.580000 67 50
41.650000 67 50
41.720000 71 50
41.790000 71 50
41.860000 71 50
41.930000 71 50
42.000000 72 52
42.070000 72 52
42.140000 72 52
42.210000 72 52
42.280000 0 0
42.350000 73 49
42.420000 73 49
42.490000 73 49
42.560000 73 49
42.630000 72 52
42.700000 72 52
42.770000 72 52
42.840000 72 52
42.910000 74 50
42.980000 74 50
43.050000 74 50
43.120000 74 50
43.190000 72 56
43.260000 72 56
43.330000 72 56
43.400000 72 56
43.470000 0 0
43.540000 73 52
43.610000 73 52
43.680000 73 52
43.750000 73 52
43.820000 72 58
43.890000 72 58
43.960000 72 58
44.030000 72 58
44.100000 74 53
44.170000 74 53
44.240000 74 53
44.310000 74 53
44.380000 72 58
44.450000 72 58
44.520000 72 58
44.590000 72 58
44.660000 74 52
44.730000 74 52
44.800000 74 52
44.870000 74 52
44.940000 0 0
45.010000 72 57
45.080000 72 57
45.150000 72 57
45.220000 72 57
45.290000 73 51
45.360000 73 51
45.430000 73 51
45.500000 73 51
45.570000 72 55
45.640000 72 55
45.710000 72 55
45.780000 72 55
45.850000 74 50
45.920000 74 50
45.990000 74 50
46.060000 74 50
46.130000 75 52
46.200000 75 52
46.270000 75 52
46.340000 75 52
46.410000 0 0
46.480000 76 49
46.550000 76 49
46.620000 76 49
46.690000 76 49
46.760000 76 50
46.830000 76 50
46.900000 76 50
46.970000 76 50
47.040000 81 70
47.110000 81 70
47.180000 81 70
47.250000 81 70
47.320000 81 70
47.390000 81 70
47.460000 81 70
47.530000 81 70
47.600000 68 53
47.670000 68 53
47.740000 0 0
47.810000 0 0
47.880000 0 0
47.950000 64 50
48.020000 64 50
48.090000 0 0
48.160000 0 0
48.230000 84 70
48.300000 84 70
48.370000 84 70
48.440000 84 70
48.510000 84 70
48.580000 84 70
48.650000 84 70
48.720000 84 70
48.790000 83 64
48.860000 83 64
48.930000 83 64
49.000000 83 64
49.070000 81 64
49.140000 81 64
49.210000 0 0
49.280000 0 0
49.350000 88 68
49.420000 0 0
49.490000 0 0
49.560000 0 0
49.630000 0 0
49.700000 74 57
49.770000 0 0
49.840000 0 0
49.910000 0 0
49.980000 88 72
50.050000 0 0
50.120000 0 0
50.190000 0 0
50.260000 84 72
50.330000 0 0
50.400000 0 0
50.470000 0 0
50.540000 80 63
50.610000 0 0
50.680000 0 0
50.750000 0 0
50.820000 0 0
50.890000 81 58
50.960000 0 0
51.030000 0 0
51.100000 0 0
51.170000 84 55
51.240000 0 0
51.310000 0 0
51.380000 0 0
51.450000 71 48
51.520000 0 0
51.590000 0 0
51.660000 0 0
51.730000 69 48
51.800000 0 0
51.870000 0 0
51.940000 0 0
52.010000 0 0
52.080000 64 48
52.150000 0 0
52.220000 0 0
52.290000 0 0
52.360000 69 48
52.430000 0 0
52.500000 0 0
52.570000 0 0
52.640000 76 48
52.710000 0 0
52.780000 0 0
52.850000 0 0
52.920000 69 48
52.990000 0 0
53.060000 0 0
53.130000 0 0
53.200000 76 57
53.270000 0 0
53.340000 0 0
53.410000 0 0
53.480000 0 0
53.550000 69 53
53.620000 0 0
53.690000 0 0
53.760000 0 0
53.830000 83 66
53.900000 0 0
53.970000 0 0
54.040000 0 0
54.110000 84 72
54.180000 0 0
54.250000 0 0
54.320000 0 0
54.390000 67 56
54.460000 0 0
54.530000 0 0
54.600000 0 0
54.670000 78 62
54.740000 0 0
54.810000 0 0
54.880000 0 0
54.950000 0 0
55.020000 76 62
55.090000 0 0
55.160000 0 0
55.230000 0 0
55.300000 78 61
55.370000 0 0
55.440000 0 0
55.510000 0 0
55.580000 77 51
55.650000 0 0
55.720000 0 0
55.790000 0 0
55.860000 76 48
55.930000 0 0
56.000000 0 0
56.070000 0 0
56.140000 0 0
56.210000 76 47
56.280000 0 0
56.350000 0 0
56.420000 0 0
56.490000 81 71
56.560000 81 71
56.630000 81 71
56.700000 81 71
56.770000 81 71
56.840000 81 71
56.910000 81 71
56.980000 81 71
57.050000 0 0
57.120000 80 53
57.190000 80 53
57.260000 80 53
57.330000 80 53
57.400000 81 58
57.470000 81 58
57.540000 81 58
57.610000 81 58
57.680000 84 71
57.750000 84 71
57.820000 84 71
57.890000 84 71
57.960000 84 71
58.030000 84 71
58.100000 84 71
58.170000 84 71
58.240000 0 0
58.310000 83 56
58.380000 83 56
58.450000 83 56
58.520000 83 56
58.590000 81 58
58.660000 81 58
58.730000 81 58
58.800000 81 58
58.870000 88 73
58.940000 88 73
59.010000 88 73
59.080000 88 73
59.150000 86 70
59.220000 86 70
59.290000 86 70
59.360000 86 70
59.430000 0 0
59.500000 88 82
59.570000 88 82
59.640000 88 82
59.710000 88 82
59.780000 84 70
59.850000 84 70
59.920000 0 0
59.990000 0 0
60.060000 83 66
60.130000 83 66
60.200000 83 66
60.270000 83 66
60.340000 81 61
60.410000 81 61
60.480000 81 61
60.550000 81 61
60.620000 81 61
60.690000 81 61
60.760000 76 52
60.830000 0 0
60.900000 0 0
60.970000 83 69
61.040000 83 69
61.110000 83 69
61.180000 83 69
61.250000 81 66
61.320000 81 66
61.390000 81 66
61.460000 81 66
61.530000 76 64
61.600000 76 64
61.670000 76 64
61.740000 76 64
61.810000 81 60
61.880000 81 60
61.950000 81 60
62.020000 81 60
62.090000 0 0
62.160000 83 64
62.230000 83 64
62.300000 83 64
62.370000 83 64
62.440000 81 69
62.510000 81 69
62.580000 81 69
62.650000 81 69
62.720000 76 75
62.790000 76 75
62.860000 76 75
62.930000 76 75
63.000000 67 57
63.070000 67 57
63.140000 0 0
63.210000 0 0
63.280000 78 75
63.350000 78 75
63.420000 0 0
63.490000 0 0
63.560000 0 0
63.630000 77 77
63.700000 77 77
63.770000 0 0
63.840000 0 0
63.910000 65 59
63.980000 65 59
64.050000 0 0
64.120000 0 0
64.190000 71 63
64.260000 71 63
64.330000 0 0
64.400000 0 0
64.470000 0 0
64.540000 69 61
64.610000 69 61
64.680000 69 61
64.750000 69 61
64.820000 69 61
64.890000 69 61
64.960000 69 61
65.030000 69 61
65.100000 69 61
65.170000 69 61
65.240000 69 61
65.310000 69 61
65.380000 69 61
65.450000 69 61
65.520000 69 61
65.590000 0 0
65.660000 0 0
65.730000 64 38
65.800000 64 38
65.870000 64 38
65.940000 64 38
66.010000 0 0
66.080000 76 51
66.150000 76 51
66.220000 76 51
66.290000 76 51
66.360000 0 0
66.430000 74 50
66.500000 74 50
66.570000 74 50
66.640000 74 50
66.710000 71 44
66.780000 71 44
66.850000 71 44
66.920000 71 44
66.990000 0 0
67.060000 69 50
67.130000 69 50
67.200000 69 50
67.270000 69 50
67.340000 69 50
67.410000 69 50
67.480000 69 50
67.550000 69 50
67.620000 69 50
67.690000 69 50
67.760000 69 50
67.830000 69 50
67.900000 69 50
67.970000 69 50
68.040000 69 50
68.110000 69 50
68.180000 69 50
68.250000 69 50
68.320000 69 50
68.390000 69 50
68.460000 69 50
68.530000 69 50
68.600000 76 75
68.670000 76 75
68.740000 76 75
68.810000 76 75
68.880000 0 0
68.950000 81 73
69.020000 81 73
69.090000 81 73
69.160000 81 73
69.230000 80 69
69.300000 80 69
69.370000 80 69
69.440000 80 69
69.510000 79 73
69.580000 79 73
69.650000 79 73
69.720000 79 73
69.790000 0 0
69.860000 78 69
69.930000 78 69
70.000000 78 69
70.070000 78 69
70.140000 77 62
70.210000 77 62
70.280000 77 62
70.350000 77 62
70.420000 0 0
70.490000 71 44
70.560000 71 44
70.630000 71 44
70.700000 71 44
70.770000 69 50
70.840000 69 50
70.910000 69 50
70.980000 69 50
71.050000 65 48
71.120000 65 48
71.190000 65 48
71.260000 65 48
71.330000 74 47
71.400000 74 47
71.470000 74 47
71.540000 74 47
71.610000 0 0
71.680000 62 35
71.750000 62 35
71.820000 62 35
71.890000 62 35
71.960000 60 37
72.030000 60 37
72.100000 60 37
72.170000 60 37
72.240000 64 50
72.310000 64 50
72.380000 64 50
72.450000 64 50
72.520000 0 0
72.590000 65 49
72.660000 65 49
72.730000 65 49
72.800000 65 49
72.870000 62 45
72.940000 62 45
73.010000 62 45
73.080000 62 45
73.150000 69 47
73.220000 69 47
73.290000 69 47
73.360000 69 47
73.430000 69 47
73.500000 69 47
73.570000 69 47
73.640000 69 47
73.710000 0 0
73.780000 72 46
73.850000 72 46
73.920000 72 46
73.990000 72 46
74.060000 70 42
74.130000 70 42
74.200000 70 42
74.270000 70 42
74.340000 0 0
74.410000 69 42
74.480000 69 42
74.550000 69 42
74.620000 69 42
74.690000 69 42
74.760000 69 42
74.830000 69 42
74.900000 69 42
74.970000 69 42
75.040000 72 41
75.110000 72 41
75.180000 72 41
75.250000 72 41
75.320000 72 41
75.390000 70 38
75.460000 70 38
75.530000 0 0
75.600000 0 0
75.670000 0 0
75.740000 0 0
75.810000 0 0
75.880000 62 35
75.950000 62 35
76.020000 62 35
76.090000 62 35
76.160000 62 35
76.230000 62 35
76.300000 62 35
76.370000 62 35
76.440000 62 35
76.510000 62 35
76.580000 62 35
76.650000 62 35
76.720000 62 35
76.790000 62 35
76.860000 62 35
76.930000 62 35
77.000000 62 35
77.070000 62 35
77.140000 62 35
77.210000 62 35
77.280000 62 35
77.350000 62 35
77.420000 62 35
77.490000 62 35
77.560000 62 35
77.630000 62 35
77.700000 62 35
77.770000 62 35
77.840000 62 35
77.910000 62 35
77.980000 62 35
78.050000 62 35
78.120000 62 35
78.190000 62 35
78.260000 62 35
78.330000 62 35
78.400000 62 35
78.470000 62 35
78.540000 62 35
78.610000 62 35
78.680000 62 35
78.750000 62 35
78.820000 62 35
78.890000 62 35
78.960000 62 35
79.030000 62 35
79.100000 62 35
79.170000 62 35
79.240000 62 35
79.310000 62 35
79.380000 62 35
79.450000 0 0
79.520000 0 0
79.590000 0 0
79.660000 0 0
79.730000 61 35
79.800000 61 35
79.870000 61 35
79.940000 61 35
80.010000 61 35
80.080000 61 35
80.150000 61 35
80.220000 61 35
80.290000 61 35
80.360000 61 35
80.430000 61 35
80.500000 61 35
80.570000 61 35
80.640000 61 35
80.710000 61 35
80.780000 61 35
80.850000 61 35
80.920000 61 35
80.990000 61 35
81.060000 61 35
81.130000 61 35
81.200000 61 35
81.270000 61 35
# Piano left
0.000000 0 0
0.070000 0 0
0.140000 0 0
0.210000 0 0
0.280000 0 0
0.350000 0 0
0.420000 0 0
0.490000 0 0
0.560000 0 0
0.630000 0 0
0.700000 0 0
0.770000 0 0
0.840000 0 0
0.910000 52 55
0.980000 52 55
1.050000 52 55
1.120000 52 55
1.190000 0 0
1.260000 45 55
1.330000 0 0
1.400000 60 38
1.470000 0 0
1.540000 48 55
1.610000 0 0
1.680000 64 38
1.750000 0 0
1.820000 0 0
1.890000 47 55
1.960000 0 0
2.030000 62 38
2.100000 0 0
2.170000 52 55
2.240000 0 0
2.310000 64 38
2.380000 0 0
2.450000 48 55
2.520000 0 0
2.590000 64 38
2.660000 0 0
2.730000 45 55
2.800000 0 0
2.870000 64 38
2.940000 0 0
3.010000 0 0
3.080000 50 56
3.150000 0 0
3.220000 65 39
3.290000 0 0
3.360000 50 58
3.430000 0 0
3.500000 65 41
3.570000 0 0
3.640000 48 60
3.710000 0 0
3.780000 65 41
3.850000 0 0
3.920000 48 61
3.990000 0 0
4.060000 64 44
4.130000 0 0
4.200000 47 63
4.270000 0 0
4.340000 0 0
4.410000 62 45
4.480000 0 0
4.550000 40 66
4.620000 0 0
4.690000 62 46
4.760000 0 0
4.830000 45 68
4.900000 0 0
4.970000 60 46
5.040000 0 0
5.110000 47 66
5.180000 0 0
5.250000 62 44
5.320000 0 0
5.390000 48 61
5.460000 0 0
5.530000 0 0
5.600000 64 41
5.670000 0 0
5.740000 45 58
5.810000 0 0
5.880000 60 38
5.950000 0 0
6.020000 40 55
6.090000 0 0
6.160000 62 38
6.230000 0 0
6.300000 45 55
6.370000 0 0
6.440000 60 38
6.510000 0 0
6.580000 47 55
6.650000 0 0
6.720000 52 31
6.790000 0 0
6.860000 0 0
6.930000 45 55
7.000000 0 0
7.070000 52 31
7.140000 0 0
7.210000 40 55
7.280000 0 0
7.350000 52 31
7.420000 0 0
7.490000 45 55
7.560000 0 0
7.630000 52 31
7.700000 0 0
7.770000 47 56
7.840000 0 0
7.910000 52 35
7.980000 0 0
8.050000 45 60
8.120000 0 0
8.190000 57 38
8.260000 0 0
8.330000 43 64
8.400000 0 0
8.470000 0 0
8.540000 64 46
8.610000 0 0
8.680000 45 68
8.750000 0 0
8.820000 64 44
8.890000 0 0
8.960000 47 63
9.030000 0 0
9.100000 64 45
9.170000 0 0
9.240000 47 62
9.310000 0 0
9.380000 63 44
9.450000 0 0
9.520000 52 61
9.590000 0 0
9.660000 64 44
9.730000 0 0
9.800000 0 0
9.870000 51 60
9.940000 0 0
10.010000 66 44
10.080000 0 0
10.150000 50 61
10.220000 0 0
10.290000 65 41
10.360000 0 0
10.430000 40 58
10.500000 0 0
10.570000 64 38
10.640000 0 0
10.710000 45 55
10.780000 0 0
10.850000 0 0
10.920000 64 38
10.990000 0 0
11.060000 48 55
11.130000 0 0
11.200000 64 38
11.270000 0 0
11.340000 47 55
11.410000 0 0
11.480000 62 38
11.550000 0 0
11.620000 52 55
11.690000 0 0
11.760000 0 0
11.830000 64 38
11.900000 0 0
11.970000 48 55
12.040000 0 0
12.110000 64 38
12.180000 0 0
12.250000 45 55
12.320000 0 0
12.390000 64 38
12.460000 0 0
12.530000 50 56
12.600000 0 0
12.670000 65 39
12.740000 0 0
12.810000 50 58
12.880000 0 0
12.950000 65 41
13.020000 0 0
13.090000 0 0
13.160000 48 60
13.230000 0 0
13.300000 65 41
13.370000 0 0
13.440000 48 61
13.510000 0 0
13.580000 64 44
13.650000 0 0
13.720000 47 63
13.790000 0 0
13.860000 62 45
13.930000 0 0
14.000000 40 66
14.070000 0 0
14.140000 62 46
14.210000 0 0
14.280000 45 68
14.350000 0 0
14.420000 60 46
14.490000 0 0
14.560000 0 0
14.630000 47 66
14.700000 0 0
14.770000 56 37
14.840000 0 0
14.910000 48 61
14.980000 0 0
15.050000 57 35
15.120000 0 0
15.190000 45 58
15.260000 0 0
15.330000 60 38
15.400000 0 0
15.470000 40 55
15.540000 0 0
15.610000 62 38
15.680000 0 0
15.750000 0 0
15.820000 45 55
15.890000 0 0
15.960000 60 38
16.030000 0 0
16.100000 47 55
16.170000 0 0
16.240000 52 31
16.310000 0 0
16.380000 45 55
16.450000 0 0
16.520000 52 31
16.590000 0 0
16.660000 40 55
16.730000 0 0
16.800000 52 31
16.870000 0 0
16.940000 45 55
17.010000 0 0
17.080000 52 31
17.150000 0 0
17.220000 0 0
17.290000 47 56
17.360000 0 0
17.430000 52 35
17.500000 0 0
17.570000 45 60
17.640000 0 0
17.710000 57 38
17.780000 0 0
17.850000 43 64
17.920000 0 0
17.990000 64 46
18.060000 0 0
18.130000 45 68
18.200000 0 0
18.270000 64 44
18.340000 0 0
18.410000 47 63
18.480000 0 0
18.550000 0 0
18.620000 64 45
18.690000 0 0
18.760000 47 62
18.830000 0 0
18.900000 63 44
18.970000 0 0
19.040000 52 61
19.110000 0 0
19.180000 64 44
19.250000 0 0
19.320000 45 60
19.390000 0 0
19.460000 64 44
19.530000 0 0
19.600000 52 61
19.670000 0 0
19.740000 0 0
19.810000 64 41
19.880000 0 0
19.950000 45 58
20.020000 0 0
20.090000 64 38
20.160000 0 0
20.230000 43 55
20.300000 0 0
20.370000 0 0
20.440000 64 38
20.510000 0 0
20.580000 45 57
20.650000 0 0
20.720000 64 37
20.790000 0 0
20.860000 47 53
20.930000 0 0
21.000000 0 0
21.070000 64 37
21.140000 0 0
21.210000 47 52
21.280000 0 0
21.350000 63 37
21.420000 0 0
21.490000 52 59
21.560000 0 0
21.630000 0 0
21.700000 55 36
21.770000 0 0
21.840000 51 63
21.910000 0 0
21.980000 59 40
22.050000 0 0
22.120000 50 72
22.190000 0 0
22.260000 56 44
22.330000 0 0
22.400000 49 77
22.470000 0 0
22.540000 0 0
22.610000 56 42
22.680000 0 0
22.750000 48 77
22.820000 0 0
22.890000 65 53
22.960000 0 0
23.030000 48 77
23.100000 0 0
23.170000 65 53
23.240000 0 0
23.310000 48 77
23.380000 0 0
23.450000 55 44
23.520000 0 0
23.590000 48 77
23.660000 0 0
23.730000 55 44
23.800000 0 0
23.870000 0 0
23.940000 48 77
24.010000 0 0
24.080000 55 44
24.150000 0 0
24.220000 48 77
24.290000 0 0
24.360000 55 44
24.430000 0 0
24.500000 48 77
24.570000 0 0
24.640000 55 44
24.710000 0 0
24.780000 53 77
24.850000 0 0
24.920000 57 44
24.990000 0 0
25.060000 44 61
25.130000 0 0
25.200000 61 42
25.270000 0 0
25.340000 44 61
25.410000 0 0
25.480000 61 42
25.550000 0 0
25.620000 0 0
25.690000 44 61
25.760000 0 0
25.830000 51 35
25.900000 0 0
25.970000 44 61
26.040000 0 0
26.110000 51 35
26.180000 0 0
26.250000 44 61
26.320000 0 0
26.390000 51 35
26.460000 0 0
26.530000 44 61
26.600000 0 0
26.670000 51 35
26.740000 0 0
26.810000 44 61
26.880000 0 0
26.950000 51 35
27.020000 0 0
27.090000 44 61
27.160000 0 0
27.230000 53 35
27.300000 0 0
27.370000 0 0
27.440000 44 61
27.510000 0 0
27.580000 51 35
27.650000 0 0
27.720000 44 61
27.790000 0 0
27.860000 49 35
27.930000 0 0
28.000000 44 62
28.070000 0 0
28.140000 48 35
28.210000 0 0
28.280000 44 63
28.350000 0 0
28.420000 54 36
28.490000 0 0
28.560000 44 64
28.630000 0 0
28.700000 0 0
28.770000 53 37
28.840000 0 0
28.910000 44 64
28.980000 0 0
29.050000 49 37
29.120000 0 0
29.190000 44 67
29.260000 0 0
29.330000 53 38
29.400000 0 0
29.470000 44 67
29.540000 0 0
29.610000 51 38
29.680000 0 0
29.750000 44 68
29.820000 0 0
29.890000 54 39
29.960000 0 0
30.030000 44 69
30.100000 0 0
30.170000 0 0
30.240000 53 39
30.310000 0 0
30.380000 44 70
30.450000 0 0
30.520000 51 40
30.590000 0 0
30.660000 45 71
30.730000 0 0
30.800000 54 40
30.870000 0 0
30.940000 44 72
31.010000 0 0
31.080000 54 41
31.150000 0 0
31.220000 44 73
31.290000 0 0
31.360000 54 41
31.430000 0 0
31.500000 46 73
31.570000 0 0
31.640000 54 42
31.710000 0 0
31.780000 0 0
31.850000 46 74
31.920000 0 0
31.990000 53 42
32.060000 0 0
32.130000 47 77
32.200000 0 0
32.270000 65 53
32.340000 0 0
32.410000 47 77
32.480000 0 0
32.550000 65 53
32.620000 0 0
32.690000 48 77
32.760000 0 0
32.830000 55 44
32.900000 0 0
32.970000 41 77
33.040000 0 0
33.110000 53 44
33.180000 0 0
33.250000 0 0
33.320000 47 77
33.390000 0 0
33.460000 65 53
33.530000 0 0
33.600000 47 77
33.670000 0 0
33.740000 65 53
33.810000 0 0
33.880000 48 77
33.950000 0 0
34.020000 55 44
34.090000 0 0
34.160000 41 77
34.230000 0 0
34.300000 53 44
34.370000 0 0
34.440000 39 69
34.510000 0 0
34.580000 60 48
34.650000 0 0
34.720000 0 0
34.790000 41 69
34.860000 0 0
34.930000 60 48
35.000000 0 0
35.070000 43 69
35.140000 0 0
35.210000 55 39
35.280000 0 0
35.350000 43 69
35.420000 0 0
35.490000 55 39
35.560000 0 0
35.630000 48 61
35.700000 0 0
35.770000 60 42
35.840000 0 0
35.910000 0 0
35.980000 41 61
36.050000 0 0
36.120000 60 42
36.190000 0 0
36.260000 48 61
36.330000 0 0
36.400000 55 35
36.470000 0 0
36.540000 41 61
36.610000 0 0
36.680000 0 0
36.750000 53 35
36.820000 0 0
36.890000 39 55
36.960000 0 0
37.030000 60 34
37.100000 0 0
37.170000 0 0
37.240000 41 49
37.310000 0 0
37.380000 53 27
37.450000 0 0
37.520000 43 49
37.590000 0 0
37.660000 60 34
37.730000 0 0
37.800000 0 0
37.870000 43 49
37.940000 0 0
38.010000 59 34
38.080000 0 0
38.150000 48 42
38.220000 0 0
38.290000 0 0
38.360000 60 29
38.430000 0 0
38.500000 41 39
38.570000 0 0
38.640000 60 34
38.710000 0 0
38.780000 48 41
38.850000 0 0
38.920000 0 0
38.990000 55 27
39.060000 0 0
39.130000 41 42
39.200000 0 0
39.270000 53 27
39.340000 0 0
39.410000 0 0
39.480000 39 58
39.550000 0 0
39.620000 60 44
39.690000 0 0
39.760000 41 64
39.830000 0 0
39.900000 60 46
39.970000 0 0
40.040000 44 68
40.110000 0 0
40.180000 0 0
40.250000 60 37
40.320000 0 0
40.390000 43 70
40.460000 0 0
40.530000 62 39
40.600000 0 0
40.670000 48 71
40.740000 0 0
40.810000 67 42
40.880000 0 0
40.950000 53 60
41.020000 0 0
41.090000 0 0
41.160000 65 40
41.230000 0 0
41.300000 55 57
41.370000 0 0
41.440000 60 30
41.510000 0 0
41.580000 43 55
41.650000 0 0
41.720000 55 27
41.790000 0 0
41.860000 48 49
41.930000 0 0
42.000000 55 27
42.070000 0 0
42.140000 0 0
42.210000 47 49
42.280000 0 0
42.350000 56 27
42.420000 0 0
42.490000 48 49
42.560000 0 0
42.630000 55 27
42.700000 0 0
42.770000 47 50
42.840000 0 0
42.910000 56 28
42.980000 0 0
43.050000 48 51
43.120000 0 0
43.190000 55 29
43.260000 0 0
43.330000 47 51
43.400000 0 0
43.470000 0 0
43.540000 56 29
43.610000 0 0
43.680000 48 52
43.750000 0 0
43.820000 55 29
43.890000 0 0
43.960000 47 52
44.030000 0 0
44.100000 56 29
44.170000 0 0
44.240000 48 53
44.310000 0 0
44.380000 55 29
44.450000 0 0
44.520000 47 52
44.590000 0 0
44.660000 56 29
44.730000 0 0
44.800000 48 52
44.870000 0 0
44.940000 0 0
45.010000 55 29
45.080000 0 0
45.150000 47 51
45.220000 0 0
45.290000 56 29
45.360000 0 0
45.430000 48 51
45.500000 0 0
45.570000 55 29
45.640000 0 0
45.710000 47 50
45.780000 0 0
45.850000 56 28
45.920000 0 0
45.990000 47 49
46.060000 0 0
46.130000 57 28
46.200000 0 0
46.270000 40 49
46.340000 0 0
46.410000 0 0
46.480000 59 27
46.550000 0 0
46.620000 45 55
46.690000 0 0
46.760000 60 38
46.830000 0 0
46.900000 48 64
46.970000 0 0
47.040000 64 45
47.110000 0 0
47.180000 47 64
47.250000 0 0
47.320000 53 37
47.390000 0 0
47.460000 52 64
47.530000 0 0
47.600000 59 37
47.670000 0 0
47.740000 48 55
47.810000 0 0
47.880000 0 0
47.950000 64 38
48.020000 0 0
48.090000 45 64
48.160000 0 0
48.230000 57 37
48.300000 0 0
48.370000 50 64
48.440000 0 0
48.510000 57 37
48.580000 0 0
48.650000 50 64
48.720000 0 0
48.790000 65 45
48.860000 0 0
48.930000 48 55
49.000000 0 0
49.070000 65 38
49.140000 0 0
49.210000 48 61
49.280000 0 0
49.350000 64 44
49.420000 0 0
49.490000 0 0
49.560000 47 63
49.630000 0 0
49.700000 62 45
49.770000 0 0
49.840000 40 66
49.910000 0 0
49.980000 62 46
50.050000 0 0
50.120000 45 68
50.190000 0 0
50.260000 60 46
50.330000 0 0
50.400000 47 66
50.470000 0 0
50.540000 62 44
50.610000 0 0
50.680000 0 0
50.750000 48 61
50.820000 0 0
50.890000 64 41
50.960000 0 0
51.030000 45 58
51.100000 0 0
51.170000 60 38
51.240000 0 0
51.310000 40 55
51.380000 0 0
51.450000 62 38
51.520000 0 0
51.590000 45 55
51.660000 0 0
51.730000 60 38
51.800000 0 0
51.870000 0 0
51.940000 47 55
52.010000 0 0
52.080000 52 31
52.150000 0 0
52.220000 45 55
52.290000 0 0
52.360000 52 31
52.430000 0 0
52.500000 40 55
52.570000 0 0
52.640000 52 31
52.710000 0 0
52.780000 45 55
52.850000 0 0
52.920000 52 31
52.990000 0 0
53.060000 47 56
53.130000 0 0
53.200000 52 35
53.270000 0 0
53.340000 45 60
53.410000 0 0
53.480000 0 0
53.550000 57 38
53.620000 0 0
53.690000 43 64
53.760000 0 0
53.830000 64 46
53.900000 0 0
53.970000 45 68
54.040000 0 0
54.110000 64 44
54.180000 0 0
54.250000 47 63
54.320000 0 0
54.390000 64 45
54.460000 0 0
54.530000 47 62
54.600000 0 0
54.670000 63 44
54.740000 0 0
54.810000 0 0
54.880000 52 61
54.950000 0 0
55.020000 64 44
55.090000 0 0
55.160000 51 60
55.230000 0 0
55.300000 66 44
55.370000 0 0
55.440000 50 61
55.510000 0 0
55.580000 65 41
55.650000 0 0
55.720000 40 58
55.790000 0 0
55.860000 64 38
55.930000 0 0
56.000000 0 0
56.070000 45 55
56.140000 0 0
56.210000 64 38
56.280000 0 0
56.350000 48 55
56.420000 0 0
56.490000 64 38
56.560000 0 0
56.630000 47 55
56.700000 0 0
56.770000 0 0
56.840000 62 38
56.910000 0 0
56.980000 52 55
57.050000 0 0
57.120000 64 38
57.190000 0 0
57.260000 48 55
57.330000 0 0
57.400000 64 38
57.470000 0 0
57.540000 45 55
57.610000 0 0
57.680000 64 38
57.750000 0 0
57.820000 0 0
57.890000 50 56
57.960000 0 0
58.030000 65 39
58.100000 0 0
58.170000 50 58
58.240000 0 0
58.310000 65 41
58.380000 0 0
58.450000 48 60
58.520000 0 0
58.590000 65 41
58.660000 0 0
58.730000 48 61
58.800000 0 0
58.870000 64 44
58.940000 0 0
59.010000 47 63
59.080000 0 0
59.150000 62 45
59.220000 0 0
59.290000 0 0
59.360000 40 66
59.430000 0 0
59.500000 62 46
59.570000 0 0
59.640000 45 68
59.710000 0 0
59.780000 57 38
59.850000 0 0
59.920000 47 66
59.990000 0 0
60.060000 56 37
60.130000 0 0
60.200000 48 61
60.270000 0 0
60.340000 57 35
60.410000 0 0
60.480000 45 58
60.550000 0 0
60.620000 0 0
60.690000 57 31
60.760000 0 0
60.830000 40 55
60.900000 0 0
60.970000 62 38
61.040000 0 0
61.110000 45 55
61.180000 0 0
61.250000 60 38
61.320000 0 0
61.390000 47 55
61.460000 0 0
61.530000 52 31
61.600000 0 0
61.670000 45 55
61.740000 0 0
61.810000 52 31
61.880000 0 0
61.950000 0 0
62.020000 40 55
62.090000 0 0
62.160000 52 31
62.230000 0 0
62.300000 45 55
62.370000 0 0
62.440000 52 31
62.510000 0 0
62.580000 47 56
62.650000 0 0
62.720000 52 35
62.790000 0 0
62.860000 49 60
62.930000 0 0
63.000000 58 38
63.070000 0 0
63.140000 50 64
63.210000 50 64
63.280000 50 64
63.350000 50 64
63.420000 50 64
63.490000 50 64
63.560000 50 64
63.630000 50 64
63.700000 0 0
63.770000 38 63
63.840000 0 0
63.910000 58 45
63.980000 0 0
64.050000 40 62
64.120000 0 0
64.190000 59 41
64.260000 0 0
64.330000 45 58
64.400000 0 0
64.470000 0 0
64.540000 57 41
64.610000 0 0
64.680000 50 57
64.750000 0 0
64.820000 57 41
64.890000 0 0
64.960000 45 58
65.030000 0 0
65.100000 57 39
65.170000 0 0
65.240000 50 55
65.310000 0 0
65.380000 0 0
65.450000 57 36
65.520000 0 0
65.590000 45 51
65.660000 0 0
65.730000 57 28
65.800000 0 0
65.870000 0 0
65.940000 36 45
66.010000 0 0
66.080000 57 29
66.150000 0 0
66.220000 38 42
66.290000 0 0
66.360000 0 0
66.430000 58 29
66.500000 0 0
66.570000 40 41
66.640000 0 0
66.710000 59 29
66.780000 0 0
66.850000 0 0
66.920000 45 44
66.990000 0 0
67.060000 52 25
67.130000 0 0
67.200000 50 41
67.270000 0 0
67.340000 57 28
67.410000 0 0
67.480000 0 0
67.550000 45 39
67.620000 0 0
67.690000 52 25
67.760000 0 0
67.830000 50 38
67.900000 0 0
67.970000 53 27
68.040000 0 0
68.110000 0 0
68.180000 45 40
68.250000 0 0
68.320000 57 34
68.390000 0 0
68.460000 48 64
68.530000 0 0
68.600000 60 48
68.670000 0 0
68.740000 0 0
68.810000 47 62
68.880000 0 0
68.950000 59 39
69.020000 0 0
69.090000 52 62
69.160000 0 0
69.230000 59 39
69.300000 0 0
69.370000 45 69
69.440000 0 0
69.510000 57 39
69.580000 0 0
69.650000 0 0
69.720000 50 59
69.790000 0 0
69.860000 57 39
69.930000 0 0
70.000000 38 59
70.070000 0 0
70.140000 53 33
70.210000 0 0
70.280000 40 41
70.350000 0 0
70.420000 0 0
70.490000 59 29
70.560000 0 0
70.630000 45 44
70.700000 0 0
70.770000 52 25
70.840000 0 0
70.910000 50 41
70.980000 0 0
71.050000 57 30
71.120000 0 0
71.190000 38 39
71.260000 0 0
71.330000 53 25
71.400000 0 0
71.470000 0 0
71.540000 40 38
71.610000 0 0
71.680000 52 24
71.750000 0 0
71.820000 41 36
71.890000 0 0
71.960000 57 29
72.030000 0 0
72.100000 36 55
72.170000 0 0
72.240000 57 38
72.310000 0 0
72.380000 0 0
72.450000 38 55
72.520000 0 0
72.590000 50 30
72.660000 0 0
72.730000 40 55
72.800000 0 0
72.870000 52 30
72.940000 0 0
73.010000 45 41
73.080000 0 0
73.150000 52 23
73.220000 0 0
73.290000 50 39
73.360000 0 0
73.430000 0 0
73.500000 57 28
73.570000 0 0
73.640000 45 38
73.710000 0 0
73.780000 52 24
73.850000 0 0
73.920000 50 36
73.990000 0 0
74.060000 53 26
74.130000 0 0
74.200000 0 0
74.270000 45 39
74.340000 0 0
74.410000 52 20
74.480000 0 0
74.550000 50 36
74.620000 0 0
74.690000 0 0
74.760000 57 25
74.830000 0 0
74.900000 45 35
74.970000 0 0
75.040000 52 22
75.110000 0 0
75.180000 0 0
75.250000 45 33
75.320000 45 33
75.390000 50 23
75.460000 50 23
75.530000 0 0
75.600000 45 27
75.670000 45 27
75.740000 45 27
75.810000 45 27
75.880000 45 27
75.950000 45 27
76.020000 45 27
76.090000 45 27
76.160000 45 27
76.230000 45 27
76.300000 45 27
76.370000 45 27
76.440000 45 27
76.510000 45 27
76.580000 45 27
76.650000 45 27
76.720000 45 27
76.790000 45 27
76.860000 45 27
76.930000 45 27
77.000000 45 27
77.070000 45 27
77.140000 45 27
77.210000 45 27
77.280000 45 27
77.350000 45 27
77.420000 45 27
77.490000 45 27
77.560000 45 27
77.630000 45 27
77.700000 45 27
77.770000 45 27
77.840000 45 27
77.910000 45 27
77.980000 45 27
78.050000 45 27
78.120000 45 27
78.190000 45 27
78.260000 45 27
78.330000 45 27
78.400000 45 27
78.470000 45 27
78.540000 45 27
78.610000 45 27
78.680000 45 27
78.750000 45 27
78.820000 45 27
78.890000 45 27
78.960000 45 27
79.030000 45 27
79.100000 45 27
79.170000 45 27
79.240000 45 27
79.310000 45 27
79.380000 45 27
79.450000 45 27
79.520000 45 27
79.590000 45 27
79.660000 45 27
79.730000 45 27
79.800000 45 27
79.870000 45 27
79.940000 45 27
80.010000 45 27
80.080000 45 27
80.150000 45 27
80.220000 45 27
80.290000 45 27
80.360000 45 27
80.430000 45 27
80.500000 45 27
80.570000 45 27
80.640000 45 27
80.710000 45 27
80.780000 45 27
80.850000 45 27
80.920000 45 27
80.990000 45 27
81.060000 45 27
81.130000 45 27
81.200000 45 27
81.270000 57 33
