"chpn_op25_e3"

# Piano right
0.000000 0 0
0.070000 0 0
0.140000 0 0
0.210000 0 0
0.280000 0 0
0.350000 0 0
0.420000 0 0
0.490000 0 0
0.560000 0 0
0.630000 0 0
0.700000 0 0
0.770000 0 0
0.840000 72 61
0.910000 72 61
0.980000 72 61
1.050000 72 61
1.120000 72 61
1.190000 0 0
1.260000 65 50
1.330000 65 50
1.400000 72 52
1.470000 72 52
1.540000 72 52
1.610000 0 0
1.680000 0 0
1.750000 60 46
1.820000 65 47
1.890000 65 47
1.960000 65 47
2.030000 0 0
2.100000 0 0
2.170000 65 48
2.240000 72 49
2.310000 72 49
2.380000 72 49
2.450000 0 0
2.520000 0 0
2.590000 67 50
2.660000 72 51
2.730000 72 51
2.800000 72 51
2.870000 0 0
2.940000 0 0
3.010000 60 44
3.080000 67 47
3.150000 67 47
3.220000 67 47
3.290000 0 0
3.360000 0 0
3.430000 67 48
3.500000 67 48
3.570000 72 52
3.640000 72 52
3.710000 72 52
3.780000 0 0
3.850000 69 52
3.920000 69 52
3.990000 72 53
4.060000 72 53
4.130000 72 53
4.200000 0 0
4.270000 65 49
4.340000 65 49
4.410000 72 49
4.480000 72 49
4.550000 72 49
4.620000 0 0
4.690000 74 50
4.760000 74 50
4.830000 79 54
4.900000 79 54
4.970000 79 54
5.040000 0 0
5.110000 0 0
5.180000 67 52
5.250000 72 57
5.320000 72 57
5.390000 72 57
5.460000 0 0
5.530000 0 0
5.600000 72 51
5.670000 79 51
5.740000 79 51
5.810000 79 51
5.880000 0 0
5.950000 0 0
6.020000 84 51
6.090000 84 51
6.160000 91 53
6.230000 91 53
6.300000 91 53
6.370000 0 0
6.440000 0 0
6.510000 65 50
6.580000 65 50
6.650000 72 51
6.720000 72 51
6.790000 72 51
6.860000 0 0
6.930000 0 0
7.000000 60 46
7.070000 65 47
7.140000 65 47
7.210000 65 47
7.280000 0 0
7.350000 0 0
7.420000 65 48
7.490000 72 53
7.560000 72 53
7.630000 72 53
7.700000 0 0
7.770000 0 0
7.840000 67 50
7.910000 72 51
7.980000 72 51
8.050000 72 51
8.120000 0 0
8.190000 0 0
8.260000 60 40
8.330000 60 40
8.400000 67 47
8.470000 67 47
8.540000 67 47
8.610000 0 0
8.680000 67 48
8.750000 67 48
8.820000 72 49
8.890000 72 49
8.960000 72 49
9.030000 0 0
9.100000 0 0
9.170000 69 52
9.240000 72 53
9.310000 72 53
9.380000 72 53
9.450000 0 0
9.520000 0 0
9.590000 69 49
9.660000 74 49
9.730000 74 49
9.800000 74 49
9.870000 0 0
9.940000 0 0
10.010000 67 50
10.080000 72 53
10.150000 72 53
10.220000 72 53
10.290000 0 0
10.360000 0 0
10.430000 65 54
10.500000 72 57
10.570000 72 57
10.640000 72 57
10.710000 0 0
10.780000 0 0
10.850000 77 51
10.920000 77 51
10.990000 84 51
11.060000 84 51
11.130000 84 51
11.200000 0 0
11.270000 0 0
11.340000 89 51
11.410000 96 58
11.480000 96 58
11.550000 96 58
11.620000 0 0
11.690000 0 0
11.760000 0 0
11.830000 65 50
11.900000 65 50
11.970000 72 52
12.040000 72 52
12.110000 0 0
12.180000 0 0
12.250000 60 46
12.320000 60 46
12.390000 65 47
12.460000 65 47
12.530000 0 0
12.600000 0 0
12.670000 65 48
12.740000 65 48
12.810000 0 0
12.880000 72 49
12.950000 72 49
13.020000 0 0
13.090000 0 0
13.160000 67 50
13.230000 67 50
13.300000 72 51
13.370000 72 51
13.440000 0 0
13.510000 0 0
13.580000 60 40
13.650000 60 40
13.720000 67 57
13.790000 67 57
13.860000 0 0
13.930000 0 0
14.000000 67 48
14.070000 67 48
14.140000 72 52
14.210000 72 52
14.280000 0 0
14.350000 0 0
14.420000 69 52
14.490000 69 52
14.560000 72 53
14.630000 72 53
14.700000 0 0
14.770000 0 0
14.840000 65 49
14.910000 65 49
14.980000 72 49
15.050000 72 49
15.120000 0 0
15.190000 0 0
15.260000 74 50
15.330000 74 50
15.400000 79 54
15.470000 79 54
15.540000 0 0
15.610000 0 0
15.680000 67 52
15.750000 67 52
15.820000 72 57
15.890000 72 57
15.960000 0 0
16.030000 0 0
16.100000 72 51
16.170000 72 51
16.240000 0 0
16.310000 79 51
16.380000 79 51
16.450000 0 0
16.520000 0 0
16.590000 84 51
16.660000 84 51
16.730000 91 53
16.800000 91 53
16.870000 0 0
16.940000 0 0
17.010000 0 0
17.080000 65 50
17.150000 65 50
17.220000 72 51
17.290000 72 51
17.360000 0 0
17.430000 0 0
17.500000 60 46
17.570000 60 46
17.640000 65 47
17.710000 65 47
17.780000 0 0
17.850000 0 0
17.920000 65 48
17.990000 65 48
18.060000 0 0
18.130000 72 53
18.200000 72 53
18.270000 0 0
18.340000 0 0
18.410000 67 50
18.480000 67 50
18.550000 72 51
18.620000 72 51
18.690000 0 0
18.760000 0 0
18.830000 60 40
18.900000 60 40
18.970000 67 47
19.040000 67 47
19.110000 0 0
19.180000 0 0
19.250000 67 48
19.320000 67 48
19.390000 72 49
19.460000 72 49
19.530000 0 0
19.600000 0 0
19.670000 69 52
19.740000 69 52
19.810000 72 53
19.880000 72 53
19.950000 0 0
20.020000 0 0
20.090000 69 49
20.160000 69 49
20.230000 74 49
20.300000 74 49
20.370000 0 0
20.440000 0 0
20.510000 67 50
20.580000 67 50
20.650000 0 0
20.720000 72 53
20.790000 72 53
20.860000 0 0
20.930000 0 0
21.000000 65 54
21.070000 65 54
21.140000 72 57
21.210000 72 57
21.280000 0 0
21.350000 0 0
21.420000 77 51
21.490000 77 51
21.560000 77 51
21.630000 84 51
21.700000 84 51
21.770000 0 0
21.840000 0 0
21.910000 89 51
21.980000 89 51
22.050000 96 58
22.120000 96 58
22.190000 101 71
22.260000 0 0
22.330000 0 0
22.400000 67 39
22.470000 67 39
22.540000 72 47
22.610000 72 47
22.680000 72 47
22.750000 72 47
22.820000 0 0
22.890000 67 37
22.960000 72 44
23.030000 72 44
23.100000 72 44
23.170000 72 44
23.240000 79 66
23.310000 69 38
23.380000 72 47
23.450000 72 47
23.520000 72 47
23.590000 72 47
23.660000 81 70
23.730000 65 42
23.800000 70 47
23.870000 70 47
23.940000 70 47
24.010000 70 47
24.080000 82 64
24.150000 65 34
24.220000 65 34
24.290000 70 44
24.360000 70 44
24.430000 70 44
24.500000 70 44
24.570000 65 32
24.640000 65 32
24.710000 70 44
24.780000 70 44
24.850000 70 44
24.920000 70 44
24.990000 0 0
25.060000 65 38
25.130000 70 47
25.200000 70 47
25.270000 70 47
25.340000 70 47
25.410000 77 65
25.480000 65 37
25.550000 70 44
25.620000 70 44
25.690000 70 44
25.760000 70 44
25.830000 77 66
25.900000 67 38
25.970000 67 38
26.040000 70 47
26.110000 70 47
26.180000 70 47
26.250000 70 47
26.320000 63 42
26.390000 63 42
26.460000 68 47
26.530000 68 47
26.600000 68 47
26.670000 68 47
26.740000 63 34
26.810000 63 34
26.880000 68 44
26.950000 68 44
27.020000 68 44
27.090000 68 44
27.160000 0 0
27.230000 63 32
27.300000 68 44
27.370000 68 44
27.440000 68 44
27.510000 68 44
27.580000 75 59
27.650000 63 38
27.720000 68 47
27.790000 68 47
27.860000 68 47
27.930000 68 47
28.000000 75 65
28.070000 63 37
28.140000 63 37
28.210000 68 44
28.280000 68 44
28.350000 68 44
28.420000 68 44
28.490000 63 40
28.560000 63 40
28.630000 68 47
28.700000 68 47
28.770000 68 47
28.840000 68 47
28.910000 0 0
28.980000 63 33
29.050000 67 46
29.120000 67 46
29.190000 67 46
29.260000 67 46
29.330000 75 61
29.400000 62 30
29.470000 67 44
29.540000 67 44
29.610000 67 44
29.680000 67 44
29.750000 74 59
29.820000 62 27
29.890000 62 27
29.960000 67 44
30.030000 67 44
30.100000 67 44
30.170000 67 44
30.240000 0 0
30.310000 63 28
30.380000 68 38
30.450000 68 38
30.520000 68 38
30.590000 68 38
30.660000 75 55
30.730000 75 34
30.800000 80 42
30.870000 80 42
30.940000 80 42
31.010000 80 42
31.080000 87 64
31.150000 75 38
31.220000 80 45
31.290000 80 45
31.360000 80 45
31.430000 80 45
31.500000 89 66
31.570000 75 37
31.640000 75 37
31.710000 79 44
31.780000 79 44
31.850000 79 44
31.920000 79 44
31.990000 0 0
32.060000 74 33
32.130000 79 42
32.200000 79 42
32.270000 79 42
32.340000 79 42
32.410000 86 57
32.480000 74 29
32.550000 79 42
32.620000 79 42
32.690000 79 42
32.760000 79 42
32.830000 86 57
32.900000 74 34
32.970000 74 34
33.040000 78 42
33.110000 78 42
33.180000 78 42
33.250000 78 42
33.320000 0 0
33.390000 62 30
33.460000 66 36
33.530000 66 36
33.600000 66 36
33.670000 66 36
33.740000 0 0
33.810000 64 33
33.880000 66 38
33.950000 66 38
34.020000 66 38
34.090000 66 38
34.160000 76 59
34.230000 62 33
34.300000 66 37
34.370000 66 37
34.440000 66 37
34.510000 66 37
34.580000 74 51
34.650000 61 29
34.720000 66 36
34.790000 66 36
34.860000 66 36
34.930000 66 36
35.000000 73 51
35.070000 61 27
35.140000 61 27
35.210000 66 36
35.280000 66 36
35.350000 66 36
35.420000 66 36
35.490000 0 0
35.560000 59 37
35.630000 66 47
35.700000 66 47
35.770000 66 47
35.840000 66 47
35.910000 71 65
35.980000 59 36
36.050000 66 44
36.120000 66 44
36.190000 66 44
36.260000 66 44
36.330000 71 67
36.400000 61 38
36.470000 61 38
36.540000 66 47
36.610000 66 47
36.680000 66 47
36.750000 66 47
36.820000 66 47
36.890000 59 40
36.960000 66 47
37.030000 66 47
37.100000 66 47
37.170000 66 47
37.240000 66 47
37.310000 0 0
37.380000 58 35
37.450000 66 44
37.520000 66 44
37.590000 66 44
37.660000 66 44
37.730000 66 44
37.800000 0 0
37.870000 58 31
37.940000 66 43
38.010000 66 43
38.080000 66 43
38.150000 66 43
38.220000 66 43
38.290000 66 43
38.360000 0 0
38.430000 59 48
38.500000 66 57
38.570000 66 57
38.640000 66 57
38.710000 66 57
38.780000 0 0
38.850000 54 45
38.920000 59 51
38.990000 59 51
39.060000 59 51
39.130000 59 51
39.200000 66 74
39.270000 59 46
39.340000 66 53
39.410000 66 53
39.480000 66 53
39.550000 66 53
39.620000 71 78
39.690000 61 48
39.760000 66 55
39.830000 66 55
39.900000 66 55
39.970000 66 55
40.040000 73 81
40.110000 54 47
40.180000 54 47
40.250000 61 53
40.320000 61 53
40.390000 61 53
40.460000 61 53
40.530000 61 46
40.600000 61 46
40.670000 66 57
40.740000 66 57
40.810000 66 57
40.880000 66 57
40.950000 63 51
41.020000 63 51
41.090000 66 58
41.160000 66 58
41.230000 66 58
41.300000 66 58
41.370000 0 0
41.440000 59 47
41.510000 66 53
41.580000 66 53
41.650000 66 53
41.720000 66 53
41.790000 0 0
41.860000 68 48
41.930000 73 59
42.000000 73 59
42.070000 73 59
42.140000 73 59
42.210000 80 76
42.280000 61 51
42.350000 66 63
42.420000 66 63
42.490000 66 63
42.560000 66 63
42.630000 73 81
42.700000 66 49
42.770000 73 55
42.840000 73 55
42.910000 73 55
42.980000 73 55
43.050000 78 76
43.120000 78 49
43.190000 78 49
43.260000 85 58
43.330000 85 58
43.400000 85 58
43.470000 85 58
43.540000 85 58
43.610000 59 48
43.680000 59 48
43.750000 66 57
43.820000 66 57
43.890000 66 57
43.960000 66 57
44.030000 0 0
44.100000 54 45
44.170000 59 46
44.240000 59 46
44.310000 59 46
44.380000 59 46
44.450000 66 74
44.520000 59 46
44.590000 66 53
44.660000 66 53
44.730000 66 53
44.800000 66 53
44.870000 71 78
44.940000 61 48
45.010000 66 55
45.080000 66 55
45.150000 66 55
45.220000 66 55
45.290000 73 81
45.360000 54 47
45.430000 54 47
45.500000 61 53
45.570000 61 53
45.640000 61 53
45.710000 61 53
45.780000 61 46
45.850000 61 46
45.920000 66 57
45.990000 66 57
46.060000 66 57
46.130000 66 57
46.200000 63 51
46.270000 63 51
46.340000 66 58
46.410000 66 58
46.480000 66 58
46.550000 66 58
46.620000 63 47
46.690000 63 47
46.760000 68 53
46.830000 68 53
46.900000 68 53
46.970000 68 53
47.040000 0 0
47.110000 61 48
47.180000 66 59
47.250000 66 59
47.320000 66 59
47.390000 66 59
47.460000 73 76
47.530000 59 51
47.600000 66 63
47.670000 66 63
47.740000 66 63
47.810000 66 63
47.880000 71 81
47.950000 71 49
48.020000 78 55
48.090000 78 55
48.160000 78 55
48.230000 78 55
48.300000 83 76
48.370000 83 49
48.440000 83 49
48.510000 90 58
48.580000 90 58
48.650000 90 58
48.720000 90 58
48.790000 90 58
48.860000 61 44
48.930000 61 44
49.000000 66 51
49.070000 66 51
49.140000 66 51
49.210000 66 51
49.280000 0 0
49.350000 61 40
49.420000 66 48
49.490000 66 48
49.560000 66 48
49.630000 66 48
49.700000 73 70
49.770000 63 44
49.840000 66 51
49.910000 66 51
49.980000 66 51
50.050000 66 51
50.120000 75 76
50.190000 64 46
50.260000 64 46
50.330000 68 52
50.400000 68 52
50.470000 68 52
50.540000 68 52
50.610000 59 39
50.680000 59 39
50.750000 64 46
50.820000 64 46
50.890000 64 46
50.960000 64 46
51.030000 0 0
51.100000 59 39
51.170000 64 49
51.240000 64 49
51.310000 64 49
51.380000 64 49
51.450000 71 66
51.520000 59 44
51.590000 64 51
51.660000 64 51
51.730000 64 51
51.800000 64 51
51.870000 64 51
51.940000 59 40
52.010000 59 40
52.080000 64 48
52.150000 64 48
52.220000 64 48
52.290000 64 48
52.360000 61 44
52.430000 61 44
52.500000 64 51
52.570000 64 51
52.640000 64 51
52.710000 64 51
52.780000 0 0
52.850000 62 46
52.920000 66 52
52.990000 66 52
53.060000 66 52
53.130000 66 52
53.200000 74 76
53.270000 57 39
53.340000 62 46
53.410000 62 46
53.480000 62 46
53.550000 62 46
53.620000 69 63
53.690000 57 39
53.760000 62 49
53.830000 62 49
53.900000 62 49
53.970000 62 49
54.040000 69 66
54.110000 57 40
54.180000 57 40
54.250000 61 48
54.320000 61 48
54.390000 61 48
54.460000 61 48
54.530000 0 0
54.600000 69 37
54.670000 73 45
54.740000 73 45
54.810000 73 45
54.880000 73 45
54.950000 81 66
55.020000 71 40
55.090000 73 48
55.160000 73 48
55.230000 73 48
55.300000 73 48
55.370000 83 70
55.440000 69 46
55.510000 73 52
55.580000 73 52
55.650000 73 52
55.720000 73 52
55.790000 81 72
55.860000 68 39
55.930000 73 46
56.000000 73 46
56.070000 73 46
56.140000 73 46
56.210000 80 63
56.280000 68 39
56.350000 68 39
56.420000 73 49
56.490000 73 49
56.560000 73 49
56.630000 73 49
56.700000 69 34
56.770000 69 34
56.840000 73 40
56.910000 73 40
56.980000 73 40
57.050000 73 40
57.120000 0 0
57.190000 81 36
57.260000 85 37
57.330000 85 37
57.400000 85 37
57.470000 85 37
57.540000 93 54
57.610000 83 38
57.680000 85 40
57.750000 85 40
57.820000 85 40
57.890000 85 40
57.960000 95 60
58.030000 81 43
58.100000 85 44
58.170000 85 44
58.240000 85 44
58.310000 85 44
58.380000 93 64
58.450000 80 37
58.520000 80 37
58.590000 85 38
58.660000 85 38
58.730000 85 38
58.800000 85 38
58.870000 80 37
58.940000 80 37
59.010000 85 40
59.080000 85 40
59.150000 85 40
59.220000 85 40
59.290000 92 54
59.360000 80 38
59.430000 84 40
59.500000 84 40
59.570000 84 40
59.640000 84 40
59.710000 92 55
59.780000 68 35
59.850000 68 35
59.920000 72 36
59.990000 72 36
60.060000 72 36
60.130000 72 36
60.200000 70 37
60.270000 70 37
60.340000 72 39
60.410000 72 39
60.480000 72 39
60.550000 72 39
60.620000 68 40
60.690000 68 40
60.760000 72 42
60.830000 72 42
60.900000 72 42
60.970000 72 42
61.040000 0 0
61.110000 67 35
61.180000 72 36
61.250000 72 36
61.320000 72 36
61.390000 72 36
61.460000 79 50
61.530000 67 35
61.600000 72 37
61.670000 72 37
61.740000 72 37
61.810000 72 37
61.880000 79 51
61.950000 65 35
62.020000 65 35
62.090000 72 37
62.160000 72 37
62.230000 72 37
62.300000 72 37
62.370000 72 37
62.440000 65 32
62.510000 72 34
62.580000 72 34
62.650000 72 34
62.720000 72 34
62.790000 72 34
62.860000 67 34
62.930000 72 36
63.000000 72 36
63.070000 72 36
63.140000 72 36
63.210000 72 36
63.280000 0 0
63.350000 65 37
63.420000 72 38
63.490000 72 38
63.560000 72 38
63.630000 72 38
63.700000 72 38
63.770000 0 0
63.840000 64 32
63.910000 72 32
63.980000 72 32
64.050000 72 32
64.120000 72 32
64.190000 72 32
64.260000 0 0
64.330000 64 31
64.400000 64 31
64.470000 72 34
64.540000 72 34
64.610000 72 34
64.680000 72 34
64.750000 72 34
64.820000 72 34
64.890000 65 59
64.960000 65 59
65.030000 0 0
65.100000 0 0
65.170000 0 0
65.240000 0 0
65.310000 60 54
65.380000 60 54
65.450000 0 0
65.520000 0 0
65.590000 0 0
65.660000 0 0
65.730000 65 57
65.800000 65 57
65.870000 72 58
65.940000 0 0
66.010000 0 0
66.080000 0 0
66.150000 67 59
66.220000 67 59
66.290000 72 61
66.360000 0 0
66.430000 0 0
66.500000 0 0
66.570000 60 54
66.640000 60 54
66.710000 67 55
66.780000 0 0
66.850000 0 0
66.920000 0 0
66.990000 0 0
67.060000 67 57
67.130000 67 57
67.200000 0 0
67.270000 0 0
67.340000 0 0
67.410000 0 0
67.480000 69 63
67.550000 69 63
67.620000 0 0
67.690000 0 0
67.760000 0 0
67.830000 0 0
67.900000 65 58
67.970000 65 58
68.040000 0 0
68.110000 0 0
68.180000 0 0
68.250000 0 0
68.320000 74 59
68.390000 74 59
68.460000 0 0
68.530000 0 0
68.600000 0 0
68.670000 0 0
68.740000 67 63
68.810000 72 69
68.880000 72 69
68.950000 0 0
69.020000 0 0
69.090000 0 0
69.160000 72 61
69.230000 72 61
69.300000 79 61
69.370000 0 0
69.440000 0 0
69.510000 0 0
69.580000 84 61
69.650000 84 61
69.720000 84 61
69.790000 0 0
69.860000 0 0
69.930000 0 0
70.000000 0 0
70.070000 0 0
70.140000 65 59
70.210000 65 59
70.280000 0 0
70.350000 0 0
70.420000 0 0
70.490000 0 0
70.560000 60 54
70.630000 60 54
70.700000 0 0
70.770000 0 0
70.840000 0 0
70.910000 0 0
70.980000 65 57
71.050000 65 57
71.120000 72 64
71.190000 0 0
71.260000 0 0
71.330000 0 0
71.400000 67 59
71.470000 67 59
71.540000 72 61
71.610000 0 0
71.680000 0 0
71.750000 0 0
71.820000 0 0
71.890000 60 54
71.960000 60 54
72.030000 0 0
72.100000 0 0
72.170000 0 0
72.240000 0 0
72.310000 67 57
72.380000 67 57
72.450000 0 0
72.520000 0 0
72.590000 0 0
72.660000 0 0
72.730000 69 63
72.800000 69 63
72.870000 0 0
72.940000 0 0
73.010000 0 0
73.080000 0 0
73.150000 69 58
73.220000 69 58
73.290000 0 0
73.360000 0 0
73.430000 0 0
73.500000 0 0
73.570000 67 59
73.640000 67 59
73.710000 72 64
73.780000 0 0
73.850000 0 0
73.920000 0 0
73.990000 0 0
74.060000 65 65
74.130000 65 65
74.200000 0 0
74.270000 0 0
74.340000 0 0
74.410000 0 0
74.480000 72 61
74.550000 72 61
74.620000 0 0
74.690000 0 0
74.760000 0 0
74.830000 0 0
74.900000 72 55
74.970000 72 55
75.040000 72 55
75.110000 0 0
75.180000 0 0
75.250000 0 0
75.320000 65 57
75.390000 65 57
75.460000 77 61
75.530000 0 0
75.600000 0 0
75.670000 0 0
75.740000 0 0
75.810000 84 54
75.880000 84 54
75.950000 0 0
76.020000 0 0
76.090000 0 0
76.160000 0 0
76.230000 84 49
76.300000 84 49
76.370000 0 0
76.440000 0 0
76.510000 0 0
76.580000 0 0
76.650000 84 58
76.720000 84 58
76.790000 89 61
76.860000 0 0
76.930000 0 0
77.000000 0 0
77.070000 72 44
77.140000 72 44
77.210000 77 49
77.280000 84 61
77.350000 84 61
77.420000 84 61
77.490000 0 0
77.560000 72 44
77.630000 72 44
77.700000 0 0
77.770000 84 65
77.840000 84 65
77.910000 84 65
77.980000 65 46
78.050000 65 46
78.120000 0 0
78.190000 84 67
78.260000 84 67
78.330000 84 67
78.400000 84 44
78.470000 84 44
78.540000 84 44
78.610000 96 61
78.680000 96 61
78.750000 96 61
78.820000 0 0
78.890000 84 42
78.960000 84 42
79.030000 84 42
79.100000 96 65
79.170000 96 65
79.240000 96 65
79.310000 84 46
79.380000 84 46
79.450000 0 0
79.520000 96 67
79.590000 96 67
79.660000 96 67
79.730000 83 46
79.800000 83 46
79.870000 90 46
79.940000 0 0
80.010000 0 0
80.080000 0 0
80.150000 0 0
80.220000 83 45
80.290000 83 45
80.360000 0 0
80.430000 0 0
80.500000 0 0
80.570000 0 0
80.640000 81 46
80.710000 81 46
80.780000 0 0
80.850000 0 0
80.920000 0 0
80.990000 0 0
81.060000 81 45
81.130000 81 45
81.200000 0 0
81.270000 0 0
81.340000 0 0
81.410000 0 0
81.480000 79 42
81.550000 79 42
81.620000 84 47
81.690000 0 0
81.760000 0 0
81.830000 0 0
81.900000 0 0
81.970000 77 43
82.040000 77 43
82.110000 0 0
82.180000 0 0
82.250000 0 0
82.320000 0 0
82.390000 71 43
82.460000 71 43
82.530000 0 0
82.600000 0 0
82.670000 0 0
82.740000 0 0
82.810000 71 39
82.880000 71 39
82.950000 0 0
83.020000 0 0
83.090000 0 0
83.160000 0 0
83.230000 69 39
83.300000 69 39
83.370000 76 43
83.440000 0 0
83.510000 0 0
83.580000 0 0
83.650000 0 0
83.720000 69 39
83.790000 69 39
83.860000 0 0
83.930000 0 0
84.000000 0 0
84.070000 0 0
84.140000 67 37
84.210000 67 37
84.280000 0 0
84.350000 0 0
84.420000 0 0
84.490000 0 0
84.560000 65 39
84.630000 65 39
84.700000 0 0
84.770000 77 54
84.840000 77 54
84.910000 77 54
84.980000 72 43
85.050000 72 43
85.120000 77 44
85.190000 84 55
85.260000 84 55
85.330000 84 55
85.400000 0 0
85.470000 72 39
85.540000 72 39
85.610000 0 0
85.680000 84 59
85.750000 84 59
85.820000 84 59
85.890000 72 43
85.960000 72 43
86.030000 0 0
86.100000 84 56
86.170000 84 56
86.240000 84 56
86.310000 72 43
86.380000 72 43
86.450000 77 44
86.520000 84 54
86.590000 84 54
86.660000 84 54
86.730000 72 37
86.800000 72 37
86.870000 79 44
86.940000 84 54
87.010000 84 54
87.080000 84 54
87.150000 0 0
87.220000 72 38
87.290000 72 38
87.360000 0 0
87.430000 84 54
87.500000 84 54
87.570000 84 54
87.640000 72 40
87.710000 72 40
87.780000 0 0
87.850000 84 52
87.920000 84 52
87.990000 84 52
88.060000 72 35
88.130000 72 35
88.200000 77 42
88.270000 84 51
88.340000 84 51
88.410000 84 51
88.480000 72 37
88.550000 72 37
88.620000 0 0
88.690000 84 49
88.760000 84 49
88.830000 84 49
88.900000 0 0
88.970000 72 37
89.040000 72 37
89.110000 0 0
89.180000 84 47
89.250000 84 47
89.320000 84 47
89.390000 72 32
89.460000 72 32
89.530000 0 0
89.600000 84 46
89.670000 84 46
89.740000 84 46
89.810000 72 33
89.880000 72 33
89.950000 72 33
90.020000 84 45
90.090000 84 45
90.160000 84 45
90.230000 0 0
90.300000 72 33
90.370000 72 33
90.440000 72 33
90.510000 84 42
90.580000 84 42
90.650000 84 42
90.720000 72 28
90.790000 72 28
90.860000 72 28
90.930000 84 40
91.000000 84 40
91.070000 84 40
91.140000 72 28
91.210000 72 28
91.280000 72 28
91.350000 0 0
91.420000 0 0
91.490000 76 33
91.560000 0 0
91.630000 0 0
91.700000 0 0
91.770000 0 0
91.840000 0 0
91.910000 0 0
91.980000 0 0
92.050000 0 0
92.120000 0 0
92.190000 0 0
92.260000 0 0
92.330000 0 0
92.400000 0 0
92.470000 0 0
92.540000 0 0
92.610000 101 60
92.680000 101 60
92.750000 101 60
92.820000 101 60
92.890000 101 60
92.960000 101 60
93.030000 101 60
93.100000 101 60
93.170000 101 60
93.240000 101 60
93.310000 0 0
93.380000 0 0
93.450000 0 0
93.520000 0 0
93.590000 0 0
93.660000 0 0
93.730000 0 0
93.800000 0 0
93.870000 0 0
93.940000 0 0
94.010000 0 0
94.080000 57 31
94.150000 57 31
94.220000 57 31
94.290000 57 31
94.360000 57 31
94.430000 57 31
94.500000 57 31
94.570000 57 31
94.640000 57 31
94.710000 57 31
94.780000 0 0
94.850000 57 31
94.920000 57 31
94.990000 57 31
95.060000 57 31
95.130000 57 31
95.200000 57 31
95.270000 57 31
95.340000 57 31
95.410000 57 31
95.480000 57 31
95.550000 57 31
95.620000 57 31
95.690000 57 31
95.760000 57 31
95.830000 57 31
95.900000 57 31
95.970000 57 31
96.040000 57 31
96.110000 57 31
96.180000 57 31
96.250000 57 31
96.320000 57 31
96.390000 57 31
96.460000 57 31
96.530000 57 31
96.600000 57 31
96.670000 57 31
96.740000 57 31
96.810000 57 31
96.880000 57 31
96.950000 57 31
97.020000 57 31
97.090000 57 31
97.160000 57 31
97.230000 57 31
97.300000 57 31
97.370000 57 31
97.440000 57 31
97.510000 57 31
97.580000 57 31
97.650000 57 31
97.720000 57 31
97.790000 57 31
97.860000 57 31
97.930000 57 31
98.000000 57 31
98.070000 57 31
98.140000 57 31
98.210000 57 31
98.280000 57 31
98.350000 57 31
98.420000 57 31
98.490000 57 31
98.560000 57 31
98.630000 57 31
98.700000 57 31
98.770000 57 31
98.840000 57 31
98.910000 57 31
98.980000 57 31
99.050000 57 31
99.120000 57 31
99.190000 57 31
99.260000 57 31
99.330000 57 31
99.400000 57 31
99.470000 57 31
99.540000 57 31
99.610000 57 31
99.680000 57 31
99.750000 57 31
99.820000 57 31
99.890000 57 31
99.960000 57 31
100.030000 57 31
100.100000 57 31
100.170000 57 31
100.240000 57 31
100.310000 57 31
100.380000 57 31
100.450000 57 31
100.520000 57 31
100.590000 57 31
100.660000 57 31
100.730000 57 31
100.800000 57 31
100.870000 57 31
100.940000 57 31
101.010000 57 31
# Piano left
0.000000 0 0
0.070000 0 0
0.140000 0 0
0.210000 0 0
0.280000 0 0
0.350000 0 0
0.420000 0 0
0.490000 0 0
0.560000 0 0
0.630000 0 0
0.700000 0 0
0.770000 0 0
0.840000 0 0
0.910000 0 0
0.980000 0 0
1.050000 0 0
1.120000 0 0
1.190000 0 0
1.260000 48 31
1.330000 48 31
1.400000 53 35
1.470000 41 31
1.540000 0 0
1.610000 0 0
1.680000 0 0
1.750000 48 29
1.820000 48 29
1.890000 0 0
1.960000 41 29
2.030000 0 0
2.100000 0 0
2.170000 48 29
2.240000 48 29
2.310000 0 0
2.380000 41 28
2.450000 0 0
2.520000 0 0
2.590000 48 31
2.660000 48 31
2.730000 0 0
2.800000 41 30
2.870000 0 0
2.940000 0 0
3.010000 48 29
3.080000 48 29
3.150000 0 0
3.220000 41 28
3.290000 0 0
3.360000 0 0
3.430000 48 29
3.500000 48 29
3.570000 52 33
3.640000 41 28
3.710000 0 0
3.780000 0 0
3.850000 48 32
3.920000 48 32
3.990000 53 36
4.060000 41 32
4.130000 0 0
4.200000 0 0
4.270000 50 30
4.340000 50 30
4.410000 53 34
4.480000 41 29
4.550000 0 0
4.620000 0 0
4.690000 50 30
4.760000 50 30
4.830000 53 34
4.900000 43 30
4.970000 0 0
5.040000 0 0
5.110000 0 0
5.180000 55 33
5.250000 55 33
5.320000 0 0
5.390000 48 32
5.460000 0 0
5.530000 0 0
5.600000 60 31
5.670000 60 31
5.740000 0 0
5.810000 55 28
5.880000 0 0
5.950000 0 0
6.020000 67 31
6.090000 67 31
6.160000 67 31
6.230000 60 30
6.300000 0 0
6.370000 0 0
6.440000 0 0
6.510000 48 31
6.580000 48 31
6.650000 53 35
6.720000 41 31
6.790000 0 0
6.860000 0 0
6.930000 0 0
7.000000 48 29
7.070000 48 29
7.140000 0 0
7.210000 41 29
7.280000 0 0
7.350000 0 0
7.420000 48 29
7.490000 48 29
7.560000 0 0
7.630000 41 28
7.700000 0 0
7.770000 0 0
7.840000 48 31
7.910000 48 31
7.980000 0 0
8.050000 41 30
8.120000 0 0
8.190000 0 0
8.260000 48 29
8.330000 48 29
8.400000 52 33
8.470000 41 28
8.540000 0 0
8.610000 0 0
8.680000 48 29
8.750000 48 29
8.820000 52 33
8.890000 41 28
8.960000 0 0
9.030000 0 0
9.100000 0 0
9.170000 48 32
9.240000 48 32
9.310000 41 32
9.380000 0 0
9.450000 0 0
9.520000 0 0
9.590000 50 30
9.660000 50 30
9.730000 0 0
9.800000 43 29
9.870000 0 0
9.940000 0 0
10.010000 55 30
10.080000 55 30
10.150000 0 0
10.220000 48 30
10.290000 0 0
10.360000 0 0
10.430000 48 33
10.500000 48 33
10.570000 0 0
10.640000 41 32
10.710000 0 0
10.780000 0 0
10.850000 60 31
10.920000 60 31
10.990000 60 31
11.060000 53 28
11.130000 0 0
11.200000 0 0
11.270000 0 0
11.340000 72 31
11.410000 72 31
11.480000 72 31
11.550000 65 30
11.620000 0 0
11.690000 0 0
11.760000 0 0
11.830000 48 31
11.900000 48 31
11.970000 0 0
12.040000 41 31
12.110000 0 0
12.180000 0 0
12.250000 48 29
12.320000 48 29
12.390000 53 33
12.460000 41 29
12.530000 0 0
12.600000 0 0
12.670000 48 29
12.740000 48 29
12.810000 53 33
12.880000 41 28
12.950000 0 0
13.020000 0 0
13.090000 0 0
13.160000 48 31
13.230000 48 31
13.300000 41 30
13.370000 0 0
13.440000 0 0
13.510000 0 0
13.580000 48 29
13.650000 48 29
13.720000 0 0
13.790000 41 28
13.860000 0 0
13.930000 0 0
14.000000 48 29
14.070000 48 29
14.140000 0 0
14.210000 41 28
14.280000 0 0
14.350000 0 0
14.420000 48 32
14.490000 48 32
14.560000 0 0
14.630000 41 32
14.700000 0 0
14.770000 0 0
14.840000 50 30
14.910000 50 30
14.980000 0 0
15.050000 41 29
15.120000 0 0
15.190000 0 0
15.260000 50 30
15.330000 50 30
15.400000 0 0
15.470000 43 30
15.540000 0 0
15.610000 0 0
15.680000 55 33
15.750000 55 33
15.820000 58 37
15.890000 48 32
15.960000 0 0
16.030000 0 0
16.100000 60 31
16.170000 60 31
16.240000 64 35
16.310000 55 28
16.380000 0 0
16.450000 0 0
16.520000 0 0
16.590000 67 31
16.660000 67 31
16.730000 67 31
16.800000 60 30
16.870000 0 0
16.940000 0 0
17.010000 0 0
17.080000 48 31
17.150000 48 31
17.220000 0 0
17.290000 41 31
17.360000 0 0
17.430000 0 0
17.500000 48 29
17.570000 48 29
17.640000 53 33
17.710000 41 29
17.780000 0 0
17.850000 0 0
17.920000 48 29
17.990000 48 29
18.060000 53 33
18.130000 41 28
18.200000 0 0
18.270000 0 0
18.340000 0 0
18.410000 48 31
18.480000 48 31
18.550000 0 0
18.620000 41 30
18.690000 0 0
18.760000 0 0
18.830000 48 29
18.900000 48 29
18.970000 0 0
19.040000 41 28
19.110000 0 0
19.180000 0 0
19.250000 48 29
19.320000 48 29
19.390000 0 0
19.460000 41 28
19.530000 0 0
19.600000 0 0
19.670000 48 32
19.740000 48 32
19.810000 53 36
19.880000 41 32
19.950000 0 0
20.020000 0 0
20.090000 50 30
20.160000 50 30
20.230000 53 34
20.300000 43 29
20.370000 0 0
20.440000 0 0
20.510000 48 30
20.580000 48 30
20.650000 52 34
20.720000 36 30
20.790000 0 0
20.860000 0 0
20.930000 0 0
21.000000 48 33
21.070000 48 33
21.140000 48 33
21.210000 41 32
21.280000 0 0
21.350000 0 0
21.420000 60 31
21.490000 60 31
21.560000 60 31
21.630000 53 28
21.700000 0 0
21.770000 0 0
21.840000 0 0
21.910000 72 31
21.980000 72 31
22.050000 72 31
22.120000 65 30
22.190000 65 30
22.260000 0 0
22.330000 0 0
22.400000 55 25
22.470000 55 25
22.540000 55 25
22.610000 48 31
22.680000 48 31
22.750000 48 31
22.820000 0 0
22.890000 55 24
22.960000 55 24
23.030000 0 0
23.100000 48 30
23.170000 48 30
23.240000 48 30
23.310000 60 25
23.380000 60 25
23.450000 0 0
23.520000 53 31
23.590000 53 31
23.660000 53 31
23.730000 53 26
23.800000 53 26
23.870000 0 0
23.940000 46 31
24.010000 46 31
24.080000 46 31
24.150000 53 23
24.220000 53 23
24.290000 58 30
24.360000 46 29
24.430000 46 29
24.500000 46 29
24.570000 53 24
24.640000 53 24
24.710000 58 30
24.780000 46 29
24.850000 46 29
24.920000 46 29
24.990000 0 0
25.060000 53 24
25.130000 53 24
25.200000 0 0
25.270000 46 31
25.340000 46 31
25.410000 46 31
25.480000 53 24
25.550000 53 24
25.620000 0 0
25.690000 46 30
25.760000 46 30
25.830000 46 30
25.900000 51 25
25.970000 51 25
26.040000 58 32
26.110000 39 31
26.180000 39 31
26.250000 39 31
26.320000 51 26
26.390000 51 26
26.460000 56 32
26.530000 44 31
26.600000 44 31
26.670000 44 31
26.740000 51 23
26.810000 51 23
26.880000 56 30
26.950000 44 29
27.020000 44 29
27.090000 44 29
27.160000 0 0
27.230000 51 24
27.300000 51 24
27.370000 0 0
27.440000 44 29
27.510000 44 29
27.580000 44 29
27.650000 51 24
27.720000 51 24
27.790000 0 0
27.860000 43 31
27.930000 43 31
28.000000 43 31
28.070000 51 24
28.140000 51 24
28.210000 56 30
28.280000 43 30
28.350000 43 30
28.420000 43 30
28.490000 51 25
28.560000 51 25
28.630000 56 32
28.700000 43 31
28.770000 43 31
28.840000 43 31
28.910000 0 0
28.980000 50 23
29.050000 50 23
29.120000 50 23
29.190000 43 30
29.260000 43 30
29.330000 43 30
29.400000 50 23
29.470000 50 23
29.540000 50 23
29.610000 43 29
29.680000 43 29
29.750000 43 29
29.820000 50 24
29.890000 50 24
29.960000 50 24
30.030000 43 29
30.100000 43 29
30.170000 43 29
30.240000 0 0
30.310000 51 18
30.380000 51 18
30.450000 0 0
30.520000 43 26
30.590000 43 26
30.660000 43 26
30.730000 63 22
30.800000 63 22
30.870000 0 0
30.940000 55 28
31.010000 55 28
31.080000 55 28
31.150000 63 23
31.220000 63 23
31.290000 0 0
31.360000 55 29
31.430000 55 29
31.500000 55 29
31.570000 62 23
31.640000 62 23
31.710000 67 29
31.780000 55 28
31.850000 55 28
31.920000 55 28
31.990000 0 0
32.060000 62 21
32.130000 62 21
32.200000 62 21
32.270000 55 27
32.340000 55 27
32.410000 55 27
32.480000 62 22
32.550000 62 22
32.620000 62 22
32.690000 55 27
32.760000 55 27
32.830000 55 27
32.900000 62 19
32.970000 62 19
33.040000 66 28
33.110000 54 27
33.180000 54 27
33.250000 54 27
33.320000 0 0
33.390000 50 18
33.460000 50 18
33.530000 42 25
33.600000 42 25
33.670000 42 25
33.740000 0 0
33.810000 50 19
33.880000 50 19
33.950000 0 0
34.020000 42 26
34.090000 42 26
34.160000 42 26
34.230000 49 19
34.300000 49 19
34.370000 0 0
34.440000 42 25
34.510000 42 25
34.580000 42 25
34.650000 49 18
34.720000 49 18
34.790000 0 0
34.860000 42 24
34.930000 42 24
35.000000 42 24
35.070000 49 18
35.140000 49 18
35.210000 54 26
35.280000 42 24
35.350000 42 24
35.420000 42 24
35.490000 0 0
35.560000 50 23
35.630000 50 23
35.700000 50 23
35.770000 42 30
35.840000 42 30
35.910000 42 30
35.980000 50 23
36.050000 50 23
36.120000 50 23
36.190000 42 29
36.260000 42 29
36.330000 42 29
36.400000 52 25
36.470000 52 25
36.540000 52 25
36.610000 42 31
36.680000 42 31
36.750000 42 31
36.820000 0 0
36.890000 50 25
36.960000 50 25
37.030000 50 25
37.100000 42 29
37.170000 42 29
37.240000 42 29
37.310000 0 0
37.380000 49 22
37.450000 49 22
37.520000 49 22
37.590000 42 28
37.660000 42 28
37.730000 42 28
37.800000 0 0
37.870000 49 23
37.940000 49 23
38.010000 49 23
38.080000 42 27
38.150000 42 27
38.220000 42 27
38.290000 42 27
38.360000 0 0
38.430000 51 42
38.500000 42 38
38.570000 35 34
38.640000 35 34
38.710000 35 34
38.780000 0 0
38.850000 51 39
38.920000 42 36
38.990000 0 0
39.060000 35 31
39.130000 35 31
39.200000 35 31
39.270000 51 39
39.340000 42 36
39.410000 0 0
39.480000 35 30
39.550000 35 30
39.620000 35 30
39.690000 52 42
39.760000 42 38
39.830000 0 0
39.900000 35 32
39.970000 35 32
40.040000 35 32
40.110000 52 40
40.180000 0 0
40.250000 42 37
40.320000 35 31
40.390000 35 31
40.460000 35 31
40.530000 52 39
40.600000 0 0
40.670000 42 36
40.740000 35 30
40.810000 35 30
40.880000 35 30
40.950000 51 43
41.020000 0 0
41.090000 42 39
41.160000 35 35
41.230000 35 35
41.300000 35 35
41.370000 0 0
41.440000 51 40
41.510000 42 37
41.580000 35 31
41.650000 35 31
41.720000 35 31
41.790000 0 0
41.860000 53 40
41.930000 47 37
42.000000 0 0
42.070000 37 32
42.140000 37 32
42.210000 37 32
42.280000 49 36
42.350000 49 36
42.420000 0 0
42.490000 42 35
42.560000 42 35
42.630000 42 35
42.700000 54 34
42.770000 54 34
42.840000 0 0
42.910000 49 30
42.980000 49 30
43.050000 49 30
43.120000 61 34
43.190000 61 34
43.260000 61 34
43.330000 54 32
43.400000 54 32
43.470000 54 32
43.540000 0 0
43.610000 51 42
43.680000 0 0
43.750000 42 38
43.820000 35 34
43.890000 35 34
43.960000 35 34
44.030000 0 0
44.100000 51 39
44.170000 42 36
44.240000 0 0
44.310000 35 31
44.380000 35 31
44.450000 35 31
44.520000 51 39
44.590000 42 36
44.660000 0 0
44.730000 35 30
44.800000 35 30
44.870000 35 30
44.940000 52 42
45.010000 42 38
45.080000 0 0
45.150000 35 32
45.220000 35 32
45.290000 35 32
45.360000 52 40
45.430000 0 0
45.500000 42 37
45.570000 35 31
45.640000 35 31
45.710000 35 31
45.780000 52 39
45.850000 0 0
45.920000 42 36
45.990000 35 30
46.060000 35 30
46.130000 35 30
46.200000 51 43
46.270000 0 0
46.340000 42 39
46.410000 35 35
46.480000 35 35
46.550000 35 35
46.620000 53 40
46.690000 0 0
46.760000 47 37
46.830000 37 31
46.900000 37 31
46.970000 37 31
47.040000 0 0
47.110000 58 40
47.180000 52 37
47.250000 0 0
47.320000 42 32
47.390000 42 32
47.460000 42 32
47.530000 51 44
47.600000 42 40
47.670000 0 0
47.740000 35 35
47.810000 35 35
47.880000 35 35
47.950000 63 42
48.020000 54 38
48.090000 0 0
48.160000 47 30
48.230000 47 30
48.300000 47 30
48.370000 75 42
48.440000 0 0
48.510000 66 38
48.580000 59 32
48.650000 59 32
48.720000 59 32
48.790000 0 0
48.860000 58 33
48.930000 0 0
49.000000 49 34
49.070000 42 31
49.140000 42 31
49.210000 42 31
49.280000 0 0
49.350000 57 32
49.420000 49 33
49.490000 0 0
49.560000 42 29
49.630000 42 29
49.700000 42 29
49.770000 57 33
49.840000 47 34
49.910000 0 0
49.980000 42 29
50.050000 42 29
50.120000 42 29
50.190000 57 35
50.260000 0 0
50.330000 47 36
50.400000 40 29
50.470000 40 29
50.540000 40 29
50.610000 56 31
50.680000 0 0
50.750000 47 32
50.820000 40 26
50.890000 40 26
50.960000 40 26
51.030000 0 0
51.100000 56 30
51.170000 47 31
51.240000 0 0
51.310000 40 25
51.380000 40 25
51.450000 40 25
51.520000 55 33
51.590000 47 34
51.660000 0 0
51.730000 40 31
51.800000 40 31
51.870000 40 31
51.940000 55 32
52.010000 0 0
52.080000 47 33
52.150000 40 29
52.220000 40 29
52.290000 40 29
52.360000 55 33
52.430000 0 0
52.500000 45 34
52.570000 40 29
52.640000 40 29
52.710000 40 29
52.780000 0 0
52.850000 55 35
52.920000 45 36
52.990000 0 0
53.060000 38 29
53.130000 38 29
53.200000 38 29
53.270000 54 31
53.340000 45 32
53.410000 0 0
53.480000 38 26
53.550000 38 26
53.620000 38 26
53.690000 54 30
53.760000 45 31
53.830000 0 0
53.900000 38 25
53.970000 38 25
54.040000 38 25
54.110000 54 31
54.180000 0 0
54.250000 45 32
54.320000 37 29
54.390000 37 29
54.460000 37 29
54.530000 0 0
54.600000 57 24
54.670000 57 24
54.740000 0 0
54.810000 49 27
54.880000 49 27
54.950000 49 27
55.020000 57 24
55.090000 57 24
55.160000 0 0
55.230000 49 27
55.300000 49 27
55.370000 49 27
55.440000 56 24
55.510000 56 24
55.580000 0 0
55.650000 49 29
55.720000 49 29
55.790000 49 29
55.860000 56 24
55.930000 56 24
56.000000 0 0
56.070000 49 26
56.140000 49 26
56.210000 49 26
56.280000 56 24
56.350000 56 24
56.420000 61 31
56.490000 49 25
56.560000 49 25
56.630000 49 25
56.700000 57 19
56.770000 57 19
56.840000 61 27
56.910000 49 25
56.980000 49 25
57.050000 49 25
57.120000 0 0
57.190000 69 23
57.260000 69 23
57.330000 0 0
57.400000 61 23
57.470000 61 23
57.540000 61 23
57.610000 69 23
57.680000 69 23
57.750000 0 0
57.820000 61 23
57.890000 61 23
57.960000 61 23
58.030000 68 23
58.100000 68 23
58.170000 0 0
58.240000 61 25
58.310000 61 25
58.380000 61 25
58.450000 68 23
58.520000 68 23
58.590000 73 27
58.660000 61 22
58.730000 61 22
58.800000 61 22
58.870000 68 23
58.940000 68 23
59.010000 68 23
59.080000 0 0
59.150000 61 21
59.220000 61 21
59.290000 61 21
59.360000 68 23
59.430000 68 23
59.500000 0 0
59.570000 60 25
59.640000 60 25
59.710000 60 25
59.780000 56 22
59.850000 56 22
59.920000 60 25
59.990000 48 22
60.060000 48 22
60.130000 48 22
60.200000 56 22
60.270000 56 22
60.340000 60 26
60.410000 48 22
60.480000 48 22
60.550000 48 22
60.620000 55 22
60.690000 55 22
60.760000 60 28
60.830000 48 24
60.900000 48 24
60.970000 48 24
61.040000 0 0
61.110000 55 21
61.180000 55 21
61.250000 0 0
61.320000 48 19
61.390000 48 19
61.460000 48 19
61.530000 55 21
61.600000 55 21
61.670000 0 0
61.740000 48 18
61.810000 48 18
61.880000 48 18
61.950000 55 21
62.020000 55 21
62.090000 55 21
62.160000 48 23
62.230000 48 23
62.300000 48 23
62.370000 0 0
62.440000 55 21
62.510000 55 21
62.580000 55 21
62.650000 48 21
62.720000 48 21
62.790000 48 21
62.860000 55 19
62.930000 55 19
63.000000 55 19
63.070000 48 19
63.140000 48 19
63.210000 48 19
63.280000 0 0
63.350000 55 19
63.420000 55 19
63.490000 55 19
63.560000 48 22
63.630000 48 22
63.700000 48 22
63.770000 0 0
63.840000 55 19
63.910000 55 19
63.980000 55 19
64.050000 48 18
64.120000 48 18
64.190000 48 18
64.260000 0 0
64.330000 55 19
64.400000 55 19
64.470000 55 19
64.540000 48 17
64.610000 48 17
64.680000 48 17
64.750000 0 0
64.820000 0 0
64.890000 48 37
64.960000 48 37
65.030000 0 0
65.100000 0 0
65.170000 0 0
65.240000 0 0
65.310000 48 34
65.380000 48 34
65.450000 0 0
65.520000 0 0
65.590000 0 0
65.660000 0 0
65.730000 48 34
65.800000 48 34
65.870000 53 39
65.940000 0 0
66.010000 0 0
66.080000 0 0
66.150000 48 37
66.220000 48 37
66.290000 52 42
66.360000 0 0
66.430000 0 0
66.500000 0 0
66.570000 48 34
66.640000 48 34
66.710000 52 39
66.780000 0 0
66.850000 0 0
66.920000 0 0
66.990000 0 0
67.060000 48 34
67.130000 48 34
67.200000 0 0
67.270000 0 0
67.340000 0 0
67.410000 0 0
67.480000 48 38
67.550000 48 38
67.620000 0 0
67.690000 0 0
67.760000 0 0
67.830000 0 0
67.900000 50 35
67.970000 50 35
68.040000 0 0
68.110000 0 0
68.180000 0 0
68.250000 0 0
68.320000 50 35
68.390000 50 35
68.460000 0 0
68.530000 0 0
68.600000 0 0
68.670000 0 0
68.740000 55 39
68.810000 55 39
68.880000 0 0
68.950000 0 0
69.020000 0 0
69.090000 0 0
69.160000 60 37
69.230000 60 37
69.300000 64 42
69.370000 0 0
69.440000 0 0
69.510000 0 0
69.580000 67 37
69.650000 67 37
69.720000 67 37
69.790000 0 0
69.860000 0 0
69.930000 0 0
70.000000 0 0
70.070000 0 0
70.140000 48 37
70.210000 48 37
70.280000 0 0
70.350000 0 0
70.420000 0 0
70.490000 0 0
70.560000 48 34
70.630000 48 34
70.700000 0 0
70.770000 0 0
70.840000 0 0
70.910000 0 0
70.980000 48 34
71.050000 48 34
71.120000 53 39
71.190000 0 0
71.260000 0 0
71.330000 0 0
71.400000 48 37
71.470000 48 37
71.540000 52 42
71.610000 0 0
71.680000 0 0
71.750000 0 0
71.820000 0 0
71.890000 48 34
71.960000 48 34
72.030000 0 0
72.100000 0 0
72.170000 0 0
72.240000 0 0
72.310000 48 34
72.380000 48 34
72.450000 0 0
72.520000 0 0
72.590000 0 0
72.660000 0 0
72.730000 48 38
72.800000 48 38
72.870000 0 0
72.940000 0 0
73.010000 0 0
73.080000 0 0
73.150000 50 35
73.220000 50 35
73.290000 0 0
73.360000 0 0
73.430000 0 0
73.500000 0 0
73.570000 55 35
73.640000 55 35
73.710000 58 40
73.780000 0 0
73.850000 0 0
73.920000 0 0
73.990000 0 0
74.060000 48 35
74.130000 48 35
74.200000 0 0
74.270000 0 0
74.340000 0 0
74.410000 0 0
74.480000 60 33
74.550000 60 33
74.620000 0 0
74.690000 0 0
74.760000 0 0
74.830000 0 0
74.900000 60 30
74.970000 60 30
75.040000 60 30
75.110000 0 0
75.180000 0 0
75.250000 0 0
75.320000 60 32
75.390000 60 32
75.460000 65 39
75.530000 0 0
75.600000 0 0
75.670000 0 0
75.740000 0 0
75.810000 72 28
75.880000 72 28
75.950000 0 0
76.020000 0 0
76.090000 0 0
76.160000 0 0
76.230000 72 24
76.300000 72 24
76.370000 0 0
76.440000 0 0
76.510000 0 0
76.580000 0 0
76.650000 72 35
76.720000 72 35
76.790000 77 39
76.860000 0 0
76.930000 0 0
77.000000 0 0
77.070000 60 29
77.140000 60 29
77.210000 65 33
77.280000 53 26
77.350000 53 26
77.420000 53 26
77.490000 0 0
77.560000 60 29
77.630000 60 29
77.700000 0 0
77.770000 53 26
77.840000 53 26
77.910000 53 26
77.980000 60 31
78.050000 60 31
78.120000 0 0
78.190000 53 30
78.260000 53 30
78.330000 53 30
78.400000 72 29
78.470000 72 29
78.540000 72 29
78.610000 65 26
78.680000 65 26
78.750000 65 26
78.820000 0 0
78.890000 72 27
78.960000 72 27
79.030000 72 27
79.100000 65 26
79.170000 65 26
79.240000 65 26
79.310000 72 31
79.380000 72 31
79.450000 0 0
79.520000 0 0
79.590000 0 0
79.660000 0 0
79.730000 71 30
79.800000 71 30
79.870000 75 34
79.940000 0 0
80.010000 0 0
80.080000 0 0
80.150000 0 0
80.220000 71 29
80.290000 71 29
80.360000 0 0
80.430000 0 0
80.500000 0 0
80.570000 0 0
80.640000 69 31
80.710000 69 31
80.780000 0 0
80.850000 0 0
80.920000 0 0
80.990000 0 0
81.060000 67 29
81.130000 67 29
81.200000 0 0
81.270000 0 0
81.340000 0 0
81.410000 0 0
81.480000 67 28
81.550000 67 28
81.620000 70 32
81.690000 0 0
81.760000 0 0
81.830000 0 0
81.900000 0 0
81.970000 60 29
82.040000 60 29
82.110000 0 0
82.180000 0 0
82.250000 0 0
82.320000 0 0
82.390000 59 28
82.460000 59 28
82.530000 0 0
82.600000 0 0
82.670000 0 0
82.740000 0 0
82.810000 59 25
82.880000 59 25
82.950000 0 0
83.020000 0 0
83.090000 0 0
83.160000 0 0
83.230000 57 27
83.300000 57 27
83.370000 61 31
83.440000 0 0
83.510000 0 0
83.580000 0 0
83.650000 0 0
83.720000 55 27
83.790000 55 27
83.860000 0 0
83.930000 0 0
84.000000 0 0
84.070000 0 0
84.140000 55 26
84.210000 55 26
84.280000 0 0
84.350000 0 0
84.420000 0 0
84.490000 0 0
84.560000 48 27
84.630000 48 27
84.700000 0 0
84.770000 41 26
84.840000 41 26
84.910000 41 26
84.980000 48 27
85.050000 48 27
85.120000 53 33
85.190000 41 25
85.260000 41 25
85.330000 41 25
85.400000 0 0
85.470000 48 27
85.540000 48 27
85.610000 0 0
85.680000 41 25
85.750000 41 25
85.820000 41 25
85.890000 48 29
85.960000 48 29
86.030000 0 0
86.100000 41 27
86.170000 41 27
86.240000 41 27
86.310000 48 27
86.380000 48 27
86.450000 53 32
86.520000 41 24
86.590000 41 24
86.660000 41 24
86.730000 48 26
86.800000 48 26
86.870000 52 30
86.940000 41 23
87.010000 41 23
87.080000 41 23
87.150000 0 0
87.220000 48 27
87.290000 48 27
87.360000 0 0
87.430000 41 25
87.500000 41 25
87.570000 41 25
87.640000 29 27
87.710000 29 27
87.780000 0 0
87.850000 0 0
87.920000 0 0
87.990000 0 0
88.060000 41 22
88.130000 41 22
88.200000 41 22
88.270000 41 22
88.340000 41 22
88.410000 41 22
88.480000 53 21
88.550000 53 21
88.620000 53 21
88.690000 53 21
88.760000 53 21
88.830000 53 21
88.900000 0 0
88.970000 29 25
89.040000 29 25
89.110000 0 0
89.180000 0 0
89.250000 0 0
89.320000 0 0
89.390000 41 19
89.460000 41 19
89.530000 41 19
89.600000 41 19
89.670000 41 19
89.740000 41 19
89.810000 53 18
89.880000 53 18
89.950000 53 18
90.020000 53 18
90.090000 53 18
90.160000 53 18
90.230000 0 0
90.300000 0 0
90.370000 0 0
90.440000 0 0
90.510000 0 0
90.580000 0 0
90.650000 0 0
90.720000 0 0
90.790000 0 0
90.860000 0 0
90.930000 0 0
91.000000 0 0
91.070000 0 0
91.140000 0 0
91.210000 0 0
91.280000 0 0
91.350000 0 0
91.420000 0 0
91.490000 0 0
91.560000 0 0
91.630000 0 0
91.700000 0 0
91.770000 0 0
91.840000 0 0
91.910000 0 0
91.980000 0 0
92.050000 0 0
92.120000 0 0
92.190000 0 0
92.260000 0 0
92.330000 0 0
92.400000 0 0
92.470000 0 0
92.540000 0 0
92.610000 0 0
92.680000 0 0
92.750000 0 0
92.820000 0 0
92.890000 0 0
92.960000 0 0
93.030000 0 0
93.100000 0 0
93.170000 0 0
93.240000 0 0
93.310000 0 0
93.380000 0 0
93.450000 0 0
93.520000 0 0
93.590000 0 0
93.660000 0 0
93.730000 0 0
93.800000 0 0
93.870000 0 0
93.940000 0 0
94.010000 0 0
94.080000 36 23
94.150000 36 23
94.220000 36 23
94.290000 36 23
94.360000 36 23
94.430000 36 23
94.500000 36 23
94.570000 36 23
94.640000 36 23
94.710000 36 23
94.780000 0 0
94.850000 29 23
94.920000 29 23
94.990000 29 23
95.060000 29 23
95.130000 29 23
95.200000 29 23
95.270000 29 23
95.340000 29 23
95.410000 29 23
95.480000 29 23
95.550000 29 23
95.620000 29 23
95.690000 29 23
95.760000 29 23
95.830000 29 23
95.900000 29 23
95.970000 29 23
96.040000 29 23
96.110000 29 23
96.180000 29 23
96.250000 29 23
96.320000 29 23
96.390000 29 23
96.460000 29 23
96.530000 29 23
96.600000 29 23
96.670000 29 23
96.740000 29 23
96.810000 29 23
96.880000 29 23
96.950000 29 23
97.020000 29 23
97.090000 41 23
97.160000 41 23
97.230000 41 23
97.300000 41 23
97.370000 41 23
97.440000 41 23
97.510000 41 23
97.580000 41 23
97.650000 41 23
97.720000 41 23
97.790000 41 23
97.860000 41 23
97.930000 41 23
98.000000 41 23
98.070000 41 23
98.140000 41 23
98.210000 41 23
98.280000 41 23
98.350000 41 23
98.420000 41 23
98.490000 41 23
98.560000 41 23
98.630000 41 23
98.700000 41 23
98.770000 41 23
98.840000 41 23
98.910000 41 23
98.980000 41 23
99.050000 41 23
99.120000 41 23
99.190000 41 23
99.260000 41 23
99.330000 41 23
99.400000 41 23
99.470000 41 23
99.540000 41 23
99.610000 41 23
99.680000 41 23
99.750000 41 23
99.820000 41 23
99.890000 41 23
99.960000 41 23
100.030000 41 23
100.100000 41 23
100.170000 41 23
100.240000 41 23
100.310000 41 23
100.380000 41 23
100.450000 41 23
100.520000 41 23
100.590000 41 23
100.660000 41 23
100.730000 41 23
100.800000 41 23
100.870000 41 23
100.940000 41 23
101.010000 41 23
