"mz_545_3"

# Piano right
0.000000 0 0
0.070000 0 0
0.140000 0 0
0.210000 0 0
0.280000 0 0
0.350000 0 0
0.420000 0 0
0.490000 0 0
0.560000 0 0
0.630000 76 42
0.700000 0 0
0.770000 0 0
0.840000 0 0
0.910000 0 0
0.980000 76 36
1.050000 0 0
1.120000 0 0
1.190000 0 0
1.260000 72 40
1.330000 72 40
1.400000 72 40
1.470000 0 0
1.540000 0 0
1.610000 0 0
1.680000 0 0
1.750000 0 0
1.820000 0 0
1.890000 74 42
1.960000 0 0
2.030000 0 0
2.100000 0 0
2.170000 0 0
2.240000 74 37
2.310000 0 0
2.380000 0 0
2.450000 0 0
2.520000 71 41
2.590000 71 41
2.660000 71 41
2.730000 0 0
2.800000 0 0
2.870000 0 0
2.940000 0 0
3.010000 0 0
3.080000 0 0
3.150000 72 54
3.220000 72 54
3.290000 74 49
3.360000 74 49
3.430000 0 0
3.500000 76 53
3.570000 76 53
3.640000 72 49
3.710000 72 49
3.780000 69 55
3.850000 69 55
3.920000 71 57
3.990000 71 57
4.060000 72 60
4.130000 72 60
4.200000 0 0
4.270000 73 63
4.340000 73 63
4.410000 74 66
4.480000 74 66
4.550000 76 59
4.620000 76 59
4.690000 77 66
4.760000 77 66
4.830000 74 60
4.900000 74 60
4.970000 72 64
5.040000 72 64
5.110000 0 0
5.180000 71 59
5.250000 71 59
5.320000 69 53
5.390000 69 53
5.460000 67 48
5.530000 67 48
5.600000 76 59
5.670000 0 0
5.740000 0 0
5.810000 0 0
5.880000 0 0
5.950000 76 48
6.020000 0 0
6.090000 0 0
6.160000 0 0
6.230000 72 59
6.300000 72 59
6.370000 72 59
6.440000 0 0
6.510000 0 0
6.580000 0 0
6.650000 0 0
6.720000 0 0
6.790000 0 0
6.860000 77 63
6.930000 0 0
7.000000 0 0
7.070000 0 0
7.140000 0 0
7.210000 77 55
7.280000 0 0
7.350000 0 0
7.420000 0 0
7.490000 71 63
7.560000 71 63
7.630000 71 63
7.700000 0 0
7.770000 0 0
7.840000 0 0
7.910000 0 0
7.980000 0 0
8.050000 0 0
8.120000 81 70
8.190000 81 70
8.260000 0 0
8.330000 79 68
8.400000 79 68
8.470000 77 65
8.540000 77 65
8.610000 76 63
8.680000 76 63
8.750000 73 60
8.820000 73 60
8.890000 74 62
8.960000 74 62
9.030000 0 0
9.100000 76 66
9.170000 76 66
9.240000 77 58
9.310000 77 58
9.380000 69 60
9.450000 69 60
9.520000 72 52
9.590000 72 52
9.660000 71 58
9.730000 71 58
9.800000 0 0
9.870000 74 50
9.940000 74 50
10.010000 72 56
10.080000 72 56
10.150000 72 56
10.220000 72 56
10.290000 0 0
10.360000 0 0
10.430000 0 0
10.500000 0 0
10.570000 0 0
10.640000 0 0
10.710000 76 42
10.780000 0 0
10.850000 0 0
10.920000 0 0
10.990000 76 36
11.060000 0 0
11.130000 0 0
11.200000 0 0
11.270000 0 0
11.340000 72 40
11.410000 72 40
11.480000 72 40
11.550000 0 0
11.620000 0 0
11.690000 0 0
11.760000 0 0
11.830000 0 0
11.900000 0 0
11.970000 74 42
12.040000 0 0
12.110000 0 0
12.180000 0 0
12.250000 74 37
12.320000 0 0
12.390000 0 0
12.460000 0 0
12.530000 0 0
12.600000 71 41
12.670000 71 41
12.740000 71 41
12.810000 0 0
12.880000 0 0
12.950000 0 0
13.020000 0 0
13.090000 0 0
13.160000 0 0
13.230000 72 55
13.300000 72 55
13.370000 74 49
13.440000 74 49
13.510000 76 54
13.580000 76 54
13.650000 72 49
13.720000 72 49
13.790000 0 0
13.860000 69 51
13.930000 69 51
14.000000 71 55
14.070000 71 55
14.140000 72 59
14.210000 72 59
14.280000 73 62
14.350000 73 62
14.420000 74 66
14.490000 74 66
14.560000 0 0
14.630000 76 60
14.700000 76 60
14.770000 77 65
14.840000 77 65
14.910000 74 63
14.980000 74 63
15.050000 72 60
15.120000 72 60
15.190000 71 57
15.260000 71 57
15.330000 69 54
15.400000 69 54
15.470000 0 0
15.540000 67 49
15.610000 67 49
15.680000 76 56
15.750000 0 0
15.820000 0 0
15.890000 0 0
15.960000 0 0
16.030000 76 49
16.100000 0 0
16.170000 0 0
16.240000 0 0
16.310000 72 55
16.380000 72 55
16.450000 72 55
16.520000 0 0
16.590000 0 0
16.660000 0 0
16.730000 0 0
16.800000 0 0
16.870000 0 0
16.940000 77 66
17.010000 0 0
17.080000 0 0
17.150000 0 0
17.220000 0 0
17.290000 77 57
17.360000 0 0
17.430000 0 0
17.500000 0 0
17.570000 71 63
17.640000 71 63
17.710000 71 63
17.780000 0 0
17.850000 0 0
17.920000 0 0
17.990000 0 0
18.060000 0 0
18.130000 0 0
18.200000 81 68
18.270000 81 68
18.340000 79 65
18.410000 79 65
18.480000 0 0
18.550000 77 63
18.620000 77 63
18.690000 76 61
18.760000 76 61
18.830000 73 56
18.900000 73 56
18.970000 74 58
19.040000 74 58
19.110000 76 59
19.180000 76 59
19.250000 0 0
19.320000 77 56
19.390000 77 56
19.460000 69 60
19.530000 69 60
19.600000 72 52
19.670000 72 52
19.740000 71 58
19.810000 71 58
19.880000 74 50
19.950000 74 50
20.020000 0 0
20.090000 72 56
20.160000 72 56
20.230000 72 56
20.300000 72 56
20.370000 0 0
20.440000 0 0
20.510000 0 0
20.580000 0 0
20.650000 0 0
20.720000 76 61
20.790000 76 61
20.860000 78 56
20.930000 78 56
21.000000 79 53
21.070000 0 0
21.140000 79 53
21.210000 0 0
21.280000 0 0
21.350000 81 62
21.420000 81 62
21.490000 79 58
21.560000 79 58
21.630000 78 56
21.700000 78 56
21.770000 76 55
21.840000 76 55
21.910000 0 0
21.980000 74 61
22.050000 0 0
22.120000 74 54
22.190000 0 0
22.260000 74 54
22.330000 0 0
22.400000 74 54
22.470000 0 0
22.540000 0 0
22.610000 76 66
22.680000 76 66
22.750000 74 59
22.820000 74 59
22.890000 72 58
22.960000 72 58
23.030000 71 57
23.100000 71 57
23.170000 88 74
23.240000 88 74
23.310000 0 0
23.380000 86 66
23.450000 86 66
23.520000 84 65
23.590000 84 65
23.660000 83 64
23.730000 83 64
23.800000 80 75
23.870000 80 75
23.940000 81 67
24.010000 81 67
24.080000 0 0
24.150000 83 65
24.220000 83 65
24.290000 84 65
24.360000 84 65
24.430000 76 74
24.500000 76 74
24.570000 78 68
24.640000 78 68
24.710000 0 0
24.780000 79 62
24.850000 79 62
24.920000 81 65
24.990000 81 65
25.060000 79 74
25.130000 79 74
25.200000 78 70
25.270000 78 70
25.340000 76 62
25.410000 76 62
25.480000 0 0
25.550000 74 63
25.620000 74 63
25.690000 83 63
25.760000 0 0
25.830000 0 0
25.900000 0 0
25.970000 0 0
26.040000 83 58
26.110000 0 0
26.180000 0 0
26.250000 0 0
26.320000 79 63
26.390000 79 63
26.460000 79 63
26.530000 0 0
26.600000 0 0
26.670000 0 0
26.740000 0 0
26.810000 0 0
26.880000 0 0
26.950000 81 60
27.020000 0 0
27.090000 0 0
27.160000 0 0
27.230000 0 0
27.300000 81 54
27.370000 0 0
27.440000 0 0
27.510000 0 0
27.580000 78 59
27.650000 78 59
27.720000 78 59
27.790000 0 0
27.860000 0 0
27.930000 0 0
28.000000 0 0
28.070000 0 0
28.140000 0 0
28.210000 79 68
28.280000 79 68
28.350000 0 0
28.420000 81 68
28.490000 81 68
28.560000 83 72
28.630000 83 72
28.700000 79 67
28.770000 79 67
28.840000 75 61
28.910000 75 61
28.980000 76 63
29.050000 76 63
29.120000 0 0
29.190000 79 66
29.260000 79 66
29.330000 76 59
29.400000 76 59
29.470000 74 62
29.540000 74 62
29.610000 71 56
29.680000 71 56
29.750000 72 58
29.820000 72 58
29.890000 0 0
29.960000 69 50
30.030000 69 50
30.100000 67 56
30.170000 67 56
30.240000 0 0
30.310000 0 0
30.380000 0 0
30.450000 0 0
30.520000 0 0
30.590000 0 0
30.660000 0 0
30.730000 0 0
30.800000 67 54
30.870000 67 54
30.940000 69 56
31.010000 69 56
31.080000 71 58
31.150000 71 58
31.220000 72 59
31.290000 72 59
31.360000 0 0
31.430000 74 61
31.500000 74 61
31.570000 0 0
31.640000 0 0
31.710000 0 0
31.780000 0 0
31.850000 0 0
31.920000 0 0
31.990000 0 0
32.060000 71 62
32.130000 71 62
32.200000 72 65
32.270000 72 65
32.340000 74 69
32.410000 74 69
32.480000 76 72
32.550000 76 72
32.620000 0 0
32.690000 77 75
32.760000 77 75
32.830000 0 0
32.900000 0 0
32.970000 0 0
33.040000 0 0
33.110000 0 0
33.180000 0 0
33.250000 0 0
33.320000 74 64
33.390000 74 64
33.460000 76 67
33.530000 76 67
33.600000 77 71
33.670000 77 71
33.740000 0 0
33.810000 79 74
33.880000 79 74
33.950000 81 77
34.020000 0 0
34.090000 0 0
34.160000 0 0
34.230000 0 0
34.300000 80 69
34.370000 0 0
34.440000 0 0
34.510000 0 0
34.580000 0 0
34.650000 79 66
34.720000 0 0
34.790000 0 0
34.860000 0 0
34.930000 0 0
35.000000 78 60
35.070000 0 0
35.140000 0 0
35.210000 0 0
35.280000 0 0
35.350000 0 0
35.420000 77 59
35.490000 77 59
35.560000 77 59
35.630000 77 59
35.700000 77 59
35.770000 77 59
35.840000 0 0
35.910000 0 0
35.980000 0 0
36.050000 0 0
36.120000 0 0
36.190000 0 0
36.260000 0 0
36.330000 76 42
36.400000 0 0
36.470000 0 0
36.540000 0 0
36.610000 0 0
36.680000 76 36
36.750000 0 0
36.820000 0 0
36.890000 0 0
36.960000 72 40
37.030000 72 40
37.100000 72 40
37.170000 0 0
37.240000 0 0
37.310000 0 0
37.380000 0 0
37.450000 0 0
37.520000 0 0
37.590000 0 0
37.660000 74 42
37.730000 0 0
37.800000 0 0
37.870000 0 0
37.940000 74 37
38.010000 0 0
38.080000 0 0
38.150000 0 0
38.220000 0 0
38.290000 71 41
38.360000 71 41
38.430000 71 41
38.500000 0 0
38.570000 0 0
38.640000 0 0
38.710000 0 0
38.780000 0 0
38.850000 0 0
38.920000 72 55
38.990000 72 55
39.060000 74 47
39.130000 74 47
39.200000 76 54
39.270000 76 54
39.340000 72 47
39.410000 72 47
39.480000 69 50
39.550000 69 50
39.620000 71 54
39.690000 71 54
39.760000 0 0
39.830000 72 58
39.900000 72 58
39.970000 73 61
40.040000 73 61
40.110000 74 66
40.180000 74 66
40.250000 76 58
40.320000 76 58
40.390000 77 63
40.460000 77 63
40.530000 0 0
40.600000 74 56
40.670000 74 56
40.740000 72 62
40.810000 72 62
40.880000 71 59
40.950000 71 59
41.020000 69 54
41.090000 69 54
41.160000 67 51
41.230000 67 51
41.300000 0 0
41.370000 76 54
41.440000 0 0
41.510000 0 0
41.580000 0 0
41.650000 76 45
41.720000 0 0
41.790000 0 0
41.860000 0 0
41.930000 0 0
42.000000 72 53
42.070000 72 53
42.140000 72 53
42.210000 0 0
42.280000 0 0
42.350000 0 0
42.420000 0 0
42.490000 0 0
42.560000 0 0
42.630000 77 62
42.700000 0 0
42.770000 0 0
42.840000 0 0
42.910000 77 56
42.980000 0 0
43.050000 0 0
43.120000 0 0
43.190000 0 0
43.260000 71 66
43.330000 71 66
43.400000 71 66
43.470000 0 0
43.540000 0 0
43.610000 0 0
43.680000 0 0
43.750000 0 0
43.820000 0 0
43.890000 81 73
43.960000 81 73
44.030000 79 70
44.100000 79 70
44.170000 77 67
44.240000 77 67
44.310000 76 64
44.380000 76 64
44.450000 0 0
44.520000 73 56
44.590000 73 56
44.660000 74 60
44.730000 74 60
44.800000 76 64
44.870000 76 64
44.940000 77 56
45.010000 77 56
45.080000 69 60
45.150000 69 60
45.220000 0 0
45.290000 72 52
45.360000 72 52
45.430000 71 58
45.500000 71 58
45.570000 74 50
45.640000 74 50
45.710000 72 56
45.780000 72 56
45.850000 72 56
45.920000 72 56
45.990000 0 0
46.060000 0 0
46.130000 0 0
46.200000 0 0
46.270000 0 0
46.340000 0 0
46.410000 0 0
46.480000 0 0
46.550000 0 0
46.620000 0 0
46.690000 0 0
46.760000 0 0
46.830000 0 0
46.900000 0 0
46.970000 0 0
47.040000 76 57
47.110000 76 57
47.180000 75 52
47.250000 75 52
47.320000 77 58
47.390000 77 58
47.460000 0 0
47.530000 76 50
47.600000 76 50
47.670000 0 0
47.740000 0 0
47.810000 0 0
47.880000 0 0
47.950000 0 0
48.020000 0 0
48.090000 0 0
48.160000 0 0
48.230000 0 0
48.300000 76 55
48.370000 76 55
48.440000 75 47
48.510000 75 47
48.580000 77 53
48.650000 77 53
48.720000 76 47
48.790000 76 47
48.860000 0 0
48.930000 84 72
49.000000 0 0
49.070000 0 0
49.140000 0 0
49.210000 84 68
49.280000 0 0
49.350000 0 0
49.420000 0 0
49.490000 0 0
49.560000 81 73
49.630000 81 73
49.700000 0 0
49.770000 0 0
49.840000 0 0
49.910000 0 0
49.980000 0 0
50.050000 0 0
50.120000 0 0
50.190000 74 62
50.260000 0 0
50.330000 0 0
50.400000 0 0
50.470000 74 54
50.540000 0 0
50.610000 0 0
50.680000 0 0
50.750000 0 0
50.820000 71 62
50.890000 71 62
50.960000 0 0
51.030000 0 0
51.100000 0 0
51.170000 0 0
51.240000 0 0
51.310000 0 0
51.380000 0 0
51.450000 81 68
51.520000 81 68
51.590000 76 54
51.660000 76 54
51.730000 72 54
51.800000 72 54
51.870000 69 52
51.940000 69 52
52.010000 0 0
52.080000 72 64
52.150000 72 64
52.220000 70 56
52.290000 70 56
52.360000 70 56
52.430000 0 0
52.500000 70 52
52.570000 70 52
52.640000 74 68
52.710000 74 68
52.780000 0 0
52.850000 73 56
52.920000 73 56
52.990000 73 56
53.060000 0 0
53.130000 73 56
53.200000 0 0
53.270000 76 71
53.340000 76 71
53.410000 74 59
53.480000 0 0
53.550000 0 0
53.620000 77 68
53.690000 77 68
53.760000 76 59
53.830000 0 0
53.900000 79 74
53.970000 79 74
54.040000 77 55
54.110000 0 0
54.180000 0 0
54.250000 77 71
54.320000 77 71
54.390000 76 60
54.460000 0 0
54.530000 76 72
54.600000 76 72
54.670000 75 62
54.740000 0 0
54.810000 0 0
54.880000 84 78
54.950000 84 78
55.020000 84 78
55.090000 84 78
55.160000 84 78
55.230000 84 78
55.300000 84 78
55.370000 84 78
55.440000 84 78
55.510000 75 56
55.580000 75 56
55.650000 75 56
55.720000 75 56
55.790000 0 0
55.860000 76 66
55.930000 76 66
56.000000 76 66
56.070000 76 66
56.140000 0 0
56.210000 0 0
56.280000 0 0
56.350000 0 0
56.420000 0 0
56.490000 0 0
56.560000 83 66
56.630000 83 66
56.700000 80 62
56.770000 80 62
56.840000 76 62
56.910000 76 62
56.980000 74 58
57.050000 74 58
57.120000 0 0
57.190000 72 66
57.260000 72 66
57.330000 76 61
57.400000 76 61
57.470000 81 61
57.540000 81 61
57.610000 80 60
57.680000 80 60
57.750000 81 70
57.820000 81 70
57.890000 0 0
57.960000 76 63
58.030000 76 63
58.100000 72 63
58.170000 72 63
58.240000 69 59
58.310000 69 59
58.380000 68 70
58.450000 68 70
58.520000 0 0
58.590000 71 63
58.660000 71 63
58.730000 76 62
58.800000 76 62
58.870000 80 59
58.940000 80 59
59.010000 83 71
59.080000 83 71
59.150000 80 62
59.220000 80 62
59.290000 0 0
59.360000 76 62
59.430000 76 62
59.500000 74 59
59.570000 74 59
59.640000 72 70
59.710000 72 70
59.780000 76 63
59.850000 76 63
59.920000 0 0
59.990000 81 63
60.060000 81 63
60.130000 80 59
60.200000 80 59
60.270000 81 66
60.340000 81 66
60.410000 76 62
60.480000 76 62
60.550000 0 0
60.620000 72 62
60.690000 72 62
60.760000 69 59
60.830000 69 59
60.900000 64 70
60.970000 64 70
61.040000 64 70
61.110000 64 70
61.180000 0 0
61.250000 0 0
61.320000 0 0
61.390000 0 0
61.460000 0 0
61.530000 0 0
61.600000 72 39
61.670000 0 0
61.740000 0 0
61.810000 0 0
61.880000 72 34
61.950000 0 0
62.020000 0 0
62.090000 0 0
62.160000 0 0
62.230000 69 24
62.300000 69 24
62.370000 0 0
62.440000 0 0
62.510000 0 0
62.580000 0 0
62.650000 0 0
62.720000 0 0
62.790000 0 0
62.860000 71 39
62.930000 0 0
63.000000 0 0
63.070000 0 0
63.140000 71 33
63.210000 0 0
63.280000 0 0
63.350000 0 0
63.420000 0 0
63.490000 68 40
63.560000 68 40
63.630000 0 0
63.700000 0 0
63.770000 0 0
63.840000 0 0
63.910000 0 0
63.980000 0 0
64.050000 0 0
64.120000 0 0
64.190000 0 0
64.260000 0 0
64.330000 0 0
64.400000 0 0
64.470000 0 0
64.540000 0 0
64.610000 0 0
64.680000 0 0
64.750000 64 57
64.820000 64 57
64.890000 63 52
64.960000 63 52
65.030000 65 57
65.100000 65 57
65.170000 0 0
65.240000 64 52
65.310000 64 52
65.380000 0 0
65.450000 0 0
65.520000 0 0
65.590000 0 0
65.660000 0 0
65.730000 0 0
65.800000 0 0
65.870000 0 0
65.940000 0 0
66.010000 88 76
66.080000 88 76
66.150000 87 64
66.220000 87 64
66.290000 89 68
66.360000 89 68
66.430000 88 62
66.500000 88 62
66.570000 0 0
66.640000 86 73
66.710000 86 73
66.780000 85 63
66.850000 85 63
66.920000 88 71
66.990000 88 71
67.060000 86 59
67.130000 86 59
67.200000 0 0
67.270000 86 72
67.340000 86 72
67.410000 84 62
67.480000 0 0
67.550000 84 67
67.620000 0 0
67.690000 83 61
67.760000 83 61
67.830000 83 71
67.900000 0 0
67.970000 0 0
68.040000 81 59
68.110000 81 59
68.180000 81 68
68.250000 0 0
68.320000 79 57
68.390000 0 0
68.460000 79 69
68.530000 79 69
68.600000 77 57
68.670000 0 0
68.740000 0 0
68.810000 77 65
68.880000 77 65
68.950000 76 57
69.020000 0 0
69.090000 76 64
69.160000 76 64
69.230000 74 56
69.300000 0 0
69.370000 0 0
69.440000 74 62
69.510000 74 62
69.580000 72 55
69.650000 0 0
69.720000 70 66
69.790000 70 66
69.860000 77 54
69.930000 77 54
70.000000 0 0
70.070000 74 57
70.140000 74 57
70.210000 70 53
70.280000 70 53
70.350000 69 60
70.420000 69 60
70.490000 69 60
70.560000 69 60
70.630000 0 0
70.700000 68 56
70.770000 68 56
70.840000 68 56
70.910000 68 56
70.980000 0 0
71.050000 69 66
71.120000 69 66
71.190000 69 66
71.260000 69 66
71.330000 0 0
71.400000 0 0
71.470000 0 0
71.540000 0 0
71.610000 0 0
71.680000 68 66
71.750000 68 66
71.820000 0 0
71.890000 74 62
71.960000 74 62
72.030000 71 62
72.100000 71 62
72.170000 68 58
72.240000 68 58
72.310000 69 66
72.380000 69 66
72.450000 69 66
72.520000 69 66
72.590000 0 0
72.660000 0 0
72.730000 0 0
72.800000 0 0
72.870000 0 0
72.940000 0 0
73.010000 68 70
73.080000 68 70
73.150000 74 63
73.220000 74 63
73.290000 71 63
73.360000 71 63
73.430000 68 59
73.500000 68 59
73.570000 0 0
73.640000 69 66
73.710000 69 66
73.780000 69 66
73.850000 69 66
73.920000 0 0
73.990000 0 0
74.060000 0 0
74.130000 0 0
74.200000 0 0
74.270000 68 66
74.340000 68 66
74.410000 74 60
74.480000 74 60
74.550000 71 60
74.620000 71 60
74.690000 68 54
74.760000 68 54
74.830000 0 0
74.900000 69 69
74.970000 69 69
75.040000 76 64
75.110000 76 64
75.180000 72 64
75.250000 72 64
75.320000 0 0
75.390000 69 58
75.460000 69 58
75.530000 71 77
75.600000 71 77
75.670000 0 0
75.740000 77 66
75.810000 77 66
75.880000 74 66
75.950000 74 66
76.020000 71 59
76.090000 71 59
76.160000 0 0
76.230000 0 0
76.300000 0 0
76.370000 0 0
76.440000 0 0
76.510000 0 0
76.580000 0 0
76.650000 0 0
76.720000 0 0
76.790000 0 0
76.860000 0 0
76.930000 0 0
77.000000 0 0
77.070000 0 0
77.140000 0 0
77.210000 76 42
77.280000 0 0
77.350000 0 0
77.420000 0 0
77.490000 0 0
77.560000 76 36
77.630000 0 0
77.700000 0 0
77.770000 0 0
77.840000 0 0
77.910000 72 40
77.980000 72 40
78.050000 72 40
78.120000 0 0
78.190000 0 0
78.260000 0 0
78.330000 0 0
78.400000 0 0
78.470000 0 0
78.540000 74 42
78.610000 0 0
78.680000 0 0
78.750000 0 0
78.820000 0 0
78.890000 74 37
78.960000 0 0
79.030000 0 0
79.100000 0 0
79.170000 71 41
79.240000 71 41
79.310000 71 41
79.380000 0 0
79.450000 0 0
79.520000 0 0
79.590000 0 0
79.660000 0 0
79.730000 0 0
79.800000 72 53
79.870000 72 53
79.940000 74 47
80.010000 74 47
80.080000 76 53
80.150000 76 53
80.220000 0 0
80.290000 72 47
80.360000 72 47
80.430000 69 50
80.500000 69 50
80.570000 71 53
80.640000 71 53
80.710000 72 58
80.780000 72 58
80.850000 73 62
80.920000 73 62
80.990000 74 66
81.060000 74 66
81.130000 0 0
81.200000 76 56
81.270000 76 56
81.340000 77 62
81.410000 77 62
81.480000 74 60
81.550000 74 60
81.620000 72 67
81.690000 72 67
81.760000 71 62
81.830000 71 62
81.900000 0 0
81.970000 69 58
82.040000 69 58
82.110000 67 47
82.180000 67 47
82.250000 76 42
82.320000 0 0
82.390000 0 0
82.460000 0 0
82.530000 0 0
82.600000 76 36
82.670000 0 0
82.740000 0 0
82.810000 0 0
82.880000 72 40
82.950000 72 40
83.020000 72 40
83.090000 0 0
83.160000 0 0
83.230000 0 0
83.300000 0 0
83.370000 0 0
83.440000 0 0
83.510000 77 62
83.580000 0 0
83.650000 0 0
83.720000 0 0
83.790000 0 0
83.860000 77 55
83.930000 0 0
84.000000 0 0
84.070000 0 0
84.140000 71 60
84.210000 71 60
84.280000 71 60
84.350000 0 0
84.420000 0 0
84.490000 0 0
84.560000 0 0
84.630000 0 0
84.700000 0 0
84.770000 81 70
84.840000 81 70
84.910000 0 0
84.980000 79 67
85.050000 79 67
85.120000 77 64
85.190000 77 64
85.260000 76 61
85.330000 76 61
85.400000 73 57
85.470000 73 57
85.540000 74 58
85.610000 74 58
85.680000 0 0
85.750000 76 59
85.820000 76 59
85.890000 77 56
85.960000 77 56
86.030000 69 60
86.100000 69 60
86.170000 72 52
86.240000 72 52
86.310000 71 58
86.380000 71 58
86.450000 0 0
86.520000 74 50
86.590000 74 50
86.660000 72 56
86.730000 72 56
86.800000 72 56
86.870000 72 56
86.940000 0 0
87.010000 0 0
87.080000 0 0
87.150000 0 0
87.220000 0 0
87.290000 0 0
87.360000 71 61
87.430000 71 61
87.500000 77 56
87.570000 77 56
87.640000 74 56
87.710000 74 56
87.780000 71 56
87.850000 71 56
87.920000 81 61
87.990000 81 61
88.060000 0 0
88.130000 79 57
88.200000 79 57
88.270000 77 59
88.340000 77 59
88.410000 76 61
88.480000 76 61
88.550000 74 68
88.620000 74 68
88.690000 77 62
88.760000 77 62
88.830000 0 0
88.900000 74 61
88.970000 74 61
89.040000 71 61
89.110000 71 61
89.180000 81 72
89.250000 81 72
89.320000 79 61
89.390000 79 61
89.460000 77 61
89.530000 77 61
89.600000 0 0
89.670000 76 61
89.740000 76 61
89.810000 86 74
89.880000 86 74
89.950000 84 64
90.020000 84 64
90.090000 83 64
90.160000 83 64
90.230000 0 0
90.300000 81 64
90.370000 81 64
90.440000 81 71
90.510000 81 71
90.580000 79 61
90.650000 79 61
90.720000 77 61
90.790000 0 0
90.860000 76 61
90.930000 0 0
91.000000 0 0
91.070000 76 67
91.140000 76 67
91.210000 74 57
91.280000 74 57
91.350000 72 57
91.420000 0 0
91.490000 71 57
91.560000 0 0
91.630000 0 0
91.700000 74 61
91.770000 74 61
91.840000 74 61
91.910000 74 61
91.980000 0 0
92.050000 72 57
92.120000 72 57
92.190000 72 57
92.260000 72 57
92.330000 71 61
92.400000 71 61
92.470000 0 0
92.540000 77 56
92.610000 77 56
92.680000 74 56
92.750000 74 56
92.820000 71 56
92.890000 71 56
92.960000 81 61
93.030000 81 61
93.100000 0 0
93.170000 79 57
93.240000 79 57
93.310000 77 59
93.380000 77 59
93.450000 76 61
93.520000 76 61
93.590000 74 68
93.660000 74 68
93.730000 0 0
93.800000 77 62
93.870000 77 62
93.940000 74 61
94.010000 74 61
94.080000 71 61
94.150000 71 61
94.220000 81 72
94.290000 81 72
94.360000 79 61
94.430000 79 61
94.500000 0 0
94.570000 77 61
94.640000 77 61
94.710000 76 61
94.780000 76 61
94.850000 86 77
94.920000 86 77
94.990000 84 64
95.060000 84 64
95.130000 0 0
95.200000 83 64
95.270000 83 64
95.340000 81 64
95.410000 81 64
95.480000 81 80
95.550000 81 80
95.620000 79 69
95.690000 79 69
95.760000 77 70
95.830000 0 0
95.900000 0 0
95.970000 76 71
96.040000 0 0
96.110000 76 83
96.180000 76 83
96.250000 74 71
96.320000 74 71
96.390000 72 69
96.460000 0 0
96.530000 0 0
96.600000 71 75
96.670000 0 0
96.740000 72 86
96.810000 72 86
96.880000 76 75
96.950000 76 75
97.020000 67 80
97.090000 67 80
97.160000 0 0
97.230000 72 75
97.300000 72 75
97.370000 64 80
97.440000 64 80
97.510000 67 75
97.580000 67 75
97.650000 60 80
97.720000 60 80
97.790000 64 75
97.860000 64 75
97.930000 0 0
98.000000 67 71
98.070000 67 71
98.140000 72 73
98.210000 72 73
98.280000 72 62
98.350000 72 62
98.420000 76 63
98.490000 0 0
98.560000 0 0
98.630000 76 67
98.700000 76 67
98.770000 74 63
98.840000 74 63
98.910000 72 62
98.980000 0 0
99.050000 71 61
99.120000 0 0
99.190000 0 0
99.260000 72 83
99.330000 72 83
99.400000 76 73
99.470000 76 73
99.540000 67 77
99.610000 67 77
99.680000 72 72
99.750000 72 72
99.820000 64 83
99.890000 64 83
99.960000 0 0
100.030000 67 71
100.100000 67 71
100.170000 60 78
100.240000 60 78
100.310000 64 74
100.380000 64 74
100.450000 67 71
100.520000 67 71
100.590000 0 0
100.660000 72 73
100.730000 72 73
100.800000 72 62
100.870000 72 62
100.940000 76 63
101.010000 0 0
101.080000 76 67
101.150000 76 67
101.220000 0 0
101.290000 74 63
101.360000 74 63
101.430000 72 62
101.500000 0 0
101.570000 71 61
101.640000 0 0
101.710000 0 0
101.780000 72 88
101.850000 72 88
101.920000 72 88
101.990000 72 88
102.060000 0 0
102.130000 84 80
102.200000 84 80
102.270000 84 80
102.340000 0 0
102.410000 0 0
102.480000 64 72
102.550000 64 72
102.620000 64 72
102.690000 64 72
102.760000 0 0
102.830000 64 67
102.900000 64 67
102.970000 64 67
103.040000 64 67
103.110000 0 0
103.180000 0 0
103.250000 0 0
103.320000 64 73
103.390000 64 73
103.460000 64 73
103.530000 64 73
103.600000 64 73
103.670000 64 73
103.740000 64 73
103.810000 64 73
103.880000 64 73
103.950000 64 73
104.020000 64 73
104.090000 64 73
104.160000 64 73
# Piano left
0.000000 0 0
0.070000 0 0
0.140000 0 0
0.210000 0 0
0.280000 0 0
0.350000 0 0
0.420000 0 0
0.490000 0 0
0.560000 0 0
0.630000 0 0
0.700000 0 0
0.770000 0 0
0.840000 0 0
0.910000 0 0
0.980000 0 0
1.050000 0 0
1.120000 0 0
1.190000 0 0
1.260000 60 36
1.330000 0 0
1.400000 0 0
1.470000 0 0
1.540000 0 0
1.610000 60 34
1.680000 0 0
1.750000 0 0
1.820000 0 0
1.890000 57 29
1.960000 57 29
2.030000 0 0
2.100000 0 0
2.170000 0 0
2.240000 0 0
2.310000 0 0
2.380000 0 0
2.450000 0 0
2.520000 55 34
2.590000 0 0
2.660000 0 0
2.730000 0 0
2.800000 0 0
2.870000 55 28
2.940000 0 0
3.010000 0 0
3.080000 0 0
3.150000 52 32
3.220000 52 32
3.290000 0 0
3.360000 0 0
3.430000 0 0
3.500000 0 0
3.570000 0 0
3.640000 0 0
3.710000 0 0
3.780000 53 42
3.850000 53 42
3.920000 53 42
3.990000 53 42
4.060000 53 42
4.130000 53 42
4.200000 53 42
4.270000 53 42
4.340000 53 42
4.410000 53 42
4.480000 53 42
4.550000 53 42
4.620000 53 42
4.690000 50 38
4.760000 50 38
4.830000 50 38
4.900000 50 38
4.970000 55 44
5.040000 55 44
5.110000 55 44
5.180000 55 44
5.250000 0 0
5.320000 0 0
5.390000 0 0
5.460000 0 0
5.530000 0 0
5.600000 0 0
5.670000 0 0
5.740000 0 0
5.810000 0 0
5.880000 0 0
5.950000 0 0
6.020000 0 0
6.090000 0 0
6.160000 0 0
6.230000 60 36
6.300000 0 0
6.370000 0 0
6.440000 0 0
6.510000 0 0
6.580000 60 34
6.650000 0 0
6.720000 0 0
6.790000 0 0
6.860000 53 29
6.930000 53 29
7.000000 0 0
7.070000 0 0
7.140000 0 0
7.210000 0 0
7.280000 0 0
7.350000 0 0
7.420000 0 0
7.490000 55 39
7.560000 0 0
7.630000 0 0
7.700000 0 0
7.770000 0 0
7.840000 55 31
7.910000 0 0
7.980000 0 0
8.050000 0 0
8.120000 48 37
8.190000 48 37
8.260000 0 0
8.330000 0 0
8.400000 0 0
8.470000 0 0
8.540000 0 0
8.610000 0 0
8.680000 0 0
8.750000 57 42
8.820000 57 42
8.890000 57 42
8.960000 57 42
9.030000 57 42
9.100000 57 42
9.170000 57 42
9.240000 57 42
9.310000 57 42
9.380000 57 42
9.450000 57 42
9.520000 57 42
9.590000 57 42
9.660000 65 43
9.730000 65 43
9.800000 65 43
9.870000 65 43
9.940000 0 0
10.010000 64 51
10.080000 64 51
10.150000 64 51
10.220000 64 51
10.290000 0 0
10.360000 48 47
10.430000 48 47
10.500000 0 0
10.570000 0 0
10.640000 0 0
10.710000 0 0
10.780000 0 0
10.850000 0 0
10.920000 0 0
10.990000 0 0
11.060000 0 0
11.130000 0 0
11.200000 0 0
11.270000 0 0
11.340000 60 36
11.410000 0 0
11.480000 0 0
11.550000 0 0
11.620000 60 34
11.690000 0 0
11.760000 0 0
11.830000 0 0
11.900000 0 0
11.970000 57 29
12.040000 57 29
12.110000 0 0
12.180000 0 0
12.250000 0 0
12.320000 0 0
12.390000 0 0
12.460000 0 0
12.530000 0 0
12.600000 55 34
12.670000 0 0
12.740000 0 0
12.810000 0 0
12.880000 55 28
12.950000 0 0
13.020000 0 0
13.090000 0 0
13.160000 0 0
13.230000 52 32
13.300000 52 32
13.370000 0 0
13.440000 0 0
13.510000 0 0
13.580000 0 0
13.650000 0 0
13.720000 0 0
13.790000 0 0
13.860000 53 42
13.930000 53 42
14.000000 53 42
14.070000 53 42
14.140000 53 42
14.210000 53 42
14.280000 53 42
14.350000 53 42
14.420000 53 42
14.490000 53 42
14.560000 53 42
14.630000 53 42
14.700000 53 42
14.770000 50 38
14.840000 50 38
14.910000 50 38
14.980000 50 38
15.050000 55 44
15.120000 55 44
15.190000 55 44
15.260000 55 44
15.330000 0 0
15.400000 0 0
15.470000 0 0
15.540000 0 0
15.610000 0 0
15.680000 0 0
15.750000 0 0
15.820000 0 0
15.890000 0 0
15.960000 0 0
16.030000 0 0
16.100000 0 0
16.170000 0 0
16.240000 0 0
16.310000 60 36
16.380000 0 0
16.450000 0 0
16.520000 0 0
16.590000 0 0
16.660000 60 34
16.730000 0 0
16.800000 0 0
16.870000 0 0
16.940000 53 29
17.010000 53 29
17.080000 0 0
17.150000 0 0
17.220000 0 0
17.290000 0 0
17.360000 0 0
17.430000 0 0
17.500000 0 0
17.570000 55 39
17.640000 0 0
17.710000 0 0
17.780000 0 0
17.850000 0 0
17.920000 55 31
17.990000 0 0
18.060000 0 0
18.130000 0 0
18.200000 48 37
18.270000 48 37
18.340000 0 0
18.410000 0 0
18.480000 0 0
18.550000 0 0
18.620000 0 0
18.690000 0 0
18.760000 0 0
18.830000 57 42
18.900000 57 42
18.970000 57 42
19.040000 57 42
19.110000 57 42
19.180000 57 42
19.250000 57 42
19.320000 57 42
19.390000 57 42
19.460000 57 42
19.530000 57 42
19.600000 57 42
19.670000 57 42
19.740000 65 43
19.810000 65 43
19.880000 65 43
19.950000 65 43
20.020000 0 0
20.090000 64 51
20.160000 64 51
20.230000 64 51
20.300000 64 51
20.370000 48 47
20.440000 48 47
20.510000 0 0
20.580000 0 0
20.650000 0 0
20.720000 60 40
20.790000 60 40
20.860000 67 36
20.930000 67 36
21.000000 64 36
21.070000 64 36
21.140000 67 36
21.210000 67 36
21.280000 0 0
21.350000 59 40
21.420000 59 40
21.490000 67 35
21.560000 67 35
21.630000 62 35
21.700000 62 35
21.770000 67 35
21.840000 67 35
21.910000 0 0
21.980000 54 40
22.050000 54 40
22.120000 62 36
22.190000 62 36
22.260000 57 36
22.330000 57 36
22.400000 62 36
22.470000 62 36
22.540000 0 0
22.610000 55 40
22.680000 55 40
22.750000 62 36
22.820000 62 36
22.890000 59 36
22.960000 59 36
23.030000 62 36
23.100000 62 36
23.170000 47 44
23.240000 47 44
23.310000 0 0
23.380000 55 38
23.450000 55 38
23.520000 50 38
23.590000 50 38
23.660000 55 38
23.730000 55 38
23.800000 48 47
23.870000 48 47
23.940000 57 40
24.010000 57 40
24.080000 0 0
24.150000 52 40
24.220000 52 40
24.290000 57 40
24.360000 57 40
24.430000 49 48
24.500000 49 48
24.570000 57 40
24.640000 57 40
24.710000 0 0
24.780000 52 39
24.850000 52 39
24.920000 57 39
24.990000 57 39
25.060000 50 48
25.130000 50 48
25.200000 50 48
25.270000 50 48
25.340000 0 0
25.410000 0 0
25.480000 0 0
25.550000 0 0
25.620000 0 0
25.690000 0 0
25.760000 0 0
25.830000 0 0
25.900000 0 0
25.970000 0 0
26.040000 0 0
26.110000 0 0
26.180000 0 0
26.250000 0 0
26.320000 67 53
26.390000 0 0
26.460000 0 0
26.530000 0 0
26.600000 0 0
26.670000 67 46
26.740000 0 0
26.810000 0 0
26.880000 0 0
26.950000 64 36
27.020000 64 36
27.090000 0 0
27.160000 0 0
27.230000 0 0
27.300000 0 0
27.370000 0 0
27.440000 0 0
27.510000 0 0
27.580000 62 42
27.650000 0 0
27.720000 0 0
27.790000 0 0
27.860000 0 0
27.930000 62 39
28.000000 0 0
28.070000 0 0
28.140000 0 0
28.210000 59 56
28.280000 59 56
28.350000 0 0
28.420000 0 0
28.490000 0 0
28.560000 0 0
28.630000 0 0
28.700000 0 0
28.770000 0 0
28.840000 55 63
28.910000 55 63
28.980000 55 63
29.050000 55 63
29.120000 55 63
29.190000 55 63
29.260000 55 63
29.330000 55 63
29.400000 55 63
29.470000 50 45
29.540000 50 45
29.610000 50 45
29.680000 50 45
29.750000 50 45
29.820000 50 45
29.890000 50 45
29.960000 50 45
30.030000 0 0
30.100000 55 64
30.170000 55 64
30.240000 0 0
30.310000 0 0
30.380000 0 0
30.450000 43 54
30.520000 43 54
30.590000 0 0
30.660000 0 0
30.730000 0 0
30.800000 0 0
30.870000 0 0
30.940000 0 0
31.010000 0 0
31.080000 0 0
31.150000 0 0
31.220000 0 0
31.290000 0 0
31.360000 0 0
31.430000 55 54
31.500000 55 54
31.570000 0 0
31.640000 0 0
31.710000 43 54
31.780000 43 54
31.850000 0 0
31.920000 0 0
31.990000 0 0
32.060000 0 0
32.130000 0 0
32.200000 0 0
32.270000 0 0
32.340000 0 0
32.410000 0 0
32.480000 0 0
32.550000 0 0
32.620000 0 0
32.690000 55 70
32.760000 55 70
32.830000 0 0
32.900000 0 0
32.970000 43 57
33.040000 43 57
33.110000 0 0
33.180000 0 0
33.250000 0 0
33.320000 0 0
33.390000 0 0
33.460000 0 0
33.530000 0 0
33.600000 0 0
33.670000 0 0
33.740000 0 0
33.810000 0 0
33.880000 0 0
33.950000 0 0
34.020000 0 0
34.090000 0 0
34.160000 0 0
34.230000 0 0
34.300000 0 0
34.370000 0 0
34.440000 0 0
34.510000 0 0
34.580000 0 0
34.650000 0 0
34.720000 0 0
34.790000 0 0
34.860000 0 0
34.930000 0 0
35.000000 0 0
35.070000 0 0
35.140000 0 0
35.210000 0 0
35.280000 0 0
35.350000 0 0
35.420000 0 0
35.490000 0 0
35.560000 0 0
35.630000 0 0
35.700000 0 0
35.770000 0 0
35.840000 0 0
35.910000 0 0
35.980000 0 0
36.050000 0 0
36.120000 0 0
36.190000 0 0
36.260000 0 0
36.330000 0 0
36.400000 0 0
36.470000 0 0
36.540000 0 0
36.610000 0 0
36.680000 0 0
36.750000 0 0
36.820000 0 0
36.890000 0 0
36.960000 60 36
37.030000 0 0
37.100000 0 0
37.170000 0 0
37.240000 0 0
37.310000 60 34
37.380000 0 0
37.450000 0 0
37.520000 0 0
37.590000 0 0
37.660000 57 29
37.730000 57 29
37.800000 0 0
37.870000 0 0
37.940000 0 0
38.010000 0 0
38.080000 0 0
38.150000 0 0
38.220000 0 0
38.290000 55 34
38.360000 0 0
38.430000 0 0
38.500000 0 0
38.570000 55 28
38.640000 0 0
38.710000 0 0
38.780000 0 0
38.850000 0 0
38.920000 52 32
38.990000 52 32
39.060000 0 0
39.130000 0 0
39.200000 0 0
39.270000 0 0
39.340000 0 0
39.410000 0 0
39.480000 53 42
39.550000 53 42
39.620000 53 42
39.690000 53 42
39.760000 53 42
39.830000 53 42
39.900000 53 42
39.970000 53 42
40.040000 53 42
40.110000 53 42
40.180000 53 42
40.250000 53 42
40.320000 53 42
40.390000 50 38
40.460000 50 38
40.530000 50 38
40.600000 50 38
40.670000 0 0
40.740000 55 44
40.810000 55 44
40.880000 55 44
40.950000 55 44
41.020000 0 0
41.090000 0 0
41.160000 0 0
41.230000 0 0
41.300000 0 0
41.370000 0 0
41.440000 0 0
41.510000 0 0
41.580000 0 0
41.650000 0 0
41.720000 0 0
41.790000 0 0
41.860000 0 0
41.930000 0 0
42.000000 60 36
42.070000 0 0
42.140000 0 0
42.210000 0 0
42.280000 60 34
42.350000 0 0
42.420000 0 0
42.490000 0 0
42.560000 0 0
42.630000 53 29
42.700000 53 29
42.770000 0 0
42.840000 0 0
42.910000 0 0
42.980000 0 0
43.050000 0 0
43.120000 0 0
43.190000 0 0
43.260000 55 39
43.330000 0 0
43.400000 0 0
43.470000 0 0
43.540000 55 31
43.610000 0 0
43.680000 0 0
43.750000 0 0
43.820000 0 0
43.890000 48 37
43.960000 48 37
44.030000 0 0
44.100000 0 0
44.170000 0 0
44.240000 0 0
44.310000 0 0
44.380000 0 0
44.450000 0 0
44.520000 57 42
44.590000 57 42
44.660000 57 42
44.730000 57 42
44.800000 57 42
44.870000 57 42
44.940000 57 42
45.010000 57 42
45.080000 57 42
45.150000 57 42
45.220000 57 42
45.290000 57 42
45.360000 57 42
45.430000 65 43
45.500000 65 43
45.570000 65 43
45.640000 65 43
45.710000 64 51
45.780000 64 51
45.850000 64 51
45.920000 64 51
45.990000 0 0
46.060000 48 47
46.130000 48 47
46.200000 0 0
46.270000 0 0
46.340000 0 0
46.410000 64 53
46.480000 0 0
46.550000 0 0
46.620000 0 0
46.690000 64 44
46.760000 0 0
46.830000 0 0
46.900000 0 0
46.970000 0 0
47.040000 60 45
47.110000 60 45
47.180000 0 0
47.250000 0 0
47.320000 0 0
47.390000 0 0
47.460000 0 0
47.530000 0 0
47.600000 0 0
47.670000 59 40
47.740000 0 0
47.810000 0 0
47.880000 0 0
47.950000 59 32
48.020000 0 0
48.090000 0 0
48.160000 0 0
48.230000 0 0
48.300000 56 40
48.370000 56 40
48.440000 0 0
48.510000 0 0
48.580000 0 0
48.650000 0 0
48.720000 0 0
48.790000 0 0
48.860000 0 0
48.930000 0 0
49.000000 0 0
49.070000 0 0
49.140000 0 0
49.210000 0 0
49.280000 0 0
49.350000 0 0
49.420000 0 0
49.490000 0 0
49.560000 64 60
49.630000 64 60
49.700000 63 53
49.770000 63 53
49.840000 65 58
49.910000 65 58
49.980000 0 0
50.050000 64 52
50.120000 64 52
50.190000 0 0
50.260000 0 0
50.330000 0 0
50.400000 0 0
50.470000 0 0
50.540000 0 0
50.610000 0 0
50.680000 0 0
50.750000 0 0
50.820000 64 58
50.890000 64 58
50.960000 63 50
51.030000 63 50
51.100000 65 57
51.170000 65 57
51.240000 64 50
51.310000 64 50
51.380000 0 0
51.450000 60 60
51.520000 60 60
51.590000 60 60
51.660000 60 60
51.730000 60 60
51.800000 60 60
51.870000 60 60
51.940000 60 60
52.010000 0 0
52.080000 62 48
52.150000 62 48
52.220000 62 48
52.290000 62 48
52.360000 62 48
52.430000 62 48
52.500000 62 48
52.570000 62 48
52.640000 64 49
52.710000 64 49
52.780000 64 49
52.850000 64 49
52.920000 64 49
52.990000 64 49
53.060000 64 49
53.130000 64 49
53.200000 0 0
53.270000 69 52
53.340000 69 52
53.410000 69 52
53.480000 69 52
53.550000 69 52
53.620000 69 52
53.690000 69 52
53.760000 69 52
53.830000 69 52
53.900000 69 52
53.970000 69 52
54.040000 69 52
54.110000 69 52
54.180000 69 52
54.250000 69 52
54.320000 69 52
54.390000 69 52
54.460000 64 60
54.530000 69 67
54.600000 69 67
54.670000 69 67
54.740000 69 67
54.810000 0 0
54.880000 0 0
54.950000 0 0
55.020000 0 0
55.090000 0 0
55.160000 0 0
55.230000 65 36
55.300000 65 36
55.370000 65 36
55.440000 65 36
55.510000 0 0
55.580000 0 0
55.650000 0 0
55.720000 0 0
55.790000 0 0
55.860000 52 43
55.930000 52 43
56.000000 0 0
56.070000 64 39
56.140000 64 39
56.210000 56 39
56.280000 56 39
56.350000 64 39
56.420000 64 39
56.490000 0 0
56.560000 59 46
56.630000 59 46
56.700000 64 39
56.770000 64 39
56.840000 56 39
56.910000 56 39
56.980000 64 39
57.050000 64 39
57.120000 0 0
57.190000 52 47
57.260000 52 47
57.330000 64 41
57.400000 64 41
57.470000 57 41
57.540000 57 41
57.610000 64 41
57.680000 64 41
57.750000 60 48
57.820000 60 48
57.890000 0 0
57.960000 64 40
58.030000 64 40
58.100000 57 40
58.170000 57 40
58.240000 64 40
58.310000 64 40
58.380000 52 52
58.450000 52 52
58.520000 0 0
58.590000 64 42
58.660000 64 42
58.730000 56 42
58.800000 56 42
58.870000 64 42
58.940000 64 42
59.010000 59 52
59.080000 59 52
59.150000 64 43
59.220000 64 43
59.290000 0 0
59.360000 56 43
59.430000 56 43
59.500000 64 43
59.570000 64 43
59.640000 52 51
59.710000 52 51
59.780000 64 43
59.850000 64 43
59.920000 0 0
59.990000 57 43
60.060000 57 43
60.130000 64 43
60.200000 64 43
60.270000 60 52
60.340000 60 52
60.410000 64 43
60.480000 64 43
60.550000 0 0
60.620000 57 43
60.690000 57 43
60.760000 64 43
60.830000 64 43
60.900000 52 51
60.970000 52 51
61.040000 52 51
61.110000 52 51
61.180000 0 0
61.250000 0 0
61.320000 0 0
61.390000 0 0
61.460000 0 0
61.530000 0 0
61.600000 0 0
61.670000 0 0
61.740000 0 0
61.810000 0 0
61.880000 0 0
61.950000 0 0
62.020000 0 0
62.090000 0 0
62.160000 0 0
62.230000 64 46
62.300000 64 46
62.370000 63 39
62.440000 63 39
62.510000 65 46
62.580000 65 46
62.650000 0 0
62.720000 64 39
62.790000 64 39
62.860000 0 0
62.930000 0 0
63.000000 0 0
63.070000 0 0
63.140000 0 0
63.210000 0 0
63.280000 0 0
63.350000 0 0
63.420000 0 0
63.490000 64 45
63.560000 64 45
63.630000 63 39
63.700000 63 39
63.770000 65 46
63.840000 65 46
63.910000 64 39
63.980000 64 39
64.050000 0 0
64.120000 52 50
64.190000 0 0
64.260000 0 0
64.330000 0 0
64.400000 52 44
64.470000 0 0
64.540000 0 0
64.610000 0 0
64.680000 0 0
64.750000 48 51
64.820000 48 51
64.890000 0 0
64.960000 0 0
65.030000 0 0
65.100000 0 0
65.170000 0 0
65.240000 0 0
65.310000 0 0
65.380000 50 48
65.450000 0 0
65.520000 0 0
65.590000 0 0
65.660000 50 41
65.730000 0 0
65.800000 0 0
65.870000 0 0
65.940000 0 0
66.010000 47 51
66.080000 47 51
66.150000 0 0
66.220000 0 0
66.290000 0 0
66.360000 0 0
66.430000 0 0
66.500000 0 0
66.570000 0 0
66.640000 56 39
66.710000 56 39
66.780000 56 39
66.850000 56 39
66.920000 56 39
66.990000 56 39
67.060000 56 39
67.130000 56 39
67.200000 0 0
67.270000 57 42
67.340000 57 42
67.410000 57 42
67.480000 57 42
67.550000 59 42
67.620000 59 42
67.690000 59 42
67.760000 59 42
67.830000 64 51
67.900000 64 51
67.970000 64 51
68.040000 64 51
68.110000 64 51
68.180000 64 51
68.250000 64 51
68.320000 64 51
68.390000 61 43
68.460000 69 46
68.530000 69 46
68.600000 69 46
68.670000 69 46
68.740000 69 46
68.810000 69 46
68.880000 69 46
68.950000 69 46
69.020000 69 46
69.090000 69 46
69.160000 69 46
69.230000 69 46
69.300000 69 46
69.370000 69 46
69.440000 69 46
69.510000 69 46
69.580000 69 46
69.650000 64 53
69.720000 65 59
69.790000 65 59
69.860000 65 59
69.930000 65 59
70.000000 65 59
70.070000 65 59
70.140000 65 59
70.210000 65 59
70.280000 65 59
70.350000 52 36
70.420000 52 36
70.490000 52 36
70.560000 52 36
70.630000 52 36
70.700000 52 36
70.770000 52 36
70.840000 52 36
70.910000 52 36
70.980000 0 0
71.050000 57 43
71.120000 57 43
71.190000 60 39
71.260000 60 39
71.330000 0 0
71.400000 64 39
71.470000 64 39
71.540000 60 39
71.610000 60 39
71.680000 52 46
71.750000 52 46
71.820000 0 0
71.890000 59 39
71.960000 59 39
72.030000 62 39
72.100000 62 39
72.170000 59 39
72.240000 59 39
72.310000 57 47
72.380000 57 47
72.450000 0 0
72.520000 60 41
72.590000 60 41
72.660000 64 41
72.730000 64 41
72.800000 60 41
72.870000 60 41
72.940000 0 0
73.010000 52 48
73.080000 52 48
73.150000 59 40
73.220000 59 40
73.290000 62 40
73.360000 62 40
73.430000 59 40
73.500000 59 40
73.570000 0 0
73.640000 57 47
73.710000 57 47
73.780000 60 41
73.850000 60 41
73.920000 64 41
73.990000 64 41
74.060000 60 41
74.130000 60 41
74.200000 0 0
74.270000 52 43
74.340000 52 43
74.410000 59 35
74.480000 59 35
74.550000 62 37
74.620000 62 37
74.690000 59 40
74.760000 59 40
74.830000 0 0
74.900000 57 52
74.970000 57 52
75.040000 60 43
75.110000 60 43
75.180000 64 44
75.250000 64 44
75.320000 0 0
75.390000 60 45
75.460000 60 45
75.530000 55 57
75.600000 55 57
75.670000 0 0
75.740000 62 45
75.810000 62 45
75.880000 65 46
75.950000 65 46
76.020000 62 46
76.090000 62 46
76.160000 0 0
76.230000 0 0
76.300000 0 0
76.370000 0 0
76.440000 0 0
76.510000 0 0
76.580000 0 0
76.650000 0 0
76.720000 0 0
76.790000 0 0
76.860000 0 0
76.930000 0 0
77.000000 0 0
77.070000 0 0
77.140000 0 0
77.210000 0 0
77.280000 0 0
77.350000 0 0
77.420000 0 0
77.490000 0 0
77.560000 0 0
77.630000 0 0
77.700000 0 0
77.770000 0 0
77.840000 0 0
77.910000 60 36
77.980000 0 0
78.050000 0 0
78.120000 0 0
78.190000 60 34
78.260000 0 0
78.330000 0 0
78.400000 0 0
78.470000 0 0
78.540000 57 29
78.610000 57 29
78.680000 0 0
78.750000 0 0
78.820000 0 0
78.890000 0 0
78.960000 0 0
79.030000 0 0
79.100000 0 0
79.170000 55 34
79.240000 0 0
79.310000 0 0
79.380000 0 0
79.450000 55 28
79.520000 0 0
79.590000 0 0
79.660000 0 0
79.730000 0 0
79.800000 52 32
79.870000 52 32
79.940000 0 0
80.010000 0 0
80.080000 0 0
80.150000 0 0
80.220000 0 0
80.290000 0 0
80.360000 0 0
80.430000 53 42
80.500000 53 42
80.570000 53 42
80.640000 53 42
80.710000 53 42
80.780000 53 42
80.850000 53 42
80.920000 53 42
80.990000 53 42
81.060000 53 42
81.130000 53 42
81.200000 53 42
81.270000 53 42
81.340000 50 38
81.410000 50 38
81.480000 50 38
81.550000 50 38
81.620000 55 44
81.690000 55 44
81.760000 55 44
81.830000 55 44
81.900000 0 0
81.970000 0 0
82.040000 0 0
82.110000 0 0
82.180000 0 0
82.250000 0 0
82.320000 0 0
82.390000 0 0
82.460000 0 0
82.530000 0 0
82.600000 0 0
82.670000 0 0
82.740000 0 0
82.810000 0 0
82.880000 60 36
82.950000 0 0
83.020000 0 0
83.090000 0 0
83.160000 0 0
83.230000 60 34
83.300000 0 0
83.370000 0 0
83.440000 0 0
83.510000 53 29
83.580000 53 29
83.650000 0 0
83.720000 0 0
83.790000 0 0
83.860000 0 0
83.930000 0 0
84.000000 0 0
84.070000 0 0
84.140000 55 39
84.210000 0 0
84.280000 0 0
84.350000 0 0
84.420000 0 0
84.490000 55 31
84.560000 0 0
84.630000 0 0
84.700000 0 0
84.770000 48 37
84.840000 48 37
84.910000 0 0
84.980000 0 0
85.050000 0 0
85.120000 0 0
85.190000 0 0
85.260000 0 0
85.330000 0 0
85.400000 57 42
85.470000 57 42
85.540000 57 42
85.610000 57 42
85.680000 57 42
85.750000 57 42
85.820000 57 42
85.890000 57 42
85.960000 57 42
86.030000 57 42
86.100000 57 42
86.170000 57 42
86.240000 57 42
86.310000 65 43
86.380000 65 43
86.450000 65 43
86.520000 65 43
86.590000 0 0
86.660000 64 51
86.730000 64 51
86.800000 64 51
86.870000 64 51
86.940000 48 47
87.010000 48 47
87.080000 0 0
87.150000 0 0
87.220000 0 0
87.290000 0 0
87.360000 53 44
87.430000 53 44
87.500000 59 38
87.570000 59 38
87.640000 55 38
87.710000 55 38
87.780000 59 38
87.850000 59 38
87.920000 52 44
87.990000 52 44
88.060000 0 0
88.130000 60 39
88.200000 60 39
88.270000 55 41
88.340000 55 41
88.410000 60 42
88.480000 60 42
88.550000 53 48
88.620000 53 48
88.690000 59 41
88.760000 59 41
88.830000 0 0
88.900000 55 41
88.970000 55 41
89.040000 59 42
89.110000 59 42
89.180000 52 51
89.250000 52 51
89.320000 60 44
89.390000 60 44
89.460000 55 44
89.530000 55 44
89.600000 0 0
89.670000 60 44
89.740000 60 44
89.810000 53 53
89.880000 53 53
89.950000 62 44
90.020000 62 44
90.090000 57 44
90.160000 57 44
90.230000 0 0
90.300000 62 44
90.370000 62 44
90.440000 55 51
90.510000 55 51
90.580000 64 44
90.650000 64 44
90.720000 60 44
90.790000 60 44
90.860000 64 44
90.930000 64 44
91.000000 0 0
91.070000 55 50
91.140000 55 50
91.210000 65 41
91.280000 65 41
91.350000 62 41
91.420000 62 41
91.490000 65 44
91.560000 65 44
91.630000 0 0
91.700000 60 44
91.770000 60 44
91.840000 67 36
91.910000 67 36
91.980000 0 0
92.050000 64 39
92.120000 64 39
92.190000 67 36
92.260000 67 36
92.330000 53 44
92.400000 53 44
92.470000 0 0
92.540000 59 38
92.610000 59 38
92.680000 55 38
92.750000 55 38
92.820000 59 38
92.890000 59 38
92.960000 52 44
93.030000 52 44
93.100000 0 0
93.170000 60 39
93.240000 60 39
93.310000 55 41
93.380000 55 41
93.450000 60 42
93.520000 60 42
93.590000 53 48
93.660000 53 48
93.730000 0 0
93.800000 59 41
93.870000 59 41
93.940000 55 41
94.010000 55 41
94.080000 59 42
94.150000 59 42
94.220000 52 51
94.290000 52 51
94.360000 60 44
94.430000 60 44
94.500000 0 0
94.570000 55 44
94.640000 55 44
94.710000 60 44
94.780000 60 44
94.850000 53 53
94.920000 53 53
94.990000 62 46
95.060000 62 46
95.130000 0 0
95.200000 57 46
95.270000 57 46
95.340000 62 46
95.410000 62 46
95.480000 55 51
95.550000 55 51
95.620000 64 48
95.690000 64 48
95.760000 60 49
95.830000 60 49
95.900000 0 0
95.970000 64 51
96.040000 64 51
96.110000 55 57
96.180000 55 57
96.250000 65 51
96.320000 65 51
96.390000 62 55
96.460000 62 55
96.530000 0 0
96.600000 65 58
96.670000 65 58
96.740000 60 67
96.810000 60 67
96.880000 64 58
96.950000 64 58
97.020000 55 60
97.090000 55 60
97.160000 0 0
97.230000 60 56
97.300000 60 56
97.370000 52 62
97.440000 52 62
97.510000 55 55
97.580000 55 55
97.650000 48 58
97.720000 48 58
97.790000 52 49
97.860000 52 49
97.930000 0 0
98.000000 55 63
98.070000 55 63
98.140000 55 63
98.210000 55 63
98.280000 0 0
98.350000 0 0
98.420000 0 0
98.490000 0 0
98.560000 0 0
98.630000 43 63
98.700000 43 63
98.770000 43 63
98.840000 43 63
98.910000 0 0
98.980000 0 0
99.050000 0 0
99.120000 0 0
99.190000 0 0
99.260000 60 67
99.330000 60 67
99.400000 64 56
99.470000 64 56
99.540000 55 60
99.610000 55 60
99.680000 60 56
99.750000 60 56
99.820000 52 64
99.890000 52 64
99.960000 0 0
100.030000 55 56
100.100000 55 56
100.170000 48 60
100.240000 48 60
100.310000 52 53
100.380000 52 53
100.450000 55 67
100.520000 55 67
100.590000 55 67
100.660000 55 67
100.730000 0 0
100.800000 0 0
100.870000 0 0
100.940000 0 0
101.010000 0 0
101.080000 43 63
101.150000 43 63
101.220000 43 63
101.290000 43 63
101.360000 0 0
101.430000 0 0
101.500000 0 0
101.570000 0 0
101.640000 0 0
101.710000 0 0
101.780000 36 59
101.850000 36 59
101.920000 36 59
101.990000 36 59
102.060000 0 0
102.130000 40 53
102.200000 40 53
102.270000 40 53
102.340000 0 0
102.410000 0 0
102.480000 43 59
102.550000 43 59
102.620000 43 59
102.690000 43 59
102.760000 0 0
102.830000 40 53
102.900000 40 53
102.970000 40 53
103.040000 40 53
103.110000 0 0
103.180000 0 0
103.250000 0 0
103.320000 36 61
103.390000 36 61
103.460000 36 61
103.530000 36 61
103.600000 36 61
103.670000 36 61
103.740000 36 61
103.810000 36 61
103.880000 36 61
103.950000 36 61
104.020000 36 61
104.090000 36 61
104.160000 36 61
