"mz_570_3"

# Piano right
0.000000 0 0
0.070000 0 0
0.140000 0 0
0.210000 0 0
0.280000 0 0
0.350000 0 0
0.420000 0 0
0.490000 0 0
0.560000 0 0
0.630000 0 0
0.700000 0 0
0.770000 0 0
0.840000 0 0
0.910000 0 0
0.980000 0 0
1.050000 0 0
1.120000 0 0
1.190000 0 0
1.260000 0 0
1.330000 0 0
1.400000 70 47
1.470000 70 47
1.540000 70 47
1.610000 74 50
1.680000 74 50
1.750000 0 0
1.820000 0 0
1.890000 0 0
1.960000 0 0
2.030000 75 51
2.100000 75 51
2.170000 75 51
2.240000 0 0
2.310000 0 0
2.380000 0 0
2.450000 76 52
2.520000 76 52
2.590000 76 52
2.660000 76 52
2.730000 76 52
2.800000 0 0
2.870000 77 52
2.940000 77 52
3.010000 0 0
3.080000 74 51
3.150000 0 0
3.220000 0 0
3.290000 72 54
3.360000 0 0
3.430000 0 0
3.500000 71 50
3.570000 0 0
3.640000 0 0
3.710000 72 52
3.780000 0 0
3.850000 74 50
3.920000 0 0
3.990000 0 0
4.060000 77 54
4.130000 77 54
4.200000 77 54
4.270000 77 54
4.340000 77 54
4.410000 0 0
4.480000 75 46
4.550000 75 46
4.620000 0 0
4.690000 69 46
4.760000 0 0
4.830000 0 0
4.900000 70 52
4.970000 0 0
5.040000 0 0
5.110000 70 48
5.180000 70 48
5.250000 70 48
5.320000 70 48
5.390000 70 48
5.460000 0 0
5.530000 71 47
5.600000 71 47
5.670000 0 0
5.740000 72 51
5.810000 0 0
5.880000 72 50
5.950000 72 50
6.020000 72 50
6.090000 72 50
6.160000 72 50
6.230000 0 0
6.300000 73 50
6.370000 73 50
6.440000 0 0
6.510000 74 54
6.580000 0 0
6.650000 0 0
6.720000 72 50
6.790000 0 0
6.860000 0 0
6.930000 74 55
7.000000 0 0
7.070000 0 0
7.140000 72 50
7.210000 0 0
7.280000 0 0
7.350000 70 55
7.420000 70 55
7.490000 70 55
7.560000 70 55
7.630000 70 55
7.700000 69 50
7.770000 69 50
7.840000 0 0
7.910000 70 47
7.980000 0 0
8.050000 72 47
8.120000 74 50
8.190000 74 50
8.260000 0 0
8.330000 0 0
8.400000 0 0
8.470000 0 0
8.540000 75 51
8.610000 75 51
8.680000 75 51
8.750000 0 0
8.820000 0 0
8.890000 0 0
8.960000 76 52
9.030000 76 52
9.100000 76 52
9.170000 76 52
9.240000 76 52
9.310000 0 0
9.380000 77 52
9.450000 77 52
9.520000 0 0
9.590000 74 51
9.660000 0 0
9.730000 0 0
9.800000 72 54
9.870000 0 0
9.940000 0 0
10.010000 71 50
10.080000 0 0
10.150000 0 0
10.220000 72 52
10.290000 0 0
10.360000 0 0
10.430000 74 50
10.500000 0 0
10.570000 0 0
10.640000 77 54
10.710000 77 54
10.780000 77 54
10.850000 77 54
10.920000 77 54
10.990000 75 46
11.060000 75 46
11.130000 0 0
11.200000 69 46
11.270000 0 0
11.340000 0 0
11.410000 70 56
11.480000 0 0
11.550000 0 0
11.620000 82 50
11.690000 82 50
11.760000 0 0
11.830000 82 53
11.900000 0 0
11.970000 0 0
12.040000 82 48
12.110000 0 0
12.180000 0 0
12.250000 72 56
12.320000 0 0
12.390000 79 50
12.460000 79 50
12.530000 0 0
12.600000 79 53
12.670000 0 0
12.740000 0 0
12.810000 79 50
12.880000 0 0
12.950000 0 0
13.020000 70 54
13.090000 0 0
13.160000 0 0
13.230000 70 50
13.300000 0 0
13.370000 0 0
13.440000 0 0
13.510000 0 0
13.580000 0 0
13.650000 72 50
13.720000 74 45
13.790000 0 0
13.860000 70 55
13.930000 70 55
14.000000 70 55
14.070000 70 55
14.140000 70 55
14.210000 0 0
14.280000 0 0
14.350000 0 0
14.420000 70 47
14.490000 0 0
14.560000 74 47
14.630000 77 54
14.700000 77 54
14.770000 0 0
14.840000 0 0
14.910000 0 0
14.980000 0 0
15.050000 76 51
15.120000 76 51
15.190000 0 0
15.260000 0 0
15.330000 0 0
15.400000 0 0
15.470000 84 59
15.540000 0 0
15.610000 0 0
15.680000 75 52
15.750000 75 52
15.820000 0 0
15.890000 0 0
15.960000 0 0
16.030000 0 0
16.100000 74 51
16.170000 74 51
16.240000 74 51
16.310000 74 51
16.380000 74 51
16.450000 71 50
16.520000 71 50
16.590000 0 0
16.660000 72 52
16.730000 72 52
16.800000 0 0
16.870000 79 50
16.940000 79 50
17.010000 0 0
17.080000 70 54
17.150000 70 54
17.220000 70 54
17.290000 70 54
17.360000 0 0
17.430000 0 0
17.500000 69 48
17.570000 69 48
17.640000 0 0
17.710000 69 47
17.780000 0 0
17.850000 72 47
17.920000 77 54
17.990000 77 54
18.060000 0 0
18.130000 0 0
18.200000 0 0
18.270000 0 0
18.340000 76 51
18.410000 76 51
18.480000 0 0
18.550000 0 0
18.620000 0 0
18.690000 0 0
18.760000 84 59
18.830000 0 0
18.900000 0 0
18.970000 75 52
19.040000 75 52
19.110000 0 0
19.180000 0 0
19.250000 0 0
19.320000 0 0
19.390000 74 51
19.460000 74 51
19.530000 0 0
19.600000 0 0
19.670000 0 0
19.740000 82 50
19.810000 82 50
19.880000 0 0
19.950000 79 52
20.020000 79 52
20.090000 0 0
20.160000 76 50
20.230000 76 50
20.300000 0 0
20.370000 77 60
20.440000 77 60
20.510000 0 0
20.580000 81 53
20.650000 81 53
20.720000 0 0
20.790000 84 58
20.860000 0 0
20.930000 0 0
21.000000 84 51
21.070000 0 0
21.140000 0 0
21.210000 0 0
21.280000 0 0
21.350000 0 0
21.420000 84 54
21.490000 82 48
21.560000 81 48
21.630000 0 0
21.700000 79 48
21.770000 77 48
21.840000 0 0
21.910000 76 48
21.980000 77 55
22.050000 0 0
22.120000 72 45
22.190000 77 53
22.260000 0 0
22.330000 81 48
22.400000 84 59
22.470000 0 0
22.540000 0 0
22.610000 84 52
22.680000 0 0
22.750000 0 0
22.820000 0 0
22.890000 81 48
22.960000 0 0
23.030000 84 54
23.100000 82 48
23.170000 0 0
23.240000 81 48
23.310000 79 48
23.380000 0 0
23.450000 77 48
23.520000 76 48
23.590000 0 0
23.660000 77 51
23.730000 78 42
23.800000 81 49
23.870000 0 0
23.940000 79 48
24.010000 77 46
24.080000 0 0
24.150000 75 45
24.220000 74 43
24.290000 0 0
24.360000 73 42
24.430000 74 46
24.500000 74 46
24.570000 0 0
24.640000 0 0
24.710000 0 0
24.780000 0 0
24.850000 75 49
24.920000 75 49
24.990000 75 49
25.060000 0 0
25.130000 0 0
25.200000 0 0
25.270000 76 50
25.340000 76 50
25.410000 76 50
25.480000 76 50
25.550000 76 50
25.620000 0 0
25.690000 77 50
25.760000 77 50
25.830000 0 0
25.900000 74 47
25.970000 0 0
26.040000 0 0
26.110000 72 52
26.180000 0 0
26.250000 0 0
26.320000 71 50
26.390000 0 0
26.460000 0 0
26.530000 72 52
26.600000 0 0
26.670000 0 0
26.740000 74 50
26.810000 0 0
26.880000 77 54
26.950000 77 54
27.020000 77 54
27.090000 77 54
27.160000 77 54
27.230000 0 0
27.300000 75 46
27.370000 75 46
27.440000 0 0
27.510000 69 46
27.580000 0 0
27.650000 0 0
27.720000 70 52
27.790000 0 0
27.860000 0 0
27.930000 70 48
28.000000 70 48
28.070000 70 48
28.140000 70 48
28.210000 70 48
28.280000 0 0
28.350000 71 47
28.420000 71 47
28.490000 0 0
28.560000 72 51
28.630000 0 0
28.700000 0 0
28.770000 72 50
28.840000 72 50
28.910000 72 50
28.980000 72 50
29.050000 72 50
29.120000 73 50
29.190000 73 50
29.260000 0 0
29.330000 74 54
29.400000 0 0
29.470000 0 0
29.540000 72 50
29.610000 0 0
29.680000 0 0
29.750000 74 55
29.820000 0 0
29.890000 0 0
29.960000 72 50
30.030000 0 0
30.100000 0 0
30.170000 70 55
30.240000 70 55
30.310000 70 55
30.380000 70 55
30.450000 70 55
30.520000 0 0
30.590000 69 50
30.660000 69 50
30.730000 70 47
30.800000 0 0
30.870000 72 47
30.940000 0 0
31.010000 74 50
31.080000 74 50
31.150000 0 0
31.220000 0 0
31.290000 0 0
31.360000 75 51
31.430000 75 51
31.500000 75 51
31.570000 0 0
31.640000 0 0
31.710000 0 0
31.780000 76 52
31.850000 76 52
31.920000 76 52
31.990000 76 52
32.060000 76 52
32.130000 0 0
32.200000 77 52
32.270000 77 52
32.340000 0 0
32.410000 74 51
32.480000 0 0
32.550000 0 0
32.620000 72 54
32.690000 0 0
32.760000 0 0
32.830000 71 50
32.900000 0 0
32.970000 0 0
33.040000 72 52
33.110000 0 0
33.180000 0 0
33.250000 74 50
33.320000 0 0
33.390000 0 0
33.460000 77 54
33.530000 77 54
33.600000 77 54
33.670000 77 54
33.740000 77 54
33.810000 0 0
33.880000 75 46
33.950000 75 46
34.020000 0 0
34.090000 69 46
34.160000 0 0
34.230000 70 56
34.300000 0 0
34.370000 0 0
34.440000 82 50
34.510000 82 50
34.580000 0 0
34.650000 82 53
34.720000 0 0
34.790000 0 0
34.860000 82 48
34.930000 0 0
35.000000 0 0
35.070000 72 56
35.140000 0 0
35.210000 0 0
35.280000 79 50
35.350000 79 50
35.420000 79 53
35.490000 0 0
35.560000 0 0
35.630000 79 50
35.700000 0 0
35.770000 0 0
35.840000 70 54
35.910000 0 0
35.980000 0 0
36.050000 70 50
36.120000 0 0
36.190000 0 0
36.260000 0 0
36.330000 0 0
36.400000 0 0
36.470000 72 50
36.540000 74 45
36.610000 0 0
36.680000 70 55
36.750000 70 55
36.820000 70 55
36.890000 70 55
36.960000 70 55
37.030000 0 0
37.100000 0 0
37.170000 0 0
37.240000 65 60
37.310000 0 0
37.380000 0 0
37.450000 65 55
37.520000 0 0
37.590000 0 0
37.660000 65 54
37.730000 65 54
37.800000 65 54
37.870000 65 54
37.940000 65 54
38.010000 0 0
38.080000 62 49
38.150000 62 49
38.220000 0 0
38.290000 67 55
38.360000 0 0
38.430000 0 0
38.500000 67 54
38.570000 67 54
38.640000 67 54
38.710000 67 54
38.780000 67 54
38.850000 0 0
38.920000 63 49
38.990000 63 49
39.060000 0 0
39.130000 67 63
39.200000 67 63
39.270000 0 0
39.340000 70 59
39.410000 70 59
39.480000 0 0
39.550000 69 65
39.620000 69 65
39.690000 72 59
39.760000 72 59
39.830000 0 0
39.900000 70 63
39.970000 0 0
40.040000 69 59
40.110000 70 57
40.180000 0 0
40.250000 72 57
40.320000 70 64
40.390000 0 0
40.460000 0 0
40.530000 70 59
40.600000 0 0
40.670000 0 0
40.740000 74 55
40.810000 0 0
40.880000 0 0
40.950000 74 54
41.020000 74 54
41.090000 74 54
41.160000 74 54
41.230000 74 54
41.300000 0 0
41.370000 70 49
41.440000 70 49
41.510000 0 0
41.580000 75 55
41.650000 0 0
41.720000 75 54
41.790000 75 54
41.860000 75 54
41.930000 75 54
42.000000 75 54
42.070000 0 0
42.140000 72 49
42.210000 72 49
42.280000 0 0
42.350000 70 63
42.420000 70 63
42.490000 0 0
42.560000 74 59
42.630000 74 59
42.700000 0 0
42.770000 72 63
42.840000 72 63
42.910000 0 0
42.980000 75 59
43.050000 75 59
43.120000 0 0
43.190000 74 63
43.260000 72 59
43.330000 0 0
43.400000 74 59
43.470000 75 59
43.540000 0 0
43.610000 74 66
43.680000 0 0
43.750000 0 0
43.820000 74 46
43.890000 0 0
43.960000 0 0
44.030000 86 53
44.100000 0 0
44.170000 86 46
44.240000 86 46
44.310000 0 0
44.380000 82 50
44.450000 82 50
44.520000 0 0
44.590000 79 46
44.660000 79 46
44.730000 0 0
44.800000 78 51
44.870000 78 51
44.940000 78 51
45.010000 78 51
45.080000 78 51
45.150000 0 0
45.220000 79 46
45.290000 79 46
45.360000 0 0
45.430000 86 50
45.500000 0 0
45.570000 0 0
45.640000 83 51
45.710000 84 46
45.780000 0 0
45.850000 86 46
45.920000 84 48
45.990000 82 47
46.060000 0 0
46.130000 81 45
46.200000 79 44
46.270000 0 0
46.340000 77 42
46.410000 76 49
46.480000 76 49
46.550000 76 49
46.620000 76 49
46.690000 76 49
46.760000 0 0
46.830000 77 46
46.900000 77 46
46.970000 0 0
47.040000 84 49
47.110000 0 0
47.180000 89 55
47.250000 0 0
47.320000 88 54
47.390000 86 53
47.460000 0 0
47.530000 84 52
47.600000 82 51
47.670000 81 50
47.740000 0 0
47.810000 79 49
47.880000 77 48
47.950000 0 0
48.020000 86 53
48.090000 84 52
48.160000 0 0
48.230000 82 50
48.300000 81 49
48.370000 79 48
48.440000 0 0
48.510000 77 47
48.580000 76 45
48.650000 0 0
48.720000 74 44
48.790000 72 50
48.860000 0 0
48.930000 77 46
49.000000 81 46
49.070000 84 46
49.140000 0 0
49.210000 84 50
49.280000 82 44
49.350000 0 0
49.420000 81 44
49.490000 0 0
49.560000 79 44
49.630000 79 47
49.700000 79 47
49.770000 79 47
49.840000 79 47
49.910000 79 47
49.980000 79 47
50.050000 0 0
50.120000 77 40
50.190000 77 40
50.260000 0 0
50.330000 65 60
50.400000 0 0
50.470000 0 0
50.540000 65 55
50.610000 0 0
50.680000 0 0
50.750000 65 54
50.820000 65 54
50.890000 65 54
50.960000 65 54
51.030000 65 54
51.100000 0 0
51.170000 62 49
51.240000 62 49
51.310000 0 0
51.380000 67 55
51.450000 0 0
51.520000 0 0
51.590000 67 54
51.660000 67 54
51.730000 67 54
51.800000 67 54
51.870000 67 54
51.940000 0 0
52.010000 63 49
52.080000 63 49
52.150000 0 0
52.220000 67 63
52.290000 67 63
52.360000 0 0
52.430000 70 59
52.500000 70 59
52.570000 0 0
52.640000 69 65
52.710000 69 65
52.780000 0 0
52.850000 72 59
52.920000 72 59
52.990000 70 63
53.060000 0 0
53.130000 69 59
53.200000 70 57
53.270000 0 0
53.340000 72 57
53.410000 70 64
53.480000 0 0
53.550000 0 0
53.620000 70 59
53.690000 0 0
53.760000 0 0
53.830000 74 55
53.900000 0 0
53.970000 0 0
54.040000 74 54
54.110000 74 54
54.180000 74 54
54.250000 74 54
54.320000 74 54
54.390000 0 0
54.460000 70 49
54.530000 70 49
54.600000 0 0
54.670000 75 55
54.740000 0 0
54.810000 0 0
54.880000 75 54
54.950000 75 54
55.020000 75 54
55.090000 75 54
55.160000 75 54
55.230000 0 0
55.300000 72 49
55.370000 72 49
55.440000 0 0
55.510000 70 63
55.580000 70 63
55.650000 74 59
55.720000 74 59
55.790000 0 0
55.860000 72 63
55.930000 72 63
56.000000 0 0
56.070000 75 59
56.140000 75 59
56.210000 0 0
56.280000 74 63
56.350000 0 0
56.420000 72 59
56.490000 74 59
56.560000 75 59
56.630000 0 0
56.700000 74 66
56.770000 0 0
56.840000 0 0
56.910000 74 46
56.980000 0 0
57.050000 0 0
57.120000 86 53
57.190000 0 0
57.260000 86 46
57.330000 86 46
57.400000 0 0
57.470000 82 50
57.540000 82 50
57.610000 0 0
57.680000 79 46
57.750000 79 46
57.820000 0 0
57.890000 78 51
57.960000 78 51
58.030000 78 51
58.100000 78 51
58.170000 78 51
58.240000 0 0
58.310000 79 46
58.380000 79 46
58.450000 0 0
58.520000 86 50
58.590000 0 0
58.660000 0 0
58.730000 83 51
58.800000 84 46
58.870000 0 0
58.940000 86 46
59.010000 84 48
59.080000 82 47
59.150000 0 0
59.220000 81 45
59.290000 79 44
59.360000 0 0
59.430000 77 42
59.500000 76 49
59.570000 76 49
59.640000 76 49
59.710000 76 49
59.780000 76 49
59.850000 0 0
59.920000 77 46
59.990000 77 46
60.060000 0 0
60.130000 84 49
60.200000 0 0
60.270000 0 0
60.340000 89 55
60.410000 88 54
60.480000 86 53
60.550000 0 0
60.620000 84 52
60.690000 82 51
60.760000 0 0
60.830000 81 50
60.900000 79 49
60.970000 77 48
61.040000 0 0
61.110000 86 53
61.180000 84 52
61.250000 0 0
61.320000 82 50
61.390000 81 49
61.460000 79 48
61.530000 0 0
61.600000 77 47
61.670000 76 45
61.740000 0 0
61.810000 74 44
61.880000 72 50
61.950000 0 0
62.020000 77 46
62.090000 81 46
62.160000 0 0
62.230000 84 46
62.300000 84 50
62.370000 82 44
62.440000 0 0
62.510000 81 44
62.580000 0 0
62.650000 79 44
62.720000 0 0
62.790000 79 47
62.860000 79 47
62.930000 79 47
63.000000 79 47
63.070000 79 47
63.140000 79 47
63.210000 77 40
63.280000 77 40
63.350000 0 0
63.420000 0 0
63.490000 65 60
63.560000 0 0
63.630000 0 0
63.700000 74 55
63.770000 0 0
63.840000 74 54
63.910000 74 54
63.980000 74 54
64.050000 74 54
64.120000 74 54
64.190000 0 0
64.260000 77 49
64.330000 77 49
64.400000 0 0
64.470000 71 55
64.540000 0 0
64.610000 0 0
64.680000 71 54
64.750000 71 54
64.820000 71 54
64.890000 71 54
64.960000 71 54
65.030000 0 0
65.100000 74 49
65.170000 74 49
65.240000 0 0
65.310000 72 55
65.380000 0 0
65.450000 0 0
65.520000 72 54
65.590000 72 54
65.660000 72 54
65.730000 72 54
65.800000 72 54
65.870000 0 0
65.940000 75 49
66.010000 75 49
66.080000 0 0
66.150000 69 55
66.220000 0 0
66.290000 0 0
66.360000 69 54
66.430000 69 54
66.500000 69 54
66.570000 69 54
66.640000 69 54
66.710000 0 0
66.780000 72 49
66.850000 72 49
66.920000 0 0
66.990000 75 54
67.060000 73 49
67.130000 0 0
67.200000 72 49
67.270000 70 51
67.340000 69 50
67.410000 0 0
67.480000 70 48
67.550000 72 46
67.620000 0 0
67.690000 70 45
67.760000 75 54
67.830000 73 49
67.900000 0 0
67.970000 72 49
68.040000 70 51
68.110000 0 0
68.180000 69 50
68.250000 70 48
68.320000 0 0
68.390000 72 46
68.460000 70 45
68.530000 0 0
68.600000 82 66
68.670000 0 0
68.740000 82 57
68.810000 82 57
68.880000 82 57
68.950000 82 57
69.020000 82 57
69.090000 82 57
69.160000 0 0
69.230000 70 38
69.300000 70 38
69.370000 70 38
69.440000 70 43
69.510000 70 43
69.580000 70 43
69.650000 70 43
69.720000 70 43
69.790000 70 43
69.860000 69 39
69.930000 69 39
70.000000 0 0
70.070000 65 60
70.140000 0 0
70.210000 0 0
70.280000 65 55
70.350000 0 0
70.420000 0 0
70.490000 65 54
70.560000 65 54
70.630000 65 54
70.700000 65 54
70.770000 65 54
70.840000 0 0
70.910000 62 49
70.980000 62 49
71.050000 0 0
71.120000 67 55
71.190000 0 0
71.260000 0 0
71.330000 67 54
71.400000 67 54
71.470000 67 54
71.540000 67 54
71.610000 67 54
71.680000 0 0
71.750000 63 49
71.820000 63 49
71.890000 0 0
71.960000 67 65
72.030000 67 65
72.100000 70 59
72.170000 70 59
72.240000 0 0
72.310000 69 65
72.380000 69 65
72.450000 0 0
72.520000 72 59
72.590000 72 59
72.660000 0 0
72.730000 70 63
72.800000 0 0
72.870000 69 56
72.940000 70 56
73.010000 72 56
73.080000 0 0
73.150000 70 62
73.220000 0 0
73.290000 0 0
73.360000 70 59
73.430000 0 0
73.500000 0 0
73.570000 74 55
73.640000 0 0
73.710000 0 0
73.780000 74 54
73.850000 74 54
73.920000 74 54
73.990000 74 54
74.060000 74 54
74.130000 0 0
74.200000 70 49
74.270000 70 49
74.340000 0 0
74.410000 75 55
74.480000 0 0
74.550000 75 54
74.620000 75 54
74.690000 75 54
74.760000 75 54
74.830000 75 54
74.900000 0 0
74.970000 72 49
75.040000 72 49
75.110000 0 0
75.180000 70 65
75.250000 70 65
75.320000 0 0
75.390000 74 59
75.460000 74 59
75.530000 0 0
75.600000 72 65
75.670000 72 65
75.740000 0 0
75.810000 75 59
75.880000 75 59
75.950000 0 0
76.020000 74 63
76.090000 72 59
76.160000 0 0
76.230000 74 59
76.300000 75 59
76.370000 0 0
76.440000 74 66
76.510000 0 0
76.580000 70 46
76.650000 0 0
76.720000 0 0
76.790000 79 53
76.860000 0 0
76.930000 0 0
77.000000 79 46
77.070000 79 46
77.140000 0 0
77.210000 75 50
77.280000 75 50
77.350000 0 0
77.420000 72 46
77.490000 72 46
77.560000 0 0
77.630000 71 51
77.700000 71 51
77.770000 71 51
77.840000 71 51
77.910000 71 51
77.980000 0 0
78.050000 72 46
78.120000 72 46
78.190000 0 0
78.260000 79 50
78.330000 0 0
78.400000 0 0
78.470000 76 51
78.540000 77 46
78.610000 79 46
78.680000 0 0
78.750000 77 48
78.820000 75 47
78.890000 0 0
78.960000 74 45
79.030000 72 44
79.100000 70 42
79.170000 0 0
79.240000 69 49
79.310000 69 49
79.380000 69 49
79.450000 69 49
79.520000 69 49
79.590000 70 46
79.660000 70 46
79.730000 0 0
79.800000 77 49
79.870000 0 0
79.940000 0 0
80.010000 82 61
80.080000 0 0
80.150000 81 60
80.220000 79 58
80.290000 77 57
80.360000 0 0
80.430000 75 56
80.500000 74 54
80.570000 0 0
80.640000 72 53
80.710000 70 50
80.780000 0 0
80.850000 79 58
80.920000 77 57
80.990000 75 55
81.060000 0 0
81.130000 74 53
81.200000 72 52
81.270000 0 0
81.340000 70 50
81.410000 69 48
81.480000 67 47
81.550000 0 0
81.620000 65 50
81.690000 70 46
81.760000 0 0
81.830000 74 46
81.900000 77 46
81.970000 0 0
82.040000 77 50
82.110000 75 44
82.180000 0 0
82.250000 74 44
82.320000 72 44
82.390000 0 0
82.460000 72 47
82.530000 72 47
82.600000 72 47
82.670000 72 47
82.740000 72 47
82.810000 72 47
82.880000 0 0
82.950000 70 40
83.020000 70 40
83.090000 0 0
83.160000 65 60
83.230000 0 0
83.300000 0 0
83.370000 74 55
83.440000 0 0
83.510000 0 0
83.580000 74 54
83.650000 74 54
83.720000 74 54
83.790000 74 54
83.860000 74 54
83.930000 0 0
84.000000 77 49
84.070000 77 49
84.140000 0 0
84.210000 71 55
84.280000 0 0
84.350000 0 0
84.420000 71 54
84.490000 71 54
84.560000 71 54
84.630000 71 54
84.700000 71 54
84.770000 0 0
84.840000 74 49
84.910000 74 49
84.980000 0 0
85.050000 72 55
85.120000 0 0
85.190000 0 0
85.260000 72 54
85.330000 72 54
85.400000 72 54
85.470000 72 54
85.540000 72 54
85.610000 75 49
85.680000 75 49
85.750000 0 0
85.820000 69 55
85.890000 0 0
85.960000 0 0
86.030000 69 54
86.100000 69 54
86.170000 69 54
86.240000 69 54
86.310000 69 54
86.380000 0 0
86.450000 72 49
86.520000 72 49
86.590000 0 0
86.660000 75 54
86.730000 0 0
86.800000 73 49
86.870000 72 49
86.940000 0 0
87.010000 70 51
87.080000 69 50
87.150000 70 48
87.220000 0 0
87.290000 72 46
87.360000 70 45
87.430000 0 0
87.500000 75 54
87.570000 73 49
87.640000 72 49
87.710000 0 0
87.780000 70 51
87.850000 69 50
87.920000 0 0
87.990000 70 48
88.060000 72 46
88.130000 0 0
88.200000 70 45
88.270000 82 66
88.340000 0 0
88.410000 0 0
88.480000 82 57
88.550000 82 57
88.620000 82 57
88.690000 82 57
88.760000 82 57
88.830000 82 57
88.900000 70 38
88.970000 70 38
89.040000 70 38
89.110000 70 43
89.180000 70 43
89.250000 70 43
89.320000 70 43
89.390000 70 43
89.460000 70 43
89.530000 0 0
89.600000 69 39
89.670000 69 39
89.740000 0 0
89.810000 65 60
89.880000 0 0
89.950000 0 0
90.020000 65 55
90.090000 0 0
90.160000 0 0
90.230000 65 54
90.300000 65 54
90.370000 65 54
90.440000 65 54
90.510000 65 54
90.580000 0 0
90.650000 62 49
90.720000 62 49
90.790000 0 0
90.860000 67 55
90.930000 0 0
91.000000 67 54
91.070000 67 54
91.140000 67 54
91.210000 67 54
91.280000 67 54
91.350000 0 0
91.420000 63 49
91.490000 63 49
91.560000 0 0
91.630000 67 65
91.700000 67 65
91.770000 0 0
91.840000 70 59
91.910000 70 59
91.980000 0 0
92.050000 69 65
92.120000 69 65
92.190000 0 0
92.260000 72 59
92.330000 72 59
92.400000 0 0
92.470000 70 63
92.540000 69 56
92.610000 0 0
92.680000 70 56
92.750000 72 56
92.820000 0 0
92.890000 70 62
92.960000 0 0
93.030000 0 0
93.100000 70 59
93.170000 0 0
93.240000 0 0
93.310000 74 55
93.380000 0 0
93.450000 74 54
93.520000 74 54
93.590000 74 54
93.660000 74 54
93.730000 74 54
93.800000 0 0
93.870000 70 49
93.940000 70 49
94.010000 0 0
94.080000 75 55
94.150000 0 0
94.220000 0 0
94.290000 75 54
94.360000 75 54
94.430000 75 54
94.500000 75 54
94.570000 75 54
94.640000 0 0
94.710000 72 49
94.780000 72 49
94.850000 0 0
94.920000 70 65
94.990000 70 65
95.060000 0 0
95.130000 74 59
95.200000 74 59
95.270000 0 0
95.340000 72 65
95.410000 72 65
95.480000 0 0
95.550000 75 59
95.620000 75 59
95.690000 0 0
95.760000 74 63
95.830000 72 59
95.900000 74 59
95.970000 0 0
96.040000 75 59
96.110000 74 66
96.180000 0 0
96.250000 0 0
96.320000 70 46
96.390000 0 0
96.460000 0 0
96.530000 79 53
96.600000 0 0
96.670000 0 0
96.740000 79 46
96.810000 79 46
96.880000 0 0
96.950000 75 50
97.020000 75 50
97.090000 0 0
97.160000 72 46
97.230000 72 46
97.300000 0 0
97.370000 71 51
97.440000 71 51
97.510000 71 51
97.580000 71 51
97.650000 71 51
97.720000 72 46
97.790000 72 46
97.860000 0 0
97.930000 79 50
98.000000 0 0
98.070000 0 0
98.140000 76 51
98.210000 0 0
98.280000 77 46
98.350000 79 46
98.420000 0 0
98.490000 77 48
98.560000 75 47
98.630000 74 45
98.700000 0 0
98.770000 72 44
98.840000 70 42
98.910000 0 0
98.980000 69 49
99.050000 69 49
99.120000 69 49
99.190000 69 49
99.260000 69 49
99.330000 70 46
99.400000 70 46
99.470000 0 0
99.540000 77 49
99.610000 0 0
99.680000 0 0
99.750000 82 61
99.820000 81 60
99.890000 0 0
99.960000 79 58
100.030000 77 57
100.100000 0 0
100.170000 75 56
100.240000 74 54
100.310000 72 53
100.380000 0 0
100.450000 70 50
100.520000 79 58
100.590000 0 0
100.660000 77 57
100.730000 75 55
100.800000 0 0
100.870000 74 53
100.940000 72 52
101.010000 70 50
101.080000 0 0
101.150000 69 48
101.220000 67 47
101.290000 0 0
101.360000 65 50
101.430000 70 46
101.500000 0 0
101.570000 74 46
101.640000 77 46
101.710000 77 50
101.780000 0 0
101.850000 75 44
101.920000 74 44
101.990000 0 0
102.060000 72 44
102.130000 0 0
102.200000 72 47
102.270000 72 47
102.340000 72 47
102.410000 72 47
102.480000 72 47
102.550000 72 47
102.620000 0 0
102.690000 70 40
102.760000 70 40
102.830000 0 0
102.900000 70 38
102.970000 0 0
103.040000 72 43
103.110000 74 47
103.180000 74 47
103.250000 74 47
103.320000 74 47
103.390000 74 47
103.460000 74 47
103.530000 0 0
103.600000 0 0
103.670000 0 0
103.740000 0 0
103.810000 74 46
103.880000 75 48
103.950000 0 0
104.020000 77 50
104.090000 77 50
104.160000 77 50
104.230000 77 50
104.300000 77 50
104.370000 77 50
104.440000 0 0
104.510000 0 0
104.580000 0 0
104.650000 77 53
104.720000 0 0
104.790000 79 55
104.860000 80 62
104.930000 80 62
105.000000 80 62
105.070000 77 54
105.140000 77 54
105.210000 77 54
105.280000 0 0
105.350000 74 53
105.420000 74 53
105.490000 74 53
105.560000 70 52
105.630000 70 52
105.700000 70 52
105.770000 69 40
105.840000 69 40
105.910000 69 40
105.980000 70 43
106.050000 70 43
106.120000 70 43
106.190000 68 40
106.260000 68 40
106.330000 68 40
106.400000 65 37
106.470000 65 37
106.540000 65 37
106.610000 0 0
106.680000 63 39
106.750000 0 0
106.820000 0 0
106.890000 63 36
106.960000 0 0
107.030000 0 0
107.100000 63 35
107.170000 0 0
107.240000 63 35
107.310000 0 0
107.380000 0 0
107.450000 72 41
107.520000 0 0
107.590000 0 0
107.660000 72 37
107.730000 0 0
107.800000 0 0
107.870000 72 37
107.940000 0 0
108.010000 0 0
108.080000 72 37
108.150000 0 0
108.220000 0 0
108.290000 65 40
108.360000 0 0
108.430000 0 0
108.500000 65 37
108.570000 0 0
108.640000 0 0
108.710000 70 40
108.780000 0 0
108.850000 0 0
108.920000 70 37
108.990000 0 0
109.060000 0 0
109.130000 68 36
109.200000 68 36
109.270000 0 0
109.340000 67 39
109.410000 67 39
109.480000 0 0
109.550000 65 42
109.620000 0 0
109.690000 0 0
109.760000 63 45
109.830000 0 0
109.900000 0 0
109.970000 79 48
110.040000 0 0
110.110000 0 0
110.180000 79 43
110.250000 0 0
110.320000 0 0
110.390000 78 48
110.460000 0 0
110.530000 0 0
110.600000 77 43
110.670000 0 0
110.740000 0 0
110.810000 76 48
110.880000 0 0
110.950000 0 0
111.020000 75 46
111.090000 0 0
111.160000 74 49
111.230000 0 0
111.300000 0 0
111.370000 73 42
111.440000 0 0
111.510000 0 0
111.580000 72 45
111.650000 0 0
111.720000 0 0
111.790000 72 40
111.860000 0 0
111.930000 0 0
112.000000 77 48
112.070000 0 0
112.140000 0 0
112.210000 77 43
112.280000 0 0
112.350000 0 0
112.420000 70 50
112.490000 70 50
112.560000 70 50
112.630000 70 50
112.700000 70 50
112.770000 0 0
112.840000 0 0
112.910000 0 0
112.980000 0 0
113.050000 0 0
113.120000 0 0
113.190000 0 0
113.260000 63 39
113.330000 0 0
113.400000 0 0
113.470000 63 36
113.540000 0 0
113.610000 0 0
113.680000 63 35
113.750000 0 0
113.820000 0 0
113.890000 63 35
113.960000 0 0
114.030000 0 0
114.100000 72 41
114.170000 0 0
114.240000 0 0
114.310000 72 37
114.380000 0 0
114.450000 0 0
114.520000 72 37
114.590000 0 0
114.660000 0 0
114.730000 72 37
114.800000 0 0
114.870000 0 0
114.940000 65 40
115.010000 0 0
115.080000 0 0
115.150000 65 37
115.220000 0 0
115.290000 0 0
115.360000 70 40
115.430000 0 0
115.500000 0 0
115.570000 70 37
115.640000 0 0
115.710000 0 0
115.780000 68 36
115.850000 68 36
115.920000 0 0
115.990000 67 39
116.060000 67 39
116.130000 65 42
116.200000 0 0
116.270000 0 0
116.340000 63 45
116.410000 0 0
116.480000 0 0
116.550000 79 48
116.620000 0 0
116.690000 0 0
116.760000 79 43
116.830000 0 0
116.900000 0 0
116.970000 78 48
117.040000 0 0
117.110000 0 0
117.180000 77 43
117.250000 0 0
117.320000 0 0
117.390000 76 48
117.460000 0 0
117.530000 0 0
117.600000 75 46
117.670000 0 0
117.740000 0 0
117.810000 74 49
117.880000 0 0
117.950000 0 0
118.020000 73 42
118.090000 0 0
118.160000 0 0
118.230000 72 45
118.300000 0 0
118.370000 0 0
118.440000 72 40
118.510000 0 0
118.580000 0 0
118.650000 77 48
118.720000 0 0
118.790000 77 43
118.860000 0 0
118.930000 0 0
119.000000 70 50
119.070000 70 50
119.140000 70 50
119.210000 70 50
119.280000 70 50
119.350000 0 0
119.420000 0 0
119.490000 0 0
119.560000 0 0
119.630000 0 0
119.700000 0 0
119.770000 0 0
119.840000 0 0
119.910000 0 0
119.980000 0 0
120.050000 0 0
120.120000 70 35
120.190000 70 35
120.260000 0 0
120.330000 73 40
120.400000 73 40
120.470000 0 0
120.540000 76 44
120.610000 76 44
120.680000 0 0
120.750000 79 48
120.820000 79 48
120.890000 73 45
120.960000 73 45
121.030000 0 0
121.100000 72 42
121.170000 72 42
121.240000 0 0
121.310000 70 39
121.380000 70 39
121.450000 0 0
121.520000 69 35
121.590000 69 35
121.660000 0 0
121.730000 68 37
121.800000 68 37
121.870000 0 0
121.940000 74 40
122.010000 74 40
122.080000 0 0
122.150000 75 42
122.220000 75 42
122.290000 0 0
122.360000 77 44
122.430000 77 44
122.500000 0 0
122.570000 71 40
122.640000 71 40
122.710000 70 39
122.780000 70 39
122.850000 0 0
122.920000 68 39
122.990000 68 39
123.060000 68 39
123.130000 67 47
123.200000 67 47
123.270000 0 0
123.340000 66 42
123.410000 66 42
123.480000 0 0
123.550000 65 48
123.620000 65 48
123.690000 0 0
123.760000 70 44
123.830000 70 44
123.900000 0 0
123.970000 63 52
124.040000 63 52
124.110000 0 0
124.180000 69 46
124.250000 69 46
124.320000 0 0
124.390000 62 54
124.460000 62 54
124.530000 0 0
124.600000 66 45
124.670000 66 45
124.740000 0 0
124.810000 62 49
124.880000 62 49
124.950000 0 0
125.020000 63 40
125.090000 63 40
125.160000 0 0
125.230000 62 48
125.300000 62 48
125.370000 0 0
125.440000 63 40
125.510000 63 40
125.580000 62 41
125.650000 62 41
125.720000 0 0
125.790000 63 35
125.860000 63 35
125.930000 0 0
126.000000 65 35
126.070000 65 35
126.140000 0 0
126.210000 62 35
126.280000 62 35
126.350000 62 35
126.420000 63 39
126.490000 0 0
126.560000 0 0
126.630000 63 36
126.700000 0 0
126.770000 0 0
126.840000 63 35
126.910000 0 0
126.980000 0 0
127.050000 63 35
127.120000 0 0
127.190000 0 0
127.260000 72 41
127.330000 0 0
127.400000 0 0
127.470000 72 37
127.540000 0 0
127.610000 0 0
127.680000 72 37
127.750000 0 0
127.820000 0 0
127.890000 72 37
127.960000 0 0
128.030000 0 0
128.100000 65 40
128.170000 0 0
128.240000 0 0
128.310000 65 37
128.380000 0 0
128.450000 0 0
128.520000 70 40
128.590000 0 0
128.660000 0 0
128.730000 70 37
128.800000 0 0
128.870000 0 0
128.940000 68 36
129.010000 68 36
129.080000 67 39
129.150000 67 39
129.220000 0 0
129.290000 65 42
129.360000 0 0
129.430000 0 0
129.500000 63 45
129.570000 0 0
129.640000 0 0
129.710000 72 48
129.780000 0 0
129.850000 0 0
129.920000 84 43
129.990000 0 0
130.060000 0 0
130.130000 83 48
130.200000 0 0
130.270000 0 0
130.340000 82 43
130.410000 0 0
130.480000 0 0
130.550000 81 48
130.620000 0 0
130.690000 0 0
130.760000 80 46
130.830000 0 0
130.900000 0 0
130.970000 79 49
131.040000 0 0
131.110000 0 0
131.180000 78 42
131.250000 0 0
131.320000 0 0
131.390000 77 45
131.460000 0 0
131.530000 77 40
131.600000 0 0
131.670000 0 0
131.740000 82 48
131.810000 0 0
131.880000 0 0
131.950000 82 43
132.020000 0 0
132.090000 0 0
132.160000 75 50
132.230000 75 50
132.300000 75 50
132.370000 75 50
132.440000 75 50
132.510000 0 0
132.580000 0 0
132.650000 0 0
132.720000 0 0
132.790000 0 0
132.860000 0 0
132.930000 0 0
133.000000 0 0
133.070000 0 0
133.140000 0 0
133.210000 70 35
133.280000 70 35
133.350000 0 0
133.420000 73 40
133.490000 73 40
133.560000 0 0
133.630000 76 44
133.700000 76 44
133.770000 0 0
133.840000 79 48
133.910000 79 48
133.980000 0 0
134.050000 73 45
134.120000 73 45
134.190000 0 0
134.260000 72 42
134.330000 72 42
134.400000 0 0
134.470000 70 39
134.540000 70 39
134.610000 0 0
134.680000 69 35
134.750000 69 35
134.820000 0 0
134.890000 68 37
134.960000 68 37
135.030000 0 0
135.100000 74 40
135.170000 74 40
135.240000 75 42
135.310000 75 42
135.380000 0 0
135.450000 77 44
135.520000 77 44
135.590000 0 0
135.660000 71 40
135.730000 71 40
135.800000 0 0
135.870000 70 39
135.940000 70 39
136.010000 0 0
136.080000 68 39
136.150000 68 39
136.220000 68 39
136.290000 67 47
136.360000 67 47
136.430000 0 0
136.500000 66 42
136.570000 66 42
136.640000 0 0
136.710000 65 48
136.780000 65 48
136.850000 0 0
136.920000 70 44
136.990000 70 44
137.060000 0 0
137.130000 63 52
137.200000 63 52
137.270000 0 0
137.340000 69 46
137.410000 69 46
137.480000 62 54
137.550000 62 54
137.620000 0 0
137.690000 66 45
137.760000 66 45
137.830000 0 0
137.900000 62 49
137.970000 62 49
138.040000 0 0
138.110000 63 40
138.180000 63 40
138.250000 0 0
138.320000 62 48
138.390000 62 48
138.460000 0 0
138.530000 63 40
138.600000 63 40
138.670000 0 0
138.740000 62 41
138.810000 62 41
138.880000 0 0
138.950000 63 35
139.020000 63 35
139.090000 0 0
139.160000 65 35
139.230000 65 35
139.300000 0 0
139.370000 62 35
139.440000 62 35
139.510000 62 35
139.580000 63 39
139.650000 0 0
139.720000 0 0
139.790000 63 36
139.860000 0 0
139.930000 0 0
140.000000 63 35
140.070000 0 0
140.140000 0 0
140.210000 63 35
140.280000 0 0
140.350000 0 0
140.420000 72 41
140.490000 0 0
140.560000 0 0
140.630000 72 37
140.700000 0 0
140.770000 0 0
140.840000 72 37
140.910000 0 0
140.980000 0 0
141.050000 72 37
141.120000 0 0
141.190000 0 0
141.260000 65 40
141.330000 0 0
141.400000 65 37
141.470000 0 0
141.540000 0 0
141.610000 70 40
141.680000 0 0
141.750000 0 0
141.820000 70 37
141.890000 0 0
141.960000 0 0
142.030000 68 36
142.100000 68 36
142.170000 0 0
142.240000 67 39
142.310000 67 39
142.380000 0 0
142.450000 65 42
142.520000 0 0
142.590000 0 0
142.660000 63 45
142.730000 0 0
142.800000 0 0
142.870000 72 48
142.940000 0 0
143.010000 0 0
143.080000 84 43
143.150000 0 0
143.220000 0 0
143.290000 83 48
143.360000 0 0
143.430000 0 0
143.500000 82 43
143.570000 0 0
143.640000 0 0
143.710000 81 48
143.780000 0 0
143.850000 80 46
143.920000 0 0
143.990000 0 0
144.060000 79 49
144.130000 0 0
144.200000 0 0
144.270000 78 42
144.340000 0 0
144.410000 0 0
144.480000 77 45
144.550000 0 0
144.620000 0 0
144.690000 77 40
144.760000 0 0
144.830000 0 0
144.900000 82 48
144.970000 0 0
145.040000 0 0
145.110000 82 43
145.180000 0 0
145.250000 0 0
145.320000 75 50
145.390000 75 50
145.460000 75 50
145.530000 75 50
145.600000 75 50
145.670000 0 0
145.740000 0 0
145.810000 0 0
145.880000 0 0
145.950000 0 0
146.020000 0 0
146.090000 0 0
146.160000 0 0
146.230000 0 0
146.300000 0 0
146.370000 0 0
146.440000 0 0
146.510000 0 0
146.580000 0 0
146.650000 0 0
146.720000 0 0
146.790000 71 37
146.860000 71 37
146.930000 0 0
147.000000 72 39
147.070000 72 39
147.140000 74 40
147.210000 74 40
147.280000 0 0
147.350000 75 42
147.420000 75 42
147.490000 75 42
147.560000 76 44
147.630000 76 44
147.700000 0 0
147.770000 77 46
147.840000 0 0
147.910000 0 0
147.980000 89 54
148.050000 89 54
148.120000 0 0
148.190000 88 50
148.260000 88 50
148.330000 87 52
148.400000 87 52
148.470000 0 0
148.540000 86 53
148.610000 86 53
148.680000 0 0
148.750000 84 55
148.820000 84 55
148.890000 0 0
148.960000 82 57
149.030000 82 57
149.100000 0 0
149.170000 80 59
149.240000 80 59
149.310000 0 0
149.380000 79 59
149.450000 0 0
149.520000 87 51
149.590000 0 0
149.660000 0 0
149.730000 77 58
149.800000 0 0
149.870000 0 0
149.940000 86 51
150.010000 0 0
150.080000 0 0
150.150000 75 60
150.220000 0 0
150.290000 0 0
150.360000 84 52
150.430000 0 0
150.500000 0 0
150.570000 74 60
150.640000 0 0
150.710000 82 53
150.780000 0 0
150.850000 0 0
150.920000 0 0
150.990000 0 0
151.060000 0 0
151.130000 82 51
151.200000 82 51
151.270000 0 0
151.340000 79 59
151.410000 79 59
151.480000 0 0
151.550000 76 51
151.620000 76 51
151.690000 0 0
151.760000 77 59
151.830000 77 59
151.900000 0 0
151.970000 81 49
152.040000 81 49
152.110000 0 0
152.180000 84 61
152.250000 0 0
152.320000 84 51
152.390000 0 0
152.460000 0 0
152.530000 0 0
152.600000 0 0
152.670000 0 0
152.740000 84 55
152.810000 82 54
152.880000 0 0
152.950000 81 52
153.020000 79 51
153.090000 0 0
153.160000 77 50
153.230000 76 48
153.300000 0 0
153.370000 77 52
153.440000 72 45
153.510000 77 48
153.580000 0 0
153.650000 81 45
153.720000 84 52
153.790000 0 0
153.860000 0 0
153.930000 84 49
154.000000 0 0
154.070000 0 0
154.140000 0 0
154.210000 0 0
154.280000 81 47
154.350000 84 53
154.420000 82 51
154.490000 0 0
154.560000 81 49
154.630000 79 47
154.700000 0 0
154.770000 77 45
154.840000 76 43
154.910000 77 48
154.980000 0 0
155.050000 78 40
155.120000 81 47
155.190000 0 0
155.260000 79 46
155.330000 77 45
155.400000 0 0
155.470000 75 43
155.540000 74 42
155.610000 0 0
155.680000 73 41
155.750000 74 47
155.820000 74 47
155.890000 0 0
155.960000 0 0
156.030000 0 0
156.100000 0 0
156.170000 75 48
156.240000 75 48
156.310000 75 48
156.380000 0 0
156.450000 0 0
156.520000 0 0
156.590000 76 52
156.660000 76 52
156.730000 76 52
156.800000 76 52
156.870000 76 52
156.940000 0 0
157.010000 77 48
157.080000 77 48
157.150000 0 0
157.220000 74 44
157.290000 0 0
157.360000 0 0
157.430000 72 49
157.500000 0 0
157.570000 0 0
157.640000 71 45
157.710000 0 0
157.780000 0 0
157.850000 72 48
157.920000 0 0
157.990000 0 0
158.060000 74 47
158.130000 0 0
158.200000 0 0
158.270000 77 51
158.340000 77 51
158.410000 77 51
158.480000 77 51
158.550000 77 51
158.620000 75 46
158.690000 75 46
158.760000 0 0
158.830000 69 43
158.900000 0 0
158.970000 0 0
159.040000 70 49
159.110000 0 0
159.180000 0 0
159.250000 70 46
159.320000 70 46
159.390000 70 46
159.460000 70 46
159.530000 70 46
159.600000 0 0
159.670000 71 46
159.740000 71 46
159.810000 0 0
159.880000 72 50
159.950000 0 0
160.020000 0 0
160.090000 72 47
160.160000 72 47
160.230000 72 47
160.300000 72 47
160.370000 72 47
160.440000 73 47
160.510000 73 47
160.580000 0 0
160.650000 74 53
160.720000 0 0
160.790000 0 0
160.860000 72 49
160.930000 0 0
161.000000 0 0
161.070000 74 54
161.140000 0 0
161.210000 0 0
161.280000 72 50
161.350000 0 0
161.420000 0 0
161.490000 70 55
161.560000 70 55
161.630000 70 55
161.700000 70 55
161.770000 70 55
161.840000 0 0
161.910000 69 50
161.980000 69 50
162.050000 0 0
162.120000 70 47
162.190000 72 47
162.260000 0 0
162.330000 74 50
162.400000 74 50
162.470000 0 0
162.540000 0 0
162.610000 0 0
162.680000 75 51
162.750000 75 51
162.820000 75 51
162.890000 0 0
162.960000 0 0
163.030000 0 0
163.100000 76 52
163.170000 76 52
163.240000 76 52
163.310000 76 52
163.380000 76 52
163.450000 0 0
163.520000 77 52
163.590000 77 52
163.660000 0 0
163.730000 74 51
163.800000 0 0
163.870000 0 0
163.940000 72 54
164.010000 0 0
164.080000 0 0
164.150000 71 50
164.220000 0 0
164.290000 0 0
164.360000 72 52
164.430000 0 0
164.500000 0 0
164.570000 74 50
164.640000 0 0
164.710000 0 0
164.780000 77 54
164.850000 77 54
164.920000 77 54
164.990000 77 54
165.060000 77 54
165.130000 0 0
165.200000 75 46
165.270000 75 46
165.340000 0 0
165.410000 69 46
165.480000 0 0
165.550000 70 56
165.620000 0 0
165.690000 0 0
165.760000 82 50
165.830000 82 50
165.900000 0 0
165.970000 82 53
166.040000 0 0
166.110000 0 0
166.180000 82 48
166.250000 0 0
166.320000 0 0
166.390000 72 56
166.460000 0 0
166.530000 0 0
166.600000 79 50
166.670000 79 50
166.740000 0 0
166.810000 79 53
166.880000 0 0
166.950000 79 50
167.020000 0 0
167.090000 0 0
167.160000 70 54
167.230000 0 0
167.300000 0 0
167.370000 70 50
167.440000 0 0
167.510000 0 0
167.580000 0 0
167.650000 0 0
167.720000 0 0
167.790000 72 50
167.860000 74 45
167.930000 0 0
168.000000 70 55
168.070000 70 55
168.140000 70 55
168.210000 70 55
168.280000 70 55
168.350000 0 0
168.420000 0 0
168.490000 0 0
168.560000 70 60
168.630000 0 0
168.700000 0 0
168.770000 79 55
168.840000 0 0
168.910000 0 0
168.980000 79 54
169.050000 79 54
169.120000 79 54
169.190000 79 54
169.260000 79 54
169.330000 0 0
169.400000 75 49
169.470000 75 49
169.540000 75 49
169.610000 74 55
169.680000 0 0
169.750000 0 0
169.820000 74 54
169.890000 74 54
169.960000 74 54
170.030000 74 54
170.100000 74 54
170.170000 0 0
170.240000 70 49
170.310000 70 49
170.380000 70 49
170.450000 69 55
170.520000 0 0
170.590000 0 0
170.660000 69 54
170.730000 69 54
170.800000 69 54
170.870000 69 54
170.940000 69 54
171.010000 0 0
171.080000 72 49
171.150000 72 49
171.220000 72 49
171.290000 69 55
171.360000 69 55
171.430000 0 0
171.500000 70 55
171.570000 70 55
171.640000 70 54
171.710000 70 54
171.780000 0 0
171.850000 0 0
171.920000 70 43
171.990000 0 0
172.060000 0 0
172.130000 79 39
172.200000 0 0
172.270000 79 38
172.340000 79 38
172.410000 79 38
172.480000 79 38
172.550000 79 38
172.620000 0 0
172.690000 75 34
172.760000 75 34
172.830000 75 34
172.900000 74 39
172.970000 0 0
173.040000 0 0
173.110000 74 38
173.180000 74 38
173.250000 74 38
173.320000 74 38
173.390000 74 38
173.460000 0 0
173.530000 70 34
173.600000 70 34
173.670000 70 34
173.740000 69 39
173.810000 0 0
173.880000 0 0
173.950000 69 38
174.020000 69 38
174.090000 69 38
174.160000 69 38
174.230000 69 38
174.300000 0 0
174.370000 72 34
174.440000 72 34
174.510000 72 34
174.580000 69 39
174.650000 69 39
174.720000 0 0
174.790000 70 39
174.860000 70 39
174.930000 0 0
175.000000 70 38
175.070000 70 38
175.140000 0 0
175.210000 70 53
175.280000 0 0
175.350000 0 0
175.420000 82 55
175.490000 0 0
175.560000 0 0
175.630000 82 50
175.700000 0 0
175.770000 0 0
175.840000 82 50
175.910000 0 0
175.980000 0 0
176.050000 82 50
176.120000 0 0
176.190000 0 0
176.260000 76 55
176.330000 0 0
176.400000 0 0
176.470000 76 50
176.540000 0 0
176.610000 0 0
176.680000 76 50
176.750000 0 0
176.820000 0 0
176.890000 76 50
176.960000 0 0
177.030000 0 0
177.100000 84 55
177.170000 0 0
177.240000 0 0
177.310000 84 52
177.380000 0 0
177.450000 84 51
177.520000 0 0
177.590000 0 0
177.660000 84 51
177.730000 0 0
177.800000 0 0
177.870000 75 55
177.940000 0 0
178.010000 0 0
178.080000 75 50
178.150000 0 0
178.220000 0 0
178.290000 75 50
178.360000 0 0
178.430000 0 0
178.500000 75 50
178.570000 0 0
178.640000 0 0
178.710000 74 60
178.780000 0 0
178.850000 0 0
178.920000 82 67
178.990000 0 0
179.060000 0 0
179.130000 81 66
179.200000 0 0
179.270000 0 0
179.340000 80 63
179.410000 0 0
179.480000 0 0
179.550000 79 62
179.620000 0 0
179.690000 0 0
179.760000 78 60
179.830000 0 0
179.900000 0 0
179.970000 77 58
180.040000 0 0
180.110000 76 56
180.180000 0 0
180.250000 0 0
180.320000 77 63
180.390000 77 63
180.460000 0 0
180.530000 74 55
180.600000 74 55
180.670000 0 0
180.740000 69 47
180.810000 69 47
180.880000 69 47
180.950000 69 47
181.020000 69 47
181.090000 77 55
181.160000 72 55
181.230000 72 55
181.300000 72 55
181.370000 72 55
181.440000 72 55
181.510000 0 0
181.580000 70 52
181.650000 70 52
181.720000 0 0
181.790000 0 0
181.860000 0 0
181.930000 0 0
182.000000 0 0
182.070000 0 0
182.140000 0 0
182.210000 78 50
182.280000 78 50
182.350000 0 0
182.420000 79 55
182.490000 79 55
182.560000 0 0
182.630000 82 51
182.700000 82 51
182.770000 82 51
182.840000 85 58
182.910000 85 58
182.980000 85 58
183.050000 85 58
183.120000 0 0
183.190000 0 0
183.260000 84 55
183.330000 84 55
183.400000 0 0
183.470000 82 49
183.540000 82 49
183.610000 0 0
183.680000 81 56
183.750000 81 56
183.820000 69 45
183.890000 69 45
183.960000 0 0
184.030000 72 49
184.100000 72 49
184.170000 0 0
184.240000 75 45
184.310000 75 45
184.380000 75 45
184.450000 78 49
184.520000 78 49
184.590000 78 49
184.660000 78 49
184.730000 0 0
184.800000 0 0
184.870000 77 55
184.940000 77 55
185.010000 0 0
185.080000 75 51
185.150000 75 51
185.220000 0 0
185.290000 74 55
185.360000 74 55
185.430000 74 55
185.500000 70 59
185.570000 0 0
185.640000 0 0
185.710000 72 60
185.780000 0 0
185.850000 0 0
185.920000 74 61
185.990000 0 0
186.060000 0 0
186.130000 75 63
186.200000 0 0
186.270000 0 0
186.340000 76 64
186.410000 0 0
186.480000 0 0
186.550000 77 66
186.620000 0 0
186.690000 0 0
186.760000 78 69
186.830000 0 0
186.900000 0 0
186.970000 79 74
187.040000 79 74
187.110000 79 74
187.180000 79 74
187.250000 0 0
187.320000 0 0
187.390000 73 64
187.460000 73 64
187.530000 73 64
187.600000 73 64
187.670000 73 64
187.740000 73 64
187.810000 0 0
187.880000 0 0
187.950000 0 0
188.020000 0 0
188.090000 79 59
188.160000 79 59
188.230000 0 0
188.300000 81 61
188.370000 81 61
188.440000 0 0
188.510000 82 64
188.580000 82 64
188.650000 82 64
188.720000 82 67
188.790000 84 60
188.860000 0 0
188.930000 86 60
189.000000 87 60
189.070000 0 0
189.140000 89 67
189.210000 87 61
189.280000 0 0
189.350000 86 61
189.420000 84 61
189.490000 0 0
189.560000 82 67
189.630000 81 67
189.700000 0 0
189.770000 79 66
189.840000 77 64
189.910000 0 0
189.980000 75 64
190.050000 74 63
190.120000 0 0
190.190000 72 62
190.260000 70 62
190.330000 0 0
190.400000 0 0
190.470000 0 0
190.540000 0 0
190.610000 0 0
190.680000 0 0
190.750000 0 0
190.820000 0 0
190.890000 0 0
190.960000 0 0
191.030000 0 0
191.100000 0 0
191.170000 0 0
191.240000 0 0
191.310000 0 0
191.380000 0 0
191.450000 0 0
191.520000 0 0
191.590000 0 0
191.660000 0 0
191.730000 0 0
191.800000 0 0
191.870000 72 46
191.940000 70 52
192.010000 72 47
192.080000 0 0
192.150000 70 55
192.220000 70 55
192.290000 70 55
192.360000 0 0
192.430000 0 0
192.500000 0 0
192.570000 0 0
192.640000 0 0
192.710000 0 0
192.780000 0 0
192.850000 0 0
192.920000 0 0
192.990000 0 0
193.060000 0 0
193.130000 0 0
193.200000 77 35
193.270000 77 35
193.340000 77 35
193.410000 72 36
193.480000 72 36
193.550000 72 36
193.620000 70 32
193.690000 70 32
193.760000 70 32
193.830000 0 0
193.900000 79 39
193.970000 79 39
194.040000 79 39
194.110000 79 39
194.180000 79 39
194.250000 79 39
194.320000 0 0
194.390000 0 0
194.460000 0 0
194.530000 0 0
194.600000 0 0
194.670000 0 0
194.740000 0 0
194.810000 0 0
194.880000 0 0
194.950000 79 36
195.020000 79 36
195.090000 79 36
195.160000 81 41
195.230000 81 41
195.300000 81 41
195.370000 79 35
195.440000 79 35
195.510000 79 35
195.580000 0 0
195.650000 77 43
195.720000 77 43
195.790000 77 43
195.860000 77 43
195.930000 77 43
196.000000 77 43
196.070000 0 0
196.140000 0 0
196.210000 0 0
196.280000 0 0
196.350000 0 0
196.420000 0 0
196.490000 0 0
196.560000 0 0
196.630000 0 0
196.700000 70 32
196.770000 70 32
196.840000 70 32
196.910000 75 39
196.980000 75 39
197.050000 75 39
197.120000 74 33
197.190000 74 33
197.260000 74 33
197.330000 72 38
197.400000 72 38
197.470000 72 38
197.540000 72 38
197.610000 72 38
197.680000 72 38
197.750000 0 0
197.820000 0 0
197.890000 0 0
197.960000 0 0
198.030000 0 0
198.100000 0 0
198.170000 0 0
198.240000 0 0
198.310000 0 0
198.380000 0 0
198.450000 62 41
198.520000 62 41
198.590000 62 41
198.660000 67 56
198.730000 67 56
198.800000 67 56
198.870000 69 64
198.940000 69 64
199.010000 69 64
199.080000 62 61
199.150000 62 61
199.220000 62 61
199.290000 0 0
199.360000 0 0
199.430000 0 0
199.500000 0 0
199.570000 65 60
199.640000 65 60
199.710000 65 60
199.780000 0 0
199.850000 0 0
199.920000 0 0
199.990000 0 0
200.060000 62 60
200.130000 62 60
200.200000 62 60
# Piano left
0.000000 0 0
0.070000 0 0
0.140000 0 0
0.210000 0 0
0.280000 0 0
0.350000 0 0
0.420000 0 0
0.490000 0 0
0.560000 0 0
0.630000 0 0
0.700000 0 0
0.770000 0 0
0.840000 0 0
0.910000 0 0
0.980000 0 0
1.050000 0 0
1.120000 0 0
1.190000 0 0
1.260000 0 0
1.330000 0 0
1.400000 0 0
1.470000 0 0
1.540000 0 0
1.610000 58 30
1.680000 58 30
1.750000 0 0
1.820000 65 23
1.890000 65 23
1.960000 0 0
2.030000 60 23
2.100000 60 23
2.170000 60 23
2.240000 65 23
2.310000 65 23
2.380000 65 23
2.450000 62 23
2.520000 62 23
2.590000 0 0
2.660000 65 23
2.730000 65 23
2.800000 0 0
2.870000 58 23
2.940000 58 23
3.010000 0 0
3.080000 65 25
3.150000 65 25
3.220000 0 0
3.290000 57 30
3.360000 0 0
3.430000 0 0
3.500000 65 23
3.570000 0 0
3.640000 0 0
3.710000 58 25
3.780000 0 0
3.850000 65 25
3.920000 0 0
3.990000 0 0
4.060000 60 25
4.130000 60 25
4.200000 0 0
4.270000 65 25
4.340000 65 25
4.410000 0 0
4.480000 63 25
4.550000 63 25
4.620000 0 0
4.690000 65 24
4.760000 65 24
4.830000 0 0
4.900000 62 31
4.970000 62 31
5.040000 0 0
5.110000 65 24
5.180000 65 24
5.250000 0 0
5.320000 62 31
5.390000 62 31
5.460000 0 0
5.530000 65 24
5.600000 65 24
5.670000 0 0
5.740000 57 32
5.810000 57 32
5.880000 65 26
5.950000 65 26
6.020000 0 0
6.090000 57 32
6.160000 57 32
6.230000 0 0
6.300000 65 27
6.370000 65 27
6.440000 0 0
6.510000 58 32
6.580000 0 0
6.650000 0 0
6.720000 57 28
6.790000 0 0
6.860000 0 0
6.930000 58 28
7.000000 0 0
7.070000 0 0
7.140000 51 28
7.210000 0 0
7.280000 0 0
7.350000 53 32
7.420000 53 32
7.490000 53 32
7.560000 53 32
7.630000 53 32
7.700000 0 0
7.770000 0 0
7.840000 0 0
7.910000 0 0
7.980000 0 0
8.050000 0 0
8.120000 58 30
8.190000 58 30
8.260000 0 0
8.330000 65 23
8.400000 65 23
8.470000 0 0
8.540000 60 23
8.610000 60 23
8.680000 60 23
8.750000 65 23
8.820000 65 23
8.890000 65 23
8.960000 62 23
9.030000 62 23
9.100000 0 0
9.170000 65 23
9.240000 65 23
9.310000 0 0
9.380000 58 23
9.450000 58 23
9.520000 0 0
9.590000 65 25
9.660000 65 25
9.730000 0 0
9.800000 57 30
9.870000 0 0
9.940000 0 0
10.010000 65 23
10.080000 0 0
10.150000 0 0
10.220000 58 25
10.290000 0 0
10.360000 0 0
10.430000 65 25
10.500000 0 0
10.570000 0 0
10.640000 60 25
10.710000 60 25
10.780000 0 0
10.850000 65 25
10.920000 65 25
10.990000 63 25
11.060000 63 25
11.130000 0 0
11.200000 65 24
11.270000 65 24
11.340000 0 0
11.410000 62 31
11.480000 62 31
11.550000 62 31
11.620000 62 31
11.690000 62 31
11.760000 0 0
11.830000 0 0
11.900000 0 0
11.970000 0 0
12.040000 0 0
12.110000 0 0
12.180000 0 0
12.250000 67 32
12.320000 67 32
12.390000 67 32
12.460000 67 32
12.530000 67 32
12.600000 0 0
12.670000 0 0
12.740000 0 0
12.810000 0 0
12.880000 0 0
12.950000 0 0
13.020000 53 25
13.090000 53 25
13.160000 53 25
13.230000 53 25
13.300000 53 25
13.370000 53 25
13.440000 53 25
13.510000 53 25
13.580000 53 25
13.650000 53 25
13.720000 53 25
13.790000 0 0
13.860000 58 28
13.930000 58 28
14.000000 58 28
14.070000 58 28
14.140000 58 28
14.210000 0 0
14.280000 0 0
14.350000 0 0
14.420000 0 0
14.490000 0 0
14.560000 0 0
14.630000 53 30
14.700000 53 30
14.770000 0 0
14.840000 57 23
14.910000 57 23
14.980000 0 0
15.050000 55 23
15.120000 55 23
15.190000 0 0
15.260000 58 23
15.330000 58 23
15.400000 0 0
15.470000 57 23
15.540000 57 23
15.610000 0 0
15.680000 60 23
15.750000 60 23
15.820000 0 0
15.890000 58 23
15.960000 58 23
16.030000 0 0
16.100000 65 25
16.170000 65 25
16.240000 0 0
16.310000 63 30
16.380000 63 30
16.450000 63 30
16.520000 63 30
16.590000 63 30
16.660000 63 30
16.730000 63 30
16.800000 63 30
16.870000 64 30
16.940000 64 30
17.010000 0 0
17.080000 65 25
17.150000 65 25
17.220000 65 25
17.290000 65 25
17.360000 65 25
17.430000 0 0
17.500000 0 0
17.570000 0 0
17.640000 0 0
17.710000 0 0
17.780000 0 0
17.850000 0 0
17.920000 53 30
17.990000 53 30
18.060000 0 0
18.130000 57 23
18.200000 57 23
18.270000 0 0
18.340000 55 23
18.410000 55 23
18.480000 0 0
18.550000 58 23
18.620000 58 23
18.690000 0 0
18.760000 57 23
18.830000 57 23
18.900000 0 0
18.970000 60 23
19.040000 60 23
19.110000 0 0
19.180000 58 23
19.250000 58 23
19.320000 0 0
19.390000 65 25
19.460000 65 25
19.530000 67 30
19.600000 67 30
19.670000 67 30
19.740000 67 30
19.810000 67 30
19.880000 67 30
19.950000 67 30
20.020000 67 30
20.090000 67 30
20.160000 67 30
20.230000 67 30
20.300000 0 0
20.370000 69 30
20.440000 69 30
20.510000 69 30
20.580000 69 30
20.650000 69 30
20.720000 0 0
20.790000 0 0
20.860000 0 0
20.930000 0 0
21.000000 0 0
21.070000 0 0
21.140000 0 0
21.210000 67 30
21.280000 67 30
21.350000 67 30
21.420000 67 30
21.490000 67 30
21.560000 67 30
21.630000 67 30
21.700000 67 30
21.770000 67 30
21.840000 67 30
21.910000 67 30
21.980000 65 25
22.050000 65 25
22.120000 65 25
22.190000 65 25
22.260000 65 25
22.330000 0 0
22.400000 0 0
22.470000 0 0
22.540000 0 0
22.610000 0 0
22.680000 0 0
22.750000 0 0
22.820000 67 30
22.890000 67 30
22.960000 67 30
23.030000 67 30
23.100000 67 30
23.170000 67 30
23.240000 67 30
23.310000 67 30
23.380000 67 30
23.450000 67 30
23.520000 67 30
23.590000 0 0
23.660000 65 25
23.730000 65 25
23.800000 65 25
23.870000 65 25
23.940000 65 25
24.010000 0 0
24.080000 0 0
24.150000 0 0
24.220000 0 0
24.290000 0 0
24.360000 0 0
24.430000 58 30
24.500000 58 30
24.570000 0 0
24.640000 65 23
24.710000 65 23
24.780000 0 0
24.850000 60 23
24.920000 60 23
24.990000 60 23
25.060000 65 23
25.130000 65 23
25.200000 65 23
25.270000 62 23
25.340000 62 23
25.410000 0 0
25.480000 65 23
25.550000 65 23
25.620000 0 0
25.690000 58 23
25.760000 58 23
25.830000 0 0
25.900000 65 25
25.970000 65 25
26.040000 0 0
26.110000 57 30
26.180000 0 0
26.250000 0 0
26.320000 65 23
26.390000 0 0
26.460000 0 0
26.530000 58 25
26.600000 0 0
26.670000 0 0
26.740000 65 25
26.810000 0 0
26.880000 60 25
26.950000 60 25
27.020000 0 0
27.090000 65 25
27.160000 65 25
27.230000 0 0
27.300000 63 25
27.370000 63 25
27.440000 0 0
27.510000 65 24
27.580000 65 24
27.650000 0 0
27.720000 62 31
27.790000 62 31
27.860000 0 0
27.930000 65 24
28.000000 65 24
28.070000 0 0
28.140000 62 31
28.210000 62 31
28.280000 0 0
28.350000 65 24
28.420000 65 24
28.490000 0 0
28.560000 57 32
28.630000 57 32
28.700000 0 0
28.770000 65 26
28.840000 65 26
28.910000 57 32
28.980000 57 32
29.050000 0 0
29.120000 65 27
29.190000 65 27
29.260000 0 0
29.330000 58 32
29.400000 0 0
29.470000 0 0
29.540000 57 28
29.610000 0 0
29.680000 0 0
29.750000 58 28
29.820000 0 0
29.890000 0 0
29.960000 51 28
30.030000 0 0
30.100000 0 0
30.170000 53 32
30.240000 53 32
30.310000 53 32
30.380000 53 32
30.450000 53 32
30.520000 0 0
30.590000 0 0
30.660000 0 0
30.730000 0 0
30.800000 0 0
30.870000 0 0
30.940000 0 0
31.010000 58 30
31.080000 58 30
31.150000 65 23
31.220000 65 23
31.290000 0 0
31.360000 60 23
31.430000 60 23
31.500000 60 23
31.570000 65 23
31.640000 65 23
31.710000 65 23
31.780000 62 23
31.850000 62 23
31.920000 0 0
31.990000 65 23
32.060000 65 23
32.130000 0 0
32.200000 58 23
32.270000 58 23
32.340000 0 0
32.410000 65 25
32.480000 65 25
32.550000 0 0
32.620000 57 30
32.690000 57 30
32.760000 0 0
32.830000 65 23
32.900000 65 23
32.970000 0 0
33.040000 58 25
33.110000 58 25
33.180000 0 0
33.250000 65 25
33.320000 65 25
33.390000 0 0
33.460000 60 25
33.530000 60 25
33.600000 0 0
33.670000 65 25
33.740000 65 25
33.810000 0 0
33.880000 63 25
33.950000 63 25
34.020000 0 0
34.090000 65 24
34.160000 65 24
34.230000 62 31
34.300000 62 31
34.370000 62 31
34.440000 62 31
34.510000 62 31
34.580000 0 0
34.650000 0 0
34.720000 0 0
34.790000 0 0
34.860000 0 0
34.930000 0 0
35.000000 0 0
35.070000 67 32
35.140000 67 32
35.210000 67 32
35.280000 67 32
35.350000 67 32
35.420000 0 0
35.490000 0 0
35.560000 0 0
35.630000 0 0
35.700000 0 0
35.770000 0 0
35.840000 53 21
35.910000 53 21
35.980000 53 21
36.050000 53 21
36.120000 53 21
36.190000 53 21
36.260000 53 21
36.330000 53 21
36.400000 53 21
36.470000 53 21
36.540000 53 21
36.610000 0 0
36.680000 58 28
36.750000 58 28
36.820000 58 28
36.890000 58 28
36.960000 58 28
37.030000 0 0
37.100000 0 0
37.170000 0 0
37.240000 0 0
37.310000 0 0
37.380000 0 0
37.450000 46 59
37.520000 0 0
37.590000 0 0
37.660000 58 54
37.730000 58 54
37.800000 0 0
37.870000 58 54
37.940000 58 54
38.010000 0 0
38.080000 58 54
38.150000 58 54
38.220000 0 0
38.290000 46 59
38.360000 0 0
38.430000 0 0
38.500000 58 54
38.570000 58 54
38.640000 0 0
38.710000 58 54
38.780000 58 54
38.850000 0 0
38.920000 58 54
38.990000 58 54
39.060000 0 0
39.130000 58 57
39.200000 58 57
39.270000 58 57
39.340000 58 57
39.410000 58 57
39.480000 58 57
39.550000 58 57
39.620000 58 57
39.690000 58 57
39.760000 58 57
39.830000 58 57
39.900000 62 52
39.970000 62 52
40.040000 62 52
40.110000 62 52
40.180000 62 52
40.250000 0 0
40.320000 0 0
40.390000 0 0
40.460000 0 0
40.530000 0 0
40.600000 0 0
40.670000 0 0
40.740000 46 59
40.810000 0 0
40.880000 0 0
40.950000 58 54
41.020000 58 54
41.090000 0 0
41.160000 58 54
41.230000 58 54
41.300000 0 0
41.370000 58 54
41.440000 58 54
41.510000 0 0
41.580000 46 59
41.650000 0 0
41.720000 58 54
41.790000 58 54
41.860000 0 0
41.930000 58 54
42.000000 58 54
42.070000 0 0
42.140000 58 54
42.210000 58 54
42.280000 0 0
42.350000 58 57
42.420000 58 57
42.490000 58 57
42.560000 58 57
42.630000 58 57
42.700000 58 57
42.770000 58 57
42.840000 58 57
42.910000 58 57
42.980000 58 57
43.050000 58 57
43.120000 0 0
43.190000 70 52
43.260000 70 52
43.330000 70 52
43.400000 70 52
43.470000 70 52
43.540000 0 0
43.610000 0 0
43.680000 0 0
43.750000 0 0
43.820000 0 0
43.890000 0 0
43.960000 0 0
44.030000 66 36
44.100000 66 36
44.170000 69 30
44.240000 69 30
44.310000 0 0
44.380000 67 30
44.450000 67 30
44.520000 0 0
44.590000 70 30
44.660000 70 30
44.730000 0 0
44.800000 69 36
44.870000 69 36
44.940000 0 0
45.010000 72 32
45.080000 72 32
45.150000 0 0
45.220000 70 32
45.290000 70 32
45.360000 0 0
45.430000 74 32
45.500000 74 32
45.570000 0 0
45.640000 64 36
45.710000 64 36
45.780000 0 0
45.850000 67 32
45.920000 67 32
45.990000 65 32
46.060000 65 32
46.130000 0 0
46.200000 69 32
46.270000 69 32
46.340000 0 0
46.410000 67 36
46.480000 67 36
46.550000 0 0
46.620000 70 31
46.690000 70 31
46.760000 0 0
46.830000 69 31
46.900000 69 31
46.970000 0 0
47.040000 72 31
47.110000 72 31
47.180000 57 36
47.250000 57 36
47.320000 57 36
47.390000 57 36
47.460000 57 36
47.530000 0 0
47.600000 0 0
47.670000 0 0
47.740000 0 0
47.810000 0 0
47.880000 0 0
47.950000 0 0
48.020000 58 36
48.090000 58 36
48.160000 58 36
48.230000 58 36
48.300000 58 36
48.370000 0 0
48.440000 0 0
48.510000 0 0
48.580000 0 0
48.650000 0 0
48.720000 0 0
48.790000 60 36
48.860000 60 36
48.930000 60 36
49.000000 60 36
49.070000 60 36
49.140000 60 36
49.210000 60 36
49.280000 60 36
49.350000 60 36
49.420000 60 36
49.490000 60 36
49.560000 60 36
49.630000 65 36
49.700000 65 36
49.770000 65 36
49.840000 65 36
49.910000 65 36
49.980000 65 36
50.050000 65 36
50.120000 65 36
50.190000 65 36
50.260000 0 0
50.330000 0 0
50.400000 0 0
50.470000 0 0
50.540000 46 59
50.610000 0 0
50.680000 0 0
50.750000 58 54
50.820000 58 54
50.890000 0 0
50.960000 58 54
51.030000 58 54
51.100000 0 0
51.170000 58 54
51.240000 58 54
51.310000 0 0
51.380000 46 59
51.450000 0 0
51.520000 0 0
51.590000 58 54
51.660000 58 54
51.730000 0 0
51.800000 58 54
51.870000 58 54
51.940000 0 0
52.010000 58 54
52.080000 58 54
52.150000 0 0
52.220000 58 57
52.290000 58 57
52.360000 58 57
52.430000 58 57
52.500000 58 57
52.570000 58 57
52.640000 58 57
52.710000 58 57
52.780000 58 57
52.850000 58 57
52.920000 58 57
52.990000 62 52
53.060000 62 52
53.130000 62 52
53.200000 62 52
53.270000 62 52
53.340000 0 0
53.410000 0 0
53.480000 0 0
53.550000 0 0
53.620000 0 0
53.690000 0 0
53.760000 0 0
53.830000 46 59
53.900000 0 0
53.970000 0 0
54.040000 58 54
54.110000 58 54
54.180000 0 0
54.250000 58 54
54.320000 58 54
54.390000 0 0
54.460000 58 54
54.530000 58 54
54.600000 0 0
54.670000 46 59
54.740000 0 0
54.810000 0 0
54.880000 58 54
54.950000 58 54
55.020000 0 0
55.090000 58 54
55.160000 58 54
55.230000 0 0
55.300000 58 54
55.370000 58 54
55.440000 0 0
55.510000 58 57
55.580000 58 57
55.650000 58 57
55.720000 58 57
55.790000 58 57
55.860000 58 57
55.930000 58 57
56.000000 58 57
56.070000 58 57
56.140000 58 57
56.210000 58 57
56.280000 70 52
56.350000 70 52
56.420000 70 52
56.490000 70 52
56.560000 70 52
56.630000 0 0
56.700000 0 0
56.770000 0 0
56.840000 0 0
56.910000 0 0
56.980000 0 0
57.050000 0 0
57.120000 66 36
57.190000 66 36
57.260000 69 30
57.330000 69 30
57.400000 0 0
57.470000 67 30
57.540000 67 30
57.610000 0 0
57.680000 70 30
57.750000 70 30
57.820000 0 0
57.890000 69 36
57.960000 69 36
58.030000 0 0
58.100000 72 32
58.170000 72 32
58.240000 0 0
58.310000 70 32
58.380000 70 32
58.450000 0 0
58.520000 74 32
58.590000 74 32
58.660000 0 0
58.730000 64 36
58.800000 64 36
58.870000 0 0
58.940000 67 32
59.010000 67 32
59.080000 65 32
59.150000 65 32
59.220000 0 0
59.290000 69 32
59.360000 69 32
59.430000 0 0
59.500000 67 36
59.570000 67 36
59.640000 0 0
59.710000 70 31
59.780000 70 31
59.850000 0 0
59.920000 69 31
59.990000 69 31
60.060000 0 0
60.130000 72 31
60.200000 72 31
60.270000 0 0
60.340000 57 36
60.410000 57 36
60.480000 57 36
60.550000 57 36
60.620000 57 36
60.690000 0 0
60.760000 0 0
60.830000 0 0
60.900000 0 0
60.970000 0 0
61.040000 0 0
61.110000 58 36
61.180000 58 36
61.250000 58 36
61.320000 58 36
61.390000 58 36
61.460000 0 0
61.530000 0 0
61.600000 0 0
61.670000 0 0
61.740000 0 0
61.810000 0 0
61.880000 60 36
61.950000 60 36
62.020000 60 36
62.090000 60 36
62.160000 60 36
62.230000 60 36
62.300000 60 36
62.370000 60 36
62.440000 60 36
62.510000 60 36
62.580000 60 36
62.650000 60 36
62.720000 0 0
62.790000 65 36
62.860000 65 36
62.930000 65 36
63.000000 65 36
63.070000 65 36
63.140000 65 36
63.210000 65 36
63.280000 65 36
63.350000 65 36
63.420000 0 0
63.490000 0 0
63.560000 0 0
63.630000 0 0
63.700000 38 59
63.770000 0 0
63.840000 50 54
63.910000 50 54
63.980000 0 0
64.050000 50 54
64.120000 50 54
64.190000 0 0
64.260000 50 54
64.330000 50 54
64.400000 0 0
64.470000 43 59
64.540000 0 0
64.610000 0 0
64.680000 55 54
64.750000 55 54
64.820000 0 0
64.890000 55 54
64.960000 55 54
65.030000 0 0
65.100000 55 54
65.170000 55 54
65.240000 0 0
65.310000 36 59
65.380000 0 0
65.450000 0 0
65.520000 48 54
65.590000 48 54
65.660000 0 0
65.730000 48 54
65.800000 48 54
65.870000 0 0
65.940000 48 54
66.010000 48 54
66.080000 0 0
66.150000 41 59
66.220000 0 0
66.290000 0 0
66.360000 53 54
66.430000 53 54
66.500000 0 0
66.570000 53 54
66.640000 53 54
66.710000 0 0
66.780000 53 54
66.850000 53 54
66.920000 0 0
66.990000 58 38
67.060000 58 38
67.130000 0 0
67.200000 61 34
67.270000 61 34
67.340000 58 34
67.410000 58 34
67.480000 0 0
67.550000 56 34
67.620000 56 34
67.690000 0 0
67.760000 54 38
67.830000 54 38
67.900000 0 0
67.970000 58 34
68.040000 58 34
68.110000 0 0
68.180000 54 34
68.250000 54 34
68.320000 0 0
68.390000 53 34
68.460000 53 34
68.530000 53 34
68.600000 52 34
68.670000 52 34
68.740000 0 0
68.810000 0 0
68.880000 0 0
68.950000 60 25
69.020000 60 25
69.090000 60 25
69.160000 60 25
69.230000 60 25
69.300000 60 25
69.370000 0 0
69.440000 65 37
69.510000 65 37
69.580000 65 37
69.650000 65 37
69.720000 65 37
69.790000 65 37
69.860000 65 37
69.930000 65 37
70.000000 0 0
70.070000 0 0
70.140000 0 0
70.210000 0 0
70.280000 46 59
70.350000 0 0
70.420000 0 0
70.490000 58 54
70.560000 58 54
70.630000 0 0
70.700000 58 54
70.770000 58 54
70.840000 0 0
70.910000 58 54
70.980000 58 54
71.050000 0 0
71.120000 46 59
71.190000 0 0
71.260000 0 0
71.330000 58 54
71.400000 58 54
71.470000 0 0
71.540000 58 54
71.610000 58 54
71.680000 0 0
71.750000 58 54
71.820000 58 54
71.890000 0 0
71.960000 58 57
72.030000 58 57
72.100000 58 57
72.170000 58 57
72.240000 58 57
72.310000 58 57
72.380000 58 57
72.450000 58 57
72.520000 58 57
72.590000 58 57
72.660000 58 57
72.730000 62 52
72.800000 62 52
72.870000 62 52
72.940000 62 52
73.010000 62 52
73.080000 0 0
73.150000 0 0
73.220000 0 0
73.290000 0 0
73.360000 0 0
73.430000 0 0
73.500000 0 0
73.570000 46 59
73.640000 0 0
73.710000 0 0
73.780000 58 54
73.850000 58 54
73.920000 0 0
73.990000 58 54
74.060000 58 54
74.130000 0 0
74.200000 58 54
74.270000 58 54
74.340000 0 0
74.410000 46 59
74.480000 0 0
74.550000 58 54
74.620000 58 54
74.690000 0 0
74.760000 58 54
74.830000 58 54
74.900000 0 0
74.970000 58 54
75.040000 58 54
75.110000 0 0
75.180000 58 57
75.250000 58 57
75.320000 58 57
75.390000 58 57
75.460000 58 57
75.530000 58 57
75.600000 58 57
75.670000 58 57
75.740000 58 57
75.810000 58 57
75.880000 58 57
75.950000 0 0
76.020000 70 52
76.090000 70 52
76.160000 70 52
76.230000 70 52
76.300000 70 52
76.370000 0 0
76.440000 0 0
76.510000 0 0
76.580000 0 0
76.650000 0 0
76.720000 0 0
76.790000 59 36
76.860000 59 36
76.930000 0 0
77.000000 62 30
77.070000 62 30
77.140000 0 0
77.210000 60 30
77.280000 60 30
77.350000 0 0
77.420000 63 30
77.490000 63 30
77.560000 0 0
77.630000 62 36
77.700000 62 36
77.770000 0 0
77.840000 65 32
77.910000 65 32
77.980000 0 0
78.050000 63 32
78.120000 63 32
78.190000 0 0
78.260000 67 32
78.330000 67 32
78.400000 0 0
78.470000 57 36
78.540000 57 36
78.610000 60 32
78.680000 60 32
78.750000 0 0
78.820000 58 32
78.890000 58 32
78.960000 0 0
79.030000 62 32
79.100000 62 32
79.170000 0 0
79.240000 60 36
79.310000 60 36
79.380000 0 0
79.450000 63 31
79.520000 63 31
79.590000 62 31
79.660000 62 31
79.730000 0 0
79.800000 65 31
79.870000 65 31
79.940000 0 0
80.010000 50 36
80.080000 50 36
80.150000 50 36
80.220000 50 36
80.290000 50 36
80.360000 0 0
80.430000 0 0
80.500000 0 0
80.570000 0 0
80.640000 0 0
80.710000 0 0
80.780000 0 0
80.850000 51 36
80.920000 51 36
80.990000 51 36
81.060000 51 36
81.130000 51 36
81.200000 0 0
81.270000 0 0
81.340000 0 0
81.410000 0 0
81.480000 0 0
81.550000 0 0
81.620000 53 36
81.690000 53 36
81.760000 53 36
81.830000 53 36
81.900000 53 36
81.970000 53 36
82.040000 53 36
82.110000 53 36
82.180000 53 36
82.250000 53 36
82.320000 53 36
82.390000 53 36
82.460000 58 36
82.530000 58 36
82.600000 58 36
82.670000 58 36
82.740000 58 36
82.810000 58 36
82.880000 58 36
82.950000 58 36
83.020000 58 36
83.090000 0 0
83.160000 0 0
83.230000 0 0
83.300000 0 0
83.370000 38 59
83.440000 0 0
83.510000 0 0
83.580000 50 54
83.650000 50 54
83.720000 0 0
83.790000 50 54
83.860000 50 54
83.930000 0 0
84.000000 50 54
84.070000 50 54
84.140000 0 0
84.210000 43 59
84.280000 0 0
84.350000 0 0
84.420000 55 54
84.490000 55 54
84.560000 0 0
84.630000 55 54
84.700000 55 54
84.770000 0 0
84.840000 55 54
84.910000 55 54
84.980000 0 0
85.050000 36 59
85.120000 0 0
85.190000 0 0
85.260000 48 54
85.330000 48 54
85.400000 48 54
85.470000 48 54
85.540000 0 0
85.610000 48 54
85.680000 48 54
85.750000 0 0
85.820000 41 59
85.890000 0 0
85.960000 0 0
86.030000 53 54
86.100000 53 54
86.170000 0 0
86.240000 53 54
86.310000 53 54
86.380000 0 0
86.450000 53 54
86.520000 53 54
86.590000 0 0
86.660000 58 38
86.730000 58 38
86.800000 0 0
86.870000 61 34
86.940000 61 34
87.010000 0 0
87.080000 58 34
87.150000 58 34
87.220000 0 0
87.290000 56 34
87.360000 56 34
87.430000 0 0
87.500000 54 38
87.570000 54 38
87.640000 58 34
87.710000 58 34
87.780000 0 0
87.850000 54 34
87.920000 54 34
87.990000 0 0
88.060000 53 34
88.130000 53 34
88.200000 53 34
88.270000 52 34
88.340000 52 34
88.410000 0 0
88.480000 0 0
88.550000 0 0
88.620000 0 0
88.690000 60 25
88.760000 60 25
88.830000 60 25
88.900000 60 25
88.970000 60 25
89.040000 60 25
89.110000 65 37
89.180000 65 37
89.250000 65 37
89.320000 65 37
89.390000 65 37
89.460000 65 37
89.530000 65 37
89.600000 65 37
89.670000 0 0
89.740000 0 0
89.810000 0 0
89.880000 0 0
89.950000 0 0
90.020000 46 59
90.090000 0 0
90.160000 0 0
90.230000 58 54
90.300000 58 54
90.370000 0 0
90.440000 58 54
90.510000 58 54
90.580000 0 0
90.650000 58 54
90.720000 58 54
90.790000 0 0
90.860000 46 59
90.930000 0 0
91.000000 58 54
91.070000 58 54
91.140000 0 0
91.210000 58 54
91.280000 58 54
91.350000 0 0
91.420000 58 54
91.490000 58 54
91.560000 0 0
91.630000 58 57
91.700000 58 57
91.770000 58 57
91.840000 58 57
91.910000 58 57
91.980000 58 57
92.050000 58 57
92.120000 58 57
92.190000 58 57
92.260000 58 57
92.330000 58 57
92.400000 0 0
92.470000 62 52
92.540000 62 52
92.610000 62 52
92.680000 62 52
92.750000 62 52
92.820000 0 0
92.890000 0 0
92.960000 0 0
93.030000 0 0
93.100000 0 0
93.170000 0 0
93.240000 0 0
93.310000 46 59
93.380000 0 0
93.450000 58 54
93.520000 58 54
93.590000 0 0
93.660000 58 54
93.730000 58 54
93.800000 0 0
93.870000 58 54
93.940000 58 54
94.010000 0 0
94.080000 46 59
94.150000 0 0
94.220000 0 0
94.290000 58 54
94.360000 58 54
94.430000 0 0
94.500000 58 54
94.570000 58 54
94.640000 0 0
94.710000 58 54
94.780000 58 54
94.850000 0 0
94.920000 58 57
94.990000 58 57
95.060000 58 57
95.130000 58 57
95.200000 58 57
95.270000 58 57
95.340000 58 57
95.410000 58 57
95.480000 58 57
95.550000 58 57
95.620000 58 57
95.690000 0 0
95.760000 70 52
95.830000 70 52
95.900000 70 52
95.970000 70 52
96.040000 70 52
96.110000 0 0
96.180000 0 0
96.250000 0 0
96.320000 0 0
96.390000 0 0
96.460000 0 0
96.530000 59 36
96.600000 59 36
96.670000 0 0
96.740000 62 30
96.810000 62 30
96.880000 0 0
96.950000 60 30
97.020000 60 30
97.090000 0 0
97.160000 63 30
97.230000 63 30
97.300000 0 0
97.370000 62 36
97.440000 62 36
97.510000 0 0
97.580000 65 32
97.650000 65 32
97.720000 63 32
97.790000 63 32
97.860000 0 0
97.930000 67 32
98.000000 67 32
98.070000 0 0
98.140000 57 36
98.210000 57 36
98.280000 0 0
98.350000 60 32
98.420000 60 32
98.490000 0 0
98.560000 58 32
98.630000 58 32
98.700000 0 0
98.770000 62 32
98.840000 62 32
98.910000 0 0
98.980000 60 36
99.050000 60 36
99.120000 63 31
99.190000 63 31
99.260000 0 0
99.330000 62 31
99.400000 62 31
99.470000 0 0
99.540000 65 31
99.610000 65 31
99.680000 0 0
99.750000 50 36
99.820000 50 36
99.890000 50 36
99.960000 50 36
100.030000 50 36
100.100000 0 0
100.170000 0 0
100.240000 0 0
100.310000 0 0
100.380000 0 0
100.450000 0 0
100.520000 51 36
100.590000 51 36
100.660000 51 36
100.730000 51 36
100.800000 51 36
100.870000 0 0
100.940000 0 0
101.010000 0 0
101.080000 0 0
101.150000 0 0
101.220000 0 0
101.290000 0 0
101.360000 53 36
101.430000 53 36
101.500000 53 36
101.570000 53 36
101.640000 53 36
101.710000 53 36
101.780000 53 36
101.850000 53 36
101.920000 53 36
101.990000 53 36
102.060000 53 36
102.130000 53 36
102.200000 58 36
102.270000 58 36
102.340000 58 36
102.410000 58 36
102.480000 58 36
102.550000 58 36
102.620000 58 36
102.690000 58 36
102.760000 58 36
102.830000 0 0
102.900000 0 0
102.970000 0 0
103.040000 0 0
103.110000 0 0
103.180000 0 0
103.250000 0 0
103.320000 58 26
103.390000 0 0
103.460000 0 0
103.530000 0 0
103.600000 58 26
103.670000 0 0
103.740000 0 0
103.810000 0 0
103.880000 0 0
103.950000 0 0
104.020000 0 0
104.090000 0 0
104.160000 0 0
104.230000 58 26
104.300000 0 0
104.370000 0 0
104.440000 58 26
104.510000 0 0
104.580000 0 0
104.650000 0 0
104.720000 0 0
104.790000 0 0
104.860000 0 0
104.930000 0 0
105.000000 0 0
105.070000 0 0
105.140000 0 0
105.210000 0 0
105.280000 0 0
105.350000 0 0
105.420000 0 0
105.490000 0 0
105.560000 0 0
105.630000 0 0
105.700000 0 0
105.770000 0 0
105.840000 0 0
105.910000 0 0
105.980000 0 0
106.050000 0 0
106.120000 0 0
106.190000 0 0
106.260000 0 0
106.330000 0 0
106.400000 0 0
106.470000 0 0
106.540000 0 0
106.610000 0 0
106.680000 0 0
106.750000 0 0
106.820000 0 0
106.890000 0 0
106.960000 0 0
107.030000 0 0
107.100000 55 24
107.170000 55 24
107.240000 55 24
107.310000 55 24
107.380000 55 24
107.450000 0 0
107.520000 0 0
107.590000 0 0
107.660000 0 0
107.730000 0 0
107.800000 0 0
107.870000 56 24
107.940000 56 24
108.010000 56 24
108.080000 56 24
108.150000 56 24
108.220000 0 0
108.290000 0 0
108.360000 0 0
108.430000 0 0
108.500000 0 0
108.570000 0 0
108.640000 0 0
108.710000 50 24
108.780000 50 24
108.850000 50 24
108.920000 50 24
108.990000 50 24
109.060000 0 0
109.130000 51 24
109.200000 51 24
109.270000 0 0
109.340000 0 0
109.410000 0 0
109.480000 0 0
109.550000 0 0
109.620000 0 0
109.690000 0 0
109.760000 0 0
109.830000 0 0
109.900000 0 0
109.970000 0 0
110.040000 0 0
110.110000 0 0
110.180000 63 30
110.250000 0 0
110.320000 0 0
110.390000 62 35
110.460000 0 0
110.530000 0 0
110.600000 59 32
110.670000 0 0
110.740000 0 0
110.810000 60 35
110.880000 0 0
110.950000 0 0
111.020000 57 29
111.090000 0 0
111.160000 58 35
111.230000 58 35
111.300000 58 35
111.370000 58 35
111.440000 58 35
111.510000 58 35
111.580000 53 35
111.650000 53 35
111.720000 53 35
111.790000 53 35
111.860000 53 35
111.930000 53 35
112.000000 53 35
112.070000 53 35
112.140000 53 35
112.210000 53 35
112.280000 53 35
112.350000 0 0
112.420000 58 39
112.490000 0 0
112.560000 0 0
112.630000 53 36
112.700000 0 0
112.770000 0 0
112.840000 50 35
112.910000 0 0
112.980000 0 0
113.050000 46 35
113.120000 0 0
113.190000 0 0
113.260000 0 0
113.330000 0 0
113.400000 0 0
113.470000 0 0
113.540000 0 0
113.610000 0 0
113.680000 55 24
113.750000 55 24
113.820000 55 24
113.890000 55 24
113.960000 55 24
114.030000 0 0
114.100000 0 0
114.170000 0 0
114.240000 0 0
114.310000 0 0
114.380000 0 0
114.450000 0 0
114.520000 56 24
114.590000 56 24
114.660000 56 24
114.730000 56 24
114.800000 56 24
114.870000 0 0
114.940000 0 0
115.010000 0 0
115.080000 0 0
115.150000 0 0
115.220000 0 0
115.290000 0 0
115.360000 50 24
115.430000 50 24
115.500000 50 24
115.570000 50 24
115.640000 50 24
115.710000 0 0
115.780000 51 24
115.850000 51 24
115.920000 0 0
115.990000 0 0
116.060000 0 0
116.130000 0 0
116.200000 0 0
116.270000 0 0
116.340000 0 0
116.410000 0 0
116.480000 0 0
116.550000 0 0
116.620000 0 0
116.690000 0 0
116.760000 63 30
116.830000 0 0
116.900000 0 0
116.970000 62 35
117.040000 0 0
117.110000 0 0
117.180000 59 32
117.250000 0 0
117.320000 0 0
117.390000 60 35
117.460000 0 0
117.530000 0 0
117.600000 57 29
117.670000 0 0
117.740000 0 0
117.810000 58 35
117.880000 58 35
117.950000 58 35
118.020000 58 35
118.090000 58 35
118.160000 58 35
118.230000 53 35
118.300000 53 35
118.370000 53 35
118.440000 53 35
118.510000 53 35
118.580000 53 35
118.650000 53 35
118.720000 53 35
118.790000 53 35
118.860000 53 35
118.930000 53 35
119.000000 58 39
119.070000 0 0
119.140000 0 0
119.210000 53 36
119.280000 0 0
119.350000 0 0
119.420000 50 35
119.490000 0 0
119.560000 0 0
119.630000 46 35
119.700000 0 0
119.770000 0 0
119.840000 0 0
119.910000 61 46
119.980000 0 0
120.050000 0 0
120.120000 61 39
120.190000 0 0
120.260000 0 0
120.330000 61 39
120.400000 0 0
120.470000 0 0
120.540000 61 39
120.610000 0 0
120.680000 0 0
120.750000 52 44
120.820000 0 0
120.890000 52 39
120.960000 0 0
121.030000 0 0
121.100000 52 39
121.170000 0 0
121.240000 0 0
121.310000 52 39
121.380000 0 0
121.450000 0 0
121.520000 60 44
121.590000 0 0
121.660000 0 0
121.730000 60 38
121.800000 0 0
121.870000 0 0
121.940000 60 38
122.010000 0 0
122.080000 0 0
122.150000 60 39
122.220000 0 0
122.290000 0 0
122.360000 50 44
122.430000 0 0
122.500000 0 0
122.570000 50 37
122.640000 0 0
122.710000 50 37
122.780000 0 0
122.850000 0 0
122.920000 50 39
122.990000 0 0
123.060000 0 0
123.130000 51 41
123.200000 0 0
123.270000 0 0
123.340000 51 42
123.410000 0 0
123.480000 0 0
123.550000 50 44
123.620000 0 0
123.690000 0 0
123.760000 49 47
123.830000 0 0
123.900000 0 0
123.970000 48 49
124.040000 0 0
124.110000 0 0
124.180000 47 49
124.250000 0 0
124.320000 0 0
124.390000 46 47
124.460000 0 0
124.530000 0 0
124.600000 45 47
124.670000 0 0
124.740000 0 0
124.810000 46 50
124.880000 46 50
124.950000 0 0
125.020000 45 44
125.090000 45 44
125.160000 0 0
125.230000 46 50
125.300000 46 50
125.370000 0 0
125.440000 45 44
125.510000 45 44
125.580000 46 44
125.650000 46 44
125.720000 0 0
125.790000 0 0
125.860000 0 0
125.930000 0 0
126.000000 0 0
126.070000 0 0
126.140000 0 0
126.210000 0 0
126.280000 0 0
126.350000 0 0
126.420000 0 0
126.490000 0 0
126.560000 0 0
126.630000 0 0
126.700000 0 0
126.770000 0 0
126.840000 55 29
126.910000 55 29
126.980000 55 29
127.050000 55 29
127.120000 55 29
127.190000 0 0
127.260000 0 0
127.330000 0 0
127.400000 0 0
127.470000 0 0
127.540000 0 0
127.610000 0 0
127.680000 56 29
127.750000 56 29
127.820000 56 29
127.890000 56 29
127.960000 56 29
128.030000 0 0
128.100000 0 0
128.170000 0 0
128.240000 0 0
128.310000 0 0
128.380000 0 0
128.450000 0 0
128.520000 50 29
128.590000 50 29
128.660000 50 29
128.730000 50 29
128.800000 50 29
128.870000 0 0
128.940000 51 29
129.010000 51 29
129.080000 0 0
129.150000 0 0
129.220000 0 0
129.290000 0 0
129.360000 0 0
129.430000 0 0
129.500000 0 0
129.570000 0 0
129.640000 0 0
129.710000 0 0
129.780000 0 0
129.850000 0 0
129.920000 68 30
129.990000 0 0
130.060000 0 0
130.130000 67 35
130.200000 0 0
130.270000 0 0
130.340000 64 32
130.410000 0 0
130.480000 0 0
130.550000 65 35
130.620000 0 0
130.690000 0 0
130.760000 62 29
130.830000 0 0
130.900000 0 0
130.970000 63 35
131.040000 63 35
131.110000 63 35
131.180000 63 35
131.250000 63 35
131.320000 63 35
131.390000 58 35
131.460000 58 35
131.530000 58 35
131.600000 58 35
131.670000 58 35
131.740000 58 35
131.810000 58 35
131.880000 58 35
131.950000 58 35
132.020000 58 35
132.090000 58 35
132.160000 63 39
132.230000 0 0
132.300000 0 0
132.370000 58 36
132.440000 0 0
132.510000 0 0
132.580000 55 35
132.650000 0 0
132.720000 0 0
132.790000 51 35
132.860000 0 0
132.930000 0 0
133.000000 61 46
133.070000 0 0
133.140000 0 0
133.210000 61 39
133.280000 0 0
133.350000 0 0
133.420000 61 39
133.490000 0 0
133.560000 0 0
133.630000 61 39
133.700000 0 0
133.770000 0 0
133.840000 52 44
133.910000 0 0
133.980000 0 0
134.050000 52 39
134.120000 0 0
134.190000 0 0
134.260000 52 39
134.330000 0 0
134.400000 0 0
134.470000 52 39
134.540000 0 0
134.610000 0 0
134.680000 60 44
134.750000 0 0
134.820000 0 0
134.890000 60 38
134.960000 0 0
135.030000 0 0
135.100000 60 38
135.170000 0 0
135.240000 60 39
135.310000 0 0
135.380000 0 0
135.450000 50 44
135.520000 0 0
135.590000 0 0
135.660000 50 37
135.730000 0 0
135.800000 0 0
135.870000 50 37
135.940000 0 0
136.010000 0 0
136.080000 50 39
136.150000 0 0
136.220000 0 0
136.290000 51 41
136.360000 0 0
136.430000 0 0
136.500000 51 42
136.570000 0 0
136.640000 0 0
136.710000 50 44
136.780000 0 0
136.850000 0 0
136.920000 49 47
136.990000 0 0
137.060000 0 0
137.130000 48 49
137.200000 0 0
137.270000 0 0
137.340000 47 49
137.410000 0 0
137.480000 46 47
137.550000 0 0
137.620000 0 0
137.690000 45 47
137.760000 0 0
137.830000 0 0
137.900000 46 50
137.970000 46 50
138.040000 0 0
138.110000 45 44
138.180000 45 44
138.250000 0 0
138.320000 46 50
138.390000 46 50
138.460000 0 0
138.530000 45 44
138.600000 45 44
138.670000 0 0
138.740000 46 44
138.810000 46 44
138.880000 0 0
138.950000 0 0
139.020000 0 0
139.090000 0 0
139.160000 0 0
139.230000 0 0
139.300000 0 0
139.370000 0 0
139.440000 0 0
139.510000 0 0
139.580000 0 0
139.650000 0 0
139.720000 0 0
139.790000 0 0
139.860000 0 0
139.930000 0 0
140.000000 55 29
140.070000 55 29
140.140000 55 29
140.210000 55 29
140.280000 55 29
140.350000 0 0
140.420000 0 0
140.490000 0 0
140.560000 0 0
140.630000 0 0
140.700000 0 0
140.770000 0 0
140.840000 56 29
140.910000 56 29
140.980000 56 29
141.050000 56 29
141.120000 56 29
141.190000 0 0
141.260000 0 0
141.330000 0 0
141.400000 0 0
141.470000 0 0
141.540000 0 0
141.610000 50 29
141.680000 50 29
141.750000 50 29
141.820000 50 29
141.890000 50 29
141.960000 0 0
142.030000 51 29
142.100000 51 29
142.170000 0 0
142.240000 0 0
142.310000 0 0
142.380000 0 0
142.450000 0 0
142.520000 0 0
142.590000 0 0
142.660000 0 0
142.730000 0 0
142.800000 0 0
142.870000 0 0
142.940000 0 0
143.010000 0 0
143.080000 68 30
143.150000 0 0
143.220000 0 0
143.290000 67 35
143.360000 0 0
143.430000 0 0
143.500000 64 32
143.570000 0 0
143.640000 0 0
143.710000 65 35
143.780000 0 0
143.850000 62 29
143.920000 0 0
143.990000 0 0
144.060000 63 35
144.130000 63 35
144.200000 63 35
144.270000 63 35
144.340000 63 35
144.410000 63 35
144.480000 58 35
144.550000 58 35
144.620000 58 35
144.690000 58 35
144.760000 58 35
144.830000 58 35
144.900000 58 35
144.970000 58 35
145.040000 58 35
145.110000 58 35
145.180000 58 35
145.250000 0 0
145.320000 63 39
145.390000 0 0
145.460000 0 0
145.530000 58 36
145.600000 0 0
145.670000 0 0
145.740000 55 35
145.810000 0 0
145.880000 0 0
145.950000 51 35
146.020000 0 0
146.090000 0 0
146.160000 55 35
146.230000 0 0
146.300000 0 0
146.370000 67 38
146.440000 67 38
146.510000 67 38
146.580000 66 39
146.650000 66 39
146.720000 66 39
146.790000 65 39
146.860000 65 39
146.930000 0 0
147.000000 63 40
147.070000 63 40
147.140000 62 41
147.210000 62 41
147.280000 0 0
147.350000 60 42
147.420000 60 42
147.490000 60 42
147.560000 58 43
147.630000 58 43
147.700000 0 0
147.770000 57 44
147.840000 57 44
147.910000 57 44
147.980000 57 44
148.050000 57 44
148.120000 0 0
148.190000 0 0
148.260000 0 0
148.330000 69 40
148.400000 69 40
148.470000 0 0
148.540000 70 45
148.610000 70 45
148.680000 0 0
148.750000 72 40
148.820000 72 40
148.890000 0 0
148.960000 74 44
149.030000 74 44
149.100000 0 0
149.170000 72 42
149.240000 72 42
149.310000 0 0
149.380000 71 49
149.450000 0 0
149.520000 72 43
149.590000 0 0
149.660000 0 0
149.730000 69 49
149.800000 0 0
149.870000 0 0
149.940000 70 44
150.010000 0 0
150.080000 0 0
150.150000 67 49
150.220000 0 0
150.290000 0 0
150.360000 69 43
150.430000 0 0
150.500000 0 0
150.570000 66 48
150.640000 0 0
150.710000 67 43
150.780000 0 0
150.850000 0 0
150.920000 67 48
150.990000 67 48
151.060000 67 48
151.130000 67 48
151.200000 67 48
151.270000 67 48
151.340000 67 48
151.410000 67 48
151.480000 67 48
151.550000 67 48
151.620000 67 48
151.690000 0 0
151.760000 65 29
151.830000 65 29
151.900000 65 29
151.970000 65 29
152.040000 65 29
152.110000 0 0
152.180000 0 0
152.250000 0 0
152.320000 0 0
152.390000 0 0
152.460000 0 0
152.530000 67 33
152.600000 67 33
152.670000 67 33
152.740000 67 33
152.810000 67 33
152.880000 67 33
152.950000 67 33
153.020000 67 33
153.090000 67 33
153.160000 67 33
153.230000 67 33
153.300000 0 0
153.370000 65 27
153.440000 65 27
153.510000 65 27
153.580000 65 27
153.650000 65 27
153.720000 0 0
153.790000 0 0
153.860000 0 0
153.930000 0 0
154.000000 0 0
154.070000 0 0
154.140000 67 29
154.210000 67 29
154.280000 67 29
154.350000 67 29
154.420000 67 29
154.490000 67 29
154.560000 67 29
154.630000 67 29
154.700000 67 29
154.770000 67 29
154.840000 67 29
154.910000 65 28
154.980000 65 28
155.050000 65 28
155.120000 65 28
155.190000 65 28
155.260000 0 0
155.330000 0 0
155.400000 0 0
155.470000 0 0
155.540000 0 0
155.610000 0 0
155.680000 0 0
155.750000 58 29
155.820000 58 29
155.890000 0 0
155.960000 65 23
156.030000 65 23
156.100000 0 0
156.170000 60 23
156.240000 60 23
156.310000 60 23
156.380000 65 23
156.450000 65 23
156.520000 65 23
156.590000 62 23
156.660000 62 23
156.730000 0 0
156.800000 65 23
156.870000 65 23
156.940000 0 0
157.010000 58 23
157.080000 58 23
157.150000 0 0
157.220000 65 25
157.290000 65 25
157.360000 0 0
157.430000 57 30
157.500000 57 30
157.570000 0 0
157.640000 65 23
157.710000 65 23
157.780000 0 0
157.850000 58 25
157.920000 58 25
157.990000 0 0
158.060000 65 25
158.130000 65 25
158.200000 0 0
158.270000 60 25
158.340000 60 25
158.410000 65 25
158.480000 65 25
158.550000 0 0
158.620000 63 25
158.690000 63 25
158.760000 0 0
158.830000 65 24
158.900000 65 24
158.970000 0 0
159.040000 62 31
159.110000 0 0
159.180000 0 0
159.250000 65 24
159.320000 65 24
159.390000 0 0
159.460000 62 31
159.530000 62 31
159.600000 0 0
159.670000 65 24
159.740000 65 24
159.810000 0 0
159.880000 57 32
159.950000 0 0
160.020000 0 0
160.090000 65 26
160.160000 65 26
160.230000 0 0
160.300000 57 32
160.370000 57 32
160.440000 65 27
160.510000 65 27
160.580000 0 0
160.650000 58 32
160.720000 0 0
160.790000 0 0
160.860000 57 28
160.930000 0 0
161.000000 0 0
161.070000 58 28
161.140000 0 0
161.210000 0 0
161.280000 51 28
161.350000 0 0
161.420000 0 0
161.490000 53 32
161.560000 53 32
161.630000 53 32
161.700000 53 32
161.770000 53 32
161.840000 0 0
161.910000 0 0
161.980000 0 0
162.050000 0 0
162.120000 0 0
162.190000 0 0
162.260000 0 0
162.330000 58 30
162.400000 58 30
162.470000 65 23
162.540000 65 23
162.610000 0 0
162.680000 60 23
162.750000 60 23
162.820000 60 23
162.890000 65 23
162.960000 65 23
163.030000 65 23
163.100000 62 23
163.170000 62 23
163.240000 0 0
163.310000 65 23
163.380000 65 23
163.450000 0 0
163.520000 58 23
163.590000 58 23
163.660000 0 0
163.730000 65 25
163.800000 65 25
163.870000 0 0
163.940000 57 30
164.010000 57 30
164.080000 0 0
164.150000 65 23
164.220000 65 23
164.290000 0 0
164.360000 58 25
164.430000 58 25
164.500000 0 0
164.570000 65 25
164.640000 65 25
164.710000 0 0
164.780000 60 25
164.850000 60 25
164.920000 0 0
164.990000 65 25
165.060000 65 25
165.130000 0 0
165.200000 63 25
165.270000 63 25
165.340000 0 0
165.410000 65 24
165.480000 65 24
165.550000 62 31
165.620000 62 31
165.690000 62 31
165.760000 62 31
165.830000 62 31
165.900000 0 0
165.970000 0 0
166.040000 0 0
166.110000 0 0
166.180000 0 0
166.250000 0 0
166.320000 0 0
166.390000 67 32
166.460000 67 32
166.530000 67 32
166.600000 67 32
166.670000 67 32
166.740000 0 0
166.810000 0 0
166.880000 0 0
166.950000 0 0
167.020000 0 0
167.090000 0 0
167.160000 53 27
167.230000 53 27
167.300000 53 27
167.370000 53 27
167.440000 53 27
167.510000 53 27
167.580000 53 27
167.650000 53 27
167.720000 53 27
167.790000 53 27
167.860000 53 27
167.930000 0 0
168.000000 58 28
168.070000 58 28
168.140000 58 28
168.210000 58 28
168.280000 58 28
168.350000 0 0
168.420000 0 0
168.490000 0 0
168.560000 0 0
168.630000 0 0
168.700000 0 0
168.770000 46 59
168.840000 0 0
168.910000 0 0
168.980000 58 54
169.050000 58 54
169.120000 0 0
169.190000 58 54
169.260000 58 54
169.330000 0 0
169.400000 58 54
169.470000 58 54
169.540000 0 0
169.610000 46 59
169.680000 0 0
169.750000 0 0
169.820000 58 54
169.890000 58 54
169.960000 0 0
170.030000 58 54
170.100000 58 54
170.170000 0 0
170.240000 58 54
170.310000 58 54
170.380000 0 0
170.450000 41 59
170.520000 0 0
170.590000 0 0
170.660000 53 54
170.730000 53 54
170.800000 0 0
170.870000 53 54
170.940000 53 54
171.010000 0 0
171.080000 53 54
171.150000 53 54
171.220000 0 0
171.290000 46 59
171.360000 46 59
171.430000 0 0
171.500000 58 54
171.570000 58 54
171.640000 58 54
171.710000 58 54
171.780000 0 0
171.850000 0 0
171.920000 58 34
171.990000 0 0
172.060000 0 0
172.130000 46 41
172.200000 0 0
172.270000 58 37
172.340000 58 37
172.410000 0 0
172.480000 58 37
172.550000 58 37
172.620000 0 0
172.690000 58 37
172.760000 58 37
172.830000 0 0
172.900000 46 41
172.970000 0 0
173.040000 0 0
173.110000 58 37
173.180000 58 37
173.250000 0 0
173.320000 58 37
173.390000 58 37
173.460000 0 0
173.530000 58 37
173.600000 58 37
173.670000 0 0
173.740000 41 41
173.810000 0 0
173.880000 0 0
173.950000 53 37
174.020000 53 37
174.090000 0 0
174.160000 53 37
174.230000 53 37
174.300000 0 0
174.370000 53 37
174.440000 53 37
174.510000 0 0
174.580000 46 41
174.650000 46 41
174.720000 0 0
174.790000 58 37
174.860000 58 37
174.930000 0 0
175.000000 58 37
175.070000 58 37
175.140000 0 0
175.210000 0 0
175.280000 0 0
175.350000 0 0
175.420000 0 0
175.490000 0 0
175.560000 0 0
175.630000 0 0
175.700000 0 0
175.770000 0 0
175.840000 55 55
175.910000 55 55
175.980000 55 55
176.050000 55 55
176.120000 55 55
176.190000 55 55
176.260000 55 55
176.330000 55 55
176.400000 0 0
176.470000 57 50
176.540000 58 50
176.610000 0 0
176.680000 60 55
176.750000 60 55
176.820000 0 0
176.890000 58 50
176.960000 58 50
177.030000 58 50
177.100000 58 50
177.170000 58 50
177.240000 0 0
177.310000 57 55
177.380000 57 55
177.450000 0 0
177.520000 0 0
177.590000 0 0
177.660000 41 46
177.730000 41 46
177.800000 41 46
177.870000 42 48
177.940000 42 48
178.010000 0 0
178.080000 43 49
178.150000 43 49
178.220000 0 0
178.290000 44 51
178.360000 44 51
178.430000 0 0
178.500000 45 52
178.570000 45 52
178.640000 0 0
178.710000 46 55
178.780000 46 55
178.850000 46 55
178.920000 58 50
178.990000 0 0
179.060000 0 0
179.130000 60 50
179.200000 0 0
179.270000 0 0
179.340000 62 49
179.410000 0 0
179.480000 0 0
179.550000 63 48
179.620000 0 0
179.690000 0 0
179.760000 63 48
179.830000 0 0
179.900000 0 0
179.970000 65 46
180.040000 0 0
180.110000 66 45
180.180000 0 0
180.250000 0 0
180.320000 65 49
180.390000 65 49
180.460000 65 49
180.530000 65 49
180.600000 65 49
180.670000 0 0
180.740000 65 49
180.810000 65 49
180.880000 65 49
180.950000 65 49
181.020000 65 49
181.090000 0 0
181.160000 66 52
181.230000 66 52
181.300000 66 52
181.370000 66 52
181.440000 66 52
181.510000 0 0
181.580000 67 49
181.650000 67 49
181.720000 0 0
181.790000 43 49
181.860000 43 49
181.930000 0 0
182.000000 58 44
182.070000 0 0
182.140000 0 0
182.210000 58 34
182.280000 0 0
182.350000 0 0
182.420000 58 34
182.490000 0 0
182.560000 0 0
182.630000 58 34
182.700000 0 0
182.770000 0 0
182.840000 52 39
182.910000 0 0
182.980000 0 0
183.050000 52 35
183.120000 0 0
183.190000 0 0
183.260000 52 35
183.330000 0 0
183.400000 0 0
183.470000 52 35
183.540000 0 0
183.610000 0 0
183.680000 54 44
183.750000 0 0
183.820000 54 35
183.890000 0 0
183.960000 0 0
184.030000 54 35
184.100000 0 0
184.170000 0 0
184.240000 54 35
184.310000 0 0
184.380000 0 0
184.450000 45 44
184.520000 0 0
184.590000 0 0
184.660000 45 36
184.730000 0 0
184.800000 0 0
184.870000 45 36
184.940000 0 0
185.010000 0 0
185.080000 45 36
185.150000 0 0
185.220000 0 0
185.290000 46 48
185.360000 0 0
185.430000 0 0
185.500000 58 49
185.570000 0 0
185.640000 0 0
185.710000 57 51
185.780000 0 0
185.850000 0 0
185.920000 56 55
185.990000 0 0
186.060000 0 0
186.130000 55 57
186.200000 0 0
186.270000 0 0
186.340000 54 59
186.410000 0 0
186.480000 0 0
186.550000 53 62
186.620000 0 0
186.690000 0 0
186.760000 50 64
186.830000 0 0
186.900000 0 0
186.970000 51 67
187.040000 51 67
187.110000 51 67
187.180000 51 67
187.250000 0 0
187.320000 0 0
187.390000 40 58
187.460000 40 58
187.530000 40 58
187.600000 40 58
187.670000 40 58
187.740000 40 58
187.810000 0 0
187.880000 0 0
187.950000 0 0
188.020000 0 0
188.090000 0 0
188.160000 0 0
188.230000 0 0
188.300000 0 0
188.370000 0 0
188.440000 0 0
188.510000 0 0
188.580000 0 0
188.650000 0 0
188.720000 53 56
188.790000 53 56
188.860000 53 56
188.930000 62 47
189.000000 62 47
189.070000 62 47
189.140000 58 47
189.210000 58 47
189.280000 0 0
189.350000 62 47
189.420000 62 47
189.490000 0 0
189.560000 53 52
189.630000 53 52
189.700000 0 0
189.770000 62 44
189.840000 62 44
189.910000 0 0
189.980000 58 44
190.050000 58 44
190.120000 0 0
190.190000 62 44
190.260000 62 44
190.330000 0 0
190.400000 53 49
190.470000 53 49
190.540000 53 49
190.610000 63 27
190.680000 63 27
190.750000 63 27
190.820000 60 34
190.890000 60 34
190.960000 60 34
191.030000 63 34
191.100000 63 34
191.170000 63 34
191.240000 53 41
191.310000 53 41
191.380000 53 41
191.450000 63 34
191.520000 63 34
191.590000 63 34
191.660000 60 35
191.730000 60 35
191.800000 60 35
191.870000 63 35
191.940000 63 35
192.010000 63 35
192.080000 0 0
192.150000 46 38
192.220000 46 38
192.290000 0 0
192.360000 58 31
192.430000 58 31
192.500000 0 0
192.570000 58 31
192.640000 58 31
192.710000 0 0
192.780000 58 31
192.850000 58 31
192.920000 0 0
192.990000 58 38
193.060000 58 38
193.130000 58 38
193.200000 58 38
193.270000 58 38
193.340000 58 38
193.410000 0 0
193.480000 0 0
193.550000 0 0
193.620000 0 0
193.690000 0 0
193.760000 0 0
193.830000 0 0
193.900000 46 35
193.970000 46 35
194.040000 0 0
194.110000 58 31
194.180000 58 31
194.250000 0 0
194.320000 58 31
194.390000 58 31
194.460000 0 0
194.530000 58 31
194.600000 58 31
194.670000 0 0
194.740000 58 35
194.810000 58 35
194.880000 58 35
194.950000 58 35
195.020000 58 35
195.090000 58 35
195.160000 0 0
195.230000 0 0
195.300000 0 0
195.370000 0 0
195.440000 0 0
195.510000 0 0
195.580000 0 0
195.650000 46 35
195.720000 46 35
195.790000 0 0
195.860000 58 30
195.930000 58 30
196.000000 0 0
196.070000 58 30
196.140000 58 30
196.210000 0 0
196.280000 58 30
196.350000 58 30
196.420000 0 0
196.490000 58 35
196.560000 58 35
196.630000 58 35
196.700000 58 35
196.770000 58 35
196.840000 58 35
196.910000 0 0
196.980000 0 0
197.050000 0 0
197.120000 0 0
197.190000 0 0
197.260000 0 0
197.330000 41 40
197.400000 41 40
197.470000 0 0
197.540000 0 0
197.610000 53 35
197.680000 53 35
197.750000 0 0
197.820000 53 35
197.890000 53 35
197.960000 0 0
198.030000 53 35
198.100000 53 35
198.170000 0 0
198.240000 53 38
198.310000 53 38
198.380000 53 38
198.450000 53 38
198.520000 53 38
198.590000 53 38
198.660000 0 0
198.730000 0 0
198.800000 0 0
198.870000 0 0
198.940000 0 0
199.010000 0 0
199.080000 46 47
199.150000 46 47
199.220000 46 47
199.290000 0 0
199.360000 0 0
199.430000 0 0
199.500000 0 0
199.570000 58 49
199.640000 58 49
199.710000 58 49
199.780000 0 0
199.850000 0 0
199.920000 0 0
199.990000 0 0
200.060000 46 49
200.130000 46 49
200.200000 46 49
