"alb_esp3"

#  Piano right
0.12605 71 58
0.12605 0 0
0.12605 75 55
0.12605 0 0
0.12295 78 55
0.12295 0 0
0.08366 76 59
0.08366 78 55
0.08366 76 55
0.12380 72 59
0.12380 0 0
0.12959 81 55
0.12959 0 0
0.12605 71 58
0.12605 0 0
0.12605 75 55
0.12605 0 0
0.12605 78 55
0.12605 0 0
0.08403 76 59
0.08403 78 55
0.08403 76 55
0.12492 72 59
0.12492 0 0
0.12839 81 53
0.12839 0 0
0.12605 71 58
0.12605 0 0
0.12605 75 55
0.12605 0 0
0.12605 78 55
0.12605 0 0
0.08403 76 59
0.08403 78 55
0.08403 76 55
0.12436 72 59
0.12436 0 0
0.12959 81 55
0.12959 0 0
0.12605 71 58
0.12605 0 0
0.12605 75 55
0.12605 0 0
0.12605 78 55
0.12605 0 0
0.08403 76 59
0.08403 78 55
0.08403 76 55
0.12779 72 59
0.12779 0 0
0.12959 81 55
0.12959 0 0
0.12605 71 58
0.12605 0 0
0.12605 75 55
0.12605 0 0
0.12820 78 55
0.13175 0 0
0.08403 76 59
0.08403 78 55
0.08403 76 55
0.12605 72 59
0.12605 0 0
0.12959 81 55
0.12959 0 0
0.12605 71 58
0.12605 0 0
0.12605 75 55
0.12605 0 0
0.12605 78 55
0.12605 0 0
0.08403 76 59
0.08403 78 55
0.08403 76 55
0.12492 72 59
0.12492 0 0
0.12959 81 55
0.12959 0 0
0.12605 71 58
0.12605 0 0
0.12605 75 55
0.12605 0 0
0.12605 78 55
0.12605 0 0
0.12605 72 63
0.12605 0 0
0.12605 79 58
0.12605 0 0
0.12779 84 59
0.12779 0 0
0.12605 78 71
0.12605 0 0
0.12605 83 61
0.12605 0 0
0.12605 90 63
0.12605 0 0
0.25540 88 74
0.25858 93 75
0.26194 100 80
0.26316 102 88
0.29612 95 74
0.32898 87 67
0.12712 75 72
0.12712 0 0
0.12295 78 71
0.12295 0 0
0.08368 76 77
0.08368 78 70
0.08368 76 69
0.12436 72 77
0.12436 0 0
0.12959 81 71
0.12959 0 0
0.13461 71 79
0.13461 0 0
0.12605 75 72
0.12605 0 0
0.12346 78 71
0.12346 0 0
0.08368 76 77
0.08368 78 70
0.08368 76 69
0.12436 72 77
0.12436 0 0
0.12959 81 71
0.12959 0 0
0.24872 78 74
0.24872 83 74
0.25558 77 67
0.25558 80 67
0.24983 76 71
0.24983 81 71
0.25443 75 67
0.25443 78 67
0.25210 79 70
0.25210 74 70
0.25678 74 58
0.25678 72 58
0.12346 74 69
0.12346 71 69
0.12346 0 0
0.12552 67 63
0.12552 0 0
0.12552 71 60
0.12552 0 0
0.06190 69 63
0.06190 0 0
0.06190 69 58
0.06190 0 0
0.12380 76 64
0.12380 0 0
0.12605 81 59
0.12605 76 59
0.13235 0 0
0.12605 71 58
0.12605 0 0
0.12605 75 55
0.12605 0 0
0.12605 78 55
0.12605 0 0
0.08403 76 59
0.08403 78 55
0.08403 76 55
0.12436 72 59
0.12436 0 0
0.12959 81 55
0.12959 0 0
0.12605 71 58
0.12605 0 0
0.12605 75 55
0.12605 0 0
0.12605 78 55
0.12605 0 0
0.08403 76 59
0.08403 78 55
0.08403 76 55
0.12779 72 59
0.12809 0 0
0.12959 81 55
0.12959 0 0
0.12605 71 58
0.12605 0 0
0.12605 75 55
0.12605 0 0
0.12820 78 55
0.13175 0 0
0.08403 76 59
0.08403 78 55
0.08403 76 55
0.12605 72 59
0.12605 0 0
0.12959 81 55
0.12959 0 0
0.12605 71 58
0.12605 0 0
0.12605 75 55
0.12605 0 0
0.12605 78 55
0.12605 0 0
0.08403 76 59
0.08403 78 55
0.08403 76 55
0.12492 72 59
0.12492 0 0
0.12959 81 55
0.12959 0 0
0.12605 71 58
0.12605 0 0
0.12605 75 55
0.12605 0 0
0.12605 78 55
0.12605 0 0
0.12605 72 63
0.12605 0 0
0.12605 79 58
0.12605 0 0
0.12779 84 59
0.12779 0 0
0.12605 78 71
0.12605 0 0
0.12605 83 61
0.12605 0 0
0.12605 90 63
0.12605 0 0
0.25540 88 74
0.25858 93 75
0.26194 100 80
0.25974 102 88
0.29270 95 74
0.32556 87 67
0.12766 75 72
0.12766 0 0
0.12605 78 71
0.12605 0 0
0.08403 76 77
0.08403 78 70
0.08403 76 69
0.12436 72 77
0.12436 0 0
0.12959 81 71
0.12959 0 0
0.13461 71 79
0.13461 0 0
0.12605 75 72
0.12605 0 0
0.12605 78 71
0.12605 0 0
0.08403 76 77
0.08403 78 70
0.08403 76 69
0.12436 72 77
0.12436 0 0
0.12959 81 71
0.39882 0 0
0.12605 75 75
0.12605 0 0
0.12605 78 74
0.12605 0 0
0.08403 84 72
0.08403 86 66
0.08403 84 66
0.12436 81 73
0.12436 0 0
0.12959 84 67
0.76000 76 56
0.26923 0 0
0.12605 75 75
0.12605 0 0
0.12605 78 74
0.12605 0 0
0.08403 84 72
0.08403 86 66
0.08403 84 66
0.12436 81 73
0.12436 0 0
0.12959 84 67
0.76000 76 56
0.24871 0 0
0.25558 80 67
0.25558 77 67
0.24983 76 71
0.24983 81 71
0.25443 78 67
0.25443 75 67
0.25210 79 70
0.25210 74 70
0.25678 74 58
0.25678 72 58
0.12839 74 71
0.12839 71 71
0.12839 0 0
0.12839 67 64
0.12839 0 0
0.12839 71 62
0.12839 0 0
0.06190 69 64
0.06190 0 0
0.06190 69 60
0.06190 0 0
0.12380 76 66
0.12380 0 0
0.13020 81 61
0.13020 76 61
0.13020 0 0
0.13728 83 61
0.13565 85 62
0.13397 87 64
0.13232 88 66
0.13141 90 68
0.13141 91 69
0.27022 93 71
0.08683 91 70
0.08683 93 66
0.08683 91 66
0.13386 90 71
0.13772 88 66
0.13739 90 69
0.13848 91 58
0.13982 90 62
0.14120 86 60
0.28355 83 58
0.13739 84 58
0.13598 86 60
0.13459 88 61
0.13314 90 63
0.13181 91 66
0.13513 88 68
0.13252 86 70
0.13376 88 69
0.13501 86 64
0.14088 83 60
0.13576 79 59
0.13387 81 63
0.13201 83 68
0.13161 86 67
0.13241 84 66
0.13304 83 64
0.13365 84 62
0.14339 88 61
0.09007 0 0
0.08987 83 53
0.08987 75 45
0.08966 71 53
0.08924 0 0
0.08904 83 53
0.08904 75 45
0.08873 71 53
0.09137 0 0
0.09137 83 53
0.09137 75 45
0.09137 71 53
0.08951 0 0
0.08924 81 53
0.08924 76 45
0.08924 72 53
0.08883 0 0
0.08883 81 53
0.08883 76 45
0.08862 72 53
0.09094 0 0
0.09094 81 53
0.09094 76 45
0.09094 72 53
0.09592 0 0
0.09446 83 53
0.09446 75 45
0.09007 71 53
0.08997 0 0
0.08966 75 45
0.08966 83 53
0.08956 71 53
0.09137 0 0
0.09137 75 45
0.09137 83 53
0.09137 71 53
0.08966 0 0
0.08966 76 45
0.08966 81 53
0.08924 72 53
0.08914 0 0
0.08883 81 53
0.08883 76 45
0.08862 72 53
0.09094 0 0
0.09094 81 53
0.09094 76 45
0.09094 72 53
0.09358 0 0
0.09281 83 53
0.09281 75 45
0.08966 71 52
0.08934 0 0
0.08893 75 45
0.08893 83 53
0.08852 71 55
0.08821 0 0
0.08883 83 57
0.08883 75 46
0.08972 71 56
0.09270 0 0
0.09183 75 48
0.09183 83 57
0.08904 71 56
0.08852 0 0
0.08790 75 46
0.08790 83 53
0.08770 71 53
0.08841 0 0
0.08945 83 51
0.08945 75 44
0.09040 71 49
0.09452 0 0
0.09273 83 49
0.09273 75 41
0.09083 71 48
0.09040 0 0
0.08997 83 47
0.08997 75 39
0.08956 71 46
0.09116 0 0
0.09212 75 39
0.09212 83 46
0.09309 71 45
0.09399 0 0
0.09382 83 44
0.09382 75 37
0.09439 71 44
0.09548 0 0
0.09651 75 36
0.09651 83 42
0.09775 71 42
0.09885 0 0
0.10005 83 41
0.10005 75 35
0.15461 71 40
0.00396 0 0
1.07143 87 41
1.07143 90 41
1.07143 99 41
0.40541 0 0
0.41667 71 58
2.02703 76 62
0.41379 74 56
1.20000 76 63
0.39216 74 55
1.23288 76 61
0.12739 74 56
0.12739 76 53
0.12739 74 50
0.83333 71 44
0.28846 0 0
0.28846 59 39
0.26549 62 39
0.26549 67 39
0.26549 71 41
0.26549 74 40
0.26549 79 37
0.26549 83 37
0.27028 86 41
0.28039 91 39
0.29036 95 39
0.30105 98 39
0.78947 0 0
0.44118 71 45
1.21622 76 49
0.39216 74 46
1.21622 76 52
0.39474 74 51
0.41958 76 56
0.43478 74 53
0.17544 76 56
0.18634 78 52
0.19481 76 55
0.21583 74 51
1.62162 72 47
0.28846 0 0
0.28846 52 39
0.26549 55 39
0.26549 60 39
0.26549 64 41
0.26549 67 40
0.26549 72 37
0.26549 76 37
0.27028 79 41
0.28039 84 39
0.29036 88 39
0.30105 100 39
0.78947 0 0
0.44118 72 50
2.02703 76 55
0.39216 74 55
0.76433 76 58
0.39735 78 60
0.41096 79 62
0.14458 76 62
0.14624 78 57
0.15295 76 60
0.16040 74 56
0.16893 72 52
1.62162 71 49
0.28846 0 0
0.28846 59 39
0.26549 62 39
0.26549 67 39
0.26549 71 41
0.26549 74 40
0.26549 79 37
0.26549 83 37
0.27028 86 41
0.28039 91 39
0.29036 95 39
0.30105 98 39
0.78947 0 0
0.44118 71 55
2.02703 74 60
0.39474 72 56
0.76923 71 55
0.39735 69 53
0.38217 71 53
0.18182 72 58
0.18182 74 51
0.18987 72 56
0.21127 71 48
1.62162 69 46
0.28846 0 0
0.28846 50 39
0.26549 54 39
0.26549 60 39
0.26549 62 41
0.26549 66 40
0.26549 72 37
0.26549 74 37
0.27028 78 41
0.28039 84 39
0.29036 86 39
0.30105 90 39
0.30612 0 0
0.21429 72 52
0.21429 74 55
0.21429 76 58
0.12903 78 62
0.12903 79 49
0.12903 78 49
0.19737 76 60
0.20833 74 50
0.12987 76 61
0.12987 78 49
0.12987 76 48
0.20408 74 57
0.21429 72 52
0.21662 74 52
0.22418 76 49
0.23228 74 51
0.23810 72 45
1.77778 71 40
0.28846 0 0
0.28846 59 39
0.26549 62 39
0.26549 67 39
0.26549 71 41
0.26549 74 40
0.26549 79 37
0.26549 83 37
0.27028 86 41
0.28039 91 39
0.29036 95 39
0.30105 98 39
1.22449 71 55
2.44898 76 60
1.10664 0 0
0.27273 64 47
0.27273 66 39
0.27273 69 39
0.27273 72 39
1.12913 0 0
1.45146 88 50
0.98361 74 57
0.46875 76 61
0.46875 74 59
0.48387 72 56
0.50847 71 52
0.15938 72 55
0.16462 74 57
0.16667 72 57
0.16667 71 56
0.16667 69 55
0.16667 67 53
0.13938 66 56
0.14451 67 56
0.15010 66 55
0.15284 64 51
0.15444 62 51
0.15649 60 47
0.16908 62 47
0.15425 63 49
0.15244 64 51
0.15090 66 52
0.15534 69 55
0.16234 67 55
0.16234 66 53
0.15812 64 52
0.16517 63 49
0.19383 64 50
0.43846 60 45
0.12840 71 58
0.12840 0 0
0.12840 75 55
0.12840 0 0
0.12607 78 55
0.12607 0 0
0.08405 76 59
0.08405 78 55
0.08405 76 55
0.12059 72 59
0.12059 0 0
0.12960 81 55
0.12960 0 0
0.12607 71 58
0.12607 0 0
0.12607 75 55
0.12607 0 0
0.12607 78 55
0.12607 0 0
0.08405 76 59
0.08405 78 55
0.08405 76 55
0.12494 72 59
0.12494 0 0
0.12840 81 53
0.12840 0 0
0.12607 71 58
0.12607 0 0
0.12607 75 55
0.12607 0 0
0.12607 78 55
0.12607 0 0
0.08405 76 59
0.08405 78 55
0.08405 76 55
0.12437 72 59
0.12437 0 0
0.12960 81 55
0.12960 0 0
0.12607 71 58
0.12607 0 0
0.12607 75 55
0.12607 0 0
0.12607 78 55
0.12607 0 0
0.08405 76 59
0.08405 78 55
0.08405 76 55
0.12781 72 59
0.12781 0 0
0.12960 81 55
0.12960 0 0
0.12607 71 58
0.12607 0 0
0.12607 75 55
0.12607 0 0
0.12821 78 55
0.13177 0 0
0.08405 76 59
0.08405 78 55
0.08405 76 55
0.12607 72 59
0.12607 0 0
0.12960 81 55
0.12960 0 0
0.12607 71 58
0.12607 0 0
0.12607 75 55
0.12607 0 0
0.12607 78 55
0.12607 0 0
0.08405 76 59
0.08405 78 55
0.08405 76 55
0.12494 72 59
0.12494 0 0
0.12960 81 55
0.12960 0 0
0.12607 71 58
0.12607 0 0
0.12607 75 55
0.12607 0 0
0.12607 78 55
0.12607 0 0
0.12607 72 63
0.12607 0 0
0.12607 79 58
0.12607 0 0
0.12781 84 59
0.12781 0 0
0.12607 78 71
0.12607 0 0
0.12607 83 61
0.12607 0 0
0.12607 90 63
0.12607 0 0
0.25543 88 74
0.25860 93 75
0.26196 100 80
0.26928 102 88
0.30224 95 74
0.33510 87 67
0.12607 75 72
0.12607 0 0
0.12607 78 71
0.12607 0 0
0.08405 76 77
0.08405 78 70
0.08405 76 69
0.12437 72 77
0.12437 0 0
0.12960 81 71
0.12960 0 0
0.13464 71 79
0.13464 0 0
0.12607 75 72
0.12607 0 0
0.12607 78 71
0.12607 0 0
0.08405 76 77
0.08405 78 70
0.08405 76 69
0.12437 72 77
0.12437 0 0
0.12960 81 71
0.12960 0 0
0.24874 83 74
0.24874 78 74
0.25562 80 67
0.25562 77 67
0.24988 81 71
0.24988 76 71
0.25445 78 67
0.25445 75 67
0.25214 79 70
0.25214 74 70
0.25681 72 58
0.25681 74 58
0.12607 74 69
0.12607 71 69
0.12607 0 0
0.12607 67 63
0.12607 0 0
0.12607 71 60
0.12607 0 0
0.06191 69 63
0.06191 0 0
0.06191 69 58
0.06191 0 0
0.12381 76 64
0.12381 0 0
0.12607 76 59
0.12607 81 59
0.13237 0 0
0.12607 71 58
0.12607 0 0
0.12607 75 55
0.12607 0 0
0.12607 78 55
0.12607 0 0
0.08405 76 59
0.08405 78 55
0.08405 76 55
0.12437 72 59
0.12437 0 0
0.12960 81 55
0.12960 0 0
0.12607 71 58
0.12607 0 0
0.12607 75 55
0.12607 0 0
0.12607 78 55
0.12607 0 0
0.08405 76 59
0.08405 78 55
0.08405 76 55
0.12781 72 59
0.12811 0 0
0.12960 81 55
0.12960 0 0
0.12607 71 58
0.12607 0 0
0.12607 75 55
0.12607 0 0
0.12821 78 55
0.13177 0 0
0.08405 76 59
0.08405 78 55
0.08405 76 55
0.12607 72 59
0.12607 0 0
0.12960 81 55
0.12960 0 0
0.12607 71 58
0.12607 0 0
0.12607 75 55
0.12607 0 0
0.12607 78 55
0.12607 0 0
0.08405 76 59
0.08405 78 55
0.08405 76 55
0.12494 72 59
0.12494 0 0
0.12960 81 55
0.12960 0 0
0.12607 71 58
0.12607 0 0
0.12607 75 55
0.12607 0 0
0.12607 78 55
0.12607 0 0
0.12607 72 63
0.12607 0 0
0.12607 79 58
0.12607 0 0
0.12781 84 59
0.12781 0 0
0.12607 78 71
0.12607 0 0
0.12607 83 61
0.12607 0 0
0.12607 90 63
0.12607 0 0
0.25543 88 74
0.25860 93 75
0.26196 100 80
0.26928 102 88
0.30224 95 74
0.33510 87 67
0.12821 75 72
0.12821 0 0
0.12605 78 71
0.12605 0 0
0.08403 76 77
0.08403 78 70
0.08403 76 69
0.12437 72 77
0.12437 0 0
0.12960 81 71
0.12960 0 0
0.13464 71 79
0.13464 0 0
0.12607 75 72
0.12607 0 0
0.12607 78 71
0.12607 0 0
0.08405 76 77
0.08405 78 70
0.08405 76 69
0.12437 72 77
0.12437 0 0
0.12960 81 71
0.39888 0 0
0.12607 75 75
0.12607 0 0
0.12607 78 74
0.12607 0 0
0.08405 84 72
0.08405 86 66
0.08405 84 66
0.12437 81 73
0.12437 0 0
0.12960 84 67
0.76008 76 56
0.26928 0 0
0.12607 75 75
0.12607 0 0
0.12607 78 74
0.12607 0 0
0.08405 84 72
0.08405 86 66
0.08405 84 66
0.12437 81 73
0.12437 0 0
0.12960 84 67
0.76008 76 56
0.24874 0 0
0.25562 80 67
0.25562 77 67
0.24988 76 71
0.24988 81 71
0.25445 78 67
0.25445 75 67
0.25214 79 70
0.25214 74 70
0.25681 72 58
0.25681 74 58
0.12840 71 71
0.12840 74 71
0.12840 0 0
0.12840 67 64
0.12840 0 0
0.12840 71 62
0.12840 0 0
0.06191 69 64
0.06191 0 0
0.06191 69 60
0.06191 0 0
0.12381 76 66
0.12381 0 0
0.13021 76 61
0.13021 81 61
0.13021 0 0
0.13744 83 61
0.13581 85 62
0.13413 87 64
0.13247 88 66
0.13156 90 68
0.13156 91 69
0.27056 93 71
0.08693 91 70
0.08693 93 66
0.08693 91 66
0.13402 90 71
0.13788 88 66
0.13755 90 69
0.13866 91 58
0.13999 90 62
0.14137 86 60
0.28390 83 58
0.13755 84 58
0.13613 86 60
0.13476 88 61
0.13330 90 63
0.13196 91 66
0.13529 88 68
0.13268 86 70
0.13392 88 69
0.13518 86 64
0.14105 83 60
0.13592 79 59
0.13403 81 63
0.13216 83 68
0.13176 86 67
0.13257 84 66
0.13320 83 64
0.13382 84 62
0.14355 88 61
0.09019 0 0
0.08998 83 53
0.08998 75 45
0.08977 71 53
0.08935 0 0
0.08914 75 45
0.08914 83 53
0.08883 71 53
0.09148 0 0
0.09148 83 53
0.09148 75 45
0.09148 71 53
0.08962 0 0
0.08935 81 53
0.08935 76 45
0.08935 72 53
0.08894 0 0
0.08894 76 45
0.08894 81 53
0.08873 72 53
0.09104 0 0
0.09104 81 53
0.09104 76 45
0.09104 72 53
0.09603 0 0
0.09457 75 45
0.09457 83 53
0.09019 71 53
0.09008 0 0
0.08977 83 53
0.08977 75 45
0.08966 71 53
0.09148 0 0
0.09148 83 53
0.09148 75 45
0.09148 71 53
0.08977 0 0
0.08977 76 45
0.08977 81 53
0.08935 72 53
0.08925 0 0
0.08894 76 45
0.08894 81 53
0.08873 72 53
0.09104 0 0
0.09104 76 45
0.09104 81 53
0.09104 72 53
0.09369 0 0
0.09292 83 53
0.09292 75 45
0.08977 71 52
0.08945 0 0
0.08904 83 53
0.08904 75 45
0.08862 71 55
0.08831 0 0
0.08894 83 57
0.08894 75 46
0.08983 71 56
0.09281 0 0
0.09194 83 57
0.09194 75 48
0.08914 71 56
0.08862 0 0
0.08801 75 46
0.08801 83 53
0.08780 71 53
0.08852 0 0
0.08956 83 51
0.08956 75 44
0.09051 71 49
0.09463 0 0
0.09284 75 41
0.09284 83 49
0.09093 71 48
0.09051 0 0
0.09008 75 39
0.09008 83 47
0.08966 71 46
0.09126 0 0
0.09223 83 46
0.09223 75 39
0.09321 71 45
0.09410 0 0
0.09393 83 44
0.09393 75 37
0.09450 71 44
0.09559 0 0
0.09663 75 36
0.09663 83 42
0.09786 71 42
0.09896 0 0
0.10017 75 35
0.10017 83 41
0.15484 71 40
0.00397 0 0
1.47466 99 41
1.47466 87 41
1.47466 90 41
0.92531 71 46
1.23711 69 49
0.20870 67 47
0.05217 0 0
0.20870 69 45
0.05217 0 0
0.22018 71 46
0.05505 0 0
0.23529 72 45
0.05882 0 0
1.10092 71 45
1.10092 63 37
2.52632 75 36
2.52632 78 36
2.52632 87 44
#  Piano left
0.12605 59 49
0.12605 0 0
0.12605 63 46
0.12605 0 0
0.12295 66 46
0.12295 0 0
0.08366 64 49
0.08366 66 46
0.08366 64 46
0.12380 60 49
0.12380 0 0
0.12959 69 46
0.12959 0 0
0.12605 59 49
0.12605 0 0
0.12605 63 46
0.12605 0 0
0.12605 66 46
0.12605 0 0
0.08403 64 49
0.08403 66 46
0.08403 64 46
0.12492 60 49
0.12492 0 0
0.12839 69 46
0.06420 0 0
0.06420 59 49
2.52470 66 49
0.00745 0 0
0.25568 67 52
0.00756 0 0
0.25877 66 49
0.50420 69 49
0.08510 67 49
0.08660 69 45
0.08825 67 45
3.03710 66 49
0.63199 64 49
0.06390 66 51
0.06390 64 53
0.75630 62 56
0.77592 66 60
0.77592 60 60
0.26316 0 0
0.12712 69 61
0.12712 0 0
0.12295 66 61
0.12295 0 0
0.12552 67 71
0.12552 0 0
0.12436 64 64
0.12436 0 0
0.12959 67 64
0.12959 0 0
0.13461 66 69
0.13461 0 0
0.12605 69 61
0.12605 0 0
0.12346 66 61
0.12346 0 0
0.12552 67 69
0.12552 0 0
0.12436 64 64
0.12436 0 0
0.12959 67 64
3.04942 59 70
0.24872 63 62
0.25558 62 61
0.24983 61 59
0.25443 60 53
0.25210 59 56
0.25678 54 50
0.12346 55 55
0.12346 0 0
0.12552 59 50
0.12552 0 0
0.12552 55 50
0.12552 0 0
0.12380 60 61
0.12380 0 0
0.12380 66 57
0.12380 0 0
0.12605 60 57
0.06303 0 0
0.06933 59 49
2.52470 66 49
0.25588 67 52
0.25918 66 49
0.50420 69 49
0.08510 67 49
0.08660 69 45
0.08825 67 45
3.03710 66 49
0.63199 64 49
0.06389 66 51
0.06389 64 53
0.75630 62 56
0.77592 66 60
0.77592 60 60
0.25974 0 0
0.12766 69 61
0.12766 0 0
0.12605 66 61
0.12605 0 0
0.12605 67 71
0.12605 0 0
0.12436 64 64
0.12436 0 0
0.12959 67 64
0.12959 0 0
0.13461 66 69
0.13461 0 0
0.12605 69 61
0.12605 0 0
0.12605 66 61
0.12605 0 0
0.12605 67 69
0.12605 0 0
0.12436 64 64
0.12436 0 0
0.12959 67 64
2.97419 59 70
0.02160 0 0
0.06479 59 62
0.77343 71 82
0.25210 69 61
0.24872 66 56
0.25918 69 55
0.77343 71 82
0.25210 69 61
0.24871 66 56
0.25918 69 55
0.24871 71 62
0.25558 74 61
0.24983 73 59
0.25443 72 53
0.25210 71 56
0.25678 66 50
0.12839 55 57
0.12839 0 0
0.12839 59 51
0.12839 0 0
0.12839 55 51
0.12839 0 0
0.12380 60 62
0.12380 0 0
0.12380 66 59
0.12380 0 0
0.13020 60 59
0.13020 0 0
0.13728 59 48
0.13565 61 49
0.13397 63 51
0.13232 64 52
0.13141 66 53
0.13141 67 55
0.27022 69 57
0.08683 67 56
0.08683 69 52
0.08683 67 52
0.13386 66 57
0.13772 64 52
0.13739 66 55
0.13848 67 46
0.13982 66 49
0.14120 62 48
0.28355 59 46
0.13739 60 46
0.13598 62 48
0.13459 64 48
0.13314 66 50
0.13181 67 52
0.13513 64 53
0.13252 62 56
0.13376 64 55
0.13501 62 51
0.14088 59 48
0.13576 55 47
0.13387 57 50
0.13201 59 53
0.13161 62 52
0.13241 60 52
0.13304 59 51
0.13365 60 49
0.14339 64 48
0.13511 59 59
0.13449 0 0
0.13386 66 53
0.13314 0 0
0.06853 75 66
0.20559 0 0
0.13413 59 57
0.13386 0 0
0.13325 66 53
0.13304 0 0
0.06821 76 53
0.20462 0 0
0.14388 59 59
0.13657 0 0
0.13480 66 53
0.13439 0 0
0.06853 75 66
0.20559 0 0
0.13449 59 57
0.13407 0 0
0.13355 66 53
0.13304 0 0
0.06821 76 53
0.20462 0 0
0.14037 59 59
0.13568 0 0
0.13386 66 55
0.13293 0 0
0.06610 75 68
0.20066 0 0
0.13904 78 64
0.13452 0 0
0.06641 75 55
0.19771 0 0
0.13303 78 53
0.13523 0 0
0.07089 75 55
0.20719 0 0
0.13543 78 47
0.13449 0 0
0.06831 75 47
0.20805 0 0
0.14102 78 50
0.14118 0 0
0.07150 75 42
0.21825 0 0
0.14874 78 42
0.20873 0 0
1.07143 71 37
1.07143 78 37
1.07143 83 37
7.30343 0 0
0.28846 43 32
0.28846 50 29
0.26549 55 29
0.26549 59 29
0.26549 62 32
0.26549 67 27
0.26549 71 27
0.26549 74 27
0.27028 79 30
0.28039 83 27
0.29036 86 27
0.30105 91 27
7.69837 0 0
0.28846 36 32
0.28846 43 29
0.26549 48 29
0.26549 52 29
0.26549 55 32
0.26549 60 27
0.26549 64 27
0.26549 67 27
0.27028 72 30
0.28039 76 27
0.29036 79 27
0.30105 84 27
7.61720 0 0
0.28846 43 32
0.28846 50 29
0.26549 55 29
0.26549 59 29
0.26549 62 32
0.26549 67 27
0.26549 71 27
0.26549 74 27
0.27028 79 30
0.28039 83 27
0.29036 86 27
0.30105 91 27
7.58756 0 0
0.28846 38 32
0.28846 45 29
0.26549 50 29
0.26549 54 29
0.26549 57 32
0.26549 62 27
0.26549 66 27
0.26549 69 27
0.27028 74 30
0.28039 78 27
0.29036 81 27
0.30105 84 27
5.23872 0 0
0.28846 43 32
0.28846 50 29
0.26549 55 29
0.26549 59 29
0.26549 62 32
0.26549 67 27
0.26549 71 27
0.26549 74 27
0.27028 79 30
0.28039 83 27
0.29036 86 27
0.30105 91 27
3.67347 0 0
0.28846 45 42
0.27273 54 38
0.27273 57 38
0.27273 60 38
1.09091 0 0
0.27398 76 48
0.27908 78 41
0.28527 81 42
0.29080 84 42
8.23145 0 0
0.12840 59 49
0.12840 0 0
0.12840 63 46
0.12840 0 0
0.12607 66 46
0.12607 0 0
0.08405 64 49
0.08405 66 46
0.08405 64 46
0.12059 60 49
0.12059 0 0
0.12960 69 46
0.12960 0 0
0.12607 59 49
0.12607 0 0
0.12607 63 46
0.12607 0 0
0.12607 66 46
0.12607 0 0
0.08405 64 49
0.08405 66 46
0.08405 64 46
0.12494 60 49
0.12494 0 0
0.12840 69 46
0.06420 0 0
0.06420 59 49
2.52508 66 49
0.25562 67 52
0.25920 66 49
0.50429 69 49
0.08511 67 49
0.08660 69 45
0.08826 67 45
3.03757 66 49
0.63210 64 49
0.06391 66 51
0.06391 64 53
0.75643 62 56
0.77599 66 60
0.77599 60 60
0.26928 0 0
0.12607 69 61
0.12607 0 0
0.12607 66 61
0.12607 0 0
0.12607 67 71
0.12607 0 0
0.12437 64 64
0.12437 0 0
0.12960 67 64
0.12960 0 0
0.13464 66 69
0.13464 0 0
0.12607 69 61
0.12607 0 0
0.12607 66 61
0.12607 0 0
0.12607 67 69
0.12607 0 0
0.12437 64 64
0.12437 0 0
0.12960 67 64
3.06728 59 70
0.24874 63 62
0.25562 62 61
0.24988 61 59
0.25445 60 53
0.25214 59 56
0.25681 54 50
0.12607 55 55
0.12607 0 0
0.12607 59 50
0.12607 0 0
0.12607 55 50
0.12607 0 0
0.12381 60 61
0.12381 0 0
0.12381 66 57
0.12381 0 0
0.12607 60 57
0.06304 0 0
0.06934 59 49
2.52508 66 49
0.25592 67 52
0.25920 66 49
0.50429 69 49
0.08511 67 49
0.08660 69 45
0.08826 67 45
3.03756 66 49
0.63210 64 49
0.06391 66 51
0.06391 64 53
0.75643 62 56
0.77599 66 60
0.77599 60 60
0.26928 0 0
0.12821 69 61
0.12821 0 0
0.12605 66 61
0.12605 0 0
0.12605 67 71
0.12605 0 0
0.12437 64 64
0.12437 0 0
0.12960 67 64
0.12960 0 0
0.13464 66 69
0.13464 0 0
0.12607 69 61
0.12607 0 0
0.12607 66 61
0.12607 0 0
0.12607 67 69
0.12607 0 0
0.12437 64 64
0.12437 0 0
0.12960 67 64
2.98507 59 70
0.02160 0 0
0.06480 59 62
0.77356 71 82
0.25214 69 61
0.24874 66 56
0.25920 69 55
0.77356 71 82
0.25214 69 61
0.24874 66 56
0.25920 69 55
0.24874 71 62
0.25562 74 61
0.24988 73 59
0.25445 72 53
0.25214 71 56
0.25681 66 50
0.12840 55 57
0.12840 0 0
0.12840 59 51
0.12840 0 0
0.12840 55 51
0.12840 0 0
0.12381 60 62
0.12381 0 0
0.12381 66 59
0.12381 0 0
0.13021 60 59
0.13021 0 0
0.13744 59 48
0.13581 61 49
0.13413 63 51
0.13247 64 52
0.13156 66 53
0.13156 67 55
0.27056 69 57
0.08693 67 56
0.08693 69 52
0.08693 67 52
0.13402 66 57
0.13788 64 52
0.13755 66 55
0.13866 67 46
0.13999 66 49
0.14137 62 48
0.28390 59 46
0.13755 60 46
0.13613 62 48
0.13476 64 48
0.13330 66 50
0.13196 67 52
0.13529 64 53
0.13268 62 56
0.13392 64 55
0.13518 62 51
0.14105 59 48
0.13592 55 47
0.13403 57 50
0.13216 59 53
0.13176 62 52
0.13257 60 52
0.13320 59 51
0.13382 60 49
0.14355 64 48
0.13528 59 59
0.13465 0 0
0.13402 66 53
0.13330 0 0
0.06861 75 66
0.20584 0 0
0.13430 59 57
0.13402 0 0
0.13340 66 53
0.13320 0 0
0.06828 76 53
0.20484 0 0
0.14405 59 59
0.13674 0 0
0.13497 66 53
0.13455 0 0
0.06861 75 66
0.20584 0 0
0.13465 59 57
0.13423 0 0
0.13371 66 53
0.13320 0 0
0.06828 76 53
0.20484 0 0
0.14054 59 59
0.13584 0 0
0.13403 66 55
0.13309 0 0
0.06618 75 68
0.20090 0 0
0.13921 78 64
0.13468 0 0
0.06649 75 55
0.19794 0 0
0.13319 78 53
0.13539 0 0
0.07098 75 55
0.20743 0 0
0.13560 78 47
0.13465 0 0
0.06839 75 47
0.20831 0 0
0.14118 78 50
0.14134 0 0
0.07158 75 42
0.21849 0 0
0.14892 78 42
0.20902 0 0
1.47053 71 37
1.47466 78 37
1.47466 83 37
0.18409 48 49
0.18171 54 44
0.17932 60 40
0.18649 64 44
0.19370 66 47
2.32820 0 0
1.10092 54 32
1.10092 47 27
2.52632 71 32
2.52632 66 27
2.52632 59 27
