"alb_esp6"

#  Piano right
2.10526 0 0
0.53333 68 58
0.53333 65 49
0.26316 69 60
0.26316 66 50
0.39474 69 56
0.39474 66 47
0.13158 73 52
0.13158 64 44
0.39769 71 56
0.39769 63 47
0.13453 63 42
0.13453 67 51
0.26316 68 56
0.26316 64 47
0.39474 71 58
0.39474 68 49
0.13158 76 48
0.13158 80 58
0.39649 75 46
0.39649 78 55
0.13333 73 44
0.13333 76 52
0.08889 71 47
0.08889 75 56
0.08889 73 40
0.08889 76 48
0.08889 71 40
0.08889 75 48
0.39825 69 45
0.39825 73 53
0.13158 71 44
0.13158 75 52
0.40795 76 56
0.40795 73 47
0.13889 69 44
0.13889 73 52
0.79781 71 48
0.79781 68 40
0.53333 0 0
0.27027 77 56
0.27027 71 49
0.40193 78 55
0.40193 73 49
0.14151 80 55
0.14151 74 55
0.09259 83 50
0.39776 81 58
0.13575 80 57
0.53350 77 49
0.26316 80 60
0.39474 78 58
0.13158 77 50
0.78947 85 46
0.78947 73 46
0.40077 78 53
0.13761 69 55
0.13761 72 55
0.26316 71 57
0.39474 77 58
0.13158 78 59
0.78947 69 47
0.40534 81 61
0.14218 80 57
0.27149 78 55
0.40724 76 52
0.13575 75 50
0.27149 76 50
1.08597 83 42
1.22682 71 38
0.14084 68 58
0.14084 65 49
0.26316 69 60
0.26316 66 50
0.39474 69 56
0.39474 66 47
0.13158 73 52
0.13158 64 44
0.39769 71 56
0.39769 63 47
0.13453 63 42
0.13453 67 51
0.26316 68 56
0.26316 64 47
0.39474 71 58
0.39474 68 49
0.13158 76 50
0.13158 80 60
0.39649 75 46
0.39649 78 55
0.13333 73 44
0.13333 76 52
0.08772 71 47
0.08772 75 56
0.08772 73 40
0.08772 76 48
0.08772 71 40
0.08772 75 48
0.39474 69 45
0.39474 73 53
0.13158 71 44
0.13158 75 52
0.40795 76 56
0.40795 73 47
0.13889 69 44
0.13889 73 52
0.79781 71 48
0.79781 68 40
0.53333 0 0
0.26316 81 65
0.39474 79 61
0.13158 81 61
0.78947 76 52
0.40077 84 57
0.13761 77 50
0.53839 79 51
0.26316 80 57
0.39709 78 51
0.13393 80 51
0.79417 75 48
0.40547 83 47
0.13761 76 50
0.54309 78 44
0.27027 74 49
0.27027 77 56
0.40193 73 49
0.40193 78 55
0.14151 74 55
0.14151 80 55
0.53350 73 48
0.53350 81 58
0.26316 75 50
0.26316 78 60
0.39474 75 49
0.39474 81 58
0.13158 75 45
0.13158 80 53
0.54429 71 42
0.54429 76 55
0.26316 66 50
0.26316 69 60
0.39474 66 47
0.39474 69 56
0.13158 64 44
0.13158 73 52
0.39769 63 47
0.39769 71 56
0.13453 67 51
0.13453 63 42
0.26316 64 47
0.26316 68 56
0.39474 68 49
0.39474 71 58
0.13158 80 60
0.13158 76 50
0.39649 78 55
0.39649 75 46
0.13333 73 44
0.13333 76 52
0.08772 75 56
0.08772 71 47
0.08772 76 48
0.08772 73 40
0.08772 75 48
0.08772 71 40
0.39474 73 53
0.39474 69 45
0.13158 75 52
0.13158 71 44
0.40795 76 56
0.40795 73 47
0.13889 73 52
0.13889 69 44
0.79781 71 48
0.79781 68 40
0.53333 0 0
0.27027 71 49
0.27027 77 56
0.40193 73 49
0.40193 78 55
0.14151 74 55
0.14151 80 55
0.09259 83 50
0.39776 81 55
0.13575 80 57
0.53350 77 46
0.26316 80 60
0.39474 78 58
0.13158 77 51
0.78947 73 43
0.78947 85 46
0.40077 78 55
0.13761 69 55
0.13761 72 55
0.26316 71 57
0.39474 77 58
0.13158 78 59
0.78947 69 47
0.40534 81 62
0.14218 80 57
0.54752 75 47
0.27149 78 55
0.40724 76 52
0.13575 75 50
0.27149 76 50
1.08597 83 40
1.22682 71 39
0.14084 64 49
0.14084 68 58
0.26316 66 50
0.26316 69 60
0.39474 69 56
0.39474 66 47
0.13158 73 52
0.13158 64 44
0.39769 71 56
0.39769 63 47
0.13453 63 42
0.13453 67 51
0.26316 68 56
0.26316 64 47
0.39474 71 58
0.39474 68 49
0.13158 76 50
0.13158 80 60
0.39649 78 55
0.39649 75 46
0.13333 73 44
0.13333 76 52
0.08772 71 47
0.08772 75 56
0.08772 73 40
0.08772 76 48
0.08772 71 40
0.08772 75 48
0.39474 69 45
0.39474 73 53
0.13158 71 44
0.13158 75 52
0.40795 73 47
0.40795 76 56
0.13889 73 52
0.13889 69 44
0.79781 68 40
0.79781 71 48
0.53333 0 0
0.26316 81 67
0.39474 79 61
0.13158 81 61
0.78947 76 53
0.40077 84 53
0.13761 77 50
0.53839 79 61
0.26316 80 57
0.39709 78 51
0.13393 80 51
0.79417 75 46
0.40547 83 45
0.13761 76 50
0.54309 78 47
0.27027 77 56
0.27027 74 49
0.40193 73 49
0.40193 78 55
0.14151 74 55
0.14151 80 55
0.53350 73 49
0.53350 81 58
0.26316 75 50
0.26316 78 60
0.39474 75 49
0.39474 81 58
0.13158 75 45
0.13158 80 53
0.53839 71 42
0.53839 76 55
0.25641 0 0
0.52174 63 30
0.52174 75 37
0.52174 71 37
0.52174 66 30
0.53465 63 30
0.53465 75 37
0.53465 71 37
0.53465 66 30
0.25641 0 0
0.52174 63 30
0.52174 75 37
0.52174 71 37
0.52174 66 30
0.53459 63 30
0.53459 75 37
0.53459 71 37
0.53459 66 30
0.25862 0 0
0.52632 63 30
0.52632 75 37
0.52632 71 37
0.52632 66 30
0.54054 63 30
0.54054 75 37
0.54054 71 37
0.54054 66 30
0.25974 0 0
0.39474 62 52
0.13158 63 51
0.39769 66 56
0.13453 71 56
0.26087 78 63
0.39823 76 62
0.07009 75 59
0.03505 75 50
0.03505 78 50
0.40241 76 58
0.13575 75 55
1.33745 69 57
0.26087 72 59
0.39823 73 56
0.13274 76 59
0.79184 68 51
0.40620 80 64
0.13953 83 61
0.26087 87 70
0.26087 83 62
0.39823 85 61
0.39823 82 55
0.13274 82 60
0.13274 78 53
0.40241 80 64
0.40241 76 58
0.13575 77 56
0.13575 74 49
1.37514 78 59
1.37514 75 52
0.25862 0 0
0.52632 66 27
0.52632 78 33
0.52632 74 33
0.52632 71 27
0.54547 66 27
0.54547 78 33
0.54547 74 33
0.54547 71 27
0.25974 0 0
0.52632 66 27
0.52632 78 33
0.52632 74 33
0.52632 71 27
0.54054 66 27
0.54054 78 33
0.54054 74 33
0.54054 71 27
0.25862 0 0
0.53101 68 27
0.53101 78 33
0.53101 74 33
0.53101 71 27
0.41475 81 51
0.13825 79 46
0.55300 73 39
0.55300 76 39
0.79668 78 52
0.79668 74 47
0.55075 0 0
0.27523 81 67
0.27523 78 56
0.27523 72 56
0.41284 80 64
0.41284 76 54
0.41284 71 54
0.13761 79 63
0.13761 76 53
0.13761 73 53
0.41929 78 67
0.41929 74 56
0.14151 83 62
0.14151 78 52
0.27907 83 77
0.27907 77 65
0.27907 71 65
0.42453 83 72
0.42453 76 60
0.42453 71 60
0.14151 83 72
0.14151 73 60
0.14151 71 60
0.56604 83 73
0.56604 74 61
0.56604 71 61
0.27027 73 57
0.27027 71 48
0.27027 67 48
0.40193 73 55
0.40193 71 46
0.40193 67 46
0.14151 74 60
0.14151 71 51
0.14151 67 51
0.39775 76 62
0.13575 79 64
0.53350 71 53
0.53350 67 53
0.26316 74 62
0.26316 70 53
0.39474 73 55
0.39474 70 38
0.13158 74 50
0.13158 70 36
0.53839 71 52
0.53839 66 33
0.25641 0 0
0.52174 63 30
0.52174 75 37
0.52174 71 37
0.52174 66 30
0.53222 63 30
0.53222 75 37
0.53222 71 37
0.53222 66 30
0.25532 0 0
0.52174 63 30
0.52174 75 37
0.52174 71 37
0.52174 66 30
0.53459 63 30
0.53459 75 37
0.53459 71 37
0.53459 66 30
0.25862 0 0
0.52402 63 30
0.52402 75 37
0.52402 71 37
0.52402 66 30
0.54054 63 30
0.54054 75 37
0.54054 71 37
0.54054 66 30
0.25862 0 0
0.39301 62 52
0.13100 63 51
0.39654 66 56
0.13453 71 56
0.25862 78 63
0.39823 76 62
0.07009 75 59
0.03505 75 50
0.03505 78 50
0.40241 76 58
0.13575 75 55
1.33520 69 57
0.26087 72 59
0.39648 73 56
0.13216 76 59
0.78950 68 51
0.40620 80 64
0.13954 83 61
0.26087 87 70
0.26087 83 62
0.39823 85 61
0.39823 82 55
0.13274 82 60
0.13274 78 53
0.40241 80 64
0.40241 76 58
0.13575 77 56
0.13575 74 49
1.37398 78 59
1.37398 75 52
0.25862 0 0
0.52174 66 27
0.52174 78 33
0.52174 74 33
0.52174 71 27
0.54547 66 27
0.54547 78 33
0.54547 74 33
0.54547 71 27
0.25974 0 0
0.52402 66 27
0.52402 78 33
0.52402 74 33
0.52402 71 27
0.54054 66 27
0.54054 78 33
0.54054 74 33
0.54054 71 27
0.25862 0 0
0.52873 68 27
0.52873 78 33
0.52873 74 33
0.52873 71 27
0.41475 81 51
0.13825 79 46
0.55299 73 39
0.55299 76 39
0.79668 78 52
0.79668 74 47
0.55075 0 0
0.27523 81 67
0.27523 78 56
0.27523 72 56
0.41284 80 64
0.41284 76 54
0.41284 71 54
0.13761 79 63
0.13761 76 53
0.13761 73 53
0.41929 78 67
0.41929 74 56
0.14151 83 62
0.14151 78 52
0.27907 83 77
0.27907 77 65
0.27907 71 65
0.42453 83 72
0.42453 76 60
0.42453 71 60
0.14151 83 72
0.14151 73 60
0.14151 71 60
0.56604 83 73
0.56604 74 61
0.56604 71 61
0.27027 73 57
0.27027 71 48
0.27027 67 48
0.40193 73 55
0.40193 71 46
0.40193 67 46
0.14151 74 60
0.14151 71 51
0.14151 67 51
0.39775 76 62
0.13575 79 64
0.53350 71 53
0.53350 67 53
0.26316 74 62
0.26316 70 53
0.39474 73 55
0.39474 70 38
0.13158 74 50
0.13158 70 36
0.53839 71 52
0.53839 66 33
0.26087 69 60
0.26087 66 50
0.39474 69 56
0.39474 66 47
0.13158 73 52
0.13158 64 44
0.39769 71 56
0.39769 63 47
0.13453 63 42
0.13453 67 51
0.26087 68 56
0.26087 64 47
0.39474 71 58
0.39474 68 49
0.13158 76 48
0.13158 80 58
0.39649 78 55
0.39649 75 46
0.13333 76 52
0.13333 73 44
0.08772 75 56
0.08772 71 47
0.08772 76 48
0.08772 73 40
0.08772 75 48
0.08772 71 40
0.39245 73 53
0.39245 69 45
0.13158 75 52
0.13158 71 44
0.40795 76 56
0.40795 73 47
0.13889 73 52
0.13889 69 44
0.79781 71 48
0.79781 68 40
0.53333 0 0
0.27027 77 56
0.27027 71 49
0.40193 78 55
0.40193 73 49
0.14151 80 55
0.14151 74 55
0.09259 83 50
0.39775 81 58
0.13575 80 57
0.53350 77 49
0.25974 80 60
0.39474 78 58
0.13158 77 50
0.78606 85 46
0.78606 73 46
0.40077 78 53
0.13761 72 55
0.13761 69 55
0.26087 71 57
0.39474 77 58
0.13158 78 59
0.78719 69 47
0.40534 81 61
0.14218 80 57
0.27149 78 55
0.40724 76 52
0.13575 75 50
0.27149 76 50
1.08597 83 42
1.22682 71 38
0.14084 65 49
0.14084 68 58
0.26316 69 60
0.26316 66 50
0.39474 69 56
0.39474 66 47
0.13158 73 52
0.13158 64 44
0.39769 71 56
0.39769 63 47
0.13453 63 42
0.13453 67 51
0.26316 68 56
0.26316 64 47
0.39474 71 58
0.39474 68 49
0.13158 76 50
0.13158 80 60
0.39649 78 55
0.39649 75 46
0.13333 76 52
0.13333 73 44
0.08772 75 56
0.08772 71 47
0.08772 76 48
0.08772 73 40
0.08772 75 48
0.08772 71 40
0.39474 73 53
0.39474 69 45
0.13158 75 52
0.13158 71 44
0.40795 76 56
0.40795 73 47
0.13889 73 52
0.13889 69 44
0.79781 71 48
0.79781 68 40
0.53333 0 0
0.26316 81 65
0.39474 79 61
0.13158 81 61
0.78947 76 54
0.40077 84 57
0.13761 77 50
0.53839 79 51
0.26316 80 57
0.39709 78 51
0.13393 80 51
0.79417 75 48
0.40547 83 47
0.13761 76 50
0.54309 78 44
0.27027 77 56
0.27027 74 49
0.40193 78 55
0.40193 73 49
0.14151 80 55
0.14151 74 55
0.53350 81 58
0.53350 73 48
0.26316 78 60
0.26316 75 50
0.39474 81 58
0.39474 75 49
0.13158 80 53
0.13158 75 45
0.54429 76 55
0.54429 71 42
0.26316 67 51
0.26316 64 42
0.39474 67 47
0.39474 62 39
0.13158 67 44
0.13158 64 37
0.39769 67 47
0.39769 62 39
0.14084 66 35
0.14084 74 43
0.14084 72 43
0.26316 74 64
0.26316 71 52
0.26316 67 52
0.39474 75 58
0.39474 71 48
0.39474 69 48
0.13158 76 55
0.13158 71 46
0.13158 68 46
0.39769 80 58
0.39769 77 48
0.39769 71 48
0.13453 83 58
0.26316 81 71
0.26316 76 63
0.39474 84 65
0.13158 88 69
0.39769 87 74
0.39769 81 71
0.14019 95 73
0.79187 80 81
0.79187 92 81
0.53107 0 0
0.26316 71 68
0.39474 73 62
0.13158 75 66
0.78947 69 57
0.39769 71 70
0.13453 80 65
0.53222 69 59
0.79182 76 68
0.79182 71 57
0.54435 0 0
0.26316 59 61
0.39829 61 55
0.13514 63 59
0.79659 57 51
0.28986 59 63
0.29268 68 56
0.58254 57 53
0.29851 64 58
0.29851 59 58
0.53571 88 87
0.53571 80 74
0.53571 76 74
0.53571 0 0
0.26316 69 60
0.26316 66 50
0.39474 69 56
0.39474 66 47
0.13158 73 52
0.13158 64 44
0.39769 71 56
0.39769 63 47
0.13453 63 42
0.13453 67 51
0.26316 68 56
0.26316 64 47
0.39474 71 58
0.39474 68 49
0.13158 76 48
0.13158 80 58
0.39649 78 55
0.39649 75 46
0.13333 76 52
0.13333 73 44
0.08772 75 56
0.08772 71 47
0.08772 76 48
0.08772 73 40
0.08772 75 48
0.08772 71 40
0.39474 73 53
0.39474 69 45
0.13158 75 52
0.13158 71 44
0.40795 76 56
0.40795 73 47
0.13889 73 52
0.13889 69 44
0.79781 71 48
0.79781 68 40
0.53333 0 0
0.27027 77 56
0.27027 71 49
0.40193 78 55
0.40193 73 49
0.14151 80 55
0.14151 74 55
0.09259 83 50
0.39775 81 58
0.13575 80 57
0.53350 77 49
0.26316 80 60
0.39474 78 58
0.13158 77 50
0.78947 85 46
0.78947 73 46
0.40077 78 53
0.13761 72 55
0.13761 69 55
0.26316 71 57
0.39474 77 58
0.13158 78 59
0.78947 69 47
0.40534 81 61
0.14218 80 57
0.27149 78 55
0.40724 76 52
0.13575 75 50
0.27149 76 50
1.08597 83 42
1.22682 71 38
0.14084 65 49
0.14084 68 58
0.25862 69 60
0.25862 66 50
0.39474 69 56
0.39474 66 47
0.13158 73 52
0.13158 64 44
0.39769 71 56
0.39769 63 47
0.13453 63 42
0.13453 67 51
0.25862 68 56
0.25862 64 47
0.39474 71 58
0.39474 68 49
0.13158 76 50
0.13158 80 60
0.39649 78 55
0.39649 75 46
0.13333 76 52
0.13333 73 44
0.08658 75 56
0.08658 71 47
0.08658 76 48
0.08658 73 40
0.08658 75 48
0.08658 71 40
0.39474 73 53
0.39474 69 45
0.13158 75 52
0.13158 71 44
0.40795 76 56
0.40795 73 47
0.13889 73 52
0.13889 69 44
0.79781 71 48
0.79781 68 40
0.53333 0 0
0.25862 81 65
0.39474 79 61
0.13158 81 61
0.78494 76 53
0.39736 84 57
0.13761 77 50
0.53494 79 51
0.25862 80 57
0.39709 78 51
0.13393 80 51
0.78964 75 48
0.40547 83 47
0.13761 76 50
0.54309 78 44
0.27027 77 56
0.27027 74 49
0.40193 78 55
0.40193 73 49
0.14151 80 55
0.14151 74 55
0.53350 81 58
0.53350 73 48
0.26316 78 60
0.26316 75 50
0.39474 81 58
0.39474 75 49
0.13158 80 53
0.13158 75 45
0.54429 76 55
0.54429 71 42
0.26087 67 51
0.26087 64 42
0.39474 67 47
0.39474 62 39
0.13158 67 44
0.13158 64 37
0.39769 67 47
0.39769 62 39
0.14085 66 35
0.14085 74 43
0.14085 72 43
0.25974 74 64
0.25974 71 52
0.25974 67 52
0.39474 75 58
0.39474 71 48
0.39474 69 48
0.13158 76 55
0.13158 71 46
0.13158 68 46
0.39769 80 58
0.39769 77 48
0.39769 71 48
0.13453 83 58
0.26087 81 71
0.26087 76 68
0.39474 84 65
0.13158 88 69
0.39769 87 74
0.39769 81 71
0.14019 95 73
0.79187 80 81
0.79187 92 81
0.53107 0 0
0.25974 71 68
0.39474 73 62
0.13158 75 66
0.78606 69 57
0.39769 71 70
0.13453 80 65
0.53222 69 59
0.78729 76 68
0.78729 71 57
0.54435 0 0
0.26316 59 61
0.39829 61 55
0.13514 63 59
0.79659 57 51
0.28985 59 63
0.28986 68 56
0.57971 57 53
0.30000 64 58
0.30000 59 58
0.61539 88 91
0.61539 80 77
0.61539 76 77
#  Piano left
0.26316 59 44
0.39474 59 40
0.13158 59 41
0.39474 59 44
0.13158 59 40
0.26316 59 44
0.39474 59 40
0.13158 59 40
0.40000 59 44
0.13333 59 38
0.26316 59 44
0.39474 59 40
0.13158 59 40
0.39769 59 44
0.13453 59 40
0.26316 59 44
0.39474 59 40
0.13158 59 40
0.39649 59 44
0.13333 59 40
0.26667 59 44
0.39825 59 40
0.13158 59 40
0.40795 59 44
0.13889 59 44
0.26316 59 50
0.39890 59 48
0.13575 64 49
0.79781 52 39
0.40000 63 49
0.13333 62 45
0.27027 68 48
0.40193 69 51
0.14151 71 50
0.39776 73 46
0.13575 71 48
1.34721 61 48
0.26316 71 50
0.39474 69 49
0.13158 68 46
0.78947 66 39
0.40077 69 48
0.13761 64 46
0.26316 63 49
0.39474 62 49
0.13158 63 49
0.78947 59 37
0.40534 73 46
0.14218 71 48
0.54752 59 37
0.27149 69 46
0.40724 68 45
0.13575 67 41
0.27149 68 37
1.22682 64 34
0.14084 0 0
0.26316 59 44
0.39474 59 40
0.13158 59 40
0.39769 59 44
0.13453 59 40
0.26316 59 44
0.39474 59 40
0.13158 59 40
0.39649 59 44
0.13333 59 40
0.26316 59 44
0.39474 59 40
0.13158 59 40
0.40795 59 44
0.13889 59 44
0.26316 52 50
0.39890 59 48
0.13575 64 51
0.40000 68 54
0.13333 71 55
0.78947 70 49
0.53839 69 55
1.32786 72 59
0.79417 69 41
0.54309 68 46
1.33726 71 49
0.27027 71 48
0.40193 69 51
0.14151 65 55
0.53350 66 44
0.26316 69 50
0.39474 73 55
0.13158 71 42
0.78947 59 39
0.54429 68 47
0.54429 64 36
0.26316 59 44
0.39474 59 40
0.13158 59 40
0.39769 59 44
0.13453 59 40
0.26316 59 44
0.39474 59 40
0.13158 59 40
0.39649 59 44
0.13333 59 40
0.26316 59 44
0.39474 59 40
0.13158 59 40
0.40795 59 44
0.13889 59 44
0.26316 59 50
0.39890 59 48
0.13575 64 49
0.79781 52 39
0.40000 63 49
0.13333 62 45
0.27027 68 48
0.40193 69 51
0.14151 71 50
0.39776 73 46
0.13575 71 48
1.34721 61 48
0.26316 71 50
0.39474 69 49
0.13158 68 44
0.78947 66 39
0.40077 69 48
0.13761 64 46
0.26316 63 49
0.39474 62 49
0.13158 63 49
0.78947 59 39
0.40534 73 49
0.14218 71 48
0.54752 59 39
0.27149 69 46
0.40724 68 45
0.13575 67 41
0.27149 68 37
1.22682 64 34
0.14084 0 0
0.26316 59 44
0.39474 59 40
0.13158 59 40
0.39769 59 44
0.13453 59 40
0.26316 59 44
0.39474 59 40
0.13158 59 40
0.39649 59 44
0.13333 59 40
0.26316 59 44
0.39474 59 40
0.13158 59 40
0.40795 59 44
0.13889 59 44
0.26316 52 50
0.39890 59 48
0.13575 64 50
0.40000 68 54
0.13333 71 55
0.78947 70 49
0.53839 69 55
1.32786 72 59
0.79417 69 41
0.54309 68 46
1.33726 71 49
0.27027 71 48
0.40193 69 51
0.14151 65 55
0.53350 66 46
0.26316 69 50
0.39474 73 56
0.13158 71 42
0.78947 59 39
0.53839 68 47
0.53839 64 36
0.08547 59 48
0.08547 61 42
0.08547 59 42
0.39130 58 44
0.13043 56 44
0.40307 58 48
0.13158 54 41
0.08547 56 48
0.08547 58 42
0.08547 56 42
0.39130 54 44
0.13043 56 44
0.40243 58 48
0.13216 59 41
0.08621 58 48
0.08621 59 42
0.08621 58 42
0.39474 56 44
0.13158 54 44
0.40541 56 48
0.13514 58 41
0.78606 54 48
0.79309 0 0
0.53842 66 48
1.07658 60 48
1.33745 51 46
0.26087 64 46
0.39823 61 40
0.13274 56 49
0.40620 52 46
0.13953 49 51
0.26087 42 53
0.39823 53 48
0.13274 54 49
0.40241 58 52
0.13575 66 49
0.26087 47 53
0.40310 53 45
0.07177 54 39
0.09492 58 37
0.42271 55 46
0.14493 54 42
0.25862 62 42
0.39474 61 39
0.13158 59 39
0.40848 61 42
0.13699 62 37
0.08658 61 42
0.08658 62 38
0.08658 61 38
0.39474 59 39
0.13158 61 39
0.40541 62 42
0.13514 64 37
0.08621 62 42
0.08621 64 38
0.08621 62 38
0.39709 61 39
0.13393 0 0
0.55300 70 27
0.68692 59 39
0.26667 71 48
0.39303 65 39
0.06849 66 38
0.09091 69 35
0.40990 67 44
0.14084 66 38
0.27523 63 53
0.41284 64 50
0.13761 58 50
0.41929 59 53
0.14151 57 50
0.27907 56 54
0.42453 55 50
0.14151 53 55
0.56604 54 51
0.27027 64 45
0.40193 64 48
0.14151 62 47
0.53350 61 49
0.26316 64 50
0.26316 54 42
0.39474 64 48
0.39474 54 40
0.13158 64 39
0.13158 54 33
0.53839 62 44
0.53839 59 28
0.08547 59 48
0.08547 61 42
0.08547 59 42
0.39130 58 44
0.13043 56 44
0.40064 58 48
0.13158 54 41
0.08511 56 48
0.08511 58 42
0.08511 56 42
0.39130 54 44
0.13043 56 44
0.40243 58 48
0.13216 59 41
0.08621 58 48
0.08621 59 42
0.08621 58 42
0.39301 56 44
0.13100 54 44
0.40541 56 48
0.13514 58 41
0.78264 54 48
0.78969 0 0
0.53842 66 48
1.07658 60 48
1.33520 51 46
0.26087 64 46
0.39648 61 40
0.13216 56 49
0.40620 52 46
0.13954 49 51
0.26087 42 53
0.39823 53 48
0.13274 54 49
0.40241 58 52
0.13575 66 49
0.26087 47 53
0.40193 53 45
0.07177 54 39
0.09492 58 37
0.42271 55 46
0.14493 54 42
0.25862 62 42
0.39130 61 39
0.13043 59 39
0.40848 61 42
0.13699 62 37
0.08658 61 42
0.08658 62 38
0.08658 61 38
0.39301 59 39
0.13100 61 39
0.40541 62 42
0.13514 64 37
0.08621 62 42
0.08621 64 38
0.08621 62 38
0.39480 61 39
0.13393 0 0
0.55299 70 27
0.68692 59 39
0.26667 71 48
0.39303 65 39
0.06849 66 38
0.09091 69 35
0.40990 67 44
0.14084 66 38
0.27523 63 53
0.41284 64 50
0.13761 58 50
0.41929 59 53
0.14151 57 50
0.27907 56 54
0.42453 55 50
0.14151 53 55
0.56604 54 51
0.27027 64 45
0.40193 64 48
0.14151 62 47
0.53350 61 49
0.26316 64 50
0.26316 54 42
0.39474 64 48
0.39474 54 40
0.13158 54 33
0.13158 64 39
0.53839 59 28
0.53839 62 44
0.26087 59 44
0.39474 59 40
0.13158 59 40
0.39769 59 44
0.13453 59 40
0.26087 59 44
0.39474 59 40
0.13158 59 40
0.39649 59 44
0.13333 59 40
0.26316 59 44
0.39245 59 40
0.13158 59 40
0.40795 59 44
0.13889 59 44
0.26316 59 50
0.39890 59 48
0.13575 64 49
0.79781 52 37
0.40000 63 49
0.13333 62 45
0.27027 68 48
0.40193 69 51
0.14151 71 50
0.39775 73 46
0.13575 71 48
1.34721 61 48
0.25974 71 50
0.39474 69 49
0.13158 68 46
0.78606 66 39
0.40077 69 48
0.13761 64 46
0.26087 63 49
0.39474 62 49
0.13158 63 49
0.78719 59 37
0.40534 73 46
0.14218 71 48
0.54752 59 37
0.27149 69 46
0.40724 68 45
0.13575 67 41
0.27149 68 37
1.22682 64 34
0.14084 0 0
0.26316 59 44
0.39474 59 40
0.13158 59 40
0.39769 59 44
0.13453 59 40
0.26316 59 44
0.39474 59 40
0.13158 59 40
0.39649 59 44
0.13333 59 40
0.26316 59 44
0.39474 59 40
0.13158 59 40
0.40795 59 44
0.13889 59 44
0.26316 52 50
0.39890 59 48
0.13575 64 51
0.40000 68 54
0.13333 71 55
0.78947 70 49
0.53839 69 55
1.32786 72 59
0.79417 69 41
0.54309 68 46
1.33726 71 49
0.27027 71 48
0.40193 69 51
0.14151 65 55
0.53350 66 44
0.26316 69 50
0.39474 73 55
0.13158 71 42
0.78947 59 39
0.54199 64 36
0.54429 68 47
0.26316 60 37
0.39474 59 34
0.13158 60 34
0.39769 59 37
0.14084 57 41
0.26316 55 50
0.39474 54 45
0.13158 52 44
0.39769 50 48
0.13453 47 47
0.26316 48 55
0.39474 45 52
0.13158 42 55
0.39769 47 60
0.14019 35 59
0.26786 40 70
0.39301 47 64
0.13100 52 62
0.39654 56 70
0.13453 59 64
0.26316 63 53
0.39474 64 50
0.13158 66 48
0.39769 63 53
0.13453 66 51
1.32169 59 45
0.26316 64 52
0.39474 63 51
0.13393 62 47
0.79182 68 52
0.40611 61 49
0.13825 60 51
0.26316 51 47
0.39829 52 45
0.13514 54 43
0.43620 51 47
0.14634 54 42
1.37912 47 40
0.29851 56 45
0.29851 52 45
0.53571 52 59
0.53571 40 50
0.53571 0 0
0.26316 59 44
0.39474 59 40
0.13158 59 40
0.39769 59 44
0.13453 59 40
0.26316 59 44
0.39474 59 40
0.13158 59 40
0.39649 59 44
0.13333 59 40
0.26316 59 44
0.39474 59 40
0.13158 59 40
0.40795 59 44
0.13889 59 44
0.26316 59 50
0.39890 59 48
0.13575 64 49
0.79781 52 39
0.40000 63 49
0.13333 62 45
0.27027 68 48
0.40193 69 51
0.14151 71 50
0.39775 73 46
0.13575 71 48
1.34721 61 48
0.26316 71 50
0.39474 69 49
0.13158 68 46
0.78947 66 39
0.40077 69 48
0.13761 64 46
0.26316 63 49
0.39474 62 49
0.13158 63 49
0.78947 59 37
0.40534 73 46
0.14218 71 48
0.54752 59 37
0.27149 69 46
0.40724 68 45
0.13575 67 41
0.27149 68 37
1.22682 64 34
0.14084 0 0
0.25862 59 44
0.39474 59 40
0.13158 59 40
0.39769 59 44
0.13453 59 40
0.25862 59 44
0.39474 59 40
0.13158 59 40
0.39649 59 44
0.13333 59 40
0.25974 59 44
0.39474 59 40
0.13158 59 40
0.40795 59 44
0.13889 59 44
0.26316 52 50
0.39890 59 48
0.13575 64 51
0.40000 68 54
0.13333 71 55
0.78494 70 49
0.53497 69 55
1.31991 72 59
0.78964 69 41
0.54309 68 46
1.33272 71 49
0.27027 71 48
0.40193 69 51
0.14151 65 55
0.53350 66 44
0.26316 69 50
0.39474 73 55
0.13158 71 42
0.78947 59 39
0.54199 64 36
0.54429 68 47
0.26087 60 37
0.39474 59 34
0.13158 60 34
0.39769 59 37
0.14085 57 41
0.25974 55 50
0.39474 54 45
0.13158 52 44
0.39769 50 48
0.13453 47 47
0.26087 48 55
0.39474 45 52
0.13158 42 55
0.39769 47 60
0.14019 35 59
0.26786 40 70
0.39301 47 64
0.13100 52 62
0.39654 56 70
0.13453 59 64
0.25974 63 53
0.39474 64 50
0.13158 66 48
0.39769 63 53
0.13453 66 51
1.31827 59 45
0.25862 64 52
0.39474 63 51
0.13393 62 47
0.78729 68 52
0.40611 61 49
0.13825 60 51
0.26316 51 47
0.39829 52 45
0.13514 54 43
0.43478 51 47
0.14493 54 42
1.37630 47 40
0.30000 56 45
0.30000 52 45
0.61539 52 61
0.61539 40 52
