"alb_se1"

#  Piano right
1.30236 0 0
0.44412 84 36
0.61342 72 29
0.55698 77 29
0.50055 81 29
0.45607 72 27
0.45607 81 27
0.45607 84 34
0.45607 77 27
0.34205 77 27
0.34205 84 34
0.34205 72 27
0.34205 81 27
0.11402 0 0
0.45768 84 36
0.57169 72 29
0.53369 77 29
0.49568 81 29
0.45945 81 27
0.45945 77 27
0.45945 72 27
0.45945 84 34
0.32953 72 27
0.32953 77 27
0.32953 84 34
0.32953 81 27
0.11757 0 0
0.43396 84 36
0.55154 72 29
0.51235 77 29
0.47316 81 29
0.45607 77 27
0.45607 81 27
0.45607 84 34
0.45607 72 27
0.34663 72 27
0.34663 81 27
0.34663 77 27
0.34663 84 34
0.11554 0 0
0.45011 84 36
0.56566 72 29
0.52714 77 29
0.48863 81 29
0.45011 72 27
0.45011 81 27
0.45011 84 34
0.45011 77 27
0.39733 77 27
0.39733 84 34
0.39733 72 27
0.39733 81 27
0.16930 0 0
0.44412 84 36
0.61342 72 29
0.55698 77 29
0.50055 81 29
0.45607 81 27
0.45607 77 27
0.45607 72 27
0.45607 84 34
0.34205 72 27
0.34205 77 27
0.34205 84 34
0.34205 81 27
0.11402 0 0
0.45063 84 36
0.56465 72 29
0.52664 77 29
0.48864 81 29
0.44018 77 27
0.44018 84 34
0.44018 72 27
0.44018 81 27
0.33035 81 27
0.33035 77 27
0.33035 72 27
0.33035 84 34
0.11012 0 0
0.43079 84 36
0.54090 72 29
0.50420 77 29
0.46749 81 29
0.45607 72 27
0.45607 81 27
0.45607 77 27
0.45607 84 34
0.34663 77 27
0.34663 81 27
0.34663 84 34
0.34663 72 27
0.11554 0 0
0.45011 84 36
0.56566 72 29
0.52714 77 29
0.48863 81 29
0.45011 81 27
0.45011 84 34
0.45011 72 27
0.45011 77 27
0.36158 72 27
0.36158 81 27
0.36158 84 34
0.36158 77 27
0.55229 76 29
0.59107 72 29
0.46533 84 36
0.50411 82 29
0.03878 82 27
0.48052 84 34
0.48052 72 27
0.48052 76 27
0.34205 82 27
0.34205 76 27
0.34205 72 27
0.34205 84 34
0.53208 76 29
0.57008 72 29
0.45607 84 36
0.49464 82 29
0.03857 82 27
0.45667 84 34
0.45667 76 27
0.45667 72 27
0.33370 76 27
0.33370 82 27
0.33370 84 34
0.33370 72 27
0.52517 76 29
0.56243 72 29
0.44709 84 36
0.48510 82 29
0.03801 82 27
0.45607 84 34
0.45607 72 27
0.45607 76 27
0.34205 82 27
0.34205 76 27
0.34205 72 27
0.34205 84 34
0.52662 76 29
0.56413 72 29
0.45011 84 36
0.48762 82 29
0.03751 82 27
0.45011 84 34
0.45011 76 27
0.45011 72 27
0.36493 76 27
0.36493 82 27
0.36493 84 34
0.36493 72 27
0.55229 76 29
0.59107 72 29
0.46533 84 36
0.50411 82 29
0.03878 82 27
0.47020 76 27
0.47020 84 34
0.47020 72 27
0.34205 72 28
0.34205 82 28
0.34205 84 36
0.34205 76 28
0.53629 76 31
0.57567 72 31
0.46166 84 39
0.49833 82 31
0.03667 82 29
0.44704 84 37
0.44704 72 29
0.44704 76 29
0.35808 82 29
0.35808 76 29
0.35808 72 29
0.35808 84 37
0.52402 76 31
0.56007 72 31
0.43265 84 36
0.47066 82 29
0.03801 82 27
0.45607 84 34
0.45607 76 27
0.45607 72 27
0.34205 76 27
0.34205 82 27
0.34205 84 34
0.34205 72 27
0.52662 76 29
0.56413 72 29
0.45011 84 36
0.48762 82 29
0.03751 82 27
0.45011 76 27
0.45011 84 34
0.45011 72 27
0.40352 72 27
0.40352 82 27
0.40352 76 27
0.40352 84 34
0.16659 0 0
0.44412 84 36
0.61071 72 29
0.55518 77 29
0.49965 81 29
0.45607 72 27
0.45607 81 27
0.45607 84 34
0.45607 77 27
0.34205 77 27
0.34205 84 34
0.34205 72 27
0.34205 81 27
0.11402 0 0
0.45089 84 36
0.56491 72 29
0.52690 77 29
0.48890 81 29
0.45245 81 27
0.45245 77 27
0.45245 72 27
0.45245 84 34
0.33978 77 27
0.33978 84 34
0.33978 72 27
0.33978 81 27
0.11095 0 0
0.43725 84 36
0.54820 72 29
0.51122 77 29
0.47424 81 29
0.45607 72 27
0.45607 77 27
0.45607 84 34
0.45607 81 27
0.34663 72 27
0.34663 81 27
0.34663 77 27
0.34663 84 34
0.11554 0 0
0.45011 84 36
0.56566 72 29
0.52714 77 29
0.48863 81 29
0.45011 72 27
0.45011 81 27
0.45011 84 34
0.45011 77 27
0.39647 81 27
0.39647 84 34
0.39647 72 27
0.39647 77 27
0.16132 0 0
0.44412 84 36
0.60544 72 29
0.55167 75 29
0.49789 80 29
0.45607 72 27
0.45607 75 27
0.45607 84 33
0.45607 80 27
0.34205 72 27
0.34205 80 27
0.34205 75 27
0.34205 84 33
0.11402 0 0
0.44906 84 36
0.56307 72 29
0.52507 75 29
0.48706 80 29
0.45063 72 27
0.45063 80 27
0.45063 84 33
0.45063 75 27
0.32768 75 27
0.32768 84 33
0.32768 72 27
0.32768 80 27
0.11095 0 0
0.43725 84 36
0.54820 72 29
0.51122 75 29
0.47424 80 29
0.45607 80 27
0.45607 75 27
0.45607 72 27
0.45607 84 33
0.34663 75 27
0.34663 84 33
0.34663 72 27
0.34663 80 27
0.11554 0 0
0.45011 84 36
0.56566 72 29
0.52714 75 29
0.48863 80 29
0.45011 72 27
0.45011 75 27
0.45011 84 33
0.45011 80 27
0.48287 72 27
0.48287 80 27
0.48287 75 27
0.48287 84 33
0.46533 82 29
0.46533 76 29
0.46533 72 29
0.46533 84 36
0.48052 72 27
0.48052 82 27
0.48052 84 34
0.48052 76 27
0.47151 82 27
0.47151 84 34
0.47151 72 27
0.47151 76 27
0.45607 84 36
0.45607 76 29
0.45607 82 29
0.45607 72 29
0.45948 76 28
0.45948 82 28
0.45948 84 35
0.45948 72 28
0.46289 72 30
0.46289 82 30
0.46289 84 37
0.46289 76 30
0.44709 81 34
0.44709 72 34
0.44709 84 40
0.44709 77 34
0.45607 77 30
0.45607 84 38
0.45607 72 30
0.45607 81 30
0.46642 81 30
0.46642 77 30
0.46642 72 30
0.46642 84 38
0.47386 81 34
0.47386 74 34
0.47386 78 34
0.47386 72 34
0.47386 86 40
0.48478 72 30
0.48478 74 30
0.48478 86 38
0.48478 81 30
0.48478 78 30
0.47783 81 30
0.47783 74 30
0.47783 72 30
0.47783 78 30
0.47783 86 38
0.45607 82 40
0.45607 79 34
0.45607 70 34
0.45607 74 34
0.45948 70 30
0.45948 79 30
0.45948 74 30
0.45948 82 38
0.47672 74 30
0.47672 79 30
0.47672 82 38
0.47672 70 30
0.44709 82 40
0.44709 72 34
0.44709 70 34
0.44709 76 34
0.45607 76 30
0.45607 82 38
0.45607 70 30
0.45607 72 30
0.49357 82 38
0.49357 72 30
0.49357 70 30
0.49357 76 30
0.44709 81 40
0.44709 77 34
0.44709 69 28
0.44709 72 28
0.45607 69 23
0.45607 77 27
0.45607 72 23
0.45607 81 34
0.45607 72 23
0.45607 77 27
0.45607 81 34
0.45607 69 23
0.44689 81 31
0.44689 72 26
0.44689 69 26
0.44689 77 31
0.43675 72 24
0.43675 81 29
0.43675 69 24
0.43675 77 29
0.51171 72 24
0.51171 81 29
0.51171 69 24
0.51171 77 29
0.46318 73 25
0.46318 77 29
0.46318 81 36
0.46318 69 25
0.45607 73 19
0.45607 81 29
0.45607 69 19
0.45607 77 24
0.45607 77 24
0.45607 73 19
0.45607 69 19
0.45607 81 29
0.45262 81 28
0.45262 77 28
0.45262 69 23
0.45262 73 23
0.45263 69 20
0.45263 77 26
0.45263 73 20
0.45263 81 26
0.48257 73 20
0.48257 77 26
0.48257 81 26
0.48257 69 20
0.44709 81 38
0.44709 72 27
0.44709 69 27
0.44709 77 33
0.45607 77 26
0.45607 81 33
0.45607 69 22
0.45607 72 22
0.45607 69 22
0.45607 77 26
0.45607 72 22
0.45607 81 33
0.45262 77 31
0.45262 72 26
0.45262 69 26
0.45262 81 31
0.44346 69 24
0.44346 77 29
0.44346 81 29
0.44346 72 24
0.50947 72 24
0.50947 81 29
0.50947 69 24
0.50947 77 29
0.46318 77 29
0.46318 69 25
0.46318 81 36
0.46318 73 25
0.45607 77 24
0.45607 73 19
0.45607 69 19
0.45607 81 29
0.45607 69 19
0.45607 73 19
0.45607 81 29
0.45607 77 24
0.45262 69 23
0.45262 77 28
0.45262 81 28
0.45262 73 23
0.45263 69 20
0.45263 73 20
0.45263 81 26
0.45263 77 26
0.51613 69 20
0.51613 77 26
0.51613 73 20
0.51613 81 26
0.49310 77 29
0.49310 72 29
0.49310 69 29
0.49310 81 29
0.50968 69 27
0.50968 77 27
0.50968 81 27
0.50968 72 27
0.52752 72 27
0.52752 81 27
0.52752 69 27
0.52752 77 27
0.52752 77 26
0.52752 69 26
0.52752 81 26
0.52752 72 26
7.24065 0 0
1.49140 77 57
1.01146 76 55
0.51020 72 52
0.01044 0 0
1.44782 84 58
0.23059 0 0
0.22523 79 53
0.23245 80 56
0.11172 82 50
0.05282 80 41
0.05282 82 41
0.23810 80 49
0.25000 79 50
0.24019 84 53
0.22700 77 53
0.23438 79 56
0.10756 80 50
0.05378 79 44
0.05378 80 41
0.24000 79 52
0.24851 77 50
0.24639 76 53
0.23821 72 53
0.23821 71 56
0.24639 72 50
0.24851 75 52
0.25063 73 50
0.24851 72 49
0.23629 65 49
0.24430 67 51
0.11172 68 46
0.05586 67 40
0.05586 68 38
0.24000 67 48
0.24851 65 46
0.24851 64 49
0.24221 61 49
0.24325 60 49
0.24745 58 39
0.25994 56 44
0.29208 55 38
1.49140 77 50
1.01146 76 49
0.51939 72 47
1.48269 84 51
0.23245 0 0
0.22523 79 48
0.23438 81 49
0.11172 82 45
0.05357 81 37
0.05357 82 37
0.23810 81 44
0.24851 79 45
0.24019 84 48
0.22700 77 48
0.23438 79 49
0.10756 81 45
0.05378 79 39
0.05378 81 37
0.24120 79 47
0.24851 77 45
0.24639 76 48
0.23821 74 48
0.23821 76 49
0.25063 72 45
0.97343 82 48
0.25738 70 47
0.25738 72 45
0.51476 81 45
3.13204 77 44
3.13204 69 44
1.49140 65 57
0.48867 63 55
0.51431 0 0
0.38265 57 52
0.16932 56 51
1.45826 68 58
0.23059 0 0
0.22523 66 53
0.23245 68 53
0.11172 69 50
0.05586 68 41
0.05586 69 41
0.23448 68 49
0.22173 66 50
0.22876 65 53
0.22345 66 53
0.22876 68 56
0.21837 66 50
0.23448 65 52
0.10756 68 50
0.05378 66 46
0.05378 68 46
0.23161 66 55
0.22700 65 51
0.22700 0 0
0.24639 65 50
0.24851 66 52
0.72189 63 55
0.25063 63 50
0.72910 65 49
0.23438 56 46
0.49702 61 48
0.23534 0 0
0.23342 59 41
0.23922 57 49
0.24606 56 40
0.24851 57 47
0.13470 59 40
0.17507 56 53
1.49140 65 57
0.49708 63 55
0.51438 0 0
0.38265 57 52
0.16932 56 51
1.45826 68 58
0.23059 0 0
0.22523 66 53
0.23245 68 53
0.22345 69 56
0.23059 71 59
0.10837 73 61
0.05418 71 53
0.05418 73 53
0.23349 71 62
0.22876 69 57
0.23821 68 62
0.22700 66 58
0.23245 68 60
0.11350 69 56
0.05675 66 51
0.05675 68 52
0.24021 66 58
0.23059 65 52
0.24019 0 0
0.24639 65 44
0.23438 66 49
0.25738 68 44
0.97833 63 51
0.45379 77 31
0.45379 73 26
0.45379 68 26
0.45379 65 26
0.46584 65 24
0.46584 77 29
0.46584 73 24
0.46584 68 24
0.46584 65 24
0.46584 77 29
0.46584 73 24
0.46584 68 24
0.46156 77 31
0.46156 73 26
0.46156 68 26
0.46156 65 26
0.46257 65 24
0.46257 77 29
0.46257 73 24
0.46257 68 24
0.45372 65 24
0.45372 77 29
0.45372 73 24
0.45372 68 24
0.44339 77 31
0.44339 73 26
0.44339 68 26
0.44339 65 26
0.46584 65 24
0.46584 77 29
0.46584 73 24
0.46584 68 24
0.47214 65 24
0.47214 77 29
0.47214 73 24
0.47214 68 24
0.45977 77 31
0.45977 73 26
0.45977 68 26
0.45977 65 26
0.45977 65 24
0.45977 77 29
0.45977 73 24
0.45977 68 24
0.45977 65 24
0.45977 77 29
0.45977 73 24
0.45977 68 24
0.45977 77 31
0.45977 73 26
0.45977 68 26
0.45977 65 26
0.45843 65 24
0.45843 77 29
0.45843 73 24
0.45843 68 24
0.45844 65 24
0.45844 77 29
0.45844 73 24
0.45844 68 24
0.45854 77 31
0.45854 73 26
0.45854 68 26
0.45854 65 26
0.45357 65 24
0.45357 77 29
0.45357 73 24
0.45357 68 24
0.45641 65 24
0.45641 77 29
0.45641 73 24
0.45641 68 24
0.43675 77 31
0.43675 73 26
0.43675 68 26
0.43675 65 26
0.45843 65 24
0.45843 77 29
0.45843 73 24
0.45843 68 24
0.46461 65 24
0.46461 77 29
0.46461 73 24
0.46461 68 24
0.45249 77 31
0.45249 73 26
0.45249 68 26
0.45249 65 26
0.45249 65 24
0.45249 77 29
0.45249 73 24
0.45249 68 24
0.47061 65 24
0.47061 77 29
0.47061 73 24
0.47061 68 24
0.45400 77 31
0.45400 73 26
0.45400 67 26
0.45400 65 26
0.46875 65 24
0.46875 77 29
0.46875 73 24
0.46875 67 24
0.48038 65 24
0.48038 77 29
0.48038 73 24
0.48038 67 24
0.46118 77 31
0.46118 73 26
0.46118 67 26
0.46118 65 26
0.46118 65 24
0.46118 77 29
0.46118 73 24
0.46118 67 24
0.46875 65 24
0.46875 77 29
0.46875 73 24
0.46875 67 24
0.49702 77 31
0.49702 73 26
0.49702 67 26
0.49702 65 26
0.50573 65 24
0.50573 77 29
0.50573 73 24
0.50573 67 24
0.51476 65 24
0.51476 77 29
0.51476 73 24
0.51476 67 24
0.52179 76 31
0.52179 73 26
0.52179 67 26
0.52179 70 26
0.54141 70 24
0.54141 76 29
0.54141 73 24
0.54141 67 24
0.56301 70 24
0.56301 76 29
0.56301 73 24
0.56301 67 24
1.49140 77 57
1.01146 76 55
0.51020 72 52
0.01044 0 0
1.44782 84 58
0.23059 0 0
0.22523 79 53
0.23245 80 56
0.11172 82 50
0.05586 80 41
0.05586 82 41
0.23438 80 49
0.25000 79 50
0.24019 84 53
0.22700 77 53
0.23438 79 56
0.10756 80 50
0.05378 79 44
0.05378 80 41
0.23914 79 52
0.24851 77 50
0.24639 76 53
0.23821 72 53
0.23821 71 56
0.24639 72 50
0.24851 75 52
0.25063 73 50
0.24851 0 0
0.23630 65 49
0.24430 67 51
0.11172 68 46
0.05586 67 40
0.05586 68 38
0.23810 67 48
0.24793 65 46
0.24793 64 49
0.24221 61 49
0.24325 60 49
0.24745 58 39
0.25994 56 44
0.29208 55 38
2.97145 72 49
1.49140 77 50
1.01146 76 49
0.51939 72 47
1.48269 84 51
0.23245 0 0
0.22523 79 48
0.23438 81 49
0.11172 82 45
0.05586 81 37
0.05586 82 37
0.23622 81 44
0.24851 79 45
0.24019 84 48
0.22700 77 48
0.23438 79 49
0.10756 81 45
0.05378 79 39
0.05378 81 37
0.23438 79 47
0.24851 77 45
0.24639 76 48
0.23821 74 48
0.23821 76 49
0.25063 72 45
0.97343 82 48
0.25738 70 47
0.25738 72 45
0.51476 81 45
2.06220 69 44
3.13204 77 44
0.24639 69 56
0.25738 67 52
1.51522 61 46
1.51522 57 46
2.55573 65 51
0.24639 69 56
0.25738 67 52
1.51522 60 46
1.51522 57 46
2.55573 65 51
0.24019 69 51
0.25287 67 48
1.50483 61 42
1.50483 57 42
2.55604 65 47
0.24639 69 51
0.25738 67 48
1.51099 60 42
1.51099 57 42
2.55149 65 47
0.25510 65 56
0.25510 61 56
0.26446 63 52
1.05783 61 51
0.25510 65 51
0.25510 61 51
0.26690 63 48
1.06762 61 47
1.01601 0 0
0.98817 67 52
0.98817 55 41
0.98817 60 41
0.98817 64 41
0.95465 67 42
0.95465 55 33
0.95465 61 33
0.95465 65 33
1.01601 0 0
0.95908 67 52
0.95908 55 41
0.95908 60 41
0.95908 64 41
0.94347 67 42
0.94347 55 33
0.94347 61 33
0.94347 65 33
0.49277 0 0
0.23059 53 40
0.23059 55 37
0.23059 58 43
0.23821 61 40
0.23630 52 43
0.23630 55 43
0.23629 60 39
0.22876 65 49
0.22876 67 46
0.22876 70 50
0.23821 73 48
0.23059 64 52
0.23059 67 52
0.23059 72 48
0.22700 77 53
0.22700 79 50
0.22700 82 56
0.24639 85 52
0.22876 76 55
0.22876 84 55
0.23821 79 50
0.23438 82 52
0.23438 74 52
0.24430 76 42
0.23821 81 48
0.23821 70 48
0.34078 72 37
0.16930 72 26
0.44412 84 31
0.50055 81 26
0.55698 77 26
0.45607 72 24
0.45607 84 29
0.45607 81 24
0.45607 77 24
0.34205 72 24
0.34205 84 29
0.34205 81 24
0.34205 77 24
0.11402 0 0
0.44739 84 31
0.56141 72 26
0.52340 77 26
0.48540 81 26
0.46137 72 24
0.46137 84 29
0.46137 81 24
0.46137 77 24
0.33431 72 24
0.33431 84 29
0.33431 81 24
0.33431 77 24
0.11757 0 0
0.43397 84 31
0.55154 72 26
0.51235 77 26
0.47316 81 26
0.45607 72 24
0.45607 84 29
0.45607 81 24
0.45607 77 24
0.34663 72 24
0.34663 84 29
0.34663 81 24
0.34663 77 24
0.11554 0 0
0.45011 84 31
0.56566 72 26
0.52714 77 26
0.48863 81 26
0.45011 72 24
0.45011 84 29
0.45011 81 24
0.45011 77 24
0.39733 72 24
0.39733 84 29
0.39733 81 24
0.39733 77 24
0.16930 0 0
0.44412 84 31
0.61342 72 26
0.55698 77 26
0.50055 81 26
0.45607 72 24
0.45607 84 29
0.45607 81 24
0.45607 77 24
0.34205 72 24
0.34205 84 29
0.34205 81 24
0.34205 77 24
0.11402 0 0
0.44887 84 31
0.56289 72 26
0.52488 77 26
0.48688 81 26
0.44556 72 24
0.44556 84 29
0.44556 81 24
0.44556 77 24
0.33888 72 24
0.33888 84 29
0.33888 81 24
0.33888 77 24
0.11012 0 0
0.43079 84 31
0.54090 72 26
0.50420 77 26
0.46749 81 26
0.45607 72 24
0.45607 84 29
0.45607 81 24
0.45607 77 24
0.34663 72 24
0.34663 84 29
0.34663 81 24
0.34663 77 24
0.11554 0 0
0.45011 84 31
0.56566 72 26
0.52714 77 26
0.48863 81 26
0.45011 72 24
0.45011 84 29
0.45011 81 24
0.45011 77 24
0.36158 72 24
0.36158 84 29
0.36158 81 24
0.36158 77 24
0.55229 76 26
0.59107 72 26
0.46533 84 31
0.50411 82 26
0.03878 82 24
0.48052 76 24
0.48052 84 29
0.48052 72 24
0.34205 72 24
0.34205 84 29
0.34205 82 24
0.34205 76 24
0.53208 76 26
0.57008 72 26
0.45607 84 31
0.49464 82 26
0.03857 82 24
0.45318 76 24
0.45318 84 29
0.45318 72 24
0.33045 72 24
0.33045 84 29
0.33045 82 24
0.33045 76 24
0.51267 76 26
0.54879 72 26
0.43346 84 31
0.47147 82 26
0.03801 82 24
0.45607 76 24
0.45607 84 29
0.45607 72 24
0.34205 72 24
0.34205 84 29
0.34205 82 24
0.34205 76 24
0.52662 76 26
0.56413 72 26
0.45011 84 31
0.48762 82 26
0.03751 82 24
0.45011 76 24
0.45011 84 29
0.45011 72 24
0.36493 72 24
0.36493 84 29
0.36493 82 24
0.36493 76 24
0.55229 76 26
0.59107 72 26
0.46533 84 31
0.50411 82 26
0.03878 82 24
0.47020 76 24
0.47020 84 29
0.47020 72 24
0.34205 72 25
0.34205 84 31
0.34205 82 25
0.34205 76 25
0.53312 76 28
0.57186 72 28
0.45785 84 35
0.49512 82 28
0.03727 82 26
0.45061 76 26
0.45061 84 33
0.45061 72 26
0.35808 72 26
0.35808 84 33
0.35808 82 26
0.35808 76 26
0.52402 76 28
0.56007 72 28
0.43265 84 31
0.47066 82 26
0.03801 82 24
0.45607 76 24
0.45607 84 29
0.45607 72 24
0.34205 72 24
0.34205 84 29
0.34205 82 24
0.34205 76 24
0.52662 76 26
0.56413 72 26
0.45011 84 31
0.48762 82 26
0.03751 82 26
0.45011 76 26
0.45011 84 33
0.45011 72 26
0.40352 72 28
0.40352 84 35
0.40352 82 28
0.40352 76 28
0.16659 0 0
0.44412 84 39
0.61071 72 31
0.55518 77 31
0.49965 81 31
0.45607 72 29
0.45607 84 37
0.45607 81 29
0.45607 77 29
0.34205 72 29
0.34205 84 37
0.34205 81 29
0.34205 77 29
0.11402 0 0
0.45089 84 39
0.56491 72 31
0.52690 77 31
0.48890 81 31
0.45245 72 29
0.45245 84 37
0.45245 81 29
0.45245 77 29
0.33978 72 29
0.33978 84 37
0.33978 81 29
0.33978 77 29
0.11095 0 0
0.43725 84 39
0.54820 72 31
0.51122 77 31
0.47424 81 31
0.45607 72 29
0.45607 84 37
0.45607 81 29
0.45607 77 29
0.34663 72 29
0.34663 84 37
0.34663 81 29
0.34663 77 29
0.11554 0 0
0.45011 84 42
0.56566 72 31
0.52714 77 31
0.48863 81 31
0.45011 72 28
0.45011 84 36
0.45011 81 28
0.45011 77 28
0.39647 72 27
0.39647 84 34
0.39647 81 27
0.39647 77 27
0.16133 0 0
0.44412 84 36
0.60544 72 29
0.55167 75 29
0.49789 80 29
0.45607 72 27
0.45607 84 33
0.45607 80 27
0.45607 75 27
0.34205 72 27
0.34205 84 33
0.34205 80 27
0.34205 75 27
0.11402 0 0
0.44550 84 36
0.55952 72 29
0.52152 75 29
0.48351 80 29
0.44526 72 27
0.44526 84 33
0.44526 80 27
0.44526 75 27
0.32932 72 27
0.32932 84 33
0.32932 80 27
0.32932 75 27
0.11095 0 0
0.43725 84 36
0.54820 72 29
0.51122 75 29
0.47424 80 29
0.45607 72 27
0.45607 84 33
0.45607 80 27
0.45607 75 27
0.34663 72 27
0.34663 84 33
0.34663 80 27
0.34663 75 27
0.11554 0 0
0.45011 84 36
0.56566 72 29
0.52714 75 29
0.48863 80 29
0.45011 72 27
0.45011 84 33
0.45011 80 27
0.45011 75 27
0.48287 72 27
0.48287 84 33
0.48287 80 27
0.48287 75 27
0.46533 84 36
0.46533 72 29
0.46533 76 29
0.46533 82 29
0.48052 72 27
0.48052 84 34
0.48052 82 27
0.48052 76 27
0.47151 72 27
0.47151 84 34
0.47151 82 27
0.47151 76 27
0.45607 84 36
0.45607 72 29
0.45607 76 29
0.45607 82 29
0.45948 72 28
0.45948 84 35
0.45948 82 28
0.45948 76 28
0.46289 72 30
0.46289 84 37
0.46289 82 30
0.46289 76 30
0.44709 84 40
0.44709 72 34
0.44709 77 34
0.44709 81 34
0.45607 72 30
0.45607 84 38
0.45607 81 30
0.45607 77 30
0.46642 72 30
0.46642 84 38
0.46642 81 30
0.46642 77 30
0.47386 86 40
0.47386 78 34
0.47386 72 34
0.47386 74 34
0.47386 81 34
0.48478 74 30
0.48478 81 30
0.48478 72 30
0.48478 86 38
0.48478 78 30
0.47783 74 30
0.47783 81 30
0.47783 72 30
0.47783 86 38
0.47783 78 30
0.45607 82 40
0.45607 70 34
0.45607 74 34
0.45607 79 34
0.45948 70 30
0.45948 82 38
0.45948 79 30
0.45948 74 30
0.47672 70 30
0.47672 82 38
0.47672 79 30
0.47672 74 30
0.44709 82 40
0.44709 70 34
0.44709 72 34
0.44709 76 34
0.45607 70 30
0.45607 82 38
0.45607 76 30
0.45607 72 30
0.49357 70 30
0.49357 82 38
0.49357 76 30
0.49357 72 30
0.44709 81 40
0.44709 69 28
0.44709 72 28
0.44709 77 34
0.45607 69 23
0.45607 81 34
0.45607 77 27
0.45607 72 23
0.45607 69 23
0.45607 81 34
0.45607 77 27
0.45607 72 23
0.45263 81 31
0.45263 69 26
0.45263 72 26
0.45263 77 31
0.45262 69 24
0.45262 81 29
0.45262 77 29
0.45262 72 24
0.51171 69 24
0.51171 81 29
0.51171 77 29
0.51171 72 24
0.46318 81 36
0.46318 69 25
0.46318 73 25
0.46318 77 29
0.45607 69 19
0.45607 81 29
0.45607 77 24
0.45607 73 19
0.45607 69 19
0.45607 81 29
0.45607 77 24
0.45607 73 19
0.45263 81 28
0.45263 69 23
0.45263 73 23
0.45263 77 28
0.45262 69 20
0.45262 81 26
0.45262 77 26
0.45262 73 20
0.48257 69 20
0.48257 81 26
0.48257 77 26
0.48257 73 20
0.44709 81 36
0.44709 69 25
0.44709 72 25
0.44709 77 30
0.45607 69 20
0.45607 81 30
0.45607 77 24
0.45607 72 20
0.45607 69 20
0.45607 81 30
0.45607 77 24
0.45607 72 20
0.45263 81 29
0.45263 69 24
0.45263 72 24
0.45263 77 29
0.45262 69 22
0.45262 81 27
0.45262 77 27
0.45262 72 22
0.49841 69 22
0.49841 81 27
0.49841 77 27
0.49841 72 22
0.46318 81 34
0.46318 69 23
0.46318 73 23
0.46318 77 27
0.45607 69 18
0.45607 81 27
0.45607 77 22
0.45607 73 18
0.45607 69 18
0.45607 81 27
0.45607 77 22
0.45607 73 18
0.45263 81 26
0.45263 69 20
0.45263 73 20
0.45263 77 26
0.45262 69 19
0.45262 81 24
0.45262 77 24
0.45262 73 19
0.51613 69 19
0.51613 81 24
0.51613 77 24
0.51613 73 19
0.49310 81 27
0.49310 69 27
0.49310 72 27
0.49310 77 27
0.50968 69 25
0.50968 81 25
0.50968 77 25
0.50968 72 25
0.52752 69 25
0.52752 81 25
0.52752 77 25
0.52752 72 25
0.52752 81 24
0.52752 69 24
0.52752 72 24
0.52752 77 24
1.60388 0 0
0.27151 57 34
0.26815 60 35
0.26486 65 37
0.26127 69 38
0.25815 72 39
0.26940 77 46
0.25856 69 33
0.26987 72 35
0.28266 77 38
0.29672 81 40
0.31229 84 44
1.53061 89 46
2.88277 69 33
2.88277 57 27
2.88277 60 27
2.88277 65 33
#  Piano left
1.30236 0 0
1.35625 65 50
1.61020 41 35
1.52555 48 37
1.44090 57 39
0.22523 0 0
0.23245 64 44
0.22700 62 49
0.23245 60 44
0.21195 62 49
0.23515 64 44
0.14466 62 45
0.14466 64 41
0.14465 62 41
1.35221 53 39
2.13115 60 46
0.25395 0 0
1.35625 65 50
1.61020 41 34
1.52555 48 37
1.44090 57 39
0.22004 0 0
0.23059 64 44
0.21673 62 49
0.22345 60 44
0.22023 62 49
0.22023 64 44
0.14360 62 48
0.14360 64 41
0.14360 62 41
1.34903 53 40
2.11718 60 46
0.18860 0 0
0.23267 55 47
0.23267 57 51
0.52820 48 40
0.59107 41 40
0.48052 58 53
0.22803 58 51
0.22803 60 53
0.68751 62 58
0.22523 64 58
0.21837 67 62
0.23066 64 57
0.14903 62 58
0.14903 64 53
0.14903 62 49
2.11442 60 49
0.18860 0 0
0.23267 55 47
0.23267 57 51
0.52820 48 40
0.59107 41 40
0.47020 58 53
0.22803 58 51
0.22803 60 53
0.46166 62 58
0.22004 64 62
0.22700 69 56
0.23066 67 62
0.25484 64 57
0.14422 62 58
0.14422 64 53
0.14422 62 49
2.13258 60 49
0.24989 0 0
1.35625 65 50
1.60614 41 35
1.52284 48 37
1.43954 57 39
0.22206 0 0
0.22883 64 44
0.22361 62 49
0.22883 60 44
0.22883 62 49
0.22189 64 44
0.14575 62 51
0.14575 64 41
0.14575 62 44
1.35550 53 41
2.13428 60 44
0.24199 0 0
1.35625 68 49
1.43691 60 38
1.51757 51 37
0.22206 0 0
0.22700 67 44
0.22004 65 49
0.23059 63 44
0.21673 65 49
0.22189 67 44
0.14575 65 50
0.14575 67 44
0.14575 65 44
2.30134 63 49
0.23267 55 47
0.23267 57 51
0.46533 48 40
0.48052 58 53
0.22883 60 55
0.24268 62 57
0.91554 67 61
0.46289 64 61
0.14903 62 57
0.14903 64 55
0.14903 62 51
0.92248 60 51
1.36958 53 41
0.47386 0 0
0.48478 57 61
0.47783 62 61
1.43647 50 66
0.22803 62 56
0.22803 55 50
0.22803 64 61
0.45948 65 64
0.23145 62 62
0.15891 55 56
0.04319 0 0
0.15496 55 49
0.14903 62 59
0.23540 48 49
0.14903 64 51
0.14903 62 53
0.45607 60 50
0.49357 48 44
0.04513 48 41
0.22355 57 51
0.31382 41 41
0.22355 55 49
2.30748 53 45
0.24213 49 38
0.22803 57 46
0.33224 41 37
0.23515 55 44
2.29995 53 39
0.23142 48 40
0.22355 57 49
0.31382 41 39
0.22355 55 47
2.31769 53 42
0.23770 49 38
0.22803 57 46
0.32338 41 37
0.23515 55 44
2.33351 53 39
0.25811 48 33
0.24655 57 39
0.35186 41 33
0.24655 55 37
1.56472 53 35
0.52752 0 0
0.75605 48 34
0.52899 41 40
0.46490 48 36
0.50125 56 36
0.50125 60 36
0.50125 58 35
0.50125 61 41
1.00251 67 33
0.48442 41 36
0.46875 48 36
0.50125 56 36
0.50125 60 36
0.50125 58 35
0.50125 61 41
1.00251 67 34
0.48442 41 36
0.50573 48 36
0.50125 56 34
0.50125 60 34
0.50125 58 33
0.50125 60 39
1.02041 67 29
0.50125 41 36
0.47259 48 34
0.48442 56 31
0.48442 60 31
0.45582 58 33
0.45582 60 39
0.93790 64 29
0.46719 41 36
0.44949 48 36
0.48851 56 36
0.48851 60 36
0.48459 58 33
0.48459 60 39
0.98373 67 29
0.48480 41 36
0.46775 48 36
0.48851 56 34
0.48851 60 34
0.49072 58 33
0.49072 60 39
0.89199 67 29
0.19110 53 36
0.48442 41 31
0.50573 48 31
0.50125 56 29
0.50125 60 29
0.50125 58 29
0.50125 60 35
1.02959 67 26
0.50125 41 31
0.49702 48 29
0.48442 57 29
0.48442 60 29
0.45768 58 29
0.45768 60 35
0.93985 64 26
0.46719 41 31
0.44949 48 31
0.48971 57 30
0.48971 60 30
0.48459 58 29
0.48459 60 35
1.00359 67 26
0.51020 41 31
0.51020 48 31
0.51020 60 29
0.53381 65 33
1.06762 69 26
2.11163 57 29
0.48442 37 36
0.50573 44 36
0.50125 53 34
0.49277 49 33
0.49277 57 39
1.02041 63 29
1.02041 54 29
0.50125 37 36
0.47259 44 34
0.48442 53 31
0.45582 49 33
0.45582 57 39
0.91210 61 29
0.91210 54 29
0.45221 37 36
0.44714 44 34
0.44959 53 34
0.45861 49 33
0.45861 57 39
0.97252 54 29
0.48480 37 36
0.47867 44 36
0.49702 53 34
0.46877 49 33
0.46877 57 39
1.00318 63 29
1.00318 54 29
0.48442 37 36
0.50573 44 36
0.50125 53 34
0.50125 49 33
0.50125 57 39
1.02041 63 29
1.02041 54 29
0.50125 37 36
0.47259 44 34
0.48442 53 31
0.45582 49 33
0.45582 57 39
0.90322 63 29
0.90322 54 29
0.46225 37 45
0.46521 44 39
0.45945 53 38
0.47080 57 44
0.97833 54 29
1.38547 61 48
1.38547 53 37
1.51416 37 33
0.22335 0 0
0.23821 60 41
0.23059 58 47
0.23198 56 41
0.21352 58 47
0.24019 60 41
0.14780 58 42
0.14780 60 39
0.14780 58 39
2.20235 56 44
0.11494 0 0
1.37664 61 48
1.37664 53 37
1.49158 37 33
0.22479 0 0
0.23375 60 41
0.22173 58 47
0.23184 56 41
0.22004 58 47
0.23637 60 41
0.14558 58 42
0.14558 60 39
0.14558 58 39
2.17794 56 44
0.12070 0 0
0.15133 61 42
0.21168 55 42
0.15133 63 39
0.15133 61 39
1.52382 46 42
2.34025 55 44
0.16567 58 42
0.16567 60 39
0.16567 58 39
1.02049 55 44
1.51751 48 42
1.62620 60 44
0.48442 41 36
0.50573 48 36
0.50125 56 34
0.50125 60 34
0.50125 58 33
0.50125 60 39
1.02041 67 29
0.50125 41 36
0.47259 48 34
0.48442 56 31
0.48442 60 31
0.45582 58 33
0.45582 60 39
0.94027 64 29
0.46719 41 36
0.44949 48 36
0.48765 56 36
0.48765 60 36
0.48460 58 33
0.48460 60 39
0.98373 67 29
0.48480 41 36
0.46775 48 36
0.48603 56 34
0.48603 60 34
0.49014 58 33
0.49014 60 39
0.89199 67 29
0.19110 53 36
0.48442 41 31
0.50573 48 31
0.50125 56 29
0.50125 60 29
0.50125 58 29
0.50125 60 35
1.02959 67 26
0.50125 41 31
0.49702 48 29
0.48442 57 29
0.48442 60 29
0.45768 58 29
0.45768 60 35
0.94255 64 26
0.46719 41 31
0.44949 48 31
0.48288 57 30
0.48288 60 30
0.48460 58 29
0.48460 60 35
1.00359 67 26
0.51020 41 31
0.51020 48 31
0.51020 60 29
0.53381 65 33
1.06317 69 26
2.11163 57 29
0.50376 41 44
0.50125 49 39
0.51020 53 39
0.51476 57 42
1.02951 61 36
0.50376 41 44
0.50125 48 39
0.51020 53 39
0.51476 57 42
1.02951 60 36
0.49306 41 40
0.49702 49 36
0.51476 53 36
0.51476 57 39
1.02951 61 33
0.50376 41 40
0.49702 48 36
0.51020 53 36
0.51476 57 39
1.02951 60 33
1.57739 56 44
1.57739 53 44
1.57739 49 44
1.58962 55 40
1.58962 53 40
1.58962 46 40
0.51476 36 44
1.00251 43 48
0.25063 0 0
0.23630 46 45
0.22876 44 48
0.24019 43 44
0.23059 44 49
0.25510 46 44
0.51476 36 44
0.98567 43 48
0.24221 0 0
0.23245 46 45
0.22523 44 48
0.23438 43 44
0.22876 44 49
0.25510 46 44
0.49277 36 44
0.46118 49 55
0.46880 46 48
0.47259 48 44
0.45753 61 56
0.46697 58 50
0.46118 60 48
0.45399 73 61
0.47338 70 56
0.94565 72 41
0.57898 60 41
1.35625 65 45
1.44090 57 35
1.52555 48 33
1.61020 41 30
0.21863 0 0
0.22876 64 39
0.22700 62 44
0.23438 60 39
0.21673 62 44
0.23515 64 39
0.14466 62 39
0.14466 64 37
0.14466 62 37
1.35221 53 35
2.13115 60 40
0.25395 0 0
1.35625 65 45
1.61020 41 29
1.52555 48 33
1.44090 57 35
0.22004 0 0
0.22883 64 39
0.21673 62 44
0.22883 60 39
0.22876 62 44
0.22023 64 39
0.14360 62 42
0.14360 64 37
0.14360 62 37
1.34903 53 36
2.11718 60 40
0.18860 0 0
0.23267 55 41
0.23267 57 46
0.52820 48 36
0.59107 41 36
0.48052 58 48
0.22803 58 46
0.22803 60 48
0.68751 62 51
0.22173 64 51
0.21512 67 56
0.23066 64 50
0.14449 62 51
0.14449 64 48
0.14449 62 44
2.11442 60 44
0.18860 0 0
0.23267 55 41
0.23267 57 46
0.52820 48 36
0.59107 41 36
0.47020 58 48
0.22803 58 46
0.22803 60 48
0.45785 62 51
0.22361 64 56
0.22700 69 49
0.23066 67 56
0.25484 64 50
0.14422 62 51
0.14422 64 48
0.14422 62 44
2.13258 60 44
0.24989 0 0
1.35625 65 55
1.60614 41 38
1.52284 48 40
1.43954 57 42
0.22206 0 0
0.22883 64 48
0.22361 62 53
0.22883 60 48
0.22883 62 53
0.22189 64 48
0.14575 62 56
0.14575 64 45
0.14575 62 48
1.35550 53 45
2.13428 60 48
0.24199 0 0
1.35625 68 49
1.43691 60 38
1.51757 51 37
0.22206 0 0
0.22345 67 44
0.22004 65 49
0.22523 63 44
0.21837 65 49
0.22189 67 44
0.14575 65 50
0.14575 67 44
0.14575 65 44
2.30134 63 49
0.23267 55 47
0.23267 57 51
0.46533 48 40
0.48052 58 53
0.22883 60 55
0.24268 62 57
0.91554 67 61
0.46289 64 61
0.14903 62 57
0.14903 64 55
0.14903 62 51
0.92248 60 51
1.36958 53 41
0.47386 0 0
0.48478 57 61
0.47783 62 61
1.43647 50 66
0.22803 62 56
0.22803 55 49
0.22803 64 61
0.45948 65 64
0.23145 62 62
0.15891 55 56
0.04319 0 0
0.15496 55 49
0.14903 62 59
0.23540 48 49
0.14903 64 51
0.14903 62 53
0.45607 60 50
0.49357 48 44
0.04513 48 41
0.22355 57 51
0.31382 41 41
0.22355 55 49
2.32909 53 45
0.24213 49 38
0.22803 57 46
0.33224 41 37
0.23515 55 44
2.29995 53 39
0.23142 48 38
0.22355 57 46
0.31382 41 37
0.22355 55 44
2.31580 53 40
0.23770 49 36
0.22803 57 42
0.32338 41 35
0.23515 55 41
2.33351 53 37
0.25811 48 30
0.24655 57 37
0.35186 41 30
0.24655 55 35
1.56472 53 33
0.52752 0 0
0.75605 48 34
0.32031 41 28
0.27151 48 29
0.26815 53 30
0.26486 57 31
0.26127 60 31
0.25815 65 33
0.26940 69 34
0.25856 60 27
0.26987 65 29
0.28266 69 30
0.29672 72 33
0.31229 77 35
1.53061 81 36
2.88277 53 26
2.88277 48 22
2.88277 41 22
