"alb_se3"

#  Piano right
0.26786 71 49
0.26786 67 53
0.26786 62 49
0.00112 62 46
0.13393 67 49
0.13393 66 49
0.26786 71 46
0.26786 71 49
0.26786 65 53
0.13393 64 49
0.13393 63 53
0.26786 71 46
0.26786 72 51
0.26786 66 51
0.26786 62 57
0.13858 66 51
0.13858 62 51
0.27716 72 48
0.26786 71 53
0.26786 67 59
0.26786 62 53
0.13393 67 53
0.13393 62 49
0.13393 66 53
0.26786 71 49
0.26786 71 52
0.26786 65 58
0.13573 64 49
0.13573 63 50
0.27147 71 46
0.27599 72 51
0.27599 66 51
0.27599 62 57
0.14563 66 50
0.14563 62 50
0.29126 72 47
1.10606 79 68
1.10606 67 44
1.10606 71 44
1.10606 74 51
0.41284 78 59
0.41284 72 49
0.41284 66 40
0.14915 74 57
0.28037 76 61
0.09050 76 53
0.09050 78 53
0.09050 76 53
0.55556 74 58
1.10742 71 51
1.10742 67 51
0.43025 69 35
0.43025 62 35
0.43025 60 35
0.43025 72 51
0.43025 66 35
0.14723 69 48
0.14305 71 57
0.14305 72 50
0.28610 74 53
0.86210 67 39
0.86210 62 39
0.14151 59 38
0.14151 62 34
0.57293 74 53
0.14415 60 38
0.14415 62 34
0.14415 60 38
0.14415 62 34
0.29571 59 42
0.14786 62 38
0.14744 64 35
0.14431 62 40
0.14431 64 36
0.14825 67 42
0.14825 64 39
0.88043 59 38
0.29032 66 46
0.15312 64 42
0.16484 62 42
0.60828 60 40
1.10469 79 73
1.10469 67 48
1.10469 71 48
1.10469 74 57
0.41177 78 60
0.41177 72 53
0.41177 66 40
0.14915 74 59
0.27886 76 61
0.09009 76 53
0.09009 78 53
0.09009 76 53
0.55556 74 58
1.10469 71 51
1.10469 67 51
0.42662 69 35
0.42662 62 35
0.42662 60 35
0.42662 72 51
0.42662 66 35
0.14493 69 48
0.14305 71 57
0.14305 72 50
0.28610 74 53
0.86210 67 39
0.86210 62 39
0.14151 59 38
0.14151 62 34
0.57293 74 53
0.14415 60 38
0.14415 62 34
0.14415 60 38
0.14415 62 34
0.29571 59 42
0.14786 62 38
0.14744 64 35
0.14431 62 40
0.14431 64 36
0.14825 67 42
0.14825 64 39
0.88043 59 38
0.29032 66 46
0.14702 64 42
0.15306 62 42
0.59040 60 38
1.10874 79 70
1.10874 74 59
1.10874 67 49
0.41096 77 62
0.41096 69 50
0.41096 65 42
0.14915 72 60
0.27886 74 64
0.13514 74 59
0.13514 75 59
0.55299 77 64
1.10213 70 53
1.10213 65 53
0.43553 69 36
0.43553 65 36
0.43553 75 59
0.14723 72 49
0.13825 74 64
0.13825 75 57
0.13825 74 60
0.13825 75 55
0.13636 77 62
0.13636 79 56
0.13393 81 61
0.13393 79 53
1.09358 65 38
1.09358 70 41
0.14106 77 61
0.14106 75 61
0.14106 74 67
0.14231 72 61
0.56549 69 39
0.13889 74 69
0.13889 75 59
0.13889 74 64
0.14151 75 55
0.13575 77 62
0.13575 79 56
0.13761 81 61
0.13761 79 53
1.10490 65 45
1.10490 70 45
0.14088 77 59
0.14232 75 59
0.14378 74 57
0.14775 72 56
0.57472 69 55
1.11545 74 67
1.11545 70 52
1.11545 65 44
0.28463 74 56
0.28463 72 50
0.14231 74 51
0.14915 72 51
0.57609 66 42
0.57609 62 42
0.83737 71 61
0.14295 72 51
0.14295 74 51
1.12327 67 52
1.12327 62 44
0.27886 75 56
0.13943 77 51
0.14915 75 51
0.56744 72 42
0.56744 67 42
0.27886 74 67
0.14106 71 51
0.14106 72 51
0.56098 67 52
0.29245 74 60
0.29245 71 47
0.14295 71 49
0.14295 72 49
0.57836 67 44
0.28719 71 53
0.14827 69 49
0.14915 71 49
0.58461 66 40
0.58461 62 40
0.27523 67 53
0.27523 62 49
0.13393 67 49
0.13393 62 46
0.13393 66 49
0.26786 71 46
0.26786 71 49
0.26786 65 53
0.13393 64 49
0.13393 63 53
0.26786 71 46
0.26786 72 51
0.26786 66 51
0.26786 62 57
0.13858 66 51
0.13858 62 51
0.27716 72 48
0.26786 71 53
0.26786 67 59
0.26786 62 53
0.13393 67 53
0.13393 62 49
0.13393 66 53
0.26786 71 49
0.26786 71 52
0.26786 65 58
0.13573 64 49
0.13573 63 50
0.27147 71 46
0.26786 72 51
0.26786 66 51
0.26786 62 57
0.13636 66 50
0.13636 62 50
0.27273 72 47
0.26432 71 53
0.26432 67 59
0.26432 62 53
0.13216 67 53
0.13216 62 49
0.13216 66 53
0.26432 71 49
0.26432 71 58
0.26432 67 52
0.26432 62 52
0.13393 67 46
0.13393 71 49
0.13393 70 50
0.26786 74 46
0.26201 74 57
0.26201 71 51
0.26201 67 51
0.13333 74 50
0.13333 71 47
0.13333 73 50
0.26667 79 47
0.26087 83 53
0.26087 79 59
0.26087 74 53
0.13043 79 53
0.13043 74 49
0.13043 78 53
0.26087 83 49
0.26087 83 58
0.26087 79 52
0.26087 74 52
0.13274 79 46
0.13274 83 49
0.13274 82 50
0.26549 86 46
0.26087 86 50
0.26087 83 50
0.26087 79 50
0.12876 86 49
0.12876 83 46
0.12876 85 49
0.25751 91 46
0.25974 91 50
0.25974 86 56
0.25974 83 50
0.12987 86 49
0.12987 83 45
0.12987 82 48
0.25974 91 45
0.25974 91 48
0.25974 86 51
0.25974 83 48
0.12987 86 47
0.12987 83 42
0.12987 82 46
0.25974 91 42
0.25974 91 46
0.25974 86 49
0.25974 83 46
0.13333 86 44
0.13333 83 39
0.13333 82 44
0.26667 91 39
0.26087 91 44
0.26087 86 48
0.26087 83 44
0.13393 86 40
0.13393 83 38
0.13422 82 40
0.26815 91 38
0.26725 91 40
0.26725 86 45
0.26725 83 40
0.13777 86 39
0.13777 83 36
0.13777 82 38
0.27553 91 36
0.27394 91 39
0.27394 86 42
0.27394 83 39
0.13963 86 37
0.13963 83 34
0.13963 82 36
0.27925 91 34
0.50682 91 33
0.50682 86 33
0.50682 83 33
2.76056 0 0
1.10510 87 92
1.10510 75 61
1.10510 79 61
1.10510 82 72
0.41284 86 80
0.41284 80 62
0.41284 74 52
0.14915 82 68
0.27886 84 67
0.08969 84 59
0.08969 86 59
0.08969 84 59
0.55556 82 66
1.10348 79 60
1.10348 75 60
0.42859 74 48
0.42859 70 48
0.42859 80 64
0.14423 77 57
0.14305 79 68
0.14305 80 60
0.28610 82 65
0.86210 75 51
0.86210 70 51
0.14084 55 42
0.14084 58 38
0.57160 82 65
0.14415 56 42
0.14415 58 38
0.14415 56 42
0.14415 58 38
0.29571 55 48
0.14786 58 42
0.14744 60 39
0.14431 58 46
0.14431 60 40
0.14825 63 48
0.14825 60 44
0.88043 55 42
0.29032 62 51
0.15312 60 48
0.16067 58 48
0.60411 56 46
1.10227 87 89
1.10227 75 61
1.10227 79 61
1.10227 82 72
0.41096 86 80
0.41096 80 62
0.41096 74 52
0.14915 82 68
0.27886 84 71
0.09009 84 57
0.09009 86 57
0.09009 84 57
0.57431 82 65
1.12344 79 57
1.12344 75 60
0.43553 73 41
0.43553 67 41
0.43553 81 61
0.43553 69 41
0.14723 79 52
0.14305 78 62
0.14305 79 55
0.28610 81 58
0.86210 74 44
0.86210 69 44
0.14151 54 38
0.14151 57 34
0.57293 81 58
0.14415 55 38
0.14415 57 34
0.14415 55 38
0.14415 57 35
0.29571 54 44
0.14786 57 39
0.14744 59 37
0.14431 57 42
0.14431 59 38
0.14825 57 46
0.14825 59 41
0.88043 54 39
0.29032 61 49
0.15312 59 47
0.16067 57 47
0.60411 55 44
1.10469 86 89
1.10469 74 61
1.10469 78 61
1.10469 81 72
0.41284 85 75
0.41284 79 62
0.41284 73 52
0.14915 81 67
0.27886 83 75
0.09173 83 59
0.09050 85 59
0.09050 83 59
0.55556 81 67
1.10714 78 60
1.10714 74 60
0.43159 73 48
0.43159 67 48
0.43159 79 68
0.43159 69 48
0.14723 76 60
0.14305 78 68
0.14305 79 60
0.28610 81 65
0.86210 74 51
0.86210 69 51
0.14019 54 42
0.14019 57 38
0.57028 81 65
0.14415 55 42
0.14415 57 38
0.14415 55 42
0.14415 57 38
0.29571 54 48
0.14786 57 42
0.14744 59 39
0.14431 57 46
0.14431 59 40
0.14825 62 48
0.14825 59 44
0.88043 54 42
0.29032 61 51
0.15312 59 48
0.16067 57 48
0.60411 55 46
1.10108 86 94
1.10108 74 60
1.10108 78 60
1.10108 81 72
0.41284 85 82
0.41284 79 69
0.41284 73 57
0.14915 81 68
0.14915 69 68
0.82691 78 63
0.82691 71 63
0.82691 83 82
0.82691 74 63
0.27778 86 91
0.27778 74 82
0.42455 79 57
0.42455 73 52
0.42455 85 79
0.14286 81 71
0.14286 69 64
0.83659 78 66
0.83659 71 67
0.83659 83 88
0.83659 74 66
0.28337 86 86
0.28337 74 79
0.43969 79 48
0.43969 72 48
0.43969 84 72
0.14723 81 60
0.14723 69 56
0.10274 72 45
0.03425 0 0
0.10274 74 47
0.03425 0 0
0.10417 75 49
0.03472 0 0
0.10417 77 51
0.03472 0 0
0.10274 75 53
0.03425 0 0
0.10274 77 51
0.03425 0 0
0.10417 75 51
0.03472 0 0
0.10417 74 51
0.03472 0 0
0.10090 72 53
0.03363 0 0
0.10090 74 49
0.03363 0 0
0.10274 72 49
0.03425 0 0
0.10274 70 49
0.03425 0 0
0.10090 69 46
0.03363 0 0
0.10090 70 48
0.03363 0 0
0.10227 72 49
0.03409 0 0
0.10227 74 51
0.03409 0 0
0.10045 72 53
0.03348 0 0
0.10045 74 50
0.03348 0 0
0.10227 72 50
0.03409 0 0
0.10222 70 50
0.03394 0 0
0.10181 69 53
0.03394 0 0
0.10135 70 50
0.03378 0 0
0.10090 69 50
0.03363 0 0
0.10065 67 50
0.03348 0 0
0.10020 66 48
0.03333 0 0
0.09995 67 49
0.03319 0 0
0.09951 69 51
0.03304 0 0
0.09907 70 53
0.03289 0 0
0.09849 72 53
0.03289 0 0
0.09941 70 51
0.03333 0 0
0.10030 69 51
0.03363 0 0
0.10140 67 51
0.03394 0 0
0.10253 65 53
0.03425 0 0
0.10353 67 51
0.03472 0 0
0.10444 65 51
0.03488 0 0
0.10543 63 51
0.03526 0 0
0.29268 74 86
0.29268 62 73
0.29268 66 73
0.29268 69 73
0.28436 78 89
0.28436 66 74
0.28436 69 74
0.28436 74 74
0.28436 81 90
0.28436 69 75
0.28436 74 75
0.28436 78 75
0.28986 74 80
0.28986 86 94
0.28986 81 80
0.28986 78 80
0.28986 99 106
0.28986 87 80
0.28986 91 80
0.28986 94 89
0.29112 75 88
0.29112 63 73
0.29112 67 73
0.29112 70 73
0.29268 74 86
0.29268 62 73
0.29268 66 73
0.29268 69 73
0.29268 78 89
0.29268 66 74
0.29268 69 74
0.29268 74 74
0.29851 81 90
0.29851 69 75
0.29851 74 75
0.29851 78 75
0.30358 74 80
0.30358 86 94
0.30358 81 80
0.30358 78 80
0.30358 99 106
0.30358 87 80
0.30358 91 80
0.30358 94 89
0.30358 75 88
0.30358 63 73
0.30358 67 73
0.30358 70 73
0.27778 66 72
0.27778 62 72
0.27778 57 72
0.13636 62 67
0.13636 57 67
0.13636 61 67
0.27273 66 67
0.27273 66 72
0.27273 60 72
0.13636 59 67
0.13636 58 72
0.27273 66 67
0.27273 67 75
0.27273 61 75
0.27273 57 75
0.14294 61 69
0.14294 57 69
0.28588 67 69
0.27149 66 79
0.27149 62 79
0.27149 57 79
0.13575 62 72
0.13575 57 72
0.13575 61 72
0.27149 66 72
0.27149 66 77
0.27149 60 77
0.14000 59 67
0.14000 58 68
0.28001 66 67
0.28468 67 75
0.28468 61 75
0.28468 57 75
0.14850 61 68
0.14850 57 68
0.29700 67 68
0.58549 66 68
0.58549 62 68
0.58549 57 68
1.14950 0 0
0.28085 86 90
0.28085 78 75
0.28085 72 75
0.28085 74 75
0.28085 81 75
0.14042 86 84
0.14042 78 70
0.14042 72 70
0.14042 74 70
0.14042 81 70
0.14042 86 84
0.14042 78 70
0.14042 72 70
0.14042 74 70
0.14042 81 70
0.28148 86 90
0.28148 78 75
0.28148 72 75
0.28148 74 75
0.28148 81 75
0.14189 86 80
0.14189 78 67
0.14189 72 67
0.14189 74 67
0.14189 81 67
0.14253 86 80
0.14253 78 67
0.14253 72 67
0.14253 74 67
0.14253 81 67
0.28741 86 90
0.28741 78 75
0.28741 72 75
0.28741 74 75
0.28741 81 75
0.14490 86 81
0.14490 78 68
0.14490 72 68
0.14490 74 68
0.14490 81 68
0.11155 86 81
0.11155 78 68
0.11155 72 68
0.11155 74 68
0.11155 81 68
0.14735 0 0
0.25713 91 91
0.30315 83 77
0.34569 74 77
0.32477 79 77
0.28056 86 91
0.13699 67 67
0.13699 62 61
0.13699 66 67
0.27397 71 61
0.27397 71 64
0.27397 65 71
0.13514 64 64
0.13514 63 69
0.27027 71 59
0.27027 72 66
0.27027 66 66
0.27027 62 72
0.13858 66 64
0.13858 62 64
0.27716 72 60
0.27273 71 67
0.27273 67 72
0.27273 62 67
0.13393 67 66
0.13393 62 60
0.13393 66 64
0.26786 71 60
0.26786 71 63
0.26786 65 69
0.13573 64 59
0.13573 63 59
0.27147 71 53
0.27599 72 60
0.27599 66 60
0.27599 62 66
0.14563 66 58
0.14563 62 57
0.29126 72 52
1.09812 79 75
1.09812 67 49
1.09812 71 49
1.09812 74 58
0.41096 78 66
0.41096 72 55
0.41096 66 46
0.14915 74 63
0.27886 76 69
0.08734 76 60
0.08734 78 60
0.08734 76 60
0.55556 74 64
1.09643 71 58
1.09643 67 58
0.43025 69 39
0.43025 62 39
0.43025 60 39
0.43025 72 58
0.43025 66 39
0.14723 69 53
0.14305 71 63
0.14305 72 57
0.28610 74 60
0.86210 67 45
0.86210 62 45
0.14151 59 42
0.14151 62 38
0.57293 74 60
0.14415 60 42
0.14415 62 38
0.14415 60 42
0.14415 62 38
0.29571 59 48
0.14786 62 42
0.14744 64 39
0.14431 62 46
0.14431 64 40
0.14825 67 48
0.14825 64 44
0.88043 59 42
0.29032 66 51
0.15312 64 48
0.16484 62 48
0.60828 60 46
1.09416 79 82
1.09416 67 53
1.09416 71 53
1.09416 74 63
0.40909 78 68
0.40909 72 60
0.40909 66 46
0.14915 74 66
0.27886 76 69
0.08850 76 60
0.08850 78 60
0.08850 76 60
0.55556 74 64
1.09990 71 58
1.09990 67 58
0.42662 69 39
0.42662 62 39
0.42662 60 39
0.42662 72 58
0.42662 66 39
0.14493 69 53
0.14305 71 63
0.14305 72 57
0.28610 74 60
0.86210 67 45
0.86210 62 45
0.14151 59 42
0.14151 62 38
0.57293 74 60
0.14415 60 42
0.14415 62 38
0.14415 60 42
0.14415 62 38
0.29571 59 48
0.14786 62 42
0.14744 64 39
0.14431 62 46
0.14431 64 40
0.14825 67 48
0.14825 64 44
0.88043 59 42
0.29032 66 51
0.14702 64 48
0.15306 62 48
0.59040 60 42
1.10108 79 79
1.10108 74 66
1.10108 67 56
0.41096 77 70
0.41096 69 57
0.41096 65 48
0.14915 72 68
0.27886 74 72
0.13393 74 66
0.13393 75 66
0.55556 77 72
1.10228 70 60
1.10228 65 60
0.43553 69 40
0.43553 65 40
0.43553 75 67
0.14723 72 56
0.13825 74 72
0.13825 75 63
0.13825 74 68
0.13825 75 61
0.13636 77 70
0.13636 79 62
0.13393 81 69
0.13393 79 60
1.09358 65 42
1.09358 70 47
0.14106 77 69
0.14106 75 69
0.14106 74 74
0.14231 72 69
0.56549 69 44
0.13889 74 77
0.13889 75 66
0.13889 74 72
0.14151 75 61
0.13575 77 70
0.13575 79 62
0.13761 81 69
0.13761 79 60
1.10490 65 50
1.10490 70 50
0.14088 77 67
0.14232 75 66
0.14378 74 63
0.14775 72 62
0.57472 69 61
1.09874 74 74
1.09874 70 59
1.09874 65 49
0.28463 74 62
0.28463 72 57
0.14231 74 58
0.14915 72 58
0.57609 66 48
0.57609 62 48
0.83737 71 69
0.14295 72 58
0.14295 74 58
1.12327 67 59
1.12327 62 49
0.27886 75 62
0.13943 77 58
0.14915 75 58
0.56744 72 48
0.56744 67 48
0.27886 74 74
0.14106 71 58
0.14106 72 58
0.56098 67 59
0.29245 74 68
0.29245 71 52
0.14295 71 55
0.14295 72 55
0.57836 67 49
0.28719 71 60
0.14827 69 55
0.14915 71 55
0.58461 66 46
0.58461 62 46
0.27523 67 60
0.27523 62 55
0.13453 67 56
0.13453 62 51
0.13453 66 56
0.26906 71 51
0.26906 71 55
0.26906 65 60
0.13453 64 56
0.13453 63 60
0.26906 71 51
0.26906 72 58
0.26906 66 58
0.26906 62 63
0.13858 66 58
0.13858 62 58
0.27716 72 53
0.26786 71 60
0.26786 67 66
0.26786 62 60
0.13393 67 60
0.13393 62 55
0.13393 66 60
0.26786 71 55
0.26786 71 59
0.26786 65 64
0.13573 64 56
0.13573 63 57
0.27147 71 51
0.26786 72 58
0.26786 66 58
0.26786 62 63
0.13636 66 57
0.13636 62 57
0.27273 72 52
0.26432 71 60
0.26432 67 66
0.26432 62 60
0.13216 67 60
0.13216 62 55
0.13216 66 60
0.26432 71 55
0.26432 71 64
0.26432 67 59
0.26432 62 59
0.13393 67 51
0.13393 71 56
0.13393 70 57
0.26786 74 51
0.26201 74 63
0.26201 71 58
0.26201 67 58
0.13333 74 57
0.13333 71 52
0.13333 73 57
0.26667 79 52
0.26087 83 60
0.26087 79 66
0.26087 74 60
0.13043 79 60
0.13043 74 55
0.13043 78 60
0.26087 83 55
0.26087 83 64
0.26087 79 59
0.26087 74 59
0.13274 79 51
0.13274 83 56
0.13274 82 57
0.26549 86 51
0.26087 86 57
0.26087 83 57
0.26087 79 57
0.12876 86 56
0.12876 83 51
0.12876 85 56
0.25751 91 51
0.25974 91 57
0.25974 86 62
0.25974 83 57
0.12987 86 55
0.12987 83 50
0.12987 82 53
0.25974 91 50
0.25974 91 53
0.25974 86 58
0.25974 83 53
0.12987 86 52
0.12987 83 48
0.12987 82 51
0.25974 91 48
0.25974 91 51
0.25974 86 56
0.25974 83 51
0.13333 86 49
0.13333 83 45
0.13333 82 49
0.26667 91 45
0.26087 91 49
0.26087 86 53
0.26087 83 49
0.13393 86 46
0.13393 83 42
0.13422 82 46
0.26815 91 42
0.26725 91 46
0.26725 86 50
0.26725 83 46
0.13777 86 44
0.13777 83 40
0.13777 82 42
0.27553 91 40
0.27394 91 44
0.27394 86 48
0.27394 83 44
0.13963 86 41
0.13963 83 38
0.13963 82 40
0.27925 91 38
0.52657 91 37
0.52657 86 37
0.52657 83 37
5.54729 0 0
0.35088 84 53
0.35088 86 59
0.35088 87 55
0.33467 89 58
0.34348 92 61
0.81584 96 72
0.15765 94 56
0.15765 92 57
0.15765 91 53
0.16234 89 57
0.16234 91 53
0.15917 92 56
0.15917 89 52
0.16234 91 60
0.15765 92 55
0.15765 91 58
0.15917 89 50
0.15689 87 56
0.15970 89 52
0.16262 87 53
0.16593 86 49
0.16734 84 55
0.16734 86 51
0.16734 87 56
0.18434 91 51
1.07090 91 58
0.16650 89 55
0.16650 87 49
0.16650 86 57
0.16650 87 51
0.16907 89 51
0.16907 92 51
0.10310 91 53
0.10310 92 45
0.10310 91 45
0.16564 89 51
0.16564 87 48
0.16564 86 49
0.16564 87 50
0.17174 89 51
0.17174 91 45
0.10770 89 52
0.10770 83 39
0.10770 91 40
0.10770 89 40
0.16822 87 41
0.16822 86 38
0.37290 84 37
0.37290 96 45
0.37290 91 37
0.37290 87 37
0.35663 0 0
1.38368 72 37
1.38368 60 37
1.38368 65 37
1.38368 68 37
0.17143 67 51
0.17143 63 51
0.17143 62 46
0.34286 72 60
0.17341 63 39
0.17341 60 39
0.17832 55 44
0.35173 67 48
0.16734 67 50
0.16734 63 50
0.16734 62 44
0.33467 72 59
0.16734 63 38
0.16734 60 38
0.17639 55 44
0.34372 67 46
0.17084 67 49
0.17084 65 49
0.17084 63 41
0.34169 71 58
0.17084 65 38
0.17084 62 38
0.17084 55 41
0.34169 67 46
0.34169 72 49
0.34169 60 39
0.34169 63 39
0.34169 67 49
0.35278 84 58
0.35277 86 67
0.35278 87 61
0.33300 89 66
0.34169 92 69
0.81852 99 85
0.15765 98 67
0.15765 96 68
0.15765 94 63
0.10823 96 68
0.10823 98 68
0.10823 96 68
0.15997 94 67
0.15997 92 62
0.16907 94 72
0.15841 96 66
0.15841 94 69
0.16317 92 60
0.31840 91 67
0.16398 89 63
0.16764 91 58
0.16734 92 66
0.16734 94 61
0.16734 96 67
0.18434 92 61
0.10664 91 73
0.10664 92 63
0.10664 91 63
0.16317 89 67
0.16995 91 70
0.33127 87 73
0.16564 86 70
0.16564 87 67
0.10664 89 75
0.10664 91 67
0.10664 89 67
0.16234 87 73
0.16907 89 67
0.10664 86 73
0.10664 87 63
0.10664 86 63
0.16317 84 67
0.16995 87 70
0.32634 86 73
0.16317 84 70
0.16317 86 67
0.15841 87 75
0.15841 89 75
0.16234 91 73
0.16907 92 67
0.10510 89 73
0.10535 91 63
0.10561 89 62
0.10611 87 72
0.10638 89 62
0.10690 87 62
0.10716 86 71
0.10770 87 61
0.10796 86 61
0.10850 84 70
0.10878 86 60
0.10931 84 60
0.10960 82 69
0.11015 84 59
0.11042 82 59
0.11100 80 68
0.11128 82 59
0.11185 80 58
0.72954 79 67
1.38368 74 46
1.38368 66 46
1.38368 62 46
1.38368 60 46
1.38368 69 46
0.17241 71 60
0.17241 67 51
0.17241 62 51
0.17241 60 46
0.17442 67 48
0.17442 62 39
0.17442 59 39
0.17832 55 44
0.16995 71 59
0.16995 67 50
0.16995 62 50
0.16995 60 44
0.16995 67 46
0.16995 62 38
0.16995 59 38
0.18645 55 44
0.17735 72 58
0.17735 66 49
0.17735 64 49
0.17735 62 41
0.19659 66 46
0.19659 62 38
0.19659 60 38
0.19659 57 41
0.36145 67 46
0.36145 55 46
0.36145 79 61
0.36145 79 60
0.36145 79 58
0.54217 79 57
0.18072 79 55
0.71659 79 60
0.52326 77 57
0.18182 74 52
0.17442 75 57
0.17442 77 53
0.17442 79 57
0.17442 80 53
0.35928 79 60
0.17442 80 57
0.17442 79 55
0.35928 77 58
0.17442 74 56
0.17442 77 56
0.11628 75 61
0.11696 77 50
0.11765 75 50
0.17787 74 58
0.17928 72 51
0.54217 71 56
0.18072 74 52
1.45901 74 55
0.38710 0 0
0.37037 79 61
0.37037 79 60
0.37037 79 58
0.54217 79 57
0.18072 79 55
0.71659 79 60
0.34884 77 57
0.17442 74 52
0.18182 75 52
0.08824 77 57
0.08772 79 53
0.08704 80 57
0.08654 82 53
0.11511 84 53
0.11696 82 53
0.11887 80 53
0.35928 79 60
0.17442 80 57
0.17442 79 55
0.35928 77 58
0.17442 74 56
0.17442 75 56
0.11628 77 61
0.11696 79 52
0.11765 77 53
0.11834 75 58
0.11905 74 61
0.11976 72 63
0.34091 71 74
0.08102 65 68
0.08102 0 0
0.08102 65 68
0.08102 0 0
0.16484 68 75
0.16484 0 0
0.08058 62 69
0.08058 0 0
0.08058 62 70
0.08058 0 0
0.16304 65 75
0.16304 0 0
0.07956 59 68
0.07956 0 0
0.07956 59 68
0.07956 0 0
0.16216 62 81
0.16216 0 0
0.07912 56 74
0.07912 0 0
0.07912 56 74
0.07912 0 0
0.16304 60 83
0.16304 0 0
0.07912 53 75
0.07912 0 0
0.07912 53 75
0.07912 0 0
0.16304 56 83
0.16304 0 0
0.07827 50 74
0.07827 0 0
0.07827 50 74
0.07827 0 0
0.16734 55 81
0.16734 0 0
0.07827 65 74
0.07827 0 0
0.07827 65 74
0.07827 0 0
0.08180 68 83
0.08180 0 0
0.08180 68 74
0.08180 0 0
0.07745 62 79
0.07745 0 0
0.07745 62 75
0.07745 0 0
0.08089 65 83
0.08089 0 0
0.08089 65 73
0.08089 0 0
0.07745 59 79
0.07745 0 0
0.07745 59 74
0.07745 0 0
0.07999 62 81
0.07999 0 0
0.07999 62 81
0.07999 0 0
0.07786 56 74
0.07786 0 0
0.07786 56 74
0.07786 0 0
0.08044 60 83
0.08044 0 0
0.08044 60 74
0.08044 0 0
0.07786 53 79
0.07786 0 0
0.07786 53 75
0.07786 0 0
0.08044 56 83
0.08044 0 0
0.08044 56 73
0.08044 0 0
0.07827 50 79
0.07827 0 0
0.07827 50 74
0.07827 0 0
0.30877 55 79
4.01971 0 0
0.35088 84 53
0.35088 86 59
0.35088 87 55
0.33467 89 58
0.34348 92 61
0.81584 96 72
0.15765 94 56
0.15765 92 57
0.15765 91 53
0.16234 89 57
0.16234 91 53
0.15917 92 56
0.15917 89 52
0.16234 91 60
0.15765 92 55
0.15765 91 58
0.15917 89 50
0.15689 87 56
0.15970 89 52
0.16262 87 53
0.16593 86 49
0.16734 84 55
0.16734 86 51
0.16734 87 56
0.18434 91 51
1.07090 91 58
0.16650 89 55
0.16650 87 49
0.16650 86 57
0.16650 87 51
0.16907 89 51
0.16907 92 51
0.10310 91 53
0.10310 92 45
0.10310 91 45
0.16564 89 51
0.16564 87 48
0.16564 86 49
0.16564 87 50
0.17174 89 51
0.17174 91 45
0.10770 89 52
0.10770 83 52
0.10770 91 40
0.10770 89 40
0.16822 87 41
0.16822 86 38
0.37290 84 37
0.37290 96 45
0.37290 91 37
0.37290 87 37
0.35663 0 0
1.38368 72 37
1.38368 60 37
1.38368 65 37
1.38368 68 37
0.16575 67 51
0.16575 63 51
0.16575 62 46
0.33149 72 60
0.16575 63 39
0.16575 60 39
0.17832 55 44
0.34406 67 48
0.16734 67 50
0.16734 63 50
0.16734 62 44
0.33467 72 59
0.16734 63 38
0.16734 60 38
0.17639 55 44
0.34372 67 46
0.17084 67 49
0.17084 65 49
0.17084 63 41
0.34169 71 58
0.17084 65 38
0.17084 62 38
0.17857 55 41
0.34941 67 46
0.26831 72 66
0.26831 67 56
0.26831 63 56
0.13416 67 42
0.13416 63 42
0.13561 62 48
0.26977 72 52
0.26087 72 64
0.26087 67 55
0.26087 63 55
0.13043 60 41
0.13416 59 48
0.26459 67 50
0.26459 63 50
0.25985 67 63
0.25985 63 53
0.25985 60 53
0.25985 55 50
0.26831 75 72
0.26831 70 61
0.26831 67 61
0.13416 70 46
0.13416 67 46
0.13561 66 52
0.26977 75 57
0.25452 75 70
0.25452 70 60
0.25452 67 60
0.12726 63 45
0.13416 62 52
0.26141 70 55
0.26141 67 55
0.25985 70 69
0.25985 67 58
0.25985 63 58
0.25985 67 55
0.25985 63 55
0.25985 58 55
0.26432 74 66
0.26432 67 66
0.26432 62 66
0.26432 71 72
0.13216 71 66
0.13216 67 60
0.13216 66 66
0.26432 74 60
0.26432 74 70
0.26432 71 64
0.26432 67 64
0.13393 71 57
0.13393 74 62
0.13393 70 63
0.26786 79 57
0.26201 79 70
0.26201 74 64
0.26201 71 64
0.13333 74 64
0.13333 73 64
0.26667 79 59
0.26667 83 59
0.27149 83 82
0.27149 79 70
0.27149 74 70
0.13575 83 67
0.13575 79 67
0.13575 74 67
0.13575 82 83
0.27149 86 80
0.27149 86 83
0.27149 74 70
0.27149 79 70
0.27149 83 70
0.14218 86 73
0.14218 74 73
0.14218 86 73
0.14218 74 73
0.27778 86 85
0.27778 74 72
0.27778 84 85
0.27778 78 72
0.27778 84 78
0.27778 74 67
0.27778 86 78
0.27778 78 67
0.26786 71 69
0.26786 67 75
0.26786 62 69
0.13393 67 70
0.13393 62 63
0.13393 66 70
0.26786 71 63
0.26786 71 69
0.26786 65 75
0.13393 64 70
0.13393 63 75
0.26786 71 63
0.26786 72 72
0.26786 66 72
0.26786 62 79
0.13858 66 72
0.13858 62 72
0.27716 72 66
0.26786 71 75
0.26786 67 82
0.26786 62 75
0.13393 67 75
0.13393 62 69
0.13393 66 75
0.26786 71 69
0.26786 71 73
0.26786 65 80
0.13573 64 70
0.13573 63 71
0.27147 71 63
0.27599 72 72
0.27599 66 72
0.27599 62 79
0.14563 66 71
0.14563 62 71
0.29126 72 64
1.09990 79 75
1.09990 67 49
1.09990 71 49
1.09990 74 58
0.41096 78 66
0.41096 72 55
0.41096 66 46
0.14915 74 63
0.27886 76 69
0.08889 76 60
0.08889 78 60
0.08889 76 60
0.55556 74 64
1.10108 71 58
1.10108 67 58
0.43025 69 39
0.43025 62 39
0.43025 60 39
0.43025 72 58
0.43025 66 39
0.14723 69 53
0.14305 71 63
0.14305 72 57
0.28610 74 60
0.86210 67 45
0.86210 62 45
0.14085 59 42
0.14084 62 38
0.57160 74 60
0.14415 60 42
0.14415 62 38
0.14415 60 42
0.14415 62 38
0.29571 59 48
0.14786 62 42
0.14744 64 39
0.14431 62 46
0.14431 64 40
0.14825 67 48
0.14825 64 44
0.88043 59 42
0.29032 66 51
0.15312 64 48
0.16484 62 48
0.60828 60 46
1.10227 79 82
1.10227 67 53
1.10227 71 53
1.10227 74 63
0.41096 78 68
0.41096 72 60
0.41096 66 46
0.14915 74 66
0.27886 76 69
0.08969 76 60
0.08969 78 60
0.08969 76 60
0.55556 74 64
1.10348 71 58
1.10348 67 58
0.42662 69 39
0.42662 62 39
0.42662 60 39
0.42662 72 58
0.42662 66 39
0.14493 69 53
0.14305 71 63
0.14305 72 57
0.28610 74 60
0.86210 67 45
0.86210 62 45
0.14151 59 42
0.14151 62 38
0.57293 74 60
0.14415 60 42
0.14415 62 38
0.14415 60 42
0.14415 62 38
0.29571 59 48
0.14786 62 42
0.14744 64 39
0.14431 62 46
0.14431 64 40
0.14825 67 48
0.14825 64 44
0.88043 59 42
0.29032 66 51
0.14702 64 48
0.15306 62 48
0.59040 60 42
1.10348 79 79
1.10348 74 66
1.10348 67 56
0.40909 77 70
0.40909 69 57
0.40909 65 48
0.14915 72 68
0.27886 74 72
0.13514 74 66
0.13514 75 66
0.55556 77 72
1.10469 70 60
1.10469 65 60
0.43553 69 40
0.43553 65 40
0.43553 75 67
0.14723 72 56
0.13825 74 72
0.13825 75 63
0.13825 74 68
0.13825 75 61
0.13699 77 70
0.13699 79 62
0.13393 81 69
0.13393 79 60
1.09482 65 42
1.09482 70 47
0.14106 77 69
0.14106 75 69
0.14106 74 74
0.14231 72 69
0.56549 69 44
0.13889 74 77
0.13889 75 66
0.13889 74 72
0.14151 75 61
0.13575 77 70
0.13575 79 62
0.13761 81 69
0.13761 79 60
1.10490 65 50
1.10490 70 50
0.14088 77 67
0.14232 75 66
0.14378 74 63
0.14775 72 62
0.57472 69 61
1.09643 74 74
1.09643 70 59
1.09643 65 49
0.28463 74 62
0.28463 72 57
0.14231 74 58
0.14915 72 58
0.57609 66 48
0.57609 62 48
0.83737 71 69
0.14295 72 58
0.14295 74 58
1.12327 67 59
1.12327 62 49
0.27886 75 62
0.13943 77 58
0.14915 75 58
0.56744 72 48
0.56744 67 48
0.27886 74 74
0.14106 71 58
0.14106 72 58
0.56098 67 59
0.29245 74 68
0.29245 71 52
0.14295 71 55
0.14295 72 55
0.57836 67 49
0.28719 71 60
0.14827 69 55
0.14915 71 55
0.58461 66 46
0.58461 62 46
0.27523 67 60
0.27523 62 55
0.13393 67 56
0.13393 62 51
0.13393 66 56
0.26786 71 51
0.26786 71 55
0.26786 65 60
0.13393 64 56
0.13393 63 60
0.26786 71 51
0.26786 72 58
0.26786 66 58
0.26786 62 63
0.13858 66 58
0.13858 62 58
0.27716 72 53
0.26786 71 60
0.26786 67 66
0.26786 62 60
0.13393 67 60
0.13393 62 55
0.13393 66 60
0.26786 71 55
0.26786 71 59
0.26786 65 64
0.13573 64 56
0.13573 63 57
0.27147 71 51
0.26786 72 58
0.26786 66 58
0.26786 62 63
0.13636 66 57
0.13636 62 57
0.27273 72 52
0.26432 71 60
0.26432 67 66
0.26432 62 60
0.13216 67 60
0.13216 62 55
0.13216 66 60
0.26432 71 55
0.26432 71 64
0.26432 67 59
0.26432 62 59
0.13393 67 51
0.13393 71 56
0.13393 70 57
0.26786 74 51
0.26201 74 63
0.26201 71 58
0.26201 67 58
0.13333 74 57
0.13333 71 52
0.13333 73 57
0.26667 79 52
0.26087 83 60
0.26087 79 66
0.26087 74 60
0.13043 79 60
0.13043 74 55
0.13043 78 60
0.26087 83 55
0.26087 83 64
0.26087 79 59
0.26087 74 59
0.13274 79 51
0.13274 83 56
0.13274 82 57
0.26549 86 51
0.26087 86 57
0.26087 83 57
0.26087 79 57
0.12876 86 56
0.12876 83 51
0.12876 85 56
0.25751 91 51
0.25974 91 57
0.25974 86 62
0.25974 83 57
0.12987 86 55
0.12987 83 50
0.12987 82 53
0.25974 91 50
0.25974 91 53
0.25974 86 58
0.25974 83 53
0.12987 86 52
0.12987 83 48
0.12987 82 51
0.25974 91 48
0.25974 91 51
0.25974 86 56
0.25974 83 51
0.13333 86 49
0.13333 83 45
0.13333 82 49
0.26667 91 45
0.26087 91 49
0.26087 86 53
0.26087 83 49
0.13393 86 46
0.13393 83 42
0.13422 82 46
0.26815 91 42
0.26725 91 46
0.26725 86 50
0.26725 83 46
0.13777 86 44
0.13777 83 40
0.13777 82 42
0.27553 91 40
0.27394 91 44
0.27394 86 48
0.27394 83 44
0.13963 86 41
0.13963 83 38
0.13963 82 40
0.27925 91 38
2.73155 91 37
2.73155 86 33
2.73155 83 33
0.59701 95 92
0.59701 83 81
0.59701 86 81
0.59701 91 92
1.79104 55 99
#  Piano left
0.80357 55 41
0.80357 43 35
0.26786 50 36
0.26786 38 29
0.26786 57 39
0.26786 45 33
0.27716 50 44
0.27716 38 37
0.80357 55 47
0.80357 43 39
0.27147 50 45
0.27147 38 38
0.27599 57 41
0.27599 45 35
0.29126 50 39
0.29126 38 33
0.27778 0 0
0.13636 50 44
0.13636 52 44
0.13889 50 47
0.13889 0 0
0.13889 50 44
1.10606 55 41
1.10606 43 35
0.27523 0 0
0.28676 50 41
0.56199 57 41
0.56199 43 35
0.28037 0 0
0.13575 50 44
0.13575 52 44
0.13889 50 47
0.13889 0 0
0.13889 50 44
1.10742 59 41
1.10742 43 41
0.28302 0 0
0.29446 50 36
0.57748 57 41
0.57748 43 35
0.28610 0 0
0.14305 50 39
0.14305 52 39
0.14496 50 41
0.14496 0 0
0.14151 50 39
1.14512 55 37
1.14512 43 30
0.28830 0 0
0.28829 50 37
0.57659 54 37
0.57659 43 37
0.29571 0 0
0.14786 50 44
0.14744 52 44
0.14431 50 47
0.14431 0 0
0.14825 50 44
1.17614 55 41
1.17614 43 35
0.29032 0 0
0.31796 50 41
0.60828 57 41
0.60828 43 37
0.27886 0 0
0.13514 50 48
0.13514 52 48
0.13889 50 50
0.13889 0 0
0.13889 50 48
1.10469 55 46
1.10469 43 38
0.27479 0 0
0.28614 50 41
0.56092 57 41
0.56092 43 35
0.27886 0 0
0.13514 50 44
0.13514 52 44
0.13889 50 47
0.13889 0 0
0.13889 50 44
1.10469 59 41
1.10469 43 41
0.28169 0 0
0.28985 50 36
0.57154 57 41
0.57154 43 35
0.28610 0 0
0.14305 50 39
0.14305 52 39
0.14496 50 41
0.14496 0 0
0.14151 50 39
1.14512 55 37
1.14512 43 30
0.28829 0 0
0.28829 50 37
0.57659 54 37
0.57659 43 37
0.29571 0 0
0.14786 50 44
0.14744 52 44
0.14431 50 47
0.14431 0 0
0.14825 50 44
1.17614 55 41
1.17614 43 35
0.29032 0 0
0.30008 50 41
0.59040 57 41
0.59040 43 35
0.28169 0 0
0.13575 50 49
0.13575 51 49
0.13889 50 52
0.13889 0 0
0.13889 50 49
1.10874 58 48
1.10874 43 39
0.27397 0 0
0.28614 53 44
0.56011 63 44
0.56011 41 36
0.27886 0 0
0.13514 53 46
0.13514 55 46
0.13825 53 49
0.13825 0 0
0.13825 53 46
1.10213 62 44
1.10213 46 44
0.28830 0 0
0.29446 53 37
0.58276 63 44
0.58276 46 36
0.27650 0 0
0.13825 53 46
0.13825 55 46
0.13636 53 49
0.13636 0 0
0.13393 53 46
1.09358 62 44
1.09358 46 36
0.28211 0 0
0.28337 53 44
0.56549 63 44
0.56549 46 36
0.27778 0 0
0.13889 53 46
0.14151 55 46
0.13575 53 49
0.13575 0 0
0.13761 53 46
1.10490 62 44
1.10490 46 36
0.28319 0 0
0.29153 53 38
0.57472 63 40
0.57472 46 40
0.27886 0 0
0.13943 53 39
0.13943 55 39
0.13943 53 44
0.13943 0 0
0.13943 53 39
1.11545 62 42
1.11545 46 35
0.28463 57 39
0.29146 50 39
0.57609 45 31
0.27886 55 42
0.13943 55 39
0.13943 56 39
0.13982 55 44
0.13982 0 0
0.14295 55 39
1.12327 43 35
0.27886 55 39
0.28858 57 39
0.56744 48 31
0.27886 59 42
0.14106 62 39
0.14106 64 39
0.14623 62 44
0.14623 0 0
0.14295 62 39
1.13934 50 35
0.28719 60 39
0.29742 60 37
0.58461 50 31
0.81094 59 41
0.81094 43 35
0.26786 50 36
0.26786 38 29
0.26786 57 39
0.26786 45 33
0.27716 50 44
0.27716 38 37
0.80357 55 47
0.80357 43 39
0.27147 50 45
0.27147 38 38
0.26786 57 41
0.26786 45 35
0.27273 50 39
0.27273 38 33
0.13216 55 47
0.13216 43 39
0.39648 0 0
0.13216 55 47
0.40002 0 0
0.13100 62 41
0.39767 0 0
0.13043 67 47
0.39130 0 0
0.13043 71 47
0.39592 0 0
0.13043 74 41
0.38795 0 0
0.12987 79 41
0.38961 0 0
0.12987 79 39
0.38961 0 0
0.12987 79 38
0.39654 0 0
0.13043 79 36
0.39858 0 0
0.13274 79 34
0.41004 0 0
0.13737 79 31
0.41583 0 0
0.25122 79 31
0.12706 43 49
0.12854 43 42
0.13049 43 49
0.13094 43 42
0.13299 43 49
0.13408 43 42
0.13716 43 49
0.14005 43 42
0.13651 43 49
0.13717 43 42
0.27151 43 49
0.13651 43 42
0.13662 43 42
0.27170 43 45
0.13741 43 40
0.13868 43 40
0.28082 43 44
0.30793 43 38
0.28169 0 0
0.13393 46 56
0.13393 48 56
0.13889 46 59
0.13889 0 0
0.13889 46 56
1.10510 51 58
1.10510 39 48
0.27523 0 0
0.28676 46 53
0.56199 53 53
0.56199 39 44
0.27886 0 0
0.13453 46 56
0.13453 48 56
0.13889 46 59
0.13889 0 0
0.13889 46 56
1.10348 55 53
1.10348 39 53
0.28436 0 0
0.28846 46 46
0.57282 53 53
0.57282 39 44
0.28610 0 0
0.14305 46 50
0.14305 48 50
0.14496 46 53
0.14496 0 0
0.14084 46 44
1.14379 51 47
1.14379 39 39
0.28829 0 0
0.28830 46 41
0.57659 50 41
0.57659 39 41
0.29571 0 0
0.14786 46 49
0.14744 48 49
0.14431 46 52
0.14431 0 0
0.14825 46 49
1.17614 51 47
1.17614 39 39
0.29032 0 0
0.31379 46 47
0.60411 53 47
0.60411 39 41
0.27886 0 0
0.13393 46 56
0.13393 48 56
0.13889 46 59
0.13889 0 0
0.13889 46 56
1.10227 51 58
1.10227 39 48
0.27397 0 0
0.28614 46 53
0.56011 53 53
0.56011 39 44
0.27886 0 0
0.13514 46 56
0.13514 48 56
0.13889 46 59
0.13889 0 0
0.14827 46 56
1.12344 55 53
1.12344 39 53
0.28829 0 0
0.29446 45 39
0.58276 51 50
0.58276 39 41
0.28610 0 0
0.14305 45 42
0.14305 47 42
0.14496 45 46
0.14496 0 0
0.14151 45 39
1.14512 50 39
1.14512 38 34
0.28829 0 0
0.28830 45 37
0.57659 52 37
0.57659 38 37
0.29571 0 0
0.14786 45 46
0.14744 47 46
0.14431 45 49
0.14431 0 0
0.14825 45 47
1.17614 50 42
1.17614 38 36
0.29032 0 0
0.31379 45 46
0.60411 52 45
0.60411 38 39
0.27886 0 0
0.13514 45 56
0.13514 47 56
0.13889 45 59
0.13889 0 0
0.13889 45 56
1.10469 50 58
1.10469 38 48
0.27523 0 0
0.28676 45 53
0.56199 52 53
0.56199 38 44
0.27886 0 0
0.13697 45 56
0.13575 47 56
0.13889 45 59
0.13889 0 0
0.13889 45 56
1.10714 54 53
1.10714 38 53
0.28436 0 0
0.29446 45 46
0.57882 52 53
0.57882 38 44
0.28610 0 0
0.14305 45 50
0.14305 47 50
0.14496 45 53
0.14496 0 0
0.14019 45 44
1.14248 50 47
1.14248 38 39
0.28829 0 0
0.28830 45 41
0.57659 52 41
0.57659 38 41
0.29571 0 0
0.14786 45 49
0.14744 47 49
0.14431 45 52
0.14431 0 0
0.14825 45 49
1.17614 50 47
1.17614 38 39
0.29032 0 0
0.31379 45 47
0.60411 52 47
0.60411 38 41
0.27886 0 0
0.13333 45 60
0.13333 47 60
0.13889 45 64
0.13889 0 0
0.13889 45 60
1.10108 50 63
1.10108 38 52
0.27523 0 0
0.28676 45 58
0.56199 52 58
0.56199 40 48
0.27886 0 0
0.13514 45 60
0.13514 47 60
0.13889 45 64
0.13889 0 0
0.13889 45 60
1.10469 54 58
1.10469 42 58
0.28169 0 0
0.28571 45 50
0.56740 52 58
0.56740 40 48
0.27886 0 0
0.13943 45 60
0.13943 47 60
0.13943 45 64
0.13943 0 0
0.14168 45 61
1.11995 54 58
1.11995 42 58
0.29245 0 0
0.29446 45 46
0.58692 51 58
0.58692 39 48
0.10274 63 33
0.03425 0 0
0.10274 65 35
0.03425 0 0
0.10417 67 37
0.03472 0 0
0.10417 69 38
0.03472 0 0
0.10274 67 40
0.03425 0 0
0.10274 69 38
0.03425 0 0
0.10417 67 38
0.03472 0 0
0.10417 65 38
0.03472 0 0
0.10090 63 40
0.03363 0 0
0.10090 65 37
0.03363 0 0
0.10274 63 37
0.03425 0 0
0.10274 62 37
0.03425 0 0
0.10090 60 34
0.03363 0 0
0.10090 62 36
0.03363 0 0
0.10227 63 37
0.03409 0 0
0.10227 65 38
0.03409 0 0
0.10045 63 40
0.03348 0 0
0.10045 65 37
0.03348 0 0
0.10227 63 37
0.03409 0 0
0.10222 62 37
0.03394 0 0
0.10181 60 40
0.03394 0 0
0.10135 62 37
0.03378 0 0
0.10090 60 37
0.03363 0 0
0.10065 58 37
0.03348 0 0
0.10020 57 36
0.03333 0 0
0.09995 58 37
0.03319 0 0
0.09951 60 38
0.03304 0 0
0.09907 62 40
0.03289 0 0
0.09849 63 40
0.03289 0 0
0.09941 62 38
0.03333 0 0
0.10030 60 38
0.03363 0 0
0.10140 58 38
0.03394 0 0
0.10253 57 40
0.03425 0 0
0.10353 58 38
0.03472 0 0
0.10444 57 38
0.03488 0 0
0.10543 55 38
0.03526 0 0
0.29268 50 69
0.29268 38 58
0.28436 50 58
0.28436 62 69
0.28436 57 72
0.28436 45 60
0.28986 54 69
0.28986 42 58
0.28986 49 81
0.28986 37 68
0.29112 61 69
0.29112 55 58
0.29112 49 58
0.29268 50 69
0.29268 38 58
0.29268 50 58
0.29268 62 69
0.29851 57 72
0.29851 45 60
0.30358 54 69
0.30358 42 58
0.30358 49 81
0.30358 37 68
0.30358 61 69
0.30358 55 58
0.30358 49 58
0.82323 50 61
0.82323 38 51
0.27273 45 52
0.27273 33 44
0.27273 52 58
0.27273 40 48
0.28588 45 64
0.28588 33 53
0.81448 50 68
0.81448 38 57
0.28001 45 66
0.28001 33 55
0.28468 52 61
0.28468 40 51
0.29700 45 57
0.29700 33 48
0.29700 38 57
0.14424 50 60
0.14424 50 61
0.14360 50 61
0.14360 50 62
0.14295 50 63
0.14295 50 64
0.14231 50 66
0.14190 50 67
0.14492 50 68
0.14727 50 68
0.28085 50 68
0.28085 38 57
0.14042 50 62
0.14042 38 52
0.14042 50 62
0.14042 38 52
0.28148 50 68
0.28148 38 57
0.14189 50 61
0.14189 38 51
0.14253 50 61
0.14253 38 51
0.28741 50 68
0.28741 38 57
0.14490 50 61
0.14490 38 51
0.11155 50 61
0.11155 38 51
0.03853 0 0
0.91389 55 68
0.93353 50 57
0.95243 43 57
0.27027 50 47
0.27027 38 39
0.27027 57 51
0.27027 45 42
0.27716 50 55
0.27716 38 46
0.80844 55 58
0.80844 43 48
0.27147 50 52
0.27147 38 45
0.27599 57 48
0.27599 45 40
0.29126 50 44
0.29126 38 37
0.28169 0 0
0.13043 50 49
0.13043 52 49
0.13889 50 52
0.13889 0 0
0.13889 50 49
1.09812 55 47
1.09812 43 39
0.27397 0 0
0.28614 50 47
0.56011 57 47
0.56011 43 39
0.27886 0 0
0.13100 50 49
0.13100 52 49
0.13889 50 52
0.13889 0 0
0.13889 50 49
1.09643 59 47
1.09643 43 47
0.28302 0 0
0.29446 50 40
0.57748 57 47
0.57748 43 39
0.28610 0 0
0.14305 50 44
0.14305 52 44
0.14496 50 47
0.14496 0 0
0.14151 50 44
1.14512 55 41
1.14512 43 35
0.28830 0 0
0.28829 50 41
0.57659 54 41
0.57659 43 41
0.29571 0 0
0.14786 50 49
0.14744 52 49
0.14431 50 52
0.14431 0 0
0.14825 50 49
1.17614 55 47
1.17614 43 39
0.29032 0 0
0.31796 50 47
0.60828 57 47
0.60828 43 41
0.27886 0 0
0.12987 50 53
0.12987 52 53
0.13889 50 57
0.13889 0 0
0.13889 50 53
1.09416 55 51
1.09416 43 42
0.27273 0 0
0.28551 50 47
0.55824 57 47
0.55824 43 39
0.27886 0 0
0.13274 50 49
0.13274 52 49
0.13889 50 52
0.13889 0 0
0.13889 50 49
1.09990 59 47
1.09990 43 47
0.28169 0 0
0.28986 50 40
0.57155 57 47
0.57155 43 39
0.28610 0 0
0.14305 50 44
0.14305 52 44
0.14496 50 47
0.14496 0 0
0.14151 50 44
1.14512 55 41
1.14512 43 35
0.28830 0 0
0.28829 50 41
0.57659 54 41
0.57659 43 41
0.29571 0 0
0.14786 50 49
0.14744 52 49
0.14431 50 52
0.14431 0 0
0.14825 50 49
1.17614 55 47
1.17614 43 39
0.29032 0 0
0.30008 50 47
0.59040 57 47
0.59040 43 39
0.27886 0 0
0.13333 50 56
0.13333 51 56
0.13889 50 59
0.13889 0 0
0.13889 50 56
1.10108 58 53
1.10108 43 44
0.27397 0 0
0.28614 53 49
0.56011 63 49
0.56011 41 40
0.27886 0 0
0.13393 53 51
0.13393 55 51
0.13889 53 55
0.13889 0 0
0.13889 53 51
1.10228 62 49
1.10228 46 49
0.28830 0 0
0.29446 53 41
0.58276 63 49
0.58276 46 40
0.27650 0 0
0.13825 53 51
0.13825 55 51
0.13636 53 55
0.13636 0 0
0.13393 53 51
1.09358 62 49
1.09358 46 40
0.28211 0 0
0.28337 53 49
0.56549 63 49
0.56549 46 40
0.27778 0 0
0.13889 53 51
0.14151 55 51
0.13575 53 55
0.13575 0 0
0.13761 53 51
1.10490 62 49
1.10490 46 40
0.28319 0 0
0.29153 53 42
0.57472 63 46
0.57472 46 46
0.27886 0 0
0.13216 53 44
0.13216 55 44
0.13889 53 49
0.13889 0 0
0.13889 53 45
1.09874 62 48
1.09874 46 39
0.28463 57 44
0.29146 50 44
0.57609 45 36
0.27886 55 48
0.13943 55 44
0.13943 56 44
0.13982 55 49
0.13982 0 0
0.14295 55 45
1.12327 43 39
0.27886 55 44
0.28858 57 44
0.56744 48 36
0.27886 59 48
0.14106 62 44
0.14106 64 44
0.14623 62 49
0.14623 0 0
0.14295 62 45
1.13934 50 39
0.28719 60 44
0.29742 60 41
0.58461 50 36
0.81335 59 47
0.81335 43 39
0.26906 50 40
0.26906 38 34
0.26906 57 45
0.26906 45 37
0.27716 50 49
0.27716 38 41
0.80357 55 52
0.80357 43 44
0.27147 50 50
0.27147 38 42
0.26786 57 47
0.26786 45 39
0.27273 50 44
0.27273 38 37
0.13216 55 52
0.13216 43 44
0.39648 0 0
0.13216 55 52
0.40002 0 0
0.13100 62 47
0.39767 0 0
0.13043 67 52
0.39130 0 0
0.13043 71 52
0.39592 0 0
0.13043 74 47
0.38795 0 0
0.12987 79 47
0.38961 0 0
0.12987 79 45
0.38961 0 0
0.12987 79 42
0.39654 0 0
0.13043 79 40
0.39858 0 0
0.13274 79 38
0.41004 0 0
0.13737 79 36
0.41583 0 0
0.26291 79 34
0.13236 43 45
0.13130 43 39
0.13295 43 45
0.13335 43 39
0.13345 43 45
0.13601 43 39
0.13724 43 45
0.14005 43 39
0.13651 43 45
0.13757 43 39
0.28361 43 45
0.14587 43 39
0.14877 43 39
0.30617 43 41
0.15790 43 37
0.16029 43 37
0.35294 43 40
0.36810 43 35
0.36810 43 40
2.16843 0 0
0.35088 60 42
0.35088 62 47
0.35088 63 44
0.33467 65 42
0.34348 68 46
0.81584 72 51
0.15765 70 44
0.15765 68 45
0.15765 67 42
0.16234 65 45
0.16234 67 42
0.15917 68 44
0.15917 65 41
0.16234 67 48
0.15765 68 44
0.15765 67 46
0.15917 65 39
0.15689 63 44
0.15970 65 41
0.16262 63 42
0.16593 62 38
0.16734 60 44
0.16734 62 40
0.16734 63 44
0.18434 67 40
0.37290 67 44
0.34900 41 44
0.34900 68 44
0.16650 65 44
0.16650 63 39
0.84850 62 38
0.16650 62 45
0.16650 63 40
0.16907 65 40
0.16907 68 40
1.35314 60 38
0.10310 67 42
0.10310 68 35
0.10310 67 35
0.16564 65 40
0.16564 63 38
0.16564 62 39
0.16564 63 39
0.17174 65 40
0.17174 67 35
0.10770 65 41
0.10770 67 31
0.10770 65 31
0.16822 63 33
0.16822 62 30
0.65954 55 33
0.37290 60 35
0.37290 48 29
0.17832 53 44
0.17832 55 40
0.17265 53 44
0.17265 55 41
0.17265 56 41
0.17265 58 46
0.16822 60 49
0.16822 56 46
0.17832 55 47
0.17832 53 44
0.34286 43 56
0.35173 55 47
0.33467 43 56
0.34372 55 46
0.34169 43 56
0.34169 55 46
0.34169 48 56
0.34169 36 47
0.35278 60 46
0.35277 62 56
0.35278 63 53
0.33300 65 58
0.34169 68 55
0.81852 75 64
0.15765 74 52
0.15765 72 53
0.15765 70 50
0.10823 72 53
0.10823 74 53
0.10823 72 53
0.15997 70 52
0.15997 68 49
0.16907 70 57
0.15841 72 52
0.15841 70 55
0.16317 68 46
0.31840 67 52
0.16398 65 50
0.16764 67 45
0.16734 68 52
0.16734 70 48
0.16734 72 52
0.18434 68 48
0.10664 67 57
0.10664 68 50
0.10664 67 50
0.16317 65 52
0.16995 67 56
0.33127 63 57
0.16564 62 56
0.16564 63 52
0.10664 65 60
0.10664 67 52
0.10664 65 52
0.16234 63 57
0.16907 65 52
0.10664 62 57
0.10664 63 50
0.10664 62 50
0.16317 60 52
0.16995 63 56
0.32634 62 57
0.16317 60 56
0.16317 62 52
0.15841 63 60
0.15841 65 60
0.16234 67 57
0.16907 68 52
0.10510 65 57
0.10535 67 50
0.10561 65 49
0.10611 63 57
0.10638 65 49
0.10690 63 49
0.10716 62 56
0.10770 63 48
0.10796 62 48
0.10850 60 55
0.10878 62 48
0.10931 60 47
0.10960 58 53
0.11015 60 47
0.11042 58 47
0.11100 56 52
0.11128 58 46
0.11185 56 46
0.37290 55 53
0.35663 43 46
0.17265 50 56
0.17265 52 51
0.17265 54 51
0.17265 55 57
0.16822 57 61
0.16822 59 57
0.17832 60 58
0.17832 57 55
0.34483 38 56
0.35274 50 47
0.33990 38 56
0.35640 50 46
0.35469 38 56
0.39318 50 46
0.72289 43 56
1.44578 0 0
0.54217 44 42
0.17442 53 37
0.34884 60 41
0.35624 62 39
0.69767 68 39
0.53370 44 42
0.17442 53 37
0.35928 60 41
0.34884 62 39
0.70804 68 39
0.54217 43 42
0.18072 50 37
0.36145 55 41
0.36585 59 31
0.36585 62 36
0.36585 67 31
2.22110 71 42
0.54217 44 42
0.17442 53 37
0.34884 60 41
0.35624 62 39
0.70048 68 39
0.53370 44 42
0.17442 53 37
0.35928 60 41
0.34884 62 39
0.70804 68 48
0.34091 55 59
0.34091 43 59
0.16204 53 53
0.16204 0 0
0.16484 56 59
0.16484 0 0
0.16115 50 52
0.16115 0 0
0.16304 53 59
0.16304 0 0
0.15912 47 52
0.15912 0 0
0.16216 50 62
0.16216 0 0
0.15824 44 56
0.15824 0 0
0.16304 48 59
0.16304 0 0
0.15824 41 52
0.15824 0 0
0.16304 44 59
0.16304 0 0
0.15654 38 52
0.15654 0 0
0.16734 43 62
0.16734 0 0
0.15654 53 56
0.15654 0 0
0.16359 56 59
0.16359 0 0
0.15489 50 52
0.15489 0 0
0.16178 53 59
0.16178 0 0
0.15489 47 52
0.15489 0 0
0.15998 50 62
0.15998 0 0
0.15571 44 56
0.15571 0 0
0.16088 48 59
0.16088 0 0
0.15571 41 52
0.15571 0 0
0.16088 44 59
0.16088 0 0
0.15654 38 52
0.15654 0 0
0.30877 43 59
0.15790 43 54
0.16043 43 54
0.16305 43 55
0.16423 43 51
0.16454 43 50
0.16544 43 49
0.16636 43 51
0.16729 43 47
0.16823 43 49
0.16917 43 45
0.34059 43 47
2.03249 0 0
0.35088 60 42
0.35088 62 47
0.35088 63 44
0.33467 65 42
0.34348 68 46
0.81584 72 51
0.15765 70 44
0.15765 68 45
0.15765 67 42
0.16234 65 45
0.16234 67 42
0.15917 68 44
0.15917 65 41
0.16234 67 48
0.15765 68 44
0.15765 67 46
0.15917 65 39
0.15689 63 44
0.15970 65 41
0.16262 63 42
0.16593 62 38
0.16734 60 44
0.16734 62 40
0.16734 63 44
0.18434 67 40
0.37290 67 44
0.34900 41 44
0.34900 68 44
0.16650 65 44
0.16650 63 39
0.84850 62 38
0.16650 62 45
0.16650 63 40
0.16907 65 40
0.16907 68 40
1.35314 60 38
0.10310 67 42
0.10310 68 35
0.10310 67 35
0.16564 65 40
0.16564 63 38
0.16564 62 39
0.16564 63 39
0.17174 65 40
0.17174 67 35
0.10770 65 41
0.10770 67 31
0.10770 65 31
0.16822 63 33
0.16822 62 30
0.65954 55 33
0.37290 60 35
0.37290 48 29
0.17832 53 44
0.17832 55 40
0.17265 53 44
0.17265 55 41
0.17265 56 41
0.17265 58 46
0.16822 60 49
0.16822 56 46
0.17832 55 47
0.17832 53 44
0.33149 43 56
0.34406 55 47
0.33467 43 56
0.34372 55 46
0.34169 43 56
0.34941 55 46
1.58325 48 61
1.58325 36 61
1.57372 49 67
1.57372 37 67
0.26432 50 62
0.26432 38 52
0.26432 0 0
0.26432 38 62
0.26432 50 62
0.26786 0 0
0.26201 50 57
0.26201 38 57
0.26667 0 0
0.27149 50 64
0.27149 38 55
0.27149 0 0
0.27149 38 60
0.27149 50 60
0.28436 0 0
0.27778 50 66
0.27778 38 66
0.27778 50 61
0.27778 38 61
0.80357 55 58
0.80357 43 49
0.26786 50 50
0.26786 38 41
0.26786 57 56
0.26786 45 46
0.27716 50 61
0.27716 38 51
0.80357 55 64
0.80357 43 55
0.27147 50 62
0.27147 38 52
0.27599 57 58
0.27599 45 49
0.29126 50 55
0.29126 38 46
0.27886 0 0
0.13274 50 49
0.13274 52 49
0.13889 50 52
0.13889 0 0
0.13889 50 49
1.09990 55 47
1.09990 43 39
0.27397 0 0
0.28614 50 47
0.56011 57 47
0.56011 43 39
0.27886 0 0
0.13333 50 49
0.13333 52 49
0.13889 50 52
0.13889 0 0
0.13889 50 49
1.10108 59 47
1.10108 43 47
0.28302 0 0
0.29446 50 40
0.57748 57 47
0.57748 43 39
0.28610 0 0
0.14305 50 44
0.14305 52 44
0.14496 50 47
0.14496 0 0
0.14085 50 44
1.14379 55 41
1.14379 43 35
0.28830 0 0
0.28830 50 41
0.57659 54 41
0.57659 43 41
0.29571 0 0
0.14786 50 49
0.14744 52 49
0.14431 50 52
0.14431 0 0
0.14825 50 49
1.17614 55 47
1.17614 43 39
0.29032 0 0
0.31796 50 47
0.60828 57 47
0.60828 43 41
0.27886 0 0
0.13393 50 53
0.13393 52 53
0.13889 50 57
0.13889 0 0
0.13889 50 53
1.10227 55 51
1.10227 43 42
0.27397 0 0
0.28614 50 47
0.56011 57 47
0.56011 43 39
0.27886 0 0
0.13453 50 49
0.13453 52 49
0.13889 50 52
0.13889 0 0
0.13889 50 49
1.10348 59 47
1.10348 43 47
0.28169 0 0
0.28985 50 40
0.57154 57 47
0.57154 43 39
0.28610 0 0
0.14305 50 44
0.14305 52 44
0.14496 50 47
0.14496 0 0
0.14151 50 44
1.14512 55 41
1.14512 43 35
0.28830 0 0
0.28830 50 41
0.57659 54 41
0.57659 43 41
0.29571 0 0
0.14786 50 49
0.14744 52 49
0.14431 50 52
0.14431 0 0
0.14825 50 49
1.17614 55 47
1.17614 43 39
0.29032 0 0
0.30008 50 47
0.59040 57 47
0.59040 43 39
0.27886 0 0
0.13453 50 56
0.13453 51 56
0.13889 50 59
0.13889 0 0
0.13889 50 56
1.10348 58 53
1.10348 43 44
0.27273 0 0
0.28551 53 49
0.55824 63 49
0.55824 41 40
0.27886 0 0
0.13514 53 51
0.13514 55 51
0.13889 53 55
0.13889 0 0
0.13889 53 51
1.10469 62 49
1.10469 46 49
0.28830 0 0
0.29446 53 41
0.58276 63 49
0.58276 46 40
0.27650 0 0
0.13825 53 51
0.13825 55 51
0.13699 53 55
0.13699 0 0
0.13393 53 51
1.09482 62 49
1.09482 46 40
0.28211 0 0
0.28337 53 49
0.56549 63 49
0.56549 46 40
0.27778 0 0
0.13889 53 51
0.14151 55 51
0.13575 53 55
0.13575 0 0
0.13761 53 51
1.10490 62 49
1.10490 46 40
0.28319 0 0
0.29153 53 42
0.57472 63 46
0.57472 46 46
0.27886 0 0
0.13100 53 44
0.13100 55 44
0.13889 53 49
0.13889 0 0
0.13889 53 45
1.09643 62 48
1.09643 46 39
0.28463 57 44
0.29146 50 44
0.57609 45 36
0.27886 55 48
0.13943 55 44
0.13943 56 44
0.13982 55 49
0.13982 0 0
0.14295 55 45
1.12327 43 39
0.27886 55 44
0.28858 57 44
0.56744 48 36
0.27886 59 48
0.14106 62 44
0.14106 64 44
0.14623 62 49
0.14623 0 0
0.14295 62 45
1.13934 50 39
0.28719 60 44
0.29742 60 41
0.58461 50 36
0.81094 59 47
0.81094 43 39
0.26786 50 40
0.26786 38 34
0.26786 57 45
0.26786 45 37
0.27716 50 49
0.27716 38 41
0.80357 55 52
0.80357 43 44
0.27147 50 50
0.27147 38 42
0.26786 57 47
0.26786 45 39
0.27273 50 44
0.27273 38 37
0.13216 55 52
0.13216 43 44
0.39648 0 0
0.13216 55 52
0.40002 0 0
0.13100 62 47
0.39767 0 0
0.13043 67 52
0.39130 0 0
0.13043 71 52
0.39592 0 0
0.13043 74 47
0.38795 0 0
0.12987 79 47
0.38961 0 0
0.12987 79 45
0.38961 0 0
0.12987 79 42
0.39654 0 0
0.13043 79 40
0.39858 0 0
0.13274 79 38
0.41004 0 0
0.13737 79 36
0.41583 0 0
2.73155 74 34
2.73155 67 29
0.59701 79 80
0.59701 74 71
0.59701 67 71
1.79104 43 85
1.79104 31 75
