"alb_se4"

#  Piano right
0.30950 0 0
0.09449 68 39
0.09691 65 39
0.10732 61 39
0.16769 56 44
0.16769 0 0
0.59735 65 39
0.59735 56 33
0.59735 68 40
0.59735 61 33
0.32816 65 43
0.32816 56 36
0.32816 59 36
0.32816 68 43
0.30950 0 0
0.09572 68 39
0.09782 66 39
0.10764 60 39
0.16678 56 44
0.16678 0 0
0.59377 56 34
0.59377 66 41
0.59377 68 42
0.59377 60 34
0.34479 64 38
0.34479 68 38
0.34479 56 32
0.30950 0 0
0.09449 68 27
0.09668 65 27
0.10685 61 27
0.16678 56 30
0.16678 0 0
0.59136 56 27
0.59136 65 27
0.59136 68 29
0.59136 61 27
0.32816 59 26
0.32816 56 26
0.32816 68 26
0.32816 65 26
0.30950 0 0
0.09721 68 27
0.09937 66 27
0.10909 60 27
0.16769 56 30
0.16769 0 0
0.61072 56 31
0.61072 60 31
0.61072 68 33
0.61072 66 31
0.31792 56 31
0.31792 64 31
0.31792 68 31
0.02890 0 0
0.38358 65 45
0.38358 77 46
0.23507 0 0
0.92775 77 47
0.92775 65 45
0.32816 65 41
0.32816 77 41
0.46439 77 46
0.46439 65 46
0.12114 68 43
0.12114 80 43
1.26694 68 43
1.26694 80 43
0.30687 0 0
0.32118 66 55
0.32118 78 55
0.31461 80 58
0.31461 68 58
0.32228 70 61
0.32228 82 61
0.32981 73 64
0.32981 85 64
0.34717 72 62
0.34717 84 62
0.33518 75 71
0.33518 87 71
0.32925 70 56
0.32925 82 56
1.25199 80 55
1.25199 68 55
0.38358 65 53
0.38358 77 53
0.23552 0 0
0.92214 65 53
0.92214 77 53
0.32816 65 49
0.32816 77 49
0.46803 77 55
0.46803 65 55
0.12129 68 51
0.12129 80 51
1.26550 80 51
1.26550 68 51
0.30687 0 0
0.32142 66 55
0.32142 78 55
0.31744 68 58
0.31744 80 58
0.32228 82 61
0.32228 70 61
0.32981 73 64
0.32981 85 64
0.34717 84 62
0.34717 72 62
0.33581 78 59
0.33581 90 68
0.33690 70 56
0.33690 82 56
1.25199 68 55
1.25199 80 55
0.38358 73 58
0.38358 85 58
0.23882 0 0
0.94283 85 58
0.94283 73 58
0.32816 72 53
0.32816 84 53
0.59385 72 58
0.59385 84 58
0.32432 70 55
0.32432 82 55
0.30374 65 55
0.30374 77 55
0.30374 80 58
0.30374 68 58
0.32816 70 53
0.32816 82 53
0.62240 68 58
0.62240 80 58
0.33175 78 58
0.33175 66 58
0.24834 74 57
0.24834 71 57
0.08278 0 0
0.32258 78 58
0.40536 71 53
0.25281 77 54
0.25281 71 54
0.08427 0 0
0.58969 77 56
1.28284 75 56
1.95681 66 41
0.32609 65 47
0.32609 73 56
0.32609 67 47
0.32644 72 53
0.32644 63 45
0.32644 67 45
0.63846 67 45
0.63846 72 53
0.63846 61 45
0.24590 70 56
0.24590 67 47
0.24590 61 47
0.07937 0 0
0.31088 75 55
0.35056 67 42
0.39025 61 35
0.31746 68 54
0.31746 63 54
0.32258 70 49
0.32258 65 49
0.31636 68 54
0.31636 73 54
0.24100 72 50
0.24100 67 50
0.08033 0 0
0.30842 75 55
0.38875 68 50
0.24324 67 50
0.24324 72 50
0.09356 0 0
0.61999 73 56
0.66677 67 41
0.71355 61 41
0.64648 73 55
0.64648 65 55
0.64648 67 55
0.64110 67 52
0.64110 72 52
0.64110 61 52
0.33356 63 48
0.33356 68 54
0.33356 70 54
0.33356 65 48
0.36276 66 53
0.36276 72 59
0.34916 78 59
0.34916 72 54
0.36772 77 58
0.36772 72 52
0.38816 76 54
0.38816 72 45
0.43165 77 56
0.43165 65 50
0.25948 0 0
0.93422 77 62
0.93422 65 55
0.33708 65 56
0.33708 77 63
0.48377 77 68
0.48377 65 61
0.12785 80 68
0.12785 68 61
1.26391 80 68
1.26391 68 61
0.30687 0 0
0.31996 66 61
0.31996 78 69
0.31832 68 63
0.31832 80 71
0.33269 82 73
0.33269 70 66
0.32678 73 69
0.32678 85 77
0.34717 84 72
0.34717 72 64
0.33518 87 83
0.33518 75 72
0.32925 70 62
0.32925 82 70
1.25341 80 66
1.25341 68 59
0.38358 65 45
0.38358 77 45
0.23597 0 0
0.92633 77 45
0.92633 65 45
0.32816 77 41
0.32816 65 41
0.46803 77 46
0.46803 65 46
0.12129 80 43
0.12129 68 43
1.27432 68 43
1.27432 80 43
0.30687 0 0
0.32555 66 55
0.32555 78 55
0.32170 80 57
0.32170 68 57
0.32733 82 59
0.32733 70 59
0.32678 73 61
0.32678 85 61
0.34717 84 58
0.34717 72 58
0.33581 78 65
0.33581 90 65
0.33859 70 56
0.33859 82 56
0.72108 68 55
0.72108 80 55
0.32086 75 33
0.32086 69 33
0.34848 80 40
0.33149 79 37
0.38358 80 49
0.38358 68 45
0.23882 0 0
0.94000 80 52
0.94000 68 52
0.32816 68 53
0.32816 80 53
0.29557 83 58
0.29557 71 52
0.28986 81 58
0.28986 69 52
0.30928 73 58
0.30928 85 65
0.29557 87 61
0.29557 75 54
0.30303 92 72
0.30303 80 64
0.32816 90 68
0.32816 78 61
0.38358 68 49
0.38358 80 49
0.23585 0 0
0.94283 80 49
0.94283 68 49
0.32816 68 45
0.32816 80 45
0.31414 71 49
0.31414 83 49
0.30457 69 49
0.30457 81 49
0.31746 85 51
0.31746 73 51
0.25510 87 48
0.25510 75 48
0.08503 0 0
0.32258 92 55
0.40761 80 48
0.34325 78 52
0.34325 90 52
0.59442 68 53
0.59442 80 63
0.61553 78 58
0.61553 68 49
0.61553 80 58
0.63160 76 66
0.30303 77 66
0.93463 80 66
0.93463 68 56
0.29268 75 57
0.29268 66 48
0.29268 72 57
0.31915 73 63
0.31915 65 53
0.30303 63 47
0.30303 69 56
0.30303 72 56
0.30928 70 60
0.30928 61 51
0.32787 65 53
0.32787 68 53
0.31088 66 58
0.29851 68 55
0.31579 69 55
0.30457 70 60
0.31414 73 65
0.23560 66 58
0.07853 0 0
0.55317 70 58
0.59244 66 51
0.63171 60 50
0.07075 0 0
1.02259 77 58
0.34014 72 53
1.43348 66 48
0.30950 0 0
0.09413 68 46
0.09654 65 46
0.10700 61 46
0.16769 56 52
0.16769 0 0
0.58722 56 39
0.58722 61 39
0.58722 68 48
0.58722 65 46
0.32816 56 43
0.32816 65 51
0.32816 68 51
0.32816 59 43
0.30950 0 0
0.09421 68 46
0.09676 66 46
0.10717 60 46
0.16678 56 52
0.16678 0 0
0.58997 68 51
0.58997 56 41
0.58997 60 41
0.58997 66 49
0.34479 68 45
0.34479 56 38
0.34479 64 45
0.30950 0 0
0.09463 68 27
0.09668 65 27
0.10669 61 27
0.16678 56 30
0.16678 0 0
0.59419 68 28
0.59419 56 27
0.59419 61 27
0.59419 65 27
0.32816 56 26
0.32816 59 26
0.32816 68 26
0.32816 65 26
0.30950 0 0
0.09668 68 27
0.09898 66 27
0.10876 60 27
0.16769 56 30
0.16769 0 0
0.64250 66 31
0.64250 56 31
0.64250 60 31
0.64250 68 31
0.33708 68 31
0.33708 64 31
0.33708 56 31
0.15544 68 40
0.15544 64 40
0.15544 0 0
0.14019 68 41
0.14019 64 41
0.14019 0 0
0.15000 68 40
0.15000 64 40
0.15000 0 0
0.14634 68 42
0.14634 64 42
0.14634 0 0
0.15075 68 45
0.15075 64 45
0.15075 0 0
0.14706 68 48
0.14706 64 48
0.14706 0 0
0.15625 68 50
0.15625 64 50
0.15625 0 0
0.13514 68 45
0.13514 64 45
0.13514 0 0
0.15306 68 47
0.15306 64 47
0.15306 0 0
0.14851 68 32
0.14851 64 32
0.14851 0 0
0.15306 68 29
0.15306 64 29
0.15306 0 0
0.15789 68 28
0.15789 64 28
0.15789 0 0
0.15000 68 24
0.15000 64 24
0.15000 0 0
0.13333 68 24
0.13333 64 24
0.13333 0 0
0.15000 68 24
0.15000 64 24
0.15000 0 0
0.14634 68 24
0.14634 64 24
0.14634 0 0
0.15075 68 27
0.15075 64 27
0.15075 0 0
0.14706 68 28
0.14706 64 28
0.14706 0 0
0.15228 68 30
0.15228 64 30
0.15228 0 0
0.13453 68 27
0.13453 64 27
0.13453 0 0
0.15306 68 27
0.15306 64 27
0.15306 0 0
0.14851 68 23
0.14851 64 23
0.14851 0 0
0.15306 68 21
0.15306 64 21
0.15306 0 0
0.15306 68 21
0.15306 64 21
3.54400 76 33
0.29851 76 73
0.10730 75 64
0.10730 76 63
0.08584 75 63
0.30000 73 74
0.29268 75 63
1.14870 69 54
0.30151 76 70
0.29412 73 62
0.59562 64 50
0.29851 76 47
0.10776 75 42
0.10776 76 41
0.08621 75 41
0.30000 73 48
0.29268 75 41
1.14981 69 38
0.30151 76 45
0.29412 73 40
0.59562 64 35
0.29851 71 47
0.10776 69 42
0.10776 71 41
0.08621 69 41
0.55713 64 38
0.30000 63 35
0.29268 63 39
0.59268 68 48
0.29412 69 46
0.29412 64 41
0.30151 71 49
0.30151 66 44
0.29268 73 52
0.29268 68 46
0.30303 71 49
0.30303 66 44
0.30303 69 48
0.30303 64 43
0.30612 71 46
0.30612 66 41
0.61225 68 45
0.61225 63 40
0.15544 68 30
0.15544 64 30
0.15544 0 0
0.13453 68 30
0.13453 64 30
0.13453 0 0
0.15000 68 30
0.15000 64 30
0.15000 0 0
0.14634 68 31
0.14634 64 31
0.14634 0 0
0.15075 68 34
0.15075 64 34
0.15075 0 0
0.14706 68 36
0.14706 64 36
0.14706 0 0
0.15228 68 38
0.15228 64 38
0.15228 0 0
0.13514 68 34
0.13514 64 34
0.13514 0 0
0.15306 68 35
0.15306 64 35
0.15306 0 0
0.14851 68 25
0.14851 64 25
0.14851 0 0
0.15306 68 24
0.15306 64 24
0.15306 0 0
0.15789 68 23
0.15789 64 23
0.15789 0 0
0.15000 68 24
0.15000 64 24
0.15000 0 0
0.13333 68 24
0.13333 64 24
0.13333 0 0
0.15000 68 24
0.15000 64 24
0.15000 0 0
0.14634 68 24
0.14634 64 24
0.14634 0 0
0.15075 68 27
0.15075 64 27
0.15075 0 0
0.14706 68 28
0.14706 64 28
0.14706 0 0
0.15228 68 30
0.15228 64 30
0.15228 0 0
0.13453 68 27
0.13453 64 27
0.13453 0 0
0.15306 68 27
0.15306 64 27
0.15306 0 0
0.14851 68 23
0.14851 64 23
0.14851 0 0
0.15306 68 21
0.15306 64 21
0.15306 0 0
0.15306 68 21
0.15306 64 21
3.54400 76 33
0.29851 76 73
0.10730 75 64
0.10730 76 63
0.08584 75 63
0.30000 73 74
0.29268 75 63
1.14870 69 54
0.30151 76 70
0.29412 73 62
0.59562 64 50
0.29851 76 47
0.10776 75 42
0.10776 76 41
0.08621 75 41
0.30000 73 48
0.29268 75 41
1.14981 69 38
0.30151 76 45
0.29412 73 40
0.59562 64 35
0.30928 64 34
0.30928 61 34
0.27273 64 30
0.27273 61 30
0.30000 64 34
0.30000 60 34
0.29268 64 30
0.29268 61 30
0.30303 68 48
0.30303 63 48
0.16216 66 44
0.16216 61 44
0.14778 0 0
0.30769 64 48
0.11962 63 42
0.11962 64 42
0.66867 57 41
0.63172 60 41
0.12258 63 42
0.32258 61 47
0.32258 56 47
0.24862 57 45
0.08287 0 0
0.66298 61 45
0.74586 56 45
0.31250 63 36
0.31250 60 36
0.31250 63 36
0.31250 60 36
0.31250 61 36
0.31250 63 36
0.30928 63 36
0.30928 61 36
0.30407 63 41
0.30407 61 41
0.30303 63 39
0.30303 61 39
0.32258 63 45
0.32258 60 45
0.28571 61 45
0.31088 60 45
0.59660 63 45
0.28708 73 48
0.31088 72 47
0.59796 75 48
0.32787 80 63
0.61327 80 66
0.32432 78 62
0.93759 72 66
0.93759 69 66
0.31746 72 58
0.31746 69 58
0.31088 76 63
0.31777 75 57
0.62865 72 50
0.62865 69 50
0.12755 73 58
0.12755 75 54
0.30612 68 52
0.12907 73 55
0.18919 71 58
0.18919 66 52
0.18919 64 51
0.18919 69 57
0.32432 63 47
0.33708 64 45
0.66140 68 53
0.67416 68 55
0.67416 63 49
0.31250 63 32
0.31250 60 32
0.31250 63 32
0.31250 60 32
0.31250 61 32
0.31250 63 32
0.30928 63 32
0.30928 61 32
0.30407 63 36
0.30407 61 36
0.30303 63 35
0.30303 61 35
0.32258 63 40
0.32258 60 40
0.28571 61 40
0.32086 60 40
0.60657 63 40
0.30000 73 43
0.32609 72 40
0.62609 75 43
0.38168 75 43
0.38168 71 43
0.31579 76 45
0.12019 75 42
0.12019 76 42
0.60425 71 45
0.12128 75 42
0.45858 73 45
0.15707 73 42
0.15075 75 48
0.15075 78 45
0.15075 75 47
0.45226 71 48
0.15075 71 45
0.15385 73 46
0.15385 0 0
0.12195 73 43
0.12195 75 43
0.12256 73 43
0.15000 71 46
0.15000 76 42
0.15625 73 44
0.15625 75 43
0.62500 71 43
0.60829 61 53
0.62715 60 53
1.23544 63 53
0.63875 61 57
0.95296 63 57
0.32787 60 53
0.15228 87 48
0.15228 88 45
0.14493 90 48
0.14493 92 45
0.14493 90 45
0.15413 87 45
0.15075 84 48
0.15075 88 45
0.15075 87 45
0.16043 81 45
0.32258 80 55
0.28571 0 0
0.62715 60 53
0.62715 63 53
0.63875 61 57
0.92625 63 57
0.30000 60 53
0.15385 87 62
0.15385 88 58
0.14563 90 62
0.14563 92 58
0.14563 90 58
0.15436 87 58
0.15075 84 66
0.15075 88 63
0.15075 87 61
0.16043 81 61
0.31579 80 66
0.15228 78 68
0.15228 80 63
0.14493 81 68
0.14493 85 63
0.14493 83 63
0.15413 80 63
0.14706 78 68
0.14706 81 63
0.14706 80 63
0.16043 76 63
0.15075 75 68
0.14706 76 66
0.14706 78 66
0.15899 80 66
0.15413 78 72
0.15671 75 69
0.15937 76 70
0.16233 73 68
0.16543 75 68
0.17014 71 65
0.18337 73 68
0.20548 69 64
0.33898 68 68
0.10753 66 68
0.10753 68 58
0.10753 69 57
0.32258 61 68
0.11173 68 63
0.11173 69 54
0.11173 68 55
0.33520 63 63
0.10870 66 68
0.10870 68 56
0.10870 69 56
0.32609 61 68
0.11236 68 59
0.11236 69 55
0.11236 68 55
0.33708 63 59
0.11494 66 65
0.11494 68 55
0.11494 69 55
0.34483 61 65
0.33149 68 68
0.33149 63 68
1.96696 0 0
0.09449 68 55
0.09691 65 55
0.10732 61 55
0.16769 56 62
0.16769 0 0
0.59707 68 57
0.59707 56 46
0.59707 61 46
0.59707 65 55
0.32816 68 61
0.32816 56 51
0.32816 59 51
0.32816 65 61
0.30950 0 0
0.09572 68 55
0.09782 66 55
0.10764 60 55
0.16678 56 62
0.16678 0 0
0.59419 68 60
0.59419 56 49
0.59419 60 49
0.59419 66 58
0.34479 68 54
0.34479 64 54
0.34479 56 45
0.30950 0 0
0.09449 68 30
0.09668 65 30
0.10685 61 30
0.16678 56 34
0.16678 0 0
0.59419 68 32
0.59419 56 30
0.59419 61 30
0.59419 65 30
0.32816 68 29
0.32816 56 29
0.32816 59 29
0.32816 65 29
0.30950 0 0
0.09721 68 30
0.09937 66 30
0.10909 60 30
0.16769 56 34
0.16769 0 0
0.60928 68 37
0.60928 56 35
0.60928 60 35
0.60928 66 35
0.31437 68 35
0.31437 64 35
0.31437 56 35
0.04491 0 0
0.38358 65 45
0.38358 77 45
0.23507 0 0
0.92214 77 47
0.92214 65 45
0.32816 77 41
0.32816 65 41
0.46439 77 46
0.46439 65 46
0.12114 80 43
0.12114 68 43
1.27282 80 43
1.27282 68 43
0.30687 0 0
0.31984 66 55
0.31984 78 55
0.31646 68 58
0.31646 80 58
0.32790 70 61
0.32790 82 61
0.33365 73 64
0.33365 85 64
0.34717 72 62
0.34717 84 62
0.33518 75 71
0.33518 87 71
0.32925 70 56
0.32925 82 56
1.25058 68 55
1.25058 80 55
0.38358 65 45
0.38358 77 45
0.23552 0 0
0.92078 77 45
0.92078 65 45
0.32816 77 41
0.32816 65 41
0.46803 77 46
0.46803 65 46
0.12129 80 43
0.12129 68 43
1.26535 80 43
1.26535 68 43
0.30687 0 0
0.31984 66 55
0.31984 78 55
0.31646 68 58
0.31646 80 58
0.32790 70 61
0.32790 82 61
0.33365 73 64
0.33365 85 64
0.34717 72 62
0.34717 84 62
0.33581 78 65
0.33581 90 69
0.33690 70 56
0.33690 82 56
1.26157 68 55
1.26157 80 55
0.38358 73 58
0.38358 85 58
0.23882 0 0
0.94000 85 58
0.94000 73 58
0.32816 84 53
0.32816 72 53
0.59384 72 58
0.59384 84 58
0.32432 82 55
0.32432 70 55
0.28985 77 55
0.28985 65 55
0.30151 80 58
0.30151 68 58
0.32816 82 53
0.32816 70 53
0.62240 68 58
0.62240 80 58
0.34014 78 58
0.34014 66 58
0.23605 74 57
0.23605 71 57
0.07868 0 0
0.32538 78 58
0.40406 71 53
0.25281 77 54
0.25281 71 54
0.08427 0 0
0.58969 77 56
1.28284 75 56
1.95681 66 41
0.32609 73 56
0.32609 65 47
0.32609 67 47
0.32644 72 53
0.32644 67 45
0.32644 63 45
0.63846 72 53
0.63846 67 45
0.63846 61 45
0.24590 70 56
0.24590 67 47
0.24590 61 47
0.07937 0 0
0.31088 75 55
0.35056 67 42
0.39025 61 35
0.31746 68 45
0.31746 63 45
0.32258 70 41
0.32258 65 41
0.31636 73 45
0.31636 68 45
0.24100 72 42
0.24100 67 42
0.08033 0 0
0.30842 75 46
0.38875 68 42
0.24324 72 42
0.24324 67 42
0.09356 0 0
0.61999 73 47
0.66677 67 34
0.71355 61 34
0.64648 73 46
0.64648 67 46
0.64648 65 46
0.64110 72 44
0.64110 67 44
0.64110 61 44
0.33356 68 45
0.33356 63 45
0.33356 70 42
0.33356 65 42
0.35971 72 48
0.35971 66 48
0.35166 78 53
0.35166 72 47
0.37008 77 46
0.37008 72 41
0.42761 76 38
0.42761 72 34
0.43165 65 46
0.43165 77 52
0.25948 0 0
0.93145 77 62
0.93145 65 55
0.33708 77 63
0.33708 65 56
0.48377 77 71
0.48377 65 63
0.12785 80 67
0.12785 68 60
1.26838 80 67
1.26838 68 60
0.30687 0 0
0.32142 66 59
0.32142 78 66
0.31756 68 61
0.31756 80 68
0.32326 70 63
0.32326 82 70
0.32381 73 65
0.32381 85 73
0.34717 72 62
0.34717 84 69
0.33518 75 70
0.33518 87 83
0.32925 70 60
0.32925 82 67
1.25341 68 56
1.25341 80 63
0.38358 65 45
0.38358 77 45
0.23597 0 0
0.92492 77 45
0.92492 65 45
0.32816 77 41
0.32816 65 41
0.46803 77 46
0.46803 65 46
0.12129 80 43
0.12129 68 43
1.26985 80 43
1.26985 68 43
0.30687 0 0
0.32142 66 55
0.32142 78 55
0.31788 68 57
0.31788 80 57
0.32790 70 59
0.32790 82 59
0.33365 73 61
0.33365 85 61
0.34717 72 58
0.34717 84 58
0.33581 78 65
0.33581 90 65
0.33807 70 56
0.33807 82 56
0.69002 68 55
0.69002 80 55
0.31579 75 33
0.31579 69 33
0.34296 80 40
0.32609 79 37
0.38358 68 49
0.38358 80 49
0.23882 0 0
0.94294 80 52
0.94294 68 52
0.32816 80 53
0.32816 68 53
0.30457 71 52
0.30457 83 58
0.29703 81 58
0.29703 69 52
0.30928 85 65
0.30928 73 58
0.28985 87 61
0.28985 75 54
0.30151 92 72
0.30151 80 64
0.32816 90 68
0.32816 78 61
0.38358 68 49
0.38358 80 49
0.23585 0 0
0.93986 80 49
0.93986 68 49
0.32816 80 45
0.32816 68 45
0.30457 71 49
0.30457 83 49
0.29703 81 49
0.29703 69 49
0.30928 85 51
0.30928 73 51
0.23784 87 48
0.23784 75 48
0.07928 0 0
0.32538 92 55
0.40466 80 48
0.34642 90 52
0.34642 78 52
0.59442 68 53
0.59442 80 63
0.61553 80 58
0.61553 68 49
0.61553 78 58
0.63160 76 66
0.30151 77 66
0.93310 80 66
0.93310 68 56
0.29268 75 57
0.29268 72 57
0.29268 66 48
0.31915 73 63
0.31915 65 53
0.30303 72 56
0.30303 69 56
0.30303 63 47
0.30928 70 60
0.30928 61 51
0.32432 68 53
0.32432 65 53
0.31088 66 58
0.30000 68 55
0.31579 69 55
0.30769 70 60
0.31414 73 65
0.23560 66 58
0.07853 0 0
0.55317 70 58
0.59244 66 51
0.63171 60 50
0.07075 0 0
1.01342 77 58
0.34325 72 53
1.42742 66 48
0.30950 0 0
0.09413 68 39
0.09654 65 39
0.10700 61 39
0.16769 56 44
0.16769 0 0
0.59707 65 39
0.59707 56 33
0.59707 61 33
0.59707 68 40
0.32816 68 43
0.32816 56 36
0.32816 59 36
0.32816 65 43
0.30950 0 0
0.09421 68 39
0.09676 66 39
0.10717 60 39
0.16678 56 44
0.16678 0 0
0.59563 68 43
0.59563 56 34
0.59563 60 34
0.59563 66 41
0.34479 68 38
0.34479 64 38
0.34479 56 32
0.30950 0 0
0.09463 68 27
0.09668 65 27
0.10669 61 27
0.16678 56 30
0.16678 0 0
0.59136 68 28
0.59136 56 27
0.59136 61 27
0.59136 65 27
0.32816 68 26
0.32816 56 26
0.32816 59 26
0.32816 65 26
0.30950 0 0
0.09668 68 27
0.09898 66 27
0.10876 60 27
0.16769 56 30
0.16769 0 0
0.60928 68 33
0.60928 56 31
0.60928 60 31
0.60928 66 31
0.32648 68 31
0.32648 64 31
0.32648 56 31
0.36145 68 31
0.36145 65 31
0.36145 56 31
0.17389 0 0
0.08741 61 33
0.08741 65 33
0.26113 0 0
0.08661 65 33
0.08661 68 33
0.25873 0 0
0.08581 68 33
0.08581 73 33
0.25637 0 0
0.08503 73 32
0.08503 77 32
0.25406 0 0
0.08427 77 32
0.08427 80 32
0.25009 0 0
0.08401 80 31
0.08401 85 31
0.25883 0 0
0.08878 77 31
0.08878 73 31
0.26875 0 0
0.09114 77 30
0.09114 80 30
0.28482 0 0
0.09883 80 30
0.09883 85 30
0.31384 0 0
0.11417 85 30
0.11417 89 30
0.38318 0 0
0.17943 89 29
0.17943 92 29
0.17943 0 0
2.20049 97 35
2.24534 89 35
2.29020 85 29
2.57143 53 20
2.57143 61 20
2.57143 65 26
#  Piano left
1.17238 49 34
0.30179 44 34
0.32816 50 39
1.16847 51 49
0.30251 44 39
0.34479 48 35
1.16437 49 27
0.30151 44 27
0.32816 50 31
1.18579 51 36
0.30769 44 31
0.31792 48 34
0.02890 0 0
0.19179 49 39
0.19179 0 0
0.09608 55 32
0.09820 56 32
0.08016 61 31
0.33356 0 0
0.29268 68 42
0.15075 44 38
0.15075 0 0
0.16408 56 34
0.16408 68 34
0.16408 61 34
0.16408 0 0
0.17337 49 39
0.17337 0 0
0.09789 55 32
0.09969 56 32
0.10909 61 31
0.16769 65 38
0.16769 0 0
0.29412 61 40
0.29412 65 40
0.29412 56 40
0.15464 44 38
0.15464 0 0
0.16408 56 30
0.16408 65 30
0.16408 61 30
0.16408 0 0
0.15344 51 46
0.15344 0 0
0.12376 55 38
0.12376 56 38
0.12316 60 37
0.14493 66 45
0.14493 0 0
0.29703 60 49
0.29703 66 49
0.29703 56 49
0.15152 44 47
0.15152 0 0
0.16067 60 38
0.16067 56 38
0.16067 66 38
0.16067 0 0
0.15499 51 53
0.15499 0 0
0.12597 55 38
0.12597 56 38
0.12770 60 37
0.16152 66 45
0.16152 0 0
0.29126 60 43
0.29126 66 43
0.29126 56 43
0.15818 44 37
0.15818 0 0
0.16067 66 36
0.16067 56 36
0.16067 60 36
0.16067 0 0
0.19179 49 46
0.19179 0 0
0.09646 55 38
0.09835 56 38
0.08016 61 37
0.33356 0 0
0.28708 68 50
0.15075 44 45
0.15075 0 0
0.16408 56 40
0.16408 61 40
0.16408 68 40
0.16408 0 0
0.17337 49 46
0.17337 0 0
0.10108 55 38
0.10108 56 38
0.10881 61 37
0.16769 65 45
0.16769 0 0
0.29268 56 48
0.29268 65 48
0.29268 61 48
0.15464 44 45
0.15464 0 0
0.16408 61 36
0.16408 56 36
0.16408 65 36
0.16408 0 0
0.15344 51 46
0.15344 0 0
0.12376 55 38
0.12376 56 38
0.12340 60 37
0.14634 66 45
0.14634 0 0
0.29703 56 49
0.29703 66 49
0.29703 60 49
0.15152 44 47
0.15152 0 0
0.16067 56 38
0.16067 66 38
0.16067 60 38
0.16067 0 0
0.15499 51 53
0.15499 0 0
0.12916 55 38
0.12916 56 38
0.13025 60 37
0.16152 66 45
0.16152 0 0
0.29126 66 43
0.29126 56 43
0.29126 60 43
0.15818 44 37
0.15818 0 0
0.16067 60 36
0.16067 56 36
0.16067 64 36
0.16067 0 0
0.19179 53 50
0.19179 0 0
0.09951 57 41
0.09951 61 41
0.07961 65 40
0.16678 69 55
0.16678 0 0
0.30000 61 49
0.30000 65 49
0.15464 53 49
0.15464 0 0
0.16408 63 44
0.16408 57 44
0.16408 0 0
0.17751 54 50
0.17751 0 0
0.09951 60 41
0.09951 61 41
0.07961 66 40
0.32432 0 0
0.30374 62 55
0.15187 50 49
0.15187 0 0
0.16408 58 44
0.16408 65 44
0.16408 0 0
0.19179 51 50
0.19179 0 0
0.09951 57 41
0.09951 58 41
0.07961 63 40
0.66287 0 0
0.32258 70 46
0.33708 68 43
0.99079 58 50
0.17544 51 46
0.17544 0 0
0.09951 57 38
0.09951 58 38
0.07961 59 37
0.33279 58 50
0.01225 0 0
0.30936 62 50
0.31587 65 55
0.32262 63 51
0.16304 39 46
0.16304 0 0
0.13602 50 38
0.13602 51 38
0.10881 53 37
0.16216 51 50
0.16216 0 0
0.63940 51 50
0.31088 51 46
0.31746 60 49
0.32258 61 46
0.31636 65 49
0.32134 63 45
0.30842 67 48
0.33681 63 45
1.92296 51 49
0.16587 51 46
0.16587 0 0
0.11576 62 38
0.12068 63 38
0.10001 65 37
0.16587 63 43
0.16587 0 0
0.63947 63 50
0.31636 63 46
0.33356 60 49
0.33356 61 46
0.36276 63 49
0.34916 70 50
0.36772 68 50
0.38816 66 47
2.13491 56 49
0.21583 49 55
0.21583 0 0
0.10585 55 49
0.10842 56 49
0.08870 61 48
0.34286 0 0
0.28986 68 61
0.15075 44 59
0.15075 0 0
0.16854 68 52
0.16854 56 52
0.16854 61 52
0.16854 0 0
0.17964 49 60
0.17964 0 0
0.10357 55 49
0.10531 56 49
0.11361 61 48
0.16769 65 60
0.16769 0 0
0.29268 61 57
0.29268 65 57
0.29268 56 57
0.15385 44 61
0.15385 0 0
0.16408 65 49
0.16408 56 49
0.16408 61 49
0.16408 0 0
0.15344 51 57
0.15344 0 0
0.12315 55 47
0.12315 56 47
0.12291 60 46
0.14634 66 56
0.14634 0 0
0.30769 60 59
0.30769 66 59
0.30769 56 59
0.15000 44 56
0.15000 0 0
0.16067 60 44
0.16067 56 44
0.16067 66 44
0.16067 0 0
0.15499 51 60
0.15499 0 0
0.12597 55 47
0.12597 56 47
0.12770 60 44
0.16152 66 55
0.16152 0 0
0.29268 60 51
0.29268 66 51
0.29268 56 51
0.15818 44 42
0.15818 0 0
0.16067 56 40
0.16067 66 40
0.16067 60 40
0.16067 0 0
0.19179 49 39
0.19179 0 0
0.09675 55 32
0.09851 56 32
0.08016 61 31
0.33356 0 0
0.29126 68 42
0.15075 44 38
0.15075 0 0
0.16408 61 34
0.16408 56 34
0.16408 68 34
0.16408 0 0
0.17337 49 39
0.17337 0 0
0.10108 55 32
0.10108 56 32
0.10881 61 31
0.16769 65 38
0.16769 0 0
0.30151 65 40
0.30151 56 40
0.30151 61 40
0.15464 44 38
0.15464 0 0
0.16408 61 30
0.16408 56 30
0.16408 65 30
0.16408 0 0
0.15344 51 46
0.15344 0 0
0.12535 55 38
0.12535 56 38
0.12499 60 37
0.14825 66 45
0.14825 0 0
0.30233 66 48
0.30233 56 48
0.30233 60 48
0.15000 44 45
0.15000 0 0
0.16067 66 36
0.16067 56 36
0.16067 60 36
0.16067 0 0
0.15499 51 49
0.15499 0 0
0.12916 55 38
0.12916 56 38
0.13193 60 37
0.17162 66 45
0.17162 0 0
0.37783 56 43
0.37783 66 43
0.37783 60 43
0.24064 0 0
0.08021 58 23
0.16575 59 28
0.65235 47 33
0.19179 52 42
0.19179 0 0
0.09951 58 36
0.09951 59 36
0.07961 61 36
0.16678 59 49
0.16678 0 0
0.29557 59 44
0.15544 47 44
0.15544 0 0
0.16408 62 44
0.16408 53 44
0.16408 59 44
0.16408 0 0
0.14778 54 50
0.14778 0 0
0.12077 58 41
0.12077 59 41
0.09662 61 40
0.15464 59 55
0.15464 0 0
0.29557 59 56
0.15152 47 51
0.15152 0 0
0.16408 69 47
0.16408 59 47
0.16408 63 47
0.16408 0 0
0.19179 52 42
0.19179 0 0
0.09631 58 34
0.09859 59 34
0.08049 61 34
0.16678 59 46
0.16678 0 0
0.30000 59 41
0.15464 47 41
0.15464 0 0
0.16408 62 37
0.16408 53 37
0.16408 59 37
0.16408 0 0
0.15707 54 42
0.15707 0 0
0.12690 58 34
0.12690 59 34
0.10152 61 34
0.15873 59 46
0.15873 0 0
0.34014 59 46
0.16129 47 48
0.16129 0 0
0.17162 69 43
0.17162 59 43
0.17162 63 43
0.17162 0 0
0.30457 64 69
0.12077 63 56
0.12077 64 56
0.09662 63 56
0.31250 62 66
0.30303 63 53
0.31746 60 60
0.31414 56 55
0.30303 61 60
0.29268 57 55
0.31915 58 58
0.30303 53 54
0.30928 54 57
0.32787 59 53
0.32787 50 53
1.85802 51 49
1.85802 58 49
0.34091 44 50
0.11792 55 41
0.11792 56 41
0.09434 58 40
0.33175 56 50
0.35971 56 50
0.33113 0 0
0.34014 56 43
0.67126 44 46
1.16163 49 40
0.30151 44 40
0.32816 50 47
1.16301 51 58
0.30151 44 47
0.34479 48 42
1.16718 49 27
0.30151 44 27
0.32816 50 31
1.19879 51 36
0.32538 44 31
0.33708 48 34
0.31088 61 63
0.11682 59 56
0.11682 61 56
0.09346 59 56
0.30000 57 62
0.29268 59 56
0.30151 61 63
0.29412 63 58
0.31250 61 68
0.11261 60 52
0.11261 61 52
0.09009 60 52
1.22506 56 57
0.30000 61 34
0.11111 59 30
0.11111 61 30
0.08889 59 30
0.30000 57 33
0.29268 59 30
0.30151 61 34
0.29412 63 31
0.30457 61 39
0.11211 60 28
0.11211 61 28
0.08969 60 28
1.21540 56 30
1.14870 61 52
1.14870 54 46
0.59562 56 47
0.59562 49 47
1.14981 61 37
1.14981 54 37
0.59562 56 33
0.59562 49 33
0.29851 63 41
0.25862 61 37
0.59268 60 41
0.29412 61 34
0.30151 63 36
0.29268 64 39
0.30303 63 36
0.30303 61 39
0.30612 63 34
0.30612 60 37
3.25642 56 37
0.30612 56 34
0.31088 61 48
0.11211 59 41
0.11211 61 41
0.08969 59 41
0.30000 57 47
0.29268 59 41
0.30151 61 48
0.29412 63 43
0.30457 61 53
0.11261 60 39
0.11261 61 39
0.09009 60 39
1.22506 56 42
0.30000 61 34
0.11111 59 30
0.11111 61 30
0.08889 59 30
0.30000 57 33
0.29268 59 30
0.30151 61 34
0.29412 63 31
0.30457 61 39
0.11211 60 28
0.11211 61 28
0.08969 60 28
1.21540 56 30
1.14870 61 52
1.14870 54 47
0.59562 56 47
0.59562 49 47
1.14981 61 37
1.14981 54 37
0.59562 56 33
0.59562 49 33
0.30928 59 51
0.11364 57 46
0.11364 59 45
0.09091 57 45
0.59268 56 52
0.30303 59 41
0.16216 57 39
0.03695 0 0
0.70561 54 45
0.74256 44 37
0.32258 52 40
0.33149 54 39
0.66298 52 40
1.31705 49 40
0.93750 56 50
0.15464 54 50
0.15464 56 48
0.15256 57 52
0.15152 59 50
0.15152 57 50
0.15152 54 46
0.32258 56 52
0.11905 57 47
0.11905 59 47
0.12114 57 47
0.31088 56 52
0.11962 69 54
0.11962 71 54
0.12160 69 55
0.31088 68 65
0.32787 0 0
0.15957 44 57
0.15957 0 0
0.12255 63 51
0.12255 64 51
0.12507 63 51
0.29730 0 0
0.31746 63 50
0.31088 68 53
0.31777 66 50
0.30612 64 56
0.16216 63 52
0.16216 61 52
0.32432 60 55
0.33708 61 53
0.67416 60 53
3.23644 56 60
0.93750 56 45
0.15464 54 45
0.15464 56 43
0.15256 57 46
0.15152 59 45
0.15152 57 45
0.15152 54 41
0.32258 56 46
0.11905 57 42
0.11905 59 42
0.12198 57 42
0.32086 56 46
0.12500 69 48
0.12500 71 48
0.12717 69 48
0.32609 68 50
0.38168 69 39
0.38168 59 30
0.60425 68 40
0.61564 69 40
0.30151 66 42
0.30151 69 39
1.82291 64 40
0.60038 69 41
0.30000 68 41
0.31250 69 39
0.62500 68 39
1.83788 64 41
0.32258 57 62
0.11905 57 56
0.11905 59 56
0.12212 57 56
0.32258 56 62
0.12690 51 58
0.02538 0 0
0.12690 56 58
0.02538 0 0
0.31088 57 62
0.13661 57 56
0.13661 59 56
0.13661 57 56
0.32787 56 62
0.15228 63 38
0.15228 64 35
0.14493 66 38
0.14493 68 35
0.14493 66 35
0.15413 63 35
0.15075 60 38
0.15075 64 35
0.15075 63 35
0.16043 57 35
0.32258 56 57
0.11905 57 56
0.11905 59 56
0.12212 57 56
0.32258 56 62
0.12690 51 58
0.02538 0 0
0.12690 56 58
0.02538 0 0
0.31088 57 62
0.13661 57 56
0.13661 59 56
0.13429 57 56
0.30000 56 62
0.15385 63 49
0.15385 64 46
0.14563 66 49
0.14563 68 46
0.14563 66 46
0.15436 63 46
0.15075 60 54
0.15075 64 48
0.15075 63 48
0.16043 57 48
0.31579 56 62
0.15228 54 54
0.15228 56 50
0.14493 57 54
0.14493 61 50
0.14493 59 50
0.15413 56 50
0.14706 54 54
0.14706 57 50
0.14706 56 50
0.16043 52 50
0.15075 51 54
0.14706 52 52
0.14706 54 52
0.15899 56 52
0.15413 54 57
0.15671 51 55
0.15937 52 56
0.16233 49 54
0.16543 51 54
0.17014 47 52
0.18337 49 54
0.20548 45 51
0.33898 44 68
0.32258 57 58
0.32258 51 49
0.33520 60 52
0.33520 56 44
0.32609 57 57
0.32609 51 48
0.33708 60 50
0.33708 56 42
0.34483 57 55
0.34483 51 46
0.33149 60 50
0.33149 56 42
0.66298 56 57
0.66298 56 65
0.33149 56 68
1.17238 49 48
0.30151 44 48
0.32816 50 56
1.16990 51 69
0.30151 44 56
0.34479 48 50
1.16720 49 30
0.30151 44 30
0.32816 50 35
1.18275 51 40
0.30928 44 35
0.31437 48 39
0.04491 0 0
0.19179 49 39
0.19179 0 0
0.09608 55 32
0.09820 56 32
0.08016 61 31
0.33356 0 0
0.28708 68 42
0.15075 44 38
0.15075 0 0
0.16408 56 34
0.16408 61 34
0.16408 68 34
0.16408 0 0
0.17337 49 39
0.17337 0 0
0.09789 55 32
0.09969 56 32
0.10909 61 31
0.16769 65 38
0.16769 0 0
0.30000 65 40
0.30000 61 40
0.30000 56 40
0.15464 44 38
0.15464 0 0
0.16408 56 30
0.16408 61 30
0.16408 65 30
0.16408 0 0
0.15344 51 46
0.15344 0 0
0.12315 55 38
0.12315 56 38
0.12279 60 37
0.14563 66 45
0.14563 0 0
0.30233 66 49
0.30233 60 49
0.30233 56 49
0.15344 44 47
0.15344 0 0
0.16067 56 38
0.16067 60 38
0.16067 66 38
0.16067 0 0
0.15499 51 53
0.15499 0 0
0.12597 55 38
0.12597 56 38
0.12770 60 37
0.16152 66 45
0.16152 0 0
0.28985 66 43
0.28985 60 43
0.28985 56 43
0.15818 44 37
0.15818 0 0
0.16067 56 36
0.16067 60 36
0.16067 66 36
0.16067 0 0
0.19179 49 39
0.19179 0 0
0.09646 55 32
0.09835 56 32
0.08016 61 31
0.33356 0 0
0.28571 68 42
0.15075 44 38
0.15075 0 0
0.16408 56 34
0.16408 61 34
0.16408 68 34
0.16408 0 0
0.17337 49 39
0.17337 0 0
0.10108 55 32
0.10108 56 32
0.10881 61 31
0.16769 65 38
0.16769 0 0
0.29412 65 40
0.29412 61 40
0.29412 56 40
0.15385 44 38
0.15385 0 0
0.16408 56 30
0.16408 61 30
0.16408 65 30
0.16408 0 0
0.15344 51 46
0.15344 0 0
0.12315 55 38
0.12315 56 38
0.12279 60 37
0.14563 66 45
0.14563 0 0
0.30233 66 49
0.30233 60 49
0.30233 56 49
0.15344 44 47
0.15344 0 0
0.16067 56 38
0.16067 60 38
0.16067 66 38
0.16067 0 0
0.15499 51 53
0.15499 0 0
0.12916 55 38
0.12916 56 38
0.13025 60 37
0.16152 66 45
0.16152 0 0
0.30084 66 43
0.30084 60 43
0.30084 56 43
0.15818 44 37
0.15818 0 0
0.16067 56 36
0.16067 60 36
0.16067 64 36
0.16067 0 0
0.19179 53 50
0.19179 0 0
0.09951 57 41
0.09951 61 41
0.07961 65 40
0.16678 69 55
0.16678 0 0
0.29557 65 49
0.29557 61 49
0.15544 53 49
0.15544 0 0
0.16408 57 44
0.16408 63 44
0.16408 0 0
0.17751 54 50
0.17751 0 0
0.09951 60 41
0.09951 61 41
0.07961 66 40
0.32432 0 0
0.28985 62 55
0.15075 50 49
0.15075 0 0
0.16408 58 44
0.16408 65 44
0.16408 0 0
0.19179 51 50
0.19179 0 0
0.09951 57 41
0.09951 58 41
0.07961 63 40
0.65487 0 0
0.32538 70 46
0.33708 68 43
0.97719 58 50
0.17544 51 46
0.17544 0 0
0.09951 57 38
0.09951 58 38
0.07961 59 37
0.33520 58 50
0.30928 62 50
0.31579 65 55
0.32258 63 51
0.16304 39 46
0.16304 0 0
0.13602 50 38
0.13602 51 38
0.10881 53 37
0.16216 51 50
0.16216 0 0
0.63940 51 50
0.31088 51 46
0.31746 60 41
0.32258 61 39
0.31636 65 41
0.32134 63 38
0.30842 67 40
0.33681 63 38
1.92296 51 41
0.16587 51 39
0.16587 0 0
0.11576 62 32
0.12068 63 32
0.10001 65 31
0.16587 63 36
0.16587 0 0
0.63948 63 42
0.31636 63 39
0.33356 60 41
0.33356 61 40
0.35971 63 44
0.35166 70 47
0.37008 68 44
0.42761 66 36
2.17617 56 41
0.21583 49 54
0.21583 0 0
0.10585 55 49
0.10842 56 49
0.08870 61 48
0.34286 0 0
0.28708 68 59
0.15075 44 58
0.15075 0 0
0.16854 56 52
0.16854 61 52
0.16854 68 52
0.16854 0 0
0.17964 49 59
0.17964 0 0
0.10357 55 49
0.10531 56 49
0.11361 61 48
0.16769 65 59
0.16769 0 0
0.29557 65 56
0.29557 61 56
0.29557 56 56
0.15464 44 61
0.15464 0 0
0.16408 56 49
0.16408 61 49
0.16408 65 49
0.16408 0 0
0.15344 51 55
0.15344 0 0
0.12376 55 45
0.12376 56 45
0.12340 60 44
0.14634 66 53
0.14634 0 0
0.29851 66 57
0.29851 60 57
0.29851 56 57
0.00495 0 0
0.14851 44 53
0.14356 0 0
0.16067 56 42
0.16067 60 42
0.16067 66 42
0.16067 0 0
0.15499 51 58
0.15499 0 0
0.12597 55 45
0.12597 56 45
0.12770 60 42
0.16152 66 52
0.16152 0 0
0.29268 66 49
0.29268 60 49
0.29268 56 49
0.15818 44 41
0.15818 0 0
0.16067 56 39
0.16067 60 39
0.16067 66 39
0.16067 0 0
0.19179 49 39
0.19179 0 0
0.09675 55 32
0.09851 56 32
0.08016 61 31
0.33356 0 0
0.28985 68 42
0.15075 44 38
0.15075 0 0
0.16408 56 34
0.16408 61 34
0.16408 68 34
0.16408 0 0
0.17337 49 39
0.17337 0 0
0.10108 55 32
0.10108 56 32
0.10881 61 31
0.16769 65 38
0.16769 0 0
0.29703 65 40
0.29703 61 40
0.29703 56 40
0.15464 44 38
0.15464 0 0
0.16408 56 30
0.16408 61 30
0.16408 65 30
0.16408 0 0
0.15344 51 46
0.15344 0 0
0.12376 55 38
0.12376 56 38
0.12340 60 37
0.14634 66 45
0.14634 0 0
0.30233 66 48
0.30233 60 48
0.30233 56 48
0.15344 44 45
0.15344 0 0
0.16067 56 36
0.16067 60 36
0.16067 66 36
0.16067 0 0
0.15499 51 49
0.15499 0 0
0.12916 55 38
0.12916 56 38
0.13142 60 37
0.16854 66 45
0.16854 0 0
0.35294 66 43
0.35294 60 43
0.35294 56 43
0.23684 0 0
0.07895 58 23
0.16304 59 28
0.64188 47 33
0.19179 52 42
0.19179 0 0
0.09951 58 36
0.09951 59 36
0.07961 61 36
0.16678 59 49
0.16678 0 0
0.29851 59 44
0.15544 47 44
0.15544 0 0
0.16408 53 44
0.16408 62 44
0.16408 59 44
0.16408 0 0
0.15228 54 50
0.15228 0 0
0.12376 58 41
0.12376 59 41
0.09901 61 40
0.15464 59 55
0.15464 0 0
0.28985 59 56
0.15075 47 51
0.15075 0 0
0.16408 59 47
0.16408 69 47
0.16408 63 47
0.16408 0 0
0.19179 52 42
0.19179 0 0
0.09631 58 34
0.09859 59 34
0.08049 61 34
0.16678 59 46
0.16678 0 0
0.29703 59 41
0.15464 47 41
0.15464 0 0
0.16408 53 37
0.16408 62 37
0.16408 59 37
0.16408 0 0
0.15228 54 42
0.15228 0 0
0.12376 58 34
0.12376 59 34
0.09901 61 34
0.15464 59 46
0.15464 0 0
0.31712 59 46
0.16269 47 48
0.16269 0 0
0.17321 59 43
0.17321 69 43
0.17321 63 43
0.17321 0 0
0.30457 64 69
0.12077 63 56
0.12077 64 56
0.09662 63 56
0.31250 62 66
0.30303 63 53
0.31746 60 60
0.31414 56 55
0.30151 61 60
0.29268 57 55
0.31915 58 58
0.30303 53 54
0.30928 54 57
0.32432 59 53
0.32432 50 53
1.86264 58 49
1.86264 51 49
0.34091 44 50
0.11792 55 41
0.11792 56 41
0.09434 58 40
0.35971 56 50
0.32258 56 50
0.33113 0 0
0.34325 56 43
0.67438 44 46
1.17148 49 34
0.30151 44 34
0.32816 50 39
1.16867 51 49
0.30151 44 39
0.34479 48 35
1.16436 49 27
0.30151 44 27
0.32816 50 31
1.18167 51 36
0.30928 44 31
0.32648 48 34
0.36145 49 31
0.08648 56 32
0.26224 0 0
0.08712 61 32
0.25982 0 0
0.08631 65 31
0.25744 0 0
0.08553 68 31
0.25510 0 0
0.08475 73 30
0.25281 0 0
0.08287 77 30
0.25202 0 0
0.08633 68 29
0.26618 0 0
0.08927 73 29
0.27373 0 0
0.09483 77 29
0.29685 0 0
0.10393 80 28
0.34366 0 0
0.12749 85 28
0.31444 0 0
2.37991 73 28
2.32301 80 28
2.57143 37 17
2.57143 44 17
2.57143 49 22
