"alb_esp5"

#  Piano right
2.05973 0 0
0.76682 79 52
0.76682 75 52
0.26215 74 50
0.26215 77 50
0.51498 77 52
0.51498 80 52
0.24973 74 52
0.24973 77 52
0.24973 79 50
0.24973 75 50
0.50822 75 52
0.50822 72 52
0.51957 68 49
0.51957 72 49
1.03455 70 47
1.03455 67 47
0.49946 72 51
0.24444 74 56
0.24973 77 55
0.99363 68 51
0.50822 74 55
0.50822 70 51
1.01643 68 55
0.24863 72 51
0.24863 74 49
0.24444 79 52
0.25979 72 50
1.00149 67 51
1.03914 70 47
1.03914 67 47
0.76121 70 64
0.76121 74 64
0.25521 67 55
0.25521 70 55
0.50159 72 51
0.24341 78 65
0.24341 81 60
0.98840 69 60
0.24548 79 64
0.24548 74 56
0.49096 70 57
0.24444 72 58
0.25634 74 53
0.50078 69 51
1.02538 70 47
1.02538 67 47
0.75578 77 60
0.75578 70 51
0.24899 79 58
0.24705 75 57
0.24936 77 60
0.25170 79 64
0.25429 81 61
1.25139 69 49
0.25297 77 69
0.25297 70 58
0.25634 74 57
0.25634 68 48
0.25411 69 52
0.25411 75 61
0.25749 73 54
0.25749 74 59
0.26334 72 52
0.26334 71 46
0.52669 68 38
0.27574 70 43
1.31740 65 46
0.76019 79 52
0.76019 75 52
0.25864 77 50
0.25864 74 50
0.51042 77 52
0.51042 80 52
0.24973 74 52
0.24973 77 52
0.24973 79 50
0.24973 75 50
0.50822 72 52
0.50822 75 52
0.51957 72 49
0.51957 68 49
1.03455 70 47
1.03455 67 47
0.49946 72 51
0.24444 74 56
0.24973 77 55
0.99363 68 51
0.50822 74 55
0.50822 70 51
1.01643 68 55
0.24863 72 51
0.24863 74 49
0.24444 79 52
0.25979 72 50
1.00149 67 51
1.03914 67 47
1.03914 70 47
0.75383 70 64
0.75383 74 64
0.25079 67 55
0.25079 70 55
0.50159 72 51
0.24341 78 65
0.24341 81 60
0.98840 69 60
0.24548 79 64
0.24548 74 56
0.49096 70 57
0.24444 72 58
0.25634 74 53
0.50078 69 51
1.02538 70 47
1.02538 67 47
0.50274 70 58
0.50274 65 52
0.24548 66 51
0.24548 72 57
0.24548 75 55
0.24548 70 55
0.24240 66 54
0.24240 72 60
0.24548 75 53
0.24548 70 47
0.24444 72 54
0.24444 78 60
0.25411 70 48
0.25411 75 54
0.51275 74 54
0.25864 72 53
0.25864 74 49
1.03004 69 54
1.04899 65 47
1.04899 70 47
0.75379 74 52
0.75379 77 52
0.25079 68 50
0.25079 72 50
0.50822 72 52
0.50822 75 52
0.24973 74 52
0.24973 70 52
0.24973 67 50
0.24973 70 50
0.50822 74 52
0.50822 70 52
0.51957 68 49
0.51957 72 49
1.03455 68 47
1.03455 65 47
0.75176 77 72
0.75176 80 72
0.24653 76 57
0.24653 79 57
0.24548 73 63
0.24548 76 63
0.24548 76 56
0.24548 79 56
0.24973 77 61
0.24973 74 61
0.24973 74 56
0.24973 71 56
0.25189 74 60
0.25189 77 60
0.25411 72 53
0.25411 75 53
0.25979 72 53
0.25979 68 53
0.25979 65 50
0.25979 68 50
1.04181 65 48
1.04181 62 48
0.24973 69 51
0.24393 70 47
0.24757 71 52
0.74122 78 57
0.24038 80 52
0.08252 78 60
0.08252 80 49
0.08252 78 49
0.25297 77 55
0.25297 76 56
0.25634 77 49
1.25024 72 40
0.24973 64 51
0.18360 65 47
0.06189 68 46
0.24757 66 52
0.74278 73 57
0.24038 65 40
0.24038 73 52
0.24757 73 60
0.25297 72 55
0.25297 71 56
0.25634 72 49
1.00985 70 40
1.00985 64 39
0.49946 72 51
0.49946 68 51
0.24444 70 56
0.24444 73 56
0.24973 77 52
0.24973 73 52
0.50822 70 55
0.50822 73 55
0.50822 70 51
0.50822 67 51
0.24863 64 51
0.24863 67 51
0.24863 65 52
0.24863 68 52
0.24444 70 57
0.24444 67 57
0.25979 73 52
0.25979 70 52
1.03914 68 47
1.03914 72 47
0.49306 72 69
0.49306 68 69
0.24444 72 65
0.24444 75 65
0.24973 80 59
0.24973 77 59
0.50822 77 63
0.50822 73 63
0.50822 70 60
0.50822 73 60
0.24863 70 65
0.24863 67 65
0.24863 68 60
0.24863 72 60
0.24444 73 70
0.24444 70 70
0.25979 76 59
0.25979 73 59
1.05274 72 53
1.05274 75 53
0.24969 75 47
0.24969 72 39
0.24969 68 39
0.49217 75 42
0.49217 68 35
0.49217 72 35
0.25289 72 31
0.25289 75 37
0.25289 68 31
0.24863 72 39
0.24863 75 47
0.24863 68 39
0.49389 68 35
0.49389 72 35
0.49389 75 42
0.24526 75 37
0.24526 68 31
0.24526 72 31
0.24349 0 0
0.24863 72 35
0.24863 75 43
0.24863 68 35
0.24248 0 0
0.25073 75 44
0.25073 72 36
0.25073 68 36
0.25073 0 0
0.25073 68 36
0.25073 75 44
0.25073 72 36
0.25073 0 0
0.25073 75 40
0.25073 72 34
0.25073 68 34
0.24969 75 42
0.24969 68 35
0.24969 72 35
0.49217 72 35
0.49217 75 42
0.49217 68 35
0.24590 75 37
0.24590 72 31
0.24590 68 31
0.24291 68 39
0.24291 75 47
0.24291 72 39
0.48101 75 42
0.48101 72 35
0.48101 68 35
0.23810 75 37
0.23810 68 31
0.23810 72 31
0.24096 0 0
0.23896 68 35
0.24096 72 35
0.24096 75 43
0.24248 0 0
0.25105 72 36
0.25105 75 44
0.25105 68 36
0.25000 0 0
0.25000 68 36
0.25000 75 44
0.25000 72 36
0.25000 0 0
0.25000 75 40
0.25000 72 34
0.25000 68 34
0.75176 84 72
0.75176 80 72
0.24653 79 57
0.24653 76 57
0.49096 79 63
0.49096 82 63
0.24973 77 61
0.24973 80 61
0.24973 77 56
0.24973 74 56
0.49946 70 63
0.49946 74 63
0.50289 70 54
0.50289 67 54
0.50633 67 56
0.50633 64 56
0.51724 65 52
0.51724 68 52
0.75539 71 56
0.25532 73 51
1.01071 66 50
0.25105 64 46
0.25105 71 54
0.25105 76 55
0.25424 78 57
0.25641 80 59
0.25899 83 59
0.26087 80 57
0.26297 78 55
0.28571 76 53
0.57143 75 51
0.57143 74 50
1.14286 68 42
0.76682 75 52
0.76682 79 52
0.26215 77 50
0.26215 74 50
0.51498 77 52
0.51498 80 52
0.24973 77 52
0.24973 74 52
0.24973 79 50
0.24973 75 50
0.50822 75 52
0.50822 72 52
0.51957 72 49
0.51957 68 49
1.03455 70 47
1.03455 67 47
0.49946 72 51
0.24444 74 56
0.24973 77 55
0.99363 68 51
0.50822 74 55
0.50822 70 51
1.01643 68 55
0.24863 72 51
0.24863 74 49
0.24444 79 52
0.25978 72 50
1.00149 67 51
1.03914 70 47
1.03914 67 47
0.76121 70 64
0.76121 74 64
0.25521 70 55
0.25521 67 55
0.50159 72 51
0.24341 78 65
0.24341 81 60
0.98840 69 60
0.24548 79 64
0.24548 74 56
0.49096 70 57
0.24444 72 58
0.25634 74 53
0.50078 69 51
1.02538 70 47
1.02538 67 47
0.75578 77 60
0.75578 70 51
0.24899 79 58
0.24705 75 57
0.24936 77 60
0.25170 79 64
0.25429 81 61
1.25139 69 49
0.25297 77 69
0.25297 70 58
0.25634 74 57
0.25634 68 48
0.25411 75 61
0.25411 69 52
0.25749 73 54
0.25749 74 59
0.26334 72 52
0.26334 71 46
0.52669 68 38
0.27574 70 43
1.31740 65 46
0.76019 75 52
0.76019 79 52
0.25864 77 50
0.25864 74 50
0.51042 77 52
0.51042 80 52
0.24973 77 52
0.24973 74 52
0.24973 79 50
0.24973 75 50
0.50822 75 52
0.50822 72 52
0.51957 72 49
0.51957 68 49
1.03455 70 47
1.03455 67 47
0.49946 72 51
0.24444 74 56
0.24973 77 55
0.99363 68 51
0.50822 74 55
0.50822 70 51
1.01643 68 55
0.24863 72 51
0.24863 74 49
0.24444 79 52
0.25978 72 50
1.00149 67 51
1.03914 70 47
1.03914 67 47
0.75529 73 55
0.75529 67 47
0.24793 72 53
0.24793 67 45
0.74085 72 56
0.25105 70 52
0.99190 67 47
0.24490 67 53
0.24490 68 55
0.48980 63 45
0.24896 71 56
0.24896 72 57
0.25424 74 59
0.25974 75 56
0.25974 80 61
0.25974 75 47
0.25974 72 47
0.25974 72 55
0.25974 68 38
0.25974 63 38
0.76682 68 44
0.76682 72 52
0.76682 63 44
0.26215 74 50
0.26215 68 42
0.26215 65 42
0.51498 68 44
0.51498 72 52
0.51498 63 44
0.49946 70 49
0.49946 68 40
0.49946 62 40
0.76682 63 44
0.76682 67 52
0.26215 70 50
0.26215 63 42
0.51498 68 52
0.51498 63 44
0.49946 67 49
0.49946 63 40
0.24390 65 47
0.24390 60 47
0.24390 68 38
0.24390 63 38
0.24590 65 46
0.24590 60 46
0.24896 67 37
0.24896 62 37
0.51502 65 42
0.51502 60 42
0.51502 70 37
0.51502 67 37
0.51502 62 37
2.05973 0 0
0.76682 75 42
0.76682 79 42
0.26215 77 38
0.26215 74 38
0.51498 77 39
0.51498 80 39
0.26087 77 38
0.26087 74 38
0.26087 79 35
0.26087 75 35
0.53097 75 35
0.53097 72 35
0.54794 72 31
0.54794 68 31
1.06292 70 29
1.06292 67 29
2.09626 63 29
2.09626 57 25
2.09626 54 25
1.60973 79 39
1.60973 87 39
0.09050 89 34
0.09050 91 33
0.09050 89 33
0.09050 87 32
0.09050 84 31
0.09050 82 31
1.08597 79 35
1.21212 75 34
1.21212 77 34
1.21212 71 34
2.42424 87 31
2.42424 99 37
2.42424 94 31
2.42424 91 31
#  Piano left
0.25747 58 38
0.51493 58 35
0.25747 58 33
1.02987 51 32
0.25747 58 37
0.51493 58 35
0.25747 58 34
1.02987 51 32
0.25747 58 38
0.50936 58 35
0.26215 58 33
1.02897 51 32
0.25749 58 37
0.50722 58 35
0.24973 58 34
1.01444 51 32
0.25411 58 38
0.51389 58 35
0.25978 58 33
1.02779 51 32
0.25978 58 37
0.51727 58 35
0.25749 58 34
1.03455 51 32
0.24973 0 0
0.49417 58 35
0.24973 58 34
0.99363 51 32
0.99363 65 37
0.25411 0 0
0.50822 58 35
0.25411 58 34
1.01643 51 32
1.01643 65 37
0.24863 58 37
0.49307 58 35
0.25979 58 34
1.00149 51 32
0.25978 58 37
0.51957 58 35
0.25979 58 34
1.03914 51 32
0.25521 62 42
0.50600 62 38
0.25521 62 36
1.01643 55 35
0.25079 63 40
0.49420 63 38
0.24341 63 37
0.98840 55 35
0.24548 62 43
0.24548 62 37
0.49096 55 38
0.24444 63 39
0.25634 63 35
0.50078 55 35
0.25634 62 36
0.51269 62 34
0.25634 62 33
1.02538 55 31
0.24757 53 42
0.75578 62 60
0.24899 63 47
0.24705 60 48
0.24936 62 49
0.25170 63 50
0.25429 65 50
1.75960 53 42
0.25297 62 56
0.25634 59 49
0.25411 60 52
0.25749 57 48
0.25749 0 0
0.26334 63 39
0.53908 62 36
1.05991 58 51
0.25412 58 38
0.50607 58 35
0.25864 58 33
1.01883 51 32
0.25521 58 37
0.50494 58 35
0.24973 58 34
1.00988 51 32
0.25411 58 38
0.51389 58 35
0.25979 58 33
1.02779 51 32
0.25978 58 37
0.51727 58 35
0.25749 58 34
1.03455 51 32
0.24973 0 0
0.49417 58 35
0.24973 58 34
0.99363 51 32
0.99363 65 37
0.25411 0 0
0.50822 58 35
0.25411 58 34
1.01643 51 32
1.01643 65 37
0.24863 58 37
0.49307 58 35
0.25979 58 34
1.00149 51 32
0.25979 58 37
0.51957 58 35
0.25979 58 34
1.03914 51 32
0.25521 62 42
0.49862 62 38
0.25079 62 36
1.00462 55 35
0.25079 63 40
0.49420 63 38
0.24341 63 37
0.98840 55 35
0.24548 62 43
0.24548 62 37
0.49096 55 38
0.24444 63 39
0.25634 63 35
0.50078 55 35
0.25634 62 36
0.51269 62 34
0.25634 62 33
1.02538 55 31
0.25411 62 39
0.24863 62 37
0.50274 53 34
0.24548 63 49
0.24548 66 43
0.24240 63 49
0.24548 66 44
0.24444 70 51
0.25411 66 47
0.25411 65 43
0.25864 65 39
0.25864 63 42
0.25864 63 37
1.03004 53 43
0.25297 58 42
0.25297 62 42
0.19840 59 36
0.08828 62 32
0.26575 60 38
0.26575 58 35
0.25747 34 38
0.49633 58 35
0.25079 58 33
0.25411 58 37
0.50384 58 35
0.24973 58 34
0.25411 58 38
0.51389 58 35
0.25979 58 33
0.25979 58 37
0.51727 58 35
0.25749 58 34
0.25747 34 54
0.49429 58 47
0.24653 58 38
0.24548 58 39
0.49521 58 38
0.24973 58 36
0.25189 58 40
0.51389 58 38
0.25979 58 35
0.25297 57 45
0.19840 58 39
0.08778 61 34
0.28183 59 40
0.26453 58 38
0.49366 63 44
0.48795 56 30
0.24757 0 0
0.50594 63 47
0.25634 60 36
1.00985 57 44
0.49522 58 44
0.48795 56 30
0.75351 0 0
0.25634 48 36
1.00985 55 40
0.24973 48 34
0.49417 48 35
0.24973 48 34
0.99363 41 37
0.25411 48 34
0.50822 48 35
0.25411 48 34
1.01643 41 37
0.24863 48 34
0.49307 48 35
0.25979 48 34
1.00149 41 37
0.25979 41 50
0.51957 41 53
0.25978 40 54
1.03914 48 50
0.24653 39 56
0.49097 63 44
0.24973 63 42
0.25411 63 42
0.50822 63 44
0.25411 63 42
0.24863 63 42
0.49307 63 44
0.25979 63 42
0.25979 56 49
0.26432 63 46
0.26432 68 53
0.26432 67 48
0.74186 67 54
0.25289 65 50
0.49726 60 53
0.24526 59 48
0.24526 60 42
0.49212 65 53
0.49321 67 51
0.50146 67 53
0.50146 65 52
0.74186 67 54
0.24590 65 50
0.48583 60 53
0.23810 59 48
0.23810 60 42
0.24096 65 53
0.24096 67 49
0.24248 68 51
0.25105 67 47
0.50000 67 53
0.50000 65 52
0.25747 34 54
0.49429 58 47
0.24653 58 38
0.24548 58 39
0.49521 58 38
0.24973 58 36
0.24973 58 39
0.49946 58 38
0.25316 58 36
0.25316 58 39
0.51179 58 38
0.25862 58 36
0.25424 57 37
0.50115 57 37
0.25532 57 37
1.01071 63 56
0.50209 56 39
1.57920 0 0
1.14286 58 35
1.14286 65 35
0.25747 58 38
0.50936 58 35
0.26215 58 33
1.02897 51 32
0.25749 58 37
0.50722 58 35
0.24973 58 34
1.01444 51 32
0.25411 58 38
0.51389 58 35
0.25979 58 33
1.02779 51 32
0.25978 58 37
0.51727 58 35
0.25749 58 34
1.03455 51 32
0.24973 0 0
0.49417 58 35
0.24973 58 34
0.99363 51 32
0.99363 65 37
0.25411 0 0
0.50822 58 35
0.25411 58 34
1.01643 51 32
1.01643 65 37
0.24863 58 37
0.49307 58 35
0.25978 58 34
1.00149 51 32
0.25979 58 37
0.51957 58 35
0.25978 58 34
1.03914 51 32
0.25521 62 42
0.50600 62 38
0.25521 62 36
1.01643 55 35
0.25079 63 40
0.49420 63 38
0.24341 63 37
0.98840 55 35
0.24548 62 43
0.24548 62 37
0.49096 55 38
0.24444 63 39
0.25634 63 35
0.50078 55 35
0.25634 62 36
0.51269 62 34
0.25634 62 33
1.02538 55 31
0.24757 53 42
0.75578 62 60
0.24899 63 47
0.24705 60 48
0.24936 62 49
0.25170 63 50
0.25429 65 50
1.75960 53 42
0.25297 62 56
0.25634 59 49
0.25411 60 52
0.25749 57 48
0.25749 0 0
0.26334 63 39
0.53908 62 36
1.05991 58 51
0.25412 58 38
0.50607 58 35
0.25864 58 33
1.01883 51 32
0.25521 58 37
0.50494 58 35
0.24973 58 34
1.00988 51 32
0.25411 58 38
0.51389 58 35
0.25979 58 33
1.02779 51 32
0.25978 58 37
0.51727 58 35
0.25749 58 34
1.03455 51 32
0.24973 0 0
0.49417 58 35
0.24973 58 34
0.99363 51 32
0.99363 65 37
0.25411 0 0
0.50822 58 35
0.25411 58 34
1.01643 51 32
1.01643 65 37
0.24863 58 37
0.49307 58 35
0.25978 58 34
1.00149 51 32
0.25979 58 37
0.51957 58 35
0.25978 58 34
1.03914 51 32
0.24896 65 52
0.50633 51 47
0.24793 63 40
0.24390 63 49
0.24590 62 42
0.50209 61 39
0.24490 59 49
0.24490 60 46
0.24896 55 52
0.24896 56 47
0.25424 59 51
0.25974 60 48
0.51948 53 45
0.25747 46 44
0.50936 58 36
0.51963 58 36
0.50722 58 35
0.24973 58 34
0.25747 46 44
0.50936 58 48
0.51963 62 36
0.50722 60 35
0.24973 58 34
0.24390 56 33
0.24390 46 33
0.24390 60 30
0.24590 56 32
0.24896 58 30
0.51502 56 31
0.51502 56 28
0.51502 46 28
0.25747 46 32
0.51493 46 30
0.25747 46 28
1.02987 39 28
0.25747 46 30
0.51493 46 28
0.25747 46 27
1.02987 39 27
0.25747 46 29
0.50936 46 27
0.26215 46 26
1.02897 39 25
0.25749 46 28
0.51836 46 26
0.26087 46 25
1.03672 39 23
0.26549 46 26
0.53946 46 25
0.27397 46 21
1.07892 39 21
0.27397 46 25
0.53146 46 21
0.25749 46 19
1.06292 39 19
0.26201 47 23
0.52402 47 19
0.26201 47 17
1.04803 39 18
0.26201 47 19
0.52402 47 17
0.26220 47 15
1.04823 39 16
0.26374 39 33
0.26568 46 29
0.26766 51 34
0.26966 55 31
1.08597 58 36
1.08597 0 0
1.21212 56 30
1.21212 63 30
2.42424 39 23
2.42424 27 19
