"alb_se5"

#  Piano right
0.11673 0 0
0.05837 62 31
0.16866 0 0
0.05515 62 35
0.16667 0 0
0.05576 62 39
0.16940 0 0
0.05682 62 37
0.17045 0 0
0.05682 62 34
0.17045 0 0
0.05682 62 32
0.17355 0 0
0.05837 62 31
0.16907 0 0
0.05535 62 35
0.16729 0 0
0.05597 62 39
0.16961 0 0
0.05682 62 37
0.17045 0 0
0.05682 62 34
0.17045 0 0
0.05682 62 32
0.17355 0 0
0.05837 62 31
0.16907 0 0
0.05535 62 35
0.16729 0 0
0.05597 62 39
0.16875 0 0
0.05639 62 37
0.17003 0 0
0.05682 62 40
0.17045 0 0
0.05682 62 37
0.17045 0 0
0.05682 62 41
0.16793 0 0
0.05556 62 35
0.16667 0 0
0.05556 62 39
0.16791 0 0
0.05618 62 34
0.16939 0 0
0.05682 62 38
0.17132 0 0
0.05882 62 37
0.17712 0 0
0.05952 62 30
0.16982 0 0
0.05515 62 35
0.16667 0 0
0.05576 62 36
0.16940 0 0
0.05682 62 31
0.17045 0 0
0.05682 62 36
0.17045 0 0
0.05682 62 33
0.17355 0 0
0.05837 62 37
0.16785 0 0
0.05474 62 35
0.16668 0 0
0.05597 62 39
0.16961 0 0
0.05682 62 37
0.17045 0 0
0.05682 62 34
0.17045 0 0
0.05682 62 32
0.17355 0 0
0.05837 62 31
0.16907 0 0
0.05535 62 35
0.16729 0 0
0.05597 62 39
0.16875 0 0
0.05639 62 37
0.17003 0 0
0.05682 62 40
0.17045 0 0
0.05682 62 37
0.17045 0 0
0.05682 62 41
0.16793 0 0
0.05556 62 35
0.16667 0 0
0.05556 62 43
0.16792 0 0
0.05618 62 37
0.16939 0 0
0.05682 62 44
0.17311 0 0
0.05952 62 39
0.17763 0 0
0.05906 62 31
0.16815 0 0
0.05455 62 35
0.16607 0 0
0.05576 62 39
0.16940 0 0
0.05682 62 37
0.17045 0 0
0.05682 62 34
0.17045 0 0
0.05682 62 32
0.17355 0 0
0.05837 62 31
0.16826 0 0
0.05495 62 35
0.16689 0 0
0.05597 62 39
0.16961 0 0
0.05682 62 37
0.17045 0 0
0.05682 62 34
0.17045 0 0
0.05682 62 32
0.17355 0 0
0.05837 62 31
0.16907 0 0
0.05535 62 35
0.16729 0 0
0.05597 62 39
0.16875 0 0
0.05639 62 37
0.17003 0 0
0.05682 62 44
0.17045 0 0
0.05682 62 41
0.17045 0 0
0.05682 62 48
0.16793 0 0
0.05556 62 42
0.16667 0 0
0.05556 62 47
0.16792 0 0
0.05618 62 41
0.16939 0 0
0.05682 62 43
0.17132 0 0
0.05747 62 37
0.17573 0 0
0.05906 62 31
0.16935 0 0
0.05515 62 35
0.16667 0 0
0.05576 62 39
0.16940 0 0
0.05682 62 37
0.17045 0 0
0.05682 62 34
0.17045 0 0
0.05682 62 32
0.17355 0 0
0.05837 62 31
0.16907 0 0
0.05535 62 35
0.16729 0 0
0.05597 62 39
0.16961 0 0
0.05682 62 37
0.17045 0 0
0.05682 62 34
0.17045 0 0
0.05682 62 32
0.17355 0 0
0.05837 62 31
0.16907 0 0
0.05535 62 35
0.16729 0 0
0.05597 62 39
0.16875 0 0
0.05639 62 37
0.17003 0 0
0.05682 62 44
0.17045 0 0
0.05682 62 41
0.17045 0 0
0.05682 62 48
0.16793 0 0
0.05556 62 42
0.16667 0 0
0.05556 62 47
0.16834 0 0
0.05689 62 41
0.17256 0 0
0.05821 62 43
0.17663 0 0
0.05976 62 37
0.17557 0 0
0.05859 62 34
0.05859 74 44
0.16690 0 0
0.05415 62 38
0.05415 74 49
0.16568 0 0
0.05576 62 42
0.05576 74 54
0.16940 0 0
0.05682 62 40
0.05682 74 52
0.17045 0 0
0.05682 62 37
0.05682 74 48
0.17045 0 0
0.05682 62 35
0.05682 74 45
0.17355 0 0
0.05837 74 44
0.05837 62 34
0.16667 0 0
0.05415 62 38
0.05415 74 49
0.16609 0 0
0.05597 62 42
0.05597 74 54
0.16961 0 0
0.05682 62 40
0.05682 74 52
0.17045 0 0
0.05682 74 48
0.05682 62 37
0.17045 0 0
0.05682 62 35
0.05682 74 45
0.17355 0 0
0.05837 62 34
0.05837 74 44
0.16907 0 0
0.05535 62 38
0.05535 74 49
0.16729 0 0
0.05597 62 42
0.05597 74 54
0.16875 0 0
0.05639 62 40
0.05639 74 52
0.17003 0 0
0.05682 74 57
0.05682 62 44
0.17045 0 0
0.05682 62 40
0.05682 74 52
0.17045 0 0
0.05682 62 45
0.05682 74 58
0.16793 0 0
0.05556 62 38
0.05556 74 49
0.16667 0 0
0.05556 74 54
0.05556 62 42
0.16792 0 0
0.05618 74 48
0.05618 62 37
0.16939 0 0
0.05682 62 41
0.05682 74 53
0.17132 0 0
0.06073 62 40
0.06073 74 52
0.17746 0 0
0.05837 62 34
0.05837 74 44
0.16866 0 0
0.05515 74 49
0.05515 62 38
0.16667 0 0
0.05576 62 42
0.05576 74 54
0.16940 0 0
0.05682 62 40
0.05682 74 52
0.17045 0 0
0.05682 62 37
0.05682 74 48
0.17045 0 0
0.05682 62 35
0.05682 74 45
0.17355 0 0
0.05837 62 34
0.05837 74 44
0.16907 0 0
0.05535 62 38
0.05535 74 49
0.16729 0 0
0.05597 62 42
0.05597 74 54
0.16961 0 0
0.05682 62 40
0.05682 74 52
0.17045 0 0
0.05682 62 37
0.05682 74 48
0.17045 0 0
0.05682 62 35
0.05682 74 45
0.17355 0 0
0.05837 74 44
0.05837 62 34
0.16907 0 0
0.05535 62 38
0.05535 74 49
0.16729 0 0
0.05597 62 42
0.05597 74 54
0.16875 0 0
0.05639 62 40
0.05639 74 52
0.17003 0 0
0.05682 74 57
0.05682 62 44
0.17045 0 0
0.05682 74 52
0.05682 62 40
0.17045 0 0
0.05682 62 45
0.05682 74 58
0.16671 0 0
0.05495 62 38
0.05495 74 49
0.16606 0 0
0.05556 62 48
0.05556 74 62
0.16791 0 0
0.05618 74 54
0.05618 62 42
0.16967 0 0
0.05762 62 51
0.05762 74 66
0.17680 0 0
0.06040 62 45
0.06040 74 58
0.17779 0 0
0.06787 74 70
0.06787 78 70
0.06787 81 83
0.06787 86 83
0.17736 0 0
0.05474 62 42
0.05474 74 54
0.16627 0 0
0.05576 74 59
0.05576 62 46
0.16940 0 0
0.05682 62 44
0.05682 74 57
0.17045 0 0
0.05682 62 40
0.05682 74 52
0.17045 0 0
0.05682 62 38
0.05682 74 49
0.17355 0 0
0.06696 86 85
0.06696 78 72
0.06696 74 72
0.06696 81 85
0.17685 0 0
0.05494 62 42
0.05494 74 54
0.16689 0 0
0.05597 62 46
0.05597 74 59
0.16961 0 0
0.05682 62 44
0.05682 74 57
0.17045 0 0
0.05682 62 40
0.05682 74 52
0.17045 0 0
0.05682 62 38
0.05682 74 49
0.17355 0 0
0.06608 81 83
0.06608 86 83
0.06608 74 70
0.06608 78 70
0.17597 0 0
0.05494 62 42
0.05494 74 54
0.16689 0 0
0.05597 74 59
0.05597 62 46
0.16875 0 0
0.05639 62 44
0.05639 74 57
0.17003 0 0
0.05682 62 52
0.05682 74 67
0.17045 0 0
0.05682 62 49
0.05682 74 63
0.17045 0 0
0.05682 74 70
0.05682 62 54
0.16793 0 0
0.05556 62 50
0.05556 74 65
0.16667 0 0
0.05556 62 54
0.05556 74 69
0.16791 0 0
0.05618 62 49
0.05618 74 63
0.16939 0 0
0.05682 62 51
0.05682 74 66
0.17132 0 0
0.05747 62 44
0.05747 74 57
0.17435 0 0
0.06818 86 83
0.06818 81 83
0.06818 74 70
0.06818 78 70
0.17767 0 0
0.05474 62 42
0.05474 74 54
0.16627 0 0
0.05576 62 46
0.05576 74 59
0.16940 0 0
0.05682 74 57
0.05682 62 44
0.17045 0 0
0.05682 74 52
0.05682 62 40
0.17045 0 0
0.05682 62 38
0.05682 74 49
0.17355 0 0
0.06787 81 85
0.06787 78 72
0.06787 74 72
0.06787 86 85
0.17736 0 0
0.05474 74 54
0.05474 62 42
0.16668 0 0
0.05597 62 46
0.05597 74 59
0.16961 0 0
0.05682 62 44
0.05682 74 57
0.17045 0 0
0.05682 62 40
0.05682 74 52
0.17045 0 0
0.05682 62 38
0.05682 74 49
0.17355 0 0
0.06818 86 83
0.06818 78 70
0.06818 74 70
0.06818 81 83
0.17888 0 0
0.05535 62 42
0.05535 74 54
0.16729 0 0
0.05597 62 46
0.05597 74 59
0.16875 0 0
0.05639 62 44
0.05639 74 57
0.17003 0 0
0.05682 74 64
0.05682 62 50
0.17045 0 0
0.05682 62 49
0.05682 74 63
0.17045 0 0
0.05682 62 54
0.05682 74 70
0.16711 0 0
0.05515 62 50
0.05515 74 65
0.16709 0 0
0.05597 62 56
0.05597 74 72
0.16975 0 0
0.05732 62 52
0.05732 74 67
0.17390 0 0
0.05844 62 60
0.05844 74 77
0.17733 0 0
0.05984 62 59
0.05984 74 76
0.17968 0 0
0.07937 79 76
0.07937 82 76
0.07937 86 76
0.07937 91 91
0.18767 0 0
0.05415 74 68
0.05415 62 52
0.16568 0 0
0.05576 62 57
0.05576 74 74
0.16940 0 0
0.05682 62 54
0.05682 74 70
0.17045 0 0
0.05682 62 50
0.05682 74 65
0.17045 0 0
0.05682 74 60
0.05682 62 47
0.17355 0 0
0.07895 91 93
0.07895 82 79
0.07895 79 79
0.07895 86 79
0.18764 0 0
0.05435 62 52
0.05435 74 68
0.16629 0 0
0.05597 62 57
0.05597 74 74
0.16961 0 0
0.05682 62 54
0.05682 74 70
0.17045 0 0
0.05682 74 65
0.05682 62 50
0.17045 0 0
0.05682 62 47
0.05682 74 60
0.17355 0 0
0.07853 86 76
0.07853 91 91
0.07853 79 76
0.07853 82 76
0.18924 0 0
0.05535 62 50
0.05535 74 65
0.16729 0 0
0.05597 62 55
0.05597 74 71
0.16875 0 0
0.05639 62 52
0.05639 74 67
0.17003 0 0
0.05682 62 55
0.05682 74 72
0.17045 0 0
0.05682 62 58
0.05682 74 75
0.17045 0 0
0.05682 62 61
0.05682 74 79
0.16793 0 0
0.05556 74 70
0.05556 62 54
0.16667 0 0
0.05556 62 58
0.05556 74 75
0.16791 0 0
0.05618 62 52
0.05618 74 67
0.16939 0 0
0.05682 62 54
0.05682 74 71
0.17132 0 0
0.06073 74 67
0.06073 62 52
0.17746 0 0
0.08824 87 93
0.08824 82 79
0.08824 79 79
0.08824 91 93
0.19654 0 0
0.05415 63 52
0.05415 75 68
0.16609 0 0
0.05597 63 57
0.05597 75 74
0.16961 0 0
0.05682 63 54
0.05682 75 70
0.17045 0 0
0.05682 75 65
0.05682 63 50
0.17265 0 0
0.05791 63 47
0.05791 75 60
0.17465 0 0
0.08772 87 93
0.08772 82 79
0.08772 79 79
0.08772 91 93
0.19602 0 0
0.05415 75 68
0.05415 63 52
0.16609 0 0
0.05597 75 74
0.05597 63 57
0.16961 0 0
0.05682 63 54
0.05682 75 70
0.17045 0 0
0.05682 63 50
0.05682 75 65
0.17401 0 0
0.05859 63 47
0.05859 75 60
0.17533 0 0
0.08671 91 93
0.08671 82 79
0.08671 79 79
0.08671 87 93
0.19741 0 0
0.05535 63 50
0.05535 75 65
0.16729 0 0
0.05597 63 55
0.05597 75 71
0.16961 0 0
0.05682 63 52
0.05682 75 67
0.17045 0 0
0.05682 63 48
0.05682 75 62
0.17045 0 0
0.05682 75 58
0.05682 63 45
0.17045 0 0
0.05682 63 54
0.05682 75 70
0.16793 0 0
0.05556 63 55
0.05556 75 71
0.16667 0 0
0.05556 63 55
0.05556 75 71
0.16791 0 0
0.05618 75 67
0.05618 63 52
0.16939 0 0
0.05682 63 56
0.05682 75 72
0.17132 0 0
0.05747 63 52
0.05747 75 67
0.17435 0 0
0.08982 86 86
0.08982 90 86
0.08982 93 86
0.08982 98 102
0.19773 0 0
0.05396 62 55
0.05396 74 71
0.16548 0 0
0.05576 62 58
0.05576 74 75
0.16940 0 0
0.05682 62 57
0.05682 74 73
0.17045 0 0
0.05682 62 52
0.05682 74 68
0.17045 0 0
0.06048 62 49
0.06048 74 63
0.17722 0 0
0.08982 99 102
0.08982 94 86
0.08982 87 86
0.08982 91 86
0.19773 0 0
0.05396 63 55
0.05396 75 71
0.16590 0 0
0.05597 63 60
0.05597 75 78
0.16961 0 0
0.05682 75 73
0.05682 63 57
0.17045 0 0
0.05682 63 52
0.05682 75 68
0.17045 0 0
0.05882 63 49
0.05882 75 63
0.17555 0 0
0.08876 93 87
0.08876 98 103
0.08876 86 87
0.08876 90 87
0.19667 0 0
0.05396 62 55
0.05396 74 71
0.16548 0 0
0.05576 74 74
0.05576 62 57
0.16940 0 0
0.05682 62 57
0.05682 74 73
0.17045 0 0
0.05682 62 52
0.05682 74 68
0.17045 0 0
0.05952 62 49
0.05952 74 63
0.17626 0 0
0.08772 94 86
0.08772 91 86
0.08772 87 86
0.08772 99 102
0.19642 0 0
0.05435 63 55
0.05435 75 71
0.16629 0 0
0.05597 63 60
0.05597 75 78
0.16961 0 0
0.05682 63 57
0.05682 75 73
0.17045 0 0
0.05682 75 68
0.05682 63 52
0.17045 0 0
0.05682 63 49
0.05682 75 63
0.17355 0 0
0.09091 93 86
0.09091 98 102
0.09091 86 86
0.09091 90 86
0.20120 0 0
0.05515 62 55
0.05515 74 71
0.16667 0 0
0.05576 62 60
0.05576 74 78
0.16940 0 0
0.05682 62 57
0.05682 74 73
0.17045 0 0
0.05682 62 52
0.05682 74 68
0.17045 0 0
0.05682 62 49
0.05682 74 63
0.17132 0 0
0.05725 62 53
0.05725 74 68
0.16755 0 0
0.05515 62 50
0.05515 74 65
0.16667 0 0
0.05576 74 66
0.05576 62 51
0.16940 0 0
0.05682 62 49
0.05682 74 63
0.16752 0 0
0.05535 62 50
0.05535 74 65
0.16729 0 0
0.05597 62 45
0.05597 74 58
0.16586 0 0
0.05494 74 68
0.05494 62 53
0.16689 0 0
0.05597 74 63
0.05597 62 49
0.16626 0 0
0.05515 62 49
0.05515 74 63
0.16709 0 0
0.05597 62 48
0.05597 74 62
0.16626 0 0
0.05515 62 48
0.05515 74 62
0.16585 0 0
0.05535 74 55
0.05535 62 43
0.16484 0 0
0.05474 74 63
0.05474 62 49
0.16710 0 0
0.05618 62 46
0.05618 74 59
0.16910 0 0
0.05689 62 46
0.05689 74 59
0.17256 0 0
0.05814 62 43
0.05814 74 55
0.17594 0 0
0.05937 62 44
0.05937 74 57
0.17750 0 0
0.05837 74 49
0.05837 62 38
0.17510 0 0
0.05837 62 58
0.05837 74 75
0.16866 0 0
0.05515 62 42
0.16667 0 0
0.05576 62 46
0.16940 0 0
0.05682 62 44
0.17045 0 0
0.05682 62 40
0.17045 0 0
0.05682 62 38
0.17132 0 0
0.05725 62 45
0.16755 0 0
0.05515 62 42
0.16667 0 0
0.05576 62 43
0.16940 0 0
0.05682 62 41
0.16752 0 0
0.05535 62 42
0.16729 0 0
0.05597 62 38
0.16586 0 0
0.05495 62 45
0.16689 0 0
0.05597 62 41
0.16626 0 0
0.05515 62 41
0.16709 0 0
0.05597 62 40
0.16626 0 0
0.05515 62 40
0.16585 0 0
0.05535 62 36
0.16484 0 0
0.05474 62 41
0.16710 0 0
0.05618 62 39
0.16896 0 0
0.05660 62 39
0.17067 0 0
0.05725 62 36
0.17264 0 0
0.05791 62 37
0.17465 0 0
0.05837 62 32
0.17510 0 0
0.05837 54 36
0.05837 57 36
0.16948 0 0
0.05556 57 31
0.05556 54 31
0.16708 0 0
0.05576 57 34
0.05576 54 34
0.16940 0 0
0.05682 57 33
0.05682 54 33
0.16725 0 0
0.05494 57 35
0.05494 54 35
0.16606 0 0
0.05556 57 34
0.05556 54 34
0.16919 0 0
0.05682 55 36
0.05682 58 36
0.16711 0 0
0.05515 58 31
0.05515 55 31
0.16667 0 0
0.05576 58 34
0.05576 55 34
0.16940 0 0
0.05682 58 29
0.05682 55 29
0.17045 0 0
0.05682 55 34
0.05682 58 34
0.17045 0 0
0.05682 58 31
0.05682 55 31
0.17355 0 0
0.05837 57 36
0.05837 54 36
0.16866 0 0
0.05515 57 31
0.05515 54 31
0.16667 0 0
0.05576 57 34
0.05576 54 34
0.16940 0 0
0.05682 57 33
0.05682 54 33
0.16711 0 0
0.05515 57 35
0.05515 54 35
0.16709 0 0
0.05597 57 34
0.05597 54 34
0.16918 0 0
0.05660 58 36
0.05660 55 36
0.16690 0 0
0.05515 58 31
0.05515 55 31
0.16667 0 0
0.05576 55 34
0.05576 58 34
0.16940 0 0
0.05682 58 29
0.05682 55 29
0.16834 0 0
0.05576 58 34
0.05576 55 34
0.16854 0 0
0.05639 58 31
0.05639 55 31
0.17312 0 0
0.05837 54 36
0.05837 57 36
0.16866 0 0
0.05515 57 31
0.05515 54 31
0.16667 0 0
0.05576 57 34
0.05576 54 34
0.16940 0 0
0.05682 57 33
0.05682 54 33
0.16793 0 0
0.05556 57 35
0.05556 54 35
0.16791 0 0
0.05618 57 34
0.05618 54 34
0.17068 0 0
0.05725 54 36
0.05725 57 36
0.16755 0 0
0.05515 57 31
0.05515 54 31
0.16667 0 0
0.05576 57 34
0.05576 54 34
0.16940 0 0
0.05682 57 29
0.05682 54 29
0.17045 0 0
0.05682 54 34
0.05682 57 34
0.17045 0 0
0.05682 54 31
0.05682 57 31
0.17045 0 0
0.05682 54 43
0.17045 0 0
0.05682 57 43
0.17045 0 0
0.05682 62 42
0.17045 0 0
0.05682 66 42
0.17045 0 0
0.05682 69 41
0.17045 0 0
0.05682 74 41
0.17045 0 0
0.05703 78 40
0.17168 0 0
0.05747 81 40
0.17330 0 0
0.05799 86 39
0.17487 0 0
0.05859 90 39
0.17686 0 0
0.05952 93 39
0.18017 0 0
0.06550 98 39
0.06550 0 0
2.09607 86 43
2.09607 90 43
2.09607 98 43
1.04803 0 0
1.50000 86 65
0.37500 84 57
0.37500 86 57
1.31250 0 0
0.08571 86 54
1.39821 89 64
0.08571 87 54
0.35503 86 60
0.36810 84 47
1.58333 86 55
0.89552 66 34
2.52818 69 34
3.42370 57 28
3.42370 62 28
2.52818 66 34
1.50000 86 65
0.37500 84 57
0.37500 86 57
1.31250 0 0
0.08571 86 54
1.39821 89 64
0.08571 87 54
0.35088 86 60
0.37267 84 47
1.58916 86 55
0.90226 62 34
2.54609 65 34
3.44835 53 28
3.44835 58 28
2.54609 62 34
1.50000 86 62
1.27388 85 56
0.08427 82 48
0.08427 84 46
0.33520 82 54
0.34286 81 50
0.34884 79 52
0.37037 82 46
1.56081 81 52
0.88889 66 41
2.66667 69 41
3.55556 57 35
3.55556 62 35
2.66667 66 41
1.50000 86 65
0.33708 87 65
0.34091 86 57
0.34884 85 59
0.19355 81 59
0.08380 82 46
0.08380 84 46
0.32432 82 53
0.34483 81 52
0.35503 79 53
0.39216 82 47
1.60714 81 52
0.90909 67 30
0.90909 61 25
2.72727 66 30
2.72727 62 30
3.63636 57 25
0.48395 0 0
0.92678 65 36
0.36150 0 0
0.06025 66 48
0.06025 68 50
0.22645 66 57
0.22645 65 53
0.22645 66 59
0.22817 75 55
0.47066 0 0
0.91617 65 48
0.91617 74 48
0.47252 0 0
0.44783 73 56
0.44616 72 54
0.89399 74 63
0.43963 0 0
0.44616 70 56
0.44616 74 51
0.89233 62 51
0.44287 0 0
0.45120 69 58
0.45751 74 50
0.90871 62 52
0.46700 0 0
0.47809 67 58
0.54546 74 50
1.02354 62 51
0.52183 0 0
1.04366 67 30
1.04366 61 25
0.93966 0 0
0.46339 66 45
0.46339 62 45
0.46339 0 0
0.22817 67 41
0.22817 69 41
0.22817 0 0
0.22817 67 41
0.22817 69 41
1.17316 0 0
0.46339 66 45
0.46339 62 45
0.46339 0 0
0.22817 67 41
0.22817 69 41
0.22817 0 0
0.22817 67 41
0.22817 69 41
1.21949 0 0
0.48529 66 45
0.48529 62 45
0.23170 84 66
0.23170 86 63
0.22391 87 67
0.11409 89 65
0.11409 87 62
0.22817 86 66
0.23350 84 55
0.22650 86 65
0.22889 85 54
0.22650 81 59
0.23626 84 52
0.23170 83 54
0.23719 79 50
0.22992 82 54
0.23813 81 47
0.23503 78 52
0.24100 80 46
0.24065 79 51
0.24702 75 47
0.93966 0 0
0.46339 66 45
0.46339 62 45
0.46339 0 0
0.45634 68 36
0.45634 72 36
0.46167 68 36
0.46167 72 36
0.93966 0 0
0.46339 71 45
0.46339 67 45
0.46339 0 0
0.22817 68 39
0.22817 72 39
0.22817 0 0
0.22817 68 39
0.22817 72 39
1.21949 0 0
0.48529 71 45
0.48529 67 45
0.23213 75 67
0.23213 78 63
0.46425 67 49
0.22817 79 66
0.11409 74 57
0.11409 75 57
0.45634 67 45
0.22817 72 63
0.23350 74 56
0.46167 66 45
0.22808 70 65
0.23463 74 50
0.46272 62 38
0.23049 69 62
0.23546 74 49
0.46595 62 30
0.23130 70 60
0.23546 74 49
0.46676 62 33
0.23213 79 56
0.23213 81 51
0.46425 70 50
0.22817 82 56
0.11409 77 51
0.11409 79 51
0.45634 70 50
0.22817 75 57
0.23350 77 49
0.46167 69 51
0.22808 74 53
0.23463 77 46
0.46272 65 37
0.23049 73 51
0.23546 77 44
0.46595 65 36
0.23130 74 52
0.23546 77 46
0.46676 65 36
0.23170 80 57
0.22650 82 50
0.22418 84 55
0.11325 87 49
0.05547 85 46
0.05547 87 47
0.22808 85 55
0.23350 84 48
0.22650 87 57
0.11444 84 49
0.05722 82 44
0.05722 84 44
0.22650 82 55
0.23904 81 48
0.24590 84 55
0.27397 87 48
0.23213 63 55
0.23213 65 46
0.22817 67 55
0.11409 69 52
0.11409 67 49
0.22817 65 53
0.23350 63 53
0.93966 0 0
0.46339 66 45
0.46339 62 45
0.46339 0 0
0.22817 69 41
0.22817 72 41
0.22817 0 0
0.22817 69 41
0.22817 72 41
1.17316 0 0
0.46339 66 45
0.46339 62 45
0.46339 0 0
0.22817 69 41
0.22817 72 41
0.22817 0 0
0.22817 69 41
0.22817 72 41
1.21949 0 0
0.48529 66 45
0.48529 62 45
0.12168 0 0
0.06084 62 23
0.06084 65 28
0.17805 0 0
0.05860 62 21
0.05860 65 26
0.17712 0 0
0.05926 62 21
0.05926 65 26
0.18002 0 0
0.06038 62 20
0.06038 65 26
0.17801 0 0
0.05881 62 21
0.05881 65 26
0.18041 0 0
0.06080 62 18
0.06080 65 26
0.18051 0 0
0.05986 57 23
0.05986 60 23
0.05986 65 28
0.17882 0 0
0.05948 57 20
0.05948 65 26
0.05948 60 22
0.17669 0 0
0.05860 57 20
0.05860 65 26
0.05860 60 22
0.17757 0 0
0.05948 57 19
0.05948 65 26
0.05948 60 22
0.17669 0 0
0.05860 57 19
0.05860 65 26
0.05860 60 22
0.18067 0 0
0.06104 57 17
0.06104 65 26
0.06104 60 22
0.18311 0 0
0.06104 58 22
0.06104 67 26
0.06104 61 22
0.18043 0 0
0.05970 58 18
0.05970 67 24
0.05970 61 20
0.18007 0 0
0.06064 58 18
0.06064 67 24
0.06064 61 20
0.18351 0 0
0.06176 58 17
0.06176 67 24
0.06176 61 20
0.18680 0 0
0.06286 58 18
0.06286 67 24
0.06286 61 20
0.19834 0 0
0.16790 58 15
0.16790 67 24
0.16790 61 20
0.12397 0 0
1.50000 86 65
0.37500 84 57
0.37500 86 57
1.31250 0 0
0.08571 86 54
1.39821 89 64
0.08571 87 54
0.35503 86 60
0.36810 84 47
1.58333 86 55
0.89552 66 34
2.52818 69 34
3.42370 57 28
3.42370 62 28
2.52818 66 34
1.50000 86 65
0.37500 84 57
0.37500 86 57
1.31250 0 0
0.08571 86 54
1.39821 89 64
0.08571 87 54
0.35088 86 60
0.37267 84 47
1.66603 86 55
0.96000 67 30
0.96000 61 25
2.88000 66 30
2.88000 62 30
3.84000 57 25
0.11673 0 0
0.05837 62 31
0.16866 0 0
0.05515 62 35
0.16667 0 0
0.05576 62 39
0.16940 0 0
0.05682 62 37
0.17045 0 0
0.05682 62 34
0.17045 0 0
0.05682 62 32
0.17355 0 0
0.05837 62 31
0.16907 0 0
0.05535 62 35
0.16729 0 0
0.05597 62 39
0.16961 0 0
0.05682 62 37
0.17045 0 0
0.05682 62 34
0.17045 0 0
0.05682 62 32
0.17355 0 0
0.05837 62 31
0.16907 0 0
0.05535 62 35
0.16729 0 0
0.05597 62 39
0.16875 0 0
0.05639 62 37
0.17003 0 0
0.05682 62 40
0.17045 0 0
0.05682 62 37
0.17045 0 0
0.05682 62 41
0.16793 0 0
0.05556 62 35
0.16667 0 0
0.05556 62 39
0.16791 0 0
0.05618 62 34
0.16939 0 0
0.05682 62 38
0.17132 0 0
0.05882 62 37
0.17712 0 0
0.05952 62 30
0.16982 0 0
0.05515 62 35
0.16667 0 0
0.05576 62 36
0.16940 0 0
0.05682 62 31
0.17045 0 0
0.05682 62 36
0.17045 0 0
0.05682 62 33
0.17355 0 0
0.05837 62 37
0.16785 0 0
0.05474 62 35
0.16668 0 0
0.05597 62 39
0.16961 0 0
0.05682 62 37
0.17045 0 0
0.05682 62 34
0.17045 0 0
0.05682 62 32
0.17355 0 0
0.05837 62 31
0.16907 0 0
0.05535 62 35
0.16729 0 0
0.05597 62 39
0.16875 0 0
0.05639 62 37
0.17003 0 0
0.05682 62 40
0.17045 0 0
0.05682 62 37
0.17045 0 0
0.05682 62 41
0.16793 0 0
0.05556 62 35
0.16667 0 0
0.05556 62 43
0.16791 0 0
0.05618 62 37
0.16939 0 0
0.05682 62 44
0.17311 0 0
0.05952 62 39
0.17763 0 0
0.05906 62 31
0.16815 0 0
0.05455 62 35
0.16607 0 0
0.05576 62 39
0.16940 0 0
0.05682 62 37
0.17045 0 0
0.05682 62 34
0.17045 0 0
0.05682 62 32
0.17355 0 0
0.05837 62 31
0.16826 0 0
0.05495 62 35
0.16689 0 0
0.05597 62 39
0.16961 0 0
0.05682 62 37
0.17045 0 0
0.05682 62 34
0.17045 0 0
0.05682 62 32
0.17355 0 0
0.05837 62 31
0.16907 0 0
0.05535 62 35
0.16729 0 0
0.05597 62 39
0.16875 0 0
0.05639 62 37
0.17003 0 0
0.05682 62 44
0.17045 0 0
0.05682 62 41
0.17045 0 0
0.05682 62 48
0.16793 0 0
0.05556 62 42
0.16667 0 0
0.05556 62 47
0.16791 0 0
0.05618 62 41
0.16939 0 0
0.05682 62 43
0.17132 0 0
0.05747 62 37
0.17573 0 0
0.05906 62 31
0.16935 0 0
0.05515 62 35
0.16667 0 0
0.05576 62 39
0.16940 0 0
0.05682 62 37
0.17045 0 0
0.05682 62 34
0.17045 0 0
0.05682 62 32
0.17355 0 0
0.05837 62 31
0.16907 0 0
0.05535 62 35
0.16729 0 0
0.05597 62 39
0.16961 0 0
0.05682 62 37
0.17045 0 0
0.05682 62 34
0.17045 0 0
0.05682 62 32
0.17355 0 0
0.05837 62 31
0.16907 0 0
0.05535 62 35
0.16729 0 0
0.05597 62 39
0.16875 0 0
0.05639 62 37
0.17003 0 0
0.05682 62 44
0.17045 0 0
0.05682 62 41
0.17045 0 0
0.05682 62 48
0.16793 0 0
0.05556 62 42
0.16667 0 0
0.05556 62 47
0.16834 0 0
0.05689 62 41
0.17257 0 0
0.05821 62 43
0.17663 0 0
0.05976 62 37
0.17557 0 0
0.05859 62 34
0.05859 74 44
0.16690 0 0
0.05415 62 38
0.05415 74 49
0.16568 0 0
0.05576 62 42
0.05576 74 54
0.16940 0 0
0.05682 62 40
0.05682 74 52
0.17045 0 0
0.05682 62 37
0.05682 74 48
0.17045 0 0
0.05682 62 35
0.05682 74 45
0.17355 0 0
0.05837 62 34
0.05837 74 44
0.16667 0 0
0.05415 62 38
0.05415 74 49
0.16609 0 0
0.05597 62 42
0.05597 74 54
0.16961 0 0
0.05682 62 40
0.05682 74 52
0.17045 0 0
0.05682 62 37
0.05682 74 48
0.17045 0 0
0.05682 62 35
0.05682 74 45
0.17355 0 0
0.05837 62 34
0.05837 74 44
0.16907 0 0
0.05535 62 38
0.05535 74 49
0.16729 0 0
0.05597 62 42
0.05597 74 54
0.16875 0 0
0.05639 62 40
0.05639 74 52
0.17003 0 0
0.05682 62 44
0.05682 74 57
0.17045 0 0
0.05682 62 40
0.05682 74 52
0.17045 0 0
0.05682 62 45
0.05682 74 58
0.16793 0 0
0.05556 62 38
0.05556 74 49
0.16667 0 0
0.05556 62 42
0.05556 74 54
0.16791 0 0
0.05618 62 37
0.05618 74 48
0.16939 0 0
0.05682 62 41
0.05682 74 53
0.17132 0 0
0.06073 62 40
0.06073 74 52
0.17746 0 0
0.05837 62 34
0.05837 74 44
0.16866 0 0
0.05515 62 38
0.05515 74 49
0.16667 0 0
0.05576 62 42
0.05576 74 54
0.16940 0 0
0.05682 62 40
0.05682 74 52
0.17045 0 0
0.05682 62 37
0.05682 74 48
0.17045 0 0
0.05682 62 35
0.05682 74 45
0.17355 0 0
0.05837 62 34
0.05837 74 44
0.16907 0 0
0.05535 62 38
0.05535 74 49
0.16729 0 0
0.05597 62 42
0.05597 74 54
0.16961 0 0
0.05682 62 40
0.05682 74 52
0.17045 0 0
0.05682 62 37
0.05682 74 48
0.17045 0 0
0.05682 62 35
0.05682 74 45
0.17355 0 0
0.05837 62 34
0.05837 74 44
0.16907 0 0
0.05535 62 38
0.05535 74 49
0.16729 0 0
0.05597 62 42
0.05597 74 54
0.16875 0 0
0.05639 62 40
0.05639 74 52
0.17003 0 0
0.05682 62 44
0.05682 74 57
0.17045 0 0
0.05682 62 40
0.05682 74 52
0.17045 0 0
0.05682 62 45
0.05682 74 58
0.16671 0 0
0.05495 62 38
0.05495 74 49
0.16606 0 0
0.05556 62 48
0.05556 74 62
0.16791 0 0
0.05618 62 42
0.05618 74 54
0.16967 0 0
0.05762 62 51
0.05762 74 66
0.17680 0 0
0.06040 62 45
0.06040 74 58
0.17779 0 0
0.06787 74 70
0.06787 86 83
0.06787 81 83
0.06787 78 70
0.17736 0 0
0.05474 62 42
0.05474 74 54
0.16627 0 0
0.05576 62 46
0.05576 74 59
0.16940 0 0
0.05682 62 44
0.05682 74 57
0.17045 0 0
0.05682 62 40
0.05682 74 52
0.17045 0 0
0.05682 62 38
0.05682 74 49
0.17355 0 0
0.06696 74 72
0.06696 86 85
0.06696 81 85
0.06696 78 72
0.17685 0 0
0.05495 62 42
0.05495 74 54
0.16689 0 0
0.05597 62 46
0.05597 74 59
0.16961 0 0
0.05682 62 44
0.05682 74 57
0.17045 0 0
0.05682 62 40
0.05682 74 52
0.17045 0 0
0.05682 62 38
0.05682 74 49
0.17355 0 0
0.06608 74 70
0.06608 86 83
0.06608 81 83
0.06608 78 70
0.17597 0 0
0.05495 62 42
0.05495 74 54
0.16689 0 0
0.05597 62 46
0.05597 74 59
0.16875 0 0
0.05639 62 44
0.05639 74 57
0.17003 0 0
0.05682 62 52
0.05682 74 67
0.17045 0 0
0.05682 62 49
0.05682 74 63
0.17045 0 0
0.05682 62 54
0.05682 74 70
0.16793 0 0
0.05556 62 50
0.05556 74 65
0.16667 0 0
0.05556 62 53
0.05556 74 68
0.16791 0 0
0.05618 62 49
0.05618 74 63
0.16939 0 0
0.05682 62 51
0.05682 74 66
0.17132 0 0
0.05747 62 44
0.05747 74 57
0.17435 0 0
0.06818 74 70
0.06818 86 83
0.06818 81 83
0.06818 78 70
0.17767 0 0
0.05474 62 42
0.05474 74 54
0.16627 0 0
0.05576 62 46
0.05576 74 59
0.16940 0 0
0.05682 62 44
0.05682 74 57
0.17045 0 0
0.05682 62 40
0.05682 74 52
0.17045 0 0
0.05682 62 38
0.05682 74 49
0.17355 0 0
0.06787 74 72
0.06787 86 85
0.06787 81 85
0.06787 78 72
0.17736 0 0
0.05474 62 42
0.05474 74 54
0.16668 0 0
0.05597 62 46
0.05597 74 59
0.16961 0 0
0.05682 62 44
0.05682 74 57
0.17045 0 0
0.05682 62 40
0.05682 74 52
0.17045 0 0
0.05682 62 38
0.05682 74 49
0.17355 0 0
0.06818 74 70
0.06818 86 83
0.06818 81 83
0.06818 78 70
0.17888 0 0
0.05535 62 42
0.05535 74 54
0.16729 0 0
0.05597 62 46
0.05597 74 59
0.16875 0 0
0.05639 62 44
0.05639 74 57
0.17003 0 0
0.05682 62 52
0.05682 74 67
0.17045 0 0
0.05682 62 49
0.05682 74 63
0.17045 0 0
0.05682 62 55
0.05682 74 71
0.16711 0 0
0.05515 62 50
0.05515 74 65
0.16709 0 0
0.05597 62 56
0.05597 74 72
0.16975 0 0
0.05733 62 52
0.05733 74 67
0.17390 0 0
0.05844 62 60
0.05844 74 77
0.17733 0 0
0.05984 62 59
0.05984 74 76
0.17968 0 0
0.07937 79 76
0.07937 91 91
0.07937 86 76
0.07937 82 76
0.18767 0 0
0.05415 62 52
0.05415 74 68
0.16568 0 0
0.05576 62 57
0.05576 74 74
0.16940 0 0
0.05682 62 54
0.05682 74 70
0.17045 0 0
0.05682 62 50
0.05682 74 65
0.17045 0 0
0.05682 62 47
0.05682 74 60
0.17355 0 0
0.07895 79 79
0.07895 91 93
0.07895 86 79
0.07895 82 79
0.18764 0 0
0.05435 62 52
0.05435 74 68
0.16629 0 0
0.05597 62 57
0.05597 74 74
0.16961 0 0
0.05682 62 54
0.05682 74 70
0.17045 0 0
0.05682 62 50
0.05682 74 65
0.17045 0 0
0.05682 62 47
0.05682 74 60
0.17355 0 0
0.07853 79 76
0.07853 91 91
0.07853 86 76
0.07853 82 76
0.18924 0 0
0.05535 62 50
0.05535 74 65
0.16729 0 0
0.05597 62 53
0.05597 74 68
0.16875 0 0
0.05639 62 52
0.05639 74 67
0.17003 0 0
0.05682 62 55
0.05682 74 72
0.17045 0 0
0.05682 62 58
0.05682 74 75
0.17045 0 0
0.05682 62 61
0.05682 74 79
0.16793 0 0
0.05556 62 54
0.05556 74 70
0.16667 0 0
0.05556 62 60
0.05556 74 78
0.16791 0 0
0.05618 62 52
0.05618 74 67
0.16939 0 0
0.05682 62 54
0.05682 74 71
0.17132 0 0
0.06073 62 52
0.06073 74 67
0.17746 0 0
0.08824 79 79
0.08824 91 93
0.08824 87 93
0.08824 82 79
0.19654 0 0
0.05415 63 52
0.05415 75 68
0.16609 0 0
0.05597 63 57
0.05597 75 74
0.16961 0 0
0.05682 63 54
0.05682 75 70
0.17045 0 0
0.05682 63 50
0.05682 75 65
0.17265 0 0
0.05792 63 47
0.05792 75 60
0.17465 0 0
0.08772 79 79
0.08772 91 93
0.08772 87 93
0.08772 82 79
0.19602 0 0
0.05415 63 52
0.05415 75 68
0.16609 0 0
0.05597 63 57
0.05597 75 74
0.16961 0 0
0.05682 63 54
0.05682 75 70
0.17045 0 0
0.05682 63 50
0.05682 75 65
0.17401 0 0
0.05859 63 47
0.05859 75 60
0.17533 0 0
0.08671 79 79
0.08671 91 93
0.08671 87 93
0.08671 82 79
0.19741 0 0
0.05535 63 50
0.05535 75 65
0.16729 0 0
0.05597 63 55
0.05597 75 71
0.16961 0 0
0.05682 63 52
0.05682 75 67
0.17045 0 0
0.05682 63 48
0.05682 75 62
0.17045 0 0
0.05682 63 45
0.05682 75 58
0.17045 0 0
0.05682 63 54
0.05682 75 70
0.16793 0 0
0.05556 63 54
0.05556 75 69
0.16667 0 0
0.05556 63 55
0.05556 75 71
0.16791 0 0
0.05618 63 52
0.05618 75 67
0.16939 0 0
0.05682 63 56
0.05682 75 72
0.17132 0 0
0.05747 63 52
0.05747 75 67
0.17435 0 0
0.08982 86 86
0.08982 98 102
0.08982 93 86
0.08982 90 86
0.19773 0 0
0.05396 62 55
0.05396 74 71
0.16548 0 0
0.05576 62 58
0.05576 74 75
0.16940 0 0
0.05682 62 57
0.05682 74 73
0.17045 0 0
0.05682 62 52
0.05682 74 68
0.17045 0 0
0.06048 62 49
0.06048 74 63
0.17722 0 0
0.08982 87 86
0.08982 99 102
0.08982 94 86
0.08982 91 86
0.19773 0 0
0.05396 63 55
0.05396 75 71
0.16590 0 0
0.05597 63 60
0.05597 75 78
0.16961 0 0
0.05682 63 57
0.05682 75 73
0.17045 0 0
0.05682 63 52
0.05682 75 68
0.17045 0 0
0.05882 63 49
0.05882 75 63
0.17556 0 0
0.08876 86 87
0.08876 98 103
0.08876 93 87
0.08876 90 87
0.19667 0 0
0.05396 62 55
0.05396 74 71
0.16548 0 0
0.05576 62 58
0.05576 74 75
0.16940 0 0
0.05682 62 57
0.05682 74 73
0.17045 0 0
0.05682 62 52
0.05682 74 68
0.17045 0 0
0.05952 62 49
0.05952 74 63
0.17626 0 0
0.08772 87 86
0.08772 99 102
0.08772 94 86
0.08772 91 86
0.19642 0 0
0.05435 63 55
0.05435 75 71
0.16629 0 0
0.05597 63 58
0.05597 75 75
0.16961 0 0
0.05682 63 57
0.05682 75 73
0.17045 0 0
0.05682 63 52
0.05682 75 68
0.17045 0 0
0.05682 63 49
0.05682 75 63
0.17355 0 0
0.09091 86 86
0.09091 98 102
0.09091 93 86
0.09091 90 86
0.20120 0 0
0.05515 62 55
0.05515 74 71
0.16667 0 0
0.05576 62 58
0.05576 74 75
0.16940 0 0
0.05682 62 57
0.05682 74 73
0.17045 0 0
0.05682 62 52
0.05682 74 68
0.17045 0 0
0.05682 62 49
0.05682 74 63
0.17132 0 0
0.05725 62 53
0.05725 74 68
0.16755 0 0
0.05515 62 50
0.05515 74 65
0.16667 0 0
0.05576 62 51
0.05576 74 66
0.16940 0 0
0.05682 62 49
0.05682 74 63
0.16752 0 0
0.05535 62 50
0.05535 74 65
0.16729 0 0
0.05597 62 45
0.05597 74 58
0.16586 0 0
0.05494 62 53
0.05494 74 68
0.16689 0 0
0.05597 62 49
0.05597 74 63
0.16626 0 0
0.05515 62 49
0.05515 74 63
0.16709 0 0
0.05597 62 48
0.05597 74 62
0.16626 0 0
0.05515 62 48
0.05515 74 62
0.16585 0 0
0.05535 62 43
0.05535 74 55
0.16484 0 0
0.05474 74 63
0.05474 62 49
0.16710 0 0
0.05618 62 46
0.05618 74 59
0.16896 0 0
0.05660 62 46
0.05660 74 59
0.17067 0 0
0.05725 62 43
0.05725 74 55
0.17264 0 0
0.05791 62 44
0.05791 74 57
0.17465 0 0
0.05837 62 38
0.05837 74 49
0.17510 0 0
0.05837 62 58
0.05837 74 75
0.16866 0 0
0.05515 62 42
0.16667 0 0
0.05576 62 46
0.16940 0 0
0.05682 62 44
0.17045 0 0
0.05682 62 40
0.17045 0 0
0.05682 62 38
0.17132 0 0
0.05725 62 45
0.16755 0 0
0.05515 62 42
0.16667 0 0
0.05576 62 43
0.16940 0 0
0.05682 62 41
0.16752 0 0
0.05535 62 42
0.16729 0 0
0.05597 62 38
0.16586 0 0
0.05494 62 45
0.16689 0 0
0.05597 62 41
0.16626 0 0
0.05515 62 41
0.16709 0 0
0.05597 62 40
0.16626 0 0
0.05515 62 40
0.16585 0 0
0.05535 62 36
0.16484 0 0
0.05474 62 41
0.16710 0 0
0.05618 62 39
0.16939 0 0
0.05711 62 39
0.17323 0 0
0.05844 62 36
0.17733 0 0
0.05984 62 37
0.17847 0 0
0.05837 62 32
0.17510 0 0
0.05837 57 36
0.05837 54 36
0.16948 0 0
0.05556 57 31
0.05556 54 31
0.16708 0 0
0.05576 57 34
0.05576 54 34
0.16940 0 0
0.05682 57 33
0.05682 54 33
0.16725 0 0
0.05494 57 35
0.05494 54 35
0.16606 0 0
0.05556 57 34
0.05556 54 34
0.16919 0 0
0.05682 58 36
0.05682 55 36
0.17730 0 0
0.06024 58 31
0.06024 55 31
0.17177 0 0
0.05576 58 34
0.05576 55 34
0.16940 0 0
0.05682 58 29
0.05682 55 29
0.17045 0 0
0.05682 58 34
0.05682 55 34
0.17045 0 0
0.05682 58 31
0.05682 55 31
0.17355 0 0
0.05837 57 36
0.05837 54 36
0.16866 0 0
0.05515 57 31
0.05515 54 31
0.16667 0 0
0.05576 57 34
0.05576 54 34
0.16940 0 0
0.05682 57 33
0.05682 54 33
0.16711 0 0
0.05515 57 35
0.05515 54 35
0.16709 0 0
0.05597 57 34
0.05597 54 34
0.16918 0 0
0.05660 58 36
0.05660 55 36
0.16690 0 0
0.05515 58 31
0.05515 55 31
0.16667 0 0
0.05576 58 34
0.05576 55 34
0.16940 0 0
0.05682 58 29
0.05682 55 29
0.16834 0 0
0.05576 58 34
0.05576 55 34
0.16854 0 0
0.05639 58 31
0.05639 55 31
0.17312 0 0
0.05837 57 36
0.05837 54 36
0.16866 0 0
0.05515 57 31
0.05515 54 31
0.16667 0 0
0.05576 57 34
0.05576 54 34
0.16940 0 0
0.05682 57 33
0.05682 54 33
0.16793 0 0
0.05556 57 35
0.05556 54 35
0.16791 0 0
0.05618 57 34
0.05618 54 34
0.17068 0 0
0.05725 57 36
0.05725 54 36
0.16755 0 0
0.05515 57 31
0.05515 54 31
0.16667 0 0
0.05576 57 34
0.05576 54 34
0.16940 0 0
0.05682 57 29
0.05682 54 29
0.17045 0 0
0.05682 57 34
0.05682 54 34
0.17045 0 0
0.05682 57 31
0.05682 54 31
0.17045 0 0
0.05682 54 43
0.17045 0 0
0.05682 57 43
0.17045 0 0
0.05682 62 42
0.17045 0 0
0.05682 66 42
0.17045 0 0
0.05682 69 41
0.17045 0 0
0.05682 74 41
0.17045 0 0
0.05703 78 40
0.17168 0 0
0.05747 81 40
0.17330 0 0
0.05799 86 39
0.17487 0 0
0.05859 90 39
0.17686 0 0
0.05952 93 39
0.18017 0 0
0.06550 98 39
0.06550 0 0
2.09607 98 43
2.09607 90 43
2.09607 86 43
0.52402 0 0
0.54377 62 45
1.06383 58 44
1.06383 55 44
0.53424 60 39
1.59807 67 49
1.60271 58 38
1.60271 62 44
1.06383 55 44
0.56657 57 43
1.63040 63 52
1.69972 55 41
1.69972 58 44
1.03448 63 44
0.54625 64 46
1.58073 68 49
1.04557 68 49
0.55117 67 43
1.59674 63 44
1.60271 67 49
2.15637 63 49
0.56921 62 35
0.62144 60 30
1.74430 66 39
0.11858 0 0
0.05929 62 31
0.17207 0 0
0.05639 62 35
0.17222 0 0
0.05791 62 39
0.17556 0 0
0.05882 62 37
0.17647 0 0
0.05882 62 34
0.17647 0 0
0.05882 62 32
0.17835 0 0
0.05976 62 31
0.17254 0 0
0.05639 62 35
0.17133 0 0
0.05747 62 39
0.17466 0 0
0.05859 62 37
0.17578 0 0
0.05859 62 34
0.17578 0 0
0.05859 62 32
0.18256 0 0
0.06198 62 29
0.06198 67 29
0.18295 0 0
0.06048 62 29
0.06048 67 29
0.17953 0 0
0.05929 62 31
0.05929 67 31
0.17724 0 0
0.05882 62 33
0.05882 67 33
0.17555 0 0
0.05829 62 37
0.05829 67 37
0.17397 0 0
0.05769 62 41
0.05769 67 41
0.17659 0 0
0.05952 62 44
0.05952 67 44
0.17461 0 0
0.05791 62 48
0.05791 67 48
0.17495 0 0
0.05882 62 54
0.05882 67 54
0.17771 0 0
0.05984 62 57
0.05984 67 57
0.18081 0 0
0.06081 62 63
0.06081 67 63
0.18376 0 0
0.06181 62 66
0.06181 67 66
0.06215 0 0
1.49378 79 86
1.49378 86 86
1.49378 91 103
2.31611 55 94
#  Piano left
0.11673 55 59
0.11673 0 0
0.05515 62 47
0.16544 0 0
0.05576 63 53
0.16729 0 0
0.05682 60 45
0.17045 0 0
0.05682 62 49
0.17045 0 0
0.05682 58 45
0.17045 0 0
0.11673 55 62
0.11673 0 0
0.05535 62 47
0.16605 0 0
0.05597 63 53
0.16791 0 0
0.05682 60 45
0.17045 0 0
0.05682 62 49
0.17045 0 0
0.05682 58 45
0.17045 0 0
0.11673 55 62
0.11673 0 0
0.05535 62 46
0.16605 0 0
0.05597 63 50
0.16791 0 0
0.05639 60 45
0.16917 0 0
0.05682 62 52
0.17045 0 0
0.05682 58 48
0.17045 0 0
0.05682 60 57
0.17045 0 0
0.05556 57 49
0.16667 0 0
0.05556 58 53
0.16667 0 0
0.05618 60 49
0.16868 0 0
0.05646 57 51
0.17038 0 0
0.05711 58 48
0.17414 0 0
0.11905 55 59
0.11905 0 0
0.05515 62 47
0.16544 0 0
0.05576 63 50
0.16729 0 0
0.05682 60 45
0.17045 0 0
0.05682 62 51
0.17045 0 0
0.05682 58 45
0.17045 0 0
0.11673 55 62
0.11673 0 0
0.05474 62 50
0.16423 0 0
0.05597 63 54
0.16791 0 0
0.05682 60 45
0.17045 0 0
0.05682 62 49
0.17045 0 0
0.05682 58 45
0.17045 0 0
0.11673 55 62
0.11673 0 0
0.05535 62 47
0.16605 0 0
0.05597 63 50
0.16791 0 0
0.05639 60 45
0.16917 0 0
0.05682 62 52
0.17045 0 0
0.05682 58 48
0.17045 0 0
0.05682 60 57
0.17045 0 0
0.05556 57 49
0.16667 0 0
0.05556 58 56
0.16667 0 0
0.05618 55 51
0.16868 0 0
0.05646 53 56
0.17024 0 0
0.05769 51 53
0.17764 0 0
0.11811 50 59
0.11811 0 0
0.05455 62 47
0.16364 0 0
0.05576 63 53
0.16729 0 0
0.05682 60 45
0.17045 0 0
0.05682 62 49
0.17045 0 0
0.05682 57 45
0.17045 0 0
0.11673 50 62
0.11673 0 0
0.05495 62 47
0.16484 0 0
0.05597 63 53
0.16791 0 0
0.05682 60 45
0.17045 0 0
0.05682 62 49
0.17045 0 0
0.05682 57 45
0.17045 0 0
0.11673 50 62
0.11673 0 0
0.05535 57 47
0.16605 0 0
0.05597 60 52
0.16791 0 0
0.05639 62 51
0.16917 0 0
0.05682 63 56
0.17045 0 0
0.05682 65 53
0.17045 0 0
0.05682 62 56
0.17045 0 0
0.05556 63 52
0.16667 0 0
0.05556 60 54
0.16667 0 0
0.05618 62 49
0.16868 0 0
0.05646 58 51
0.17038 0 0
0.05711 57 48
0.17234 0 0
0.11811 50 59
0.11811 0 0
0.05515 62 47
0.16544 0 0
0.05576 63 53
0.16729 0 0
0.05682 60 45
0.17045 0 0
0.05682 62 49
0.17045 0 0
0.05682 57 45
0.17045 0 0
0.11673 50 62
0.11673 0 0
0.05535 62 47
0.16605 0 0
0.05597 63 53
0.16791 0 0
0.05682 60 45
0.17045 0 0
0.05682 62 49
0.17045 0 0
0.05682 57 45
0.17045 0 0
0.11673 50 62
0.11673 0 0
0.05535 60 47
0.16605 0 0
0.05597 62 52
0.16791 0 0
0.05639 63 51
0.16917 0 0
0.05682 65 56
0.17045 0 0
0.05682 62 53
0.17045 0 0
0.05682 63 59
0.17045 0 0
0.05556 60 52
0.16667 0 0
0.05556 62 54
0.16667 0 0
0.05625 58 49
0.17060 0 0
0.05754 60 51
0.17457 0 0
0.05890 57 48
0.17735 0 0
0.11719 55 64
0.11719 0 0
0.05415 62 51
0.16245 0 0
0.05576 63 58
0.16729 0 0
0.05682 60 49
0.17045 0 0
0.05682 62 53
0.17045 0 0
0.05682 58 49
0.17045 0 0
0.11673 55 68
0.11673 0 0
0.05415 62 51
0.16245 0 0
0.05597 63 58
0.16791 0 0
0.05682 60 49
0.17045 0 0
0.05682 62 53
0.17045 0 0
0.05682 58 49
0.17045 0 0
0.11673 55 68
0.11673 0 0
0.05535 62 51
0.16605 0 0
0.05597 63 55
0.16791 0 0
0.05639 60 49
0.16917 0 0
0.05682 62 57
0.17045 0 0
0.05682 58 52
0.17045 0 0
0.05682 60 62
0.17045 0 0
0.05556 57 53
0.16667 0 0
0.05556 58 58
0.16667 0 0
0.05618 60 53
0.16868 0 0
0.05646 57 56
0.17038 0 0
0.05711 58 52
0.17871 0 0
0.11673 55 64
0.11673 0 0
0.05515 62 51
0.16544 0 0
0.05576 63 58
0.16729 0 0
0.05682 60 49
0.17045 0 0
0.05682 62 53
0.17045 0 0
0.05682 58 49
0.17045 0 0
0.11673 55 68
0.11673 0 0
0.05535 62 51
0.16605 0 0
0.05597 63 58
0.16791 0 0
0.05682 60 49
0.17045 0 0
0.05682 62 53
0.17045 0 0
0.05682 58 49
0.17045 0 0
0.11673 55 68
0.11673 0 0
0.05535 62 51
0.16605 0 0
0.05597 63 55
0.16791 0 0
0.05639 60 49
0.16917 0 0
0.05682 62 57
0.17045 0 0
0.05682 58 52
0.17045 0 0
0.05682 60 62
0.17045 0 0
0.05495 57 53
0.16484 0 0
0.05556 58 60
0.16667 0 0
0.05618 55 58
0.16868 0 0
0.05646 53 64
0.17273 0 0
0.05898 51 62
0.18107 0 0
0.11673 38 71
0.11673 50 84
0.13575 0 0
0.05474 62 56
0.16423 0 0
0.05576 63 63
0.16729 0 0
0.05682 60 54
0.17045 0 0
0.05682 62 58
0.17045 0 0
0.05682 57 54
0.17045 0 0
0.11673 50 88
0.11673 38 74
0.13393 0 0
0.05494 62 56
0.16484 0 0
0.05597 63 63
0.16791 0 0
0.05682 60 54
0.17045 0 0
0.05682 62 58
0.17045 0 0
0.05682 57 54
0.17045 0 0
0.11673 50 88
0.11673 38 74
0.13216 0 0
0.05494 57 56
0.16484 0 0
0.05597 60 62
0.16791 0 0
0.05639 62 61
0.16917 0 0
0.05682 63 67
0.17045 0 0
0.05682 65 63
0.17045 0 0
0.05682 62 70
0.17045 0 0
0.05556 63 62
0.16667 0 0
0.05556 60 64
0.16667 0 0
0.05618 62 58
0.16868 0 0
0.05646 58 61
0.17038 0 0
0.05711 57 57
0.17234 0 0
0.11673 50 84
0.11673 38 71
0.13636 0 0
0.05474 62 56
0.16423 0 0
0.05576 63 63
0.16729 0 0
0.05682 60 54
0.17045 0 0
0.05682 62 58
0.17045 0 0
0.05682 57 54
0.17045 0 0
0.11673 38 74
0.11673 50 88
0.13575 0 0
0.05474 62 56
0.16423 0 0
0.05597 63 63
0.16791 0 0
0.05682 60 54
0.17045 0 0
0.05682 62 58
0.17045 0 0
0.05682 57 54
0.17045 0 0
0.11673 38 74
0.11673 50 88
0.13636 0 0
0.05535 57 56
0.16605 0 0
0.05597 60 62
0.16791 0 0
0.05639 62 61
0.16917 0 0
0.05682 63 67
0.17045 0 0
0.05682 65 63
0.17045 0 0
0.05682 62 70
0.17045 0 0
0.05515 63 62
0.16544 0 0
0.05597 60 74
0.16791 0 0
0.05682 62 69
0.17191 0 0
0.05799 58 75
0.17548 0 0
0.05913 62 70
0.17945 0 0
0.11952 31 80
0.11952 43 95
0.15873 0 0
0.05415 62 70
0.16245 0 0
0.05576 63 78
0.16729 0 0
0.05682 60 67
0.17045 0 0
0.05682 62 72
0.17045 0 0
0.05682 58 67
0.17045 0 0
0.11673 43 94
0.11673 31 79
0.15789 0 0
0.05435 62 70
0.16304 0 0
0.05597 63 78
0.16791 0 0
0.05682 60 67
0.17045 0 0
0.05682 62 72
0.17045 0 0
0.05682 58 67
0.17045 0 0
0.11673 43 93
0.11673 31 79
0.15707 0 0
0.05535 62 67
0.16605 0 0
0.05597 63 74
0.16791 0 0
0.05639 60 73
0.16917 0 0
0.05682 62 80
0.17045 0 0
0.05682 58 75
0.17045 0 0
0.05682 60 84
0.17045 0 0
0.05556 57 74
0.16667 0 0
0.05556 58 76
0.16667 0 0
0.05618 60 69
0.16868 0 0
0.05646 57 73
0.17038 0 0
0.05711 58 68
0.17871 0 0
0.11673 37 81
0.11673 49 96
0.17647 0 0
0.05415 63 70
0.16245 0 0
0.05597 65 74
0.16791 0 0
0.05682 62 67
0.17045 0 0
0.05682 63 72
0.17045 0 0
0.05792 58 67
0.17374 0 0
0.11673 49 94
0.11673 37 79
0.17544 0 0
0.05415 63 70
0.16245 0 0
0.05597 65 75
0.16791 0 0
0.05682 62 67
0.17045 0 0
0.05682 63 72
0.17045 0 0
0.05859 58 67
0.17578 0 0
0.11673 49 95
0.11673 37 80
0.17341 0 0
0.05535 63 67
0.16605 0 0
0.05597 65 74
0.16791 0 0
0.05682 62 64
0.17045 0 0
0.05682 63 69
0.17045 0 0
0.05682 58 64
0.17045 0 0
0.05682 60 84
0.17045 0 0
0.05556 57 70
0.16667 0 0
0.05556 58 72
0.16667 0 0
0.05618 60 69
0.16868 0 0
0.05646 55 73
0.17038 0 0
0.05711 57 68
0.17234 0 0
0.11673 50 92
0.11673 38 78
0.17964 0 0
0.05396 62 73
0.16187 0 0
0.05576 63 78
0.16729 0 0
0.05682 61 70
0.17045 0 0
0.05682 62 75
0.17045 0 0
0.05682 57 70
0.17779 0 0
0.11673 49 94
0.11673 37 79
0.17964 0 0
0.05396 63 73
0.16187 0 0
0.05597 65 82
0.16791 0 0
0.05682 62 70
0.17045 0 0
0.05682 63 75
0.17045 0 0
0.05682 58 70
0.17447 0 0
0.11673 50 89
0.11673 38 75
0.17751 0 0
0.05396 62 73
0.16187 0 0
0.05576 63 78
0.16729 0 0
0.05682 61 70
0.17045 0 0
0.05682 62 75
0.17045 0 0
0.05682 57 70
0.17587 0 0
0.11673 49 94
0.11673 37 79
0.17544 0 0
0.05435 63 73
0.16304 0 0
0.05597 65 79
0.16791 0 0
0.05682 62 70
0.17045 0 0
0.05682 63 75
0.17045 0 0
0.05682 58 70
0.17045 0 0
0.11673 50 89
0.11673 38 75
0.18182 0 0
0.05515 62 73
0.16544 0 0
0.05576 63 78
0.16729 0 0
0.05682 61 70
0.17045 0 0
0.05682 62 75
0.17045 0 0
0.05682 58 70
0.17045 0 0
0.11450 60 76
0.11450 0 0
0.05515 57 67
0.16544 0 0
0.05576 58 70
0.16729 0 0
0.05682 60 64
0.17045 0 0
0.05535 57 69
0.16605 0 0
0.05597 58 64
0.16791 0 0
0.10989 55 76
0.10989 0 0
0.05597 57 67
0.16791 0 0
0.05515 58 69
0.16544 0 0
0.05597 60 62
0.16791 0 0
0.05515 57 66
0.16544 0 0
0.05535 58 61
0.16605 0 0
0.10949 55 72
0.10949 0 0
0.05618 57 62
0.16854 0 0
0.05639 58 64
0.17060 0 0
0.05754 55 57
0.17427 0 0
0.05867 53 60
0.17803 0 0
0.05946 51 55
0.17510 0 0
0.11673 50 74
0.11673 38 63
0.11673 0 0
0.05515 62 56
0.16544 0 0
0.05576 63 63
0.16729 0 0
0.05682 60 54
0.17045 0 0
0.05682 62 58
0.17045 0 0
0.05682 58 54
0.17045 0 0
0.11450 60 64
0.11450 0 0
0.05515 57 56
0.16544 0 0
0.05576 58 59
0.16729 0 0
0.05682 60 54
0.17045 0 0
0.05535 57 58
0.16605 0 0
0.05597 58 54
0.16791 0 0
0.10989 55 64
0.10989 0 0
0.05597 57 56
0.16791 0 0
0.05515 58 58
0.16544 0 0
0.05597 60 52
0.16791 0 0
0.05515 57 56
0.16544 0 0
0.05535 58 51
0.16605 0 0
0.10949 55 61
0.10949 0 0
0.05618 57 52
0.16854 0 0
0.05639 58 54
0.16974 0 0
0.05689 55 48
0.17168 0 0
0.05754 53 51
0.17367 0 0
0.05821 51 46
0.40856 0 0
0.05556 45 45
0.16667 0 0
0.05576 50 42
0.16729 0 0
0.05682 51 49
0.17045 0 0
0.05549 49 54
0.16483 0 0
0.05556 50 51
1.34855 38 45
0.22727 0 0
0.05515 45 49
0.16544 0 0
0.05576 51 51
0.16729 0 0
0.05682 53 46
0.17045 0 0
0.05682 50 49
0.17045 0 0
0.05682 51 46
1.35273 38 56
0.23346 0 0
0.05515 45 45
0.16544 0 0
0.05576 50 42
0.16729 0 0
0.05682 51 47
0.17045 0 0
0.05515 49 52
0.16544 0 0
0.05597 50 49
1.34884 38 45
0.22642 0 0
0.05515 45 46
0.16544 0 0
0.05576 51 48
0.16729 0 0
0.05682 53 45
0.17045 0 0
0.05576 50 47
0.16729 0 0
0.05639 51 44
1.34594 38 54
0.23346 0 0
0.05515 45 45
0.16544 0 0
0.05576 50 42
0.16729 0 0
0.05682 51 47
0.17045 0 0
0.05556 49 51
0.16667 0 0
0.05618 51 48
0.16854 0 0
0.05725 50 53
0.17176 0 0
0.05515 51 46
0.16544 0 0
0.05576 49 48
0.16729 0 0
0.05682 51 45
0.17045 0 0
0.05682 50 45
0.17045 0 0
0.05682 45 44
2.70577 38 45
0.05682 38 45
0.17045 0 0
0.05682 54 45
0.17045 0 0
0.05682 57 45
0.17045 0 0
0.05682 62 45
0.17045 0 0
0.05682 66 44
0.17045 0 0
0.05682 69 43
0.17045 0 0
0.05682 74 43
0.17089 0 0
0.05725 78 42
0.17249 0 0
0.05777 81 42
0.17404 0 0
0.05837 86 41
0.17571 0 0
0.05890 90 41
0.17842 0 0
0.06008 93 40
0.19141 0 0
2.09607 74 34
2.09607 81 34
1.04803 0 0
1.50000 62 55
0.37500 60 48
0.37500 62 48
1.31250 0 0
0.08571 62 45
1.39821 65 54
0.08571 63 45
0.35503 62 51
0.36810 60 39
1.58333 62 46
3.42370 50 26
3.42370 38 21
1.50000 62 55
0.37500 60 48
0.37500 62 48
1.31250 0 0
0.08571 62 45
1.39821 65 54
0.08571 63 45
0.35088 62 51
0.37267 60 39
1.58916 62 46
3.44835 46 26
3.44835 34 21
1.50000 62 52
1.27388 61 48
0.08427 58 40
0.08427 60 39
0.33520 58 45
0.34286 57 41
0.34884 55 44
0.37037 58 38
1.56081 57 44
3.55556 38 26
3.55556 50 31
1.50000 62 55
0.33708 63 55
0.34091 62 48
0.34884 61 50
0.19355 57 50
0.08380 58 39
0.08380 60 39
0.32432 58 46
0.34483 57 44
0.35503 55 45
0.39216 58 39
1.60714 57 44
0.90909 51 23
2.72727 50 23
0.48395 0 0
0.92678 62 34
1.41073 58 41
0.48201 0 0
0.90752 59 34
0.90752 63 36
1.38953 57 41
0.47066 0 0
0.91617 62 34
1.38683 58 44
0.92034 0 0
0.44616 54 41
0.89399 62 48
1.36651 57 52
1.33195 55 52
1.35158 53 53
1.49054 58 55
1.56549 57 39
3.05603 51 47
0.47627 0 0
0.92678 57 45
1.40305 50 50
0.23170 60 52
0.23170 62 44
0.22817 63 51
0.11409 65 55
0.11409 63 51
0.22817 62 50
0.23350 60 50
0.47627 0 0
0.92678 57 50
1.40305 50 56
0.23170 60 52
0.23170 62 44
0.22817 63 51
0.11409 65 55
0.11409 63 51
0.22817 62 50
0.23350 60 50
0.48591 0 0
0.98538 57 50
1.47129 50 56
0.23170 60 61
0.23170 62 57
0.22391 63 62
0.11409 65 60
0.11409 63 56
0.22817 62 61
0.23350 60 51
0.22650 62 60
0.22889 61 49
0.22650 57 54
0.23626 60 47
0.23170 59 50
0.23719 55 46
0.22992 58 49
0.23813 57 44
0.23503 54 47
0.24100 56 43
0.24065 55 46
0.24702 51 44
0.47627 0 0
0.92678 57 51
1.40305 50 56
0.23170 62 46
0.23170 63 39
0.22817 65 45
0.11409 67 49
0.11409 65 45
0.22817 63 45
0.23350 62 45
0.47627 0 0
0.92678 62 51
1.40305 55 56
0.23170 62 51
0.23170 63 46
0.22817 65 50
0.11409 67 54
0.11409 65 49
0.22817 63 52
0.23350 62 48
0.48591 0 0
0.98538 62 50
1.47129 55 56
0.46425 60 49
0.45634 58 45
0.46167 57 45
0.46272 55 45
0.46595 54 36
0.46676 55 39
0.46425 63 50
0.45634 62 46
0.46167 60 40
0.46272 58 40
0.46595 57 32
0.46676 58 33
0.23170 56 39
0.22650 58 35
0.22418 60 38
0.11325 63 34
0.05547 61 29
0.05547 63 30
0.22808 61 38
0.23350 60 33
0.22650 63 39
0.11444 60 34
0.05722 58 29
0.05722 60 29
0.22650 58 38
0.23904 57 33
0.24590 60 38
0.27397 63 33
0.92060 57 48
0.92060 48 40
0.46167 58 36
0.46167 55 36
0.46167 49 30
0.47627 0 0
0.92678 57 45
1.40305 50 50
0.23170 63 52
0.23170 65 44
0.22817 67 51
0.11409 69 55
0.11409 67 51
0.22817 65 50
0.23350 63 50
0.47627 0 0
0.92678 57 50
1.40305 50 56
0.23170 63 52
0.23170 65 44
0.22817 67 51
0.11409 69 55
0.11409 67 51
0.22817 65 50
0.23350 63 50
0.48591 0 0
0.98538 57 50
1.47129 50 56
0.12168 58 45
0.12168 0 0
0.05860 61 40
0.17581 0 0
0.05926 62 42
0.17778 0 0
0.06038 65 42
0.18114 0 0
0.05881 61 41
0.17644 0 0
0.06080 62 38
0.18239 0 0
0.11971 53 45
0.11971 0 0
0.05948 56 40
0.17844 0 0
0.05860 57 41
0.17581 0 0
0.05948 60 37
0.17844 0 0
0.05860 56 39
0.17581 0 0
0.06104 57 36
0.18311 0 0
0.12207 51 43
0.12207 0 0
0.05970 57 37
0.17910 0 0
0.06006 58 38
0.18191 0 0
0.06112 55 34
0.18514 0 0
0.06235 53 36
0.18857 0 0
0.06757 51 33
0.35944 0 0
1.50000 62 55
0.37500 60 48
0.37500 62 48
1.31250 0 0
0.08571 62 45
1.39821 65 54
0.08571 63 45
0.35503 62 51
0.36810 60 39
1.58333 62 46
3.42370 50 26
3.42370 38 21
1.50000 62 55
0.37500 60 48
0.37500 62 48
1.31250 0 0
0.08571 62 45
1.39821 65 54
0.08571 63 45
0.35088 62 51
0.37267 60 39
1.66603 62 46
0.96000 51 23
2.88000 50 23
0.11673 55 59
0.11673 0 0
0.05515 62 47
0.16544 0 0
0.05576 63 53
0.16729 0 0
0.05682 60 45
0.17045 0 0
0.05682 62 49
0.17045 0 0
0.05682 58 45
0.17045 0 0
0.11673 55 62
0.11673 0 0
0.05535 62 47
0.16605 0 0
0.05597 63 53
0.16791 0 0
0.05682 60 45
0.17045 0 0
0.05682 62 49
0.17045 0 0
0.05682 58 45
0.17045 0 0
0.11673 55 62
0.11673 0 0
0.05535 62 47
0.16605 0 0
0.05597 63 50
0.16791 0 0
0.05639 60 45
0.16917 0 0
0.05682 62 52
0.17045 0 0
0.05682 58 48
0.17045 0 0
0.05682 60 57
0.17045 0 0
0.05556 57 49
0.16667 0 0
0.05556 58 53
0.16667 0 0
0.05618 60 49
0.16868 0 0
0.05646 57 51
0.17038 0 0
0.05711 58 48
0.17414 0 0
0.11905 55 59
0.11905 0 0
0.05515 62 47
0.16544 0 0
0.05576 63 50
0.16729 0 0
0.05682 60 45
0.17045 0 0
0.05682 62 51
0.17045 0 0
0.05682 58 45
0.17045 0 0
0.11673 55 62
0.11673 0 0
0.05474 62 50
0.16423 0 0
0.05597 63 54
0.16791 0 0
0.05682 60 45
0.17045 0 0
0.05682 62 49
0.17045 0 0
0.05682 58 45
0.17045 0 0
0.11673 55 62
0.11673 0 0
0.05535 62 47
0.16605 0 0
0.05597 63 50
0.16791 0 0
0.05639 60 45
0.16917 0 0
0.05682 62 52
0.17045 0 0
0.05682 58 48
0.17045 0 0
0.05682 60 55
0.17045 0 0
0.05556 57 49
0.16667 0 0
0.05556 58 56
0.16667 0 0
0.05618 55 51
0.16868 0 0
0.05646 53 56
0.17024 0 0
0.05769 51 53
0.17764 0 0
0.11811 50 59
0.11811 0 0
0.05455 62 47
0.16364 0 0
0.05576 63 53
0.16729 0 0
0.05682 60 45
0.17045 0 0
0.05682 62 49
0.17045 0 0
0.05682 57 45
0.17045 0 0
0.11673 50 62
0.11673 0 0
0.05495 62 47
0.16483 0 0
0.05597 63 53
0.16791 0 0
0.05682 60 45
0.17045 0 0
0.05682 62 49
0.17045 0 0
0.05682 57 45
0.17045 0 0
0.11673 50 62
0.11673 0 0
0.05535 57 47
0.16605 0 0
0.05597 60 52
0.16791 0 0
0.05639 62 51
0.16917 0 0
0.05682 63 56
0.17045 0 0
0.05682 65 53
0.17045 0 0
0.05682 62 59
0.17045 0 0
0.05556 63 52
0.16667 0 0
0.05556 60 54
0.16667 0 0
0.05618 62 49
0.16868 0 0
0.05646 58 51
0.17038 0 0
0.05711 57 48
0.17234 0 0
0.11811 50 59
0.11811 0 0
0.05515 62 47
0.16544 0 0
0.05576 63 53
0.16729 0 0
0.05682 60 45
0.17045 0 0
0.05682 62 49
0.17045 0 0
0.05682 57 45
0.17045 0 0
0.11673 50 62
0.11673 0 0
0.05535 62 47
0.16605 0 0
0.05597 63 53
0.16791 0 0
0.05682 60 45
0.17045 0 0
0.05682 62 49
0.17045 0 0
0.05682 57 45
0.17045 0 0
0.11673 50 62
0.11673 0 0
0.05535 60 47
0.16605 0 0
0.05597 62 52
0.16791 0 0
0.05639 63 51
0.16917 0 0
0.05682 65 56
0.17045 0 0
0.05682 62 53
0.17045 0 0
0.05682 63 59
0.17045 0 0
0.05556 60 52
0.16667 0 0
0.05556 62 54
0.16667 0 0
0.05625 58 49
0.17060 0 0
0.05754 60 51
0.17457 0 0
0.05890 57 48
0.17735 0 0
0.11719 55 64
0.11719 0 0
0.05415 62 51
0.16245 0 0
0.05576 63 58
0.16729 0 0
0.05682 60 49
0.17045 0 0
0.05682 62 53
0.17045 0 0
0.05682 58 49
0.17045 0 0
0.11673 55 68
0.11673 0 0
0.05415 62 51
0.16245 0 0
0.05597 63 58
0.16791 0 0
0.05682 60 49
0.17045 0 0
0.05682 62 53
0.17045 0 0
0.05682 58 49
0.17045 0 0
0.11673 55 68
0.11673 0 0
0.05535 62 51
0.16605 0 0
0.05597 63 55
0.16791 0 0
0.05639 60 49
0.16917 0 0
0.05682 62 57
0.17045 0 0
0.05682 58 52
0.17045 0 0
0.05682 60 62
0.17045 0 0
0.05556 57 53
0.16667 0 0
0.05556 58 58
0.16667 0 0
0.05618 60 53
0.16868 0 0
0.05646 57 56
0.17038 0 0
0.05711 58 52
0.17871 0 0
0.11673 55 64
0.11673 0 0
0.05515 62 51
0.16544 0 0
0.05576 63 58
0.16729 0 0
0.05682 60 49
0.17045 0 0
0.05682 62 53
0.17045 0 0
0.05682 58 49
0.17045 0 0
0.11673 55 68
0.11673 0 0
0.05535 62 51
0.16605 0 0
0.05597 63 58
0.16791 0 0
0.05682 60 49
0.17045 0 0
0.05682 62 53
0.17045 0 0
0.05682 58 49
0.17045 0 0
0.11673 55 68
0.11673 0 0
0.05535 62 51
0.16605 0 0
0.05597 63 55
0.16791 0 0
0.05639 60 49
0.16917 0 0
0.05682 62 57
0.17045 0 0
0.05682 58 52
0.17045 0 0
0.05682 60 62
0.17045 0 0
0.05495 57 53
0.16483 0 0
0.05556 58 62
0.16667 0 0
0.05618 55 58
0.16868 0 0
0.05646 53 64
0.17273 0 0
0.05898 51 62
0.18107 0 0
0.11673 50 84
0.11673 38 71
0.13575 0 0
0.05474 62 56
0.16423 0 0
0.05576 63 63
0.16729 0 0
0.05682 60 54
0.17045 0 0
0.05682 62 58
0.17045 0 0
0.05682 57 54
0.17045 0 0
0.11673 50 88
0.11673 38 74
0.13393 0 0
0.05495 62 56
0.16483 0 0
0.05597 63 63
0.16791 0 0
0.05682 60 54
0.17045 0 0
0.05682 62 58
0.17045 0 0
0.05682 57 54
0.17045 0 0
0.11673 50 88
0.11673 38 74
0.13216 0 0
0.05495 57 56
0.16483 0 0
0.05597 60 62
0.16791 0 0
0.05639 62 61
0.16917 0 0
0.05682 63 67
0.17045 0 0
0.05682 65 63
0.17045 0 0
0.05682 62 70
0.17045 0 0
0.05556 63 62
0.16667 0 0
0.05556 60 64
0.16667 0 0
0.05618 62 58
0.16868 0 0
0.05646 58 61
0.17038 0 0
0.05711 57 57
0.17234 0 0
0.11673 50 84
0.11673 38 71
0.13636 0 0
0.05474 62 56
0.16423 0 0
0.05576 63 63
0.16729 0 0
0.05682 60 54
0.17045 0 0
0.05682 62 58
0.17045 0 0
0.05682 57 54
0.17045 0 0
0.11673 50 88
0.11673 38 74
0.13575 0 0
0.05474 62 56
0.16423 0 0
0.05597 63 63
0.16791 0 0
0.05682 60 54
0.17045 0 0
0.05682 62 58
0.17045 0 0
0.05682 57 54
0.17045 0 0
0.11673 50 88
0.11673 38 74
0.13636 0 0
0.05535 57 56
0.16605 0 0
0.05597 60 62
0.16791 0 0
0.05639 62 61
0.16917 0 0
0.05682 63 67
0.17045 0 0
0.05682 65 63
0.17045 0 0
0.05682 62 70
0.17045 0 0
0.05515 63 62
0.16544 0 0
0.05597 60 74
0.16791 0 0
0.05682 62 69
0.17191 0 0
0.05799 58 75
0.17548 0 0
0.05913 62 70
0.17945 0 0
0.11952 43 95
0.11952 31 80
0.15873 0 0
0.05415 62 70
0.16245 0 0
0.05576 63 78
0.16729 0 0
0.05682 60 67
0.17045 0 0
0.05682 62 72
0.17045 0 0
0.05682 58 67
0.17045 0 0
0.11673 43 94
0.11673 31 79
0.15789 0 0
0.05435 62 70
0.16304 0 0
0.05597 63 78
0.16791 0 0
0.05682 60 67
0.17045 0 0
0.05682 62 72
0.17045 0 0
0.05682 58 67
0.17045 0 0
0.11673 43 93
0.11673 31 79
0.15707 0 0
0.05535 62 67
0.16605 0 0
0.05597 63 74
0.16791 0 0
0.05639 60 73
0.16917 0 0
0.05682 62 80
0.17045 0 0
0.05682 58 75
0.17045 0 0
0.05682 60 84
0.17045 0 0
0.05556 57 74
0.16667 0 0
0.05556 58 76
0.16667 0 0
0.05618 60 69
0.16868 0 0
0.05646 57 73
0.17038 0 0
0.05711 58 68
0.17871 0 0
0.11673 49 96
0.11673 37 81
0.17647 0 0
0.05415 63 70
0.16245 0 0
0.05597 65 76
0.16791 0 0
0.05682 62 67
0.17045 0 0
0.05682 63 72
0.17045 0 0
0.05792 58 67
0.17374 0 0
0.11673 49 94
0.11673 37 79
0.17544 0 0
0.05415 63 70
0.16245 0 0
0.05597 65 77
0.16791 0 0
0.05682 62 67
0.17045 0 0
0.05682 63 72
0.17045 0 0
0.05859 58 67
0.17578 0 0
0.11673 49 95
0.11673 37 80
0.17341 0 0
0.05535 63 67
0.16605 0 0
0.05597 65 75
0.16791 0 0
0.05682 62 64
0.17045 0 0
0.05682 63 69
0.17045 0 0
0.05682 58 64
0.17045 0 0
0.05682 60 84
0.17045 0 0
0.05556 57 70
0.16667 0 0
0.05556 58 72
0.16667 0 0
0.05618 60 69
0.16868 0 0
0.05646 55 73
0.17038 0 0
0.05711 57 68
0.17234 0 0
0.11673 50 92
0.11673 38 78
0.17964 0 0
0.05396 62 73
0.16187 0 0
0.05576 63 82
0.16729 0 0
0.05682 61 70
0.17045 0 0
0.05682 62 75
0.17045 0 0
0.05682 57 70
0.17779 0 0
0.11673 49 94
0.11673 37 79
0.17964 0 0
0.05396 63 73
0.16187 0 0
0.05597 65 78
0.16791 0 0
0.05682 62 70
0.17045 0 0
0.05682 63 75
0.17045 0 0
0.05682 58 70
0.17447 0 0
0.11673 50 89
0.11673 38 75
0.17751 0 0
0.05396 62 73
0.16187 0 0
0.05576 63 78
0.16729 0 0
0.05682 61 70
0.17045 0 0
0.05682 62 75
0.17045 0 0
0.05682 57 70
0.17587 0 0
0.11673 49 94
0.11673 37 79
0.17544 0 0
0.05435 63 73
0.16304 0 0
0.05597 65 79
0.16791 0 0
0.05682 62 70
0.17045 0 0
0.05682 63 75
0.17045 0 0
0.05682 58 70
0.17045 0 0
0.11673 50 89
0.11673 38 75
0.18182 0 0
0.05515 62 73
0.16544 0 0
0.05576 63 78
0.16729 0 0
0.05682 60 70
0.17045 0 0
0.05682 62 75
0.17045 0 0
0.05682 58 70
0.17045 0 0
0.11450 60 76
0.11450 0 0
0.05515 57 67
0.16544 0 0
0.05576 58 70
0.16729 0 0
0.05682 60 64
0.17045 0 0
0.05535 57 69
0.16605 0 0
0.05597 58 64
0.16791 0 0
0.10989 55 76
0.10989 0 0
0.05597 57 67
0.16791 0 0
0.05515 58 69
0.16544 0 0
0.05597 60 62
0.16791 0 0
0.05515 57 66
0.16544 0 0
0.05535 58 61
0.16605 0 0
0.10949 55 72
0.10949 0 0
0.05618 57 62
0.16854 0 0
0.05639 58 64
0.16974 0 0
0.05689 55 57
0.17168 0 0
0.05754 53 60
0.17367 0 0
0.05821 51 55
0.17510 0 0
0.11673 50 74
0.11673 38 63
0.11673 0 0
0.05515 62 56
0.16544 0 0
0.05576 63 61
0.16729 0 0
0.05682 60 54
0.17045 0 0
0.05682 62 58
0.17045 0 0
0.05682 58 54
0.17045 0 0
0.11450 60 64
0.11450 0 0
0.05515 57 56
0.16544 0 0
0.05576 58 59
0.16729 0 0
0.05682 60 54
0.17045 0 0
0.05535 57 58
0.16605 0 0
0.05597 58 54
0.16791 0 0
0.10989 55 64
0.10989 0 0
0.05597 57 56
0.16791 0 0
0.05515 58 58
0.16544 0 0
0.05597 60 52
0.16791 0 0
0.05515 57 56
0.16544 0 0
0.05535 58 51
0.16605 0 0
0.10949 55 61
0.10949 0 0
0.05618 57 52
0.16854 0 0
0.05646 58 54
0.17125 0 0
0.05777 55 48
0.17525 0 0
0.05913 53 51
0.17945 0 0
0.05994 51 46
0.40856 0 0
0.05556 45 45
0.16667 0 0
0.05576 50 42
0.16729 0 0
0.05682 51 49
0.17045 0 0
0.05549 49 54
0.16484 0 0
0.05556 50 51
1.34855 38 45
0.22727 0 0
0.06024 45 49
0.18072 0 0
0.05576 55 56
0.16729 0 0
0.05682 53 46
0.17045 0 0
0.05682 50 49
0.17045 0 0
0.05682 51 46
1.37310 38 56
0.23346 0 0
0.05515 45 45
0.16544 0 0
0.05576 50 42
0.16729 0 0
0.05682 51 47
0.17045 0 0
0.05515 49 52
0.16544 0 0
0.05597 50 49
1.34884 38 45
0.22641 0 0
0.05515 45 46
0.16544 0 0
0.05576 51 48
0.16729 0 0
0.05682 53 45
0.17045 0 0
0.05576 50 47
0.16729 0 0
0.05639 51 44
1.34594 38 54
0.23346 0 0
0.05515 45 45
0.16544 0 0
0.05576 50 42
0.16729 0 0
0.05682 51 47
0.17045 0 0
0.05556 49 51
0.16667 0 0
0.05618 51 48
0.16854 0 0
0.05725 50 53
0.17176 0 0
0.05515 51 46
0.16544 0 0
0.05576 49 48
0.16729 0 0
0.05682 51 45
0.17045 0 0
0.05682 50 45
0.17045 0 0
0.05682 45 44
2.70577 38 45
0.05682 38 45
0.17045 0 0
0.05682 54 45
0.17045 0 0
0.05682 57 45
0.17045 0 0
0.05682 62 45
0.17045 0 0
0.05682 66 44
0.17045 0 0
0.05682 69 43
0.17045 0 0
0.05682 74 43
0.17089 0 0
0.05725 78 42
0.17249 0 0
0.05777 81 42
0.17404 0 0
0.05837 86 41
0.17571 0 0
0.05890 90 41
0.17842 0 0
0.06008 93 40
0.19141 0 0
2.09607 74 34
2.09607 81 34
1.06779 0 0
1.59807 51 39
1.60271 53 36
1.60271 46 32
1.63040 48 39
1.69972 50 36
1.69972 43 32
1.03448 60 39
0.54625 61 36
1.59674 60 39
2.15637 60 39
0.56921 58 30
0.62144 57 26
3.34701 50 32
0.11858 55 59
0.11858 0 0
0.05639 62 47
0.16917 0 0
0.05791 63 53
0.17374 0 0
0.05882 60 45
0.17647 0 0
0.05882 62 49
0.17647 0 0
0.05882 58 45
0.17647 0 0
0.11952 55 62
0.11952 0 0
0.05639 62 47
0.16917 0 0
0.05747 63 53
0.17241 0 0
0.05859 60 45
0.17578 0 0
0.05859 62 49
0.17578 0 0
0.05859 58 45
0.17578 0 0
0.12397 55 56
0.12397 0 0
0.06048 63 47
0.06048 70 42
0.18145 0 0
0.05952 61 52
0.05952 70 46
0.17810 0 0
0.05906 63 48
0.05906 70 43
0.17639 0 0
0.05852 61 61
0.05852 70 55
0.17480 0 0
0.05791 63 59
0.05791 70 53
0.17315 0 0
0.11905 61 71
0.11905 70 64
0.11905 0 0
0.05747 63 66
0.05747 70 58
0.17360 0 0
0.05837 61 75
0.05837 70 63
0.17632 0 0
0.05929 63 73
0.05929 70 59
0.17929 0 0
0.06032 61 80
0.06032 70 67
0.18227 0 0
0.06131 63 78
0.06131 70 63
0.18544 0 0
1.49378 58 82
1.49378 50 69
1.49378 43 69
2.31611 31 78
