"alb_se6"

#  Piano right
0.27907 77 56
0.27907 69 46
0.09091 76 50
0.09091 77 47
0.09091 76 47
0.27273 69 46
0.13575 74 50
0.14019 76 47
0.27593 69 33
0.13453 77 53
0.14634 74 49
0.28087 69 34
0.10714 76 51
0.10714 69 43
0.17857 0 0
0.10922 72 44
0.10922 69 38
0.18204 0 0
0.27907 69 46
0.27907 77 56
0.09091 76 50
0.09091 77 47
0.09091 76 47
0.27273 69 46
0.13575 74 50
0.14019 76 47
0.27593 69 32
0.13453 77 53
0.14563 74 49
0.28016 69 33
0.10714 76 51
0.10714 69 43
0.17857 0 0
0.10922 69 38
0.10922 72 44
0.18204 0 0
0.13825 74 58
0.13825 76 52
0.27650 69 43
0.25240 69 38
0.25240 72 54
0.03606 0 0
0.13636 74 58
0.13954 76 60
0.27590 69 43
0.24419 69 45
0.24419 77 64
0.03488 0 0
0.13825 74 58
0.13825 76 52
0.27650 69 43
0.25362 69 34
0.25362 72 48
0.03623 0 0
0.13575 74 56
0.13825 76 51
0.27400 69 41
0.25060 69 32
0.25060 72 47
0.03659 0 0
0.13954 74 52
0.13953 76 54
0.27907 69 46
0.13889 79 57
0.14423 77 51
0.28312 69 43
0.14151 74 55
0.14563 76 54
0.28714 69 43
0.29126 69 40
0.29126 72 49
0.27907 81 52
0.27907 73 43
0.09091 80 47
0.09091 81 44
0.09091 80 44
0.27273 73 43
0.13575 78 47
0.14019 80 44
0.27593 73 37
0.13453 81 49
0.14423 78 46
0.27876 73 36
0.10714 73 39
0.10714 80 47
0.17857 0 0
0.10922 76 46
0.10922 73 39
0.18204 0 0
0.27907 81 52
0.27907 73 43
0.09091 80 47
0.09091 81 44
0.09091 80 44
0.27273 73 43
0.13575 78 47
0.14019 80 44
0.27593 73 37
0.13453 81 49
0.14423 78 46
0.27876 73 36
0.10714 73 39
0.10714 80 47
0.17857 0 0
0.10922 76 46
0.10922 73 39
0.18204 0 0
0.13825 78 54
0.13825 80 48
0.27650 73 45
0.25240 76 50
0.25240 73 40
0.03606 0 0
0.13636 78 54
0.13954 80 56
0.27590 73 45
0.24419 81 59
0.24419 73 47
0.03488 0 0
0.13825 78 54
0.13825 80 48
0.27650 73 45
0.25362 76 45
0.25362 73 36
0.03623 0 0
0.13575 78 52
0.13825 80 47
0.27400 73 43
0.25060 76 44
0.25060 73 34
0.03659 0 0
0.13954 78 48
0.13954 80 50
0.27907 73 48
0.13889 83 53
0.14423 81 47
0.28312 73 45
0.14151 78 51
0.14563 80 50
0.28714 73 45
0.29126 76 46
0.29126 73 42
0.27907 76 56
0.27907 84 84
0.09091 83 76
0.09091 84 66
0.09091 83 66
0.27273 76 56
0.13575 81 72
0.14019 83 66
0.27593 76 41
0.13453 84 76
0.14151 81 67
0.27604 77 42
0.10714 83 77
0.10714 77 51
0.17857 0 0
0.11194 79 73
0.11194 77 51
0.18657 0 0
0.27907 76 56
0.27907 84 84
0.09091 83 76
0.09091 84 67
0.09091 83 67
0.27273 76 56
0.13575 81 73
0.14019 83 68
0.27593 76 41
0.13453 84 77
0.14151 81 67
0.27604 77 40
0.10714 83 77
0.10714 77 51
0.17857 0 0
0.10922 77 51
0.10922 79 73
0.18204 0 0
0.14563 64 61
0.14563 60 54
0.14563 65 57
0.14563 62 51
0.29126 67 62
0.29126 64 55
0.14218 67 57
0.14218 64 51
0.14229 65 57
0.14229 62 51
0.14286 60 48
0.14286 64 54
0.14252 65 54
0.14252 62 48
0.14218 64 49
0.14218 67 55
0.14218 68 57
0.14218 65 51
0.14084 70 58
0.14084 67 52
0.14085 68 54
0.14085 72 60
0.14778 70 59
0.14778 67 53
0.14084 70 55
0.14084 73 62
0.14085 72 62
0.14085 68 55
0.14084 68 57
0.14084 65 51
0.14084 67 54
0.14084 70 60
0.14085 67 57
0.14085 64 51
0.14151 60 51
0.14151 65 57
0.14634 67 51
0.14634 61 45
0.14218 64 55
0.14218 58 49
0.14706 60 45
0.14706 65 50
0.14423 61 53
0.14423 56 47
0.17143 58 45
0.17143 63 50
0.27907 84 84
0.27907 76 56
0.09091 83 76
0.09091 84 66
0.09091 83 66
0.27273 76 56
0.13575 81 73
0.14019 83 69
0.27593 76 42
0.13453 84 75
0.14084 81 66
0.27537 77 41
0.10714 83 77
0.10714 77 51
0.17857 0 0
0.10922 77 51
0.10922 79 73
0.18204 0 0
0.27907 84 84
0.27907 76 56
0.09091 83 76
0.09091 84 67
0.09091 83 67
0.27273 76 56
0.13575 81 72
0.14019 83 68
0.27593 76 39
0.13453 84 75
0.14019 81 65
0.27472 77 41
0.10714 77 51
0.10714 83 77
0.17857 0 0
0.10922 79 73
0.10922 77 51
0.18204 0 0
0.15000 76 54
0.15000 72 48
0.15000 74 45
0.15000 77 51
0.30000 79 55
0.30000 76 49
0.14218 76 45
0.14218 79 51
0.14229 74 45
0.14229 77 51
0.14286 76 48
0.14286 72 43
0.14252 74 43
0.14252 77 48
0.14218 79 49
0.14218 76 44
0.14218 80 51
0.14218 77 45
0.14084 79 46
0.14084 82 52
0.14085 84 53
0.14085 80 48
0.14778 79 47
0.14778 82 52
0.14084 85 55
0.14084 82 49
0.14085 84 55
0.14085 80 49
0.14084 77 45
0.14084 80 51
0.14084 82 53
0.14084 79 48
0.14085 76 45
0.14085 79 51
0.14151 77 51
0.14151 72 45
0.14634 79 45
0.14634 73 40
0.14218 70 44
0.14218 76 49
0.14706 77 44
0.14706 72 40
0.14423 68 42
0.14423 73 47
0.17143 75 44
0.17143 70 40
0.27907 72 67
0.27907 64 45
0.09091 71 60
0.09091 72 54
0.09091 71 54
0.27273 64 45
0.13575 69 60
0.14019 71 56
0.27593 64 33
0.13453 72 59
0.14019 69 58
0.27472 65 33
0.10714 65 41
0.10714 71 61
0.17857 0 0
0.10922 67 58
0.10922 65 41
0.18204 0 0
0.27907 64 45
0.27907 72 67
0.09091 71 60
0.09091 72 56
0.09091 71 52
0.27273 64 45
0.13575 69 60
0.14019 71 56
0.27593 64 30
0.13453 72 59
0.14019 69 58
0.27472 65 32
0.10714 71 61
0.10714 65 41
0.17857 0 0
0.10922 67 58
0.10922 65 41
0.18204 0 0
0.10465 67 45
0.10465 72 67
0.17442 0 0
0.09091 74 60
0.09091 76 53
0.09091 74 53
0.27273 70 45
0.27273 67 43
0.10181 72 57
0.10181 67 57
0.17412 0 0
0.09091 86 66
0.09091 88 58
0.09091 86 58
0.27273 79 47
0.27273 82 49
0.10181 84 62
0.10181 79 62
0.17412 0 0
0.09091 98 66
0.09091 100 58
0.09091 98 58
0.27273 94 49
0.27273 91 47
0.10514 91 65
0.10514 96 65
0.17523 0 0
0.09091 86 75
0.09091 88 66
0.09091 86 66
0.27273 82 55
0.27273 79 53
0.10766 84 71
0.10766 79 71
0.17943 0 0
0.09302 74 85
0.09302 76 73
0.09302 74 69
0.27907 70 62
0.27907 67 60
0.11307 72 81
0.11307 67 81
0.18844 0 0
0.31088 72 88
0.31088 76 88
0.31088 82 88
0.31088 84 88
0.27907 69 71
0.27907 77 87
0.09091 76 78
0.09091 77 69
0.09091 76 69
0.27273 69 71
0.13825 74 74
0.13889 76 71
0.27714 69 54
0.13453 77 76
0.14563 74 72
0.28016 69 55
0.10870 76 79
0.10870 69 67
0.18116 0 0
0.10922 72 68
0.10922 69 60
0.18204 0 0
0.27907 69 68
0.27907 77 83
0.09091 76 75
0.09091 77 69
0.09091 76 69
0.27273 69 68
0.13889 74 75
0.13954 76 69
0.27842 69 54
0.13453 77 77
0.14634 74 70
0.28087 69 51
0.10870 76 76
0.10870 69 64
0.18116 0 0
0.10922 69 57
0.10922 72 64
0.18204 0 0
0.13825 74 78
0.13825 76 72
0.27650 69 53
0.25240 69 43
0.25240 72 76
0.03606 0 0
0.13636 74 72
0.13954 76 73
0.27590 69 51
0.24419 69 53
0.24419 77 77
0.03488 0 0
0.13825 74 78
0.13825 76 72
0.27650 69 53
0.25362 69 43
0.25362 72 73
0.03623 0 0
0.13575 74 79
0.13825 76 71
0.27400 69 45
0.25060 69 40
0.25060 72 72
0.03659 0 0
0.13954 74 71
0.13953 76 73
0.27907 69 50
0.13889 79 78
0.14423 77 71
0.14151 74 77
0.14563 76 72
0.57026 69 53
0.29126 72 68
0.27907 72 68
0.27907 80 83
0.09091 79 75
0.09091 80 67
0.09091 79 67
0.27273 72 68
0.13825 77 75
0.14019 79 69
0.27844 72 57
0.13453 80 79
0.13954 77 72
0.27406 72 54
0.10870 79 76
0.10870 73 64
0.18116 0 0
0.10922 75 72
0.10922 73 64
0.18204 0 0
0.27907 72 68
0.27907 80 83
0.09091 79 75
0.09091 80 67
0.09091 79 69
0.27273 72 68
0.13954 77 75
0.14286 79 69
0.28239 72 58
0.13453 80 79
0.13889 77 72
0.27342 72 53
0.10870 79 76
0.10870 73 64
0.18116 0 0
0.10922 73 64
0.10922 75 72
0.18204 0 0
0.13825 77 78
0.13825 79 72
0.27650 72 53
0.25240 72 43
0.25240 75 76
0.03606 0 0
0.13636 77 72
0.13954 79 73
0.27590 72 51
0.24419 72 53
0.24419 80 77
0.03488 0 0
0.13825 77 78
0.13825 79 72
0.27650 72 53
0.25362 72 40
0.25362 75 72
0.03623 0 0
0.13575 77 79
0.13825 79 71
0.27400 72 45
0.25060 72 37
0.25060 75 71
0.03659 0 0
0.13954 77 71
0.13953 79 73
0.27907 72 50
0.13889 82 78
0.14423 80 71
0.28312 72 53
0.14151 77 77
0.14563 79 72
0.28714 72 49
0.29126 72 44
0.29126 75 68
0.30457 0 0
0.12500 65 68
0.12500 61 60
0.12500 58 53
0.13699 53 58
0.28986 0 0
0.12552 77 68
0.12552 73 60
0.12552 70 60
0.13636 65 57
0.27907 0 0
0.12552 85 68
0.12552 82 60
0.12552 79 60
0.13575 77 61
0.29557 0 0
0.06849 77 67
0.06849 82 75
0.06849 0 0
0.06849 82 75
0.06849 77 67
0.06849 0 0
0.14084 82 72
0.14084 89 80
0.14084 0 0
0.14423 82 77
0.14423 77 69
0.14423 0 0
0.14423 82 72
0.14423 89 81
0.14423 0 0
0.14423 77 70
0.14423 82 78
0.45192 0 0
0.12500 65 68
0.12500 58 60
0.12500 61 60
0.13636 53 56
0.27907 0 0
0.12500 73 60
0.12500 70 60
0.12500 77 68
0.13636 65 57
0.27907 0 0
0.12448 82 60
0.12448 79 60
0.12448 85 68
0.13636 77 57
0.29557 0 0
0.06849 77 67
0.06849 82 75
0.06849 0 0
0.06849 82 75
0.06849 77 67
0.06849 0 0
0.14084 82 72
0.14084 89 80
0.14084 0 0
0.14423 77 69
0.14423 82 77
0.14423 0 0
0.14423 89 81
0.14423 82 72
0.14423 0 0
0.14423 77 70
0.14423 82 78
0.14423 0 0
0.27907 88 75
0.09091 86 70
0.09091 88 65
0.09091 86 65
0.55180 84 63
0.13575 0 0
0.14019 86 65
0.13514 88 74
0.55258 84 70
0.14151 84 64
0.10714 85 68
0.03571 0 0
0.10714 84 62
0.28571 80 48
0.10922 85 67
0.03641 0 0
0.11421 89 62
0.29792 80 52
0.27907 88 75
0.09091 86 70
0.09091 88 65
0.09091 86 65
0.55180 84 63
0.13575 0 0
0.14019 86 65
0.13514 88 74
0.55258 84 70
0.14151 84 64
0.10714 85 68
0.03571 0 0
0.10714 84 62
0.28571 80 51
0.10922 85 67
0.03641 0 0
0.10922 89 62
0.29126 80 49
0.27907 76 75
0.09091 74 70
0.09091 76 65
0.09091 74 65
0.55180 72 63
0.06787 72 70
0.06787 0 0
0.07009 74 65
0.07009 0 0
0.06912 76 66
0.06902 0 0
0.06881 77 67
0.06860 0 0
0.06839 79 69
0.06818 0 0
0.06798 80 71
0.06849 0 0
0.06913 82 73
0.06977 0 0
0.07261 84 74
0.07732 0 0
0.08969 82 72
0.08969 84 68
0.09569 82 68
0.08929 80 70
0.08929 82 65
0.09434 80 69
0.09009 79 68
0.09009 80 65
0.09479 79 64
0.09050 77 66
0.09101 79 61
0.09662 77 61
0.09328 75 64
0.09270 77 60
0.10000 75 60
0.09390 73 62
0.09445 75 57
0.13158 73 57
0.30928 0 0
0.12552 73 51
0.12552 70 51
0.12552 77 57
0.13636 67 53
0.28986 0 0
0.12500 85 51
0.12500 89 57
0.12500 82 51
0.13636 79 52
0.28846 0 0
0.12552 70 51
0.12552 73 51
0.12552 77 57
0.13636 67 53
0.28037 0 0
0.06849 77 61
0.06849 82 69
0.06849 0 0
0.06849 77 61
0.06849 82 69
0.06849 0 0
0.14084 89 73
0.14084 82 66
0.14084 0 0
0.14423 77 63
0.14423 82 70
0.14423 0 0
0.14423 89 74
0.14423 82 66
0.14423 0 0
0.14851 77 64
0.14851 82 71
0.45155 0 0
0.12987 73 48
0.12987 77 53
0.12987 70 48
0.14151 67 51
0.29412 0 0
0.12987 89 52
0.12987 85 46
0.12987 82 46
0.14084 79 49
0.28571 0 0
0.12987 70 45
0.12987 73 45
0.12987 77 51
0.14151 67 46
0.29703 0 0
0.06849 70 62
0.06849 65 54
0.06849 0 0
0.06849 65 54
0.06849 70 61
0.06849 0 0
0.14084 77 64
0.14084 70 58
0.14084 0 0
0.14423 65 55
0.14423 70 61
0.14423 0 0
0.14423 70 57
0.14423 77 64
0.14423 0 0
0.14634 70 61
0.14634 65 55
0.43070 0 0
0.13575 77 50
0.13575 73 45
0.13575 70 45
0.14354 67 50
0.30928 0 0
0.15152 77 44
0.15152 73 41
0.15152 70 41
0.15873 67 44
0.35714 0 0
0.17045 77 40
0.17045 70 36
0.17045 73 36
0.18750 67 39
2.88643 0 0
0.42331 74 59
0.42331 70 59
0.20083 74 56
0.20083 70 56
0.20790 74 56
0.20790 70 56
1.48450 76 59
1.48450 79 59
0.22229 77 54
0.22229 74 54
0.13941 76 45
0.13941 77 45
0.13941 76 45
0.41823 72 45
0.41824 72 51
0.41824 69 45
0.21127 0 0
0.10563 72 33
0.10563 69 27
0.10563 65 27
0.31253 0 0
0.10345 65 25
0.10345 69 25
0.10345 72 29
0.31178 0 0
0.10417 65 27
0.10417 69 27
0.10417 72 33
0.32194 0 0
0.10889 65 22
0.10889 69 22
0.10889 72 27
0.10735 0 0
0.42135 81 59
0.42135 77 59
0.19989 79 53
0.19989 76 53
0.20695 77 53
0.20695 74 53
0.83281 74 57
0.83281 77 57
0.21206 72 45
0.21206 75 50
0.21192 74 35
0.21192 78 39
0.22127 74 50
0.22127 70 45
0.22127 75 42
0.22127 72 37
0.13879 72 45
0.13879 74 45
0.13879 72 45
0.41638 69 45
0.41910 70 51
0.41910 67 46
0.20819 0 0
0.10409 70 33
0.10409 67 27
0.10409 62 27
0.31136 0 0
0.10363 62 25
0.10363 67 25
0.10363 70 29
0.30724 0 0
0.10181 62 27
0.10181 67 27
0.10181 70 33
0.31686 0 0
0.11624 62 22
0.11624 67 22
0.11624 70 27
0.11624 0 0
0.42331 74 64
0.42331 70 64
0.20481 74 61
0.20481 70 61
0.21371 74 61
0.21371 70 61
1.55638 76 64
1.55638 79 64
0.23249 77 54
0.23249 74 54
0.13941 76 45
0.13941 77 45
0.13941 76 45
0.41823 72 45
0.43410 72 46
0.43410 69 41
0.20854 0 0
0.10427 72 33
0.10427 69 27
0.10427 65 27
0.31154 0 0
0.10363 65 25
0.10363 69 25
0.10363 72 29
0.30724 0 0
0.10181 65 27
0.10181 69 27
0.10181 72 33
0.31958 0 0
0.11704 65 22
0.11704 69 22
0.11704 72 27
0.10690 72 52
0.42135 84 64
0.42135 81 64
0.19989 82 58
0.19989 79 58
0.20695 81 58
0.20695 77 58
0.42135 77 62
0.42135 81 62
0.21371 79 58
0.21371 76 58
0.22638 77 58
0.22638 74 58
0.23730 81 58
0.23730 77 58
0.75000 0 0
0.22222 79 50
0.22222 76 50
0.22222 76 45
0.22222 72 45
0.41667 74 45
0.41667 70 45
0.14337 70 40
0.14337 72 40
0.14337 70 40
0.43011 67 40
0.44776 64 38
0.44776 67 43
0.21739 0 0
0.10896 64 27
0.10896 72 27
0.10896 70 27
0.32900 0 0
0.11029 64 31
0.11029 72 31
0.11029 70 31
0.33252 0 0
0.11624 70 25
0.11624 72 25
0.11624 64 25
0.11624 0 0
0.42331 70 59
0.42331 67 59
0.20083 72 56
0.20083 69 56
0.20790 74 56
0.20790 70 56
1.48450 76 59
1.48450 79 59
0.22229 77 54
0.22229 74 54
0.13941 76 45
0.13941 77 45
0.13941 76 45
0.41823 72 45
0.42771 72 46
0.42771 69 41
0.21429 0 0
0.10714 72 33
0.10714 69 27
0.10714 65 27
0.31841 0 0
0.10563 65 25
0.10563 69 25
0.10563 72 29
0.31397 0 0
0.10417 65 27
0.10417 69 27
0.10417 72 33
0.32194 0 0
0.10889 65 22
0.10889 69 22
0.10889 72 27
0.10735 0 0
0.42135 81 59
0.42135 77 59
0.19989 79 53
0.19989 76 53
0.20695 77 53
0.20695 74 53
0.83281 74 57
0.83281 77 57
0.21172 72 45
0.21172 75 51
0.21192 74 36
0.21192 78 40
0.22127 74 51
0.22127 70 45
0.22127 75 41
0.22127 72 36
0.13879 72 45
0.13879 74 45
0.13879 72 45
0.41638 69 45
0.41910 70 51
0.41910 67 44
0.21277 0 0
0.10638 70 33
0.10638 67 27
0.10638 62 27
0.31765 0 0
0.10563 62 25
0.10563 67 25
0.10563 70 29
0.31397 0 0
0.10417 62 27
0.10417 67 27
0.10417 70 33
0.31922 0 0
0.11624 62 22
0.11624 67 22
0.11624 70 27
0.11624 0 0
0.21166 82 59
0.21166 79 59
0.21166 0 0
0.20083 79 56
0.20083 76 56
0.20790 76 56
0.20790 72 56
1.26222 69 59
1.26222 72 59
0.44458 74 51
0.44458 70 46
0.13941 70 45
0.13941 72 45
0.14596 70 45
0.42479 67 45
0.48810 69 45
0.48810 65 43
0.80516 0 0
0.09571 65 50
0.09571 67 47
0.09571 65 47
0.28714 57 46
0.14291 64 50
0.14759 62 47
0.29051 57 43
0.29571 65 53
0.29571 57 39
0.11280 64 51
0.11280 57 43
0.03760 0 0
0.11280 62 48
0.03760 0 0
0.11500 60 49
0.11500 57 43
0.03833 0 0
0.11500 64 46
0.03833 0 0
0.11335 62 51
0.03778 0 0
0.11612 64 48
0.30596 57 39
0.09571 65 50
0.09571 67 47
0.09571 65 47
0.28714 57 46
0.14291 64 50
0.14759 62 47
0.29051 57 43
0.29571 65 53
0.29571 57 39
0.11280 64 51
0.11280 57 43
0.03760 0 0
0.11280 62 48
0.03760 0 0
0.11500 60 49
0.11500 57 43
0.03833 0 0
0.11500 64 46
0.03833 0 0
0.11335 62 51
0.03778 0 0
0.11612 64 48
0.30596 57 39
0.09571 65 50
0.09729 67 47
0.09886 65 47
0.29186 57 46
0.14291 64 50
0.16713 62 47
0.31004 57 43
0.15407 65 60
0.12211 64 48
0.31688 57 51
0.11785 62 57
0.11785 57 48
0.03928 0 0
0.12338 64 48
0.04113 0 0
0.11845 60 54
0.11845 57 45
0.03948 0 0
0.13235 64 46
0.04412 0 0
0.11335 62 51
0.03778 0 0
0.11612 64 48
0.30596 57 39
0.09571 65 50
0.09729 67 47
0.09886 65 47
0.29186 57 46
0.14291 64 50
0.15560 62 47
0.29851 57 43
0.15407 65 57
0.12211 64 48
0.31688 58 51
0.11785 62 53
0.11785 58 48
0.03928 0 0
0.12338 65 48
0.04113 0 0
0.31586 64 54
0.31586 58 45
0.30000 0 0
0.09864 82 67
0.09926 84 57
0.09988 82 57
0.29778 79 67
0.10063 81 65
0.10127 82 57
0.10204 81 57
0.30394 78 65
0.33149 80 66
0.33149 77 66
0.07500 89 78
0.07500 0 0
0.07772 80 70
0.07772 77 70
0.07772 0 0
0.15789 95 76
0.45789 0 0
0.09792 80 67
0.09852 82 57
0.09950 80 57
0.29595 77 67
0.10050 79 65
0.10152 80 57
0.10257 79 57
0.30459 76 65
0.34286 78 66
0.34286 75 66
0.07500 87 78
0.07500 0 0
0.07772 78 70
0.07772 75 70
0.07772 0 0
0.15957 93 76
0.45957 0 0
0.09662 78 74
0.14493 75 58
0.09674 80 63
0.09709 78 63
0.09744 77 72
0.14622 74 56
0.09768 78 63
0.09804 77 63
0.09840 76 71
0.14766 73 54
0.09852 78 61
0.09901 76 60
0.09926 75 69
0.14901 72 54
0.09950 77 59
0.10000 75 59
0.10025 74 67
0.15050 71 52
0.10050 75 55
0.10088 74 55
0.10114 73 65
0.15190 70 51
0.10152 75 56
0.10191 73 55
0.11111 72 63
0.16667 70 49
0.11111 74 54
0.13333 72 54
0.10753 74 68
0.10753 72 56
0.10753 74 56
0.32258 82 68
0.18072 81 69
0.18072 72 61
0.07812 77 48
0.07812 79 48
0.16216 77 57
0.16216 74 57
0.32432 69 57
0.32432 72 63
0.30763 0 0
0.09649 65 50
0.09649 67 47
0.09649 65 47
0.28946 57 46
0.14406 64 50
0.14878 62 47
0.29284 57 43
0.29810 65 53
0.29810 57 39
0.11372 64 51
0.11372 57 43
0.03791 0 0
0.11372 62 48
0.03791 0 0
0.11593 60 49
0.11593 57 43
0.03864 0 0
0.11593 64 46
0.03864 0 0
0.11427 62 51
0.03809 0 0
0.11707 64 48
0.30845 57 39
0.09649 65 50
0.09649 67 47
0.09649 65 47
0.28946 57 46
0.14406 64 50
0.14878 62 47
0.29284 57 43
0.29810 65 53
0.29810 57 39
0.11372 64 51
0.11372 57 43
0.03791 0 0
0.11372 62 48
0.03791 0 0
0.11593 60 49
0.11593 57 43
0.03864 0 0
0.11593 64 46
0.03864 0 0
0.11427 62 51
0.03809 0 0
0.11707 64 48
0.30845 57 39
0.09649 65 50
0.09807 67 47
0.09966 65 47
0.29422 57 46
0.14406 64 50
0.16848 62 47
0.31255 57 43
0.15531 65 60
0.12309 64 48
0.31943 57 51
0.11880 62 57
0.11880 57 48
0.03960 0 0
0.12438 64 48
0.04146 0 0
0.11940 60 54
0.11940 57 45
0.03980 0 0
0.13342 64 46
0.04447 0 0
0.11427 62 51
0.03809 0 0
0.11707 64 48
0.30845 57 39
0.09649 65 50
0.09807 67 47
0.09966 65 47
0.29422 57 46
0.14406 64 50
0.15685 62 47
0.30092 57 43
0.15531 65 57
0.12309 64 48
0.31943 58 51
0.11880 62 53
0.11880 58 48
0.03960 0 0
0.12438 65 48
0.04146 0 0
0.31840 64 54
0.31840 58 45
0.30000 0 0
0.09864 82 69
0.09926 84 58
0.09988 82 58
0.29778 79 69
0.10063 79 67
0.10127 81 58
0.10204 79 58
0.33149 76 68
0.15000 88 76
0.15000 86 71
0.15544 79 68
0.31579 91 74
0.30000 0 0
0.09792 79 69
0.09852 81 58
0.09950 79 58
0.29595 76 69
0.10050 76 67
0.10152 77 58
0.10257 76 58
0.34286 73 68
0.15000 88 73
0.15000 81 69
0.15544 79 65
0.31915 93 70
0.31915 85 48
0.30000 0 0
0.09662 76 76
0.14493 70 59
0.09674 77 65
0.09709 76 65
0.09744 74 75
0.14622 69 57
0.09768 76 65
0.09804 74 65
0.09840 73 74
0.14766 67 56
0.09852 74 63
0.09901 73 62
0.09926 70 71
0.14901 65 56
0.09950 72 60
0.10000 70 60
0.10025 69 69
0.15050 64 54
0.10050 70 57
0.10088 69 57
0.10114 67 67
0.10152 69 57
0.10152 67 57
0.10152 65 65
0.10152 67 56
0.10152 65 56
0.10152 64 63
0.10152 65 54
0.10152 64 54
0.91332 61 53
0.31414 0 0
0.14634 81 68
0.14634 77 68
0.14634 74 68
0.15625 69 60
0.61604 0 0
0.09571 81 50
0.09571 82 47
0.09571 81 47
0.14291 79 50
0.14759 78 47
0.57764 75 39
0.29571 81 53
0.29571 74 39
0.11280 79 51
0.03760 0 0
0.11280 77 48
0.03760 0 0
0.11500 76 49
0.03833 0 0
0.11500 77 46
0.60747 74 39
0.11335 76 51
0.03778 0 0
0.11612 77 48
0.30596 73 39
0.09571 79 50
0.09571 81 47
0.09571 79 47
0.28714 73 46
0.14706 77 50
0.15464 76 47
0.30170 73 43
0.30769 79 53
0.11538 76 51
0.03846 0 0
0.11842 77 48
0.61943 73 39
0.30665 74 49
0.30665 69 43
0.30516 0 0
0.09571 81 50
0.09571 82 47
0.09571 81 47
0.14291 79 50
0.14759 78 47
0.57764 75 39
0.29571 81 53
0.29571 74 39
0.11280 79 51
0.03760 0 0
0.11280 77 48
0.03760 0 0
0.11500 76 49
0.03833 0 0
0.11500 77 46
0.60747 74 39
0.11335 76 51
0.03778 0 0
0.11612 77 48
0.30596 73 39
0.09571 79 50
0.09571 81 47
0.09571 79 47
0.28714 73 46
0.14706 77 50
0.15464 76 47
0.30170 73 43
0.30769 79 53
0.11538 76 51
0.03846 0 0
0.11842 77 48
0.61943 73 39
0.30665 74 49
0.30665 69 43
0.30000 0 0
0.09864 81 57
0.09926 82 48
0.09988 81 48
0.29778 75 57
0.15113 79 55
0.15280 78 48
0.16575 81 56
0.16575 75 56
0.16575 0 0
0.15000 87 59
0.15000 81 59
0.15544 75 57
0.15789 93 63
0.45789 0 0
0.09864 81 60
0.09926 82 51
0.09988 81 51
0.29778 75 60
0.15113 79 58
0.15280 78 51
0.16575 81 59
0.16575 75 59
0.16575 0 0
0.15000 87 63
0.15000 81 63
0.15544 75 57
0.15789 93 65
0.45789 0 0
0.09864 81 63
0.09926 82 53
0.09988 81 53
0.29778 75 63
0.15113 79 60
0.15280 78 53
0.16575 81 60
0.16575 75 60
0.16575 0 0
0.09864 81 64
0.09926 82 54
0.09988 81 53
0.29778 75 64
0.15113 79 60
0.15280 78 52
0.16575 81 60
0.16575 75 60
0.16575 0 0
0.09864 81 74
0.09926 83 65
0.09988 81 66
0.29778 75 74
0.15113 80 72
0.15280 81 67
0.16575 87 83
0.16575 81 83
0.16575 75 83
0.16575 0 0
0.10256 93 81
0.10256 95 71
0.10256 93 72
0.30769 87 81
0.15385 92 79
0.11968 93 73
0.03989 0 0
0.34856 100 95
0.36851 97 78
0.38845 93 74
0.04979 0 0
0.33611 88 45
0.36100 85 39
0.38590 81 38
0.04802 0 0
0.33611 88 45
0.36012 85 41
0.38412 81 40
0.04802 0 0
0.33611 88 45
0.36012 85 41
0.38412 81 41
0.04802 0 0
0.33611 88 45
0.36012 85 40
0.38412 81 40
0.04802 0 0
0.33611 88 45
0.38412 81 39
0.36012 85 40
0.04802 0 0
0.32038 88 45
0.39240 76 34
0.36840 80 34
0.34439 86 39
0.07475 0 0
0.31448 88 45
0.38923 76 34
0.36431 80 34
0.33939 86 39
0.07257 0 0
0.31448 88 45
0.38705 76 34
0.36286 80 34
0.33867 86 39
0.07257 0 0
0.31801 88 45
0.39058 76 34
0.36639 80 34
0.34220 86 39
0.07469 0 0
0.31210 88 45
0.38679 76 34
0.36189 80 34
0.33700 86 39
0.07202 0 0
0.35230 88 45
0.42433 76 34
0.40032 80 34
0.37631 86 39
0.05138 0 0
0.33611 88 45
0.36180 86 39
0.38749 80 34
0.04802 0 0
0.34060 88 45
0.36461 86 39
0.38861 80 34
0.04866 0 0
0.34783 88 45
0.37216 86 39
0.39648 80 34
0.04601 0 0
0.33867 88 45
0.36167 86 39
0.38468 80 34
0.04838 0 0
0.33415 88 45
0.35834 86 39
0.38253 80 34
0.04688 0 0
0.34314 88 45
0.36657 86 39
0.39001 80 34
0.04902 0 0
0.33478 88 45
0.35929 85 41
0.38380 81 41
0.04783 0 0
0.34064 88 45
0.36456 85 40
0.38847 81 40
0.04866 0 0
0.33474 88 45
0.35907 85 40
0.38340 81 39
0.04782 0 0
0.33439 88 45
0.35830 85 41
0.38221 81 41
0.04777 0 0
0.34314 88 45
0.36702 85 40
0.39091 81 40
0.04902 0 0
0.36213 88 45
0.38664 85 40
0.41115 81 39
0.05303 0 0
0.34264 88 45
0.36916 86 41
0.39568 80 41
0.04895 0 0
0.34264 88 45
0.36712 86 40
0.39159 80 40
0.04895 0 0
0.33938 88 45
0.36385 86 40
0.38833 80 39
0.04601 0 0
0.33867 88 45
0.36167 86 39
0.38468 80 34
0.04838 0 0
0.33415 88 45
0.35834 86 39
0.38253 80 34
0.04688 0 0
0.34314 88 45
0.36657 86 39
0.39001 80 34
0.04902 0 0
0.34108 88 45
0.36559 86 39
0.39010 80 34
0.04747 0 0
0.33867 88 45
0.36240 86 39
0.38613 80 34
0.04838 0 0
0.33867 88 45
0.36286 86 39
0.38705 80 34
0.04838 0 0
0.34291 88 45
0.36710 86 39
0.39129 80 34
0.04979 0 0
0.33611 88 45
0.36100 86 39
0.38590 80 34
0.04802 0 0
0.35230 88 45
0.37631 86 39
0.40032 80 34
0.05138 0 0
0.33611 88 45
0.36180 85 39
0.38749 81 34
0.04802 0 0
0.34060 88 45
0.36461 85 39
0.38861 81 34
0.04866 0 0
0.34352 88 45
0.36784 85 39
0.39217 81 34
0.04601 0 0
0.33867 88 45
0.36167 85 39
0.38468 81 34
0.04838 0 0
0.33415 88 45
0.35834 85 39
0.38253 81 34
0.04688 0 0
0.34314 88 45
0.36657 85 39
0.39001 81 34
0.04902 0 0
0.36070 88 45
0.38521 85 41
0.40972 81 41
0.04777 0 0
0.35043 88 46
0.37432 85 41
0.39820 81 41
0.05102 0 0
0.33474 88 48
0.36025 85 42
0.38576 81 41
0.04782 0 0
0.33439 88 45
0.35830 85 41
0.38221 81 41
0.04777 0 0
0.34314 88 45
0.36702 85 40
0.39091 81 40
0.04902 0 0
0.33562 88 45
0.36013 85 40
0.38464 81 39
0.07955 0 0
0.31817 88 45
0.39772 76 34
0.37120 80 34
0.34469 86 39
0.07342 0 0
0.31817 88 45
0.39159 76 34
0.36712 80 34
0.34264 86 39
0.07342 0 0
0.31911 88 45
0.39254 76 34
0.36806 80 34
0.34359 86 39
0.06902 0 0
0.31448 88 45
0.38349 76 34
0.36049 80 34
0.33748 86 39
0.07257 0 0
0.31071 88 45
0.38328 76 34
0.35909 80 34
0.33490 86 39
0.07031 0 0
0.31863 88 45
0.38894 76 34
0.36550 80 34
0.34207 86 39
0.07353 0 0
0.31719 88 45
0.39072 76 34
0.36621 80 34
0.34170 86 39
0.07031 0 0
0.31448 88 45
0.38479 76 34
0.36135 80 34
0.33791 86 39
0.07257 0 0
0.31448 88 45
0.38705 76 34
0.36286 80 34
0.33867 86 39
0.07257 0 0
0.31801 88 45
0.39058 76 34
0.36639 80 34
0.34220 86 39
0.07469 0 0
0.31210 88 45
0.38679 76 34
0.36189 80 34
0.33700 86 39
0.07202 0 0
0.32661 88 45
0.39863 76 34
0.37463 80 34
0.35062 86 39
0.07708 0 0
0.31210 88 45
0.38918 76 34
0.36348 81 34
0.33779 85 39
0.07202 0 0
0.31627 88 45
0.38829 76 34
0.36429 81 34
0.34028 85 39
0.07299 0 0
0.31627 88 45
0.38926 76 34
0.36493 81 34
0.34060 85 39
0.07299 0 0
0.31551 88 44
0.38850 76 34
0.36417 81 34
0.33984 85 39
0.07348 0 0
0.32046 88 41
0.39394 76 31
0.36948 81 31
0.34497 85 36
0.07450 0 0
0.35100 88 38
0.42551 76 29
0.40067 81 29
0.37584 85 33
0.07166 0 0
0.31863 88 36
0.39028 76 27
0.36640 81 27
0.34251 84 31
0.07353 0 0
0.32718 88 36
0.40071 76 27
0.37620 81 27
0.35169 84 31
0.07550 0 0
0.32718 88 36
0.40268 76 27
0.37752 81 27
0.35235 84 31
0.07550 0 0
0.32718 88 36
0.40268 76 27
0.37752 81 27
0.35235 84 31
0.07550 0 0
0.32718 88 36
0.40268 76 27
0.37752 81 27
0.35235 84 31
0.07550 0 0
0.35584 88 36
0.43134 76 27
0.40617 81 27
0.38101 84 31
0.36119 0 0
0.09091 74 72
0.09091 76 60
0.09091 74 59
0.27273 71 54
0.27273 68 51
0.10181 73 68
0.10181 68 68
0.13575 71 54
0.14019 0 0
0.09091 86 72
0.09091 88 61
0.09091 86 61
0.27273 83 53
0.27273 80 51
0.10181 85 68
0.10181 80 62
0.10181 83 61
0.17412 0 0
0.09091 98 72
0.09091 100 60
0.09091 98 61
0.27273 95 53
0.27273 92 51
0.10514 97 71
0.10514 92 64
0.10514 95 62
0.17523 0 0
0.09091 86 75
0.09091 88 65
0.09091 86 67
0.27273 83 55
0.27273 80 53
0.11538 85 71
0.11538 80 59
0.11538 83 59
0.19231 0 0
0.09479 74 81
0.09479 76 72
0.09479 74 72
0.28436 70 59
0.28436 67 57
0.11194 72 77
0.11194 67 70
0.11194 70 70
0.18657 0 0
0.31250 94 84
0.31250 84 84
0.31250 88 84
0.31250 96 84
0.27907 77 87
0.27907 69 71
0.09091 76 77
0.09091 77 66
0.09091 76 67
0.27273 69 71
0.13825 74 77
0.13889 76 70
0.27714 69 67
0.13453 77 79
0.14563 74 71
0.28016 69 58
0.10870 76 78
0.10870 69 67
0.18116 0 0
0.10922 72 75
0.10922 69 67
0.18204 0 0
0.27907 77 83
0.27907 69 68
0.09091 76 74
0.09091 77 67
0.09091 76 67
0.27273 69 68
0.13889 74 74
0.13953 76 69
0.27842 69 64
0.13453 77 76
0.14634 74 67
0.28087 69 56
0.10870 76 75
0.10870 69 64
0.18116 0 0
0.10922 72 72
0.10922 69 64
0.18204 0 0
0.13825 74 77
0.13825 76 72
0.27650 69 59
0.25631 72 75
0.25631 69 48
0.03713 0 0
0.13636 74 72
0.14286 76 73
0.27922 69 56
0.24419 77 76
0.24419 69 59
0.03488 0 0
0.13825 74 77
0.13825 76 72
0.27650 69 59
0.25362 72 68
0.25362 69 48
0.03623 0 0
0.13575 74 78
0.13825 76 71
0.27400 69 50
0.25399 72 74
0.25399 69 45
0.03659 0 0
0.13953 74 71
0.14423 76 73
0.28377 69 55
0.14151 79 77
0.14423 77 71
0.28574 69 59
0.14151 74 76
0.14563 76 72
0.28714 69 59
0.32258 72 68
0.32258 69 49
0.30000 0 0
0.12658 65 46
0.12658 62 41
0.12658 58 35
0.13636 55 40
0.28846 0 0
0.12658 77 46
0.12658 74 41
0.12658 70 41
0.13575 67 38
0.28708 0 0
0.12658 82 41
0.12658 86 41
0.12658 89 46
0.13636 79 43
0.29557 0 0
0.06849 77 42
0.06849 82 48
0.06849 0 0
0.06849 77 42
0.06849 82 48
0.06849 0 0
0.14085 82 46
0.14085 89 51
0.14084 0 0
0.14423 77 44
0.14423 82 49
0.14423 0 0
0.14423 82 46
0.14423 89 51
0.14423 0 0
0.14423 77 44
0.14423 82 49
0.44423 0 0
0.12605 65 46
0.12605 62 41
0.12605 58 41
0.13761 55 38
0.28169 0 0
0.12605 77 46
0.12605 74 41
0.12605 70 41
0.13699 67 39
0.28037 0 0
0.12605 82 41
0.12605 86 41
0.12605 89 46
0.13636 79 38
0.29557 0 0
0.07009 82 42
0.07009 86 48
0.07009 79 42
0.07009 0 0
0.07009 82 42
0.07009 86 48
0.07009 79 42
0.07009 0 0
0.14563 82 46
0.14563 91 51
0.14563 79 46
0.14563 0 0
0.07143 79 42
0.07143 82 42
0.07143 86 48
0.07143 0 0
0.07143 86 48
0.07143 79 42
0.07143 82 42
0.07143 0 0
0.14423 91 51
0.14423 82 46
0.14423 79 46
0.14423 0 0
0.15789 84 49
0.15789 82 44
0.15789 79 44
0.15789 0 0
0.27907 77 89
0.27907 69 73
0.09091 76 79
0.09091 77 69
0.09091 76 69
0.27273 69 73
0.13825 74 79
0.13889 76 69
0.27714 69 69
0.13453 77 81
0.14563 74 72
0.28016 69 60
0.10870 76 80
0.10870 69 69
0.18116 0 0
0.10922 72 77
0.10922 69 69
0.18204 0 0
0.27907 77 85
0.27907 69 70
0.09091 76 76
0.09091 77 68
0.09091 76 68
0.27273 69 70
0.13889 74 76
0.13953 76 69
0.27842 69 66
0.13453 77 78
0.14634 74 71
0.28087 69 58
0.10870 76 77
0.10870 69 66
0.18116 0 0
0.10922 72 74
0.10922 69 66
0.18204 0 0
0.13825 74 79
0.13825 76 74
0.27650 69 61
0.25631 72 77
0.25631 69 49
0.03713 0 0
0.13636 74 74
0.14286 76 75
0.27922 69 58
0.24419 77 78
0.24419 69 61
0.03488 0 0
0.13825 74 79
0.13825 76 74
0.27650 69 61
0.25362 72 77
0.25362 69 49
0.03623 0 0
0.13575 74 80
0.13825 76 73
0.27400 69 52
0.25399 72 76
0.25399 69 46
0.03659 0 0
0.13953 74 73
0.14423 76 75
0.28377 69 57
0.14151 79 79
0.14423 77 73
0.28574 69 61
0.14151 74 78
0.14563 76 74
0.28714 69 61
0.29126 72 70
0.29126 69 51
0.29703 0 0
0.12658 65 74
0.12658 62 66
0.12658 58 56
0.13636 55 69
0.29126 0 0
0.12605 77 74
0.12605 74 66
0.12605 70 66
0.13636 67 65
0.28037 0 0
0.12605 82 66
0.12605 86 66
0.12605 89 74
0.13575 79 67
0.29557 0 0
0.06849 77 72
0.06849 82 82
0.06849 0 0
0.06849 77 72
0.06849 82 82
0.06849 0 0
0.14085 82 78
0.14085 89 87
0.14084 0 0
0.14423 77 75
0.14423 82 84
0.14423 0 0
0.14423 82 78
0.14423 89 87
0.14423 0 0
0.14423 77 75
0.14423 82 84
0.44423 0 0
0.12605 65 74
0.12605 62 66
0.12605 58 66
0.13636 55 67
0.28176 0 0
0.12552 77 74
0.12552 74 66
0.12552 70 66
0.13575 67 69
0.28037 0 0
0.12552 82 66
0.12552 86 66
0.12552 89 72
0.13453 79 68
0.29557 0 0
0.07075 82 72
0.07075 86 82
0.07075 79 72
0.07075 0 0
0.07075 82 72
0.07075 86 82
0.07075 79 72
0.07075 0 0
0.15000 82 78
0.15000 91 87
0.15000 79 78
0.15000 0 0
0.07282 79 72
0.07282 82 72
0.07282 86 82
0.07282 0 0
0.07282 86 82
0.07282 79 72
0.07282 82 72
0.07282 0 0
0.15075 91 87
0.15075 82 78
0.15075 79 78
0.15075 0 0
0.15385 84 84
0.15385 82 75
0.15385 79 75
0.30310 0 0
0.07463 79 45
0.22388 69 54
0.22388 77 54
0.22388 81 54
0.07463 81 45
0.14925 79 53
0.14925 77 49
0.14634 69 46
0.15957 77 46
0.15000 81 51
0.15000 79 47
0.15000 77 53
0.15000 69 45
0.14851 65 48
0.15707 69 44
0.14925 0 0
0.07463 79 51
0.22388 81 57
0.22388 77 57
0.07463 81 51
0.14925 79 57
0.14925 77 55
0.14634 69 51
0.15957 77 53
0.15000 81 60
0.15000 79 56
0.15000 77 62
0.15000 69 49
0.14851 65 57
0.15707 69 51
0.14925 0 0
0.07463 79 58
0.22388 69 66
0.22388 77 66
0.22388 81 66
0.07463 81 59
0.14925 79 67
0.14925 77 64
0.14634 69 59
0.16949 77 61
0.14925 0 0
0.07463 79 61
0.22388 74 70
0.22388 77 70
0.22388 81 70
0.07463 81 61
0.14925 79 71
0.14925 77 60
0.14634 69 63
0.15957 67 58
0.14563 74 78
0.15789 72 70
0.30353 69 57
0.30353 65 57
0.14634 79 82
0.15625 77 75
0.30259 72 61
0.30259 69 61
0.14634 86 85
0.15385 84 75
0.30019 81 63
0.30019 77 63
0.15000 86 100
0.15625 84 83
0.30625 82 75
0.30625 76 75
0.15000 98 99
0.16129 96 80
0.31129 88 74
0.31129 94 74
0.16129 86 99
0.18750 84 79
0.34879 76 74
0.34879 82 74
0.14925 0 0
0.07463 79 48
0.22388 69 54
0.22388 77 54
0.22388 81 54
0.07463 81 48
0.14925 79 53
0.14925 77 49
0.14634 69 46
0.15957 77 46
0.15000 81 51
0.15000 79 47
0.15000 77 53
0.15000 69 45
0.14851 65 48
0.15707 69 43
0.14925 0 0
0.07463 79 51
0.22388 81 57
0.22388 77 57
0.07463 81 51
0.14925 79 57
0.14925 77 55
0.14634 69 51
0.15957 77 53
0.15000 81 60
0.15000 79 56
0.15000 77 62
0.15000 69 52
0.14851 65 57
0.15707 69 50
0.14925 0 0
0.07463 79 58
0.22388 69 66
0.22388 77 66
0.22388 81 66
0.07463 81 56
0.14925 79 67
0.14925 77 64
0.14634 69 59
0.16949 77 61
0.14925 0 0
0.07463 79 63
0.22388 74 70
0.22388 77 70
0.22388 81 70
0.07463 81 63
0.14925 79 71
0.14925 77 63
0.14634 69 63
0.15957 67 57
0.14563 74 78
0.15789 72 69
0.30353 69 57
0.30353 65 57
0.14634 79 82
0.15625 77 73
0.30259 72 61
0.30259 69 61
0.14634 86 85
0.15385 84 76
0.30019 81 63
0.30019 77 63
0.15000 86 100
0.15625 84 77
0.30625 82 75
0.30625 76 75
0.15000 98 99
0.16129 96 80
0.31129 88 74
0.31129 94 74
0.16129 86 99
0.18634 84 76
0.34763 76 74
0.34763 82 74
0.28140 0 0
0.11892 65 80
0.11892 61 73
0.11892 56 60
0.12920 53 71
0.26201 0 0
0.11892 77 80
0.11892 73 73
0.11892 68 73
0.12920 65 71
0.26201 0 0
0.11892 80 72
0.11892 85 72
0.11892 89 79
0.12920 77 72
0.28001 0 0
0.06489 83 71
0.06489 89 81
0.06489 0 0
0.06489 83 71
0.06489 89 81
0.06489 0 0
0.13344 89 76
0.13344 95 85
0.13344 0 0
0.13664 83 73
0.13664 89 82
0.13664 0 0
0.13664 89 76
0.13664 95 85
0.13664 0 0
0.13664 83 73
0.13664 89 82
0.41804 0 0
0.11892 65 80
0.11892 61 73
0.11892 56 60
0.12920 53 71
0.26432 0 0
0.11843 77 80
0.11843 73 73
0.11843 68 73
0.12920 65 71
0.26201 0 0
0.11843 80 73
0.11843 85 73
0.11843 89 80
0.12920 77 73
0.28001 0 0
0.06489 83 79
0.06489 89 90
0.06489 0 0
0.06489 83 71
0.06489 89 81
0.06489 0 0
0.13344 89 76
0.13344 95 85
0.13344 0 0
0.13664 83 73
0.13664 89 82
0.13664 0 0
0.13664 89 76
0.13664 95 85
0.13664 0 0
0.13664 83 73
0.13664 89 82
0.13664 0 0
0.06865 101 90
0.06865 96 78
0.06865 89 76
0.06865 0 0
0.06367 91 69
0.06367 93 70
0.12262 91 75
0.12674 89 68
0.12674 86 72
0.26780 0 0
0.06367 79 62
0.06367 81 63
0.12262 79 69
0.12674 77 68
0.12674 74 72
0.26780 0 0
0.06367 67 62
0.06367 69 63
0.12262 67 69
0.12674 65 68
0.12674 62 72
0.26780 0 0
0.06557 55 63
0.06557 57 63
0.13450 55 70
0.13801 53 67
0.14810 48 73
0.98983 0 0
0.79681 77 87
0.83765 65 68
0.82404 70 74
0.81042 73 79
0.81982 77 85
0.81982 89 101
0.81982 84 85
0.81982 81 85
0.27327 0 0
0.13664 81 91
0.13664 93 107
0.13664 89 107
0.13664 84 91
0.13664 0 0
0.47378 53 107
#  Piano left
0.27907 65 42
0.27907 60 42
0.27907 53 42
0.09091 64 37
0.09091 65 35
0.09091 64 35
0.13575 62 37
0.14019 64 35
0.13453 65 40
0.14634 62 36
0.10714 64 38
0.17857 0 0
0.10922 60 32
0.18204 0 0
0.27907 65 42
0.27907 53 42
0.27907 60 42
0.09091 64 37
0.09091 65 35
0.09091 64 35
0.13575 62 37
0.14019 64 35
0.13453 65 40
0.14563 62 36
0.10714 64 38
0.17857 0 0
0.10922 60 32
0.18204 0 0
0.13825 62 44
0.13825 64 39
0.25240 60 36
0.03606 0 0
0.13636 62 44
0.13954 64 45
0.24419 65 48
0.03488 0 0
0.13825 62 44
0.13825 64 39
0.25362 60 32
0.03623 0 0
0.13575 62 42
0.13825 64 38
0.25060 60 31
0.03659 0 0
0.13954 62 36
0.13953 64 38
0.13889 67 43
0.14423 65 38
0.14151 62 42
0.14563 64 40
0.29126 60 36
0.27907 69 44
0.27907 57 38
0.27907 64 38
0.09091 68 38
0.09091 69 36
0.09091 68 36
0.13575 66 38
0.14019 68 36
0.13453 69 42
0.14423 66 37
0.10714 68 39
0.17857 0 0
0.10922 64 37
0.18204 0 0
0.27907 69 44
0.27907 57 38
0.27907 64 38
0.09091 68 38
0.09091 69 36
0.09091 68 36
0.13575 66 38
0.14019 68 36
0.13453 69 42
0.14423 66 37
0.10714 68 39
0.17857 0 0
0.10922 64 37
0.18204 0 0
0.13825 66 46
0.13825 68 40
0.25240 64 37
0.03606 0 0
0.13636 66 46
0.13954 68 47
0.24419 69 50
0.03488 0 0
0.13825 66 46
0.13825 68 40
0.25362 64 33
0.03623 0 0
0.13575 66 44
0.13825 68 39
0.25060 64 32
0.03659 0 0
0.13954 66 37
0.13954 68 39
0.13889 71 45
0.14423 69 39
0.14151 66 44
0.14563 68 42
0.29126 64 37
0.13954 55 62
0.13954 48 55
0.13954 0 0
0.13636 43 50
0.13636 55 56
0.13636 0 0
0.13575 48 43
0.13575 55 49
0.14019 0 0
0.13453 55 62
0.13453 50 55
0.14151 0 0
0.10714 43 50
0.10714 55 56
0.17857 0 0
0.11194 50 50
0.11194 55 56
0.18657 0 0
0.13954 48 55
0.13954 55 62
0.13954 0 0
0.13636 43 50
0.13636 55 56
0.13636 0 0
0.13575 48 42
0.13575 55 49
0.14019 0 0
0.13453 55 62
0.13453 50 55
0.14151 0 0
0.10714 55 56
0.10714 43 50
0.17857 0 0
0.10922 50 50
0.10922 55 56
0.18204 0 0
0.14563 55 48
0.14563 56 45
0.29126 48 45
0.29126 58 49
0.14218 58 45
0.14229 56 45
0.14286 55 43
0.14252 56 43
0.14218 58 44
0.14218 60 45
0.14084 61 46
0.14085 63 48
0.14778 61 47
0.14084 65 49
0.14085 64 49
0.14084 60 45
0.14084 61 48
0.14085 58 45
0.14151 56 45
0.14634 58 40
0.14218 55 44
0.14706 56 40
0.14423 53 42
0.17143 55 40
0.13953 48 55
0.13953 55 62
0.13954 0 0
0.13636 43 50
0.13636 55 56
0.13636 0 0
0.13575 48 43
0.13575 55 48
0.14019 0 0
0.13453 50 55
0.13453 55 62
0.14084 0 0
0.10714 43 50
0.10714 55 56
0.17857 0 0
0.10922 50 50
0.10922 55 56
0.18204 0 0
0.13953 48 55
0.13953 55 62
0.13954 0 0
0.13636 43 50
0.13636 55 56
0.13636 0 0
0.13575 48 41
0.13575 55 49
0.14019 0 0
0.13453 50 55
0.13453 55 62
0.14019 0 0
0.10714 43 50
0.10714 55 56
0.17857 0 0
0.10922 50 50
0.10922 55 56
0.18204 0 0
0.15000 67 43
0.15000 68 40
0.30000 60 40
0.30000 70 44
0.14218 70 40
0.14229 68 40
0.14286 67 38
0.14252 68 38
0.14218 70 39
0.14218 72 40
0.14084 73 41
0.14085 75 43
0.14778 73 42
0.14084 77 44
0.14085 76 44
0.14084 72 40
0.14084 73 43
0.14085 70 40
0.14151 68 40
0.14634 70 36
0.14218 67 39
0.14706 68 36
0.14423 65 37
0.17143 67 36
0.13953 60 45
0.13954 0 0
0.13636 79 65
0.13636 0 0
0.13575 55 41
0.14019 0 0
0.13453 62 45
0.14019 0 0
0.10714 79 65
0.17857 0 0
0.10922 55 41
0.18204 0 0
0.13953 60 45
0.13954 0 0
0.13636 79 64
0.13636 0 0
0.13575 55 41
0.14019 0 0
0.13453 62 45
0.14019 0 0
0.10714 79 65
0.17857 0 0
0.10922 55 41
0.18204 0 0
0.27907 60 43
0.27907 64 45
0.27273 60 41
0.27273 65 50
0.13575 60 36
0.13575 64 38
0.14019 0 0
0.27273 72 45
0.27273 77 55
0.13575 72 39
0.13575 76 41
0.14019 0 0
0.27273 89 55
0.27273 84 45
0.14019 84 40
0.14019 88 43
0.14019 0 0
0.27273 72 51
0.27273 77 63
0.14354 76 47
0.14354 72 44
0.14354 0 0
0.27907 65 72
0.27907 60 58
0.15075 60 50
0.15075 64 53
0.15075 0 0
0.15544 36 61
0.15544 48 61
0.15544 0 0
0.27907 60 64
0.27907 65 64
0.27907 53 64
0.09091 64 57
0.09091 65 50
0.09091 64 50
0.13825 62 57
0.13889 64 53
0.13453 65 61
0.14563 62 56
0.10870 64 59
0.18116 0 0
0.10922 60 50
0.18204 0 0
0.27907 65 61
0.27907 53 61
0.27907 60 61
0.09091 64 55
0.09091 65 50
0.09091 64 50
0.13889 62 55
0.13954 64 50
0.13453 65 56
0.14634 62 54
0.10870 64 57
0.18116 0 0
0.10922 60 49
0.18204 0 0
0.13825 62 54
0.13825 64 48
0.25240 60 45
0.03606 0 0
0.13636 62 48
0.13954 64 51
0.24419 65 55
0.03488 0 0
0.13825 62 54
0.13825 64 48
0.25362 60 42
0.03623 0 0
0.13575 62 51
0.13825 64 48
0.25060 60 39
0.03659 0 0
0.13954 62 43
0.13953 64 44
0.13889 67 48
0.14423 65 44
0.14151 62 49
0.14563 64 46
0.29126 60 46
0.27907 63 61
0.27907 68 61
0.27907 56 61
0.09091 67 55
0.09091 68 50
0.09091 67 50
0.13825 65 55
0.14019 67 50
0.13453 68 59
0.13954 65 54
0.10870 67 57
0.18116 0 0
0.10922 63 54
0.18204 0 0
0.27907 68 61
0.27907 56 61
0.27907 63 61
0.09091 67 55
0.09091 68 50
0.09091 67 50
0.13954 65 55
0.14286 67 50
0.13453 68 59
0.13889 65 54
0.10870 67 57
0.18116 0 0
0.10922 63 54
0.18204 0 0
0.13825 65 54
0.13825 67 48
0.27650 56 44
0.25240 63 45
0.03606 0 0
0.13636 65 48
0.13954 67 51
0.24419 68 55
0.03488 0 0
0.13825 65 54
0.13825 67 48
0.25362 63 42
0.03623 0 0
0.13575 65 51
0.13825 67 48
0.27400 56 41
0.25060 63 40
0.03659 0 0
0.13954 65 43
0.13953 67 44
0.13889 70 48
0.14423 68 44
0.14151 65 49
0.14563 67 46
0.29126 63 46
0.15228 36 92
0.41427 0 0
0.14493 60 53
0.40681 0 0
0.13954 72 54
0.40080 0 0
0.14778 84 55
0.14778 0 0
0.06849 73 56
0.06849 67 51
0.06849 0 0
0.06849 73 56
0.06849 67 51
0.06849 0 0
0.14084 79 63
0.14084 0 0
0.14423 73 52
0.14423 67 45
0.14423 0 0
0.14423 79 54
0.14423 0 0
0.14423 67 45
0.14423 73 52
0.14423 0 0
0.15385 36 92
0.41521 0 0
0.13954 60 54
0.40090 0 0
0.13954 72 54
0.40038 0 0
0.14778 84 54
0.14778 0 0
0.06849 67 51
0.06849 73 56
0.06849 0 0
0.06849 67 51
0.06849 73 56
0.06849 0 0
0.14084 79 63
0.14084 0 0
0.14423 73 52
0.14423 67 45
0.14423 0 0
0.14423 79 54
0.14423 0 0
0.14423 73 52
0.14423 67 45
0.14423 0 0
0.27907 79 58
0.09091 77 52
0.09091 79 48
0.09091 77 48
0.13575 76 52
0.14019 77 48
0.13514 79 56
0.14151 76 46
0.10714 77 50
0.03571 0 0
0.10714 76 45
0.03571 0 0
0.10922 77 49
0.03641 0 0
0.11421 80 45
1.68801 72 44
0.27907 79 58
0.09091 77 52
0.09091 79 48
0.09091 77 48
0.13575 76 52
0.14019 77 48
0.13514 79 56
0.14151 76 46
0.10714 77 50
0.03571 0 0
0.10714 76 45
0.03571 0 0
0.10922 77 49
0.03641 0 0
0.10922 80 45
1.68135 72 44
0.27907 67 58
0.09091 65 52
0.09091 67 48
0.09091 65 48
0.06787 64 52
0.06787 0 0
0.07009 65 48
0.82773 60 44
0.06912 67 46
0.06902 0 0
0.06881 68 48
0.06860 0 0
0.06839 70 50
0.06818 0 0
0.06798 72 52
0.06849 0 0
0.06913 73 54
0.06977 0 0
0.07261 75 55
0.07732 0 0
0.08969 73 54
0.08969 75 51
0.09569 73 51
0.08929 72 53
0.08929 73 49
0.09434 72 52
0.09009 70 51
0.09009 72 49
0.09479 70 48
0.09050 68 50
0.09101 70 45
0.09662 68 45
0.09328 67 48
0.09270 68 45
0.10000 67 45
0.09390 65 46
0.09445 67 43
0.13158 65 43
0.15464 36 77
0.41653 0 0
0.14493 72 50
0.40629 0 0
0.14423 84 52
0.40612 0 0
0.14019 72 51
0.14019 0 0
0.06849 67 46
0.06849 73 52
0.06849 0 0
0.06849 73 52
0.06849 67 46
0.06849 0 0
0.14084 79 57
0.14084 0 0
0.14423 67 42
0.14423 73 47
0.14423 0 0
0.14423 79 49
0.14423 0 0
0.14851 73 47
0.14851 67 42
0.14851 0 0
0.15152 36 73
0.42289 0 0
0.14706 72 45
0.41777 0 0
0.14286 84 46
0.41424 0 0
0.14851 72 44
0.14851 0 0
0.06849 55 41
0.06849 61 46
0.06849 0 0
0.06849 55 41
0.06849 61 45
0.06849 0 0
0.14084 67 50
0.14084 0 0
0.14423 55 36
0.14423 61 41
0.14423 0 0
0.14423 67 42
0.14423 0 0
0.14634 55 36
0.14634 61 40
0.14634 0 0
0.14218 48 56
0.42147 0 0
0.15464 72 38
0.46488 0 0
0.17857 72 34
0.53653 0 0
0.17647 72 32
0.17647 0 0
0.14218 48 38
0.14274 48 38
0.14331 48 38
0.14400 48 38
0.14458 48 37
0.14516 48 37
0.14587 48 37
0.14646 48 36
0.14706 48 36
0.14778 48 36
1.08434 48 36
1.25535 36 49
0.20667 48 47
0.20667 0 0
0.21268 72 37
0.21289 0 0
0.22229 60 37
1.05876 0 0
0.10563 69 43
1.25901 41 46
0.10345 64 41
0.31034 0 0
0.10417 65 44
0.31250 0 0
0.10889 60 41
0.32512 0 0
0.21067 37 51
0.21067 0 0
0.19989 69 45
0.20695 0 0
0.21067 57 47
0.21067 0 0
0.20573 38 47
0.20573 0 0
0.21206 50 37
0.21192 0 0
0.22127 66 38
0.22127 0 0
0.83547 43 46
0.10409 66 43
0.31228 0 0
0.10363 61 41
0.31090 0 0
0.10181 63 44
0.30542 0 0
0.10753 62 41
0.34001 0 0
1.27193 36 52
0.22345 48 51
0.22345 0 0
0.22345 72 40
0.22345 0 0
0.23249 60 38
1.08482 0 0
0.10427 69 43
1.26940 41 46
0.10363 64 41
0.31090 0 0
0.10181 65 44
0.30542 0 0
0.10889 60 41
0.22593 0 0
0.10690 48 44
0.42135 33 56
0.82820 40 49
0.44009 48 51
1.43175 60 40
0.20833 51 35
0.20833 52 31
0.21505 60 41
0.21505 0 0
0.22388 60 41
0.22388 0 0
0.10870 65 38
0.32714 0 0
0.10949 64 41
0.33061 0 0
0.11111 62 38
0.34360 0 0
1.25535 36 49
0.20667 48 47
0.20667 0 0
0.21268 72 37
0.21289 0 0
0.22229 60 37
0.22229 0 0
0.84595 41 46
0.10714 69 43
0.32143 0 0
0.10563 64 41
0.31690 0 0
0.10417 65 44
0.31250 0 0
0.10889 60 41
0.32512 0 0
0.21067 37 51
0.21067 0 0
0.19989 69 45
0.20695 0 0
0.21067 57 47
0.21067 0 0
0.20573 38 47
0.20573 0 0
0.21172 50 37
0.21192 0 0
0.22127 66 38
0.22127 0 0
0.83547 43 46
0.10638 66 43
0.31915 0 0
0.10563 61 41
0.31690 0 0
0.10417 63 44
0.31250 0 0
0.10753 62 41
0.34001 0 0
1.25535 36 51
0.20667 60 47
0.20667 0 0
0.21268 72 37
0.21289 0 0
0.22229 48 39
0.22229 0 0
0.42479 41 46
0.23810 47 31
0.25000 48 29
0.50000 57 30
0.15258 36 42
0.15258 0 0
0.09571 53 37
0.09571 55 35
0.09571 53 35
0.14291 52 37
0.14759 50 35
0.29571 53 40
0.29571 41 40
0.11280 52 43
0.03760 0 0
0.11280 50 40
0.03760 0 0
0.11500 48 41
0.03833 0 0
0.11500 52 39
0.03833 0 0
0.11335 50 43
0.03778 0 0
0.11612 52 40
0.03871 0 0
0.09571 53 37
0.09571 55 35
0.09571 53 35
0.14291 52 37
0.14759 50 35
0.29571 53 40
0.29571 41 40
0.11280 52 43
0.03760 0 0
0.11280 50 40
0.03760 0 0
0.11500 48 41
0.03833 0 0
0.11500 52 39
0.03833 0 0
0.11335 50 43
0.03778 0 0
0.11612 52 40
0.03871 0 0
0.09571 53 37
0.09729 55 35
0.09886 53 35
0.14291 52 37
0.16713 50 35
0.15407 53 40
0.12211 52 40
0.04070 0 0
0.11785 50 43
0.03928 0 0
0.12338 52 40
0.04113 0 0
0.11845 48 41
0.03948 0 0
0.13235 52 39
0.04412 0 0
0.11335 50 43
0.03778 0 0
0.11612 52 40
0.03871 0 0
0.09571 53 37
0.09729 55 35
0.09886 53 35
0.14291 52 37
0.15560 50 35
0.15407 53 40
0.12211 52 40
0.04070 0 0
0.11785 50 43
0.03928 0 0
0.12338 53 40
0.04113 0 0
0.31586 52 41
0.95438 43 40
0.30000 36 54
0.14815 73 57
0.14963 76 52
0.15113 72 57
0.15280 75 52
0.16575 71 57
0.16575 0 0
0.07500 71 65
0.07500 0 0
0.07772 74 56
0.07772 0 0
0.15789 68 65
0.15789 0 0
0.30000 35 54
0.14706 71 57
0.14889 74 52
0.15114 70 57
0.15346 73 52
0.17143 69 57
0.17143 0 0
0.07500 71 65
0.07500 0 0
0.07772 72 56
0.07772 0 0
0.15957 66 65
0.15957 0 0
0.15000 54 54
0.15000 0 0
0.14493 69 63
0.14551 72 58
0.14622 68 61
0.14694 71 57
0.14766 67 59
0.14827 70 53
0.14901 66 59
0.14975 69 52
0.15050 65 57
0.15113 68 50
0.15190 65 56
0.15267 67 49
0.16667 64 53
0.18889 67 48
0.32258 48 52
0.33697 41 56
0.16216 59 49
0.16216 60 49
0.32432 69 54
0.15381 36 42
0.15381 0 0
0.09649 53 37
0.09649 55 35
0.09649 53 35
0.14406 52 37
0.14878 50 35
0.29810 41 40
0.29810 53 40
0.11372 52 43
0.03791 0 0
0.11372 50 40
0.03791 0 0
0.11593 48 41
0.03864 0 0
0.11593 52 39
0.03864 0 0
0.11427 50 43
0.03809 0 0
0.11707 52 40
0.03902 0 0
0.09649 53 37
0.09649 55 35
0.09649 53 35
0.14406 52 37
0.14878 50 35
0.29810 53 40
0.29810 41 40
0.11372 52 43
0.03791 0 0
0.11372 50 40
0.03791 0 0
0.11593 48 41
0.03864 0 0
0.11593 52 39
0.03864 0 0
0.11427 50 43
0.03809 0 0
0.11707 52 40
0.03902 0 0
0.09649 53 37
0.09807 55 35
0.09966 53 35
0.14406 52 37
0.16848 50 35
0.15531 53 40
0.12309 52 40
0.04103 0 0
0.11880 50 43
0.03960 0 0
0.12438 52 40
0.04146 0 0
0.11940 48 41
0.03980 0 0
0.13342 52 39
0.04447 0 0
0.11427 50 43
0.03809 0 0
0.11707 52 40
0.03902 0 0
0.09649 53 37
0.09807 55 35
0.09966 53 35
0.14406 52 37
0.15685 50 35
0.15531 53 40
0.12309 52 40
0.04103 0 0
0.11880 50 43
0.03960 0 0
0.12438 53 40
0.04146 0 0
0.31840 52 41
0.96206 43 40
0.30000 31 56
0.14815 74 59
0.14963 76 53
0.15113 70 59
0.15280 74 53
0.33149 67 59
0.15000 70 62
0.15544 74 54
0.31579 64 62
0.30000 52 56
0.14706 70 59
0.14889 74 53
0.15114 67 59
0.15346 70 53
0.34286 64 59
0.15000 61 59
0.15544 69 52
0.31915 57 59
0.30000 45 56
0.09662 55 45
0.09674 57 38
0.09709 55 38
0.09744 53 44
0.09768 55 38
0.09804 53 38
0.09840 52 43
0.09852 53 37
0.09901 52 37
0.09926 50 42
0.09950 52 36
0.10000 50 36
0.10025 49 41
0.10050 50 34
0.10088 49 34
0.30418 58 41
0.30457 57 41
0.30457 55 41
0.91332 45 41
0.15707 38 64
0.45966 0 0
0.15544 74 71
0.15544 0 0
0.30516 38 42
0.28714 72 37
0.14291 70 37
0.14759 69 35
0.57764 62 37
0.29571 72 40
0.11280 70 43
0.03760 0 0
0.11280 69 40
0.03760 0 0
0.11500 67 41
0.03833 0 0
0.11500 69 39
0.03833 0 0
0.11335 67 43
0.03778 0 0
0.11612 69 40
0.03871 0 0
0.28714 70 37
0.14706 69 37
0.15464 67 35
1.79798 62 38
0.30769 70 40
0.11538 67 43
0.03846 0 0
0.11842 69 40
0.61943 62 40
0.30665 65 41
0.30516 38 42
0.28714 72 37
0.14291 70 37
0.14759 69 35
0.57764 62 37
0.29571 72 40
0.11280 70 43
0.03760 0 0
0.11280 69 40
0.03760 0 0
0.11500 67 41
0.03833 0 0
0.11500 69 39
0.03833 0 0
0.11335 67 43
0.03778 0 0
0.11612 69 40
0.03871 0 0
0.28714 70 37
0.14706 69 37
0.15464 67 35
1.79798 62 38
0.30769 70 40
0.11538 67 43
0.03846 0 0
0.11842 69 40
0.61943 62 40
0.30665 65 41
0.30000 38 45
0.29778 72 43
0.15113 70 43
0.15280 69 40
0.16575 72 43
0.16575 0 0
0.15000 66 49
0.15544 72 42
0.15789 63 49
0.15789 0 0
0.30000 54 48
0.29778 72 46
0.15113 70 46
0.15280 69 43
0.16575 72 46
0.16575 0 0
0.15000 66 52
0.15544 72 45
0.15789 63 52
0.15789 0 0
0.30000 54 48
0.29778 72 48
0.15113 70 47
0.15280 69 44
0.16575 72 47
0.16575 0 0
0.29778 72 48
0.15113 70 47
0.15280 69 44
0.16575 72 46
0.16575 0 0
0.93321 41 61
0.93321 53 61
0.62111 41 61
0.62111 29 61
2.31897 40 61
2.31897 28 53
0.39513 0 0
0.19352 59 53
0.19352 61 49
0.58057 62 54
0.19918 64 51
0.58227 66 54
0.20554 69 50
0.12804 66 54
0.12804 68 49
0.12804 66 50
0.38926 64 50
0.20979 0 0
0.18405 59 42
0.58057 56 45
0.18750 47 42
0.39216 40 46
0.38260 0 0
0.38931 64 52
0.57364 69 50
0.19108 71 50
0.19608 68 53
0.19608 69 50
0.20303 66 53
0.21213 68 50
0.09790 64 50
0.09790 66 46
0.09790 64 49
0.09790 62 43
0.59294 59 47
0.18405 59 42
0.58057 52 45
0.18750 47 42
0.39216 40 46
0.38855 0 0
0.19352 59 53
0.19352 61 49
0.58057 62 54
0.19918 64 51
0.58227 66 54
0.20554 69 50
0.12804 66 54
0.12804 68 48
0.12804 66 50
0.38926 64 50
0.20548 0 0
0.18405 52 42
0.58057 45 45
0.18750 40 42
0.60955 33 46
0.19108 64 48
0.19737 69 51
0.20408 71 54
0.57364 74 59
0.19108 73 52
0.19608 71 55
0.19608 69 52
0.20303 66 55
0.21213 68 52
0.09790 64 52
0.09790 66 48
0.09790 64 52
0.09790 62 48
0.59568 59 52
0.18405 59 42
0.58057 52 45
0.18750 47 42
0.39216 40 46
0.38750 0 0
0.19352 59 53
0.19352 61 49
0.58057 62 54
0.19918 64 51
0.58227 66 54
0.20554 69 50
0.12804 66 54
0.12804 68 46
0.12804 66 50
1.98512 64 50
0.13072 65 44
0.13072 67 37
0.13072 65 37
2.04869 64 38
0.27907 37 69
0.27273 61 49
0.27273 66 60
0.13575 61 43
0.13575 65 45
0.14019 0 0
0.27273 78 60
0.27273 73 49
0.13575 73 42
0.13575 77 45
0.14019 0 0
0.27273 85 49
0.27273 90 60
0.14019 89 47
0.14019 85 44
0.14019 0 0
0.27273 73 51
0.27273 78 63
0.15385 77 47
0.15385 73 44
0.15385 0 0
0.28436 65 69
0.28436 60 55
0.14925 60 48
0.14925 64 51
0.14925 0 0
0.15625 48 58
0.15625 36 58
0.15625 0 0
0.27907 53 64
0.27907 41 64
0.27273 65 58
0.27273 60 58
0.27273 57 58
0.27714 65 58
0.27714 60 58
0.27714 57 58
0.28016 48 64
0.28016 36 64
0.14493 65 58
0.14493 60 58
0.14493 57 58
0.14493 0 0
0.14563 65 58
0.14563 60 58
0.14563 57 58
0.14563 0 0
0.27907 53 64
0.27907 41 64
0.27273 60 58
0.27273 57 58
0.27273 65 58
0.27842 60 58
0.27842 65 58
0.27842 57 58
0.28087 36 64
0.28087 48 64
0.14493 60 58
0.14493 65 58
0.14493 57 58
0.14493 0 0
0.14563 60 58
0.14563 65 58
0.14563 57 58
0.14563 0 0
0.27650 53 58
0.14493 59 59
0.14851 60 52
0.20779 48 51
0.07143 62 52
0.13953 60 59
0.13953 59 50
0.13825 60 58
0.13825 62 51
0.25362 60 49
0.03623 0 0
0.27400 53 58
0.14423 59 58
0.14634 60 53
0.21165 48 51
0.07212 62 52
0.14151 60 59
0.14423 59 49
0.14151 60 58
0.14563 62 49
0.28226 60 49
0.04032 0 0
0.15000 36 55
0.41295 0 0
0.14423 60 36
0.40656 0 0
0.14354 72 36
0.40649 0 0
0.14778 84 36
0.14778 0 0
0.06849 74 40
0.06849 67 36
0.06849 0 0
0.06849 74 40
0.06849 67 36
0.06849 0 0
0.14085 79 44
0.14084 0 0
0.14423 74 37
0.14423 67 32
0.14423 0 0
0.14423 79 38
0.14423 0 0
0.14423 74 37
0.14423 67 32
0.14423 0 0
0.15000 36 52
0.41367 0 0
0.14085 60 37
0.40388 0 0
0.14019 72 38
0.40260 0 0
0.14778 84 38
0.14778 0 0
0.07009 77 40
0.07009 72 36
0.07009 0 0
0.07009 77 40
0.07009 72 36
0.07009 0 0
0.14563 77 44
0.14563 72 44
0.14563 0 0
0.07143 77 40
0.07143 72 36
0.07143 0 0
0.07143 77 40
0.07143 72 36
0.07143 0 0
0.14423 77 44
0.14423 72 44
0.14423 0 0
0.15789 76 37
0.15789 72 32
0.15789 0 0
0.27907 53 66
0.27907 41 66
0.27273 65 60
0.27273 60 60
0.27273 57 60
0.27714 65 60
0.27714 60 60
0.27714 57 60
0.28016 48 66
0.28016 36 66
0.14493 65 60
0.14493 60 60
0.14493 57 60
0.14493 0 0
0.14563 65 60
0.14563 60 60
0.14563 57 60
0.14563 0 0
0.27907 53 66
0.27907 41 66
0.27273 60 60
0.27273 57 60
0.27273 65 60
0.27842 60 60
0.27842 65 60
0.27842 57 60
0.28087 36 66
0.28087 48 66
0.14493 60 60
0.14493 65 60
0.14493 57 60
0.14493 0 0
0.14563 60 60
0.14563 65 60
0.14563 57 60
0.14563 0 0
0.27650 53 60
0.14493 59 61
0.14851 60 54
0.20779 48 53
0.07143 62 54
0.13953 60 61
0.13953 59 51
0.13825 60 60
0.13825 62 53
0.25362 60 50
0.03623 0 0
0.27400 53 60
0.14423 59 64
0.14634 60 55
0.21165 48 53
0.07212 62 54
0.14151 60 61
0.14423 59 49
0.14151 60 60
0.14563 62 53
0.25485 60 50
0.03641 0 0
0.14851 36 98
0.41146 0 0
0.14563 60 62
0.40805 0 0
0.14019 72 60
0.40198 0 0
0.14778 84 61
0.14778 0 0
0.06849 74 62
0.06849 67 54
0.06849 0 0
0.06849 74 62
0.06849 67 54
0.06849 0 0
0.14085 79 67
0.14084 0 0
0.14423 74 56
0.14423 67 48
0.14423 0 0
0.14423 79 58
0.14423 0 0
0.14423 74 56
0.14423 67 48
0.14423 0 0
0.15000 36 98
0.41241 0 0
0.14157 60 59
0.40146 0 0
0.14019 72 60
0.40024 0 0
0.14778 84 59
0.14778 0 0
0.07075 77 62
0.07075 72 54
0.07075 0 0
0.07075 77 62
0.07075 72 54
0.07075 0 0
0.15000 77 67
0.15000 72 67
0.15000 0 0
0.07282 77 62
0.07282 72 54
0.07282 0 0
0.07282 77 62
0.07282 72 54
0.07282 0 0
0.15075 77 67
0.15075 72 67
0.15075 0 0
0.15385 76 56
0.15385 72 48
0.15385 0 0
0.29851 65 35
0.29851 60 35
0.29851 53 35
0.29851 65 32
0.29851 60 32
0.29851 53 32
0.30592 65 27
0.30592 60 27
0.30592 53 27
0.15000 65 35
0.15000 61 35
0.15000 53 35
0.15000 0 0
0.15000 65 31
0.15000 61 31
0.15000 53 31
0.15000 0 0
0.14851 61 28
0.14851 53 28
0.15707 0 0
0.29851 65 37
0.29851 62 37
0.29851 53 37
0.29851 65 34
0.29851 62 34
0.29851 53 34
0.30592 65 30
0.30592 62 30
0.30592 53 30
0.15000 65 40
0.15000 61 40
0.15000 53 40
0.15000 0 0
0.15000 65 36
0.15000 61 36
0.15000 53 36
0.15000 0 0
0.14851 61 33
0.14851 53 33
0.15707 0 0
0.29851 65 42
0.29851 60 42
0.29851 53 42
0.29851 65 39
0.29851 60 39
0.29851 53 39
0.31583 65 34
0.31583 60 34
0.31583 53 34
0.29851 47 45
0.29851 59 42
0.30592 65 36
0.60442 55 42
0.30353 36 63
0.14634 59 62
0.15625 60 57
0.14634 57 64
0.15385 53 57
0.15000 36 82
0.15625 0 0
0.15000 72 78
0.16129 0 0
0.16129 60 79
0.18750 0 0
0.29851 65 35
0.29851 60 35
0.29851 53 35
0.29851 65 32
0.29851 60 32
0.29851 53 32
0.30592 65 27
0.30592 60 27
0.30592 53 27
0.15000 65 35
0.15000 61 35
0.15000 53 35
0.15000 0 0
0.15000 65 31
0.15000 61 31
0.15000 53 31
0.15000 0 0
0.14851 61 28
0.14851 53 28
0.15707 0 0
0.29851 65 37
0.29851 62 37
0.29851 53 37
0.29851 65 34
0.29851 62 34
0.29851 53 34
0.30592 65 30
0.30592 62 30
0.30592 53 30
0.15000 65 40
0.15000 61 40
0.15000 53 40
0.15000 0 0
0.15000 65 36
0.15000 61 36
0.15000 53 36
0.15000 0 0
0.14851 61 33
0.14851 53 33
0.15707 0 0
0.29851 65 42
0.29851 60 42
0.29851 53 42
0.29851 65 39
0.29851 60 39
0.29851 53 39
0.31583 65 34
0.31583 60 34
0.31583 53 34
0.29851 47 45
0.29851 59 42
0.30592 65 36
0.60442 55 42
0.30353 36 63
0.14634 59 62
0.15625 60 57
0.14634 57 64
0.15385 53 57
0.15000 36 82
0.15625 0 0
0.15000 72 78
0.16129 0 0
0.16129 60 79
0.18634 0 0
0.14070 41 107
0.38881 0 0
0.13100 59 70
0.37912 0 0
0.13100 71 70
0.37912 0 0
0.14000 83 69
0.14000 0 0
0.06489 73 60
0.06489 65 54
0.06489 0 0
0.06489 73 60
0.06489 65 54
0.06489 0 0
0.13344 79 65
0.13344 73 65
0.13344 0 0
0.13664 73 55
0.13664 65 47
0.13664 0 0
0.13664 79 56
0.13664 73 56
0.13664 0 0
0.13664 73 55
0.13664 65 47
0.13664 0 0
0.14070 41 107
0.38881 0 0
0.13216 59 68
0.37978 0 0
0.13100 71 68
0.37863 0 0
0.14000 83 69
0.14000 0 0
0.06489 73 67
0.06489 65 60
0.06489 0 0
0.06489 73 60
0.06489 65 54
0.06489 0 0
0.13344 79 65
0.13344 73 65
0.13344 0 0
0.13664 73 55
0.13664 65 47
0.13664 0 0
0.13664 79 56
0.13664 73 56
0.13664 0 0
0.13664 73 55
0.13664 65 47
0.13664 0 0
0.13730 57 69
0.13730 48 69
0.13730 41 69
0.50344 0 0
0.13050 84 63
0.26463 81 68
0.37610 0 0
0.13050 72 63
0.26463 69 68
0.37610 0 0
0.13050 60 63
0.13730 57 68
0.55176 0 0
0.16478 45 63
0.82505 41 76
0.87849 46 57
0.86487 53 57
0.85126 61 57
0.81982 57 84
0.81982 48 71
0.81982 41 71
0.27327 0 0
0.13664 77 74
0.13664 72 74
0.13664 65 74
0.13664 0 0
0.47378 41 88
0.47378 29 74
