"alb_esp4"

#  Piano right
0.13514 79 60
0.13514 0 0
0.13274 74 57
0.13274 0 0
0.13274 75 60
0.13274 0 0
0.13274 79 57
0.13274 0 0
0.13274 78 64
0.13274 0 0
0.13274 81 59
0.13274 0 0
0.08696 79 64
0.08696 81 54
0.08696 79 54
0.13100 78 58
0.13100 0 0
0.13043 79 63
0.13043 0 0
0.13216 82 60
0.13216 0 0
0.13216 74 63
0.13216 81 63
0.13216 0 0
0.13216 84 60
0.13216 0 0
0.12987 82 64
0.12987 0 0
0.13043 86 63
0.13043 80 63
0.13043 89 63
0.13043 0 0
0.13271 84 61
0.13271 79 61
0.13271 88 61
0.13251 0 0
0.13152 84 60
0.13152 87 60
0.13152 78 60
0.13172 0 0
0.13211 86 58
0.13211 79 58
0.13241 0 0
0.13705 84 57
0.13705 81 57
0.13705 74 57
0.13549 0 0
0.26786 82 65
0.26786 74 59
0.26786 79 59
0.26786 80 60
0.26786 71 60
0.26878 72 57
0.27199 73 60
0.27410 74 62
0.81487 79 57
0.28615 82 67
0.28615 75 67
0.28615 79 67
1.11732 82 70
1.11732 79 70
1.11732 70 70
1.11732 74 70
0.53329 74 67
0.53329 70 67
0.13036 69 61
0.13036 72 61
0.13036 0 0
0.13516 75 64
0.13516 72 64
0.13516 0 0
0.26422 81 69
0.26422 77 69
0.26422 0 0
0.13036 77 70
0.13036 74 70
0.13036 0 0
0.13578 74 65
0.13578 70 65
0.13578 0 0
0.12978 67 68
0.12978 70 68
0.12978 0 0
0.13211 75 63
0.13211 79 63
0.13211 0 0
0.13211 72 67
0.13211 75 67
0.13211 0 0
0.13211 72 63
0.13211 69 63
0.13211 0 0
0.12978 66 67
0.12978 69 67
0.12978 0 0
0.13211 77 64
0.13211 74 64
0.13211 0 0
0.13271 74 70
0.13271 70 70
0.13271 0 0
0.13516 70 66
0.13516 67 66
0.13516 0 0
0.27032 67 69
0.27032 70 63
0.54064 63 69
0.26667 69 65
0.27410 74 56
0.54076 60 55
0.54076 66 56
1.61960 74 68
0.26664 0 0
0.08729 72 64
0.08729 74 61
0.08729 72 61
0.26187 71 64
0.26664 72 61
0.26664 74 64
0.27032 75 62
0.26664 67 61
0.26664 70 61
0.26201 72 63
0.26087 73 66
0.26667 74 69
0.26432 79 70
0.26786 74 66
1.07640 66 68
1.07640 70 68
0.47745 69 68
0.06576 0 0
0.27027 79 60
0.30315 74 56
0.33603 67 55
0.13216 74 57
0.13216 0 0
0.13216 75 60
0.13216 0 0
0.13216 79 57
0.13216 0 0
0.13216 78 64
0.13216 0 0
0.13216 81 59
0.13216 0 0
0.08658 79 64
0.08658 81 54
0.08658 79 54
0.12987 78 59
0.12987 0 0
0.13216 79 66
0.13216 0 0
0.13274 82 64
0.13274 0 0
0.13274 74 61
0.13274 81 69
0.13274 0 0
0.13578 86 71
0.13578 0 0
1.06657 77 68
0.54299 75 68
0.08807 74 64
0.08807 75 55
0.08807 74 55
0.26187 72 59
0.26422 71 64
0.26664 72 58
0.26664 74 64
0.27032 75 58
1.05824 74 69
0.26664 73 59
0.27032 74 56
0.53696 68 47
0.26187 77 59
0.26187 75 57
0.26207 74 64
0.26363 75 61
0.26502 72 69
1.58151 67 46
0.26705 67 66
0.26786 74 70
0.26786 65 63
0.26786 70 64
0.13332 77 57
0.13332 0 0
0.13332 78 60
0.13332 0 0
0.13332 82 57
0.13332 0 0
0.13332 81 64
0.13332 0 0
0.13332 84 59
0.13332 0 0
0.08576 82 64
0.08576 84 54
0.08576 82 54
0.12863 81 58
0.12863 0 0
0.13332 82 63
0.13332 0 0
0.13332 86 63
0.13332 0 0
0.13211 77 58
0.13211 84 63
0.13211 0 0
0.13516 89 60
0.40180 0 0
0.26187 70 64
0.26187 72 64
0.26664 74 61
0.26664 77 64
0.27032 75 62
0.08888 74 61
0.08888 75 56
0.08888 74 55
0.26664 71 59
0.26664 70 63
0.27032 68 57
0.26786 66 65
0.20089 70 58
0.06696 70 60
1.05702 65 65
0.53574 70 56
0.53574 68 56
1.05875 66 41
1.05875 70 57
0.26867 69 67
0.27032 75 64
0.26664 0 0
0.26187 70 64
0.26187 71 64
0.26664 74 61
0.26664 77 67
0.27032 78 67
0.08888 77 61
0.08888 78 51
0.08888 77 51
0.26664 70 41
0.26664 75 54
0.26664 71 65
0.27032 70 58
0.26786 66 65
0.20089 70 58
0.06696 70 60
1.08244 65 63
0.53574 70 56
0.53574 68 56
1.05652 66 48
1.05875 70 65
0.26867 69 67
0.27032 75 64
1.08627 74 64
0.80978 0 0
0.08729 72 64
0.08729 74 54
0.08729 72 54
0.26187 71 58
0.26664 72 61
0.26664 74 64
0.27032 75 62
0.26316 70 61
0.26316 67 61
0.26316 72 63
0.25974 73 66
0.26549 74 69
0.26201 79 70
0.26786 74 66
1.07640 66 59
1.07640 70 68
0.47745 69 65
0.06576 0 0
0.27027 79 60
0.30315 74 56
0.33603 67 55
0.13274 74 57
0.13274 0 0
0.13274 75 60
0.13274 0 0
0.13274 79 57
0.13274 0 0
0.13274 78 64
0.13274 0 0
0.13274 81 59
0.13274 0 0
0.08696 79 64
0.08696 81 54
0.08696 79 54
0.13043 78 58
0.13043 0 0
0.13158 79 63
0.13158 0 0
0.13216 82 60
0.13216 0 0
0.13216 81 63
0.13216 74 63
0.13216 0 0
0.13216 84 60
0.13216 0 0
0.12931 82 64
0.12931 0 0
0.13274 86 63
0.13274 89 63
0.13274 80 63
0.13274 0 0
0.13271 88 61
0.13271 79 61
0.13271 84 61
0.13251 0 0
0.13152 87 60
0.13152 78 60
0.13152 84 60
0.13172 0 0
0.13211 79 58
0.13211 86 58
0.13241 0 0
0.13705 81 57
0.13705 74 57
0.13705 84 57
0.13549 0 0
0.26786 79 65
0.26786 82 65
0.26786 74 65
0.26786 71 60
0.26786 80 60
0.26878 72 57
0.27199 73 60
0.27410 74 62
0.81487 79 57
0.28615 79 67
0.28615 75 67
0.28615 82 67
1.11732 82 70
1.11732 74 70
1.11732 70 70
1.11732 79 70
0.53329 70 68
0.53329 74 68
0.13036 69 61
0.13036 72 61
0.13036 0 0
0.13332 72 66
0.13332 75 66
0.13332 0 0
0.26664 77 70
0.26664 81 70
0.26664 0 0
0.13036 77 71
0.13036 74 71
0.13036 0 0
0.13578 70 65
0.13578 74 65
0.13578 0 0
0.13036 70 68
0.13036 67 68
0.13036 0 0
0.13216 79 65
0.13216 75 65
0.13216 0 0
0.13211 75 67
0.13211 72 67
0.13211 0 0
0.13211 72 63
0.13211 69 63
0.13211 0 0
0.13094 66 67
0.13094 69 67
0.13094 0 0
0.13332 74 62
0.13332 77 62
0.13332 0 0
0.26664 70 69
0.26664 74 69
0.27032 70 66
0.27032 67 66
0.27397 67 69
0.27397 70 63
0.54794 63 53
0.27523 69 65
0.28571 70 59
0.56094 60 47
0.56094 66 58
0.26940 62 44
0.26940 59 44
0.13470 64 42
0.13470 62 42
0.27194 59 44
0.26450 62 41
0.26817 0 0
0.26817 62 42
1.61157 71 55
0.26817 65 45
0.26817 59 45
0.13408 64 42
0.13408 62 42
0.27194 59 44
0.26572 62 42
0.26940 0 0
0.26940 62 42
1.61279 71 55
0.26940 62 44
0.26940 60 44
0.13470 64 42
0.13470 62 42
0.27194 60 44
0.26450 62 41
1.07523 72 55
0.27194 60 44
0.27194 62 41
0.56632 68 53
0.26940 62 44
0.26940 60 44
0.13470 64 42
0.13470 62 42
0.27194 60 44
0.26450 62 41
1.07523 69 55
0.27194 60 44
0.27194 62 41
0.56632 70 53
0.26940 62 44
0.26940 59 44
0.13470 64 42
0.13470 62 42
0.27194 59 44
0.26450 62 41
1.07523 71 55
0.27194 59 44
0.27194 62 41
0.56632 71 53
0.26940 62 44
0.13470 67 42
0.13470 65 42
0.81073 64 55
0.27194 64 44
0.53644 62 44
0.28716 71 54
0.29460 72 59
0.54361 68 37
0.54361 62 37
0.54361 64 37
0.29412 74 57
0.26940 60 44
0.13470 65 42
0.13496 64 42
0.27116 60 44
0.26528 64 41
1.07550 72 55
0.27194 60 44
0.27194 67 41
0.56664 72 53
0.27320 60 47
0.13660 69 45
0.54627 66 58
0.13647 66 45
0.30124 60 47
0.28955 69 44
0.56666 64 44
0.30723 60 50
0.29694 70 44
0.57943 62 39
0.26940 62 41
0.26940 59 41
0.13470 64 39
0.13470 62 39
0.27194 59 41
0.26450 62 38
0.26817 0 0
0.26817 62 42
1.61157 71 55
0.26817 65 43
0.26817 59 43
0.13408 64 40
0.13408 62 40
0.27194 59 42
0.26572 62 40
0.26940 0 0
0.26940 62 42
1.61279 71 55
0.26940 62 44
0.26940 60 44
0.13470 64 42
0.13470 62 42
0.27194 60 44
0.26450 62 41
1.07523 72 55
0.27194 60 44
0.27194 62 41
0.56632 68 53
0.26940 62 44
0.26940 60 44
0.13470 64 42
0.13470 62 42
0.27194 60 44
0.26450 62 41
1.07523 69 55
0.27194 60 44
0.27194 62 41
0.56632 70 53
0.26940 62 44
0.26940 59 44
0.13470 64 42
0.13470 62 42
0.27194 59 44
0.26450 62 41
1.07523 71 55
0.27194 0 0
0.27194 62 49
0.26940 59 51
0.13470 69 46
0.13470 67 47
0.81073 64 51
0.27194 64 50
0.26450 71 57
0.26786 76 59
0.26786 64 50
0.27018 71 55
0.26940 62 61
0.13470 67 53
0.13470 66 53
0.53644 65 55
1.07523 74 50
0.27194 73 59
0.27871 66 55
0.81515 64 55
1.63539 71 66
1.63539 62 53
1.08798 72 75
1.08798 69 56
0.54910 71 73
0.54910 68 55
0.57198 74 75
0.57198 71 56
0.57198 69 63
0.57198 72 71
0.54910 68 61
0.54910 71 68
0.26946 68 71
0.26946 65 53
0.26608 69 70
0.26608 66 52
0.26335 72 70
0.26335 69 52
0.26316 76 73
0.26316 72 54
0.26316 79 76
0.26316 76 57
0.26906 78 74
0.26906 74 55
0.26667 78 57
0.26667 81 76
0.26667 78 70
0.26667 74 52
0.27320 76 74
0.27320 72 55
0.27320 72 67
0.27320 69 51
0.27320 71 70
0.27320 68 52
0.27320 74 67
0.27320 71 51
1.08798 72 75
1.08798 69 63
0.54910 71 66
0.54910 68 56
0.57198 74 68
0.57198 70 57
0.57198 69 53
0.57198 72 63
0.54910 67 51
0.54910 70 61
0.26746 68 60
0.26746 65 51
0.26588 69 57
0.26588 66 48
0.26549 72 60
0.26549 69 51
0.26549 75 60
0.26549 72 51
0.26549 79 63
0.26549 75 53
0.26906 78 59
0.26906 74 50
0.26667 78 54
0.26667 81 65
0.26667 78 63
0.26667 74 53
0.27320 75 59
0.27320 72 50
0.27320 69 56
0.27320 67 38
0.27320 74 57
0.27320 66 40
0.27320 72 55
0.27320 69 38
1.61808 70 60
1.61808 67 51
0.26432 0 0
0.28998 75 63
0.28761 77 66
0.28805 79 64
0.29327 77 66
0.27071 75 66
0.27071 75 50
0.27071 79 50
0.27071 84 70
0.27071 82 62
0.27071 79 66
0.27455 75 57
0.27455 77 61
0.27455 75 57
0.27026 72 54
0.26940 70 54
0.53965 67 45
0.53965 63 45
0.26940 67 56
0.26940 70 62
0.26940 75 63
0.26940 79 63
1.62826 70 62
1.62826 75 62
1.62826 79 62
1.62826 67 62
0.27071 0 0
0.29306 75 63
0.29052 77 66
0.29073 79 64
0.29327 77 66
0.27071 75 66
0.27071 75 50
0.27071 79 50
0.27071 84 70
0.27071 82 62
0.27071 79 66
0.27455 75 57
0.27455 77 61
0.27455 75 57
0.27026 72 54
0.26940 70 54
0.53965 67 45
0.53965 63 45
0.26940 67 56
0.26940 70 62
0.26940 75 63
0.26940 79 63
1.08382 79 69
1.08382 70 69
1.08382 74 69
1.08382 82 69
0.54259 74 67
0.54259 70 67
0.26432 72 60
0.26432 69 60
0.26906 75 65
0.26906 72 65
0.53097 81 70
0.53097 77 70
0.26528 77 71
0.26528 74 71
0.26906 74 63
0.26906 70 63
0.13043 70 66
0.13043 67 66
0.13043 0 0
0.13274 79 65
0.13274 75 65
0.13274 0 0
0.13442 75 66
0.13442 72 66
0.13442 0 0
0.13442 72 61
0.13442 69 61
0.13442 0 0
0.13204 69 65
0.13204 66 65
0.13204 0 0
0.13442 77 60
0.13442 74 60
0.13442 0 0
0.13503 74 69
0.13503 70 69
0.13503 0 0
0.13751 70 64
0.13751 67 64
0.13751 0 0
0.27503 67 68
0.27503 70 62
0.55006 63 68
0.27503 69 64
0.27889 74 56
0.55392 66 54
0.55392 60 54
1.62198 74 70
0.26664 0 0
0.08729 72 64
0.08729 74 61
0.08729 72 61
0.26187 71 64
0.26664 72 61
0.26664 74 64
0.27032 75 62
0.26664 70 61
0.26664 67 61
0.26664 72 63
0.26664 73 66
0.27032 74 69
0.26786 79 70
0.26786 74 66
1.07640 70 68
1.07640 66 68
0.47745 69 68
0.06576 0 0
0.27027 79 60
0.30315 74 56
0.33603 67 55
0.13274 74 57
0.13274 0 0
0.13274 75 60
0.13274 0 0
0.13274 79 57
0.13274 0 0
0.13274 78 64
0.13274 0 0
0.13274 81 59
0.13274 0 0
0.08734 79 64
0.08734 81 54
0.08734 79 54
0.13043 78 59
0.13043 0 0
0.13100 79 66
0.13100 0 0
0.13274 82 64
0.13274 0 0
0.13274 81 69
0.13274 74 61
0.13274 0 0
0.13578 86 71
0.13578 0 0
1.07158 77 68
0.54313 75 68
0.08807 74 64
0.08807 75 55
0.08807 74 55
0.26187 72 59
0.26422 71 64
0.26664 72 58
0.26664 74 64
0.27032 75 58
1.05824 74 69
0.26664 73 59
0.27032 74 56
0.53696 68 47
0.26187 77 59
0.26187 75 57
0.26207 74 64
0.26363 75 61
0.26502 72 69
1.58151 67 46
0.26705 67 66
0.26786 74 70
0.26786 70 64
0.26786 65 63
0.13332 77 57
0.13332 0 0
0.13332 78 60
0.13332 0 0
0.13332 82 57
0.13332 0 0
0.13332 81 64
0.13332 0 0
0.13332 84 59
0.13332 0 0
0.08576 82 64
0.08576 84 54
0.08576 82 54
0.12863 81 58
0.12863 0 0
0.13332 82 63
0.13332 0 0
0.13332 86 63
0.13332 0 0
0.13211 84 63
0.13211 77 58
0.13211 0 0
0.13516 89 60
0.40180 0 0
0.26187 70 64
0.26187 72 64
0.26664 74 61
0.26664 77 64
0.27032 75 62
0.08888 74 61
0.08888 75 56
0.08888 74 55
0.26664 71 59
0.26664 70 63
0.27032 68 57
0.26786 66 65
0.20089 70 58
0.06696 70 60
1.05702 65 65
0.53574 70 56
0.53574 68 56
1.05875 70 57
1.05875 66 41
0.26867 69 67
0.27032 75 64
0.26664 0 0
0.26187 70 64
0.26187 71 64
0.26664 74 61
0.26664 77 67
0.27032 78 67
0.08888 77 61
0.08888 78 51
0.08888 77 51
0.26664 70 41
0.26664 75 54
0.26664 71 65
0.27032 70 58
0.26786 66 65
0.20089 70 58
0.06696 70 60
1.08244 65 63
0.53574 70 56
0.53574 68 56
1.05541 66 48
1.05875 70 65
0.26867 69 67
0.27032 75 64
1.08627 74 64
0.80978 0 0
0.08729 72 64
0.08729 74 54
0.08729 72 54
0.26187 71 58
0.26664 72 61
0.26664 74 64
0.27032 75 62
0.26432 70 61
0.26432 67 61
0.26432 72 63
0.26432 73 66
0.27032 74 69
0.26432 79 70
0.26786 74 66
1.07640 70 68
1.07640 66 59
0.47745 69 65
0.06576 0 0
0.26906 79 60
0.30194 74 56
0.33482 67 55
0.13274 74 57
0.13274 0 0
0.13274 75 60
0.13274 0 0
0.13274 79 57
0.13274 0 0
0.13274 78 64
0.13274 0 0
0.13274 81 59
0.13274 0 0
0.08621 79 64
0.08621 81 54
0.08621 79 54
0.12987 78 58
0.12987 0 0
0.13100 79 63
0.13100 0 0
0.13274 82 60
0.13274 0 0
0.13274 81 63
0.13274 74 63
0.13274 0 0
0.13274 84 60
0.13274 0 0
0.12931 82 64
0.12931 0 0
0.13333 86 63
0.13333 89 63
0.13333 80 63
0.13333 0 0
0.13271 79 61
0.13271 84 61
0.13271 88 61
0.13251 0 0
0.13152 87 60
0.13152 84 60
0.13152 78 60
0.13172 0 0
0.13211 79 58
0.13211 86 58
0.13241 0 0
0.13705 74 57
0.13705 81 57
0.13705 84 57
0.13549 0 0
0.26786 82 65
0.26786 79 65
0.26786 74 65
0.26786 80 60
0.26786 71 60
0.26878 72 57
0.27199 73 60
0.27410 74 62
0.81487 79 57
0.28615 75 67
0.28615 79 67
0.28615 82 67
1.11732 79 70
1.11732 70 70
1.11732 74 70
1.11732 82 70
0.53329 74 67
0.53329 70 67
0.13036 72 61
0.13036 69 61
0.13036 0 0
0.13332 75 67
0.13332 72 67
0.13332 0 0
0.26664 81 70
0.26664 77 70
0.26664 0 0
0.13036 77 71
0.13036 74 71
0.13036 0 0
0.13333 74 65
0.13333 70 65
0.13333 0 0
0.13100 70 68
0.13100 67 68
0.13100 0 0
0.13274 79 63
0.13274 75 63
0.13274 0 0
0.13211 75 67
0.13211 72 67
0.13211 0 0
0.13211 72 63
0.13211 69 63
0.13211 0 0
0.13094 69 67
0.13094 66 67
0.13094 0 0
0.13332 77 64
0.13332 74 64
0.13332 0 0
0.26664 74 70
0.26664 70 70
0.27032 70 65
0.27032 67 65
0.27397 67 69
0.27397 70 63
0.54794 63 62
0.27523 69 65
0.28571 70 59
0.56094 66 55
0.56094 60 55
1.68657 71 53
1.68657 59 45
1.68657 62 45
1.68657 67 45
0.27650 56 50
0.27650 60 51
0.27907 63 53
0.27907 68 54
0.28571 70 56
0.29412 72 58
1.71086 74 53
1.71086 62 45
1.71086 67 45
1.71086 71 45
0.28571 56 50
0.28571 58 51
0.18779 60 56
0.18913 63 53
0.19093 68 53
0.19465 72 57
0.19852 75 53
0.21505 84 53
5.40890 83 55
5.40890 79 55
5.40890 74 55
2.20859 95 51
2.20859 91 51
2.20859 83 43
2.20859 86 43
2.57143 71 42
2.57143 59 35
2.57143 62 35
2.57143 67 42
#  Piano left
0.27027 0 0
0.13274 71 53
0.13274 0 0
0.13274 72 57
0.13274 0 0
0.13274 69 54
0.13274 0 0
0.13274 74 57
0.13274 0 0
0.13274 72 53
0.13274 0 0
0.13043 70 57
0.13043 0 0
0.13100 69 54
0.13100 0 0
0.13043 70 57
0.13043 0 0
0.13216 67 54
0.13216 0 0
0.13216 66 57
0.13216 0 0
0.13216 62 55
0.13216 0 0
0.12987 67 57
0.12987 0 0
0.13043 71 52
0.13043 0 0
0.13271 72 55
0.13251 0 0
0.13152 69 52
0.13172 0 0
0.13211 70 55
0.13241 0 0
0.13705 66 53
0.13549 0 0
0.26786 67 57
0.26786 65 52
0.26878 64 54
0.27199 63 57
0.27410 62 58
0.28615 61 61
0.27933 38 59
0.55866 62 55
0.54597 62 51
0.52735 62 51
0.53454 62 55
0.52494 62 54
0.53113 62 52
0.52845 62 55
0.52378 62 51
0.52964 62 51
0.27032 62 51
0.54064 62 46
0.54076 50 43
0.53333 47 51
0.54313 60 39
0.54313 59 36
1.08627 68 29
1.08627 65 29
1.08627 62 29
0.52851 48 51
1.06548 57 45
1.06548 63 45
1.06548 67 45
1.05619 38 51
0.26432 62 44
0.26786 0 0
0.26786 60 51
0.26786 61 44
0.26786 62 51
0.09094 61 51
0.09094 62 45
0.09094 61 45
0.27283 60 51
1.34922 50 51
0.27038 50 44
0.27027 58 44
0.27027 50 44
0.27027 43 44
0.13216 71 53
0.13216 0 0
0.13216 72 57
0.13216 0 0
0.13216 69 54
0.13216 0 0
0.13216 74 57
0.13216 0 0
0.13216 72 53
0.13216 0 0
0.12987 70 57
0.12987 0 0
0.12987 69 55
0.12987 0 0
0.13216 70 59
0.13216 0 0
0.13274 67 57
0.13274 0 0
0.13274 66 62
0.13274 0 0
0.13578 62 61
0.13578 0 0
0.52845 48 51
0.53812 66 49
0.54299 67 54
1.08110 63 41
1.08110 60 41
0.52610 41 51
0.53087 68 55
0.53696 69 56
1.06783 63 41
1.06783 60 41
0.52973 46 57
0.26187 66 46
0.26187 69 55
0.26187 61 46
0.26664 70 60
0.26664 62 51
0.53696 59 55
0.52374 48 60
0.26207 59 49
0.26363 60 52
0.26502 62 55
0.26705 63 57
0.26786 41 63
0.13332 74 53
0.13332 0 0
0.13332 75 57
0.13332 0 0
0.13332 72 54
0.13332 0 0
0.13332 77 57
0.13332 0 0
0.13332 75 53
0.13332 0 0
0.12863 74 57
0.12863 0 0
0.12863 73 54
0.12863 0 0
0.13332 74 57
0.13332 0 0
0.13332 70 53
0.13332 0 0
0.13211 69 55
0.13211 0 0
0.13516 65 51
0.13516 0 0
0.52851 46 51
1.06548 53 45
1.06548 62 45
0.53329 46 48
1.07268 54 37
1.07268 59 37
1.07268 63 44
0.26786 46 52
0.26187 58 52
0.26187 60 54
0.26542 62 51
0.26542 65 55
0.27032 62 53
0.08768 63 48
0.08768 65 42
0.08768 63 42
0.26304 62 46
0.26562 63 55
0.26705 65 57
0.53899 66 61
0.52851 46 51
0.52851 56 37
0.53696 59 37
1.06548 62 45
1.06548 68 45
0.53329 46 48
1.07268 58 37
1.07268 66 44
0.29328 46 57
0.26187 58 55
0.26187 60 57
0.26542 62 54
0.26542 65 58
0.27032 62 55
0.08768 63 52
0.08768 65 44
0.08768 63 44
0.26304 62 49
0.26562 63 58
0.26705 65 61
0.53899 66 65
0.54313 46 58
0.54313 64 49
0.54313 65 46
1.08627 58 41
1.08627 62 41
0.52851 48 51
0.52851 70 38
0.53696 69 45
1.06548 60 38
1.06548 63 38
1.06548 67 38
1.05154 38 51
0.26201 62 44
0.26786 0 0
0.26786 60 51
0.26786 61 44
0.26786 62 51
0.09094 61 51
0.09094 62 45
0.09094 61 45
0.27283 60 51
1.34922 50 48
0.27038 50 44
0.27027 58 44
0.27027 50 44
0.27027 43 44
0.13274 71 53
0.13274 0 0
0.13274 72 57
0.13274 0 0
0.13274 69 54
0.13274 0 0
0.13274 74 57
0.13274 0 0
0.13274 72 53
0.13274 0 0
0.13043 70 57
0.13043 0 0
0.13043 69 54
0.13043 0 0
0.13158 70 57
0.13158 0 0
0.13216 67 54
0.13216 0 0
0.13216 66 57
0.13216 0 0
0.13216 62 55
0.13216 0 0
0.12931 67 57
0.12931 0 0
0.13274 71 52
0.13274 0 0
0.13271 72 55
0.13251 0 0
0.13152 69 52
0.13172 0 0
0.13211 70 55
0.13241 0 0
0.13705 66 53
0.13549 0 0
0.26786 67 57
0.26786 65 52
0.26878 64 54
0.27199 63 57
0.27410 62 58
0.28615 61 61
0.27933 38 59
0.55866 62 57
0.54597 62 51
0.52735 62 51
0.53329 62 56
0.52735 62 54
0.53228 62 52
0.52854 62 56
0.52610 62 51
0.53329 62 51
0.27032 62 51
0.54794 62 46
0.56094 50 43
1.07523 50 42
1.07523 43 35
0.53634 50 38
0.53634 38 32
1.07399 50 43
1.07399 44 36
0.53879 50 38
0.53879 38 32
1.07523 50 42
1.07523 45 35
0.54387 50 38
0.54387 38 32
1.07523 50 42
1.07523 42 35
0.54387 50 38
0.54387 38 32
1.07523 50 42
1.07523 43 35
0.54387 50 38
0.54387 38 32
0.26940 56 39
0.13470 59 38
0.13470 57 38
0.53644 56 39
1.07523 52 35
0.54361 52 38
1.07550 52 42
0.13597 51 46
0.13597 53 32
0.27194 51 34
1.61937 45 35
0.54627 0 0
0.56666 55 41
0.57943 54 37
1.69235 38 38
1.07523 50 39
1.07523 43 25
0.53634 50 38
0.53634 38 32
1.07399 50 41
1.07399 44 34
0.53879 50 38
0.53879 38 32
1.07523 50 42
1.07523 45 35
0.54387 50 38
0.54387 38 32
1.07523 50 42
1.07523 42 35
0.54387 50 38
0.54387 38 32
1.07523 50 42
1.07523 43 35
0.54387 55 47
0.15715 49 51
0.15715 50 39
0.51888 0 0
0.26450 54 46
0.26786 55 50
1.07369 49 49
0.27018 61 44
1.07523 54 49
0.55065 42 46
0.26940 0 0
0.13660 57 47
0.13660 55 45
0.27320 53 49
0.27320 54 46
0.54640 59 52
1.63539 47 48
0.26817 38 62
0.13727 62 53
0.13727 62 53
0.27455 62 59
0.27071 62 55
0.27455 0 0
0.54910 62 55
0.54910 62 53
0.54910 62 53
0.54401 62 49
0.52943 62 51
0.52632 62 55
0.53572 62 54
0.53987 62 57
0.54640 62 51
0.27320 62 51
0.26817 38 62
0.13727 62 48
0.13727 62 48
0.27455 62 52
0.27071 62 49
0.27455 0 0
0.54910 62 49
0.54910 62 48
0.54910 62 48
0.54201 62 44
0.53137 62 46
0.53097 62 45
0.53572 62 50
0.53987 62 48
0.54640 62 42
0.27320 62 40
0.26698 0 0
0.13274 63 51
0.13274 65 50
0.26906 63 54
0.26906 62 49
0.26906 63 54
0.27845 62 50
1.60457 61 51
1.63578 73 54
1.61724 61 51
0.26698 37 56
0.13535 63 51
0.13535 65 50
0.27071 63 54
0.27071 62 49
0.27071 63 54
0.27845 62 50
1.61918 61 51
1.63578 73 54
1.61724 61 51
0.27095 38 57
0.54191 62 55
0.54225 62 50
0.53561 62 50
0.53454 62 56
0.53076 62 53
0.52993 62 51
0.53433 62 56
0.53293 62 50
0.53889 62 50
0.27503 62 50
0.55006 62 45
0.55392 50 42
0.53571 47 53
0.54313 60 40
0.54313 59 36
1.08627 68 29
1.08627 65 29
1.08627 62 29
0.52851 48 51
1.06548 57 45
1.06548 63 45
1.06548 67 45
1.07025 38 51
0.26786 62 44
0.26786 0 0
0.26786 60 51
0.26786 61 44
0.26786 62 51
0.09094 61 51
0.09094 62 45
0.09094 61 45
0.27283 60 51
1.34922 50 51
0.27038 50 44
0.27027 58 44
0.27027 50 44
0.27027 43 44
0.13274 71 53
0.13274 0 0
0.13274 72 57
0.13274 0 0
0.13274 69 54
0.13274 0 0
0.13274 74 57
0.13274 0 0
0.13274 72 53
0.13274 0 0
0.13100 70 57
0.13100 0 0
0.13043 69 55
0.13043 0 0
0.13100 70 59
0.13100 0 0
0.13274 67 57
0.13274 0 0
0.13274 66 62
0.13274 0 0
0.13578 62 61
0.13578 0 0
0.52845 48 51
0.54313 66 49
0.54313 67 54
1.08627 63 41
1.08627 60 41
0.52610 41 51
0.53087 68 55
0.53696 69 56
1.06783 63 41
1.06783 60 41
0.52973 46 57
0.26187 66 46
0.26187 69 55
0.26187 61 46
0.26664 70 60
0.26664 62 51
0.53696 59 55
0.52374 48 60
0.26207 59 49
0.26363 60 52
0.26502 62 55
0.26705 63 57
0.26786 41 63
0.13332 74 53
0.13332 0 0
0.13332 75 57
0.13332 0 0
0.13332 72 54
0.13332 0 0
0.13332 77 57
0.13332 0 0
0.13332 75 53
0.13332 0 0
0.12863 74 57
0.12863 0 0
0.12863 73 54
0.12863 0 0
0.13332 74 57
0.13332 0 0
0.13332 70 52
0.13332 0 0
0.13211 69 55
0.13211 0 0
0.13516 65 51
0.13516 0 0
0.52851 46 51
1.06548 53 45
1.06548 62 45
0.53329 46 48
1.07268 54 37
1.07268 59 37
1.07268 63 44
0.26786 46 54
0.26187 58 52
0.26187 60 54
0.26542 62 51
0.26542 65 55
0.27032 62 53
0.08768 63 48
0.08768 65 42
0.08768 63 42
0.26304 62 46
0.26562 63 55
0.26705 65 57
0.53899 66 61
0.52851 46 51
0.52851 56 37
0.53696 59 37
1.06548 62 45
1.06548 68 45
0.53329 46 48
1.07268 58 37
1.07268 66 44
0.29328 46 57
0.26187 58 55
0.26187 60 57
0.26542 62 54
0.26542 65 58
0.27032 62 56
0.08768 63 52
0.08768 65 44
0.08768 63 44
0.26304 62 49
0.26562 63 58
0.26705 65 61
0.53899 66 65
0.54313 46 58
0.54313 64 49
0.54313 65 46
1.08627 58 41
1.08627 62 41
0.52851 48 51
0.52851 70 38
0.53696 69 45
1.06548 60 38
1.06548 63 38
1.06548 67 38
1.06327 38 51
0.26432 62 44
0.26786 0 0
0.26786 60 51
0.26786 61 44
0.26786 62 51
0.09094 61 51
0.09094 62 45
0.09094 61 45
0.27283 60 51
1.34922 50 48
0.27038 50 44
0.26906 58 44
0.26906 50 44
0.26906 43 44
0.13274 71 53
0.13274 0 0
0.13274 72 57
0.13274 0 0
0.13274 69 54
0.13274 0 0
0.13274 74 57
0.13274 0 0
0.13274 72 53
0.13274 0 0
0.12931 70 57
0.12931 0 0
0.12987 69 54
0.12987 0 0
0.13100 70 57
0.13100 0 0
0.13274 67 54
0.13274 0 0
0.13274 66 57
0.13274 0 0
0.13274 62 55
0.13274 0 0
0.12931 67 57
0.12931 0 0
0.13333 71 52
0.13333 0 0
0.13271 72 55
0.13251 0 0
0.13152 69 52
0.13172 0 0
0.13211 70 55
0.13241 0 0
0.13705 66 53
0.13549 0 0
0.26786 67 57
0.26786 65 52
0.26878 64 54
0.27199 63 57
0.27410 62 58
0.28615 61 61
0.27933 38 59
0.55866 62 57
0.54597 62 51
0.52735 62 51
0.53329 62 54
0.52735 62 54
0.52868 62 52
0.52971 62 58
0.52610 62 51
0.53329 62 51
0.27032 62 51
0.54794 62 46
0.56094 50 43
0.27778 43 46
0.27778 49 43
0.28985 50 46
0.16509 53 43
0.09434 51 47
0.09401 53 42
0.27907 51 51
0.27907 50 51
1.69097 51 47
1.69097 43 39
0.28037 43 46
0.28037 49 43
0.29126 50 46
0.16588 53 43
0.09479 51 47
0.09445 53 42
0.28037 51 51
0.29412 50 51
1.74750 51 47
1.74750 43 39
0.28571 43 46
0.28571 49 43
0.29851 50 46
0.16827 53 43
0.09615 51 47
0.09592 53 42
0.28571 51 51
0.29412 50 51
0.28846 55 46
0.28846 59 43
0.29557 61 46
0.24155 62 43
0.09650 65 42
0.28846 63 51
0.30612 62 51
0.29703 67 46
0.29703 71 43
0.31579 73 46
0.25510 74 43
0.10400 77 42
0.32967 75 51
0.36810 74 51
2.20859 79 32
2.20859 74 32
2.20859 67 32
2.57143 55 27
2.57143 50 23
2.57143 43 23
