"bach_846"

#  Piano right
0.40709 0 0
0.20270 67 56
0.20267 72 60
0.17881 76 63
0.01990 0 0
0.20270 67 50
0.20270 72 47
0.20270 76 47
0.40541 0 0
0.20270 67 56
0.20270 72 60
0.18243 76 62
0.02025 0 0
0.20000 67 50
0.20000 72 48
0.20002 76 48
0.40541 0 0
0.20266 69 56
0.19733 74 60
0.17308 77 65
0.01927 0 0
0.19737 69 51
0.19737 74 50
0.19738 77 50
0.39735 0 0
0.19864 69 58
0.19476 74 60
0.17089 77 65
0.01903 0 0
0.19481 69 52
0.19487 74 50
0.20269 77 50
0.40268 0 0
0.20129 67 56
0.19474 74 60
0.16875 77 65
0.01881 0 0
0.19481 67 51
0.19481 74 50
0.19486 77 50
0.40268 0 0
0.20131 67 56
0.19733 74 60
0.17308 77 65
0.01927 0 0
0.19737 67 52
0.19745 74 50
0.20682 77 50
0.39474 0 0
0.19737 67 53
0.19732 72 55
0.17197 76 60
0.01916 0 0
0.19737 67 50
0.19742 72 47
0.20403 76 47
0.39474 0 0
0.19737 67 55
0.19733 72 57
0.17308 76 61
0.01927 0 0
0.19737 67 50
0.19737 72 48
0.19741 76 48
0.40541 0 0
0.20266 69 61
0.19733 76 66
0.17308 81 70
0.01926 0 0
0.19608 69 55
0.19608 76 51
0.19613 81 51
0.40541 0 0
0.20265 69 61
0.19605 76 65
0.17308 81 68
0.01926 0 0
0.19608 69 55
0.19612 76 52
0.20130 81 52
0.39216 0 0
0.19608 66 56
0.19604 69 60
0.17197 74 63
0.01914 0 0
0.19481 66 50
0.19481 69 47
0.19486 74 47
0.40268 0 0
0.20134 66 56
0.20129 69 60
0.17532 74 62
0.01948 0 0
0.19481 66 50
0.19491 69 48
0.20684 74 48
0.40000 0 0
0.19996 67 58
0.19478 74 63
0.17308 79 66
0.01925 0 0
0.19481 67 51
0.19487 74 50
0.20268 79 50
0.40000 0 0
0.19995 67 58
0.19355 74 62
0.17419 79 65
0.01935 0 0
0.19355 67 52
0.19366 74 50
0.20685 79 50
0.40268 0 0
0.20134 64 56
0.20128 67 60
0.17419 72 63
0.01935 0 0
0.19355 64 50
0.19362 67 47
0.20265 72 47
0.39216 0 0
0.19608 64 56
0.19606 67 60
0.17419 72 62
0.01935 0 0
0.19355 64 50
0.19366 67 48
0.20682 72 48
0.39474 0 0
0.19737 64 56
0.19737 67 60
0.17763 72 63
0.01978 0 0
0.20270 64 50
0.20270 67 47
0.20267 72 47
0.39735 0 0
0.19868 64 56
0.19868 67 60
0.17881 72 62
0.01991 0 0
0.20408 64 50
0.20421 67 48
0.21885 72 48
0.40816 0 0
0.20405 62 56
0.20000 66 60
0.18000 72 63
0.02000 0 0
0.20000 62 50
0.20000 66 47
0.20003 72 47
0.40816 0 0
0.20404 62 56
0.19868 66 60
0.17881 72 62
0.01987 0 0
0.19868 62 50
0.19874 66 48
0.20683 72 48
0.39735 0 0
0.19868 62 53
0.19865 67 56
0.17647 71 60
0.01961 0 0
0.19608 62 46
0.19608 67 45
0.19610 71 45
0.39735 0 0
0.19868 62 53
0.19864 67 56
0.17532 71 58
0.01948 0 0
0.19481 62 47
0.19481 67 45
0.20142 71 45
0.39735 0 0
0.19868 64 53
0.19864 67 56
0.17532 73 60
0.01948 0 0
0.19481 64 46
0.19491 67 45
0.20683 73 45
0.39735 0 0
0.19868 64 53
0.19868 67 56
0.17688 73 58
0.01961 0 0
0.19608 64 47
0.19616 67 45
0.20550 73 45
0.40693 0 0
0.19868 62 56
0.19865 69 60
0.17647 74 63
0.01961 0 0
0.19608 62 50
0.19608 69 47
0.19610 74 47
0.39735 0 0
0.19868 62 56
0.19865 69 60
0.17647 74 62
0.01961 0 0
0.19608 62 50
0.19618 69 48
0.20826 74 48
0.40000 0 0
0.20000 62 53
0.19997 65 56
0.17647 71 60
0.01961 0 0
0.19608 62 46
0.19608 65 45
0.19611 71 45
0.40000 0 0
0.20000 62 53
0.19997 65 56
0.17647 71 58
0.01961 0 0
0.19608 62 47
0.19616 65 45
0.20543 71 45
0.40000 0 0
0.19999 60 53
0.19863 67 56
0.17419 72 60
0.01935 0 0
0.19355 60 46
0.19355 67 45
0.19359 72 45
0.39735 0 0
0.19868 60 53
0.19864 67 56
0.17532 72 58
0.01948 0 0
0.19481 60 47
0.19494 67 45
0.21118 72 45
0.40268 0 0
0.20134 57 50
0.20130 60 53
0.17647 65 56
0.01961 0 0
0.19608 57 45
0.19608 60 42
0.19612 65 42
0.40268 0 0
0.20134 57 50
0.20131 60 53
0.17763 65 55
0.01974 0 0
0.19737 57 45
0.19750 60 43
0.21267 65 43
0.40268 0 0
0.20134 57 50
0.20131 60 53
0.17763 65 56
0.01974 0 0
0.19737 57 45
0.19748 60 42
0.21118 65 42
0.40268 0 0
0.20134 57 50
0.20132 60 53
0.17881 65 55
0.01987 0 0
0.19868 57 45
0.19879 60 43
0.21267 65 43
0.40268 0 0
0.20134 55 50
0.20134 59 53
0.18121 65 56
0.02013 0 0
0.20134 55 45
0.20134 59 42
0.20134 65 42
0.40268 0 0
0.20134 55 50
0.20134 59 53
0.18121 65 55
0.02013 0 0
0.20134 55 45
0.20134 59 43
0.20139 65 43
0.41379 0 0
0.20685 55 50
0.20134 60 53
0.18121 64 56
0.02013 0 0
0.20134 55 45
0.20134 60 42
0.20138 64 42
0.41096 0 0
0.20543 55 50
0.20000 60 53
0.18000 64 55
0.02000 0 0
0.20000 55 45
0.20000 60 43
0.20000 64 43
0.40000 0 0
0.20000 58 47
0.19996 60 50
0.17532 64 53
0.01951 0 0
0.19868 58 41
0.19868 60 40
0.19869 64 40
0.40000 0 0
0.20000 58 47
0.19996 60 50
0.17532 64 52
0.01952 0 0
0.20000 58 42
0.20016 60 40
0.21882 64 40
0.40000 0 0
0.20000 57 47
0.19997 60 50
0.17647 64 53
0.01961 0 0
0.19608 57 41
0.19608 60 40
0.19611 64 40
0.40000 0 0
0.20000 57 47
0.19998 60 50
0.17763 64 52
0.01974 0 0
0.19737 57 42
0.19752 60 40
0.21573 64 40
0.40816 0 0
0.20408 57 50
0.20406 60 53
0.18121 63 56
0.02013 0 0
0.20134 57 45
0.20134 60 42
0.20137 63 42
0.40816 0 0
0.20408 57 50
0.20405 60 53
0.18000 63 55
0.02000 0 0
0.20000 57 45
0.20029 60 43
0.23407 63 43
0.39474 0 0
0.19737 59 47
0.19737 60 50
0.17763 62 53
0.01969 0 0
0.19231 59 41
0.19242 60 40
0.20541 62 40
0.39474 0 0
0.19737 59 47
0.19737 60 50
0.17763 62 52
0.01971 0 0
0.19355 59 42
0.19364 60 40
0.20408 62 40
0.40816 0 0
0.20403 55 50
0.19737 59 53
0.17763 62 56
0.01974 0 0
0.19737 55 45
0.19737 59 42
0.19741 62 42
0.40541 0 0
0.20266 55 50
0.19737 59 53
0.17763 62 55
0.01974 0 0
0.19737 55 45
0.19746 59 43
0.20827 62 43
0.40268 0 0
0.20134 55 50
0.20131 60 53
0.17763 64 56
0.01974 0 0
0.19737 55 45
0.19737 60 42
0.19740 64 42
0.40268 0 0
0.20134 55 50
0.20130 60 53
0.17647 64 55
0.01961 0 0
0.19608 55 45
0.19608 60 43
0.19609 64 43
0.39474 0 0
0.19737 55 53
0.19733 60 56
0.17308 65 60
0.01923 0 0
0.19231 55 46
0.19241 60 45
0.20407 65 45
0.40134 0 0
0.19868 55 53
0.19862 60 56
0.17308 65 58
0.01923 0 0
0.19233 55 47
0.19488 60 45
0.20404 65 45
0.39735 0 0
0.19868 55 53
0.19864 59 56
0.17532 65 60
0.01948 0 0
0.19481 55 46
0.19481 59 45
0.19484 65 45
0.39735 0 0
0.19868 55 53
0.19864 59 56
0.17532 65 58
0.01948 0 0
0.19481 55 47
0.19489 59 45
0.20542 65 45
0.39735 0 0
0.19868 57 56
0.19868 60 60
0.17881 66 63
0.01991 0 0
0.20408 57 50
0.20408 60 47
0.20404 66 47
0.39735 0 0
0.19868 57 56
0.19868 60 60
0.17881 66 62
0.01992 0 0
0.20548 57 50
0.20558 60 48
0.21737 66 48
0.42857 0 0
0.21417 55 58
0.20000 60 63
0.18000 67 66
0.02000 0 0
0.20000 55 51
0.20000 60 50
0.20008 67 50
0.41958 0 0
0.20971 55 58
0.20000 60 62
0.18000 67 65
0.02000 0 0
0.20000 55 52
0.20012 60 50
0.21417 67 50
0.40000 0 0
0.20000 55 50
0.20000 60 53
0.18000 65 56
0.01997 0 0
0.19608 55 45
0.19608 60 42
0.19611 65 42
0.40000 0 0
0.20000 55 50
0.20000 60 53
0.18000 65 55
0.01997 0 0
0.19608 55 45
0.19608 60 43
0.19622 65 43
0.41266 0 0
0.20000 55 50
0.20000 59 53
0.18000 65 56
0.02000 0 0
0.20000 55 45
0.20000 59 42
0.20008 65 42
0.41106 0 0
0.20134 55 50
0.20134 59 53
0.18121 65 55
0.02013 0 0
0.20134 55 45
0.20134 59 43
0.20137 65 43
0.40816 0 0
0.20408 55 53
0.20406 58 56
0.18121 64 60
0.02013 0 0
0.20134 55 46
0.20144 58 45
0.21269 64 45
0.40816 0 0
0.20408 55 53
0.20406 58 56
0.18121 64 58
0.02013 0 0
0.20134 55 47
0.20141 58 45
0.20974 64 45
0.40646 0 0
0.20408 53 50
0.19868 57 53
0.19958 60 55
0.20408 65 53
0.20408 60 53
0.20408 57 53
0.19737 60 55
0.20408 57 50
0.20408 53 47
0.20408 57 46
0.21127 53 46
0.21127 50 42
0.22556 53 43
0.25210 50 38
0.42253 0 0
0.21127 67 50
0.21127 71 53
0.21127 74 55
0.21127 77 60
0.21127 74 55
0.21127 71 53
0.23622 74 56
0.23622 71 53
0.23622 67 56
0.23622 71 53
0.28361 62 55
0.30789 65 50
0.33738 64 50
0.47619 62 50
0.00397 0 0
5.71429 64 50
5.71429 67 50
5.71429 72 50
#  Piano left
0.20439 0 0
1.41489 64 57
1.61759 60 61
0.20270 0 0
1.41081 64 57
1.61351 60 62
0.20270 0 0
1.38715 62 60
1.58986 60 65
0.19868 0 0
1.37437 62 60
1.57304 60 65
0.20134 0 0
1.36941 62 60
1.57075 59 65
0.20134 0 0
1.39396 62 60
1.59530 59 65
0.19737 0 0
1.38201 64 57
1.57938 60 61
0.19737 0 0
1.37656 64 57
1.57393 60 62
0.20270 0 0
1.38332 64 62
1.58602 60 67
0.20270 0 0
1.38724 64 62
1.58994 60 68
0.19608 0 0
1.36378 62 57
1.55986 60 61
0.20134 0 0
1.39533 62 57
1.59667 60 62
0.20000 0 0
1.37943 62 60
1.57943 59 65
0.20000 0 0
1.38110 62 60
1.58110 59 65
0.20134 0 0
1.38733 60 57
1.58867 59 61
0.19608 0 0
1.37579 60 57
1.57187 59 62
0.19737 0 0
1.39759 60 57
1.59496 57 61
0.19868 0 0
1.42189 60 57
1.62056 57 62
0.20408 0 0
1.40816 57 57
1.61225 50 61
0.20408 0 0
1.40972 57 57
1.61380 50 62
0.19868 0 0
1.38034 59 55
1.57902 55 57
0.19868 0 0
1.38183 59 55
1.58050 55 58
0.19868 0 0
1.38734 58 55
1.58601 55 57
0.19868 0 0
1.39025 58 55
1.58893 55 58
0.20825 0 0
1.38034 57 57
1.58859 53 61
0.19868 0 0
1.39261 57 57
1.59128 53 62
0.20000 0 0
1.38431 56 55
1.58431 53 57
0.20000 0 0
1.39372 56 55
1.59372 53 58
0.20000 0 0
1.37286 55 55
1.57286 52 57
0.19868 0 0
1.39173 55 55
1.59041 52 58
0.20134 0 0
1.38834 53 51
1.58968 52 55
0.20134 0 0
1.40890 53 51
1.61024 52 55
0.20134 0 0
1.40740 53 51
1.60874 50 55
0.20134 0 0
1.41282 53 51
1.61416 50 55
0.20134 0 0
1.40940 50 51
1.61074 43 55
0.20134 0 0
1.40944 50 51
1.61078 43 55
0.20690 0 0
1.42049 52 51
1.62739 48 55
0.20548 0 0
1.41091 52 51
1.61639 48 55
0.20000 0 0
1.39083 55 48
1.59083 48 51
0.20000 0 0
1.41378 55 48
1.61378 48 52
0.20000 0 0
1.38431 53 48
1.58431 41 51
0.20000 0 0
1.40797 53 48
1.60797 41 52
0.20408 0 0
1.41761 48 51
1.62170 42 55
0.20408 0 0
1.44656 48 51
1.65065 42 55
0.19737 0 0
1.37957 53 48
1.57694 44 51
0.19737 0 0
1.38071 53 48
1.57808 44 52
0.20408 0 0
1.39499 53 51
1.59908 43 55
0.20270 0 0
1.40320 53 51
1.60590 43 55
0.20134 0 0
1.39350 52 51
1.59484 43 55
0.20134 0 0
1.38831 52 51
1.58965 43 55
0.19737 0 0
1.37315 50 55
1.57052 43 57
0.20267 0 0
1.37953 50 55
1.58220 43 58
0.19868 0 0
1.37525 50 55
1.57392 43 57
0.19868 0 0
1.38592 50 55
1.58460 43 58
0.19868 0 0
1.40695 51 57
1.60562 43 61
0.19868 0 0
1.42318 51 57
1.62186 43 62
0.21429 0 0
1.42853 52 60
1.64282 43 65
0.20979 0 0
1.43378 52 60
1.64357 43 65
0.20000 0 0
1.38824 50 51
1.58824 43 55
0.20000 0 0
1.38834 50 51
1.58834 43 55
0.21266 0 0
1.40008 50 51
1.61274 43 55
0.20972 0 0
1.40942 50 51
1.61914 43 55
0.20408 0 0
1.42904 48 55
1.63312 36 57
0.20408 0 0
1.42606 48 55
1.63014 36 58
0.20238 0 0
3.12847 48 51
3.33262 36 55
0.20951 0 0
3.82883 50 51
4.04230 36 55
5.71429 48 53
5.71429 36 53
