"fruehlingsrauschen"

#  Piano right
0.08887 0 0
0.08642 70 22
0.08409 73 24
0.08190 77 25
0.08214 82 27
0.08249 77 26
0.08278 73 24
0.08321 70 22
0.08318 0 0
0.08250 70 21
0.08189 73 23
0.08121 77 25
0.08167 82 28
0.08231 77 26
0.08291 73 23
0.20165 0 0
0.08304 68 22
0.08248 73 23
0.08206 77 25
0.08160 80 27
0.08208 77 27
0.08275 73 24
0.08334 68 22
0.08292 0 0
0.08233 68 22
0.08167 73 23
0.08184 77 25
0.08247 80 26
0.08313 77 27
0.08373 73 24
0.11901 68 22
0.08305 0 0
0.08250 68 23
0.08207 73 26
0.08141 77 27
0.08088 80 28
0.08151 77 27
0.08209 73 25
0.08002 68 23
0.08623 0 0
0.08291 68 21
0.08230 73 22
0.08160 77 24
0.08207 80 27
0.08272 77 25
0.08345 73 24
0.11818 68 22
0.08695 0 0
0.08695 68 23
0.08695 73 26
0.08680 77 27
0.08606 80 28
0.08566 77 27
0.08521 73 25
0.08476 68 23
0.08431 0 0
0.08344 68 21
0.08382 73 22
0.08573 77 24
0.08769 80 27
0.08971 77 25
0.09177 73 24
0.11505 68 22
0.08868 0 0
0.08623 70 22
0.08384 73 24
0.08162 77 25
0.08208 82 27
0.08249 77 26
0.08278 73 24
0.08321 70 22
0.08318 0 0
0.08250 70 21
0.08189 73 23
0.08121 77 25
0.08167 82 28
0.08231 77 26
0.08291 73 23
0.20165 0 0
0.08304 68 22
0.08248 73 23
0.08206 77 25
0.08160 80 27
0.08208 77 27
0.08275 73 24
0.08334 68 22
0.08292 0 0
0.08233 68 22
0.08167 73 23
0.08184 77 25
0.08247 80 26
0.08313 77 27
0.08373 73 24
0.11901 68 22
0.08305 0 0
0.08250 68 23
0.08207 72 26
0.08141 77 27
0.08088 80 28
0.08151 77 27
0.08209 72 25
0.08002 68 23
0.08623 0 0
0.08291 68 21
0.08230 72 22
0.08160 77 24
0.08207 80 27
0.08272 77 25
0.08345 72 24
0.11818 68 22
0.08695 0 0
0.08695 68 23
0.08695 72 26
0.08680 77 27
0.08606 80 28
0.08566 77 27
0.08521 72 25
0.08476 68 23
0.08431 0 0
0.08387 72 21
0.08348 77 22
0.08348 80 24
0.08348 84 27
0.08348 80 25
0.08348 77 24
0.11344 72 22
0.09259 0 0
0.08623 72 22
0.08384 77 24
0.08162 80 25
0.08208 84 27
0.08249 80 26
0.08278 77 24
0.08321 72 22
0.08318 0 0
0.08250 72 21
0.08189 77 23
0.08121 80 25
0.08167 84 28
0.08231 80 26
0.08291 77 23
0.11425 72 22
0.08740 0 0
0.08304 72 22
0.08248 76 23
0.08206 80 25
0.08160 84 27
0.08208 80 27
0.08275 76 24
0.08295 72 22
0.08261 0 0
0.08362 72 22
0.08465 76 23
0.08578 80 25
0.08677 84 26
0.08796 80 27
0.08910 76 24
0.11504 72 22
0.09264 0 0
0.08623 72 22
0.08384 77 24
0.08162 80 25
0.08208 84 27
0.08249 80 26
0.08278 77 24
0.08321 72 22
0.08318 0 0
0.08250 72 21
0.08189 77 23
0.08121 80 25
0.08167 84 28
0.08231 80 26
0.08291 77 23
0.11425 72 22
0.08740 0 0
0.08304 72 22
0.08248 76 23
0.08206 80 25
0.08160 84 27
0.08208 80 27
0.08275 76 24
0.08256 72 22
0.08239 0 0
0.08340 72 22
0.08449 76 23
0.08558 80 25
0.08669 84 26
0.08781 80 27
0.08910 76 24
0.11504 72 22
0.08743 0 0
0.08304 72 22
0.08248 77 23
0.08206 80 25
0.08160 84 27
0.08208 80 27
0.08275 77 26
0.08334 72 24
0.08292 0 0
0.08233 72 24
0.08167 77 25
0.08184 80 28
0.08247 84 29
0.08313 80 31
0.08373 77 28
0.11901 72 26
0.08305 0 0
0.08250 75 28
0.08207 80 30
0.08141 84 31
0.08088 87 32
0.08151 84 33
0.08209 80 32
0.08279 75 31
0.08346 0 0
0.08291 75 27
0.08230 79 31
0.08160 82 33
0.08207 87 37
0.08272 82 35
0.08345 79 34
0.11818 75 32
0.08346 0 0
0.08304 75 32
0.08248 80 34
0.08206 84 36
0.08160 87 39
0.08198 84 39
0.08449 80 35
0.08949 75 32
0.08292 0 0
0.08233 72 30
0.08167 77 33
0.08184 80 35
0.08247 84 35
0.08313 80 36
0.08373 77 33
0.11901 72 30
0.08485 0 0
0.08425 68 29
0.08366 72 31
0.08297 75 33
0.08286 80 35
0.08378 75 34
0.08449 72 31
0.08516 68 28
0.08770 0 0
0.08980 64 27
0.09158 70 29
0.09373 72 31
0.09582 76 31
0.09802 72 32
0.09771 70 29
0.11901 64 27
0.09021 0 0
0.08822 60 27
0.08619 65 29
0.08425 68 31
0.08235 72 32
0.08191 68 32
0.08275 65 29
0.08334 60 27
0.08292 0 0
0.08233 60 26
0.08167 65 28
0.08184 68 30
0.08247 72 31
0.08313 68 32
0.08373 65 29
0.11504 60 27
0.08702 0 0
0.08250 60 28
0.08207 65 31
0.08141 68 32
0.08088 72 33
0.08151 68 32
0.08209 65 30
0.08279 60 28
0.08346 0 0
0.08291 60 25
0.08230 65 27
0.08160 68 29
0.08207 72 32
0.08272 68 30
0.08345 65 29
0.11818 60 27
0.08346 0 0
0.08291 62 25
0.08230 65 27
0.08160 68 29
0.08207 74 32
0.08272 68 30
0.08345 65 29
0.11818 62 27
0.08346 0 0
0.08291 62 25
0.08230 68 27
0.08160 71 29
0.08207 74 32
0.08272 71 32
0.08345 68 31
0.08407 62 30
0.08432 0 0
0.08291 62 30
0.08230 68 31
0.08160 71 32
0.08207 74 33
0.08272 71 31
0.08345 68 30
0.08526 62 29
0.08433 0 0
0.08266 62 27
0.08230 69 30
0.08160 72 32
0.08207 74 36
0.08272 72 34
0.08345 69 33
0.11818 62 31
0.08660 0 0
0.08685 62 26
0.08527 67 28
0.08372 70 30
0.08235 74 32
0.08191 70 32
0.08275 67 29
0.08334 62 27
0.08292 0 0
0.08233 62 26
0.08167 67 28
0.08184 70 30
0.08247 74 31
0.08313 70 32
0.08373 67 29
0.11504 62 27
0.08702 0 0
0.08250 62 28
0.08207 67 31
0.08141 70 32
0.08088 74 33
0.08151 70 32
0.08209 67 30
0.08279 62 28
0.08346 0 0
0.08291 62 25
0.08230 67 27
0.08160 70 29
0.08207 74 32
0.08272 70 30
0.08345 67 29
0.11818 62 27
0.08346 0 0
0.08291 64 25
0.08230 67 27
0.08160 70 29
0.08207 76 32
0.08272 70 30
0.08345 67 29
0.09814 64 27
0.08346 0 0
0.08291 64 25
0.08230 70 27
0.08160 73 29
0.08207 76 32
0.08272 73 32
0.08345 70 31
0.08407 64 27
0.08432 0 0
0.08291 64 31
0.08230 70 31
0.08160 73 32
0.08207 76 33
0.08272 73 31
0.08345 70 30
0.08561 64 29
0.08433 0 0
0.08266 64 27
0.08230 71 30
0.08160 74 32
0.08207 76 36
0.08272 74 34
0.08345 71 33
0.11818 64 31
0.08660 0 0
0.08685 64 32
0.08527 69 35
0.08372 73 37
0.08235 76 40
0.08191 73 40
0.08275 69 36
0.08334 64 33
0.08292 0 0
0.08233 64 32
0.08167 69 35
0.08184 73 37
0.08247 76 38
0.08313 73 40
0.08373 69 36
0.11504 64 33
0.09056 0 0
0.08685 64 32
0.08527 69 35
0.08372 73 37
0.08235 76 40
0.08191 73 40
0.08275 69 36
0.08334 64 33
0.08292 0 0
0.08233 64 32
0.08167 69 35
0.08184 73 37
0.08247 76 38
0.08313 73 40
0.08373 69 36
0.11504 64 33
0.09056 0 0
0.08685 65 32
0.08527 68 35
0.08372 73 37
0.08235 77 41
0.08191 73 41
0.08275 68 37
0.08334 65 34
0.08292 0 0
0.08233 65 34
0.08167 68 37
0.08184 73 39
0.08247 77 41
0.08313 73 44
0.08373 68 39
0.08913 65 36
0.08967 0 0
0.08685 65 36
0.08527 68 39
0.08372 73 42
0.08235 77 46
0.08191 73 46
0.08275 68 42
0.08334 65 38
0.08292 0 0
0.08233 65 38
0.08167 68 42
0.08184 73 44
0.08247 77 45
0.08313 73 48
0.08373 68 44
0.11504 65 40
0.09056 0 0
0.08685 66 40
0.08527 72 44
0.08372 75 47
0.08235 80 51
0.08191 75 52
0.08275 72 47
0.08334 66 43
0.08292 0 0
0.08233 66 42
0.08167 72 47
0.08184 75 50
0.08247 80 52
0.08313 75 55
0.08373 72 50
0.10854 66 46
0.09170 0 0
0.08770 66 45
0.08669 72 50
0.08570 75 53
0.08485 80 58
0.08720 75 58
0.09076 72 53
0.09253 66 49
0.09358 0 0
0.09215 66 48
0.09061 72 53
0.09258 75 56
0.09614 80 58
0.09999 75 62
0.10402 72 56
0.09736 66 51
0.00290 0 0
0.66808 70 55
0.66808 82 77
0.66808 77 64
0.66808 73 55
0.50386 65 66
0.50386 61 57
0.50386 53 57
0.19576 70 59
0.19576 58 50
0.33942 56 50
0.67421 61 50
0.67421 65 56
0.67421 68 66
0.53044 61 64
0.53044 49 55
0.20071 63 54
0.20071 51 45
0.67476 65 68
0.67476 60 57
0.67476 53 57
1.27013 68 60
1.27013 56 42
1.27013 65 51
1.27013 60 42
0.71049 64 64
0.71049 54 50
0.71049 60 54
0.33374 58 49
0.66575 70 69
0.66575 65 58
0.66575 61 49
0.50127 65 66
0.50127 61 57
0.50127 53 57
0.18995 70 59
0.18995 58 50
0.33942 56 45
0.67421 61 44
0.67421 65 59
0.67421 68 70
0.49855 61 64
0.49855 49 55
0.16991 63 54
0.16991 51 45
0.64798 65 68
0.64798 59 57
0.64798 53 51
1.94615 68 64
1.94615 59 54
1.94615 63 54
0.33940 60 59
0.67141 68 59
0.67141 72 70
0.51184 68 60
0.51184 65 52
0.51184 56 52
0.19317 70 59
0.19317 58 50
0.67948 72 70
0.67948 68 59
0.67948 60 45
0.00135 60 46
0.67948 64 44
0.08969 0 0
0.09020 62 47
0.08927 64 48
0.00131 0 0
0.08836 65 50
0.08885 67 51
0.08751 68 53
0.13448 70 54
0.34188 60 51
0.67388 68 51
0.67388 72 61
0.51437 68 54
0.51437 65 46
0.51437 56 46
0.19559 70 57
0.19559 58 49
0.69037 72 66
0.69037 68 56
0.69037 60 42
0.00138 60 45
0.69037 64 41
0.09180 0 0
0.09209 62 46
0.09235 64 48
0.08992 65 50
0.09019 67 52
0.08783 68 53
0.13630 70 54
0.66575 60 51
0.66575 68 51
0.66575 72 61
0.51437 68 59
0.51437 65 50
0.19145 72 57
0.19145 68 49
0.65946 75 72
0.65946 63 55
0.65946 67 53
0.65946 70 61
0.64848 63 66
0.49753 68 66
2.10444 0 0
0.33374 65 47
0.66575 68 47
0.66575 77 56
0.66575 72 47
0.52288 79 54
0.52288 67 46
0.52288 72 46
0.18919 80 57
0.18919 68 49
0.65772 84 66
0.65772 72 50
0.65772 77 49
0.65772 80 56
0.32001 77 56
0.32001 65 47
0.10853 67 55
0.10946 68 57
0.11049 70 59
0.48866 71 67
0.48866 63 56
0.48866 68 56
0.08084 70 50
0.01347 0 0
0.08068 68 50
1.28659 77 59
0.67840 78 66
0.49974 67 47
0.66575 70 47
0.66575 79 56
0.66575 74 47
0.51733 81 54
0.51733 69 46
0.51733 74 46
0.18743 82 57
0.18743 70 49
0.65772 86 66
0.65772 74 50
0.65772 79 49
0.65772 82 56
0.32001 79 56
0.32001 67 47
0.10853 69 55
0.10946 70 57
0.11049 72 59
0.48866 73 67
0.48866 65 49
0.48866 70 56
0.08084 72 50
0.01347 0 0
0.08068 70 50
1.28659 79 59
0.66121 80 68
0.49974 69 51
0.66575 73 51
0.66575 81 70
0.66575 76 60
0.49459 83 62
0.49459 71 52
0.49459 76 52
0.17909 85 65
0.17909 73 56
0.65772 88 75
0.65772 76 57
0.65772 81 56
0.65772 85 64
0.64848 81 73
0.64848 69 62
0.66492 89 82
0.66492 77 58
0.66492 80 58
0.66492 85 69
0.65366 87 79
0.65366 75 67
0.65366 80 67
0.65366 77 67
0.64681 85 82
0.64681 73 58
0.64681 77 58
0.64681 80 69
0.49014 84 79
0.49014 72 56
0.49014 77 56
0.49014 80 67
0.16588 82 72
0.16588 70 61
0.11126 80 78
0.11126 69 53
0.11126 70 53
0.11068 71 54
0.11038 72 54
0.11008 73 54
0.10950 74 55
0.10949 75 55
0.10896 76 56
0.10892 77 56
0.10843 78 57
0.10835 79 57
0.10790 80 68
0.10778 74 56
0.10778 75 63
0.10778 76 59
0.10778 77 59
0.10795 78 59
0.10898 79 57
0.11057 80 58
0.11215 81 59
0.11377 82 60
0.14168 83 62
0.15829 84 63
0.64681 85 84
0.64681 82 71
0.49014 77 77
0.16588 82 65
0.64681 80 76
0.49014 73 66
0.16563 75 62
0.67317 77 57
1.40149 80 56
0.87566 0 0
0.08864 70 22
0.08659 73 24
0.08470 77 25
0.08436 82 27
0.08495 77 26
0.08544 73 24
0.08605 70 22
0.08549 0 0
0.08434 70 21
0.08335 73 23
0.08216 77 25
0.08290 82 28
0.08383 77 26
0.08367 73 23
0.20165 0 0
0.08304 68 22
0.08248 73 23
0.08206 77 25
0.08160 80 27
0.08208 77 27
0.08275 73 24
0.08334 68 22
0.08292 0 0
0.08233 68 22
0.08167 73 23
0.08184 77 25
0.08247 80 26
0.08313 77 27
0.08373 73 24
0.11901 68 22
0.08305 0 0
0.08250 68 23
0.08207 72 26
0.08141 77 27
0.08088 80 28
0.08151 77 27
0.08209 72 25
0.08002 68 23
0.08623 0 0
0.08291 72 21
0.08230 77 22
0.08160 80 24
0.08207 84 27
0.08272 80 25
0.08345 77 24
0.11818 72 22
0.08695 0 0
0.08695 72 23
0.08695 77 26
0.08680 80 27
0.08606 84 28
0.08566 80 27
0.08521 77 25
0.08476 72 23
0.08431 0 0
0.08387 72 21
0.08348 77 22
0.08348 80 24
0.08348 84 27
0.08348 80 25
0.08348 77 24
0.11344 72 22
0.09259 0 0
0.08623 72 22
0.08384 77 24
0.08162 80 25
0.08208 84 27
0.08249 80 26
0.08278 77 24
0.08321 72 22
0.08318 0 0
0.08250 72 21
0.08189 77 23
0.08121 80 25
0.08167 84 28
0.08231 80 26
0.08291 77 23
0.11425 72 23
0.08740 0 0
0.08304 72 22
0.08248 76 23
0.08206 80 25
0.08160 84 27
0.08208 80 27
0.08275 76 24
0.08295 72 22
0.08261 0 0
0.08362 72 22
0.08465 76 23
0.08578 80 25
0.08677 84 26
0.08796 80 27
0.08910 76 24
0.11504 72 22
0.09264 0 0
0.08623 72 22
0.08384 77 24
0.08162 80 25
0.08208 84 27
0.08249 80 26
0.08278 77 24
0.08321 72 22
0.08318 0 0
0.08250 72 21
0.08189 77 23
0.08121 80 25
0.08167 84 28
0.08231 80 26
0.08291 77 23
0.11425 72 23
0.08740 0 0
0.08304 72 22
0.08248 76 23
0.08206 80 25
0.08160 84 27
0.08208 80 27
0.08275 76 24
0.08256 72 22
0.08239 0 0
0.08340 72 22
0.08449 76 23
0.08558 80 25
0.08669 84 26
0.08781 80 27
0.08910 76 24
0.11504 72 22
0.08743 0 0
0.08304 72 22
0.08248 77 23
0.08206 80 25
0.08160 84 27
0.08208 80 27
0.08275 77 26
0.08334 72 24
0.08292 0 0
0.08233 72 24
0.08167 77 25
0.08184 80 28
0.08247 84 29
0.08313 80 31
0.08373 77 28
0.11901 72 26
0.08305 0 0
0.08250 75 28
0.08207 80 32
0.08141 84 33
0.08088 87 34
0.08151 84 34
0.08209 80 33
0.08279 75 30
0.08346 0 0
0.08291 75 27
0.08230 79 31
0.08160 82 33
0.08207 87 37
0.08272 82 35
0.08345 79 34
0.11818 75 32
0.08346 0 0
0.08304 75 32
0.08248 80 34
0.08206 84 36
0.08160 87 39
0.08198 84 39
0.08449 80 35
0.08949 75 32
0.08292 0 0
0.08233 72 30
0.08167 77 33
0.08184 80 35
0.08247 84 35
0.08313 80 36
0.08373 77 33
0.11901 72 30
0.08671 0 0
0.08694 68 29
0.08594 72 31
0.08485 75 33
0.08497 80 35
0.08594 75 34
0.08644 72 31
0.09824 68 28
0.08848 0 0
0.08953 64 27
0.09061 70 29
0.09186 72 31
0.09315 76 31
0.09432 72 32
0.09567 70 29
0.11901 64 27
0.08660 0 0
0.08685 60 26
0.08527 65 28
0.08372 68 30
0.08235 72 32
0.08191 68 32
0.08275 65 29
0.08334 60 27
0.08292 0 0
0.08233 60 26
0.08167 65 28
0.08184 68 30
0.08247 72 31
0.08313 68 32
0.08373 65 29
0.11504 60 27
0.08702 0 0
0.08250 60 28
0.08207 65 31
0.08141 68 32
0.08088 72 33
0.08151 68 32
0.08209 65 30
0.08279 60 28
0.08346 0 0
0.08291 60 25
0.08230 65 27
0.08160 68 29
0.08207 72 32
0.08272 68 30
0.08345 65 29
0.11818 60 27
0.08346 0 0
0.08291 62 25
0.08230 65 27
0.08160 68 29
0.08207 74 32
0.08272 68 30
0.08345 65 29
0.11818 62 27
0.08346 0 0
0.08291 62 25
0.08230 68 27
0.08160 71 29
0.08207 74 32
0.08272 71 33
0.08345 68 32
0.08407 62 30
0.08432 0 0
0.08291 62 30
0.08230 68 31
0.08160 71 31
0.08207 74 33
0.08272 71 31
0.08345 68 30
0.08526 62 29
0.08433 0 0
0.08266 62 27
0.08230 69 30
0.08160 72 32
0.08207 74 36
0.08272 72 34
0.08345 69 33
0.11818 62 31
0.08660 0 0
0.08685 62 26
0.08527 67 28
0.08372 70 30
0.08235 74 32
0.08191 70 32
0.08275 67 29
0.08334 62 27
0.08292 0 0
0.08233 62 26
0.08167 67 28
0.08184 70 30
0.08247 74 31
0.08313 70 32
0.08373 67 29
0.11504 62 27
0.08702 0 0
0.08250 62 28
0.08207 67 31
0.08141 70 32
0.08088 74 33
0.08151 70 32
0.08209 67 30
0.08279 62 28
0.08346 0 0
0.08291 62 25
0.08230 67 27
0.08160 70 29
0.08207 74 32
0.08272 70 30
0.08345 67 29
0.11818 62 27
0.08346 0 0
0.08291 64 25
0.08230 67 27
0.08160 70 29
0.08207 76 32
0.08272 70 30
0.08345 67 29
0.09814 64 27
0.08346 0 0
0.08291 64 25
0.08230 70 27
0.08160 73 29
0.08207 76 32
0.08272 73 32
0.08345 70 31
0.08407 64 29
0.08432 0 0
0.08291 64 30
0.08230 70 31
0.08160 73 32
0.08207 76 33
0.08272 73 31
0.08345 70 30
0.08561 64 29
0.08433 0 0
0.08266 64 27
0.08230 71 30
0.08160 74 32
0.08207 76 36
0.08272 74 34
0.08345 71 33
0.11818 64 31
0.08660 0 0
0.08685 64 32
0.08527 69 35
0.08372 73 37
0.08235 76 40
0.08191 73 40
0.08275 69 36
0.08334 64 33
0.08292 0 0
0.08233 64 32
0.08167 69 35
0.08184 73 37
0.08247 76 38
0.08313 73 40
0.08373 69 36
0.11504 64 33
0.09056 0 0
0.08685 64 32
0.08527 69 35
0.08372 73 37
0.08235 76 40
0.08191 73 40
0.08275 69 36
0.08334 64 33
0.08292 0 0
0.08233 64 32
0.08167 69 35
0.08184 73 37
0.08247 76 38
0.08313 73 40
0.08373 69 36
0.11504 64 33
0.09056 0 0
0.08685 65 32
0.08527 68 35
0.08372 73 37
0.08235 77 41
0.08191 73 41
0.08275 68 37
0.08334 65 34
0.08292 0 0
0.08233 65 34
0.08167 68 37
0.08184 73 39
0.08247 77 41
0.08313 73 44
0.08373 68 39
0.08913 65 36
0.08967 0 0
0.08685 65 36
0.08527 68 39
0.08372 73 42
0.08235 77 46
0.08191 73 46
0.08275 68 42
0.08334 65 38
0.08292 0 0
0.08233 65 38
0.08167 68 42
0.08184 73 44
0.08247 77 45
0.08313 73 48
0.08373 68 44
0.11504 65 40
0.09056 0 0
0.08685 66 40
0.08527 72 44
0.08372 75 47
0.08235 80 51
0.08191 75 52
0.08275 72 47
0.08334 66 43
0.08292 0 0
0.08233 66 42
0.08167 72 47
0.08184 75 50
0.08247 80 52
0.08313 75 55
0.08373 72 50
0.11504 66 46
0.09056 0 0
0.08685 66 45
0.08527 72 50
0.08372 75 53
0.08235 80 58
0.08171 75 58
0.08436 72 53
0.08906 66 49
0.09100 0 0
0.08987 66 48
0.08808 72 53
0.09161 75 56
0.09544 80 58
0.09968 75 62
0.10278 72 56
0.09474 66 51
0.00293 0 0
0.66891 70 52
0.66891 82 73
0.66891 77 61
0.66891 73 61
0.49459 77 66
0.49459 73 57
0.49459 65 57
0.18209 82 59
0.18209 70 50
0.67421 80 70
0.67421 73 53
0.67421 68 53
0.49855 73 64
0.49855 61 55
0.18048 75 54
0.18048 63 45
0.64885 77 68
0.64885 72 57
0.64885 65 57
1.22771 80 64
1.22771 68 45
1.22771 77 54
1.22771 72 45
0.67235 76 64
0.67235 66 54
0.67235 72 54
0.66575 70 50
0.66575 82 70
0.66575 77 59
0.66575 73 50
0.49459 65 60
0.49459 61 52
0.49459 53 52
0.18209 70 59
0.18209 58 50
0.67421 68 66
0.67421 56 42
0.67421 61 41
0.67421 65 56
0.49855 61 64
0.49855 49 49
0.18048 63 54
0.18048 51 45
0.64798 65 68
0.64798 60 57
0.64798 53 57
1.23277 68 64
1.23277 56 38
1.23277 65 54
1.23277 60 45
0.67235 64 64
0.67235 60 54
0.67235 54 48
0.33097 53 40
0.66575 61 40
0.66575 65 56
0.49459 61 60
0.18209 65 55
0.34385 68 58
0.34385 60 41
0.34385 63 41
0.34385 66 49
0.34869 0 0
0.08614 56 41
0.08567 57 43
0.08529 58 44
0.08484 59 45
0.08439 60 46
0.08405 61 47
0.08359 62 49
0.12517 63 51
0.66575 65 56
0.49459 61 59
0.18209 65 58
0.34385 68 58
0.34385 60 41
0.34385 63 41
0.34385 66 49
0.34869 0 0
0.08614 56 53
0.08567 57 54
0.08529 58 56
0.08484 59 57
0.08439 60 59
0.08405 61 60
0.08359 62 62
0.12213 63 63
0.34981 65 71
0.08560 53 57
0.08497 56 46
0.08420 61 46
0.08489 65 46
0.34502 0 0
0.08489 56 56
0.08439 61 47
0.08386 65 47
0.08330 68 47
0.34297 0 0
0.08439 61 56
0.08375 65 46
0.08319 68 46
0.08290 73 47
0.33948 0 0
0.08348 65 56
0.08296 68 47
0.08242 73 47
0.08187 77 47
0.33277 0 0
0.08219 68 56
0.08176 73 49
0.08134 77 49
0.08178 80 49
0.33007 0 0
0.08123 73 60
0.08070 77 50
0.08028 80 50
0.07977 85 50
0.32496 0 0
0.08049 77 61
0.08028 80 50
0.07997 85 50
0.07973 89 50
0.32274 0 0
0.07966 80 62
0.07926 85 50
0.07886 89 50
0.07845 92 51
0.59348 97 85
0.59348 85 78
0.59838 77 57
0.59838 85 80
0.59838 80 68
0.59838 73 57
0.65352 73 81
0.65352 68 68
0.65352 65 68
0.77750 53 66
0.77750 61 66
0.77750 65 78
0.77750 49 87
#  Piano left
0.08596 70 37
0.58593 0 0
0.57567 65 34
0.11818 70 39
0.08069 68 42
0.58012 0 0
0.57810 61 34
0.11901 63 31
0.65631 65 39
0.08069 68 37
0.61600 0 0
0.34764 37 35
0.17172 41 32
0.16997 44 32
0.16775 53 37
0.16955 56 31
0.17741 61 31
0.20682 65 31
0.08576 70 37
0.58515 0 0
0.57567 65 34
0.11818 70 39
0.08069 68 42
0.58012 0 0
0.57810 61 34
0.11901 63 31
0.65631 65 39
0.08069 68 37
0.61600 0 0
0.34764 41 35
0.17172 48 32
0.16997 53 32
0.16817 56 37
0.16696 60 31
0.16696 65 31
0.20083 68 31
0.08576 72 37
0.58515 0 0
0.57567 68 34
0.11818 70 39
0.08069 72 42
0.57973 0 0
0.09368 60 27
0.09646 62 28
0.09637 64 29
0.09775 65 30
0.10066 67 32
0.10062 68 33
0.13396 70 34
0.08576 72 37
0.58515 0 0
0.57567 68 34
0.11818 70 39
0.08069 72 42
0.57934 0 0
0.09346 60 27
0.09618 62 28
0.09614 64 29
0.09759 65 30
0.10051 67 32
0.10062 68 33
0.13396 70 34
0.08069 72 42
0.58012 0 0
0.57810 70 36
0.11901 68 37
0.08030 75 52
0.57601 0 0
0.69669 63 45
0.57911 68 58
0.08949 63 44
0.57810 65 47
0.11901 60 42
0.58686 63 56
0.08516 56 39
0.65437 60 42
0.11901 52 32
0.67922 53 43
0.57810 55 40
0.11901 56 37
0.08030 60 47
0.57601 0 0
0.41234 53 40
0.08272 55 34
0.08345 56 38
0.11818 58 42
0.49506 59 46
0.08345 58 41
0.11818 56 46
1.32722 65 51
0.69731 66 56
0.67278 55 43
0.57810 57 40
0.11901 58 37
0.08030 62 47
0.57601 0 0
0.41234 55 40
0.08272 57 34
0.08345 58 38
0.11818 60 42
0.49506 61 46
0.08345 60 41
0.09814 58 46
1.32756 67 51
0.69731 68 56
0.67278 57 53
0.57810 59 50
0.11901 61 46
0.08368 64 53
0.58910 0 0
0.69711 57 50
0.08368 65 53
0.58910 0 0
0.67031 63 53
0.67278 61 59
0.57810 60 59
0.11901 58 57
0.67278 56 66
0.67278 44 56
0.68961 55 68
0.68961 43 58
0.70416 54 71
0.70416 42 59
0.66907 53 75
0.66907 41 63
0.10025 51 72
0.10025 39 61
0.13758 37 63
0.13509 44 48
0.13268 49 50
0.13136 53 52
0.13136 58 54
0.69961 0 0
0.13637 41 63
0.13557 44 49
0.13479 49 52
0.13402 53 54
0.13345 56 57
0.73114 0 0
0.17132 32 63
0.16958 44 53
0.16792 56 53
0.16595 55 53
0.16365 54 51
0.16134 53 44
0.15902 52 44
0.15680 51 44
0.15568 50 51
0.15568 49 48
0.15715 48 44
0.16080 47 44
0.16335 46 48
0.16700 44 40
0.17910 43 44
0.20104 44 48
0.13351 37 63
0.13351 44 48
0.13312 49 50
0.13280 53 52
0.13280 58 54
0.69122 0 0
0.13637 34 63
0.13557 46 49
0.13479 49 52
0.13402 53 54
0.13345 56 57
0.66846 0 0
0.16555 37 63
0.16348 44 58
0.15950 49 58
0.15944 53 57
0.16110 56 57
0.15976 54 52
0.15808 53 51
0.15643 51 49
0.15505 49 51
0.15488 47 48
0.15552 46 48
0.15568 44 46
0.15892 42 51
0.16455 41 48
0.17344 39 50
0.19275 37 52
0.13582 36 59
0.13582 48 45
0.13416 53 47
0.13280 56 49
0.13280 60 51
0.70501 0 0
0.10309 48 39
0.09892 50 40
0.00145 0 0
0.09816 52 40
0.09491 53 41
0.09527 55 43
0.09299 56 44
0.09335 58 45
0.67101 0 0
0.13738 41 45
0.13709 48 35
0.13381 53 37
0.13280 56 39
0.13280 60 42
0.70996 0 0
0.10359 48 36
0.09892 50 37
0.00145 0 0
0.09816 52 37
0.09754 53 38
0.09812 55 40
0.09551 56 41
0.09572 58 42
0.68185 0 0
0.13351 41 45
0.13351 48 35
0.13312 53 37
0.13280 56 39
0.13280 60 42
0.70582 0 0
0.11460 39 46
0.11156 46 47
0.11016 51 48
0.10892 55 49
0.10772 58 50
0.10650 61 51
0.10575 0 0
0.10664 61 53
0.10761 58 51
0.10853 55 50
0.10946 51 49
0.11049 46 48
0.11286 44 46
0.11156 51 47
0.11016 56 48
0.10892 60 49
0.10772 63 50
0.10650 68 51
0.10559 72 51
0.10559 70 46
0.10559 68 46
0.10559 65 51
0.10559 63 47
0.10559 65 47
0.10559 63 52
0.10559 60 51
0.10559 56 50
0.10559 58 48
0.10559 56 47
0.10545 53 46
0.10586 51 44
0.10730 53 43
0.10885 51 42
0.11038 48 40
0.11663 44 39
0.12835 43 38
0.11126 41 46
0.11126 48 47
0.11122 53 48
0.11067 56 49
0.11067 60 50
0.11067 65 51
0.11646 0 0
0.11646 65 53
0.11646 60 51
0.11646 56 50
0.12267 53 49
0.12357 48 48
0.11286 41 46
0.11156 48 47
0.11016 53 48
0.10892 55 49
0.10772 56 50
0.10650 60 51
0.10575 0 0
0.10664 60 47
0.10761 56 49
0.10853 53 43
0.10946 48 45
0.11049 41 46
0.32649 59 34
0.32649 56 28
0.32649 53 28
0.32371 0 0
0.10723 51 34
0.10723 56 35
0.10723 59 37
0.10723 63 38
0.10723 65 39
0.10723 68 41
0.10723 71 43
0.10723 68 42
0.10723 65 41
0.10723 63 39
0.10723 59 38
0.10709 56 37
0.10712 50 41
0.10831 57 43
0.10990 60 46
0.11435 62 49
0.11944 66 51
0.11641 74 54
0.00286 0 0
0.11126 43 46
0.11126 50 41
0.11122 55 42
0.11067 58 44
0.11067 62 46
0.11067 67 49
0.11517 0 0
0.11517 67 52
0.11517 62 50
0.11517 58 48
0.12145 55 46
0.12264 50 43
0.11286 43 46
0.11156 50 47
0.11016 55 48
0.10892 57 49
0.10772 58 50
0.10650 62 51
0.10575 0 0
0.10664 62 47
0.10761 58 49
0.10853 55 43
0.10946 50 45
0.11049 43 46
0.32649 61 34
0.32649 58 28
0.32649 55 28
0.32371 0 0
0.10723 53 37
0.10723 58 39
0.10723 61 40
0.10723 65 41
0.10723 67 43
0.10723 70 44
0.09248 73 45
0.09248 70 46
0.09248 67 45
0.09248 65 44
0.09248 61 43
0.09248 58 42
0.08967 53 41
0.10712 52 43
0.10832 59 45
0.10953 62 46
0.11078 64 48
0.11206 68 50
0.11054 76 52
0.00286 0 0
0.11126 45 52
0.11126 52 54
0.11122 57 55
0.11067 61 56
0.11067 64 57
0.11067 69 58
0.11052 0 0
0.10978 69 60
0.10967 64 58
0.10967 61 57
0.11580 57 56
0.11822 52 55
0.11286 43 52
0.11156 49 54
0.11016 52 55
0.10892 57 56
0.10772 61 57
0.10650 64 58
0.10575 0 0
0.10664 64 54
0.10761 61 56
0.10853 57 58
0.10946 52 60
0.11049 43 63
0.11126 44 66
0.11126 45 41
0.11126 46 41
0.11068 47 42
0.11038 48 43
0.11008 49 43
0.10950 50 44
0.10949 51 45
0.10896 52 45
0.10892 53 45
0.10843 54 46
0.10835 55 46
0.10790 56 47
0.10778 57 47
0.10778 58 48
0.10778 59 49
0.10778 60 49
0.10778 61 50
0.10792 62 51
0.10852 63 51
0.10902 64 52
0.10963 65 53
0.11015 66 53
0.11077 67 54
0.66492 68 77
0.65366 67 75
0.65366 56 63
0.65366 55 63
0.64698 66 77
0.64698 56 65
0.64698 54 65
0.50303 65 71
0.50303 56 58
0.50303 53 58
0.24242 63 62
0.24242 51 52
0.10790 37 67
0.10778 44 47
0.10778 49 47
0.10778 53 47
0.10778 56 47
0.10778 61 45
0.10792 65 48
0.10852 68 41
0.10902 73 41
0.10963 68 41
0.11015 65 41
0.11077 61 41
0.10790 56 49
0.10778 53 35
0.10778 49 35
0.10778 44 36
0.10778 37 36
0.10778 44 36
0.10792 49 45
0.10852 53 38
0.10902 56 38
0.10963 61 34
0.11015 65 34
0.11052 68 33
0.10772 73 37
0.10927 68 32
0.11120 65 32
0.11285 61 32
0.11492 56 31
0.11720 53 30
0.11849 49 35
0.11775 44 30
0.11702 37 30
0.11642 44 30
0.11571 49 29
0.11584 53 29
0.11740 56 34
0.11680 53 29
0.11614 49 29
0.11553 53 28
0.11568 56 28
0.11871 61 28
0.12192 65 32
0.12455 61 27
0.12685 56 27
0.13037 61 27
0.13412 65 27
0.14481 68 27
0.09006 70 37
0.60372 0 0
0.58574 65 34
0.11818 70 39
0.08069 68 42
0.58012 0 0
0.57810 61 34
0.11901 63 31
0.65631 65 39
0.69669 68 43
0.34764 41 35
0.17172 48 32
0.16997 53 32
0.16817 56 37
0.16696 60 31
0.16696 65 31
0.20083 68 31
0.08576 72 37
0.58515 0 0
0.57567 68 34
0.11818 70 39
0.08069 72 42
0.57973 0 0
0.09368 60 27
0.09646 62 28
0.09637 64 29
0.09775 65 30
0.10066 67 32
0.10062 68 33
0.13396 70 34
0.08576 72 37
0.58515 0 0
0.57567 68 34
0.11818 70 39
0.08069 72 42
0.57934 0 0
0.09346 60 27
0.09618 62 28
0.09614 64 29
0.09759 65 30
0.10051 67 32
0.10062 68 33
0.13396 70 34
0.08069 72 42
0.58012 0 0
0.57810 70 36
0.11901 68 37
0.08030 75 52
0.57601 0 0
0.69669 63 45
0.57911 68 58
0.08949 63 44
0.57810 65 47
0.11901 60 42
0.60178 63 56
0.09824 56 39
0.64362 60 42
0.11901 52 32
0.67278 53 43
0.57810 55 40
0.11901 56 37
0.08030 60 47
0.57601 0 0
0.41234 53 40
0.08272 55 34
0.08345 56 38
0.11818 58 42
0.49506 59 46
0.08345 58 41
0.11818 56 46
1.32722 65 51
0.69731 66 56
0.67278 55 43
0.57810 57 40
0.11901 58 37
0.08030 62 47
0.57601 0 0
0.41234 55 40
0.08272 57 34
0.08345 58 38
0.11818 60 42
0.49506 61 46
0.08345 60 41
0.09814 58 46
1.32756 67 51
0.69731 68 56
0.67278 57 53
0.57810 59 50
0.11901 61 46
0.08368 64 53
0.58910 0 0
0.69711 57 50
0.08368 65 53
0.58910 0 0
0.67031 63 53
0.67278 61 59
0.57810 60 59
0.11901 58 57
0.67278 56 66
0.67278 44 56
0.69711 55 68
0.69711 43 58
0.67991 54 71
0.67991 42 59
0.65846 53 75
0.65846 41 63
0.09768 51 72
0.09768 39 61
0.11533 37 63
0.11187 44 48
0.10970 49 50
0.11067 53 56
0.11067 56 52
0.11067 61 52
0.67668 0 0
0.11371 37 63
0.11312 44 48
0.11259 49 50
0.11206 53 56
0.11153 56 52
0.10842 61 52
0.68182 0 0
0.16555 32 63
0.16348 44 58
0.15950 56 52
0.16031 55 51
0.15842 54 57
0.15585 53 52
0.15343 52 51
0.15100 51 49
0.14996 50 56
0.15282 49 52
0.15292 48 48
0.15330 47 46
0.15934 46 51
0.16455 44 48
0.16855 43 50
0.17991 44 52
0.13351 37 56
0.13351 44 43
0.13312 49 45
0.13280 53 46
0.13280 58 48
0.67668 0 0
0.13637 41 56
0.13557 44 44
0.13479 49 46
0.13402 53 48
0.13345 56 51
0.67903 0 0
0.16555 32 63
0.16348 44 58
0.15950 56 52
0.15944 55 51
0.15841 54 57
0.15681 53 52
0.15504 52 51
0.15351 51 49
0.15217 50 51
0.15216 49 46
0.15216 48 46
0.15251 47 44
0.15934 46 51
0.16455 44 47
0.16855 43 42
0.17991 44 36
0.11126 37 50
0.11126 44 33
0.11122 49 34
0.11067 53 35
0.11067 56 36
0.11067 54 37
0.11052 53 38
0.10978 51 39
0.10967 49 40
0.10967 48 41
0.11580 46 42
0.12123 45 43
0.08529 44 36
0.08529 46 26
0.08529 48 28
0.08799 49 30
0.08785 51 33
0.08735 53 35
0.08699 54 37
0.08650 55 40
0.71912 0 0
0.11126 37 43
0.11126 44 34
0.11122 49 35
0.11067 53 37
0.11067 56 38
0.11067 54 40
0.11052 53 42
0.10978 51 43
0.10967 49 45
0.10967 48 46
0.11580 46 48
0.12123 45 50
0.08529 44 32
0.08529 46 34
0.08529 48 36
0.08799 49 38
0.08785 51 40
0.08735 53 42
0.08699 54 45
0.08650 55 47
0.71609 0 0
0.08852 37 63
0.08785 53 48
0.08704 49 48
0.08639 44 48
0.33966 0 0
0.08704 56 62
0.08655 53 45
0.08595 49 45
0.08548 44 45
0.33645 0 0
0.08610 61 64
0.08627 56 46
0.08560 53 46
0.08501 49 46
0.33423 0 0
0.08571 65 63
0.08513 61 47
0.08455 56 47
0.08409 53 47
0.33073 0 0
0.08353 68 64
0.08352 65 48
0.08308 61 48
0.08264 56 48
0.32707 0 0
0.08330 73 65
0.08275 68 48
0.08230 65 48
0.08173 61 48
0.32198 0 0
0.08134 77 66
0.08155 73 50
0.08123 68 50
0.08084 65 50
0.32048 0 0
0.08127 80 69
0.08091 77 51
0.08049 73 52
0.08008 68 52
0.31623 0 0
0.59348 80 67
0.59348 77 56
0.59348 73 56
0.59838 68 63
0.59838 65 53
0.59838 61 45
0.65352 56 56
0.65352 61 67
0.77750 56 63
0.77750 44 53
0.77750 49 53
0.77750 37 75
0.77750 25 63
