"mz_330_3"

#  Piano right
0.00143 0 0
0.51227 76 60
0.08562 77 54
0.08562 79 54
0.34247 72 60
0.34247 74 49
0.34247 71 49
0.25685 74 53
0.08562 77 48
0.34247 71 53
0.34247 72 53
0.34247 76 53
0.73411 74 50
0.73411 71 50
0.51370 76 60
0.08562 77 56
0.08562 79 56
0.34247 72 61
0.17123 71 49
0.17123 74 49
0.17123 0 0
0.34247 77 54
0.34247 74 54
0.06922 76 49
0.06922 77 49
0.06922 76 49
0.06922 77 49
0.06922 76 49
0.34610 72 49
0.72449 74 52
0.72449 71 52
0.51370 77 64
0.08562 79 60
0.08562 77 60
0.34247 76 64
0.17493 76 62
0.17493 0 0
0.51370 81 69
0.08562 83 63
0.08562 84 63
0.34247 79 69
0.17123 79 69
0.17123 0 0
0.17123 79 68
0.12842 77 63
0.04281 0 0
0.17123 77 64
0.12842 74 63
0.04281 0 0
0.17123 77 69
0.12842 76 64
0.04281 0 0
0.17123 76 66
0.12842 72 64
0.04281 0 0
0.17123 73 64
0.17184 74 60
0.17244 76 64
0.17305 74 62
0.17399 72 63
0.17462 71 61
0.17524 69 61
0.18606 67 60
0.51370 76 70
0.08562 77 64
0.08562 79 64
0.34247 72 70
0.34247 71 60
0.34247 74 60
0.25685 74 63
0.08562 77 57
0.34247 71 63
0.34247 76 63
0.34247 72 63
0.71200 74 61
0.71200 71 61
0.51370 76 70
0.08562 77 67
0.08562 79 67
0.34247 72 71
0.17123 71 60
0.17123 74 60
0.17123 0 0
0.34247 74 64
0.34247 77 64
0.06922 76 60
0.06922 77 60
0.06922 76 60
0.06922 77 60
0.06922 76 60
0.34610 72 60
0.71148 74 62
0.71148 71 62
0.51370 77 77
0.08562 79 70
0.08562 77 70
0.34247 76 77
0.17493 76 74
0.17493 0 0
0.51370 81 78
0.08562 83 71
0.08562 84 69
0.34247 79 79
0.17123 79 77
0.17123 0 0
0.17399 80 77
0.17399 81 74
0.17123 77 75
0.17123 74 72
0.35950 72 75
0.37980 71 71
0.11600 72 75
0.11600 67 69
0.11600 76 66
0.11600 72 75
0.11600 79 69
0.11600 76 66
0.11416 84 73
0.11416 83 66
0.11416 81 65
0.11416 79 70
0.11416 77 67
0.11416 76 65
0.11662 73 63
0.11662 74 60
0.11662 77 60
0.11370 81 62
0.11370 77 57
0.11370 74 57
0.11370 79 61
0.11370 76 57
0.11370 72 57
0.11577 77 61
0.11577 74 55
0.13891 71 55
0.11629 72 75
0.11629 67 69
0.11629 76 67
0.11629 72 75
0.11629 79 69
0.11629 76 67
0.11416 84 73
0.11416 83 66
0.11416 81 64
0.11416 79 70
0.11416 77 67
0.11416 76 65
0.11662 73 63
0.11662 74 60
0.11658 77 59
0.11303 81 62
0.11303 77 57
0.11303 74 55
0.11303 79 61
0.11303 76 57
0.11303 72 54
0.11577 77 61
0.11577 74 55
0.11475 71 55
0.09494 72 52
0.28481 0 0
0.11029 67 50
0.33088 0 0
0.95807 60 50
0.69767 76 50
0.08721 77 46
0.08721 76 46
0.08677 74 46
0.08621 76 46
0.17156 79 50
0.17017 77 46
0.17045 76 51
0.17045 74 49
0.17045 72 49
0.19144 71 49
0.09036 72 52
0.26936 0 0
0.08925 73 55
0.26388 0 0
0.08721 74 56
0.25939 0 0
0.08523 75 60
0.25568 0 0
0.08523 76 63
0.26597 0 0
0.17305 79 62
0.17305 77 57
0.52292 76 62
0.08653 77 55
0.08653 76 55
0.34610 74 56
0.36145 0 0
0.69900 77 58
0.08427 79 48
0.08427 77 49
0.08427 76 49
0.08427 77 49
0.16854 81 55
0.16854 79 52
0.16854 77 52
0.16854 76 50
0.16854 74 50
0.17779 72 50
0.17123 71 49
0.08562 72 50
0.08562 0 0
0.08562 74 51
0.08562 0 0
0.08562 76 53
0.08562 0 0
0.08517 77 54
0.08517 0 0
0.08517 79 55
0.08547 0 0
0.08562 81 56
0.08562 0 0
0.08577 83 58
0.08607 0 0
0.08607 84 60
0.08607 0 0
0.08653 86 61
0.08653 0 0
0.08653 88 62
0.08653 0 0
0.10000 89 63
0.10000 0 0
0.71505 87 79
0.35753 88 75
0.40090 0 0
0.46966 76 64
0.11370 81 60
0.11370 84 60
0.11370 88 60
0.11370 84 58
0.11370 81 58
0.11370 84 60
0.11438 81 58
0.11507 76 58
0.46966 74 64
0.11370 79 60
0.11370 83 60
0.11370 86 60
0.11370 83 59
0.11370 79 59
0.11370 83 60
0.11370 79 58
0.12090 74 58
0.11370 0 0
0.11370 74 60
0.11370 81 60
0.11370 84 60
0.11370 81 58
0.12484 74 60
0.11370 0 0
0.11370 74 60
0.11370 79 60
0.11370 83 60
0.13335 79 59
0.13335 74 60
0.26048 81 68
0.08683 78 63
0.34730 74 60
0.62508 0 0
0.09870 67 43
0.85276 79 64
0.17055 78 50
0.17055 76 50
0.16487 74 50
0.00569 0 0
0.17055 74 53
0.17055 72 49
0.17055 71 50
0.17055 69 47
0.08427 74 54
0.25281 0 0
0.08427 72 51
0.28978 0 0
0.34522 70 53
0.34522 71 51
1.97608 0 0
0.10001 67 43
0.85227 79 64
0.17045 78 50
0.17045 76 50
0.16335 74 48
0.00710 0 0
0.17045 74 53
0.17045 72 47
0.17045 71 50
0.17045 69 50
0.08631 74 54
0.25892 0 0
0.08631 72 51
0.27864 0 0
0.34110 71 54
0.34110 0 0
0.08528 76 52
0.08528 78 55
0.08528 76 53
0.08528 78 62
0.17055 79 62
0.08528 79 60
0.08528 0 0
0.34110 79 60
0.36538 0 0
0.08524 81 52
0.08524 83 55
0.08524 81 52
0.08524 83 62
0.17047 84 62
0.08524 84 60
0.08524 0 0
0.34095 84 60
0.34956 0 0
0.08528 84 51
0.08528 86 54
0.08528 84 51
0.08528 86 63
0.17055 88 63
0.08528 88 60
0.08528 0 0
0.17055 88 60
0.17055 86 61
0.08528 84 56
0.08528 0 0
0.08528 83 56
0.08528 0 0
0.08427 81 56
0.25281 0 0
0.08427 86 56
0.28430 0 0
0.34730 84 62
0.36117 83 58
0.08528 76 51
0.08528 78 54
0.08528 76 51
0.08528 78 64
0.17055 79 64
0.08528 79 60
0.08528 0 0
0.34110 79 60
0.35807 0 0
0.08524 81 50
0.08524 83 54
0.08524 81 51
0.08524 83 66
0.17047 84 66
0.08524 84 60
0.08524 0 0
0.34095 84 60
0.34956 0 0
0.08528 84 50
0.08528 86 54
0.08528 84 51
0.08528 86 64
0.17055 88 64
0.08528 88 61
0.08528 0 0
0.17055 88 62
0.17055 86 61
0.08528 84 61
0.08528 0 0
0.08528 83 61
0.08528 0 0
0.17055 83 62
0.17055 81 61
0.08528 79 61
0.08528 0 0
0.10274 78 61
0.10274 0 0
0.46307 86 84
0.11577 83 61
0.11577 79 61
0.11577 78 63
0.11577 81 63
0.11577 74 61
0.11577 79 63
0.12283 83 61
0.12989 74 61
0.46255 81 70
0.11612 78 58
0.11737 74 59
0.11828 73 61
0.11958 74 57
0.12052 69 57
0.12186 72 60
0.12809 74 57
0.13333 69 57
0.46307 86 77
0.11577 83 61
0.11577 79 61
0.11577 78 63
0.11577 81 63
0.11577 74 61
0.11577 79 63
0.12113 83 61
0.12650 74 61
0.46255 81 71
0.11612 78 55
0.11737 74 55
0.11828 73 57
0.11958 74 54
0.12052 69 54
0.12186 72 55
0.12384 74 53
0.12484 69 53
0.12484 71 53
0.11996 67 54
0.11507 71 56
0.11507 74 57
0.11507 71 58
0.11507 74 61
0.11507 79 61
0.11507 74 63
0.11507 79 64
0.11507 83 64
0.11507 79 67
0.11507 83 68
0.11648 86 69
0.11648 83 70
0.12694 86 73
0.11791 89 73
0.11847 86 70
0.11902 83 68
0.11958 79 66
0.12013 77 64
0.12090 74 61
0.12148 71 60
0.12206 67 56
0.12264 65 54
0.09615 64 51
0.09615 0 0
0.18136 76 48
0.18136 75 48
0.18136 76 48
0.18136 75 49
0.18136 76 49
0.18750 75 49
0.18750 76 49
1.10568 67 53
0.19101 71 49
0.21130 69 49
0.40231 66 49
0.12568 0 0
0.12038 67 54
0.11507 71 56
0.11507 74 57
0.11507 71 58
0.11507 74 61
0.11507 79 61
0.11507 74 63
0.11507 79 64
0.11507 83 64
0.11507 79 67
0.11507 83 68
0.11648 86 69
0.11648 83 70
0.12694 86 73
0.11791 89 73
0.11847 86 70
0.11902 83 68
0.11958 79 66
0.12013 77 64
0.12090 74 61
0.12148 71 60
0.12206 67 56
0.12264 65 54
0.09615 64 51
0.09615 0 0
0.18250 76 48
0.18250 75 48
0.18250 76 46
0.18250 75 49
0.18250 76 47
0.18250 75 49
0.19360 76 47
0.18250 0 0
0.18250 79 54
0.18212 78 58
0.18136 79 55
0.18136 78 61
0.18039 79 59
0.18020 78 61
0.17237 79 64
0.00746 0 0
0.18727 79 62
0.17166 74 51
0.01561 0 0
0.08683 74 54
0.08683 0 0
0.08683 74 51
0.08683 0 0
0.17365 76 57
0.15918 74 53
0.01447 0 0
0.08899 72 52
0.08899 0 0
0.08899 71 51
0.08899 0 0
0.35596 71 49
0.35596 0 0
0.08528 69 48
0.08528 71 45
0.08528 69 48
0.08528 71 45
0.05896 69 48
0.05896 71 46
0.00147 0 0
0.05896 69 46
0.08843 67 51
0.08843 69 48
0.35373 67 50
0.37426 0 0
0.46902 74 50
0.04264 78 48
0.08528 76 48
0.08528 74 48
0.08789 86 57
0.26368 0 0
0.08789 84 56
0.26368 0 0
0.08789 83 54
0.26368 0 0
0.08789 81 51
0.26368 0 0
0.70315 79 55
0.46902 74 50
0.04264 78 48
0.08528 76 48
0.08528 74 48
0.08843 86 56
0.26530 0 0
0.09068 84 53
0.27203 0 0
0.09068 83 52
0.27203 0 0
0.09617 81 49
0.28850 0 0
0.35373 79 53
0.29478 0 0
0.05896 74 56
0.51165 86 70
0.05685 84 52
0.05685 83 51
0.05685 81 48
0.35373 79 53
0.29478 0 0
0.05896 74 56
0.51165 86 71
0.05685 84 53
0.05685 83 51
0.05685 81 49
0.41672 79 53
0.28846 62 42
0.09615 67 41
0.19231 71 43
0.19231 0 0
0.45461 60 36
0.45461 69 36
1.02950 69 36
1.02950 60 36
0.63681 59 37
0.63681 67 37
0.34456 0 0
0.51227 76 60
0.08562 77 54
0.08562 79 54
0.34247 72 60
0.34247 74 49
0.34247 71 49
0.25685 74 53
0.08562 77 48
0.34247 71 53
0.34247 72 53
0.34247 76 53
0.73411 74 50
0.73411 71 50
0.51370 76 60
0.08562 77 56
0.08562 79 56
0.34247 72 61
0.17123 71 49
0.17123 74 49
0.17123 0 0
0.34247 77 54
0.34247 74 54
0.06922 76 49
0.06922 77 49
0.06922 76 49
0.06922 77 49
0.06922 76 49
0.34610 72 49
0.72449 74 52
0.72449 71 52
0.51370 77 64
0.08562 79 60
0.08562 77 60
0.34247 76 64
0.17493 76 62
0.17493 0 0
0.51370 81 69
0.08562 83 63
0.08562 84 63
0.34247 79 69
0.17123 79 69
0.17123 0 0
0.17123 79 68
0.12842 77 63
0.04281 0 0
0.17123 77 64
0.12842 74 63
0.04281 0 0
0.17123 77 69
0.12842 76 64
0.04281 0 0
0.17123 76 66
0.12842 72 64
0.04281 0 0
0.17123 73 64
0.17184 74 60
0.17244 76 64
0.17305 74 62
0.17399 72 63
0.17462 71 61
0.17524 69 61
0.18606 67 60
0.51370 76 70
0.08562 77 64
0.08562 79 64
0.34247 72 70
0.34247 71 60
0.34247 74 60
0.25685 74 63
0.08562 77 57
0.34247 71 63
0.34247 76 63
0.34247 72 63
0.71200 74 61
0.71200 71 61
0.51370 76 70
0.08562 77 67
0.08562 79 67
0.34247 72 71
0.17123 71 60
0.17123 74 60
0.17123 0 0
0.34247 74 64
0.34247 77 64
0.06922 76 60
0.06922 77 60
0.06922 76 60
0.06922 77 60
0.06922 76 60
0.34610 72 60
0.71148 74 62
0.71148 71 62
0.51370 77 77
0.08562 79 70
0.08562 77 70
0.34247 76 77
0.17493 76 74
0.17493 0 0
0.51370 81 78
0.08562 83 71
0.08562 84 69
0.34247 79 79
0.17123 79 77
0.17123 0 0
0.17399 80 77
0.17399 81 74
0.17123 77 75
0.17123 74 72
0.35950 72 75
0.37980 71 71
0.11600 72 75
0.11600 67 69
0.11600 76 66
0.11600 72 75
0.11600 79 69
0.11600 76 66
0.11416 84 73
0.11416 83 66
0.11416 81 65
0.11416 79 70
0.11416 77 67
0.11416 76 65
0.11662 73 63
0.11662 74 60
0.11662 77 60
0.11370 81 62
0.11370 77 57
0.11370 74 57
0.11370 79 61
0.11370 76 57
0.11370 72 57
0.11577 77 61
0.11577 74 55
0.13891 71 55
0.11629 72 75
0.11629 67 69
0.11629 76 67
0.11629 72 75
0.11629 79 69
0.11629 76 67
0.11416 84 73
0.11416 83 66
0.11416 81 64
0.11416 79 70
0.11416 77 67
0.11416 76 65
0.11662 73 63
0.11662 74 60
0.11658 77 59
0.11303 81 62
0.11303 77 57
0.11303 74 55
0.11303 79 61
0.11303 76 57
0.11303 72 54
0.11577 77 61
0.11577 74 55
0.11475 71 55
0.09494 72 52
0.28481 0 0
0.11029 67 50
0.33088 0 0
0.95807 60 50
0.69767 76 50
0.08721 77 46
0.08721 76 46
0.08677 74 46
0.08621 76 46
0.17156 79 50
0.17017 77 46
0.17045 76 51
0.17045 74 49
0.17045 72 49
0.19144 71 49
0.09036 72 52
0.26936 0 0
0.08925 73 55
0.26388 0 0
0.08721 74 56
0.25939 0 0
0.08523 75 60
0.25568 0 0
0.08523 76 63
0.26597 0 0
0.17305 79 62
0.17305 77 57
0.52292 76 62
0.08653 77 55
0.08653 76 55
0.34610 74 56
0.36145 0 0
0.69900 77 58
0.08427 79 48
0.08427 77 49
0.08427 76 49
0.08427 77 49
0.16854 81 55
0.16854 79 52
0.16854 77 52
0.16854 76 50
0.16854 74 50
0.17779 72 50
0.17123 71 49
0.08562 72 50
0.08562 0 0
0.08562 74 51
0.08562 0 0
0.08562 76 53
0.08562 0 0
0.08517 77 54
0.08517 0 0
0.08517 79 55
0.08547 0 0
0.08562 81 56
0.08562 0 0
0.08577 83 58
0.08607 0 0
0.08607 84 60
0.08607 0 0
0.08653 86 61
0.08653 0 0
0.08653 88 62
0.08653 0 0
0.10000 89 63
0.10000 0 0
0.71505 87 79
0.35753 88 75
0.40091 0 0
0.46966 76 64
0.11370 81 60
0.11370 84 60
0.11370 88 60
0.11370 84 58
0.11370 81 58
0.11370 84 60
0.11438 81 58
0.11507 76 58
0.46966 74 64
0.11370 79 60
0.11370 83 60
0.11370 86 60
0.11370 83 59
0.11370 79 59
0.11370 83 60
0.11370 79 58
0.12090 74 58
0.11370 0 0
0.11370 74 60
0.11370 81 60
0.11370 84 60
0.11370 81 58
0.12484 74 60
0.11370 0 0
0.11370 74 60
0.11370 79 60
0.11370 83 60
0.13335 79 59
0.13335 74 60
0.26048 81 68
0.08683 78 63
0.34730 74 60
0.62508 0 0
0.09870 67 43
0.85276 79 64
0.17055 78 50
0.17055 76 50
0.16487 74 50
0.00569 0 0
0.17055 74 53
0.17055 72 49
0.17055 71 50
0.17055 69 47
0.08427 74 54
0.25281 0 0
0.08427 72 51
0.28978 0 0
0.34522 70 53
0.34522 71 51
1.97608 0 0
0.10001 67 43
0.85227 79 64
0.17045 78 50
0.17045 76 50
0.16335 74 48
0.00710 0 0
0.17045 74 53
0.17045 72 47
0.17045 71 50
0.17045 69 50
0.08631 74 54
0.25892 0 0
0.08631 72 51
0.27864 0 0
0.34110 71 54
0.34110 0 0
0.08528 76 52
0.08528 78 55
0.08528 76 53
0.08528 78 62
0.17055 79 62
0.08528 79 60
0.08528 0 0
0.34110 79 60
0.36538 0 0
0.08524 81 52
0.08524 83 55
0.08524 81 52
0.08524 83 62
0.17047 84 62
0.08524 84 60
0.08524 0 0
0.34095 84 60
0.34956 0 0
0.08528 84 51
0.08528 86 54
0.08528 84 51
0.08528 86 63
0.17055 88 63
0.08528 88 60
0.08528 0 0
0.17055 88 60
0.17055 86 61
0.08528 84 56
0.08528 0 0
0.08528 83 56
0.08528 0 0
0.08427 81 56
0.25281 0 0
0.08427 86 56
0.28430 0 0
0.34730 84 62
0.36117 83 58
0.08528 76 51
0.08528 78 54
0.08528 76 51
0.08528 78 64
0.17055 79 64
0.08528 79 60
0.08528 0 0
0.34110 79 60
0.35807 0 0
0.08524 81 50
0.08524 83 54
0.08524 81 51
0.08524 83 66
0.17047 84 66
0.08524 84 60
0.08524 0 0
0.34095 84 60
0.34956 0 0
0.08528 84 50
0.08528 86 54
0.08528 84 51
0.08528 86 64
0.17055 88 64
0.08528 88 61
0.08528 0 0
0.17055 88 62
0.17055 86 61
0.08528 84 61
0.08528 0 0
0.08528 83 61
0.08528 0 0
0.17055 83 62
0.17055 81 61
0.08528 79 61
0.08528 0 0
0.10274 78 61
0.10274 0 0
0.46307 86 84
0.11577 83 61
0.11577 79 61
0.11577 78 63
0.11577 81 63
0.11577 74 61
0.11577 79 63
0.12283 83 61
0.12989 74 61
0.46255 81 70
0.11612 78 58
0.11737 74 59
0.11828 73 61
0.11958 74 57
0.12052 69 57
0.12186 72 60
0.12809 74 57
0.13333 69 57
0.46307 86 77
0.11577 83 61
0.11577 79 61
0.11577 78 63
0.11577 81 63
0.11577 74 61
0.11577 79 63
0.12113 83 61
0.12650 74 61
0.46255 81 71
0.11612 78 55
0.11737 74 55
0.11828 73 57
0.11958 74 54
0.12052 69 54
0.12186 72 55
0.12384 74 53
0.12484 69 53
0.12484 71 53
0.11996 67 54
0.11507 71 56
0.11507 74 57
0.11507 71 58
0.11507 74 61
0.11507 79 61
0.11507 74 63
0.11507 79 64
0.11507 83 64
0.11507 79 67
0.11507 83 68
0.11648 86 69
0.11648 83 70
0.12694 86 73
0.11791 89 73
0.11847 86 70
0.11902 83 68
0.11958 79 66
0.12013 77 64
0.12090 74 61
0.12148 71 60
0.12206 67 56
0.12264 65 54
0.09615 64 51
0.09615 0 0
0.18136 76 48
0.18136 75 48
0.18136 76 48
0.18136 75 49
0.18136 76 49
0.18750 75 49
0.18750 76 49
1.10568 67 53
0.19101 71 49
0.21130 69 49
0.40231 66 49
0.12568 0 0
0.12038 67 54
0.11507 71 56
0.11507 74 57
0.11507 71 58
0.11507 74 61
0.11507 79 61
0.11507 74 63
0.11507 79 64
0.11507 83 64
0.11507 79 67
0.11507 83 68
0.11648 86 69
0.11648 83 70
0.12694 86 73
0.11791 89 73
0.11847 86 70
0.11902 83 68
0.11958 79 66
0.12013 77 64
0.12090 74 61
0.12148 71 60
0.12206 67 56
0.12264 65 54
0.09615 64 51
0.09615 0 0
0.18250 76 48
0.18250 75 48
0.18250 76 46
0.18250 75 49
0.18250 76 47
0.18250 75 49
0.19360 76 47
0.18250 0 0
0.18250 79 54
0.18212 78 58
0.18136 79 55
0.18136 78 61
0.18039 79 59
0.18020 78 61
0.17237 79 64
0.00746 0 0
0.18727 79 62
0.17166 74 51
0.01561 0 0
0.08683 74 54
0.08683 0 0
0.08683 74 51
0.08683 0 0
0.17365 76 57
0.15918 74 53
0.01447 0 0
0.08899 72 52
0.08899 0 0
0.08899 71 51
0.08899 0 0
0.35596 71 49
0.35596 0 0
0.08528 69 48
0.08528 71 45
0.08528 69 48
0.08528 71 45
0.05896 69 48
0.05896 71 46
0.00147 0 0
0.05896 69 46
0.08843 67 51
0.08843 69 48
0.35373 67 50
0.37426 0 0
0.46902 74 50
0.04264 78 48
0.08528 76 48
0.08528 74 48
0.08789 86 57
0.26368 0 0
0.08789 84 56
0.26368 0 0
0.08789 83 54
0.26368 0 0
0.08789 81 51
0.26368 0 0
0.70315 79 55
0.46902 74 50
0.04264 78 48
0.08528 76 48
0.08528 74 48
0.08843 86 56
0.26530 0 0
0.09068 84 53
0.27203 0 0
0.09068 83 52
0.27203 0 0
0.09617 81 49
0.28850 0 0
0.35373 79 53
0.29478 0 0
0.05896 74 56
0.51165 86 70
0.05685 84 52
0.05685 83 51
0.05685 81 48
0.35373 79 53
0.29478 0 0
0.05896 74 56
0.51165 86 71
0.05685 84 53
0.05685 83 51
0.05685 81 49
0.41672 79 53
0.28846 62 42
0.09615 67 41
0.19231 71 43
0.19231 0 0
0.45461 60 36
0.45461 69 36
1.02950 69 36
1.02950 60 36
0.63681 59 37
0.63681 67 37
0.34313 0 0
0.34313 74 47
0.17045 71 43
0.17045 0 0
0.17045 71 43
0.17045 0 0
0.03797 71 36
0.03797 72 36
0.03797 71 36
0.03797 72 36
0.03797 71 36
0.09494 69 41
0.09494 71 41
0.36585 74 49
0.09010 72 43
0.26208 0 0
0.69706 69 43
0.34313 72 51
0.09146 71 44
0.27439 0 0
0.34730 74 53
0.10563 72 43
0.31690 0 0
0.71633 76 60
0.34945 74 49
0.34945 0 0
0.34110 74 60
0.17055 67 50
0.17055 0 0
0.34110 67 50
0.03537 68 42
0.03537 69 42
0.03537 68 42
0.03537 69 42
0.03537 68 42
0.08843 66 43
0.08843 68 43
0.34110 69 50
0.08736 72 50
0.26208 0 0
0.70696 76 60
0.34110 74 48
0.09259 67 43
0.27778 0 0
0.35596 72 47
0.10534 66 43
0.31601 0 0
0.76923 69 43
0.37703 67 41
0.34110 0 0
0.34110 74 47
0.17055 71 43
0.17055 0 0
0.17055 71 43
0.17055 0 0
0.03516 71 36
0.03516 72 36
0.03516 71 36
0.03516 72 36
0.03516 71 36
0.08789 69 41
0.08789 71 41
0.34110 74 49
0.08528 72 43
0.25583 0 0
0.68994 69 43
0.32934 72 51
0.08929 71 44
0.26786 0 0
0.32559 74 53
0.09259 72 43
0.27778 0 0
0.67416 76 60
0.33319 74 49
0.33708 0 0
0.32934 74 54
0.08528 72 47
0.25583 0 0
0.32934 76 55
0.08843 74 43
0.26530 0 0
0.67024 77 61
0.33512 76 51
0.33512 0 0
0.32934 76 56
0.08721 74 49
0.26163 0 0
0.32934 77 57
0.09036 76 47
0.27108 0 0
0.67024 79 64
0.33512 77 54
0.34522 0 0
0.49402 76 56
0.08234 77 53
0.08234 79 53
0.32934 77 56
0.16467 76 56
0.16467 0 0
0.65869 74 55
0.32934 0 0
0.16854 79 64
0.16854 0 0
0.36271 77 63
0.34110 75 44
0.34110 0 0
0.16756 72 43
0.16756 0 0
0.36271 71 50
0.34110 74 47
0.34110 0 0
0.16756 79 64
0.50866 0 0
0.16756 77 47
0.16756 75 47
0.34110 0 0
0.16659 74 43
0.16659 72 43
0.34110 71 51
0.34110 74 43
0.18293 0 0
0.16756 79 61
0.16756 78 62
0.16756 79 61
0.17472 0 0
0.17055 75 57
0.17055 74 60
0.17055 75 58
0.17472 0 0
0.17157 72 55
0.17157 71 57
0.17157 72 56
0.34110 71 64
0.09068 74 56
0.27203 0 0
0.34110 71 62
0.09183 74 56
0.27550 0 0
0.34110 71 62
0.08528 74 54
0.93803 0 0
0.35373 74 37
0.09680 77 34
0.29040 0 0
0.35373 74 37
0.09813 77 34
0.29439 0 0
0.37703 74 37
0.08954 77 35
0.98638 0 0
0.51227 76 60
0.08562 77 54
0.08562 79 54
0.34247 72 60
0.34247 74 49
0.34247 71 49
0.25685 74 53
0.08562 77 48
0.34247 71 53
0.34247 72 53
0.34247 76 53
0.73411 74 50
0.73411 71 50
0.51370 76 60
0.08562 77 56
0.08562 79 56
0.34247 72 61
0.17123 71 49
0.17123 74 49
0.17123 0 0
0.34247 77 54
0.34247 74 54
0.06922 76 49
0.06922 77 49
0.06922 76 49
0.06922 77 49
0.06922 76 49
0.34610 72 49
0.72449 74 52
0.72449 71 52
0.51370 77 64
0.08562 79 60
0.08562 77 60
0.34247 76 64
0.17493 76 62
0.17493 0 0
0.51370 81 69
0.08562 83 63
0.08562 84 63
0.34247 79 69
0.17123 79 69
0.17123 0 0
0.17123 79 68
0.12842 77 63
0.04281 0 0
0.17123 77 64
0.12842 74 63
0.04281 0 0
0.17123 77 69
0.12842 76 64
0.04281 0 0
0.17123 76 66
0.12842 72 64
0.04281 0 0
0.17123 73 64
0.17184 74 60
0.17244 76 64
0.17305 74 62
0.17399 72 63
0.17462 71 61
0.17524 69 61
0.18606 67 60
0.51370 76 70
0.08562 77 64
0.08562 79 64
0.34247 72 70
0.34247 71 60
0.34247 74 60
0.25685 74 63
0.08562 77 57
0.34247 71 63
0.34247 76 63
0.34247 72 63
0.71200 74 61
0.71200 71 61
0.51370 76 70
0.08562 77 67
0.08562 79 67
0.34247 72 71
0.17123 71 60
0.17123 74 60
0.17123 0 0
0.34247 74 64
0.34247 77 64
0.06922 76 60
0.06922 77 60
0.06922 76 60
0.06922 77 60
0.06922 76 60
0.34610 72 60
0.71148 74 62
0.71148 71 62
0.51370 77 77
0.08562 79 70
0.08562 77 70
0.34247 76 77
0.17493 76 74
0.17493 0 0
0.51370 81 78
0.08562 83 71
0.08562 84 69
0.34247 79 79
0.17123 79 77
0.17123 0 0
0.17399 80 77
0.17399 81 74
0.17123 77 75
0.17123 74 72
0.35950 72 75
0.37980 71 71
0.11600 72 75
0.11600 67 69
0.11600 76 66
0.11600 72 75
0.11600 79 69
0.11600 76 66
0.11416 84 73
0.11416 83 66
0.11416 81 65
0.11416 79 70
0.11416 77 67
0.11416 76 65
0.11662 73 63
0.11662 74 60
0.11662 77 60
0.11370 81 62
0.11370 77 57
0.11370 74 57
0.11370 79 61
0.11370 76 57
0.11370 72 57
0.11577 77 61
0.11577 74 55
0.13891 71 55
0.11629 72 75
0.11629 67 69
0.11629 76 67
0.11629 72 75
0.11629 79 69
0.11629 76 67
0.11416 84 73
0.11416 83 66
0.11416 81 64
0.11416 79 70
0.11416 77 67
0.11416 76 65
0.11662 73 63
0.11662 74 60
0.11658 77 59
0.11303 81 62
0.11303 77 57
0.11303 74 55
0.11303 79 61
0.11303 76 57
0.11303 72 54
0.11577 77 61
0.11577 74 55
0.11475 71 55
0.09494 72 52
0.28481 0 0
0.11029 67 50
0.33088 0 0
0.95807 60 50
0.69767 76 50
0.08721 77 46
0.08721 76 46
0.08677 74 46
0.08621 76 46
0.17156 79 50
0.17017 77 46
0.17045 76 51
0.17045 74 49
0.17045 72 49
0.19144 71 49
0.09036 72 52
0.26936 0 0
0.08925 73 55
0.26388 0 0
0.08721 74 56
0.25939 0 0
0.08523 75 60
0.25568 0 0
0.08523 76 63
0.26597 0 0
0.17305 79 62
0.17305 77 57
0.52292 76 62
0.08653 77 55
0.08653 76 55
0.34610 74 56
0.36145 0 0
0.69900 77 58
0.08427 79 48
0.08427 77 49
0.08427 76 49
0.08427 77 49
0.16854 81 55
0.16854 79 52
0.16854 77 52
0.16854 76 50
0.16854 74 50
0.17779 72 50
0.17123 71 49
0.08562 72 50
0.08562 0 0
0.08562 74 51
0.08562 0 0
0.08562 76 53
0.08562 0 0
0.08517 77 54
0.08517 0 0
0.08517 79 55
0.08547 0 0
0.08562 81 56
0.08562 0 0
0.08577 83 58
0.08607 0 0
0.08607 84 60
0.08607 0 0
0.08653 86 61
0.08653 0 0
0.08653 88 62
0.08653 0 0
0.10000 89 63
0.10000 0 0
0.71505 87 79
0.35753 88 75
0.40090 0 0
0.53630 70 64
0.11370 76 60
0.11370 79 60
0.11370 82 60
0.11370 79 58
0.11370 76 58
0.11370 79 60
0.11438 76 58
0.11507 70 58
0.46966 69 64
0.11370 72 60
0.11370 77 58
0.11370 81 60
0.11370 77 59
0.11370 72 59
0.11370 77 60
0.11370 72 59
0.12090 69 59
0.46966 67 64
0.11370 73 60
0.11370 76 58
0.11320 79 60
0.11438 76 58
0.11559 73 58
0.11684 76 60
0.11756 73 58
0.12090 67 58
0.47172 66 64
0.11577 69 60
0.11577 74 57
0.11370 78 60
0.11370 74 58
0.11370 69 58
0.11370 74 60
0.11370 69 58
0.12090 66 58
0.47103 65 64
0.11507 71 60
0.11507 74 58
0.11507 77 60
0.11507 74 58
0.11507 71 58
0.11507 74 60
0.11507 71 58
0.12090 65 59
0.46966 64 64
0.11370 67 60
0.11370 72 60
0.11370 76 60
0.11370 72 58
0.11370 67 58
0.11370 72 60
0.11370 67 57
0.12090 64 57
0.11370 0 0
0.11370 62 60
0.11370 69 58
0.11370 74 58
0.11370 69 60
0.12484 62 58
0.11370 0 0
0.11370 62 60
0.11370 69 57
0.11370 72 60
0.12442 69 58
0.13514 62 58
0.35158 71 63
0.53560 0 0
0.09146 79 62
0.09146 0 0
0.09615 81 64
0.09615 0 0
0.10417 83 68
0.10417 0 0
0.88998 84 64
0.17365 83 50
0.17365 81 51
0.16642 79 50
0.00724 0 0
0.17365 79 53
0.17365 77 50
0.17365 76 51
0.17365 74 50
0.08528 79 54
0.25583 0 0
0.08528 77 51
0.26663 0 0
0.34945 75 53
0.34945 76 51
1.19386 0 0
0.08528 79 54
0.08528 0 0
0.08824 80 57
0.08824 0 0
0.08824 81 61
0.08824 0 0
0.09494 82 64
0.09494 0 0
0.09868 83 67
0.09355 0 0
0.88998 84 73
0.17365 83 48
0.17365 81 50
0.16786 79 47
0.00579 0 0
0.17365 79 53
0.17365 77 47
0.17365 76 50
0.17365 74 48
0.08528 79 54
0.25583 0 0
0.08528 77 51
0.26663 0 0
0.36271 76 51
0.34110 0 0
0.08528 81 63
0.08528 83 56
0.08528 81 62
0.08528 83 61
0.17055 84 68
0.08528 84 66
0.08528 0 0
0.34110 84 64
0.34110 0 0
0.08528 86 68
0.08528 88 59
0.08528 86 65
0.08528 88 68
0.17055 89 68
0.08528 89 64
0.08528 0 0
0.34110 89 64
0.34963 0 0
0.08528 77 62
0.08528 79 54
0.08528 77 59
0.08528 79 56
0.17055 81 66
0.08528 81 60
0.08528 0 0
0.17055 81 60
0.17055 79 61
0.08528 77 56
0.08528 0 0
0.08528 76 56
0.08528 0 0
0.16854 74 56
0.16854 0 0
0.16854 79 56
0.18851 0 0
0.34730 77 62
0.35385 76 58
0.08528 69 57
0.08528 71 60
0.08528 69 57
0.08528 71 61
0.17055 72 66
0.08528 72 60
0.08528 0 0
0.34110 72 60
0.34110 0 0
0.08528 74 57
0.08528 76 60
0.08528 74 57
0.08528 76 64
0.17908 77 66
0.08954 77 60
0.08954 0 0
0.34110 77 60
0.34963 0 0
0.08954 77 57
0.08954 79 60
0.08954 77 57
0.08954 79 68
0.17908 81 64
0.08954 81 61
0.08954 0 0
0.17908 81 62
0.17908 79 61
0.08954 77 61
0.08954 0 0
0.08954 76 61
0.08954 0 0
0.17908 76 62
0.17908 74 60
0.08954 72 61
0.08954 0 0
0.10274 71 59
0.10274 0 0
0.46307 79 78
0.11577 76 61
0.11577 72 61
0.11577 71 63
0.11577 74 63
0.11577 67 61
0.11577 72 63
0.12113 76 61
0.12650 67 59
0.46255 74 77
0.11612 71 55
0.11737 67 52
0.11828 66 57
0.11958 67 54
0.12052 62 54
0.12186 65 55
0.13285 67 53
0.14286 62 53
0.46307 79 75
0.11577 76 61
0.11577 72 60
0.11577 71 63
0.11577 74 63
0.11577 67 61
0.11577 72 63
0.12113 76 61
0.12650 67 61
0.46255 74 77
0.11612 71 55
0.11737 67 55
0.11828 66 57
0.11958 67 54
0.12052 62 54
0.12186 65 55
0.12775 67 53
0.13266 62 53
0.12734 64 53
0.12121 60 54
0.11507 64 56
0.11507 67 57
0.11507 64 58
0.11507 67 61
0.11507 72 61
0.11507 67 63
0.11507 72 64
0.11507 76 64
0.11507 72 67
0.11507 76 68
0.11648 79 69
0.11648 76 70
0.12694 79 73
0.11791 82 73
0.11847 79 70
0.11902 76 68
0.11958 72 66
0.12013 70 64
0.12090 67 61
0.12148 72 60
0.12206 70 56
0.12264 68 54
0.09615 69 51
0.09615 0 0
0.18136 81 52
0.18136 80 51
0.18136 81 48
0.18136 80 52
0.18322 81 49
0.18743 80 52
0.19245 81 49
0.73483 72 53
0.09303 74 46
0.09303 72 45
0.09303 71 46
0.09303 72 49
0.19101 76 44
0.19101 74 49
0.38202 71 44
0.12568 72 54
0.12038 67 54
0.11507 72 56
0.11507 76 57
0.11507 72 58
0.11507 76 61
0.11507 79 61
0.11507 76 63
0.11507 79 64
0.11507 84 64
0.11507 86 67
0.11507 84 68
0.11648 82 69
0.11648 81 70
0.12694 79 73
0.11791 77 73
0.11847 76 70
0.11902 74 68
0.11958 72 66
0.12013 74 64
0.12090 72 61
0.12148 70 60
0.12206 69 56
0.12264 68 54
0.10274 69 51
0.10274 0 0
0.18250 81 48
0.18250 80 51
0.18250 81 48
0.18250 80 52
0.18250 81 49
0.18250 80 51
0.19360 81 49
0.18250 0 0
0.18250 84 60
0.18212 83 60
0.18136 84 57
0.18987 83 60
0.18181 84 61
0.18020 83 63
0.17464 84 66
0.01492 0 0
0.18727 84 68
0.17166 79 60
0.01561 0 0
0.08683 79 60
0.08683 0 0
0.09259 79 60
0.09259 0 0
0.17857 81 62
0.17857 79 58
0.08899 77 57
0.08899 0 0
0.09550 76 56
0.09550 0 0
0.35373 76 54
0.35373 0 0
0.08528 74 48
0.08528 76 45
0.08528 74 48
0.08528 76 45
0.05896 74 48
0.05896 76 46
0.00147 0 0
0.05896 74 46
0.08843 72 51
0.08843 74 48
0.35373 72 55
0.35373 0 0
0.46902 67 50
0.04264 71 48
0.08528 69 48
0.08528 67 48
0.08789 79 57
0.26368 0 0
0.08789 77 56
0.26368 0 0
0.08789 76 54
0.26368 0 0
0.08789 74 51
0.26368 0 0
0.70315 72 55
0.46902 67 50
0.04264 71 48
0.08528 69 48
0.08528 67 48
0.08843 79 56
0.26530 0 0
0.08843 77 53
0.26530 0 0
0.08843 76 52
0.26530 0 0
0.09068 74 49
0.27818 0 0
0.35373 72 53
0.29478 0 0
0.05896 67 56
0.51165 79 66
0.05685 77 56
0.05685 76 56
0.05685 74 52
0.35373 72 53
0.29478 0 0
0.05896 67 56
0.51165 79 66
0.08528 81 60
0.08528 83 55
0.34945 84 67
0.34945 0 0
0.11370 79 69
0.11370 81 63
0.11370 79 63
0.11370 77 65
0.11370 76 63
0.11370 74 59
0.35158 72 60
0.35158 0 0
0.11236 78 72
0.11236 79 65
0.11236 80 66
0.11236 81 69
0.11236 82 67
0.11236 83 65
0.39474 84 60
0.27203 67 42
0.09068 72 42
0.09303 76 44
0.27909 0 0
0.10089 74 41
0.10089 65 41
0.30266 0 0
0.80710 74 42
0.80710 65 42
0.40355 72 36
0.40355 64 36
0.40355 0 0
0.18987 69 66
0.18987 81 79
0.18987 77 66
0.18987 74 66
0.56962 0 0
0.18987 71 79
0.18987 62 66
0.18987 65 66
0.18987 67 66
0.56962 0 0
0.16667 72 79
0.16667 67 66
0.16667 60 66
0.16667 64 66
1.16667 0 0
0.34313 74 47
0.17045 71 43
0.17045 0 0
0.17045 71 43
0.17045 0 0
0.03797 71 36
0.03797 72 36
0.03797 71 36
0.03797 72 36
0.03797 71 36
0.09494 69 41
0.09494 71 41
0.36585 74 49
0.09010 72 43
0.26208 0 0
0.69706 69 43
0.34313 72 51
0.09146 71 44
0.27439 0 0
0.34730 74 53
0.10563 72 43
0.31690 0 0
0.71633 76 60
0.34945 74 49
0.34945 0 0
0.34110 74 60
0.17055 67 50
0.17055 0 0
0.34110 67 50
0.03537 68 42
0.03537 69 42
0.03537 68 42
0.03537 69 42
0.03537 68 42
0.08843 66 43
0.08843 68 43
0.34110 69 50
0.08736 72 50
0.26208 0 0
0.70696 76 60
0.34110 74 48
0.09259 67 43
0.27778 0 0
0.35596 72 47
0.10534 66 43
0.31601 0 0
0.76923 69 43
0.37703 67 41
0.34110 0 0
0.34110 74 47
0.17055 71 43
0.17055 0 0
0.17055 71 43
0.17055 0 0
0.03516 71 36
0.03516 72 36
0.03516 71 36
0.03516 72 36
0.03516 71 36
0.08789 69 41
0.08789 71 41
0.34110 74 49
0.08528 72 43
0.25583 0 0
0.70696 69 43
0.32934 72 51
0.08929 71 44
0.26786 0 0
0.32559 74 53
0.09259 72 43
0.27778 0 0
0.67416 76 60
0.33319 74 49
0.33708 0 0
0.32934 74 54
0.08528 72 47
0.25583 0 0
0.32934 76 55
0.08843 74 43
0.26530 0 0
0.67024 77 61
0.33512 76 51
0.34884 0 0
0.32934 76 56
0.08721 74 49
0.26163 0 0
0.32934 77 57
0.09036 76 47
0.27108 0 0
0.67024 79 64
0.33512 77 54
0.34522 0 0
0.49402 76 56
0.08234 77 53
0.08234 79 53
0.32934 77 56
0.16467 76 56
0.16467 0 0
0.65869 74 55
0.32934 0 0
0.17045 79 64
0.17045 0 0
0.36271 77 63
0.34110 75 44
0.34110 0 0
0.16756 72 43
0.16756 0 0
0.36271 71 50
0.34110 74 47
0.34110 0 0
0.16756 79 64
0.50866 0 0
0.16756 77 47
0.16756 75 47
0.34110 0 0
0.16659 74 43
0.16659 72 43
0.34110 71 51
0.34110 74 43
0.18293 0 0
0.16756 79 61
0.16756 78 62
0.16756 79 61
0.17472 0 0
0.17055 75 57
0.17055 74 60
0.17055 75 58
0.17472 0 0
0.17157 72 55
0.17157 71 57
0.17157 72 56
0.34110 71 64
0.09068 74 56
0.27203 0 0
0.34110 71 62
0.09183 74 56
0.27550 0 0
0.34110 71 62
0.08528 74 54
0.93803 0 0
0.36145 74 37
0.09680 77 34
0.29040 0 0
0.36145 74 37
0.09813 77 34
0.29439 0 0
0.37703 74 37
0.08954 77 35
0.98638 0 0
0.51227 76 60
0.08562 77 54
0.08562 79 54
0.34247 72 60
0.34247 71 49
0.34247 74 49
0.25685 74 53
0.08562 77 48
0.34247 71 53
0.34247 72 53
0.34247 76 53
0.73411 74 50
0.73411 71 50
0.51370 76 60
0.08562 77 56
0.08562 79 56
0.34247 72 61
0.17123 71 49
0.17123 74 49
0.17123 0 0
0.34247 74 54
0.34247 77 54
0.06922 76 49
0.06922 77 49
0.06922 76 49
0.06922 77 49
0.06922 76 49
0.34610 72 49
0.72449 74 52
0.72449 71 52
0.51370 77 64
0.08562 79 60
0.08562 77 60
0.34247 76 64
0.17493 76 62
0.17493 0 0
0.51370 81 69
0.08562 83 63
0.08562 84 63
0.34247 79 69
0.17123 79 69
0.17123 0 0
0.17123 79 68
0.12842 77 63
0.04281 0 0
0.17123 77 64
0.12842 74 63
0.04281 0 0
0.17123 77 69
0.12842 76 64
0.04281 0 0
0.17123 76 66
0.12842 72 64
0.04281 0 0
0.17123 73 64
0.17184 74 60
0.17244 76 64
0.17305 74 62
0.17399 72 63
0.17462 71 61
0.17524 69 61
0.18606 67 60
0.51370 76 70
0.08562 77 64
0.08562 79 64
0.34247 72 70
0.34247 74 60
0.34247 71 60
0.25685 74 63
0.08562 77 57
0.34247 71 63
0.34247 76 63
0.34247 72 63
0.71200 74 61
0.71200 71 61
0.51370 76 70
0.08562 77 67
0.08562 79 67
0.34247 72 71
0.17123 71 60
0.17123 74 60
0.17123 0 0
0.34247 77 64
0.34247 74 64
0.06922 76 60
0.06922 77 60
0.06922 76 60
0.06922 77 60
0.06922 76 60
0.34610 72 60
0.71148 74 62
0.71148 71 62
0.51370 77 77
0.08562 79 70
0.08562 77 70
0.34247 76 77
0.17493 76 74
0.17493 0 0
0.51370 81 78
0.08562 83 71
0.08562 84 69
0.34247 79 79
0.17123 79 77
0.17123 0 0
0.17399 80 77
0.17399 81 74
0.17123 77 75
0.17123 74 72
0.35950 72 75
0.37980 71 71
0.11600 72 75
0.11600 67 69
0.11600 76 66
0.11600 72 75
0.11600 79 69
0.11600 76 66
0.11416 84 73
0.11416 83 66
0.11416 81 65
0.11416 79 70
0.11416 77 67
0.11416 76 65
0.11662 73 63
0.11662 74 60
0.11662 77 60
0.11370 81 62
0.11370 77 57
0.11370 74 57
0.11370 79 61
0.11370 76 57
0.11370 72 57
0.11577 77 61
0.11577 74 55
0.13891 71 55
0.11629 72 75
0.11629 67 69
0.11629 76 67
0.11629 72 75
0.11629 79 69
0.11629 76 67
0.11416 84 73
0.11416 83 66
0.11416 81 64
0.11416 79 70
0.11416 77 67
0.11416 76 65
0.11662 73 63
0.11662 74 60
0.11658 77 59
0.11303 81 62
0.11303 77 57
0.11303 74 55
0.11303 79 61
0.11303 76 57
0.11303 72 54
0.11577 77 61
0.11577 74 55
0.11475 71 55
0.10135 72 52
0.30405 0 0
0.11029 67 50
0.33088 0 0
0.95807 60 50
0.69767 76 50
0.08721 77 46
0.08721 76 46
0.08677 74 46
0.08621 76 46
0.17156 79 50
0.17017 77 46
0.17045 76 51
0.17045 74 49
0.17045 72 49
0.19144 71 49
0.09036 72 52
0.26936 0 0
0.08925 73 55
0.26388 0 0
0.08721 74 56
0.25939 0 0
0.08523 75 60
0.25568 0 0
0.08523 76 63
0.26597 0 0
0.17305 79 62
0.17305 77 57
0.52292 76 62
0.08653 77 55
0.08653 76 55
0.34610 74 56
0.36145 0 0
0.69900 77 58
0.08427 79 48
0.08427 77 49
0.08427 76 49
0.08427 77 49
0.16854 81 55
0.16854 79 52
0.16854 77 52
0.16854 76 50
0.16854 74 50
0.17779 72 50
0.17123 71 49
0.08562 72 50
0.08562 0 0
0.08562 74 51
0.08562 0 0
0.08562 76 53
0.08562 0 0
0.08517 77 54
0.08517 0 0
0.08517 79 55
0.08547 0 0
0.08562 81 56
0.08562 0 0
0.08577 83 58
0.08607 0 0
0.08607 84 60
0.08607 0 0
0.08653 86 61
0.08653 0 0
0.08653 88 62
0.08653 0 0
0.10000 89 63
0.10000 0 0
0.71505 87 79
0.35753 88 75
0.40090 0 0
0.53630 70 64
0.11370 76 60
0.11370 79 60
0.11111 82 60
0.11111 79 58
0.11111 76 58
0.11370 79 60
0.11438 76 58
0.11507 70 58
0.46966 69 64
0.11370 72 60
0.11370 77 58
0.11111 81 60
0.11111 77 59
0.11111 72 59
0.11111 77 60
0.11111 72 59
0.12090 69 59
0.46966 67 64
0.11370 73 60
0.11370 76 58
0.11320 79 60
0.11438 76 58
0.11559 73 58
0.11684 76 60
0.11756 73 58
0.12090 67 58
0.47172 66 64
0.11577 69 60
0.11577 74 57
0.11370 78 60
0.11370 74 58
0.11370 69 58
0.11370 74 60
0.11370 69 58
0.12090 66 58
0.47103 65 64
0.11507 71 60
0.11507 74 58
0.11507 77 60
0.11507 74 58
0.11507 71 58
0.11507 74 60
0.11507 71 58
0.12090 65 59
0.46966 64 64
0.11370 67 60
0.11370 72 60
0.11370 76 60
0.11370 72 58
0.11370 67 58
0.11370 72 60
0.11370 67 57
0.12090 64 57
0.11370 0 0
0.11370 62 60
0.11370 69 58
0.11370 74 58
0.11370 69 60
0.12484 62 58
0.11370 0 0
0.11370 62 60
0.11370 69 57
0.11370 72 60
0.12442 69 58
0.13514 62 58
0.35158 71 63
0.53560 0 0
0.09146 79 62
0.09146 0 0
0.10000 81 64
0.10000 0 0
0.10870 83 68
0.10870 0 0
0.88998 84 64
0.17365 83 50
0.17365 81 51
0.16642 79 50
0.00724 0 0
0.17365 79 53
0.17365 77 50
0.17365 76 51
0.17365 74 50
0.08528 79 54
0.25583 0 0
0.08528 77 51
0.26663 0 0
0.34945 75 53
0.34945 76 51
1.19386 0 0
0.08528 79 54
0.08528 0 0
0.08721 80 57
0.08721 0 0
0.08721 81 61
0.08721 0 0
0.09868 82 64
0.09868 0 0
0.11029 83 67
0.10129 0 0
0.88998 84 73
0.17365 83 48
0.17365 81 50
0.16786 79 47
0.00579 0 0
0.17365 79 53
0.17365 77 47
0.17365 76 50
0.17365 74 48
0.08528 79 54
0.25583 0 0
0.08528 77 51
0.26663 0 0
0.36271 76 51
0.34110 0 0
0.08528 81 63
0.08528 83 56
0.08528 81 62
0.08528 83 61
0.17055 84 68
0.08528 84 66
0.08528 0 0
0.34110 84 64
0.34110 0 0
0.08528 86 68
0.08528 88 59
0.08528 86 65
0.08528 88 68
0.17055 89 68
0.08528 89 64
0.08528 0 0
0.34110 89 64
0.34963 0 0
0.08528 77 62
0.08528 79 54
0.08528 77 59
0.08528 79 56
0.17055 81 66
0.08528 81 60
0.08528 0 0
0.17055 81 60
0.17055 79 61
0.08528 77 56
0.08528 0 0
0.08528 76 56
0.08528 0 0
0.16854 74 56
0.16854 0 0
0.16854 79 56
0.18851 0 0
0.34730 77 62
0.35385 76 58
0.08528 69 57
0.08528 71 60
0.08528 69 57
0.08528 71 61
0.17055 72 66
0.08528 72 60
0.08528 0 0
0.34110 72 60
0.34110 0 0
0.08528 74 57
0.08528 76 60
0.08528 74 57
0.08528 76 64
0.17908 77 66
0.08954 77 60
0.08954 0 0
0.34110 77 60
0.34963 0 0
0.08954 77 57
0.08954 79 60
0.08954 77 57
0.08954 79 68
0.17908 81 64
0.08954 81 61
0.08954 0 0
0.17908 81 62
0.17908 79 61
0.08954 77 61
0.08954 0 0
0.08954 76 61
0.08954 0 0
0.17908 76 62
0.17908 74 60
0.08954 72 61
0.08954 0 0
0.10274 71 59
0.10274 0 0
0.46307 79 78
0.11577 76 61
0.11577 72 61
0.11577 71 63
0.11577 74 63
0.11577 67 61
0.11577 72 63
0.12113 76 61
0.12650 67 59
0.46255 74 77
0.11612 71 55
0.11737 67 52
0.11828 66 57
0.11958 67 54
0.12052 62 54
0.12186 65 55
0.13285 67 53
0.14286 62 53
0.46307 79 75
0.11577 76 61
0.11577 72 60
0.11577 71 63
0.11577 74 63
0.11577 67 61
0.11577 72 63
0.12113 76 61
0.12650 67 61
0.46255 74 77
0.11612 71 55
0.11737 67 55
0.11828 66 57
0.11958 67 54
0.12052 62 54
0.12186 65 55
0.12775 67 53
0.13266 62 53
0.12734 64 53
0.12121 60 54
0.11507 64 56
0.11507 67 57
0.11507 64 58
0.11507 67 61
0.11507 72 61
0.11507 67 63
0.11507 72 64
0.11507 76 64
0.11507 72 67
0.11507 76 68
0.11648 79 69
0.11648 76 70
0.12694 79 73
0.11791 82 73
0.11847 79 70
0.11902 76 68
0.11958 72 66
0.12013 70 64
0.12090 67 61
0.12148 72 60
0.12206 70 56
0.12264 68 54
0.09615 69 51
0.09615 0 0
0.18136 81 52
0.18136 80 51
0.18136 81 48
0.18136 80 52
0.18322 81 49
0.18743 80 52
0.19245 81 49
0.73483 72 53
0.09303 74 46
0.09303 72 45
0.09303 71 46
0.09303 72 49
0.19101 76 44
0.19101 74 49
0.38202 71 44
0.12568 72 54
0.12038 67 54
0.11507 72 56
0.11507 76 57
0.11507 72 58
0.11507 76 61
0.11507 79 61
0.11507 76 63
0.11507 79 64
0.11507 84 64
0.11507 86 67
0.11507 84 68
0.11648 82 69
0.11648 81 70
0.12694 79 73
0.11791 77 73
0.11847 76 70
0.11902 74 68
0.11958 72 66
0.12013 74 64
0.12090 72 61
0.12148 70 60
0.12206 69 56
0.12264 68 54
0.10274 69 51
0.10274 0 0
0.18250 81 48
0.18250 80 51
0.18250 81 48
0.18250 80 52
0.18250 81 49
0.18250 80 51
0.19360 81 49
0.18250 0 0
0.18250 84 60
0.18212 83 60
0.18136 84 57
0.18987 83 60
0.18181 84 61
0.18020 83 63
0.17464 84 66
0.01492 0 0
0.18727 84 68
0.17166 79 60
0.01561 0 0
0.08683 79 60
0.08683 0 0
0.09259 79 60
0.09259 0 0
0.17857 81 62
0.17857 79 58
0.08899 77 57
0.08899 0 0
0.09550 76 56
0.09550 0 0
0.35373 76 54
0.35373 0 0
0.08528 74 48
0.08528 76 45
0.08528 74 48
0.08528 76 45
0.05896 74 48
0.05896 76 46
0.00147 0 0
0.05896 74 46
0.08843 72 51
0.08843 74 48
0.35373 72 55
0.35373 0 0
0.46902 67 50
0.04264 71 48
0.08528 69 48
0.08528 67 48
0.08789 79 57
0.26368 0 0
0.08789 77 56
0.26368 0 0
0.08789 76 54
0.26368 0 0
0.08789 74 51
0.26368 0 0
0.70315 72 55
0.46902 67 50
0.04264 71 48
0.08528 69 48
0.08528 67 48
0.08843 79 56
0.26530 0 0
0.08843 77 53
0.26530 0 0
0.08843 76 52
0.26530 0 0
0.09068 74 49
0.27818 0 0
0.35373 72 53
0.29478 0 0
0.05896 67 56
0.51165 79 66
0.05685 77 56
0.05685 76 56
0.05685 74 52
0.35373 72 53
0.29478 0 0
0.05896 67 56
0.51165 79 66
0.08528 81 60
0.08528 83 55
0.34945 84 67
0.34945 0 0
0.10870 79 69
0.10870 81 63
0.10870 79 63
0.10870 77 65
0.10870 76 63
0.10870 74 59
0.35158 72 60
0.35158 0 0
0.10989 78 72
0.10989 79 65
0.10989 80 66
0.10989 81 69
0.10989 82 67
0.10989 83 65
0.39474 84 60
0.27203 67 42
0.09068 72 42
0.09303 76 44
0.27909 0 0
0.10714 74 41
0.10714 65 41
0.32143 0 0
0.81081 74 42
0.81081 65 42
0.40541 72 36
0.40541 64 36
0.40541 0 0
0.20000 69 69
0.20000 81 82
0.20000 77 69
0.20000 74 69
0.60000 0 0
0.22059 71 82
0.22059 62 69
0.22059 65 69
0.22059 67 69
0.66176 0 0
0.21127 72 82
0.21127 67 69
0.21127 60 69
0.21127 64 69
#  Piano left
0.34247 0 0
0.34247 48 40
0.34247 52 40
0.34247 55 40
0.34247 60 43
0.34247 48 40
0.34945 55 43
0.38466 43 40
0.34247 0 0
0.34247 48 40
0.34247 52 40
0.34247 55 43
0.34247 60 44
0.34610 48 41
0.34945 55 43
0.37505 43 41
0.34247 57 47
0.34247 60 46
0.34247 55 49
0.34985 60 45
0.34247 53 49
0.34247 60 47
0.34247 52 50
0.34247 60 46
0.34247 0 0
0.34247 59 43
0.34247 67 43
0.34247 0 0
0.34247 60 43
0.34247 67 43
0.68856 55 44
0.68856 59 44
0.70991 0 0
0.17123 36 64
0.17123 40 56
0.17123 43 57
0.17123 48 56
0.17123 40 60
0.17123 52 57
0.17123 43 60
0.17123 55 57
0.17123 48 60
0.17123 52 55
0.17123 55 57
0.17123 60 56
0.17305 43 60
0.17305 47 57
0.18295 50 59
0.18295 55 57
0.17123 36 60
0.17123 40 56
0.17123 43 57
0.17123 48 55
0.17123 40 60
0.17123 52 57
0.17123 43 58
0.17123 55 57
0.17123 48 60
0.17123 52 55
0.17305 55 57
0.17305 60 56
0.17305 43 62
0.17305 47 56
0.17305 50 57
0.19233 55 56
0.17123 57 53
0.17123 60 49
0.17123 57 53
0.17123 60 49
0.17123 55 53
0.17123 60 50
0.17493 55 53
0.17493 60 50
0.17123 53 57
0.17123 60 53
0.17123 53 57
0.17123 60 53
0.17123 52 57
0.17123 60 53
0.17123 52 57
0.17123 60 52
0.34799 0 0
0.17123 53 49
0.17123 62 49
0.17123 0 0
0.35950 64 49
0.37980 62 49
0.73929 55 49
0.69598 60 49
0.69598 64 49
1.03479 0 0
0.34110 57 38
0.34110 53 38
0.34110 62 38
0.34110 64 38
0.34110 60 38
0.37044 62 44
0.37044 65 44
0.71155 55 38
0.69776 64 49
0.69776 60 49
1.03475 0 0
0.33910 53 38
0.33910 62 38
0.33910 57 38
0.33910 64 38
0.33910 60 38
0.34629 62 40
0.34629 65 40
0.68539 55 38
0.09494 64 38
0.09494 60 38
0.28481 0 0
0.11029 55 38
0.33088 0 0
0.95807 48 38
0.95807 36 38
0.17442 60 37
0.17442 67 30
0.17442 66 33
0.17442 67 30
0.17442 60 37
0.17298 67 30
0.17156 62 33
0.17017 67 30
0.17045 64 37
0.17045 67 30
0.17045 65 33
0.19144 67 30
0.18072 64 37
0.17900 67 30
0.17749 58 33
0.17565 67 31
0.17418 59 38
0.17241 67 31
0.17045 59 35
0.17045 67 32
0.17045 60 41
0.18074 67 33
0.17305 62 37
0.17305 67 33
0.17305 60 40
0.17305 67 30
0.17682 66 33
0.17305 67 30
0.17305 59 37
0.17305 67 31
0.18072 66 33
0.18072 67 32
0.17123 59 37
0.17123 67 31
0.17123 66 33
0.18530 67 31
0.16854 59 37
0.16854 67 31
0.16854 60 33
0.16854 67 31
0.16854 62 37
0.16854 67 31
0.16854 64 33
0.17779 67 31
0.17123 65 37
0.17123 67 32
0.17123 62 34
0.17123 67 31
0.17034 59 40
0.17064 67 31
0.17123 62 34
0.17184 67 31
0.17214 59 46
0.17305 67 35
0.17305 55 37
0.20000 67 35
0.17876 60 44
0.17876 67 37
0.17876 65 40
0.17876 67 37
0.17876 60 44
0.17876 67 37
0.18961 64 40
0.21130 67 37
0.11865 60 48
0.11865 64 43
0.11865 67 43
0.34110 72 46
0.68426 0 0
0.11865 59 48
0.11865 62 43
0.11865 67 43
0.34110 71 48
0.68941 0 0
0.34110 54 50
0.34110 62 50
0.34110 57 50
0.35225 0 0
0.34110 62 52
0.34110 55 52
0.34110 59 52
0.38040 0 0
0.17365 50 57
0.17365 62 39
0.17365 61 40
0.17365 62 41
0.17365 61 44
0.17365 62 45
0.17908 60 47
0.19739 62 49
0.17055 59 49
0.17055 62 44
0.17055 55 35
0.17055 62 30
0.17055 59 37
0.17055 62 32
0.17055 55 35
0.17055 62 34
0.17055 57 37
0.17055 62 34
0.17055 55 37
0.17055 62 34
0.16854 54 37
0.16854 62 34
0.16854 50 37
0.20551 62 34
0.17261 55 38
0.17261 62 34
0.17261 61 34
0.17261 62 34
0.17055 61 39
0.17055 62 41
0.17055 64 44
0.17055 62 41
0.17055 60 49
0.17055 62 47
0.17055 59 49
0.17055 62 47
0.17055 60 49
0.17055 62 47
0.17055 57 49
0.20003 62 47
0.17045 59 49
0.17045 62 42
0.17045 55 35
0.17045 62 30
0.17045 59 37
0.17045 62 30
0.17045 55 35
0.17045 62 30
0.17045 57 37
0.17045 62 34
0.17045 55 37
0.17045 62 34
0.17261 54 37
0.17261 62 34
0.17261 50 37
0.19233 62 34
0.17055 55 37
0.17055 62 34
0.17055 59 37
0.17055 62 34
0.17055 55 37
0.17055 64 29
0.17055 60 32
0.17055 64 29
0.17055 55 32
0.17055 62 30
0.17055 59 32
0.19483 62 31
0.17047 53 32
0.17047 60 30
0.17047 57 32
0.17047 60 30
0.17047 52 32
0.17047 60 30
0.17047 55 32
0.17908 60 30
0.17055 48 40
0.17055 55 34
0.17055 52 40
0.17055 55 33
0.17055 50 39
0.17055 59 34
0.17055 55 39
0.17055 59 34
0.16854 50 39
0.16854 60 34
0.16854 54 38
0.20003 60 33
0.17365 55 40
0.17365 62 35
0.17365 59 40
0.18752 62 34
0.17055 55 32
0.17055 64 30
0.17055 60 32
0.17055 64 30
0.17055 55 32
0.17055 62 30
0.17055 59 32
0.18752 62 30
0.17047 53 32
0.17047 60 29
0.17047 57 32
0.17047 60 29
0.17047 52 34
0.17047 60 30
0.17047 55 33
0.17908 60 29
0.17055 48 41
0.17055 55 38
0.17055 52 40
0.17055 55 37
0.17055 50 40
0.17055 59 37
0.17055 55 39
0.17055 59 32
0.17055 50 38
0.17055 60 33
0.17055 57 38
0.20548 60 32
0.34730 0 0
0.34730 55 38
0.34730 59 38
0.34730 60 44
0.34730 57 44
0.36848 62 49
0.36848 59 49
0.34730 0 0
0.34874 50 37
0.34874 54 37
0.35838 52 40
0.35838 55 40
0.38328 54 44
0.38328 57 44
0.34730 0 0
0.34730 59 38
0.34730 55 38
0.34730 60 44
0.34730 57 44
0.36340 59 49
0.36340 62 49
0.34730 0 0
0.34874 54 37
0.34874 50 37
0.35838 52 40
0.35838 55 40
0.37055 54 44
0.37055 57 44
0.70510 55 44
0.69045 0 0
1.44210 47 44
1.44210 50 44
1.44210 43 44
0.73638 48 38
2.17848 55 44
1.09916 0 0
0.37212 58 37
0.37212 49 37
0.37212 59 40
0.37212 50 40
0.40231 60 44
0.70635 59 44
0.70635 55 44
0.69045 0 0
1.44210 47 44
1.44210 50 44
1.44210 43 44
0.73982 48 38
2.18192 55 44
0.74111 0 0
0.72849 49 41
0.72849 58 41
0.72178 0 0
0.18727 50 48
0.18727 59 40
0.17365 55 41
0.17365 59 39
0.17365 50 48
0.17365 59 40
0.17798 55 41
0.17798 59 40
0.17798 50 43
0.17798 62 37
0.17798 55 38
0.17798 62 36
0.17055 50 39
0.17055 60 30
0.17687 54 32
0.17687 60 30
0.17687 55 35
0.17687 59 30
0.17687 67 32
0.19739 59 30
0.17055 55 35
0.17055 59 30
0.17055 67 32
0.17055 59 30
0.17579 55 35
0.17579 57 30
0.17579 66 32
0.17579 57 30
0.17579 55 35
0.17579 60 30
0.17579 66 32
0.17579 60 30
0.17579 55 35
0.17579 59 30
0.17579 67 32
0.17579 59 31
0.17055 55 35
0.17055 59 30
0.17055 67 32
0.17055 59 30
0.17687 55 35
0.17687 57 30
0.18136 66 32
0.18136 57 30
0.18136 55 35
0.18136 60 30
0.19233 66 32
0.19233 60 30
0.17687 55 35
0.17687 59 30
0.17687 67 32
0.17687 59 30
0.17055 55 35
0.17055 60 30
0.17055 66 32
0.17055 60 30
0.17687 55 35
0.17687 59 30
0.17687 67 32
0.17687 59 30
0.17055 55 35
0.17055 60 30
0.17055 66 32
0.17055 60 30
0.41672 55 31
0.41672 59 31
0.41672 67 31
0.76923 0 0
0.45461 50 30
0.48395 55 33
0.54555 50 32
0.63681 43 33
0.68560 0 0
0.34247 48 40
0.34247 52 40
0.34247 55 40
0.34247 60 43
0.34247 48 40
0.34945 55 43
0.38466 43 40
0.34247 0 0
0.34247 48 40
0.34247 52 40
0.34247 55 43
0.34247 60 44
0.34610 48 41
0.34945 55 43
0.37505 43 41
0.34247 57 47
0.34247 60 46
0.34247 55 49
0.34985 60 45
0.34247 53 49
0.34247 60 47
0.34247 52 50
0.34247 60 46
0.34247 0 0
0.34247 59 43
0.34247 67 43
0.34247 0 0
0.34247 60 43
0.34247 67 43
0.68856 55 44
0.68856 59 44
0.70991 0 0
0.17123 36 64
0.17123 40 56
0.17123 43 57
0.17123 48 56
0.17123 40 60
0.17123 52 57
0.17123 43 60
0.17123 55 57
0.17123 48 60
0.17123 52 55
0.17123 55 57
0.17123 60 56
0.17305 43 60
0.17305 47 57
0.18295 50 59
0.18295 55 57
0.17123 36 60
0.17123 40 56
0.17123 43 57
0.17123 48 55
0.17123 40 60
0.17123 52 57
0.17123 43 58
0.17123 55 57
0.17123 48 60
0.17123 52 55
0.17305 55 57
0.17305 60 56
0.17305 43 62
0.17305 47 56
0.17305 50 57
0.19233 55 56
0.17123 57 53
0.17123 60 49
0.17123 57 53
0.17123 60 49
0.17123 55 53
0.17123 60 50
0.17493 55 53
0.17493 60 50
0.17123 53 57
0.17123 60 53
0.17123 53 57
0.17123 60 53
0.17123 52 57
0.17123 60 53
0.17123 52 57
0.17123 60 52
0.34799 0 0
0.17123 53 49
0.17123 62 49
0.17123 0 0
0.35950 64 49
0.37980 62 49
0.73929 55 49
0.69598 60 49
0.69598 64 49
1.03479 0 0
0.34110 57 38
0.34110 53 38
0.34110 62 38
0.34110 64 38
0.34110 60 38
0.37044 62 44
0.37044 65 44
0.71155 55 38
0.69776 64 49
0.69776 60 49
1.03475 0 0
0.33910 53 38
0.33910 62 38
0.33910 57 38
0.33910 64 38
0.33910 60 38
0.34629 62 40
0.34629 65 40
0.68539 55 38
0.09494 64 38
0.09494 60 38
0.28481 0 0
0.11029 55 38
0.33088 0 0
0.95807 48 38
0.95807 36 38
0.17442 60 37
0.17442 67 30
0.17442 66 33
0.17442 67 30
0.17442 60 37
0.17298 67 30
0.17156 62 33
0.17017 67 30
0.17045 64 37
0.17045 67 30
0.17045 65 33
0.19144 67 30
0.18072 64 37
0.17900 67 30
0.17749 58 33
0.17565 67 31
0.17418 59 38
0.17241 67 31
0.17045 59 35
0.17045 67 32
0.17045 60 41
0.18074 67 33
0.17305 62 37
0.17305 67 33
0.17305 60 40
0.17305 67 30
0.17682 66 33
0.17305 67 30
0.17305 59 37
0.17305 67 31
0.18072 66 33
0.18072 67 32
0.17123 59 37
0.17123 67 31
0.17123 66 33
0.18530 67 31
0.16854 59 37
0.16854 67 31
0.16854 60 33
0.16854 67 31
0.16854 62 37
0.16854 67 31
0.16854 64 33
0.17779 67 31
0.17123 65 37
0.17123 67 32
0.17123 62 34
0.17123 67 31
0.17034 59 40
0.17064 67 31
0.17123 62 34
0.17184 67 31
0.17214 59 46
0.17305 67 35
0.17305 55 37
0.20000 67 35
0.17876 60 44
0.17876 67 37
0.17876 65 40
0.17876 67 37
0.17876 60 44
0.17876 67 37
0.18961 64 40
0.21130 67 37
0.11865 60 48
0.11865 64 43
0.11865 67 43
0.34110 72 46
0.68426 0 0
0.11865 59 48
0.11865 62 43
0.11865 67 43
0.34110 71 48
0.68941 0 0
0.34110 54 50
0.34110 62 50
0.34110 57 50
0.35225 0 0
0.34110 62 52
0.34110 55 52
0.34110 59 52
0.38040 0 0
0.17365 50 57
0.17365 62 39
0.17365 61 40
0.17365 62 41
0.17365 61 44
0.17365 62 45
0.17908 60 47
0.19739 62 49
0.17055 59 49
0.17055 62 44
0.17055 55 35
0.17055 62 30
0.17055 59 37
0.17055 62 32
0.17055 55 35
0.17055 62 34
0.17055 57 37
0.17055 62 34
0.17055 55 37
0.17055 62 34
0.16854 54 37
0.16854 62 34
0.16854 50 37
0.20551 62 34
0.17261 55 38
0.17261 62 34
0.17261 61 34
0.17261 62 34
0.17055 61 39
0.17055 62 41
0.17055 64 44
0.17055 62 41
0.17055 60 49
0.17055 62 47
0.17055 59 49
0.17055 62 47
0.17055 60 49
0.17055 62 47
0.17055 57 49
0.20003 62 47
0.17045 59 49
0.17045 62 42
0.17045 55 35
0.17045 62 30
0.17045 59 37
0.17045 62 30
0.17045 55 35
0.17045 62 30
0.17045 57 37
0.17045 62 34
0.17045 55 37
0.17045 62 34
0.17261 54 37
0.17261 62 34
0.17261 50 37
0.19233 62 34
0.17055 55 37
0.17055 62 34
0.17055 59 37
0.17055 62 34
0.17055 55 37
0.17055 64 29
0.17055 60 32
0.17055 64 29
0.17055 55 32
0.17055 62 30
0.17055 59 32
0.19483 62 31
0.17047 53 32
0.17047 60 30
0.17047 57 32
0.17047 60 30
0.17047 52 32
0.17047 60 30
0.17047 55 32
0.17908 60 30
0.17055 48 40
0.17055 55 34
0.17055 52 40
0.17055 55 33
0.17055 50 39
0.17055 59 34
0.17055 55 39
0.17055 59 34
0.16854 50 39
0.16854 60 34
0.16854 54 38
0.20003 60 33
0.17365 55 40
0.17365 62 35
0.17365 59 40
0.18752 62 34
0.17055 55 32
0.17055 64 30
0.17055 60 32
0.17055 64 30
0.17055 55 32
0.17055 62 30
0.17055 59 32
0.18752 62 30
0.17047 53 32
0.17047 60 29
0.17047 57 32
0.17047 60 29
0.17047 52 34
0.17047 60 30
0.17047 55 33
0.17908 60 29
0.17055 48 41
0.17055 55 38
0.17055 52 40
0.17055 55 37
0.17055 50 40
0.17055 59 37
0.17055 55 39
0.17055 59 32
0.17055 50 38
0.17055 60 33
0.17055 57 38
0.20548 60 32
0.34730 0 0
0.34730 55 38
0.34730 59 38
0.34730 60 44
0.34730 57 44
0.36848 62 49
0.36848 59 49
0.34730 0 0
0.34874 50 37
0.34874 54 37
0.35838 52 40
0.35838 55 40
0.38328 54 44
0.38328 57 44
0.34730 0 0
0.34730 59 38
0.34730 55 38
0.34730 60 44
0.34730 57 44
0.36340 59 49
0.36340 62 49
0.34730 0 0
0.34874 54 37
0.34874 50 37
0.35838 52 40
0.35838 55 40
0.37055 54 44
0.37055 57 44
0.70510 55 44
0.69045 0 0
1.44210 47 44
1.44210 50 44
1.44210 43 44
0.73638 48 38
2.17848 55 44
1.09916 0 0
0.37212 58 37
0.37212 49 37
0.37212 59 40
0.37212 50 40
0.40231 60 44
0.70635 59 44
0.70635 55 44
0.69045 0 0
1.44210 47 44
1.44210 50 44
1.44210 43 44
0.73982 48 38
2.18192 55 44
0.74111 0 0
0.72849 49 41
0.72849 58 41
0.72178 0 0
0.18727 50 48
0.18727 59 40
0.17365 55 41
0.17365 59 39
0.17365 50 48
0.17365 59 40
0.17798 55 41
0.17798 59 40
0.17798 50 43
0.17798 62 37
0.17798 55 38
0.17798 62 36
0.17055 50 39
0.17055 60 30
0.17687 54 32
0.17687 60 30
0.17687 55 35
0.17687 59 30
0.17687 67 32
0.19739 59 30
0.17055 55 35
0.17055 59 30
0.17055 67 32
0.17055 59 30
0.17579 55 35
0.17579 57 30
0.17579 66 32
0.17579 57 30
0.17579 55 35
0.17579 60 30
0.17579 66 32
0.17579 60 30
0.17579 55 35
0.17579 59 30
0.17579 67 32
0.17579 59 31
0.17055 55 35
0.17055 59 30
0.17055 67 32
0.17055 59 30
0.17687 55 35
0.17687 57 30
0.18136 66 32
0.18136 57 30
0.18136 55 35
0.18136 60 30
0.19233 66 32
0.19233 60 30
0.17687 55 35
0.17687 59 30
0.17687 67 32
0.17687 59 30
0.17055 55 35
0.17055 60 30
0.17055 66 32
0.17055 60 30
0.17687 55 35
0.17687 59 30
0.17687 67 32
0.17687 59 30
0.17055 55 35
0.17055 60 30
0.17055 66 32
0.17055 60 30
0.41672 55 31
0.41672 59 31
0.41672 67 31
0.76923 0 0
0.45461 50 30
0.48395 55 33
0.54555 50 32
0.63681 43 33
0.34313 0 0
0.34313 59 39
0.17045 55 38
0.68404 62 39
0.17045 55 40
0.17045 62 40
0.17045 0 0
0.37975 55 38
0.37975 62 38
0.36585 59 40
0.09010 57 38
0.71803 62 40
0.69706 62 38
0.69706 54 38
0.34313 57 41
0.09146 55 38
0.70898 62 41
0.34730 59 40
0.10563 57 38
0.76984 62 40
0.71633 60 50
0.34945 59 40
1.06578 62 50
1.03165 0 0
0.69484 50 38
0.69484 47 38
0.69055 52 38
0.69055 48 38
0.70696 55 40
0.70696 49 40
0.71147 59 34
0.77730 57 34
1.48878 50 34
0.76923 60 39
0.37703 59 35
1.14626 55 39
0.34110 0 0
0.17055 59 38
0.17055 62 30
0.17055 55 35
0.17055 62 30
0.17055 55 38
0.17055 62 32
0.17579 56 37
0.17579 62 32
0.17055 57 40
0.17055 62 31
0.17055 55 35
0.17055 62 30
0.17055 54 38
0.17055 62 35
0.17442 50 38
0.17442 62 34
0.16467 55 38
0.16467 67 34
0.17857 59 38
0.17857 67 33
0.16280 57 40
0.16280 67 38
0.18519 60 40
0.18519 67 38
0.16854 60 47
0.16854 67 38
0.16854 64 40
0.16854 67 38
0.16659 59 40
0.16659 67 33
0.16854 62 38
0.16854 67 34
0.16467 57 39
0.16467 67 35
0.17055 60 39
0.17055 67 34
0.16467 59 41
0.16467 67 37
0.17687 62 40
0.17687 67 37
0.16756 62 50
0.16756 67 38
0.16756 65 41
0.16756 67 38
0.16756 60 41
0.16756 67 37
0.16756 64 39
0.16756 67 37
0.16467 59 40
0.16467 67 38
0.17442 62 40
0.17442 67 37
0.16467 60 45
0.16467 67 40
0.18072 64 45
0.18072 67 40
0.16756 64 52
0.16756 67 41
0.16756 66 45
0.16756 67 40
0.16756 62 45
0.16756 67 38
0.17261 66 40
0.17261 67 38
0.16467 60 40
0.16467 67 35
0.16467 66 37
0.16467 67 35
0.16467 59 40
0.16467 67 35
0.16467 60 37
0.16467 67 34
0.16467 55 37
0.16467 67 30
0.16467 59 33
0.16467 67 30
0.16467 55 38
0.16467 67 33
0.16854 59 31
0.16854 67 31
0.18136 55 34
0.18136 67 29
0.17055 60 31
0.17055 67 30
0.17055 55 33
0.17055 67 30
0.16756 63 31
0.16756 67 29
0.18136 55 32
0.18136 67 30
0.17055 62 32
0.17055 67 30
0.17055 55 37
0.17055 67 30
0.16756 59 32
0.16756 67 30
0.17055 55 35
0.17055 67 30
0.16756 60 32
0.16756 67 30
0.17055 55 37
0.17055 67 30
0.16659 63 33
0.16659 67 30
0.17055 55 35
0.17055 67 30
0.17055 62 32
0.17055 67 30
0.18293 55 45
0.16756 67 35
0.16756 59 38
0.16756 67 36
0.17472 56 45
0.17055 67 30
0.17055 60 33
0.17055 67 30
0.17472 56 45
0.17157 66 33
0.17157 60 33
0.17157 66 33
0.34110 67 45
0.34110 55 45
0.36271 0 0
0.34110 67 43
0.34110 55 43
0.36733 0 0
0.34110 67 44
0.34110 55 44
1.02331 0 0
0.35373 65 24
0.35373 55 24
0.35373 59 24
0.35373 62 24
0.38720 0 0
0.35373 65 24
0.35373 55 24
0.35373 59 24
0.35373 62 24
0.39252 0 0
0.37703 65 24
0.37703 55 24
0.37703 59 24
0.37703 62 24
1.41696 0 0
0.34247 48 40
0.34247 52 40
0.34247 55 40
0.34247 60 43
0.34247 48 40
0.34945 55 43
0.38466 43 40
0.34247 0 0
0.34247 48 40
0.34247 52 40
0.34247 55 43
0.34247 60 44
0.34610 48 41
0.34945 55 43
0.37505 43 41
0.34247 57 47
0.34247 60 46
0.34247 55 49
0.34985 60 45
0.34247 53 49
0.34247 60 47
0.34247 52 50
0.34247 60 46
0.34247 0 0
0.34247 59 43
0.34247 67 43
0.34247 0 0
0.34247 60 43
0.34247 67 43
0.68856 55 44
0.68856 59 44
0.70991 0 0
0.17123 36 64
0.17123 40 56
0.17123 43 57
0.17123 48 56
0.17123 40 60
0.17123 52 57
0.17123 43 60
0.17123 55 57
0.17123 48 60
0.17123 52 55
0.17123 55 57
0.17123 60 56
0.17305 43 60
0.17305 47 57
0.18295 50 59
0.18295 55 57
0.17123 36 60
0.17123 40 56
0.17123 43 57
0.17123 48 55
0.17123 40 60
0.17123 52 57
0.17123 43 58
0.17123 55 57
0.17123 48 60
0.17123 52 55
0.17305 55 57
0.17305 60 56
0.17305 43 62
0.17305 47 56
0.17305 50 57
0.19233 55 56
0.17123 57 53
0.17123 60 49
0.17123 57 53
0.17123 60 49
0.17123 55 53
0.17123 60 50
0.17493 55 53
0.17493 60 50
0.17123 53 57
0.17123 60 53
0.17123 53 57
0.17123 60 53
0.17123 52 57
0.17123 60 53
0.17123 52 57
0.17123 60 52
0.34799 0 0
0.17123 53 49
0.17123 62 49
0.17123 0 0
0.35950 64 49
0.37980 62 49
0.73929 55 49
0.69598 60 49
0.69598 64 49
1.03479 0 0
0.34110 57 38
0.34110 53 38
0.34110 62 38
0.34110 64 38
0.34110 60 38
0.37044 62 44
0.37044 65 44
0.71155 55 38
0.69776 64 49
0.69776 60 49
1.03475 0 0
0.33910 53 38
0.33910 62 38
0.33910 57 38
0.33910 64 38
0.33910 60 38
0.34629 62 40
0.34629 65 40
0.68539 55 38
0.09494 64 38
0.09494 60 38
0.28481 0 0
0.11029 55 38
0.33088 0 0
0.95807 48 38
0.95807 36 38
0.17442 60 37
0.17442 67 30
0.17442 66 33
0.17442 67 30
0.17442 60 37
0.17298 67 30
0.17156 62 33
0.17017 67 30
0.17045 64 37
0.17045 67 30
0.17045 65 33
0.19144 67 30
0.18072 64 37
0.17900 67 30
0.17749 58 33
0.17565 67 31
0.17418 59 38
0.17241 67 31
0.17045 59 35
0.17045 67 32
0.17045 60 41
0.18074 67 33
0.17305 62 37
0.17305 67 33
0.17305 60 40
0.17305 67 30
0.17682 66 33
0.17305 67 30
0.17305 59 37
0.17305 67 31
0.18072 66 33
0.18072 67 32
0.17123 59 37
0.17123 67 31
0.17123 66 33
0.18530 67 31
0.16854 59 37
0.16854 67 31
0.16854 60 33
0.16854 67 31
0.16854 62 37
0.16854 67 31
0.16854 64 33
0.17779 67 31
0.17123 65 37
0.17123 67 32
0.17123 62 34
0.17123 67 31
0.17034 59 40
0.17064 67 31
0.17123 62 34
0.17184 67 31
0.17214 59 46
0.17305 67 35
0.17305 55 37
0.20000 67 35
0.17876 60 44
0.17876 67 37
0.17876 65 40
0.17876 67 37
0.17876 60 44
0.17876 67 37
0.18961 64 40
0.21130 67 37
0.14086 48 48
0.14086 52 43
0.14086 55 41
0.34110 60 46
0.68426 0 0
0.11865 41 48
0.11865 45 43
0.11865 48 41
0.34110 53 48
0.68941 0 0
0.11865 45 48
0.11865 49 43
0.11865 52 40
0.34110 57 48
0.69848 0 0
0.11865 50 48
0.11865 54 43
0.11865 57 40
0.34730 62 48
0.68941 0 0
0.11865 47 48
0.11865 50 43
0.11865 55 40
0.34522 59 48
0.69628 0 0
0.11865 48 48
0.11865 52 43
0.11865 55 40
0.34110 60 48
0.68941 0 0
0.34110 57 50
0.34110 53 50
0.35225 0 0
0.34110 54 52
0.34110 57 52
0.37325 0 0
0.08789 55 57
0.08789 0 0
0.17579 67 40
0.17579 66 44
0.17689 67 40
0.18293 66 44
0.18293 67 41
0.19231 65 44
0.20833 67 40
0.17908 64 49
0.17908 67 40
0.17908 60 35
0.17908 67 30
0.17365 64 37
0.17365 67 31
0.17365 60 35
0.17365 67 31
0.17365 62 37
0.17365 67 34
0.17365 60 37
0.17365 67 34
0.17055 59 37
0.17055 67 34
0.17055 55 37
0.18136 67 34
0.17472 60 38
0.17472 67 31
0.17472 66 34
0.17472 67 31
0.17055 66 39
0.17055 67 41
0.17055 69 44
0.17055 67 41
0.17055 65 49
0.17055 67 47
0.17055 64 49
0.17055 67 45
0.17647 65 49
0.17647 67 46
0.18987 62 49
0.19224 67 46
0.17908 64 49
0.17908 67 41
0.17908 60 35
0.17908 67 31
0.17365 64 37
0.17365 67 31
0.17365 60 35
0.17365 67 31
0.17365 62 37
0.17365 67 34
0.17365 60 37
0.17365 67 34
0.17055 59 37
0.17055 67 34
0.17055 55 37
0.18136 67 34
0.18136 60 34
0.18136 67 32
0.17055 64 32
0.17055 67 32
0.17055 60 37
0.17055 69 29
0.17055 65 32
0.17055 69 29
0.17055 60 32
0.17055 67 30
0.17055 64 32
0.17055 67 31
0.17055 58 32
0.17055 65 30
0.17055 62 32
0.17055 65 30
0.17055 57 32
0.17055 65 30
0.17055 60 32
0.17908 65 30
0.17055 53 40
0.17055 62 34
0.17055 57 40
0.17055 62 33
0.17055 55 39
0.17055 64 34
0.17055 60 39
0.17055 64 34
0.16854 55 39
0.16854 65 34
0.16854 59 38
0.18851 65 33
0.17365 48 40
0.17365 55 35
0.17365 52 40
0.18020 55 34
0.17055 48 32
0.17055 57 30
0.17055 53 32
0.17055 57 30
0.17055 48 32
0.17055 55 30
0.17055 52 32
0.17055 55 30
0.17055 46 32
0.17055 53 29
0.17908 50 32
0.17908 53 29
0.17055 45 34
0.17055 53 30
0.17055 48 33
0.17908 53 29
0.17908 41 41
0.17908 50 38
0.17908 45 40
0.17908 50 37
0.17908 43 40
0.17908 52 37
0.17908 48 39
0.17908 52 32
0.17908 43 38
0.17908 53 33
0.17908 50 38
0.20548 53 32
0.34730 0 0
0.34730 52 38
0.34730 48 38
0.34730 53 44
0.34730 50 44
0.36340 52 49
0.36340 55 49
0.34730 0 0
0.34874 47 37
0.34874 43 37
0.35838 48 40
0.35838 45 40
0.39757 50 44
0.39757 47 44
0.34730 0 0
0.34730 52 38
0.34730 48 38
0.34730 53 44
0.34730 50 44
0.36340 52 49
0.36340 55 49
0.34730 0 0
0.34874 47 37
0.34874 43 37
0.35838 48 40
0.35838 45 40
0.38228 50 44
0.38228 47 44
0.70885 48 44
0.69045 0 0
1.07592 55 44
0.36618 58 44
1.44210 52 44
0.73638 53 38
2.17848 60 44
1.10717 0 0
0.37212 63 37
0.37212 54 37
0.37212 64 40
0.37212 55 40
0.38202 65 44
0.70635 60 44
0.70635 64 44
0.69045 0 0
1.07592 55 44
0.36618 58 44
1.44210 52 44
0.75299 53 38
0.75299 57 38
2.19509 60 44
0.74111 0 0
0.72849 63 41
0.72849 54 41
0.74145 0 0
0.18727 55 48
0.18727 64 39
0.17365 60 41
0.18519 64 39
0.17857 55 48
0.17857 64 38
0.17798 60 41
0.19101 64 39
0.17687 55 43
0.17687 67 36
0.17687 60 38
0.17687 67 35
0.17055 55 39
0.17055 65 30
0.17687 59 32
0.17687 65 30
0.17687 48 35
0.17687 52 30
0.17687 60 32
0.17687 52 30
0.17055 48 35
0.17055 52 30
0.17055 60 32
0.17055 52 30
0.17579 48 35
0.17579 50 30
0.17579 59 32
0.17579 50 30
0.17579 48 35
0.17579 53 30
0.17579 59 32
0.17579 53 30
0.17579 48 35
0.17579 52 30
0.17579 60 32
0.17579 52 30
0.17055 48 35
0.17055 52 30
0.17055 60 32
0.17055 52 30
0.17687 48 35
0.17687 50 30
0.17687 59 32
0.17687 50 30
0.17687 48 35
0.17687 53 30
0.18136 59 32
0.18750 53 30
0.17687 48 35
0.17687 52 30
0.17687 60 32
0.17687 52 30
0.17055 48 35
0.17055 53 30
0.17055 59 32
0.17055 53 30
0.17687 48 35
0.17687 52 30
0.17687 60 32
0.17687 52 30
0.17055 48 35
0.17055 53 30
0.17055 59 32
0.17055 53 30
0.17472 48 35
0.17472 52 30
0.17472 60 32
0.17472 52 31
0.17055 48 41
0.17055 53 35
0.17055 59 35
0.17055 53 32
0.17579 48 35
0.17579 52 30
0.17579 60 32
0.17579 52 30
0.16854 48 41
0.16854 53 35
0.16854 59 32
0.16854 53 30
0.75745 52 35
0.75745 48 35
0.37212 0 0
0.10089 56 33
0.30266 0 0
1.21065 57 33
0.40355 0 0
0.18987 53 59
0.18987 41 50
0.56962 0 0
0.18987 55 59
0.18987 43 50
0.56962 0 0
0.16667 48 57
0.16667 36 47
0.16667 40 47
0.16667 43 47
1.16667 0 0
0.34313 59 39
0.17045 55 38
0.68404 62 39
0.17045 55 40
0.17045 62 40
0.17045 0 0
0.37975 55 38
0.37975 62 38
0.36585 59 40
0.09010 57 38
0.71803 62 40
0.69706 62 38
0.69706 54 38
0.34313 57 41
0.09146 55 38
0.70899 62 41
0.34730 59 40
0.10563 57 38
0.76984 62 40
0.71633 60 50
0.34945 59 40
1.06578 62 50
1.03165 0 0
0.69483 50 38
0.69483 47 38
0.69055 48 38
0.69055 52 38
0.70696 55 40
0.70696 49 40
0.71147 59 34
0.77731 57 34
1.48878 50 34
0.76923 60 39
0.37703 59 35
1.14626 55 39
0.34110 0 0
0.17055 59 38
0.17055 62 30
0.17055 55 35
0.17055 62 30
0.17055 55 38
0.17055 62 32
0.17579 56 37
0.17579 62 32
0.17055 57 40
0.17055 62 31
0.17055 55 35
0.17055 62 30
0.17055 54 38
0.17055 62 35
0.18293 50 38
0.18293 62 34
0.16467 55 38
0.16467 67 34
0.17857 59 38
0.17857 67 33
0.16280 57 40
0.16280 67 38
0.18519 60 40
0.18519 67 38
0.16854 60 47
0.16854 67 38
0.16854 64 40
0.16854 67 38
0.16659 59 40
0.16659 67 33
0.16854 62 38
0.16854 67 34
0.16467 57 39
0.16467 67 35
0.17055 60 39
0.17055 67 34
0.16467 59 41
0.16467 67 37
0.17687 62 40
0.17687 67 37
0.16756 62 50
0.16756 67 38
0.16756 65 41
0.16756 67 38
0.16756 60 41
0.16756 67 37
0.17442 64 39
0.17442 67 37
0.16467 59 40
0.16467 67 38
0.17442 62 40
0.17442 67 37
0.16467 60 45
0.16467 67 40
0.18072 64 45
0.18072 67 40
0.16756 64 52
0.16756 67 41
0.16756 66 45
0.16756 67 40
0.16756 62 45
0.16756 67 38
0.17261 66 40
0.17261 67 38
0.16467 60 40
0.16467 67 35
0.16467 66 37
0.16467 67 35
0.16467 59 40
0.16467 67 35
0.16467 60 37
0.16467 67 34
0.16467 55 37
0.16467 67 30
0.16467 59 33
0.16467 67 30
0.16467 55 38
0.16467 67 33
0.17045 59 31
0.17045 67 31
0.18136 55 34
0.18136 67 29
0.17055 60 31
0.17055 67 30
0.17055 55 33
0.17055 67 30
0.16756 63 31
0.16756 67 29
0.18136 55 32
0.18136 67 30
0.17055 62 32
0.17055 67 30
0.17055 55 37
0.17055 67 30
0.16756 59 32
0.16756 67 30
0.17055 55 35
0.17055 67 30
0.16756 60 32
0.16756 67 30
0.17055 55 37
0.17055 67 30
0.16659 63 33
0.16659 67 30
0.17055 55 35
0.17055 67 30
0.17055 62 32
0.17055 67 30
0.18293 55 45
0.16756 67 35
0.16756 59 38
0.16756 67 36
0.17472 56 45
0.17055 67 30
0.17055 60 33
0.17055 67 30
0.17472 56 45
0.17157 66 33
0.17157 60 33
0.17157 66 33
0.34110 55 45
0.34110 67 45
0.36271 0 0
0.34110 67 43
0.34110 55 43
0.36733 0 0
0.34110 67 44
0.34110 55 44
1.02331 0 0
0.36145 65 24
0.36145 59 24
0.36145 55 24
0.36145 62 24
0.38720 0 0
0.36145 59 24
0.36145 65 24
0.36145 62 24
0.36145 55 24
0.39252 0 0
0.37703 65 24
0.37703 55 24
0.37703 59 24
0.37703 62 24
1.41696 0 0
0.34247 48 40
0.34247 52 40
0.34247 55 40
0.34247 60 43
0.34247 48 40
0.34945 55 43
0.38466 43 40
0.34247 0 0
0.34247 48 40
0.34247 52 40
0.34247 55 43
0.34247 60 44
0.34610 48 41
0.34945 55 43
0.37505 43 41
0.34247 57 47
0.34247 60 46
0.34247 55 49
0.34985 60 45
0.34247 53 49
0.34247 60 47
0.34247 52 50
0.34247 60 46
0.34247 0 0
0.34247 59 43
0.34247 67 43
0.34247 0 0
0.34247 67 43
0.34247 60 43
0.68856 59 44
0.68856 55 44
0.70991 0 0
0.17123 36 64
0.17123 40 56
0.17123 43 57
0.17123 48 56
0.17123 40 60
0.17123 52 57
0.17123 43 60
0.17123 55 57
0.17123 48 60
0.17123 52 55
0.17123 55 57
0.17123 60 56
0.17305 43 60
0.17305 47 57
0.18295 50 59
0.18295 55 57
0.17123 36 60
0.17123 40 56
0.17123 43 57
0.17123 48 55
0.17123 40 60
0.17123 52 57
0.17123 43 58
0.17123 55 57
0.17123 48 60
0.17123 52 55
0.17305 55 57
0.17305 60 56
0.17305 43 62
0.17305 47 56
0.17305 50 57
0.19233 55 56
0.17123 57 53
0.17123 60 49
0.17123 57 53
0.17123 60 49
0.17123 55 53
0.17123 60 50
0.17493 55 53
0.17493 60 50
0.17123 53 57
0.17123 60 53
0.17123 53 57
0.17123 60 53
0.17123 52 57
0.17123 60 53
0.17123 52 57
0.17123 60 52
0.34799 0 0
0.17123 53 49
0.17123 62 49
0.17123 0 0
0.35950 64 49
0.37980 62 49
0.73929 55 49
0.69597 60 49
0.69597 64 49
1.03479 0 0
0.34110 62 38
0.34110 57 38
0.34110 53 38
0.34110 64 38
0.34110 60 38
0.37044 65 44
0.37044 62 44
0.71155 55 38
0.69776 64 49
0.69776 60 49
1.03475 0 0
0.33910 62 38
0.33910 53 38
0.33910 57 38
0.33910 64 38
0.33910 60 38
0.34629 65 40
0.34629 62 40
0.68539 55 38
0.10135 64 38
0.10135 60 38
0.30405 0 0
0.11029 55 38
0.33088 0 0
0.95807 36 38
0.95807 48 38
0.17442 60 37
0.17442 67 30
0.17442 66 33
0.17442 67 30
0.17442 60 37
0.17298 67 30
0.17156 62 33
0.17017 67 30
0.17045 64 37
0.17045 67 30
0.17045 65 33
0.19144 67 30
0.18072 64 37
0.17900 67 30
0.17749 58 33
0.17565 67 31
0.17418 59 38
0.17241 67 31
0.17045 59 35
0.17045 67 32
0.17045 60 41
0.18074 67 33
0.17305 62 37
0.17305 67 33
0.17305 60 40
0.17305 67 30
0.17682 66 33
0.17305 67 30
0.17305 59 37
0.17305 67 31
0.18072 66 33
0.18072 67 32
0.17123 59 37
0.17123 67 31
0.17123 66 33
0.18530 67 31
0.16854 59 37
0.16854 67 31
0.16854 60 33
0.16854 67 31
0.16854 62 37
0.16854 67 31
0.16854 64 33
0.17779 67 31
0.17123 65 37
0.17123 67 32
0.17123 62 34
0.17123 67 31
0.17034 59 40
0.17064 67 31
0.17123 62 34
0.17184 67 31
0.17214 59 46
0.17305 67 35
0.17305 55 37
0.20000 67 35
0.17876 60 44
0.17876 67 37
0.17876 65 40
0.17876 67 37
0.17876 60 44
0.17876 67 37
0.18961 64 40
0.21130 67 37
0.14086 48 48
0.14086 52 43
0.14086 55 41
0.34110 60 46
0.67649 0 0
0.11865 41 48
0.11865 45 43
0.11865 48 41
0.34110 53 48
0.67646 0 0
0.11865 45 48
0.11865 49 43
0.11865 52 40
0.34110 57 48
0.69848 0 0
0.11865 50 48
0.11865 54 43
0.11865 57 40
0.34730 62 48
0.68941 0 0
0.11865 47 48
0.11865 50 43
0.11865 55 40
0.34522 59 48
0.69628 0 0
0.11865 48 48
0.11865 52 43
0.11865 55 40
0.34110 60 48
0.68941 0 0
0.34110 57 50
0.34110 53 50
0.35225 0 0
0.34110 54 52
0.34110 57 52
0.37325 0 0
0.08789 55 57
0.08789 0 0
0.17579 67 40
0.17579 66 44
0.17689 67 40
0.18293 66 44
0.18293 67 41
0.20000 65 44
0.21739 67 40
0.17908 64 49
0.17908 67 40
0.17908 60 35
0.17908 67 30
0.17365 64 37
0.17365 67 31
0.17365 60 35
0.17365 67 31
0.17365 62 37
0.17365 67 34
0.17365 60 37
0.17365 67 34
0.17055 59 37
0.17055 67 34
0.17055 55 37
0.18136 67 34
0.17472 60 38
0.17472 67 31
0.17472 66 34
0.17472 67 31
0.17055 66 39
0.17055 67 41
0.17055 69 44
0.17055 67 41
0.17055 65 49
0.17055 67 47
0.17055 64 49
0.17055 67 45
0.17442 65 49
0.17442 67 46
0.19737 62 49
0.21159 67 46
0.17908 64 49
0.17908 67 41
0.17908 60 35
0.17908 67 31
0.17365 64 37
0.17365 67 31
0.17365 60 35
0.17365 67 31
0.17365 62 37
0.17365 67 34
0.17365 60 37
0.17365 67 34
0.17055 59 37
0.17055 67 34
0.17055 55 37
0.18136 67 34
0.18136 60 34
0.18136 67 32
0.17055 64 32
0.17055 67 32
0.17055 60 37
0.17055 69 29
0.17055 65 32
0.17055 69 29
0.17055 60 32
0.17055 67 30
0.17055 64 32
0.17055 67 31
0.17055 58 32
0.17055 65 30
0.17055 62 32
0.17055 65 30
0.17055 57 32
0.17055 65 30
0.17055 60 32
0.17908 65 30
0.17055 53 40
0.17055 62 34
0.17055 57 40
0.17055 62 33
0.17055 55 39
0.17055 64 34
0.17055 60 39
0.17055 64 34
0.16854 55 39
0.16854 65 34
0.16854 59 38
0.18851 65 33
0.17365 48 40
0.17365 55 35
0.17365 52 40
0.18020 55 34
0.17055 48 32
0.17055 57 30
0.17055 53 32
0.17055 57 30
0.17055 48 32
0.17055 55 30
0.17055 52 32
0.17055 55 30
0.17055 46 32
0.17055 53 29
0.17908 50 32
0.17908 53 29
0.17055 45 34
0.17055 53 30
0.17055 48 33
0.17908 53 29
0.17908 41 41
0.17908 50 38
0.17908 45 40
0.17908 50 37
0.17908 43 40
0.17908 52 37
0.17908 48 39
0.17908 52 32
0.17908 43 38
0.17908 53 33
0.17908 50 38
0.20548 53 32
0.34730 0 0
0.34730 52 38
0.34730 48 38
0.34730 53 44
0.34730 50 44
0.36340 52 49
0.36340 55 49
0.34730 0 0
0.34874 47 37
0.34874 43 37
0.35838 48 40
0.35838 45 40
0.39757 50 44
0.39757 47 44
0.34730 0 0
0.34730 52 38
0.34730 48 38
0.34730 53 44
0.34730 50 44
0.36340 52 49
0.36340 55 49
0.34730 0 0
0.34874 47 37
0.34874 43 37
0.35838 48 40
0.35838 45 40
0.38228 50 44
0.38228 47 44
0.70885 48 44
0.69045 0 0
1.07592 55 44
0.36618 58 44
1.44210 52 44
0.73638 53 38
2.17848 60 44
1.10717 0 0
0.37212 63 37
0.37212 54 37
0.37212 64 40
0.37212 55 40
0.38202 65 44
0.70635 60 44
0.70635 64 44
0.69045 0 0
1.07592 55 44
0.36618 58 44
1.44210 52 44
0.75299 53 38
0.75299 57 38
2.19509 60 44
0.74111 0 0
0.72849 63 41
0.72849 54 41
0.74145 0 0
0.18727 55 48
0.18727 64 39
0.17365 60 41
0.18519 64 39
0.17857 55 48
0.17857 64 38
0.17798 60 41
0.19101 64 39
0.17687 55 43
0.17687 67 36
0.17687 60 38
0.17687 67 35
0.17055 55 39
0.17055 65 30
0.17687 59 32
0.17687 65 30
0.17687 48 35
0.17687 52 30
0.17687 60 32
0.17687 52 30
0.17055 48 35
0.17055 52 30
0.17055 60 32
0.17055 52 30
0.17579 48 35
0.17579 50 30
0.17579 59 32
0.17579 50 30
0.17579 48 35
0.17579 53 30
0.17579 59 32
0.17579 53 30
0.17579 48 35
0.17579 52 30
0.17579 60 32
0.17579 52 30
0.17055 48 35
0.17055 52 30
0.17055 60 32
0.17055 52 30
0.17687 48 35
0.17687 50 30
0.17687 59 32
0.17687 50 30
0.17687 48 35
0.17687 53 30
0.18136 59 32
0.18750 53 30
0.17687 48 35
0.17687 52 30
0.17687 60 32
0.17687 52 30
0.17055 48 35
0.17055 53 30
0.17055 59 32
0.17055 53 30
0.17687 48 35
0.17687 52 30
0.17687 60 32
0.17687 52 30
0.17055 48 35
0.17055 53 30
0.17055 59 32
0.17055 53 30
0.17472 48 35
0.17472 52 30
0.17472 60 32
0.17472 52 31
0.16304 48 41
0.16304 53 35
0.16304 59 35
0.16304 53 32
0.17579 48 35
0.17579 52 30
0.17579 60 32
0.17579 52 30
0.16484 48 41
0.16484 53 35
0.16484 59 32
0.16484 53 30
0.75745 52 35
0.75745 48 35
0.37212 0 0
0.10714 56 33
0.32143 0 0
1.21622 57 33
0.40541 0 0
0.20000 53 61
0.20000 41 52
0.60000 0 0
0.22059 55 61
0.22059 43 52
0.66176 0 0
0.21127 48 59
0.21127 36 49
0.21127 40 49
0.21127 43 49
