"mz_331_2"

#  Piano right
0.06637 61 64
0.06637 64 64
0.92920 69 76
0.47619 64 70
0.24793 73 72
0.11628 74 74
0.11628 71 70
0.24000 69 70
0.72000 0 0
0.24000 73 50
0.12000 74 52
0.12000 71 46
0.49210 69 49
0.23622 85 57
0.24590 0 0
0.47244 75 50
0.70866 76 52
0.21654 77 51
0.01969 0 0
0.23256 80 57
0.23622 78 56
0.23077 76 54
0.23438 74 53
0.23077 73 52
0.24590 71 51
0.23622 69 51
0.23622 68 46
0.22727 76 53
0.23077 74 51
0.47244 0 0
0.23622 71 57
0.23622 69 53
0.22727 78 57
0.23256 76 56
0.46878 0 0
0.23438 73 63
0.22727 71 59
0.22901 79 62
0.23438 78 59
0.46875 0 0
0.46875 66 51
0.22727 76 53
0.23077 74 51
0.22901 73 51
0.23809 71 49
0.23438 69 51
0.23438 68 48
0.47619 69 51
0.29762 0 0
0.05952 71 68
0.05952 76 71
0.05952 80 74
1.40625 83 77
0.11538 83 73
0.11538 81 72
0.11538 80 71
0.10769 78 70
0.00769 0 0
0.11538 78 72
0.11538 76 71
0.11538 75 69
0.11538 73 68
0.11719 71 70
0.11719 69 67
0.11905 68 67
0.11905 69 67
0.11628 68 67
0.11628 71 69
0.11628 76 70
0.11628 80 72
0.91608 83 73
0.11538 83 73
0.11538 81 72
0.11538 80 71
0.11058 78 70
0.00481 0 0
0.11538 78 72
0.11538 76 71
0.11538 75 69
0.11538 73 68
0.11719 71 70
0.11719 69 67
0.11905 68 67
0.11905 69 67
0.11628 68 67
0.11628 71 64
0.11450 69 70
0.11450 68 64
0.11369 69 68
0.00663 0 0
0.11364 71 68
0.11364 73 69
0.11364 75 70
0.11538 76 70
0.11538 78 71
0.11538 80 72
0.11474 81 72
0.11364 83 73
0.11281 85 74
0.11214 87 74
0.11147 88 75
0.11111 87 72
0.11111 85 70
0.11111 83 68
0.11052 81 65
0.11041 80 63
0.11222 78 61
0.11425 76 59
0.11538 75 57
0.23256 73 50
0.11628 0 0
0.11628 85 50
0.42996 76 54
0.07282 80 50
0.54054 78 53
0.54054 75 53
0.54054 76 51
1.08108 0 0
0.06637 61 64
0.06637 64 64
0.92920 69 76
0.47619 64 70
0.24793 73 72
0.11628 74 74
0.11628 71 70
0.24000 69 70
0.72000 0 0
0.24000 73 50
0.12000 74 52
0.12000 71 46
0.49210 69 49
0.23622 85 57
0.24590 0 0
0.47244 75 50
0.70866 76 52
0.21654 77 51
0.01969 0 0
0.23077 80 57
0.23622 78 56
0.23256 76 54
0.23622 74 53
0.23438 73 52
0.24590 71 51
0.23622 69 51
0.23622 68 46
0.22727 76 53
0.23077 74 51
0.47244 0 0
0.23622 71 57
0.23622 69 53
0.22727 78 57
0.23256 76 56
0.46878 0 0
0.23438 73 63
0.22901 71 59
0.22901 79 62
0.23438 78 59
0.46875 0 0
0.46875 66 51
0.22727 76 53
0.23077 74 51
0.22727 73 51
0.23810 71 49
0.23438 69 51
0.23438 68 48
0.47619 69 51
0.29762 0 0
0.05952 71 68
0.05952 76 71
0.05952 80 74
1.40625 83 77
0.11538 83 73
0.11538 81 72
0.11538 80 71
0.11538 78 70
0.11154 78 72
0.00385 0 0
0.11538 76 71
0.11538 75 69
0.11538 73 68
0.11719 71 70
0.11719 69 67
0.11905 68 67
0.11905 69 67
0.11628 68 67
0.11628 71 69
0.11628 76 70
0.11628 80 72
0.91608 83 73
0.11538 83 73
0.11538 81 72
0.11538 80 71
0.11154 78 70
0.00385 0 0
0.11538 78 72
0.11538 76 71
0.11538 75 69
0.11538 73 68
0.11719 71 70
0.11719 69 67
0.11905 68 67
0.11905 69 67
0.11628 68 67
0.11628 71 64
0.11628 69 70
0.11628 68 64
0.11379 69 68
0.00663 0 0
0.11364 71 68
0.11364 73 69
0.11364 75 70
0.11538 76 70
0.11538 78 71
0.11538 80 72
0.11474 81 72
0.11364 83 73
0.11281 85 74
0.11214 87 74
0.11147 88 75
0.11111 87 72
0.11111 85 70
0.11111 83 68
0.11052 81 65
0.11041 80 63
0.11222 78 61
0.11425 76 59
0.11538 75 57
0.23256 73 50
0.11628 0 0
0.11628 85 50
0.42996 76 54
0.07282 80 50
0.54054 78 53
0.54054 75 53
0.54054 76 51
1.01351 0 0
0.12709 64 61
0.41667 76 74
0.11905 66 61
0.41667 78 70
0.11905 67 61
0.48003 79 70
0.47619 71 56
0.46512 70 52
0.35534 0 0
0.12097 70 51
0.47244 73 57
0.46154 71 56
0.35433 0 0
0.11811 71 63
0.46514 74 66
0.46875 73 60
0.35156 0 0
0.11719 73 68
0.23077 76 72
0.23810 74 68
0.22727 77 72
0.23622 76 67
0.23256 79 70
0.23622 77 66
0.47244 69 56
0.46512 68 52
0.35534 0 0
0.12097 68 51
0.47244 71 57
0.46154 69 56
0.35433 0 0
0.11811 69 63
0.46878 72 66
0.47244 71 60
0.35433 0 0
0.11811 71 68
0.23077 74 72
0.23810 72 68
0.23077 71 72
0.23622 69 67
0.17442 81 73
0.05814 0 0
0.17717 81 70
0.05906 0 0
0.23622 83 78
0.23622 81 78
0.23256 79 77
0.23256 77 75
0.23622 76 79
0.25000 75 75
0.93750 84 81
0.48780 75 55
0.70312 76 55
0.12097 78 57
0.09073 76 46
0.03024 0 0
0.12097 76 55
0.12097 74 53
0.12097 73 52
0.13043 71 51
0.06637 61 64
0.06637 64 64
0.92920 69 76
0.47619 64 70
0.24793 73 72
0.11628 74 74
0.11628 71 70
0.24000 69 70
0.72000 0 0
0.24000 73 50
0.12000 74 52
0.12000 71 46
0.49210 69 49
0.23622 85 57
0.24590 0 0
0.47244 75 50
0.70866 76 52
0.21654 77 51
0.01969 0 0
0.22901 80 57
0.23622 78 56
0.23077 76 54
0.23622 74 53
0.23256 73 52
0.24590 71 51
0.23622 69 51
0.23077 68 46
0.22727 76 53
0.23077 74 51
0.47244 0 0
0.23622 71 57
0.23256 69 53
0.22727 78 57
0.23256 76 56
0.46878 0 0
0.23438 71 63
0.24390 69 59
0.22901 81 62
0.23438 79 59
0.46875 0 0
0.23256 79 55
0.23622 78 52
0.23622 76 51
0.23622 74 50
0.23622 73 49
0.24590 71 47
0.12295 76 49
0.03876 78 45
0.03876 76 45
0.03876 74 45
0.11628 76 51
0.13761 78 52
0.48780 69 51
0.36440 0 0
0.05952 69 66
0.05952 73 67
0.48345 68 48
0.46338 76 67
0.93387 76 69
0.11538 76 65
0.11538 74 64
0.11538 73 63
0.10481 71 63
0.01058 0 0
0.11538 71 64
0.11538 69 63
0.11538 68 62
0.11538 66 61
0.11719 64 63
0.11719 62 60
0.11905 61 60
0.11905 62 60
0.11628 61 60
0.11628 64 62
0.11628 69 63
0.11628 73 64
0.68531 76 65
0.22692 88 65
0.00385 0 0
0.11538 88 70
0.11538 86 70
0.11538 85 69
0.11058 83 69
0.00481 0 0
0.11538 83 68
0.11538 81 67
0.11538 80 67
0.11538 78 66
0.11719 76 66
0.11719 74 65
0.11905 73 65
0.11905 74 64
0.11628 73 63
0.11628 76 64
0.11538 74 60
0.11538 73 61
0.11364 74 62
0.11364 76 63
0.11364 78 64
0.11364 80 66
0.11538 81 67
0.11538 83 68
0.11538 85 70
0.11474 86 71
0.11364 88 72
0.11281 86 71
0.11214 85 69
0.11147 83 68
0.11111 81 66
0.11111 80 65
0.11111 78 63
0.11052 76 62
0.11041 74 60
0.11222 73 59
0.11425 71 57
0.13636 69 56
0.08264 78 59
0.08264 80 55
0.08264 78 59
0.06198 77 59
0.06198 78 55
0.06198 80 55
0.06198 81 55
0.45417 69 59
0.07282 73 50
0.50848 71 53
0.50848 68 53
0.55046 69 51
1.03211 0 0
0.12709 64 61
0.41667 76 74
0.11812 66 61
0.41016 78 70
0.11765 67 61
0.48212 79 70
0.47244 71 56
0.46512 70 52
0.35534 0 0
0.12097 70 51
0.47244 73 57
0.46154 71 56
0.35433 0 0
0.11811 71 63
0.46523 74 66
0.47244 73 60
0.35433 0 0
0.11811 73 68
0.22727 76 72
0.23810 74 68
0.23077 77 72
0.23622 76 67
0.23256 79 70
0.23622 77 66
0.46699 69 56
0.45978 68 52
0.35534 0 0
0.12097 68 51
0.47244 71 57
0.46154 69 56
0.35433 0 0
0.11811 69 63
0.47244 72 66
0.46512 71 60
0.35433 0 0
0.11811 71 68
0.23077 74 72
0.23810 72 68
0.23077 71 72
0.23622 69 67
0.17442 81 73
0.05814 0 0
0.17717 81 70
0.05906 0 0
0.23077 83 78
0.23622 81 78
0.23622 79 77
0.23622 77 75
0.23622 76 79
0.25641 75 75
0.93750 84 81
0.48780 75 55
0.70312 76 55
0.12097 78 57
0.11492 76 46
0.00605 0 0
0.11811 76 55
0.11811 74 53
0.12195 73 52
0.13043 71 51
0.06637 61 64
0.06637 64 64
0.92920 69 76
0.47619 64 70
0.24793 73 72
0.11628 74 74
0.11628 71 70
0.24000 69 70
0.72000 0 0
0.23716 73 50
0.12000 74 52
0.12000 71 46
0.49210 69 49
0.23622 85 57
0.24590 0 0
0.47244 75 50
0.70866 76 52
0.21654 77 51
0.01969 0 0
0.22901 80 57
0.23622 78 56
0.23077 76 54
0.23622 74 53
0.23622 73 52
0.24590 71 51
0.23622 69 51
0.22901 68 46
0.22727 76 53
0.23077 74 51
0.47244 0 0
0.23622 71 57
0.23256 69 53
0.22727 78 57
0.23256 76 56
0.46878 0 0
0.23438 71 63
0.24390 69 59
0.22901 81 62
0.23438 79 59
0.46875 0 0
0.23256 79 55
0.23622 78 52
0.23622 76 51
0.23622 74 50
0.23622 73 49
0.24590 71 47
0.12295 76 49
0.03876 78 45
0.03876 76 45
0.03876 74 45
0.11628 76 51
0.13761 78 52
0.48780 69 51
0.36440 0 0
0.05952 69 66
0.05952 73 67
0.48345 68 48
0.46875 76 67
0.93387 76 69
0.11538 76 65
0.11538 74 64
0.11364 73 63
0.10322 71 63
0.01042 0 0
0.11450 71 64
0.11450 69 63
0.11450 68 62
0.11450 66 61
0.11719 64 63
0.11719 62 60
0.11905 61 60
0.11905 62 60
0.11628 61 60
0.11628 64 62
0.11628 69 63
0.11628 73 64
0.68531 76 65
0.22596 88 65
0.00481 0 0
0.11364 88 70
0.11364 86 70
0.11450 85 69
0.10496 83 69
0.00954 0 0
0.11450 83 68
0.11450 81 67
0.11450 80 67
0.11450 78 66
0.11719 76 66
0.11719 74 65
0.11905 73 65
0.11905 74 64
0.11628 73 63
0.11628 76 64
0.11628 74 60
0.11628 73 61
0.11364 74 62
0.11364 76 63
0.11364 78 64
0.11364 80 66
0.11538 81 67
0.11538 83 68
0.11538 85 70
0.11474 86 71
0.11364 88 72
0.11281 86 71
0.11214 85 69
0.11147 83 68
0.11111 81 66
0.11111 80 65
0.11111 78 63
0.11052 76 62
0.11041 74 60
0.11222 73 59
0.11425 71 57
0.13636 69 56
0.08403 78 59
0.08403 80 55
0.08403 78 59
0.06303 77 59
0.06303 78 55
0.06303 80 55
0.06303 81 55
0.46412 69 59
0.07282 73 50
0.54054 68 53
0.54054 71 53
0.54054 69 51
2.70270 0 0
0.28302 69 50
0.28302 66 42
0.27027 57 45
0.25641 66 50
0.25641 62 42
0.24590 57 47
0.25210 67 52
0.25210 64 44
0.27027 57 49
0.26316 66 45
0.26316 69 54
0.24793 57 48
0.24793 66 50
0.24793 62 42
0.25000 64 47
0.25000 61 39
0.25424 66 50
0.25424 62 42
0.25000 67 47
0.25000 64 39
0.24793 69 50
0.24793 66 42
0.25210 62 45
0.25000 71 53
0.25000 67 45
0.26316 62 47
0.25210 73 54
0.25210 67 45
0.26316 64 47
0.26087 74 54
0.26087 66 45
0.26087 69 49
0.24793 66 50
0.24793 62 42
0.25000 64 47
0.25000 61 39
0.25424 66 50
0.25424 62 42
0.25000 67 47
0.25000 64 39
0.24793 69 50
0.24793 66 42
0.25424 62 45
0.25424 71 53
0.25424 67 45
0.26087 62 47
0.25424 73 54
0.25424 67 45
0.26786 64 47
0.26786 74 54
0.26786 66 45
0.27778 69 49
0.25424 74 54
0.25424 66 45
0.25862 73 49
0.25862 64 41
0.24793 71 49
0.24793 62 41
0.27273 69 49
0.27273 61 41
0.25641 68 54
0.25641 59 45
0.26087 64 47
0.25424 69 51
0.25424 61 43
0.25862 64 42
0.25210 73 52
0.25210 69 44
0.25210 64 42
0.25210 71 51
0.25210 68 43
0.26786 64 44
0.24793 74 54
0.24793 66 45
0.25641 73 49
0.25641 64 41
0.25424 71 49
0.25424 62 41
0.26549 69 49
0.26549 61 41
0.24590 68 54
0.24590 59 45
0.24390 64 47
0.24590 69 51
0.24590 61 43
0.24194 64 42
0.24390 73 52
0.24390 69 44
0.25000 64 42
0.25000 71 51
0.25000 68 43
0.26316 64 44
0.25641 73 64
0.24793 71 59
0.24390 73 61
0.25000 74 54
0.24390 76 66
0.25424 69 59
1.49639 64 64
0.24390 73 64
0.25641 64 58
0.50031 69 64
0.24390 71 64
0.25862 64 58
0.50252 68 64
0.24793 69 64
0.26316 64 58
0.25641 73 64
0.25641 69 64
0.24793 71 59
0.24793 68 59
0.25210 73 61
0.25210 69 61
0.25000 74 54
0.25000 71 54
0.24390 76 66
0.24390 73 66
0.25424 64 59
0.24390 73 64
0.24390 69 64
0.25641 64 58
0.24390 71 64
0.24390 68 64
0.25862 64 58
0.24793 69 64
0.25424 64 58
0.24390 66 61
0.25000 74 53
0.24590 71 61
0.25424 68 55
0.24793 69 59
0.24793 64 50
0.25000 66 56
0.25641 74 50
0.25641 71 57
0.26316 68 48
0.24793 69 52
0.24793 68 46
0.24793 69 52
0.24793 71 45
0.26549 67 48
0.30612 64 48
0.28302 69 50
0.28302 66 42
0.27027 57 45
0.25641 66 50
0.25641 62 42
0.24590 57 47
0.25210 67 52
0.25210 64 44
0.27027 57 49
0.26316 66 45
0.26316 69 54
0.24793 57 48
0.24793 66 50
0.24793 62 42
0.25000 64 47
0.25000 61 39
0.25424 66 50
0.25424 62 42
0.25000 67 47
0.25000 64 39
0.24793 69 50
0.24793 66 42
0.25210 62 45
0.25000 71 53
0.25000 67 45
0.26316 62 47
0.25210 73 54
0.25210 67 45
0.26316 64 47
0.26087 74 54
0.26087 66 45
0.26087 69 49
0.24793 66 50
0.24793 62 42
0.25000 64 47
0.25000 61 39
0.25424 66 50
0.25424 62 42
0.25000 67 47
0.25000 64 39
0.24793 69 50
0.24793 66 42
0.25424 62 45
0.25424 71 53
0.25424 67 45
0.26087 62 47
0.25424 73 54
0.25424 67 45
0.26786 64 47
0.26786 74 54
0.26786 66 45
0.27778 69 49
0.25424 74 54
0.25424 66 45
0.25862 73 49
0.25862 64 41
0.24793 71 49
0.24793 62 41
0.27273 69 49
0.27273 61 41
0.25641 68 54
0.25641 59 45
0.26087 64 47
0.25424 69 51
0.25424 61 43
0.25862 64 42
0.25210 73 52
0.25210 69 44
0.25210 64 42
0.25210 71 51
0.25210 68 43
0.26786 64 44
0.24793 74 54
0.24793 66 45
0.25641 73 49
0.25641 64 41
0.25424 71 49
0.25424 62 41
0.26549 69 49
0.26549 61 41
0.24590 68 54
0.24590 59 45
0.24390 64 47
0.24590 69 51
0.24590 61 43
0.24194 64 42
0.24390 73 52
0.24390 69 44
0.25000 64 42
0.25000 71 51
0.25000 68 43
0.26316 64 44
0.25641 73 64
0.24793 71 59
0.24390 73 61
0.25000 74 54
0.24390 76 66
0.25424 69 59
1.49639 64 64
0.24390 73 64
0.25641 64 58
0.50031 69 64
0.24390 71 64
0.25862 64 58
0.50252 68 64
0.24793 69 64
0.26316 64 58
0.25641 73 64
0.25641 69 64
0.24793 71 59
0.24793 68 59
0.25210 73 61
0.25210 69 61
0.25000 74 54
0.25000 71 54
0.24390 76 66
0.24390 73 66
0.25424 64 59
0.24390 73 64
0.24390 69 64
0.25641 64 58
0.24390 71 64
0.24390 68 64
0.25862 64 58
0.24793 69 64
0.25424 64 58
0.24390 66 61
0.25000 74 53
0.24590 71 61
0.25424 68 55
0.24793 69 59
0.24793 64 50
0.25000 66 56
0.25641 74 50
0.25641 71 57
0.26316 68 48
0.24793 69 52
0.24793 68 46
0.24793 69 52
0.24793 71 45
0.25424 67 48
0.27778 64 48
0.28302 69 50
0.28302 66 42
0.27027 59 45
0.25641 66 50
0.25641 63 42
0.24590 59 47
0.25210 67 52
0.25210 64 44
0.27027 59 49
0.26316 66 45
0.26316 69 54
0.24793 59 48
0.25000 66 45
0.25000 63 37
0.24590 59 42
0.24793 67 46
0.24793 64 39
0.25862 59 44
0.25000 66 40
0.25000 69 48
0.24793 59 43
0.24793 66 45
0.24793 63 37
0.24590 59 42
0.24590 67 46
0.24590 64 39
0.25862 59 44
0.52668 66 40
0.52668 69 48
0.21774 83 71
0.21774 71 60
0.02419 0 0
0.21951 81 66
0.21951 69 56
0.02439 0 0
0.22314 79 71
0.22314 67 60
0.02479 0 0
0.23077 78 67
0.23077 66 56
0.02564 0 0
0.47788 76 74
0.47788 64 62
0.05310 0 0
0.46154 76 71
0.46154 64 60
0.05128 0 0
0.46154 83 73
0.46154 71 61
0.05128 0 0
0.44628 76 71
0.44628 64 60
0.04959 0 0
0.21951 83 71
0.21951 71 60
0.02439 0 0
0.22314 81 66
0.22314 69 56
0.02479 0 0
0.22689 79 71
0.22689 67 60
0.02521 0 0
0.23478 78 67
0.23478 66 56
0.02609 0 0
0.47788 76 74
0.47788 64 62
0.05310 0 0
0.46154 76 71
0.46154 64 60
0.05128 0 0
0.46154 83 73
0.46154 71 61
0.05128 0 0
0.47788 76 71
0.47788 64 60
0.05310 0 0
0.18908 76 50
0.06303 0 0
0.19397 74 46
0.06466 0 0
0.18908 76 50
0.06303 0 0
0.19397 77 47
0.06466 0 0
0.51286 79 51
0.76271 79 53
0.25641 79 50
0.50848 84 55
0.50000 79 50
0.50862 0 0
0.49800 79 56
0.75424 79 58
0.25424 79 55
0.49800 84 60
0.49587 79 55
0.38393 0 0
0.13393 79 61
0.49590 88 70
0.50000 79 55
0.38043 0 0
0.13043 79 65
0.49390 88 74
0.49385 79 61
0.37837 0 0
0.13043 79 55
0.24390 79 60
0.24390 77 58
0.24793 76 58
0.24793 77 54
0.24793 76 58
0.24793 74 55
0.24590 73 58
0.25210 80 55
0.24194 81 58
0.24590 80 55
0.24590 81 58
0.24590 76 55
0.24390 79 60
0.24390 77 58
0.24793 76 58
0.24793 77 54
0.24793 76 58
0.24793 74 55
0.24390 81 58
0.25210 80 55
0.24194 81 58
0.24793 76 55
0.24793 77 58
0.24793 74 55
0.24390 81 58
0.25210 80 55
0.24194 81 58
0.24590 76 55
0.24590 77 58
0.24597 74 49
0.25004 69 51
0.25235 68 45
0.25427 69 51
0.25641 68 47
0.26059 69 51
0.31622 68 44
0.28302 69 50
0.28302 66 42
0.27027 57 45
0.25641 66 50
0.25641 62 42
0.24590 57 47
0.25210 67 52
0.25210 64 44
0.27027 57 49
0.26316 66 45
0.26316 69 54
0.24793 62 48
0.24793 74 50
0.24793 71 42
0.25000 73 47
0.25000 69 39
0.25424 71 50
0.25424 67 42
0.25000 69 47
0.25000 66 39
0.24793 67 50
0.25210 62 45
0.25000 69 53
0.25000 66 45
0.26316 62 47
0.25210 71 54
0.25210 67 45
0.26316 62 47
0.26316 66 45
0.26316 69 54
0.24793 62 48
0.24793 74 47
0.24793 71 39
0.25000 73 44
0.25000 69 37
0.25424 71 47
0.25424 67 39
0.25000 69 44
0.25000 66 37
0.24793 67 47
0.24793 64 42
0.25210 62 42
0.25000 69 50
0.25000 66 42
0.26316 62 44
0.25210 71 51
0.25210 67 42
0.26316 62 44
0.26316 66 42
0.26316 69 51
0.24793 62 45
0.24793 71 50
0.24793 67 42
0.25000 69 47
0.25000 66 39
0.25424 67 50
0.25424 64 42
0.25000 66 47
0.25000 62 39
0.24793 64 50
0.24793 61 45
0.25210 57 45
0.25000 69 53
0.25000 62 45
0.26316 57 47
0.25210 66 54
0.25210 62 45
0.26316 57 47
0.26316 61 45
0.26316 64 54
0.24793 57 48
0.24793 71 47
0.24793 67 39
0.25000 69 44
0.25000 66 37
0.25424 67 47
0.25424 64 39
0.25000 66 44
0.25000 62 37
0.24590 64 47
0.24590 61 42
0.25210 57 42
0.24590 69 50
0.24590 66 42
0.25210 57 44
0.24793 66 51
0.24793 62 42
0.25210 57 44
0.26316 61 42
0.26316 64 51
0.24793 69 45
0.25641 74 64
0.24793 73 59
0.24390 74 61
0.25000 71 54
0.24390 69 63
1.24215 62 50
0.25424 57 55
0.24390 64 54
0.25641 59 54
0.50031 67 61
0.24390 61 54
0.25862 57 51
0.50252 64 61
0.24793 66 64
0.36855 62 52
0.26316 69 55
0.25641 74 64
0.25641 71 64
0.24793 73 56
0.24793 70 56
0.25210 74 61
0.25210 71 61
0.25000 71 54
0.25000 67 54
0.24390 69 66
0.24390 66 56
0.25424 62 51
0.24390 67 64
0.24390 64 54
0.25641 59 51
0.24390 64 64
0.24390 61 54
0.25862 57 52
0.24793 66 64
0.24793 62 54
0.25424 69 54
0.24390 69 61
0.36890 59 50
0.25000 67 51
0.24590 64 61
0.25424 61 52
0.24793 62 59
0.24793 66 50
0.25000 69 56
0.37821 59 50
0.25641 67 50
0.25641 64 57
0.26316 61 48
0.24793 62 52
0.24793 61 46
0.24793 62 52
0.24793 64 45
0.27273 66 48
0.30928 67 48
0.28302 69 50
0.28302 66 42
0.27027 59 45
0.25641 66 50
0.25641 63 42
0.24590 59 47
0.25210 67 52
0.25210 64 44
0.27027 59 49
0.26316 66 45
0.26316 69 54
0.24793 59 48
0.25000 66 45
0.25000 63 37
0.24590 59 42
0.24793 67 46
0.24793 64 39
0.25862 59 44
0.25000 66 40
0.25000 69 48
0.24793 59 43
0.24793 66 45
0.24793 63 37
0.24590 59 42
0.24590 67 46
0.24590 64 39
0.25862 59 44
0.52668 66 40
0.52668 69 48
0.21774 83 71
0.21774 71 60
0.02419 0 0
0.21951 81 66
0.21951 69 56
0.02439 0 0
0.22314 79 71
0.22314 67 60
0.02479 0 0
0.23077 78 67
0.23077 66 56
0.02564 0 0
0.47788 76 74
0.47788 64 62
0.05310 0 0
0.46154 76 71
0.46154 64 60
0.05128 0 0
0.46154 83 73
0.46154 71 61
0.05128 0 0
0.44628 76 71
0.44628 64 60
0.04959 0 0
0.21951 83 71
0.21951 71 60
0.02439 0 0
0.22314 81 66
0.22314 69 56
0.02479 0 0
0.22689 79 71
0.22689 67 60
0.02521 0 0
0.23478 78 67
0.23478 66 56
0.02609 0 0
0.47788 76 74
0.47788 64 62
0.05310 0 0
0.46154 76 71
0.46154 64 60
0.05128 0 0
0.46154 83 73
0.46154 71 61
0.05128 0 0
0.47788 76 71
0.47788 64 60
0.05310 0 0
0.18908 76 50
0.06303 0 0
0.19397 74 46
0.06466 0 0
0.18908 76 50
0.06303 0 0
0.19397 77 47
0.06466 0 0
0.51286 79 51
0.76271 79 53
0.25641 79 50
0.50847 84 55
0.50000 79 50
0.50862 0 0
0.49800 79 56
0.75424 79 58
0.25424 79 55
0.49800 84 60
0.49587 79 55
0.38393 0 0
0.13393 79 61
0.49590 88 70
0.50000 79 55
0.38043 0 0
0.13043 79 65
0.49390 88 74
0.49385 79 61
0.37837 0 0
0.13043 79 55
0.24390 79 60
0.24390 77 58
0.24793 76 58
0.24793 77 54
0.24793 76 58
0.24793 74 55
0.24590 73 58
0.25210 80 55
0.24194 81 58
0.24590 80 55
0.24590 81 58
0.24590 76 55
0.24390 79 60
0.24390 77 58
0.24793 76 58
0.24793 77 54
0.24793 76 58
0.24793 74 55
0.24390 81 58
0.25210 80 55
0.24194 81 58
0.24793 76 55
0.24793 77 58
0.24793 74 55
0.24390 81 58
0.25210 80 55
0.24194 81 58
0.24590 76 55
0.24590 77 58
0.24597 74 49
0.25004 69 51
0.25235 68 45
0.25427 69 51
0.25641 68 47
0.26222 69 51
0.30000 68 44
0.28302 69 50
0.28302 66 42
0.27027 57 45
0.25641 66 50
0.25641 62 42
0.24590 57 47
0.25210 67 52
0.25210 64 44
0.27027 57 49
0.26316 66 45
0.26316 69 54
0.24793 62 48
0.24793 74 50
0.24793 71 42
0.25000 73 47
0.25000 69 39
0.25424 71 50
0.25424 67 42
0.25000 69 47
0.25000 66 39
0.24793 67 50
0.25210 62 45
0.25000 69 53
0.25000 66 45
0.26316 62 47
0.25210 71 54
0.25210 67 45
0.26316 62 47
0.26316 66 45
0.26316 69 54
0.24793 62 48
0.24793 74 47
0.24793 71 39
0.25000 73 44
0.25000 69 37
0.25424 71 47
0.25424 67 39
0.25000 69 44
0.25000 66 37
0.24793 67 47
0.24793 64 42
0.25210 62 42
0.25000 69 50
0.25000 66 42
0.26316 62 44
0.25210 71 51
0.25210 67 42
0.26316 62 44
0.26316 66 42
0.26316 69 51
0.24793 62 45
0.24793 71 50
0.24793 67 42
0.25000 69 47
0.25000 66 39
0.25424 67 50
0.25424 64 42
0.25000 66 47
0.25000 62 39
0.24793 64 50
0.24793 61 45
0.25210 57 45
0.25000 69 53
0.25000 62 45
0.26316 57 47
0.25210 66 54
0.25210 62 45
0.26316 57 47
0.26316 61 45
0.26316 64 54
0.24793 57 48
0.24793 71 47
0.24793 67 39
0.25000 69 44
0.25000 66 37
0.25424 67 47
0.25424 64 39
0.25000 66 44
0.25000 62 37
0.24590 64 47
0.24590 61 42
0.25210 57 42
0.24590 69 50
0.24590 66 42
0.25210 57 44
0.24793 66 51
0.24793 62 42
0.25210 57 44
0.26316 61 42
0.26316 64 51
0.24793 69 45
0.25641 74 64
0.24793 73 59
0.24390 74 61
0.25000 71 54
0.24390 69 63
1.24215 62 50
0.25424 57 55
0.24390 64 54
0.25641 59 54
0.50031 67 61
0.24390 61 54
0.25862 57 51
0.50252 64 61
0.24793 66 64
0.36855 62 52
0.26316 69 55
0.25641 74 64
0.25641 71 64
0.24793 73 56
0.24793 70 56
0.25210 74 61
0.25210 71 61
0.25000 71 54
0.25000 67 54
0.24390 69 66
0.24390 66 56
0.25424 62 51
0.24390 67 64
0.24390 64 54
0.25641 59 51
0.24390 64 64
0.24390 61 54
0.25862 57 52
0.24793 66 64
0.24793 62 54
0.25424 69 54
0.24390 69 61
0.36890 59 50
0.25000 67 51
0.24590 64 61
0.25424 61 52
0.24793 62 59
0.24793 66 50
0.25000 69 56
0.37821 59 50
0.25641 67 50
0.25641 64 57
0.26316 61 48
0.61856 62 52
1.23711 0 0
0.06637 61 64
0.06637 64 64
0.92920 69 76
0.47619 64 70
0.24793 73 72
0.11628 74 74
0.11628 71 70
0.24000 69 70
0.72000 0 0
0.24000 73 50
0.12000 74 52
0.12000 71 46
0.49210 69 49
0.23622 85 57
0.24590 0 0
0.47244 75 50
0.70866 76 52
0.21654 77 51
0.01969 0 0
0.22901 80 57
0.23622 78 56
0.22727 76 54
0.23622 74 53
0.23622 73 52
0.24590 71 51
0.23622 69 51
0.23622 68 46
0.22727 76 53
0.23077 74 51
0.47244 0 0
0.23622 71 57
0.23622 69 53
0.22727 78 57
0.23256 76 56
0.46878 0 0
0.23438 73 63
0.22727 71 59
0.22901 79 62
0.23438 78 59
0.46875 0 0
0.46875 66 51
0.22556 76 53
0.23256 74 51
0.23256 73 51
0.23809 71 49
0.23438 69 51
0.23438 68 48
0.47619 69 51
0.29762 0 0
0.05952 71 68
0.05952 76 71
0.05952 80 74
1.40625 83 77
0.11538 83 73
0.11538 81 72
0.11538 80 71
0.10385 78 70
0.01154 0 0
0.11538 78 72
0.11538 76 71
0.11538 75 69
0.11538 73 68
0.11719 71 70
0.11719 69 67
0.11905 68 67
0.11905 69 67
0.11628 68 67
0.11628 71 69
0.11628 76 70
0.11628 80 72
0.91608 83 73
0.11538 83 73
0.11538 81 72
0.11538 80 71
0.10577 78 70
0.00962 0 0
0.11538 78 72
0.11538 76 71
0.11538 75 69
0.11538 73 68
0.11719 71 70
0.11719 69 67
0.11905 68 67
0.11905 69 67
0.11628 68 67
0.11628 71 64
0.11450 69 70
0.11450 68 64
0.11369 69 68
0.00663 0 0
0.11364 71 68
0.11364 73 69
0.11364 75 70
0.11538 76 70
0.11538 78 71
0.11538 80 72
0.11474 81 72
0.11364 83 73
0.11281 85 74
0.11214 87 74
0.11147 88 75
0.11111 87 72
0.11111 85 70
0.11111 83 68
0.11052 81 65
0.11041 80 63
0.11222 78 61
0.11425 76 59
0.11538 75 57
0.23256 73 50
0.11628 0 0
0.11628 85 50
0.42996 76 54
0.07282 80 50
0.54054 78 53
0.54054 75 53
0.54054 76 51
1.01351 0 0
0.12709 64 61
0.41667 76 74
0.11812 66 61
0.41016 78 70
0.11765 67 61
0.48212 79 70
0.47244 71 56
0.46512 70 52
0.35534 0 0
0.12097 70 51
0.47244 73 57
0.46154 71 56
0.35433 0 0
0.11811 71 63
0.46523 74 66
0.47244 73 60
0.35433 0 0
0.11811 73 68
0.22727 76 72
0.23809 74 68
0.23077 77 72
0.23622 76 67
0.23256 79 70
0.23622 77 66
0.46699 69 56
0.45978 68 52
0.35534 0 0
0.12097 68 51
0.47244 71 57
0.46154 69 56
0.35433 0 0
0.11811 69 63
0.47244 72 66
0.46512 71 60
0.35433 0 0
0.11811 71 68
0.23077 74 72
0.23809 72 68
0.23077 71 72
0.23622 69 67
0.17442 81 73
0.05814 0 0
0.17717 81 70
0.05906 0 0
0.23077 83 78
0.23622 81 78
0.23622 79 77
0.23622 77 75
0.23622 76 79
0.25641 75 75
0.93750 84 81
0.48780 75 55
0.70312 76 55
0.12097 78 57
0.09073 76 46
0.03024 0 0
0.11811 76 55
0.11811 74 53
0.12195 73 52
0.13043 71 51
0.06637 61 64
0.06637 64 64
0.92920 69 76
0.47619 64 70
0.24793 73 72
0.11628 74 74
0.11628 71 70
0.24000 69 70
0.72000 0 0
0.23716 73 50
0.12000 74 52
0.12000 71 46
0.49210 69 49
0.23622 85 57
0.24590 0 0
0.47244 75 50
0.70866 76 52
0.21654 77 51
0.01969 0 0
0.22727 80 57
0.23622 78 56
0.22727 76 54
0.23622 74 53
0.22901 73 52
0.24590 71 51
0.23622 69 51
0.22901 68 46
0.22727 76 53
0.23077 74 51
0.47244 0 0
0.23622 71 57
0.23256 69 53
0.22727 78 57
0.23256 76 56
0.46878 0 0
0.23438 71 63
0.24390 69 59
0.22901 81 62
0.23438 79 59
0.46875 0 0
0.23256 79 55
0.23622 78 52
0.23622 76 51
0.23622 74 50
0.23622 73 49
0.24590 71 47
0.12295 76 49
0.03876 78 45
0.03876 76 45
0.03876 74 45
0.11628 76 51
0.13761 78 52
0.48780 69 51
0.36440 0 0
0.05952 69 66
0.05952 73 67
0.48345 68 48
0.46875 76 67
0.93387 76 69
0.11538 76 65
0.11538 74 64
0.11364 73 63
0.10511 71 63
0.00852 0 0
0.11450 71 64
0.11450 69 63
0.11450 68 62
0.11450 66 61
0.11719 64 63
0.11719 62 60
0.11905 61 60
0.11905 62 60
0.11628 61 60
0.11628 64 62
0.11628 69 63
0.11628 73 64
0.68531 76 65
0.22019 88 65
0.01058 0 0
0.11364 88 70
0.11364 86 70
0.11450 85 69
0.10592 83 69
0.00859 0 0
0.11450 83 68
0.11450 81 67
0.11450 80 67
0.11450 78 66
0.11719 76 66
0.11719 74 65
0.11905 73 65
0.11905 74 64
0.11628 73 63
0.11628 76 64
0.11628 74 60
0.11628 73 61
0.11364 74 62
0.11364 76 63
0.11364 78 64
0.11364 80 66
0.11538 81 67
0.11538 83 68
0.11538 85 70
0.11474 86 71
0.11364 88 72
0.11281 86 71
0.11214 85 69
0.11147 83 68
0.11111 81 66
0.11111 80 65
0.11111 78 63
0.11052 76 62
0.11041 74 60
0.11222 73 59
0.11425 71 57
0.13636 69 56
0.08403 78 59
0.08403 80 55
0.08403 78 59
0.06303 77 59
0.06303 78 55
0.06303 80 55
0.06303 81 55
0.46412 69 59
0.07282 73 50
0.62500 68 53
0.62500 71 53
0.68966 69 51
#  Piano left
0.13274 0 0
0.92920 57 70
0.92920 45 59
0.47619 52 63
0.47619 40 53
0.48049 61 57
0.48049 49 48
0.24000 57 53
0.24000 45 45
1.69210 0 0
0.23622 66 40
0.23622 57 40
0.24590 0 0
0.47244 69 40
0.47244 59 40
0.47244 68 40
0.47244 64 40
1.88303 0 0
0.23622 52 39
0.23622 62 33
0.22727 59 33
0.23077 62 28
0.23622 59 31
0.23622 62 29
0.23622 52 40
0.23622 61 34
0.22727 57 34
0.23256 61 30
0.23256 57 32
0.23622 61 28
0.23438 50 42
0.22727 59 36
0.22901 54 36
0.23438 59 34
0.23438 54 36
0.23438 59 34
0.46875 50 39
0.92514 0 0
0.46875 62 39
0.46875 52 33
0.47619 61 39
0.47619 57 33
0.47619 0 0
0.23438 52 60
0.23438 56 52
0.23438 59 56
0.23438 56 52
0.23438 54 56
0.23438 52 51
0.23077 51 60
0.23077 52 50
0.23077 54 50
0.23077 47 51
0.23438 49 54
0.23810 51 51
0.23256 52 60
0.23256 56 52
0.22727 59 52
0.22727 56 52
0.23077 54 55
0.23077 52 52
0.23077 51 60
0.23077 52 50
0.23077 54 50
0.23077 47 51
0.23438 49 54
0.23810 51 51
0.46157 52 60
2.26160 0 0
0.46512 66 45
0.46512 57 38
0.50277 68 39
0.54054 69 39
1.04331 59 33
0.54054 68 42
0.54054 64 35
0.54054 52 35
0.70256 0 0
0.92920 57 70
0.92920 45 59
0.47619 52 63
0.47619 40 53
0.48049 61 57
0.48049 49 48
0.24000 57 53
0.24000 45 45
1.69210 0 0
0.23622 66 40
0.23622 57 40
0.24590 0 0
0.47244 69 40
0.47244 59 40
0.47244 68 40
0.47244 64 40
1.88849 0 0
0.23622 52 39
0.23622 62 33
0.22727 59 33
0.23077 62 28
0.23622 59 31
0.23622 62 29
0.23622 52 40
0.23622 61 34
0.22727 57 34
0.23256 61 30
0.23256 57 32
0.23622 61 28
0.23438 50 42
0.22901 59 36
0.22901 54 36
0.23438 59 34
0.23438 54 36
0.23438 59 34
0.46875 50 39
0.92341 0 0
0.46875 62 39
0.46875 52 33
0.47619 61 39
0.47619 57 33
0.47619 0 0
0.23438 52 60
0.23438 56 52
0.23438 59 56
0.23438 56 52
0.23438 54 56
0.23438 52 51
0.23077 51 60
0.23077 52 50
0.23077 54 50
0.23077 47 51
0.23438 49 54
0.23810 51 51
0.23256 52 60
0.23256 56 52
0.22727 59 52
0.22727 56 52
0.23077 54 55
0.23077 52 52
0.23077 51 60
0.23077 52 50
0.23077 54 50
0.23077 47 51
0.23438 49 54
0.23810 51 51
0.46512 52 60
2.26160 0 0
0.46512 66 45
0.46512 57 38
0.50277 68 39
0.54054 69 39
1.04331 59 33
0.54054 68 42
0.54054 64 35
0.54054 52 35
2.00223 0 0
0.23810 54 47
0.23810 61 39
0.23256 66 39
0.23256 64 39
0.23438 62 39
0.24194 61 39
0.23622 54 47
0.23622 62 42
0.23077 66 42
0.23077 62 42
0.23622 61 42
0.23622 59 42
0.23077 54 56
0.23438 58 47
0.23438 64 47
0.23438 61 47
0.23438 59 47
0.23438 58 47
0.46886 59 57
0.93227 0 0
0.23622 52 47
0.23622 59 39
0.23256 64 39
0.23256 62 39
0.23438 60 39
0.24194 59 39
0.23622 52 47
0.23622 60 42
0.23077 64 42
0.23077 60 42
0.23622 59 42
0.23622 57 42
0.23256 52 56
0.23622 56 47
0.23622 62 47
0.23622 59 47
0.23622 57 47
0.23622 56 47
0.93585 57 57
0.46878 55 69
0.46878 43 69
0.93756 53 72
0.93756 41 72
0.48622 0 0
0.23438 57 61
0.23438 56 42
0.23438 57 46
0.23438 60 41
0.24390 59 46
0.24390 57 41
1.42530 53 61
0.46875 56 57
0.46875 52 57
1.10239 0 0
0.92920 57 70
0.92920 45 59
0.47619 52 63
0.47619 40 53
0.48049 61 57
0.48049 49 48
0.24000 57 53
0.24000 45 45
1.69210 0 0
0.23622 66 40
0.23622 57 40
0.24590 0 0
0.47244 69 40
0.47244 59 40
0.47244 68 40
0.47244 64 40
1.88312 0 0
0.23622 52 39
0.23077 62 33
0.22727 59 33
0.23077 62 28
0.23622 59 31
0.23622 62 29
0.23622 52 40
0.23256 61 34
0.22727 57 34
0.23256 61 30
0.23256 57 32
0.23622 61 28
0.23438 52 42
0.24390 61 36
0.22901 57 36
0.23438 61 34
0.23438 57 36
0.23438 61 34
0.46878 62 34
0.46878 57 28
0.46878 50 28
0.95456 0 0
0.35551 49 40
0.13761 50 33
0.48780 61 38
0.48345 59 32
0.97125 52 38
0.22901 57 54
0.23438 61 46
0.23438 64 50
0.23438 61 46
0.23256 59 50
0.23256 57 45
0.23077 56 54
0.23077 57 45
0.23077 59 45
0.23077 52 45
0.23438 54 48
0.23810 56 45
0.23256 57 54
0.23256 61 46
0.22727 64 46
0.22727 61 46
0.23077 59 49
0.23077 57 46
0.23077 56 52
0.23077 57 44
0.23077 59 51
0.23077 52 44
0.23438 54 50
0.23810 56 46
0.46333 57 51
0.45454 57 48
0.45454 54 40
0.46090 57 52
0.46090 54 44
0.46090 50 44
0.45005 57 56
0.45005 52 47
0.45005 49 47
0.91709 0 0
0.49587 59 45
0.49587 50 38
0.52699 61 39
0.50848 62 39
1.03546 52 33
0.55046 61 42
0.55046 57 35
0.55046 45 35
1.97628 0 0
0.23622 54 47
0.23622 61 39
0.23256 66 39
0.23256 64 39
0.23438 62 39
0.24194 61 39
0.23622 54 47
0.23622 62 42
0.23077 66 42
0.23077 62 42
0.23622 61 42
0.23622 59 42
0.22901 54 56
0.23622 58 47
0.23622 64 47
0.23622 61 47
0.23622 59 47
0.23622 58 47
0.46537 59 57
0.93577 0 0
0.23077 52 47
0.23622 59 39
0.22901 64 39
0.23077 62 39
0.23438 60 39
0.24194 59 39
0.23622 52 47
0.23622 60 42
0.23077 64 42
0.23077 60 42
0.23622 59 42
0.23622 57 42
0.23622 52 56
0.23622 56 47
0.23256 62 47
0.23256 59 47
0.23622 57 47
0.23622 56 47
0.93585 57 57
0.46878 55 69
0.46878 43 69
0.93943 53 72
0.93943 41 72
0.49263 0 0
0.23438 57 61
0.23438 56 42
0.23438 57 46
0.23438 60 41
0.24390 59 46
0.24390 57 41
1.42530 53 61
0.46875 56 57
0.46875 52 57
1.09766 0 0
0.92920 57 70
0.92920 45 59
0.47619 52 63
0.47619 40 53
0.48049 61 57
0.48049 49 48
0.24000 57 53
0.24000 45 45
1.68926 0 0
0.23622 66 40
0.23622 57 40
0.24590 0 0
0.47244 69 40
0.47244 59 40
0.47244 68 40
0.47244 64 40
1.88678 0 0
0.23622 52 39
0.22901 62 33
0.22727 59 33
0.23077 62 28
0.23622 59 31
0.23622 62 29
0.23622 52 40
0.23256 61 34
0.22727 57 34
0.23256 61 30
0.23256 57 32
0.23622 61 28
0.23438 52 42
0.24390 61 36
0.22901 57 36
0.23438 61 34
0.23438 57 36
0.23438 61 34
0.46878 62 34
0.46878 57 28
0.46878 50 28
0.95456 0 0
0.35551 49 40
0.13761 50 33
0.48780 61 38
0.48345 59 32
0.97125 52 38
0.23438 57 54
0.23438 61 46
0.23256 64 50
0.23256 61 46
0.23438 59 50
0.23438 57 45
0.23077 56 54
0.22727 57 45
0.22901 59 45
0.22901 52 45
0.23437 54 48
0.23809 56 45
0.23256 57 54
0.23256 61 46
0.22727 64 46
0.22727 61 46
0.23077 59 49
0.23077 57 46
0.22727 56 52
0.22901 57 44
0.22901 59 51
0.22901 52 44
0.23438 54 50
0.23809 56 46
0.46512 57 51
0.45454 57 48
0.45454 54 40
0.46090 57 52
0.46090 54 44
0.46090 50 44
0.45005 57 56
0.45005 52 47
0.45005 49 47
0.91709 0 0
0.50420 59 45
0.50420 50 38
0.53694 61 39
0.54054 62 39
1.07748 52 33
0.54054 61 42
0.54054 57 35
0.54054 45 35
2.16216 0 0
2.08907 50 44
2.08907 38 37
2.01536 0 0
0.51526 57 41
0.51526 45 34
0.52174 50 41
0.52174 38 34
0.24793 78 55
0.25000 76 46
0.25424 78 54
0.25000 79 47
0.50217 81 53
0.51511 83 53
0.52209 85 53
0.54564 86 54
1.03352 0 0
0.51728 52 41
0.51286 49 35
0.50420 45 35
0.51996 52 40
0.24793 86 60
0.25641 85 58
0.25424 83 56
0.19911 81 56
0.06637 87 54
0.42883 88 65
0.06098 87 54
0.42735 88 65
0.06048 87 54
0.43140 88 66
0.06250 87 54
0.51316 88 65
0.25641 45 51
0.24793 44 47
0.24390 45 51
0.25000 47 47
0.49814 49 51
0.50031 52 46
0.50252 40 49
0.51109 45 49
0.25641 85 58
0.24793 83 53
0.25210 85 59
0.25000 86 52
0.49814 88 58
0.50031 85 62
0.50252 83 59
0.50217 81 56
0.49390 59 43
0.49390 50 36
0.50014 52 32
0.50014 62 38
0.49587 57 36
0.49587 61 43
0.50641 59 38
0.50641 50 32
0.51957 52 36
0.51957 62 43
0.49587 61 40
0.49587 57 34
1.06748 0 0
2.08907 50 44
2.08907 38 37
2.01536 0 0
0.51526 57 41
0.51526 45 34
0.52174 50 41
0.52174 38 34
0.24793 78 55
0.25000 76 46
0.25424 78 54
0.25000 79 47
0.50217 81 53
0.51511 83 53
0.52209 85 53
0.54564 86 54
1.03352 0 0
0.51728 52 41
0.51286 49 35
0.50420 45 35
0.51996 52 40
0.24793 86 60
0.25641 85 58
0.25424 83 56
0.19911 81 56
0.06637 87 54
0.42883 88 65
0.06098 87 54
0.42735 88 65
0.06048 87 54
0.43140 88 66
0.06250 87 54
0.51316 88 65
0.25641 45 51
0.24793 44 47
0.24390 45 51
0.25000 47 47
0.49814 49 51
0.50031 52 46
0.50252 40 49
0.51109 45 49
0.25641 85 58
0.24793 83 53
0.25210 85 59
0.25000 86 52
0.49814 88 58
0.50031 85 62
0.50252 83 59
0.50217 81 56
0.49390 59 43
0.49390 50 36
0.50014 52 32
0.50014 62 38
0.49587 57 36
0.49587 61 43
0.50641 59 38
0.50641 50 32
0.51957 52 36
0.51957 62 43
0.49587 61 40
0.49587 57 34
1.02788 0 0
2.08907 47 44
2.08907 35 37
0.25000 84 54
0.24590 83 50
0.24793 81 54
0.25862 79 50
0.49793 78 54
0.24793 81 54
0.24590 79 50
0.24590 78 55
0.25862 76 50
0.52668 75 54
0.21774 59 59
0.21774 47 49
0.02419 0 0
0.21951 57 55
0.21951 45 46
0.02439 0 0
0.22314 55 59
0.22314 43 49
0.02479 0 0
0.23077 54 55
0.23077 42 46
0.02564 0 0
0.47788 52 60
0.47788 40 50
0.05310 0 0
0.46154 52 55
0.46154 40 46
0.05128 0 0
0.46154 59 60
0.46154 47 50
0.05128 0 0
0.44628 52 55
0.44628 40 46
0.04959 0 0
0.21951 59 59
0.21951 47 49
0.02439 0 0
0.22314 57 55
0.22314 45 46
0.02479 0 0
0.22689 55 59
0.22689 43 49
0.02521 0 0
0.23478 54 55
0.23478 42 46
0.02609 0 0
0.47788 52 60
0.47788 40 50
0.05310 0 0
0.46154 52 55
0.46154 40 46
0.05128 0 0
0.46154 59 60
0.46154 47 50
0.05128 0 0
0.47788 52 55
0.47788 40 46
1.33316 0 0
0.25424 64 39
0.25424 67 42
0.25424 64 39
1.02133 60 42
0.25424 65 42
0.25641 62 37
0.51065 59 35
0.25424 0 0
0.25424 64 37
0.25000 67 42
0.25000 64 37
1.00848 60 42
0.25000 65 42
0.25862 62 38
0.50862 59 35
0.25210 0 0
0.24590 64 42
0.25000 67 46
0.25000 64 42
0.99800 60 46
0.25424 65 46
0.25424 62 40
0.50848 59 38
0.25210 0 0
0.24590 64 40
0.24793 67 46
0.24793 64 40
0.99387 60 46
0.25000 60 46
0.26786 64 41
0.25000 0 0
0.24590 60 45
0.25000 64 51
0.25000 67 43
0.99590 58 53
0.25000 64 52
0.26087 60 46
0.25000 0 0
0.24390 61 51
0.24592 64 58
0.24793 67 50
0.98775 57 58
0.24793 64 58
0.26087 61 51
0.98367 62 57
0.98367 57 48
0.24793 64 49
0.24793 65 43
0.49587 56 41
0.49800 64 52
0.49800 57 44
0.97964 0 0
1.47954 68 51
1.47954 58 43
1.47954 62 43
0.49600 69 52
0.49600 57 44
0.49600 61 44
0.48987 0 0
0.49587 65 44
0.49587 62 37
0.49587 57 37
0.49600 64 52
0.49600 57 44
0.49600 61 44
0.48784 0 0
0.49187 65 44
0.49187 62 37
0.49187 57 37
0.50239 64 52
0.50239 61 44
0.50239 57 44
1.08749 0 0
2.08907 50 44
2.08907 38 37
1.00217 0 0
0.50003 47 53
0.51316 45 49
0.51526 43 47
0.51109 50 53
0.24793 86 55
0.25000 85 51
0.25424 83 55
0.25000 81 51
0.50003 79 55
0.51316 81 58
0.51526 83 59
0.51109 81 59
1.00217 0 0
0.50003 45 53
0.51316 42 49
0.51526 38 47
0.51109 45 53
0.24793 83 55
0.25000 81 51
0.25424 79 55
0.18750 78 51
0.06250 80 48
0.37195 81 63
0.06303 0 0
0.06303 80 48
0.37195 81 63
0.06303 0 0
0.06303 80 48
0.37398 81 64
0.06303 0 0
0.06303 80 48
0.51109 81 64
0.25641 59 46
0.24793 58 41
0.24390 59 47
0.25000 55 41
0.49814 54 48
0.50031 52 44
0.50252 45 44
0.51109 50 49
0.25641 86 58
0.24793 85 53
0.25210 86 59
0.25000 83 52
0.49814 81 58
0.50031 79 62
0.50252 76 59
0.50217 74 56
0.49390 43 43
0.50014 45 32
0.50014 55 38
0.49587 50 36
0.49587 54 43
0.50641 43 38
0.51957 45 36
0.51957 55 43
0.49587 54 40
0.49587 50 34
1.07787 0 0
2.08907 47 44
2.08907 35 37
0.25000 84 54
0.24590 83 50
0.24793 81 54
0.25862 79 50
0.49793 78 54
0.24793 81 54
0.24590 79 50
0.24590 78 55
0.25862 76 50
0.52668 75 54
0.21774 59 59
0.21774 47 49
0.02419 0 0
0.21951 57 55
0.21951 45 46
0.02439 0 0
0.22314 55 59
0.22314 43 49
0.02479 0 0
0.23077 54 55
0.23077 42 46
0.02564 0 0
0.47788 52 60
0.47788 40 50
0.05310 0 0
0.46154 52 55
0.46154 40 46
0.05128 0 0
0.46154 59 60
0.46154 47 50
0.05128 0 0
0.44628 52 55
0.44628 40 46
0.04959 0 0
0.21951 59 59
0.21951 47 49
0.02439 0 0
0.22314 57 55
0.22314 45 46
0.02479 0 0
0.22689 55 59
0.22689 43 49
0.02521 0 0
0.23478 54 55
0.23478 42 46
0.02609 0 0
0.47788 52 60
0.47788 40 50
0.05310 0 0
0.46154 52 55
0.46154 40 46
0.05128 0 0
0.46154 59 60
0.46154 47 50
0.05128 0 0
0.47788 52 55
0.47788 40 46
1.33316 0 0
0.25424 64 39
0.25424 67 42
0.25424 64 39
1.02133 60 42
0.25424 65 42
0.25641 62 37
0.51065 59 35
0.25424 0 0
0.25424 64 37
0.25000 67 42
0.25000 64 37
1.00847 60 42
0.25000 65 42
0.25862 62 38
0.50862 59 35
0.25210 0 0
0.24590 64 42
0.25000 67 46
0.25000 64 42
0.99800 60 46
0.25424 65 46
0.25424 62 40
0.50847 59 38
0.25210 0 0
0.24590 64 40
0.24793 67 46
0.24793 64 40
0.99387 60 46
0.25000 60 46
0.26786 64 41
0.25000 0 0
0.24590 60 45
0.25000 64 51
0.25000 67 43
0.99590 58 53
0.25000 64 52
0.26087 60 46
0.25000 0 0
0.24390 61 51
0.24592 64 58
0.24793 67 50
0.98775 57 58
0.24793 64 58
0.26087 61 51
0.98367 62 57
0.98367 57 48
0.24793 64 49
0.24793 65 43
0.49587 56 41
0.49800 64 52
0.49800 57 44
0.97964 0 0
1.47954 68 51
1.47954 58 43
1.47954 62 43
0.49600 69 52
0.49600 57 44
0.49600 61 44
0.48987 0 0
0.49587 65 44
0.49587 62 37
0.49587 57 37
0.49600 64 52
0.49600 57 44
0.49600 61 44
0.48784 0 0
0.49187 65 44
0.49187 62 37
0.49187 57 37
0.50239 64 52
0.50239 61 44
0.50239 57 44
1.07290 0 0
2.08906 50 44
2.08906 38 37
1.00217 0 0
0.50003 47 53
0.51316 45 49
0.51526 43 47
0.51109 50 53
0.24793 86 55
0.25000 85 51
0.25424 83 55
0.25000 81 51
0.50003 79 55
0.51316 81 58
0.51526 83 59
0.51109 81 59
1.00217 0 0
0.50003 45 53
0.51316 42 49
0.51526 38 47
0.51109 45 53
0.24793 83 55
0.25000 81 51
0.25424 79 55
0.18750 78 51
0.06250 80 48
0.37195 81 63
0.06303 0 0
0.06303 80 48
0.37195 81 63
0.06303 0 0
0.06303 80 48
0.37398 81 64
0.06303 0 0
0.06303 80 48
0.51109 81 64
0.25641 59 46
0.24793 58 41
0.24390 59 47
0.25000 55 41
0.49814 54 48
0.50031 52 44
0.50252 45 44
0.51109 50 49
0.25641 86 58
0.24793 85 53
0.25210 86 59
0.25000 83 52
0.49814 81 58
0.50031 79 62
0.50252 76 59
0.50217 74 56
0.49390 43 43
0.50014 45 32
0.50014 55 38
0.49587 50 36
0.49587 54 43
0.50641 43 38
0.51957 45 36
0.51957 55 43
0.61856 54 40
0.61856 50 34
0.30928 38 40
1.06058 0 0
0.92920 57 70
0.92920 45 59
0.47619 52 63
0.47619 40 53
0.48049 61 57
0.48049 49 48
0.24000 57 53
0.24000 45 45
1.69210 0 0
0.23622 66 40
0.23622 57 40
0.24590 0 0
0.47244 69 40
0.47244 59 40
0.47244 68 40
0.47244 64 40
1.88328 0 0
0.23622 52 39
0.23622 62 33
0.22727 59 33
0.23077 62 28
0.23622 59 31
0.23622 62 29
0.23622 52 40
0.23622 61 34
0.22727 57 34
0.23256 61 30
0.23256 57 32
0.23622 61 28
0.23438 50 42
0.22727 59 36
0.22901 54 36
0.23438 59 34
0.23438 54 36
0.23438 59 34
0.46875 50 39
0.92878 0 0
0.46875 62 39
0.46875 52 33
0.47619 61 39
0.47619 57 33
0.47619 0 0
0.23438 52 60
0.23438 56 52
0.23438 59 56
0.23438 56 52
0.23438 54 56
0.23438 52 51
0.23077 51 60
0.23077 52 50
0.23077 54 50
0.23077 47 51
0.23438 49 54
0.23809 51 51
0.23256 52 60
0.23256 56 52
0.22727 59 52
0.22727 56 52
0.23077 54 55
0.23077 52 52
0.23077 51 60
0.23077 52 50
0.23077 54 50
0.23077 47 51
0.23438 49 54
0.23809 51 51
0.46157 52 60
2.26160 0 0
0.46512 66 45
0.46512 57 38
0.50277 68 39
0.54054 69 39
1.04331 59 33
0.54054 68 42
0.54054 64 35
0.54054 52 35
1.99688 0 0
0.23622 54 47
0.23622 61 39
0.23256 66 39
0.23256 64 39
0.23438 62 39
0.24194 61 39
0.23622 54 47
0.23622 62 42
0.23077 66 42
0.23077 62 42
0.23622 61 42
0.23622 59 42
0.22901 54 56
0.23622 58 47
0.23622 64 47
0.23622 61 47
0.23622 59 47
0.23622 58 47
0.46537 59 57
0.93577 0 0
0.23077 52 47
0.23622 59 39
0.22901 64 39
0.23077 62 39
0.23438 60 39
0.24194 59 39
0.23622 52 47
0.23622 60 42
0.23077 64 42
0.23077 60 42
0.23622 59 42
0.23622 57 42
0.23622 52 56
0.23622 56 47
0.23256 62 47
0.23256 59 47
0.23622 57 47
0.23622 56 47
0.93585 57 57
0.46878 55 69
0.46878 43 69
0.93943 53 72
0.93943 41 72
0.49263 0 0
0.23438 57 61
0.23438 56 42
0.23438 57 46
0.23438 60 41
0.24390 59 46
0.24390 57 41
1.42530 53 61
0.46875 56 57
0.46875 52 57
1.09766 0 0
0.92920 57 70
0.92920 45 59
0.47619 52 63
0.47619 40 53
0.48049 61 57
0.48049 49 48
0.24000 57 53
0.24000 45 45
1.68926 0 0
0.23622 66 40
0.23622 57 40
0.24590 0 0
0.47244 69 40
0.47244 59 40
0.47244 68 40
0.47244 64 40
1.87434 0 0
0.23622 52 39
0.22901 62 33
0.22727 59 33
0.23077 62 28
0.23622 59 31
0.23622 62 29
0.23622 52 40
0.23256 61 34
0.22727 57 34
0.23256 61 30
0.23256 57 32
0.23622 61 28
0.23438 52 42
0.24390 61 36
0.22901 57 36
0.23438 61 34
0.23438 57 36
0.23438 61 34
0.46878 62 34
0.46878 57 28
0.46878 50 28
0.95456 0 0
0.35551 49 40
0.13761 50 33
0.48780 61 38
0.48345 59 32
0.97125 52 38
0.23438 57 54
0.23438 61 46
0.23256 64 50
0.23256 61 46
0.23438 59 50
0.23438 57 45
0.23077 56 54
0.22727 57 45
0.22901 59 45
0.22901 52 45
0.23438 54 48
0.23809 56 45
0.23256 57 54
0.23256 61 46
0.22727 64 46
0.22727 61 46
0.23077 59 49
0.23077 57 46
0.22727 56 52
0.22901 57 44
0.22901 59 51
0.22901 52 44
0.23438 54 50
0.23809 56 46
0.46512 57 51
0.45454 57 48
0.45454 54 40
0.46090 57 52
0.46090 54 44
0.46090 50 44
0.45005 57 56
0.45005 52 47
0.45005 49 47
0.91709 0 0
0.50420 59 45
0.50420 50 38
0.53694 61 39
0.62500 62 39
1.16194 52 33
0.68966 61 42
0.68966 57 35
0.84507 45 35
