"mz_311_2"

#  Piano right
0.50687 71 50
0.15247 74 42
0.49353 72 50
0.16451 71 47
0.65804 69 50
0.68288 71 46
0.65804 72 50
0.65804 74 46
0.32335 72 47
0.33490 71 49
0.32058 69 51
0.37509 67 53
0.35386 72 65
0.35386 67 65
0.35386 0 0
0.35386 67 61
0.35386 71 61
0.35386 0 0
0.35386 67 67
0.35386 76 67
0.70771 0 0
0.32616 67 47
0.32616 74 47
0.32058 72 50
0.33791 69 42
0.32616 71 50
0.37509 67 42
0.70771 71 50
0.70771 67 50
0.70771 69 44
0.70771 66 44
0.49790 71 50
0.15372 74 42
0.48924 72 48
0.16308 71 47
0.65232 69 50
0.68001 71 46
0.65804 72 50
0.32902 76 46
0.32902 74 49
0.32335 72 47
0.33791 71 49
0.32902 69 51
0.37509 67 53
0.35386 72 65
0.35386 67 65
0.35386 0 0
0.35386 67 61
0.35386 71 61
0.35386 0 0
0.34412 76 67
0.34412 78 62
0.34412 79 65
1.03235 67 67
0.29613 72 47
0.09871 0 0
0.71446 71 50
0.08038 69 47
0.07740 71 47
0.08038 69 47
0.08038 71 47
0.08075 69 45
0.08791 71 45
0.08723 69 45
0.11106 67 45
0.11928 69 50
1.36461 67 45
0.66249 71 45
0.66693 69 45
0.32616 67 45
0.31800 66 41
0.00815 0 0
0.32616 66 45
0.35055 62 41
1.31946 71 51
0.65232 67 45
0.07339 67 44
0.07067 69 40
0.07339 67 44
0.07339 69 39
0.07067 67 45
0.07339 69 41
0.07464 67 45
0.09483 66 48
0.10185 67 42
0.32902 71 45
0.32354 69 45
0.00548 0 0
0.66693 69 45
0.32616 67 45
0.31529 66 41
0.01087 0 0
0.32616 66 45
0.39073 62 41
0.50687 71 47
0.15247 74 42
0.49353 72 50
0.16451 71 47
0.65804 69 50
0.68288 71 46
0.65804 72 50
0.65804 74 46
0.32058 72 47
0.33791 71 49
0.32616 69 51
0.37509 67 53
0.35386 72 65
0.35386 67 65
0.35386 0 0
0.35386 67 61
0.35386 71 61
0.35386 0 0
0.35386 67 67
0.35386 76 67
0.70771 0 0
0.32616 74 47
0.32616 67 47
0.32058 72 50
0.33791 69 42
0.32616 71 50
0.37509 67 42
0.70771 67 50
0.70771 71 50
0.70771 69 44
0.70771 66 44
0.49790 71 50
0.15372 74 42
0.48924 72 48
0.16308 71 47
0.65232 69 50
0.68001 71 46
0.65804 72 50
0.32902 76 46
0.32902 74 49
0.32335 72 47
0.33791 71 49
0.32902 69 51
0.37509 67 53
0.35386 72 65
0.35386 67 65
0.35386 0 0
0.35386 71 61
0.35386 67 61
0.35386 0 0
0.34412 76 67
0.34412 78 62
0.34412 79 65
1.03235 67 67
0.29613 72 47
0.09871 0 0
0.71446 71 50
0.08038 69 47
0.07740 71 47
0.08038 69 47
0.08038 71 47
0.08075 69 45
0.08791 71 45
0.08723 69 45
0.11106 67 45
0.11928 69 52
1.36461 67 45
0.66249 71 45
0.66693 69 45
0.32616 67 45
0.31529 66 41
0.01087 0 0
0.32616 66 45
0.35055 62 41
1.31946 71 51
0.65232 67 45
0.07339 67 44
0.07067 69 40
0.07339 67 44
0.07339 69 39
0.07067 67 45
0.07339 69 41
0.07464 67 45
0.09483 66 49
0.10185 67 44
0.32902 71 49
0.31805 69 45
0.01097 0 0
0.66693 69 45
0.32616 67 45
0.31800 66 41
0.00815 0 0
0.32616 66 45
0.35055 62 41
1.31608 67 45
0.62514 63 47
0.03290 0 0
0.63759 63 47
0.03379 0 0
0.32902 64 49
0.32902 66 44
0.32335 67 49
0.33673 64 43
0.32616 62 49
0.31800 61 45
0.00815 0 0
0.32616 61 50
0.34099 57 46
1.30463 69 61
0.61970 62 58
0.61970 68 58
0.61970 74 69
0.03262 0 0
0.61970 62 56
0.61970 74 66
0.61970 68 56
0.03262 0 0
1.21649 62 59
1.21649 74 70
1.21649 68 59
0.13517 0 0
0.52185 81 48
0.52185 73 40
0.13046 0 0
0.52185 73 38
0.52185 81 45
0.13046 0 0
1.30463 73 40
1.30463 81 48
0.65232 0 0
0.07750 78 48
0.07750 79 44
0.07750 78 48
0.07750 76 44
0.15499 78 50
0.16745 79 45
0.65232 81 54
0.97847 81 48
0.32068 81 48
0.07880 81 50
0.07880 83 44
0.07880 81 46
0.07880 80 46
0.17049 81 53
0.17049 83 43
0.32616 81 53
0.32616 79 48
0.97847 79 48
0.16308 79 45
0.16308 0 0
0.16308 78 49
0.16308 0 0
0.17527 76 45
0.17527 0 0
0.32616 76 51
0.32616 81 46
0.99643 81 46
0.16167 83 48
0.16167 81 44
0.16167 81 48
0.16167 79 44
0.16167 78 44
0.19536 79 44
0.33490 79 49
0.32335 78 45
0.83807 78 48
0.07750 78 44
0.07750 79 44
0.16308 81 48
0.16308 0 0
0.16308 79 46
0.16308 0 0
0.17527 78 46
0.17527 0 0
0.32616 78 51
0.32616 76 46
0.16308 76 46
0.16308 0 0
0.16308 76 48
0.16308 0 0
0.65232 76 48
0.32616 0 0
0.11366 80 48
0.49665 76 48
0.12062 81 48
0.12758 83 48
1.64562 81 53
0.16308 83 52
0.16308 81 48
0.32616 79 51
0.32947 78 48
0.00845 0 0
0.32616 78 53
0.32616 76 45
0.32616 75 50
0.32616 76 45
0.32616 78 48
0.32616 79 44
0.32616 71 42
0.32616 76 42
0.32616 74 48
0.32616 73 45
0.32616 71 41
0.32616 69 41
0.32616 71 42
0.32616 73 44
0.32616 74 47
0.32616 76 49
0.50687 78 50
0.15247 81 42
0.49353 79 50
0.16451 78 47
0.65804 76 50
0.68288 78 46
0.65804 79 50
0.65804 81 46
0.65714 79 47
0.70411 78 51
0.08448 81 45
0.08448 83 40
0.08448 81 45
0.08448 83 41
0.08448 81 45
0.08448 83 40
0.07623 81 45
0.07623 83 39
0.08135 81 45
0.08049 83 40
0.08047 81 45
0.08133 83 40
0.08154 81 45
0.08154 83 40
0.08088 81 45
0.08058 83 41
0.08218 81 45
0.08225 83 40
0.08214 81 45
0.07985 83 40
0.07947 81 45
0.07988 83 41
0.08084 81 45
0.08084 83 40
0.08084 81 45
0.08084 83 40
0.08084 81 45
0.08084 83 41
0.08191 81 45
0.08257 83 40
0.08367 81 45
0.08343 83 41
0.08225 81 45
0.08204 83 42
0.08015 81 45
0.08109 83 41
0.08298 81 44
0.08298 83 38
0.08184 81 44
0.08084 83 39
0.08191 81 43
0.08298 83 38
0.08248 81 42
0.08084 83 38
0.08084 81 42
0.08084 83 39
0.08095 81 43
0.08154 83 39
0.08099 81 43
0.08225 83 38
0.08353 81 43
0.08372 83 38
0.08209 81 43
0.08084 83 38
0.08084 81 43
0.08159 83 39
0.10967 81 43
0.10967 83 45
0.10967 81 52
0.17206 80 58
0.17206 81 54
0.66979 74 56
0.66979 86 66
0.65232 73 50
0.65232 85 60
0.66979 83 62
0.66979 71 53
0.33490 0 0
0.33490 78 40
0.67583 83 45
0.67583 71 38
0.67583 81 40
0.67583 69 34
0.67583 79 44
0.67583 67 37
0.33791 0 0
0.33791 74 60
0.66979 67 56
0.66979 79 66
0.65232 66 50
0.65232 78 60
0.33490 76 62
0.33490 83 56
0.16167 81 50
0.16167 79 46
0.16167 78 50
0.18033 76 46
0.66979 74 50
0.66979 76 45
0.68840 77 53
0.66979 78 49
0.66979 86 66
0.08154 85 60
0.08154 86 54
0.08154 85 60
0.08154 86 55
0.08154 85 60
0.08154 86 55
0.08154 85 60
0.08154 86 55
0.66979 83 62
0.33490 0 0
0.33490 78 40
0.67583 83 45
0.08448 81 48
0.08448 83 42
0.08448 81 50
0.08448 83 44
0.08448 81 49
0.08448 83 42
0.08448 81 50
0.08448 83 47
0.67583 79 44
0.33791 0 0
0.33791 74 60
0.66979 79 66
0.00815 0 0
0.08154 78 57
0.08154 79 54
0.08154 78 59
0.08154 79 54
0.08154 78 57
0.08154 79 52
0.08154 78 56
0.08176 79 52
0.33490 76 62
0.33490 83 58
0.16167 81 55
0.16167 79 47
0.16167 78 50
0.18033 76 46
0.16745 74 47
0.16745 0 0
0.16745 78 47
0.16745 0 0
1.01709 81 53
0.34110 80 46
0.33490 79 46
0.33490 78 44
0.21556 83 53
0.21556 79 48
0.21297 76 47
0.00837 0 0
0.08372 76 50
0.08534 78 45
0.08595 76 50
0.08502 78 45
0.08410 76 50
0.08372 78 45
0.08298 76 50
0.08204 78 45
0.08154 76 50
0.08056 78 45
0.08021 76 50
0.08084 78 44
0.08119 76 50
0.08154 78 45
0.08218 76 50
0.08225 78 45
0.10967 76 50
0.11009 78 45
0.11169 76 55
0.17066 74 62
0.17357 76 59
0.33193 74 65
0.33193 73 53
0.33193 74 59
0.33193 76 54
0.33193 74 53
0.33193 72 51
0.33193 71 48
0.33193 70 45
0.50687 71 50
0.15247 74 42
0.49353 72 50
0.16451 71 47
0.65804 69 50
0.68288 71 46
0.32902 72 50
0.08448 74 44
0.08448 72 40
0.08448 71 44
0.08448 72 40
0.32616 76 46
0.33490 74 47
0.65714 72 47
0.70411 71 51
0.35386 72 65
0.35386 67 65
0.35386 0 0
0.35386 67 61
0.35386 71 61
0.35386 0 0
0.35386 67 67
0.35386 76 67
0.70771 0 0
0.32616 67 47
0.32616 74 47
0.32058 72 50
0.33791 69 42
0.32616 71 50
0.37509 67 42
0.70771 71 50
0.70771 67 50
0.70771 69 44
0.70771 66 44
0.33193 71 50
0.08298 72 44
0.08298 71 40
0.07686 69 44
0.07686 71 40
0.48924 72 48
0.16308 71 47
0.65232 69 50
0.68001 71 46
0.32902 72 50
0.32902 73 50
0.32902 76 46
0.32902 74 49
0.49230 72 47
0.08448 74 47
0.08448 72 47
0.70411 71 51
0.35386 72 65
0.35386 67 65
0.35386 0 0
0.35386 67 61
0.35386 71 61
0.35386 0 0
0.34412 76 67
0.34412 78 62
0.34412 79 65
1.03235 67 67
0.39484 72 47
0.71446 71 50
0.08038 69 47
0.07740 71 47
0.08038 69 47
0.08038 71 47
0.08075 69 45
0.08791 71 45
0.08723 69 45
0.11106 67 45
0.11928 69 45
1.36461 67 45
0.66249 71 45
0.66693 69 45
0.32616 67 45
0.31529 66 41
0.01087 0 0
0.32616 66 45
0.35055 62 41
1.31946 71 51
0.97847 67 45
0.08154 69 40
0.08154 67 35
0.09284 66 40
0.09284 67 36
0.32902 71 45
0.32079 69 45
0.00823 0 0
0.66693 69 45
0.32616 67 45
0.32072 66 41
0.00544 0 0
0.32616 66 45
0.39073 62 43
1.30463 67 54
0.61970 67 58
0.61970 73 58
0.61970 79 69
0.03262 0 0
0.61970 67 56
0.61970 79 66
0.61970 73 56
0.03262 0 0
1.21649 67 59
1.21649 79 70
1.21649 73 59
0.13517 0 0
0.52185 86 48
0.52185 78 40
0.13046 0 0
0.52185 78 38
0.52185 86 45
0.13046 0 0
1.30463 78 40
1.30463 86 48
0.65232 0 0
0.07750 71 48
0.07750 72 44
0.07750 71 48
0.07750 69 44
0.15499 71 50
0.16745 72 45
0.65232 74 54
0.97847 74 48
0.32067 74 48
0.07880 74 50
0.07880 76 44
0.07880 74 46
0.07880 73 46
0.17049 74 53
0.17049 76 43
0.32616 74 53
0.32616 72 48
0.97847 72 48
0.16308 72 45
0.16308 0 0
0.16308 71 49
0.16308 0 0
0.17527 69 45
0.17527 0 0
0.32616 69 51
0.31800 74 46
0.00815 0 0
0.99643 74 46
0.16167 76 48
0.16167 74 44
0.16167 74 48
0.16167 72 44
0.16167 71 44
0.19536 72 44
0.33490 72 49
0.31526 71 45
0.00808 0 0
0.83807 71 48
0.07750 71 44
0.07750 72 44
0.16308 74 48
0.16308 0 0
0.16308 72 46
0.16308 0 0
0.17527 71 46
0.17527 0 0
0.32616 71 51
0.32616 69 46
0.16308 69 46
0.16308 0 0
0.16308 69 48
0.16308 0 0
0.65232 69 48
0.32616 0 0
0.11366 73 48
0.49665 69 48
0.12062 74 48
0.12758 76 48
1.64562 74 53
0.16308 76 52
0.16308 74 48
0.32616 72 51
0.32947 71 48
0.00845 0 0
0.32616 71 53
0.32616 69 45
0.32616 68 50
0.32616 69 45
0.32616 71 48
0.32616 72 44
0.32616 64 42
0.32616 69 42
0.32616 67 48
0.32616 66 45
0.32616 64 41
0.32616 62 41
0.32616 64 42
0.32616 66 44
0.32616 67 47
0.32616 69 49
0.50687 71 50
0.15247 74 42
0.49353 72 50
0.16451 71 47
0.65804 69 50
0.68288 71 46
0.65804 72 50
0.65804 74 46
0.65714 72 47
0.70411 71 51
0.08448 86 45
0.08448 88 40
0.08448 86 45
0.08448 88 41
0.08448 86 45
0.08448 88 40
0.07623 86 45
0.07623 88 39
0.08135 86 45
0.08049 88 40
0.08047 86 45
0.08133 88 40
0.08154 86 45
0.08154 88 40
0.08088 86 45
0.08058 88 41
0.08218 86 45
0.08225 88 40
0.08214 86 45
0.07985 88 40
0.07947 86 45
0.07988 88 41
0.08084 86 45
0.08084 88 40
0.08084 86 45
0.08084 88 40
0.08084 86 45
0.08084 88 41
0.08191 86 45
0.08257 88 40
0.08367 86 45
0.08343 88 41
0.08225 86 45
0.08204 88 42
0.08015 86 45
0.08109 88 41
0.08298 86 44
0.08298 88 38
0.08184 86 44
0.08084 88 39
0.08191 86 43
0.08298 88 38
0.08248 86 42
0.08084 88 38
0.08084 86 42
0.08084 88 39
0.08095 86 43
0.08154 88 39
0.08099 86 43
0.08225 88 38
0.08353 86 43
0.08372 88 38
0.08209 86 43
0.08084 88 38
0.08084 86 43
0.08159 88 39
0.10967 86 43
0.10967 88 45
0.10967 86 52
0.17206 85 58
0.17206 86 54
0.66979 67 56
0.66979 79 66
0.65232 66 50
0.65232 78 60
0.66979 76 62
0.66979 64 53
0.33490 0 0
0.33490 71 40
0.67583 76 45
0.67583 64 38
0.67583 74 40
0.67583 62 34
0.67583 72 44
0.67583 60 37
0.33791 0 0
0.33791 67 60
0.66979 60 56
0.66979 72 66
0.65232 71 60
0.65232 59 50
0.33490 69 62
0.33490 76 56
0.16167 74 50
0.16167 72 46
0.16167 71 50
0.18033 69 46
0.66979 67 50
0.66979 69 45
0.68840 70 53
0.66979 71 49
0.66979 79 66
0.08154 78 60
0.08154 79 54
0.08154 78 60
0.08154 79 55
0.08154 78 60
0.08154 79 55
0.08154 78 60
0.08154 79 55
0.66979 76 62
0.33490 0 0
0.33490 83 40
0.67583 88 45
0.08448 86 48
0.08448 88 42
0.08448 86 50
0.08448 88 44
0.08448 86 49
0.08448 88 42
0.08448 86 50
0.08448 88 47
0.67583 84 44
0.33791 0 0
0.33791 79 60
0.66979 84 66
0.00815 0 0
0.08154 83 57
0.08154 84 54
0.08154 83 59
0.08154 84 54
0.08154 83 57
0.08154 84 52
0.08154 83 56
0.08176 84 52
0.33490 81 62
0.33490 88 58
0.16167 86 55
0.16167 84 47
0.16167 83 50
0.18033 81 46
0.16745 79 47
0.16745 0 0
0.16745 81 47
0.16745 0 0
0.16745 82 47
0.16745 0 0
0.16745 83 47
0.16745 0 0
0.17365 84 49
0.17365 0 0
0.17365 85 52
0.16745 0 0
0.16745 86 55
0.16745 0 0
0.50234 87 58
0.16745 88 57
0.16745 87 65
0.16745 88 57
0.16745 86 64
0.16745 84 61
0.16745 83 59
0.16745 81 57
0.08154 81 50
0.08056 83 45
0.08021 81 50
0.08084 83 44
0.08119 81 50
0.08154 83 45
0.08218 81 50
0.08225 83 45
0.10967 81 50
0.11009 83 45
0.11169 81 55
0.17066 79 62
0.17357 81 59
0.11064 79 65
0.05532 0 0
0.16597 79 61
0.16597 78 58
0.16597 79 53
0.16597 81 59
0.16597 79 59
0.16597 78 56
0.16597 76 54
0.11064 74 57
0.05532 0 0
0.16497 76 53
0.16463 75 51
0.16597 76 48
0.16728 78 53
0.16848 76 48
0.16970 74 49
0.17049 72 45
0.33193 71 48
0.06639 72 44
0.06639 71 40
0.06394 69 44
0.06149 71 40
0.06149 74 44
0.48924 72 48
0.48366 71 47
0.64402 69 50
0.67065 71 46
0.49353 72 50
0.16451 76 45
0.32902 74 48
0.66126 72 47
0.70411 71 51
0.35386 72 65
0.35386 67 65
0.35386 0 0
0.35386 67 61
0.35386 71 61
0.35386 0 0
0.33490 67 67
0.33490 76 67
0.66979 0 0
0.33791 74 47
0.16029 74 50
0.16029 72 44
0.16896 71 44
0.16896 69 44
0.16308 72 50
0.16308 71 45
0.18033 69 45
0.22873 67 45
0.70771 71 50
0.70771 67 50
0.70771 69 44
0.70771 66 44
0.33193 70 50
0.24283 71 50
0.07686 74 51
0.32616 72 51
0.32616 71 44
0.32616 68 51
0.32616 69 47
0.32616 0 0
0.17693 72 49
0.17693 71 46
0.32902 0 0
0.16451 74 50
0.16451 72 45
0.32902 0 0
0.16451 76 46
0.16451 74 49
0.49230 72 53
0.08448 74 47
0.08448 72 47
0.70411 71 56
0.35386 67 65
0.35386 72 65
0.35386 0 0
0.35386 71 61
0.35386 67 61
0.35386 0 0
0.16308 76 67
0.05436 78 54
0.05436 76 54
0.05436 74 54
0.17206 76 63
0.17206 78 60
0.34412 79 65
0.39484 72 47
0.71446 71 50
0.08038 69 47
0.07740 71 47
0.08038 69 47
0.08038 71 47
0.08075 69 45
0.08791 71 45
0.08723 69 45
0.11106 67 45
0.11928 69 45
1.36461 67 45
0.66249 71 45
0.66693 69 45
0.32616 67 45
0.31800 66 41
0.00815 0 0
0.32616 66 45
0.35055 62 41
1.31946 71 51
0.97847 67 45
0.08154 69 40
0.08154 67 35
0.09284 66 40
0.09284 67 36
0.32902 71 45
0.32079 69 45
0.00823 0 0
0.66693 69 45
0.32616 67 45
0.32072 66 41
0.00544 0 0
0.32616 66 45
0.35723 62 43
1.32259 67 54
1.32902 79 56
1.32902 67 47
0.31786 83 54
0.31786 71 45
0.97847 81 49
0.97847 69 41
0.32616 79 57
0.32616 67 48
0.30985 78 54
0.30985 66 45
0.01631 0 0
0.32616 78 57
0.32616 66 48
0.35055 62 49
0.35055 74 58
1.30463 74 57
1.30463 86 68
0.61970 79 59
0.61970 67 50
0.03262 0 0
0.65232 79 59
0.65232 67 50
0.31786 83 63
0.31786 71 53
0.30985 81 52
0.30985 69 44
0.01631 0 0
0.16308 81 52
0.16308 69 44
0.16308 0 0
0.17049 81 52
0.17049 69 44
0.17049 0 0
0.32616 79 57
0.32616 67 48
0.30985 78 54
0.30985 66 45
0.01631 0 0
0.32616 78 57
0.32616 66 48
0.34730 62 51
0.34730 74 60
1.32259 67 57
1.32259 79 68
0.32616 83 54
0.31800 81 48
0.00815 0 0
0.32616 81 48
0.34730 78 48
0.32616 79 50
0.32616 83 52
0.67671 86 58
0.32616 83 54
0.32072 81 48
0.00544 0 0
0.32616 81 48
0.36066 78 48
0.34099 79 45
0.34099 67 38
0.34099 83 47
0.34099 71 39
0.17049 86 50
0.17049 74 42
0.17049 0 0
0.18755 86 47
0.18755 74 39
0.18755 0 0
0.35055 79 38
0.35055 67 32
0.35055 83 34
0.35055 71 28
0.17527 86 38
0.17527 74 32
0.17527 0 0
0.21313 86 32
0.21313 74 27
0.21313 0 0
1.48552 86 38
1.48552 74 32
0.74276 79 31
0.74276 67 26
#  Piano left
110.03309 0 0
0.66979 62 59
0.66979 59 59
0.65232 60 42
0.65232 57 42
1.33514 64 53
1.33514 59 44
1.33514 55 44
0.66979 66 40
0.66979 61 38
1.33958 57 40
0.68840 61 40
0.66979 62 38
1.35819 50 40
0.66979 69 53
0.66979 66 53
0.65232 70 45
0.65232 67 37
0.65232 64 37
0.66979 66 47
0.66979 62 39
0.66979 71 47
0.66979 0 0
0.67583 66 35
0.67583 62 29
0.67583 66 35
0.67583 62 29
0.67583 60 29
0.67583 62 35
0.67583 59 29
0.67583 67 35
0.67583 0 0
0.66979 62 59
0.66979 59 59
0.65232 60 42
0.65232 57 42
1.33514 64 53
1.33514 59 44
1.33514 55 44
0.66979 57 34
0.66979 66 40
0.66979 62 34
0.66979 0 0
0.68840 57 28
0.68840 66 33
0.68840 62 28
0.66979 0 0
0.65247 64 34
0.65247 62 28
0.65247 57 28
0.67288 0 0
0.65032 67 34
0.65032 57 28
0.65032 61 28
0.67567 0 0
1.32773 66 34
1.32773 62 28
1.32773 0 0
0.65934 55 39
0.49353 57 35
0.16451 55 30
0.65804 54 32
0.68288 55 32
2.65830 62 39
0.66693 57 38
0.32616 60 40
0.33490 59 36
0.65714 57 47
0.70411 55 51
2.68924 62 38
0.35386 64 49
0.35386 52 49
0.35386 0 0
0.35386 62 44
0.35386 50 44
0.35386 0 0
0.35386 48 51
0.35386 60 51
0.70771 0 0
0.32616 59 37
0.65850 54 40
0.70125 55 35
1.41543 50 39
0.65162 55 39
0.48924 57 35
0.16308 55 30
0.65232 54 32
0.68001 56 32
2.63626 62 39
0.65804 57 38
0.65804 54 33
1.36537 55 39
2.68145 62 38
0.35386 64 49
0.35386 52 49
0.35386 0 0
0.35386 62 44
0.35386 50 44
0.35386 0 0
0.68823 48 51
0.68823 60 51
0.34412 0 0
0.39484 60 37
0.39484 64 37
0.71446 67 40
0.79767 66 35
1.51212 62 40
0.34730 0 0
0.34099 59 28
0.32902 62 32
0.34730 59 27
1.36461 55 39
0.33347 0 0
0.32902 52 27
0.32902 57 32
0.33791 52 28
1.32942 48 39
0.32616 0 0
0.32616 60 29
0.32616 57 32
0.35055 60 29
1.32902 50 39
0.32616 0 0
0.32616 59 29
0.32616 62 32
0.34099 59 29
1.31946 55 39
0.32616 0 0
0.32616 55 29
0.32616 59 32
0.34877 55 30
1.32724 52 39
0.32902 0 0
0.32902 52 29
0.32902 57 32
0.33791 52 29
1.32497 48 39
0.32616 0 0
0.32616 60 30
0.32616 57 32
0.39073 60 29
1.36920 50 39
