"mz_331_1"

#  Piano right
0.70855 73 50
0.21310 74 43
0.50925 73 43
0.94473 76 48
0.48344 76 42
0.05372 0 0
0.69199 71 50
0.21310 73 45
0.48411 71 45
0.91185 74 49
0.45833 74 45
0.05093 0 0
0.92265 69 53
0.48410 69 46
0.92265 71 50
0.50277 71 46
0.86182 73 53
0.22278 76 49
0.25138 74 47
0.47417 71 35
0.95648 69 45
0.95648 73 53
0.47055 68 41
0.47055 71 49
0.05228 0 0
0.70855 73 50
0.21310 74 43
0.50925 73 43
0.94473 76 48
0.48344 76 42
0.05372 0 0
0.69199 71 50
0.21310 73 45
0.48410 71 45
0.91185 74 49
0.45249 74 45
0.05028 0 0
0.94473 69 55
0.49636 71 63
0.94473 73 68
0.55228 66 56
0.55228 74 67
0.55228 71 56
1.05970 69 47
1.05970 73 56
1.05970 64 47
0.62241 64 34
0.62241 68 34
0.62241 62 34
0.62241 71 40
1.12024 61 32
1.12024 64 32
1.12024 69 38
0.56012 0 0
0.70855 73 42
0.21310 74 36
0.50925 73 36
0.94473 76 40
0.48344 76 35
0.05372 0 0
0.69199 71 42
0.21310 73 38
0.48410 71 38
0.91185 74 41
0.45833 74 38
0.05093 0 0
0.92265 69 45
0.48410 69 39
0.92265 71 42
0.50277 71 39
0.86182 73 45
0.22278 76 41
0.25138 74 39
0.47417 71 29
0.95648 69 38
0.95648 73 45
0.47055 68 34
0.47055 71 41
0.05228 0 0
0.70855 73 50
0.21310 74 43
0.50925 73 43
0.94473 76 48
0.48344 76 42
0.05372 0 0
0.69199 71 50
0.21310 73 45
0.48410 71 45
0.91185 74 49
0.45249 74 45
0.05028 0 0
0.94473 69 55
0.49636 71 63
0.94473 73 68
0.55228 71 56
0.55228 74 67
0.55228 66 56
1.05970 69 47
1.05970 64 47
1.05970 73 56
0.62241 71 40
0.62241 64 34
0.62241 68 34
0.62241 62 34
1.12024 61 32
1.12024 64 32
1.12024 69 38
0.56012 0 0
0.67164 76 50
0.21310 78 45
0.48410 76 46
0.86957 78 53
0.31423 78 42
0.06285 0 0
0.06285 78 49
0.06285 80 53
0.68182 81 57
0.21310 80 47
0.48410 78 50
0.45072 78 53
0.46678 76 45
0.24590 76 42
0.24590 0 0
0.42254 76 59
0.44557 73 50
0.11809 69 49
0.35427 0 0
0.42254 76 61
0.44557 74 53
0.11809 71 48
0.35427 0 0
0.41667 76 62
0.44557 73 51
0.46398 69 45
0.04218 0 0
0.91185 73 44
0.91185 69 44
0.50411 71 37
0.50411 68 37
0.05601 0 0
0.70855 73 50
0.21310 74 43
0.50925 73 43
0.94473 76 48
0.48344 76 42
0.05372 0 0
0.69199 71 50
0.21310 73 45
0.48410 71 45
0.91185 74 49
0.45249 74 45
0.05028 0 0
0.94473 69 55
0.52985 71 63
0.94473 73 68
0.52283 74 67
0.52283 66 56
0.52283 71 56
0.95648 69 47
0.95648 73 56
0.95648 64 47
0.56829 64 42
0.56829 71 50
0.56829 68 42
1.04566 68 40
1.04566 71 47
0.52283 69 47
0.52283 73 47
1.56849 64 40
0.99272 64 63
0.99272 69 63
0.99272 73 75
0.53715 64 63
0.53715 68 63
0.53715 74 75
1.01765 69 68
1.01765 76 80
1.01765 64 68
0.26492 78 56
0.13246 80 44
0.13246 81 46
1.07431 69 53
0.29709 73 41
0.29709 71 39
0.59418 68 34
1.18835 69 39
0.59418 0 0
0.67164 76 50
0.21310 78 45
0.48410 76 46
0.86956 78 53
0.31423 78 42
0.06285 0 0
0.06285 78 49
0.06285 80 53
0.68182 81 57
0.21310 80 47
0.48410 78 50
0.45072 78 53
0.46678 76 45
0.25463 76 42
0.25463 0 0
0.42253 76 59
0.44557 73 50
0.11809 69 49
0.35427 0 0
0.42253 76 61
0.44557 74 53
0.11809 71 48
0.35427 0 0
0.42253 76 62
0.44557 73 51
0.45500 69 45
0.04136 0 0
0.91185 73 44
0.91185 69 44
0.50411 68 37
0.50411 71 37
0.05601 0 0
0.70855 73 42
0.21310 74 36
0.50925 73 36
0.94473 76 40
0.48344 76 35
0.05372 0 0
0.69199 71 42
0.21310 73 38
0.48410 71 38
0.91185 74 41
0.45249 74 38
0.05028 0 0
0.94473 69 55
0.52985 71 63
0.94473 73 68
0.55228 66 56
0.55228 71 56
0.55228 74 67
0.95648 64 54
0.95648 73 64
0.95648 69 54
0.56012 71 57
0.56012 64 48
0.56012 68 48
1.04566 68 51
1.04566 71 61
0.54456 69 54
0.54456 73 54
1.59022 64 46
1.01232 69 63
1.01232 73 75
1.01232 64 63
0.56327 68 63
0.56327 64 63
0.56327 74 75
1.14629 76 80
1.14629 69 68
1.14629 64 68
0.28164 78 56
0.13858 80 44
0.13858 81 46
1.12271 69 51
0.30612 73 36
0.36585 71 35
0.67198 68 30
1.46341 69 35
3.16414 0 0
0.17442 72 50
0.15000 73 46
0.21296 0 0
0.17857 73 45
0.17857 72 45
0.18987 73 46
0.17045 75 50
0.14634 76 46
0.20803 0 0
0.17857 76 47
0.17857 78 50
0.17647 76 48
0.17045 76 50
0.14547 71 47
0.22624 0 0
0.17343 71 48
0.17647 70 49
0.17647 71 50
0.17857 73 51
0.14458 74 48
0.20958 0 0
0.17857 74 49
0.17857 76 52
0.13554 74 50
0.04518 0 0
0.16854 74 53
0.15385 69 47
0.21392 0 0
0.17857 69 51
0.17857 68 52
0.18987 69 52
0.17045 70 57
0.14815 71 50
0.22222 0 0
0.17442 71 52
0.17442 70 52
0.17857 71 52
0.18293 72 61
0.18293 73 56
0.19737 72 62
0.17442 73 54
0.17510 76 62
0.17735 74 53
0.18054 73 56
0.18072 71 58
0.18072 69 61
0.18072 68 64
0.18072 66 66
0.19737 64 69
0.72289 64 64
0.72289 69 64
0.72289 73 77
0.37553 71 64
0.37553 74 77
0.36145 72 69
0.36145 75 82
0.36145 76 78
0.36145 73 66
0.18072 0 0
0.18072 69 64
0.18072 73 77
0.36145 68 69
0.36145 71 82
0.36145 64 69
0.36145 68 64
0.36145 64 64
0.36145 71 77
0.37975 64 68
0.37975 73 80
0.37975 69 68
0.35714 73 82
0.35714 70 69
0.35714 74 80
0.35714 71 68
0.71429 64 69
0.18519 0 0
0.18519 71 70
0.18519 68 59
0.17647 69 76
0.17647 0 0
0.17647 69 70
0.18293 0 0
0.05882 71 70
0.05882 73 68
0.05882 71 68
0.08824 69 70
0.08824 71 70
0.17647 73 77
0.17647 0 0
0.18519 73 70
0.18519 0 0
0.35294 74 73
0.35294 66 62
0.35294 71 62
0.35294 73 76
0.35294 64 64
0.35294 69 64
0.37500 64 62
0.37500 73 74
0.37500 69 62
0.37500 64 61
0.37500 71 72
0.37500 62 61
0.37500 68 61
0.37500 64 64
0.37500 61 64
0.37500 69 76
0.75000 0 0
0.17442 72 50
0.14118 73 46
0.21602 0 0
0.17857 73 45
0.17857 72 45
0.18072 73 46
0.18519 75 50
0.14634 76 46
0.21002 0 0
0.17857 76 47
0.17857 78 50
0.18519 76 48
0.17045 76 50
0.14815 71 47
0.21776 0 0
0.18072 71 48
0.17647 70 49
0.18293 71 50
0.18750 73 51
0.15190 74 48
0.20942 0 0
0.17857 74 49
0.17857 76 52
0.13554 74 50
0.04518 0 0
0.17647 74 53
0.15385 69 47
0.21189 0 0
0.17857 69 51
0.17857 68 52
0.18750 69 52
0.17045 70 57
0.14815 71 50
0.20849 0 0
0.17442 71 52
0.17442 70 52
0.18072 71 52
0.18293 72 61
0.18293 73 56
0.19481 72 62
0.17442 73 54
0.17510 76 62
0.17735 74 53
0.18054 73 56
0.18072 71 58
0.18072 69 61
0.18072 68 64
0.18072 66 66
0.19737 64 69
0.72289 69 64
0.72289 73 77
0.72289 64 64
0.37553 74 77
0.37553 71 64
0.36145 72 69
0.36145 75 82
0.36145 76 78
0.36145 73 66
0.18072 0 0
0.18072 73 77
0.18072 69 64
0.36145 64 69
0.36145 71 82
0.36145 68 69
0.36145 68 64
0.36145 64 64
0.36145 71 77
0.37975 73 80
0.37975 69 68
0.37975 64 68
0.35714 70 69
0.35714 73 82
0.35714 71 68
0.35714 74 80
0.71429 64 69
0.18519 0 0
0.18519 71 70
0.18519 68 59
0.17647 69 76
0.17647 0 0
0.17647 69 70
0.18293 0 0
0.05882 71 70
0.05882 73 68
0.05882 71 68
0.08824 69 70
0.08824 71 70
0.17647 73 77
0.17647 0 0
0.18519 73 70
0.18519 0 0
0.35294 66 62
0.35294 71 62
0.35294 74 73
0.35294 64 64
0.35294 69 64
0.35294 73 76
0.37500 69 62
0.37500 73 74
0.37500 64 62
0.37500 71 72
0.37500 62 61
0.37500 64 61
0.37500 68 61
0.37500 69 76
0.37500 64 64
0.37500 61 64
0.75000 0 0
0.17442 75 50
0.15000 76 46
0.21093 0 0
0.17857 76 45
0.17857 75 45
0.18987 76 46
0.17045 77 50
0.14634 78 46
0.21002 0 0
0.17857 78 47
0.17857 77 50
0.17647 78 48
0.17754 80 55
0.14547 81 47
0.03637 0 0
0.17442 79 55
0.14909 80 48
0.03727 0 0
0.17647 77 55
0.14458 78 47
0.03614 0 0
0.18293 75 55
0.15000 76 46
0.22500 0 0
0.16667 76 55
0.01852 0 0
0.16667 76 57
0.01852 0 0
0.18000 76 58
0.02000 0 0
0.18519 76 72
0.18519 73 64
0.18519 69 59
0.16667 76 57
0.01852 0 0
0.16667 76 59
0.01852 0 0
0.17763 76 61
0.01974 0 0
0.18519 76 70
0.18519 74 62
0.18519 68 58
0.16667 76 59
0.01852 0 0
0.16667 76 62
0.01852 0 0
0.17763 76 64
0.01974 0 0
0.18519 76 69
0.18519 73 63
0.21127 69 48
0.18750 76 52
0.19481 73 51
0.21739 69 49
0.81081 69 43
0.81081 73 51
0.40541 68 39
0.40541 71 47
0.17442 72 50
0.15000 73 46
0.21093 0 0
0.17857 73 45
0.17857 72 45
0.20270 73 46
0.17045 75 50
0.13953 76 46
0.21346 0 0
0.17857 76 47
0.17857 78 50
0.13889 76 48
0.04630 0 0
0.17045 76 50
0.15190 71 47
0.21870 0 0
0.18072 71 48
0.18072 70 49
0.18750 71 50
0.18293 73 51
0.15385 74 48
0.23077 0 0
0.17857 74 49
0.17857 76 52
0.14610 74 50
0.04870 0 0
0.16854 74 53
0.15385 69 47
0.22834 0 0
0.17857 69 51
0.17857 73 52
0.17647 71 52
0.17045 74 57
0.14815 73 50
0.22222 0 0
0.17442 73 52
0.17857 76 57
0.19231 74 54
0.17857 72 60
0.15385 73 54
0.22834 0 0
0.17857 73 55
0.17857 74 59
0.20548 71 54
0.58442 71 60
0.19481 72 59
0.77922 68 48
0.41096 73 64
0.41096 69 51
0.27439 64 64
0.27439 69 64
0.27439 73 76
0.09146 0 0
0.27439 64 64
0.27439 69 64
0.27439 73 76
0.09146 0 0
0.28709 68 60
0.28709 74 71
0.28709 64 60
0.10417 0 0
0.27439 76 75
0.27439 69 63
0.27439 64 63
0.09146 0 0
0.29162 69 57
0.29162 76 68
0.10870 0 0
0.19481 69 61
0.19481 78 72
0.11194 80 68
0.11194 81 68
0.37037 64 64
0.37037 61 64
0.37037 69 76
0.40000 69 74
0.40000 61 62
0.40000 64 62
0.40000 62 61
0.40000 64 61
0.40000 68 61
0.40000 71 72
0.40000 61 64
0.40000 69 76
0.40000 64 64
0.80000 0 0
0.17442 75 50
0.15000 76 46
0.21504 0 0
0.17857 76 45
0.17857 75 45
0.18987 76 46
0.17045 77 50
0.14634 78 46
0.20803 0 0
0.17857 78 47
0.17857 77 50
0.17647 78 48
0.17343 80 55
0.15000 81 47
0.03750 0 0
0.17442 79 55
0.15385 80 48
0.03846 0 0
0.17647 77 55
0.14458 78 47
0.03614 0 0
0.18293 75 55
0.15000 76 46
0.22500 0 0
0.16667 76 55
0.01852 0 0
0.16667 76 57
0.01852 0 0
0.18000 76 58
0.02000 0 0
0.18519 76 72
0.18519 73 64
0.18519 69 59
0.16667 76 57
0.01852 0 0
0.16667 76 59
0.01852 0 0
0.17763 76 61
0.01974 0 0
0.18519 76 70
0.18519 74 62
0.18519 68 58
0.16667 76 59
0.01852 0 0
0.16667 76 62
0.01852 0 0
0.17763 76 64
0.01974 0 0
0.18519 76 69
0.18519 73 63
0.21127 69 48
0.18750 76 52
0.19481 73 51
0.21739 69 49
0.81081 69 43
0.81081 73 51
0.40541 68 39
0.40541 71 47
0.17442 72 50
0.15000 73 46
0.21296 0 0
0.17857 73 45
0.17857 72 45
0.20270 73 46
0.17045 75 50
0.14634 76 46
0.21002 0 0
0.17857 76 47
0.17857 78 50
0.13889 76 48
0.04630 0 0
0.17045 76 50
0.15190 71 47
0.21870 0 0
0.18072 71 48
0.18072 70 49
0.18072 71 50
0.18293 73 51
0.15385 74 48
0.23077 0 0
0.17857 74 49
0.17857 76 52
0.14610 74 50
0.04870 0 0
0.16854 74 53
0.15385 69 47
0.22834 0 0
0.17857 69 51
0.17857 73 52
0.17647 71 52
0.17045 74 57
0.14815 73 50
0.22222 0 0
0.17442 73 52
0.17857 76 57
0.19231 74 54
0.17857 72 60
0.15385 73 54
0.22834 0 0
0.17857 73 55
0.17857 74 59
0.20548 71 54
0.58442 71 60
0.19481 72 59
0.77922 68 48
0.41096 73 64
0.41096 69 51
0.27439 69 64
0.27439 64 64
0.27439 73 76
0.09146 0 0
0.27439 73 76
0.27439 64 64
0.27439 69 64
0.09146 0 0
0.29647 68 60
0.29647 64 60
0.29647 74 71
0.10417 0 0
0.28846 64 63
0.28846 76 75
0.28846 69 63
0.09615 0 0
0.30260 69 57
0.30260 76 68
0.11029 0 0
0.20270 69 61
0.20270 78 72
0.11364 80 68
0.11364 81 68
0.40000 61 64
0.40000 64 64
0.40000 69 76
0.42857 61 62
0.42857 69 74
0.42857 64 62
0.46875 62 61
0.46875 64 61
0.46875 71 72
0.46875 68 61
0.46875 61 64
0.46875 64 64
0.46875 69 76
3.75000 0 0
0.08824 73 53
0.26471 0 0
0.08824 73 49
0.27116 0 0
0.05882 74 49
0.05882 76 47
0.05882 74 47
0.08824 73 49
0.08824 74 49
0.35294 76 53
0.36343 0 0
0.09454 78 53
0.09631 76 52
0.09790 74 51
0.09985 73 49
0.08824 71 53
0.26471 0 0
0.08824 71 49
0.27116 0 0
0.05882 73 49
0.05882 74 47
0.05882 73 47
0.08824 71 49
0.08824 73 49
0.35294 74 53
0.36343 0 0
0.09454 76 53
0.09631 74 52
0.09790 73 51
0.09985 71 49
0.08824 69 53
0.26471 0 0
0.08824 69 49
0.27116 0 0
0.05882 69 49
0.05882 71 47
0.05882 69 47
0.08824 68 49
0.08824 69 49
0.08824 71 53
0.26471 0 0
0.08824 71 49
0.27116 0 0
0.05882 71 49
0.05882 73 47
0.05882 71 47
0.08824 69 49
0.08824 71 49
0.08824 73 58
0.26471 0 0
0.08824 73 54
0.28304 0 0
0.08824 76 61
0.29371 74 51
0.38195 71 61
0.74074 73 55
0.74074 69 55
0.37037 68 53
0.37037 71 53
0.14118 73 74
0.14118 69 53
0.11765 64 53
0.14118 73 72
0.14419 69 53
0.12195 64 53
0.14118 74 71
0.14118 71 53
0.11765 64 53
0.14118 76 70
0.14118 73 53
0.11765 64 53
0.14118 76 71
0.14743 73 53
0.12367 64 53
0.08585 78 68
0.08748 76 66
0.08890 74 64
0.09102 73 62
0.14118 71 74
0.14118 68 53
0.11765 64 53
0.14118 71 72
0.14419 68 53
0.12195 64 53
0.14118 73 71
0.14118 69 53
0.11765 64 53
0.14118 74 70
0.14118 71 53
0.11765 64 53
0.14118 74 71
0.14743 71 53
0.12367 64 53
0.08585 76 68
0.08748 74 66
0.08890 73 64
0.09102 71 62
0.14118 69 74
0.14118 64 53
0.11765 61 53
0.14118 69 72
0.14118 64 53
0.11765 61 53
0.13483 71 71
0.13483 64 53
0.11236 62 53
0.14118 73 74
0.14118 69 53
0.11765 64 53
0.14118 73 72
0.14118 69 53
0.11765 64 53
0.13953 74 71
0.13953 71 53
0.11628 66 53
0.14118 73 74
0.14118 69 53
0.11765 64 53
0.14118 73 72
0.14118 69 53
0.11765 64 53
0.14118 71 71
0.14118 68 53
0.11765 62 53
0.14815 69 74
0.14815 64 53
0.14815 61 53
0.18519 57 72
0.55556 0 0
0.08824 73 53
0.26471 0 0
0.08824 73 49
0.27116 0 0
0.05882 74 49
0.05882 76 47
0.05882 74 47
0.08824 73 49
0.08824 74 49
0.35294 76 53
0.36343 0 0
0.09454 78 53
0.09631 76 52
0.09790 74 51
0.09985 73 49
0.08824 71 53
0.26471 0 0
0.08824 71 49
0.27116 0 0
0.05882 73 49
0.05882 74 47
0.05882 73 47
0.08824 71 49
0.08824 73 49
0.35294 74 53
0.36343 0 0
0.09454 76 53
0.09631 74 52
0.09790 73 51
0.09985 71 49
0.08824 69 53
0.26471 0 0
0.08824 69 49
0.27116 0 0
0.05882 69 49
0.05882 71 47
0.05882 69 47
0.08824 68 49
0.08824 69 49
0.08824 71 53
0.26471 0 0
0.08824 71 49
0.27116 0 0
0.05882 71 49
0.05882 73 47
0.05882 71 47
0.08824 69 49
0.08824 71 49
0.08824 73 58
0.26471 0 0
0.08824 73 54
0.28304 0 0
0.08824 76 61
0.29371 74 51
0.38195 71 61
0.74074 73 55
0.74074 69 55
0.37037 68 53
0.37037 71 53
0.14118 73 74
0.14118 69 53
0.11765 64 53
0.14118 73 72
0.14419 69 53
0.12195 64 53
0.14118 74 71
0.14118 71 53
0.11765 64 53
0.00147 0 0
0.14118 76 70
0.14118 73 53
0.11765 64 53
0.14118 76 71
0.14743 73 53
0.12367 64 53
0.08585 78 68
0.08748 76 66
0.08890 74 64
0.09102 73 62
0.14118 71 74
0.14118 68 53
0.11765 64 53
0.14118 71 72
0.14419 68 53
0.12195 64 53
0.14118 73 71
0.14118 69 53
0.11765 64 53
0.14118 74 70
0.14118 71 53
0.11765 64 53
0.14118 74 71
0.14743 71 53
0.12367 64 53
0.08585 76 68
0.08748 74 66
0.08890 73 64
0.09102 71 62
0.14118 69 74
0.14118 64 53
0.11765 61 53
0.14118 69 72
0.14118 64 53
0.11765 61 53
0.13483 71 71
0.13483 64 53
0.11236 62 53
0.14118 73 74
0.14118 69 53
0.11765 64 53
0.14118 73 72
0.14118 69 53
0.11765 64 53
0.13953 74 71
0.13953 71 53
0.11628 66 53
0.14118 73 74
0.14118 69 53
0.11765 64 53
0.14118 73 72
0.14118 69 53
0.11765 64 53
0.14118 71 71
0.14118 68 53
0.11765 62 53
0.14815 69 74
0.14815 64 53
0.14815 61 53
0.18519 57 72
0.55556 0 0
0.09259 76 50
0.27778 0 0
0.09259 74 48
0.27778 0 0
0.09868 76 50
0.29605 0 0
0.18519 78 50
0.55556 0 0
0.03378 78 50
0.03378 80 44
0.03378 78 44
0.10135 76 50
0.10135 78 49
0.10135 80 49
0.18987 81 56
0.18987 0 0
0.09494 80 52
0.28481 0 0
0.09494 78 50
0.28481 0 0
0.18519 76 50
0.55556 0 0
0.03378 73 50
0.03378 74 44
0.03378 73 44
0.10135 71 50
0.10135 73 51
0.10135 74 55
0.37975 76 60
0.09494 73 58
0.58886 0 0
0.10135 69 58
0.37975 76 65
0.09494 74 59
0.58886 0 0
0.10135 71 66
0.37975 76 73
0.42254 73 66
0.11364 69 50
0.34091 0 0
0.86956 69 50
0.86956 73 50
0.43478 68 46
0.43478 71 46
0.08824 73 53
0.26471 0 0
0.08824 73 49
0.27116 0 0
0.05882 74 49
0.05882 76 47
0.05882 74 47
0.08824 73 49
0.08824 74 49
0.35294 76 53
0.36343 0 0
0.09454 78 53
0.09631 76 52
0.09790 74 51
0.09985 73 49
0.08824 71 53
0.26471 0 0
0.08824 71 49
0.27116 0 0
0.05882 73 49
0.05882 74 47
0.05882 73 47
0.08824 71 49
0.08824 73 49
0.35294 74 53
0.36343 0 0
0.09454 76 53
0.09631 74 52
0.09790 73 51
0.09985 71 49
0.08824 69 53
0.26471 0 0
0.08824 69 49
0.27116 0 0
0.05882 71 49
0.05882 73 47
0.05882 71 47
0.08824 69 49
0.08824 71 49
0.08824 73 53
0.26471 0 0
0.08824 73 49
0.27116 0 0
0.05882 74 49
0.05882 76 47
0.05882 74 47
0.08824 73 49
0.08824 74 49
0.08824 73 53
0.26471 0 0
0.08824 73 49
0.27116 0 0
0.05882 71 49
0.05882 73 47
0.05882 71 47
0.08824 69 49
0.08824 71 49
0.37975 71 53
0.37975 72 55
0.75949 68 45
0.37975 73 56
0.37975 69 47
0.14118 73 74
0.14118 69 53
0.11765 64 53
0.14118 73 72
0.14118 69 53
0.11765 64 53
0.13483 74 71
0.13483 68 53
0.11236 64 53
0.14118 76 74
0.14118 73 53
0.11765 69 53
0.14118 76 72
0.14118 73 53
0.11765 69 53
0.13953 78 71
0.13953 71 53
0.11628 69 53
0.14118 73 74
0.14118 69 53
0.11765 64 53
0.14118 73 72
0.14118 69 53
0.11765 64 53
0.14118 71 71
0.14118 68 53
0.11765 62 53
0.14815 69 74
0.14815 64 53
0.14815 61 53
0.18519 57 72
0.55556 0 0
0.09259 76 50
0.27778 0 0
0.09259 74 48
0.27778 0 0
0.09868 76 50
0.29605 0 0
0.18519 78 50
0.55556 0 0
0.03378 78 50
0.03378 80 44
0.03378 78 44
0.10135 76 50
0.10135 78 49
0.10135 80 49
0.18987 81 56
0.18987 0 0
0.09494 80 52
0.28481 0 0
0.09494 78 50
0.28481 0 0
0.18519 76 50
0.55556 0 0
0.03378 73 50
0.03378 74 44
0.03378 73 44
0.10135 71 50
0.10135 73 51
0.10135 74 55
0.37975 76 60
0.09494 73 58
0.58886 0 0
0.10135 69 58
0.37975 76 65
0.09494 74 59
0.58886 0 0
0.10135 71 66
0.37975 76 73
0.42253 73 66
0.11364 69 50
0.34091 0 0
0.86957 73 50
0.86957 69 50
0.43478 68 46
0.43478 71 46
0.08824 73 53
0.26471 0 0
0.08824 73 49
0.27116 0 0
0.05882 74 49
0.05882 76 47
0.05882 74 47
0.08824 73 49
0.08824 74 49
0.35294 76 53
0.36343 0 0
0.09454 78 53
0.09631 76 52
0.09790 74 51
0.09985 73 49
0.08824 71 53
0.26471 0 0
0.08824 71 49
0.27116 0 0
0.05882 73 49
0.05882 74 47
0.05882 73 47
0.08824 71 49
0.08824 73 49
0.35294 74 53
0.36343 0 0
0.09454 76 53
0.09631 74 52
0.09790 73 51
0.09985 71 49
0.08824 69 53
0.26471 0 0
0.08824 69 49
0.27116 0 0
0.05882 71 49
0.05882 73 47
0.05882 71 47
0.08824 69 49
0.08824 71 49
0.08824 73 53
0.26471 0 0
0.08824 73 49
0.27116 0 0
0.05882 74 49
0.05882 76 47
0.05882 74 47
0.08824 73 49
0.08824 74 49
0.08824 73 53
0.26471 0 0
0.08824 73 49
0.27116 0 0
0.05882 71 49
0.05882 73 47
0.05882 71 47
0.08824 69 49
0.08824 71 49
0.37975 71 53
0.37975 72 55
0.75949 68 45
0.37975 69 47
0.37975 73 56
0.14118 73 74
0.14118 69 53
0.11765 64 53
0.14118 73 72
0.14118 69 53
0.11765 64 53
0.13483 74 71
0.13483 68 53
0.11236 64 53
0.14118 76 74
0.14118 73 53
0.11765 69 53
0.14118 76 72
0.14118 73 53
0.11765 69 53
0.15000 78 71
0.15000 71 53
0.12500 69 53
0.14458 73 74
0.14458 69 53
0.12048 64 53
0.14458 73 72
0.14458 69 53
0.12048 64 53
0.15385 71 71
0.15385 68 53
0.12821 62 53
0.16667 69 74
0.16667 64 53
0.16667 61 53
0.20833 57 72
3.12500 0 0
0.33333 72 50
0.29412 71 47
0.28302 69 50
0.29412 71 46
0.28302 72 47
0.30000 74 48
0.30612 76 50
0.28846 75 46
0.30000 77 55
0.27778 76 53
0.29412 74 51
0.33333 72 48
0.31915 71 50
0.30000 69 47
0.27778 68 50
0.28302 69 46
0.29412 71 47
0.29412 72 48
0.30000 74 50
0.27778 73 46
0.28846 76 54
0.27273 74 52
0.29412 72 51
0.29412 71 49
0.31250 69 50
0.27778 76 47
0.28846 75 50
0.28846 76 46
0.30000 72 47
0.30000 69 48
0.32609 68 50
0.27778 76 46
0.29412 77 55
0.27778 76 53
0.29412 74 51
0.34226 71 48
0.01488 0 0
0.32609 71 50
0.30000 69 47
0.30000 68 50
0.30000 69 46
0.31915 71 47
0.33036 72 48
0.02679 0 0
1.29801 69 41
1.29801 72 41
0.65217 71 41
0.65217 68 41
0.33333 72 44
0.33333 84 53
0.29412 83 48
0.29412 71 40
0.28302 81 55
0.28302 69 46
0.29412 83 52
0.29412 71 44
0.29412 84 55
0.29412 72 47
0.30000 74 43
0.30000 86 52
0.30612 88 63
0.30612 76 53
0.28846 75 43
0.28846 87 58
0.28302 89 63
0.28302 77 53
0.28846 76 50
0.28846 88 60
0.29412 74 54
0.29412 86 64
0.33333 84 57
0.33333 72 48
0.31915 71 56
0.31915 83 66
0.30000 69 49
0.30000 81 58
0.28846 80 64
0.28846 68 54
0.28302 69 49
0.28302 81 58
0.29412 71 54
0.29412 83 64
0.29412 72 51
0.29412 84 60
0.30000 86 66
0.30000 74 49
0.27778 73 45
0.27778 85 60
0.28846 88 71
0.28846 76 60
0.27273 74 57
0.27273 86 68
0.29412 72 55
0.29412 84 65
0.29412 71 52
0.29412 83 62
0.30612 81 65
0.30612 69 55
0.29412 80 60
0.29412 68 51
0.28846 69 56
0.28846 81 66
0.28846 72 51
0.28846 84 60
0.30000 83 63
0.30000 71 53
0.30000 74 53
0.30000 86 63
0.30612 84 66
0.30612 72 56
0.28846 71 51
0.28846 83 60
0.29412 84 71
0.29412 72 60
0.28846 76 56
0.28846 88 67
0.29412 86 65
0.29412 74 55
0.35714 77 55
0.35714 89 65
0.31250 76 56
0.31250 88 67
0.31250 75 50
0.31250 87 59
0.31915 88 66
0.31915 76 56
0.33333 64 51
0.33333 76 60
0.34091 78 63
0.34091 66 53
0.39474 68 53
0.39474 80 63
1.43182 81 63
1.43182 69 53
0.75000 0 0
0.33333 72 50
0.28846 71 47
0.28302 69 50
0.29412 71 46
0.28302 72 47
0.30000 74 48
0.28846 76 50
0.28846 75 46
0.28846 77 55
0.27778 76 53
0.29412 74 51
0.33333 72 48
0.31915 71 50
0.30000 69 47
0.27778 68 50
0.28302 69 46
0.29412 71 47
0.29412 72 48
0.28302 74 50
0.27778 73 46
0.29412 76 54
0.27273 74 52
0.29412 72 51
0.29412 71 49
0.31250 69 50
0.27778 76 47
0.28846 75 50
0.28846 76 46
0.30000 72 47
0.30000 69 48
0.32609 68 50
0.27778 76 46
0.28846 77 55
0.27778 76 53
0.29412 74 51
0.32440 71 48
0.03274 0 0
0.32609 71 50
0.30000 69 47
0.28846 68 50
0.30000 69 46
0.31915 71 47
0.32738 72 48
0.02976 0 0
1.29801 69 41
1.29801 72 41
0.65217 71 41
0.65217 68 41
0.33333 72 44
0.33333 84 53
0.29412 71 40
0.29412 83 48
0.28302 81 55
0.28302 69 46
0.29412 83 52
0.29412 71 44
0.29412 84 55
0.29412 72 47
0.30000 74 43
0.30000 86 52
0.29412 76 53
0.29412 88 63
0.28846 87 58
0.28846 75 43
0.27273 77 53
0.27273 89 63
0.28846 76 50
0.28846 88 60
0.29412 74 54
0.29412 86 64
0.33333 84 57
0.33333 72 48
0.31915 71 56
0.31915 83 66
0.30000 81 58
0.30000 69 49
0.28846 80 64
0.28846 68 54
0.26786 81 58
0.26786 69 49
0.29412 83 64
0.29412 71 54
0.29412 72 51
0.29412 84 60
0.28846 86 66
0.28846 74 49
0.27778 73 45
0.27778 85 60
0.28846 76 60
0.28846 88 71
0.27273 86 68
0.27273 74 57
0.29412 72 55
0.29412 84 65
0.29412 83 62
0.29412 71 52
0.30000 69 55
0.30000 81 65
0.29412 80 60
0.29412 68 51
0.28302 69 56
0.28302 81 66
0.28846 84 60
0.28846 72 51
0.30000 83 63
0.30000 71 53
0.30000 74 53
0.30000 86 63
0.30612 84 66
0.30612 72 56
0.28846 83 60
0.28846 71 51
0.29412 84 71
0.29412 72 60
0.28846 76 56
0.28846 88 67
0.29412 74 55
0.29412 86 65
0.35714 89 65
0.35714 77 55
0.31250 76 56
0.31250 88 67
0.31250 75 50
0.31250 87 59
0.31915 76 56
0.31915 88 66
0.33333 64 51
0.33333 76 60
0.34091 78 63
0.34091 66 53
0.39474 68 53
0.39474 80 63
1.43182 81 63
1.43182 69 53
0.75000 0 0
0.32609 69 50
0.30612 68 46
0.28302 69 50
0.30000 81 55
0.27778 80 54
0.29348 79 53
0.03261 0 0
0.28846 79 50
0.28846 77 48
0.27778 76 48
0.29412 77 48
0.29412 76 50
0.35714 77 48
0.28302 81 50
0.27273 80 45
0.27778 81 50
0.28846 80 45
0.29412 81 50
0.30000 77 46
0.03333 0 0
0.29412 77 50
0.28302 76 47
0.28846 75 47
0.28846 76 47
0.28846 75 50
0.28723 76 45
0.03191 0 0
0.30000 76 50
0.28302 74 46
0.28846 72 46
0.28302 71 46
0.29412 69 44
0.33333 76 50
0.30612 77 47
0.28846 74 47
0.30000 71 47
0.28846 69 47
0.30000 68 50
0.28723 71 47
0.03191 0 0
0.29412 71 50
0.31915 69 43
0.29412 72 55
0.33333 71 49
0.30612 74 58
0.29412 72 51
0.10870 71 54
0.10870 72 56
0.10870 74 58
1.21622 72 65
1.21622 69 55
0.53571 71 51
0.53571 68 36
0.17857 0 0
0.31915 72 50
0.29412 71 47
0.28302 69 50
0.29412 71 46
0.28302 72 47
0.30000 74 48
0.30612 76 50
0.28846 75 46
0.30000 77 55
0.27778 76 53
0.29412 74 51
0.33333 72 48
0.30000 71 50
0.30000 69 47
0.27778 68 50
0.28302 69 46
0.29412 71 47
0.29412 72 48
0.30000 74 50
0.27778 73 46
0.30612 76 54
0.27273 74 52
0.29412 72 51
0.29412 71 49
0.29412 69 50
0.27778 68 47
0.28846 69 50
0.28846 72 46
0.30000 71 52
0.30000 74 48
0.32609 72 56
0.27778 71 50
0.29412 72 54
0.27778 76 50
0.29412 74 55
0.35714 77 48
0.32609 76 60
0.30000 75 54
0.30000 76 56
0.30000 64 43
0.31915 66 43
0.35714 68 46
0.33333 69 51
0.31250 68 44
0.30612 69 50
0.30612 64 45
0.31915 60 49
0.31915 64 46
0.31915 81 65
0.31915 69 55
0.29412 68 51
0.29412 80 60
0.28846 69 56
0.28846 81 66
0.28846 84 60
0.28846 72 51
0.30000 71 53
0.30000 83 63
0.30000 74 53
0.30000 86 63
0.31250 84 66
0.31250 72 56
0.28846 83 60
0.28846 71 51
0.29412 72 60
0.29412 84 71
0.28846 76 56
0.28846 88 67
0.29412 86 65
0.29412 74 55
0.35714 89 65
0.35714 77 55
0.31250 88 67
0.31250 76 56
0.31250 75 50
0.31250 87 59
0.31915 88 66
0.31915 76 56
0.33333 76 60
0.33333 64 51
0.34091 66 53
0.34091 78 63
0.39474 68 53
0.39474 80 63
1.43182 69 53
1.43182 81 63
0.75000 0 0
0.30612 69 50
0.30612 68 46
0.28302 69 50
0.30000 81 55
0.27778 80 54
0.29348 79 53
0.03261 0 0
0.28846 79 50
0.28846 77 48
0.27778 76 48
0.29412 77 48
0.29412 76 50
0.35714 77 48
0.29412 81 50
0.27273 80 45
0.27778 81 50
0.28846 80 45
0.29412 81 50
0.30000 77 46
0.03333 0 0
0.30612 77 50
0.28302 76 47
0.28846 75 47
0.27778 76 47
0.28302 75 50
0.28723 76 45
0.03191 0 0
0.31250 76 50
0.28302 74 46
0.28846 72 46
0.28302 71 46
0.29412 69 44
0.33333 76 50
0.31250 77 47
0.28846 74 47
0.30000 71 47
0.28846 69 47
0.30000 68 50
0.28723 71 47
0.03191 0 0
0.29412 71 50
0.31915 69 43
0.29412 72 55
0.33333 71 49
0.30612 74 58
0.29412 72 51
0.10870 71 54
0.10870 72 56
0.10870 74 58
1.21622 69 55
1.21622 72 65
0.53571 71 51
0.53571 68 36
0.17857 0 0
0.32609 72 50
0.29412 71 47
0.28302 69 50
0.28846 71 46
0.28302 72 47
0.30000 74 48
0.30612 76 50
0.28846 75 46
0.30000 77 55
0.27778 76 53
0.29412 74 51
0.33333 72 48
0.30000 71 50
0.30000 69 47
0.27778 68 50
0.28302 69 46
0.29412 71 47
0.29412 72 48
0.30000 74 50
0.27273 73 46
0.29412 76 54
0.27273 74 52
0.29412 72 51
0.29412 71 49
0.30612 69 50
0.27778 68 47
0.27778 69 50
0.28846 72 46
0.30000 71 52
0.30000 74 48
0.29412 72 56
0.27778 71 50
0.29412 72 54
0.27778 76 50
0.29412 74 55
0.35714 77 48
0.32609 76 60
0.30000 75 54
0.30000 76 56
0.30000 64 43
0.31915 66 43
0.35714 68 46
0.33333 69 51
0.31250 68 44
0.30612 69 50
0.30612 64 45
0.31915 60 49
0.31915 64 46
0.29412 81 65
0.29412 69 55
0.27778 68 51
0.27778 80 60
0.28846 69 56
0.28846 81 66
0.28846 72 51
0.28846 84 60
0.30000 83 63
0.30000 71 53
0.30000 74 53
0.30000 86 63
0.30000 72 56
0.30000 84 66
0.27778 71 51
0.27778 83 60
0.29412 72 60
0.29412 84 71
0.28846 88 67
0.28846 76 56
0.29412 86 65
0.29412 74 55
0.35714 89 65
0.35714 77 55
0.31250 76 56
0.31250 88 67
0.31250 75 50
0.31250 87 59
0.31915 76 56
0.31915 88 66
0.33333 76 60
0.33333 64 51
0.34091 78 63
0.34091 66 53
0.40541 68 53
0.40541 80 63
1.59658 69 53
1.59658 81 63
4.79540 0 0
0.24590 69 50
0.24590 73 50
0.24590 64 50
0.20833 73 44
0.20833 69 44
0.21739 64 49
0.42572 85 52
0.42572 81 52
0.20000 71 45
0.20000 74 45
0.20833 64 50
0.40833 83 53
0.40833 86 53
0.20270 73 46
0.20270 76 46
0.19295 64 50
0.39565 85 55
0.39565 88 55
0.20000 71 45
0.20000 74 45
0.20833 64 49
0.40833 83 53
0.40833 86 53
0.22059 69 44
0.22059 73 44
0.22059 64 48
0.44118 85 52
0.44118 81 52
0.22388 71 50
0.22388 68 50
0.22388 64 50
0.20548 71 44
0.20548 68 44
0.21127 64 49
0.41675 83 52
0.41675 80 52
0.19737 69 45
0.19737 73 45
0.20833 64 50
0.40570 81 53
0.40570 85 53
0.20000 71 46
0.20000 74 46
0.19481 64 50
0.39481 83 55
0.39481 86 55
0.20000 73 45
0.20000 69 45
0.21127 64 49
0.41127 85 53
0.41127 81 53
0.21739 71 44
0.21739 68 44
0.21739 64 48
0.43478 83 52
0.43478 80 52
0.21739 69 54
0.21739 64 54
0.22388 61 50
0.21127 64 45
0.21127 69 45
0.20270 61 50
0.41397 81 54
0.20000 64 54
0.20000 69 54
0.21429 61 50
0.19737 71 55
0.19737 68 55
0.20270 64 51
0.20000 68 47
0.20000 71 47
0.21127 64 51
0.41127 83 56
0.21429 68 50
0.21429 71 50
0.21429 64 48
0.20548 73 46
0.20548 69 46
0.21429 64 50
0.41977 85 55
0.41977 81 55
0.20000 71 45
0.20000 74 45
0.20833 64 49
0.40833 83 53
0.40833 86 53
0.21429 69 44
0.21429 73 44
0.22388 64 48
0.43817 85 52
0.43817 81 52
0.22388 71 44
0.22388 68 44
0.22388 64 49
0.44776 83 52
0.44776 80 52
0.23438 75 56
0.23438 76 53
0.26786 75 56
0.26786 76 53
0.24590 73 60
0.24590 69 60
0.24590 64 60
0.20833 73 52
0.20833 69 52
0.21739 64 58
0.42572 85 68
0.42572 81 57
0.20000 71 54
0.20000 74 54
0.20833 64 60
0.40833 86 69
0.40833 83 58
0.20270 76 55
0.20270 73 55
0.19295 64 60
0.39565 88 72
0.39565 85 61
0.20000 74 54
0.20000 71 54
0.20833 64 58
0.40833 83 58
0.40833 86 69
0.21429 69 52
0.21429 73 52
0.22059 64 57
0.43487 85 68
0.43487 81 57
0.22388 71 60
0.22388 68 60
0.22388 64 60
0.20548 68 52
0.20548 71 52
0.21127 64 58
0.41675 83 68
0.41675 80 57
0.20270 69 54
0.20270 73 54
0.20833 64 60
0.41104 81 58
0.41104 85 69
0.20000 71 55
0.20000 74 55
0.19481 64 60
0.39481 83 61
0.39481 86 72
0.20000 73 54
0.20000 69 54
0.21127 64 58
0.41127 85 69
0.41127 81 58
0.22059 71 52
0.22059 68 52
0.22059 64 57
0.44118 80 57
0.44118 83 68
0.20548 64 64
0.20548 69 64
0.20833 61 60
0.20270 69 54
0.20270 64 54
0.21429 61 60
0.41699 81 70
0.41699 73 59
0.20548 68 64
0.20548 71 64
0.21429 64 60
0.41977 83 70
0.41977 76 59
0.20548 69 66
0.20548 73 66
0.20548 64 61
0.41096 85 73
0.41096 81 61
0.21127 69 56
0.21127 73 56
0.22059 66 61
0.20833 74 60
0.20833 71 60
0.21739 66 57
0.21429 69 60
0.21429 73 60
0.22388 64 66
0.21739 73 47
0.21739 69 47
0.22727 64 50
0.44466 85 60
0.44466 81 50
0.23077 68 45
0.23077 71 45
0.23077 64 49
0.46154 83 59
0.46154 80 49
0.25000 69 53
0.25000 64 48
0.50000 81 53
0.26316 61 50
0.29412 64 41
0.44118 69 48
0.44118 0 0
0.24590 69 50
0.24590 73 50
0.24590 64 50
0.20833 69 44
0.20833 73 44
0.21739 64 49
0.42572 81 52
0.42572 85 52
0.20000 74 45
0.20000 71 45
0.20833 64 50
0.40833 86 53
0.40833 83 53
0.20270 73 46
0.20270 76 46
0.19295 64 50
0.39565 88 55
0.39565 85 55
0.20000 71 45
0.20000 74 45
0.20833 64 49
0.40833 86 53
0.40833 83 53
0.22059 73 44
0.22059 69 44
0.22059 64 48
0.44118 81 52
0.44118 85 52
0.22388 71 50
0.22388 68 50
0.22388 64 50
0.20548 68 44
0.20548 71 44
0.21127 64 49
0.41675 83 52
0.41675 80 52
0.19737 73 45
0.19737 69 45
0.20833 64 50
0.40570 85 53
0.40570 81 53
0.20000 71 46
0.20000 74 46
0.19481 64 50
0.39481 86 55
0.39481 83 55
0.20000 73 45
0.20000 69 45
0.21127 64 49
0.41127 85 53
0.41127 81 53
0.21739 68 44
0.21739 71 44
0.21739 64 48
0.43478 80 52
0.43478 83 52
0.21739 69 54
0.21739 64 54
0.22388 61 50
0.21127 69 45
0.21127 64 45
0.20548 61 50
0.41675 81 54
0.20000 69 54
0.20000 64 54
0.21429 61 50
0.19737 68 55
0.19737 71 55
0.20270 64 51
0.20270 71 47
0.20270 68 47
0.21127 64 51
0.41397 83 56
0.21429 68 50
0.21429 71 50
0.21429 64 48
0.20548 69 46
0.20548 73 46
0.21429 64 50
0.41977 85 55
0.41977 81 55
0.20000 71 45
0.20000 74 45
0.20833 64 49
0.40833 83 53
0.40833 86 53
0.21429 73 44
0.21429 69 44
0.22388 64 48
0.43817 85 52
0.43817 81 52
0.22388 71 44
0.22388 68 44
0.22388 64 49
0.44776 83 52
0.44776 80 52
0.23438 75 56
0.23438 76 53
0.26786 75 56
0.26786 76 53
0.24590 73 60
0.24590 69 60
0.24590 64 60
0.20833 69 52
0.20833 73 52
0.21739 64 58
0.42572 85 68
0.42572 81 57
0.20000 71 54
0.20000 74 54
0.20833 64 60
0.40833 83 58
0.40833 86 69
0.20270 76 55
0.20270 73 55
0.19295 64 60
0.39565 85 61
0.39565 88 72
0.20000 74 54
0.20000 71 54
0.20833 64 58
0.40833 83 58
0.40833 86 69
0.21429 69 52
0.21429 73 52
0.22059 64 57
0.43487 85 68
0.43487 81 57
0.22388 71 60
0.22388 68 60
0.22388 64 60
0.20548 68 52
0.20548 71 52
0.21127 64 58
0.41675 80 57
0.41675 83 68
0.20270 73 54
0.20270 69 54
0.20833 64 60
0.41104 81 58
0.41104 85 69
0.20000 74 55
0.20000 71 55
0.19481 64 60
0.39481 86 72
0.39481 83 61
0.20000 69 54
0.20000 73 54
0.21127 64 58
0.41127 81 58
0.41127 85 69
0.22059 68 52
0.22059 71 52
0.22059 64 57
0.44118 80 57
0.44118 83 68
0.20548 64 64
0.20548 69 64
0.20833 61 60
0.20270 69 54
0.20270 64 54
0.21429 61 60
0.41699 81 70
0.41699 73 59
0.20548 71 64
0.20548 68 64
0.21429 64 60
0.41977 76 59
0.41977 83 70
0.20548 73 66
0.20548 69 66
0.20548 64 61
0.41096 85 73
0.41096 81 61
0.21127 69 56
0.21127 73 56
0.22059 66 61
0.20833 74 60
0.20833 71 60
0.21739 66 57
0.21429 73 60
0.21429 69 60
0.22388 64 66
0.21739 73 47
0.21739 69 47
0.22727 64 50
0.44466 81 50
0.44466 85 60
0.23077 68 45
0.23077 71 45
0.23077 64 49
0.46154 83 59
0.46154 80 49
0.25000 69 53
0.25000 64 48
0.50000 81 53
0.26316 61 50
0.29412 64 41
0.44118 69 48
0.44118 0 0
0.67949 76 54
0.12295 78 54
0.11719 76 50
0.10714 74 55
0.10714 73 54
0.11364 71 53
0.11364 69 52
0.25000 77 57
0.21923 78 54
0.01154 0 0
0.23077 78 54
0.72631 0 0
0.23810 81 58
0.23810 80 55
0.22388 83 58
0.23438 81 58
0.23438 80 59
0.26425 78 60
0.23810 75 62
0.22222 76 57
0.01587 0 0
0.25424 76 57
0.76271 0 0
0.70177 76 63
0.11719 78 55
0.11719 76 50
0.11029 74 58
0.11029 73 56
0.11029 71 54
0.11029 69 53
0.26786 76 63
0.48400 74 63
0.11194 78 55
0.11194 76 50
0.11194 74 58
0.11194 73 56
0.11194 71 54
0.11194 69 53
0.50000 69 62
0.50847 68 58
0.55556 69 59
0.55556 63 50
1.11111 73 63
1.11111 69 53
0.55556 68 39
0.55556 71 47
1.66667 64 53
0.25000 69 49
0.25000 73 49
0.25000 64 49
0.22388 69 43
0.22388 73 43
0.22727 64 48
0.45115 85 56
0.45115 81 47
0.20833 74 44
0.20833 71 44
0.21739 64 49
0.42572 86 57
0.42572 83 48
0.20270 73 45
0.20270 76 45
0.19295 64 49
0.39565 88 59
0.39565 85 50
0.20000 74 44
0.20000 71 44
0.20833 64 48
0.40833 86 57
0.40833 83 48
0.21429 73 43
0.21429 69 43
0.22059 64 47
0.43487 85 56
0.43487 81 47
0.22388 68 49
0.22388 71 49
0.22388 64 49
0.20548 68 43
0.20548 71 43
0.21127 64 48
0.41675 80 47
0.41675 83 56
0.20270 73 44
0.20270 69 44
0.20833 64 49
0.41104 81 48
0.41104 85 57
0.20000 74 45
0.20000 71 45
0.19481 64 49
0.39481 83 50
0.39481 86 59
0.20000 69 44
0.20000 73 44
0.21127 64 48
0.41127 85 57
0.41127 81 48
0.22059 71 43
0.22059 68 43
0.22059 64 47
0.44118 80 47
0.44118 83 56
0.20548 64 53
0.20548 69 53
0.20833 61 49
0.20270 64 44
0.20270 69 44
0.21429 61 49
0.41699 73 48
0.41699 81 58
0.20548 68 53
0.20548 71 53
0.21429 64 49
0.41977 83 58
0.41977 76 48
0.20548 69 54
0.20548 73 54
0.20548 64 50
0.41096 81 50
0.41096 85 60
0.21127 69 46
0.21127 73 46
0.22059 66 50
0.20833 74 49
0.20833 71 49
0.21739 66 47
0.20833 69 49
0.20833 73 49
0.20833 64 54
0.20548 73 39
0.20548 69 39
0.21429 64 44
0.41977 81 41
0.41977 85 49
0.20548 71 37
0.20548 68 37
0.21739 64 40
0.42287 83 48
0.42287 80 40
0.21127 68 44
0.21127 71 44
0.22388 64 46
0.43515 83 49
0.22727 72 43
0.22727 68 42
0.23438 64 45
0.89680 80 49
0.46165 84 49
0.25255 73 42
0.25255 69 42
0.26316 64 42
0.51570 81 49
0.51570 85 49
0.21739 69 60
0.21739 73 60
0.22388 64 56
0.20270 69 50
0.20270 73 50
0.21429 64 56
0.41699 85 66
0.41699 81 55
0.20548 74 60
0.20548 71 60
0.21429 64 56
0.41977 86 66
0.41977 83 55
0.20548 76 62
0.20548 73 62
0.20548 69 57
0.41096 85 57
0.41096 88 69
0.21127 73 52
0.21127 76 52
0.22059 69 57
0.20833 74 56
0.20833 78 56
0.21739 69 54
0.21429 69 56
0.21429 73 56
0.22388 64 62
0.21739 73 55
0.21739 69 55
0.22727 64 59
0.44466 85 71
0.44466 81 59
0.23077 71 54
0.23077 68 54
0.23077 64 58
0.46154 83 70
0.46154 80 58
0.25000 69 63
0.25000 64 56
0.50000 81 63
0.26316 61 59
0.29412 64 49
0.44118 69 57
0.44118 0 0
0.67949 76 54
0.12295 78 54
0.11719 76 50
0.10714 74 55
0.10714 73 54
0.11364 71 53
0.11364 69 52
0.25000 77 57
0.21346 78 54
0.01731 0 0
0.23077 78 54
0.72631 0 0
0.23810 81 58
0.23810 80 55
0.22388 83 58
0.23438 81 58
0.23438 80 59
0.26425 78 60
0.23810 75 62
0.22222 76 57
0.01587 0 0
0.25424 76 57
0.76271 0 0
0.70177 76 63
0.11719 78 55
0.11719 76 50
0.11029 74 58
0.11029 73 56
0.11029 71 54
0.11029 69 53
0.26786 76 63
0.48400 74 63
0.11194 78 55
0.11194 76 50
0.11194 74 58
0.11194 73 56
0.11194 71 54
0.11194 69 53
0.50000 69 62
0.50847 68 58
0.55556 69 59
0.55556 63 50
1.11111 69 53
1.11111 73 63
0.55556 68 39
0.55556 71 47
1.66667 64 53
0.27778 69 49
0.27778 73 49
0.27778 64 49
0.22388 69 43
0.22388 73 43
0.23077 64 48
0.45465 81 47
0.45465 85 56
0.20833 71 44
0.20833 74 44
0.21429 64 49
0.42262 83 48
0.42262 86 57
0.20270 73 45
0.20270 76 45
0.19295 64 49
0.39565 85 50
0.39565 88 59
0.20000 71 44
0.20000 74 44
0.20833 64 48
0.40833 83 48
0.40833 86 57
0.21429 69 43
0.21429 73 43
0.22059 64 47
0.43487 85 56
0.43487 81 47
0.22388 71 49
0.22388 68 49
0.22388 64 49
0.20548 71 43
0.20548 68 43
0.21127 64 48
0.41675 80 47
0.41675 83 56
0.20270 73 44
0.20270 69 44
0.20833 64 49
0.41104 85 57
0.41104 81 48
0.20000 71 45
0.20000 74 45
0.19481 64 49
0.39481 86 59
0.39481 83 50
0.20000 73 44
0.20000 69 44
0.21127 64 48
0.41127 81 48
0.41127 85 57
0.22059 68 43
0.22059 71 43
0.22059 64 47
0.44118 80 47
0.44118 83 56
0.20548 69 53
0.20548 64 53
0.20833 61 49
0.20270 64 44
0.20270 69 44
0.21429 61 49
0.41699 73 48
0.41699 81 58
0.20548 71 53
0.20548 68 53
0.21429 64 49
0.41977 76 48
0.41977 83 58
0.20548 73 54
0.20548 69 54
0.20548 64 50
0.41096 85 60
0.41096 81 50
0.21127 73 46
0.21127 69 46
0.22059 66 50
0.20833 74 49
0.20833 71 49
0.21739 66 47
0.20833 69 49
0.20833 73 49
0.20833 64 54
0.20548 73 39
0.20548 69 39
0.21429 64 44
0.41977 81 41
0.41977 85 49
0.20548 68 37
0.20548 71 37
0.21739 64 40
0.42287 80 40
0.42287 83 48
0.21127 71 44
0.21127 68 44
0.22388 64 46
0.43515 83 49
0.22727 72 43
0.22727 68 42
0.23438 64 45
0.46165 84 49
0.89680 80 49
0.25255 69 42
0.25255 73 42
0.26316 64 42
0.51570 81 49
0.51570 85 49
0.21739 69 60
0.21739 73 60
0.22388 64 56
0.20270 69 50
0.20270 73 50
0.21429 64 56
0.41699 85 66
0.41699 81 55
0.20548 71 60
0.20548 74 60
0.21429 64 56
0.41977 83 55
0.41977 86 66
0.20548 73 62
0.20548 76 62
0.20548 69 57
0.41096 85 57
0.41096 88 69
0.21127 76 52
0.21127 73 52
0.22059 69 57
0.20833 78 56
0.20833 74 56
0.21739 69 54
0.21429 69 56
0.21429 73 56
0.22388 64 62
0.22388 73 55
0.22388 69 55
0.23810 64 59
0.46198 81 59
0.46198 85 71
0.24194 68 54
0.24194 71 54
0.24194 64 58
0.48387 80 58
0.48387 83 70
0.28846 69 63
0.28846 64 56
0.57692 81 63
0.34091 61 59
0.38462 64 49
0.44118 69 57
5.73529 0 0
1.12994 73 50
1.53683 73 50
0.55162 74 53
0.52632 78 56
0.52632 76 50
0.49180 0 0
0.54545 76 50
0.25424 78 54
0.25424 76 50
0.25424 74 50
0.26179 73 50
0.02123 0 0
0.53571 73 54
0.51316 71 50
0.01316 0 0
1.48467 71 50
0.52696 73 54
0.53571 76 57
0.49180 74 53
0.49180 0 0
0.53571 74 50
0.25862 76 56
0.25862 74 50
0.25862 73 50
0.26415 71 50
0.01887 0 0
0.52632 71 57
0.50000 69 53
0.23810 0 0
0.23810 69 53
0.25424 68 56
0.24194 69 53
0.24590 71 58
0.24590 69 55
0.25862 74 62
0.25862 73 58
0.52209 70 63
0.50847 71 58
0.24590 0 0
0.24590 71 49
0.23438 70 53
0.23438 71 49
0.25000 73 53
0.25000 71 49
0.25862 76 53
0.25862 74 49
0.23441 74 53
0.23441 73 45
0.24594 72 49
0.24594 73 46
0.23441 74 55
0.23441 73 46
0.25862 72 50
0.25862 73 47
0.23077 76 59
0.23077 74 51
0.23810 73 53
0.23810 74 51
0.23438 73 62
0.23438 71 52
0.23810 70 53
0.23810 71 49
0.23810 69 63
0.23810 68 50
0.23810 67 54
0.24887 68 51
0.23700 66 64
0.24608 64 54
0.25594 63 56
0.27249 64 54
0.54545 69 71
0.54545 73 71
1.01812 73 65
1.01812 69 65
0.52632 70 50
0.52632 73 50
0.48387 71 50
0.48387 74 50
0.48634 75 50
0.48634 72 50
0.24590 76 53
0.24590 73 53
0.12910 69 49
0.11680 0 0
0.12910 71 50
0.11680 0 0
0.12910 73 51
0.11879 0 0
0.12702 74 52
0.11492 0 0
0.12702 76 53
0.11492 0 0
0.12702 78 54
0.11492 0 0
0.12702 80 55
0.12505 0 0
0.25000 81 56
0.25000 83 57
0.29709 85 58
0.29709 0 0
0.27563 73 71
0.27563 69 71
0.24807 68 62
0.24807 71 63
0.02756 0 0
1.01812 71 65
1.01812 68 65
0.52632 68 50
0.52632 71 50
0.49180 72 50
0.49180 69 50
0.50847 70 50
0.50847 73 50
0.25424 74 53
0.25424 71 53
0.13347 71 49
0.12571 0 0
0.13125 73 50
0.11875 0 0
0.13125 74 51
0.11875 0 0
0.12910 76 52
0.11680 0 0
0.12910 78 53
0.11680 0 0
0.12910 80 54
0.11680 0 0
0.12910 81 55
0.11680 0 0
0.25000 83 56
0.25000 85 57
0.28302 86 58
0.28302 0 0
0.25000 71 57
0.22500 69 53
0.02500 0 0
0.75847 69 53
0.25000 69 53
0.25862 74 56
0.25000 73 53
0.24590 70 55
0.24590 71 52
0.25862 76 52
0.25862 74 53
0.24590 72 58
0.24590 73 53
0.19397 81 54
0.06466 0 0
0.19397 81 55
0.06466 0 0
0.19397 81 57
0.06466 0 0
0.19397 81 55
0.06466 0 0
0.20089 81 55
0.06696 0 0
0.21226 81 55
0.07075 0 0
0.26786 81 58
0.26786 78 52
0.26786 74 54
0.26786 71 52
0.28846 76 59
0.09615 78 54
0.09615 76 54
0.09615 75 54
0.28846 76 59
0.29709 78 56
1.77695 69 58
0.32687 73 53
0.38780 71 50
0.71467 68 53
1.47601 68 45
1.47601 71 53
0.65217 69 44
2.77992 64 45
0.16260 64 43
0.13636 66 46
0.13458 69 42
0.13287 68 46
0.13044 71 44
0.12931 69 44
0.13063 73 40
0.13527 71 44
0.15957 74 41
1.12994 73 50
1.53683 73 50
0.55162 74 53
0.52632 78 56
0.52632 76 50
0.49180 0 0
0.54545 76 50
0.25424 78 54
0.25424 76 50
0.25424 74 50
0.25472 73 50
0.02830 0 0
0.53571 73 54
0.50877 71 50
0.01754 0 0
1.48467 71 50
0.52696 73 54
0.53571 76 57
0.49180 74 53
0.49180 0 0
0.53571 74 50
0.25862 76 56
0.25862 74 50
0.25862 73 50
0.25472 71 50
0.02830 0 0
0.52632 71 57
0.50000 69 53
0.23810 0 0
0.23810 69 53
0.25424 68 56
0.24194 69 53
0.24590 71 58
0.24590 69 55
0.25862 74 62
0.25862 73 58
0.52209 70 63
0.50847 71 58
0.24590 0 0
0.24590 71 49
0.23438 70 53
0.23438 71 49
0.25000 73 53
0.25000 71 49
0.25862 76 53
0.23276 74 49
0.02586 0 0
0.23810 74 53
0.23810 73 49
0.25000 72 49
0.25000 73 49
0.23438 74 55
0.23438 73 50
0.25862 72 50
0.25862 73 50
0.23438 76 59
0.23438 74 53
0.24194 73 53
0.24194 74 53
0.23438 73 62
0.23438 71 53
0.24194 70 53
0.24194 71 53
0.23810 69 63
0.23810 68 54
0.23810 67 54
0.24887 68 54
0.23700 66 64
0.24608 64 56
0.25594 63 56
0.27249 64 56
0.54545 69 71
0.54545 73 71
1.01812 69 65
1.01812 73 65
0.52632 73 50
0.52632 70 50
0.48387 74 50
0.48387 71 50
0.48634 75 50
0.48634 72 50
0.24590 76 53
0.24590 73 53
0.12910 69 49
0.11680 0 0
0.12910 71 50
0.11680 0 0
0.12910 73 51
0.11879 0 0
0.12702 74 52
0.11492 0 0
0.12702 76 53
0.11492 0 0
0.12702 78 54
0.11492 0 0
0.12702 80 55
0.12505 0 0
0.25000 81 56
0.25000 83 57
0.29709 85 58
0.29709 0 0
0.27563 69 71
0.27563 73 71
0.24807 71 63
0.24807 68 62
0.02756 0 0
1.01812 68 65
1.01812 71 65
0.52632 68 50
0.52632 71 50
0.49180 69 50
0.49180 72 50
0.50847 73 50
0.50847 70 50
0.25424 74 53
0.25424 71 53
0.13347 71 49
0.12571 0 0
0.13125 73 50
0.11875 0 0
0.13125 74 51
0.11875 0 0
0.12910 76 52
0.11680 0 0
0.12910 78 53
0.11680 0 0
0.12910 80 54
0.11680 0 0
0.12910 81 55
0.11680 0 0
0.25000 83 56
0.25000 85 57
0.28302 86 58
0.28302 0 0
0.25424 71 57
0.25424 69 53
0.75847 69 53
0.25000 69 53
0.25862 74 56
0.25000 73 53
0.24590 70 55
0.24590 71 52
0.25862 76 52
0.25862 74 53
0.24590 72 58
0.24590 73 53
0.19397 81 54
0.06466 0 0
0.19397 81 55
0.06466 0 0
0.19397 81 57
0.06466 0 0
0.19397 81 55
0.06466 0 0
0.20089 81 55
0.06696 0 0
0.21226 81 55
0.07075 0 0
0.26786 81 58
0.26786 78 56
0.26786 74 54
0.26786 71 49
0.26786 76 59
0.08929 78 54
0.08929 76 54
0.08929 75 54
0.26786 76 59
0.29709 78 56
1.77695 69 58
0.32687 73 53
0.38780 71 50
0.71467 68 53
1.39547 71 53
1.39547 68 45
0.28302 69 46
0.09434 71 43
0.09434 69 45
0.09434 68 46
0.28302 69 52
0.29412 71 54
2.53865 64 45
0.27273 73 55
0.09259 74 40
0.09259 73 40
0.09259 71 40
0.31915 73 51
0.37500 74 52
0.80861 76 57
0.13158 78 47
0.13158 76 47
0.51724 74 58
0.53571 73 53
0.53571 71 57
0.57398 69 52
0.80357 69 64
0.26786 78 57
1.01695 78 61
1.20536 62 68
0.13393 66 44
0.13393 64 45
0.13393 62 46
0.13393 64 47
0.13393 66 48
0.13393 67 49
0.14369 69 50
0.13158 71 51
0.13158 73 52
0.13158 74 53
0.13158 76 54
0.17544 78 55
0.13500 79 56
0.04827 0 0
0.14482 81 57
0.04827 0 0
0.21226 83 62
0.07075 0 0
0.21226 85 68
0.07075 0 0
0.49899 86 75
0.17874 78 61
0.89127 81 68
0.29709 78 60
0.50943 76 65
0.05660 0 0
0.50943 76 57
0.05660 0 0
0.50943 76 57
0.05660 0 0
0.51923 76 57
0.05769 0 0
0.26794 78 59
0.26567 76 47
0.25862 73 47
0.28846 71 47
0.54545 69 53
0.49091 76 47
0.05455 0 0
0.49091 76 47
0.05455 0 0
0.49091 76 47
0.05455 0 0
0.27309 78 58
0.26316 76 48
0.27309 74 48
0.28632 71 48
0.55556 68 52
0.50000 76 49
0.05556 0 0
0.50000 76 51
0.05556 0 0
0.50000 76 53
0.05556 0 0
0.26316 78 65
0.26316 76 55
0.26316 73 58
0.28846 69 55
0.25862 78 68
0.25862 76 57
0.25862 74 59
0.27778 71 57
0.26316 78 70
0.26316 76 57
0.26316 73 60
0.31780 69 57
1.14395 73 71
0.28599 71 61
0.28599 64 43
0.27327 76 53
0.27448 64 43
0.27847 75 51
0.28172 64 43
0.28593 74 52
0.28976 64 42
1.11111 73 55
1.29448 73 51
0.08475 74 48
0.08475 73 47
0.08475 71 47
0.27273 73 47
0.28846 74 51
0.52632 78 54
0.27273 76 51
0.28846 0 0
0.53571 87 62
0.29331 88 57
0.14666 0 0
0.14666 76 51
0.25424 78 57
0.25424 76 51
0.25424 74 51
0.30000 73 51
0.53571 73 55
1.08328 71 55
0.77844 0 0
0.08772 73 47
0.95388 71 51
0.08772 71 47
0.08772 70 47
0.28302 71 51
0.30612 73 51
0.51724 76 54
0.27778 74 51
0.27778 0 0
0.53571 85 60
0.28846 86 57
0.14423 0 0
0.14423 74 51
0.26316 76 57
0.26316 74 51
0.26316 73 51
0.26923 71 51
0.01923 0 0
0.51863 71 57
0.78972 69 54
0.25862 69 57
0.27897 74 61
0.31341 73 57
0.26316 70 61
0.26316 71 57
0.26316 76 57
0.26316 74 57
0.27778 72 60
0.27778 73 57
0.25000 81 60
0.02778 0 0
0.24572 81 61
0.02632 0 0
0.23692 81 62
0.02679 0 0
0.24192 81 64
0.02727 0 0
0.24819 81 66
0.02778 0 0
0.25403 81 68
0.02885 0 0
0.28302 81 69
0.28302 78 59
0.28302 74 62
0.28302 71 59
0.29709 76 64
0.09903 78 59
0.09903 76 59
0.09903 75 59
0.29709 76 64
0.29709 78 61
1.72954 69 66
0.58751 68 45
0.58751 71 45
0.03092 0 0
1.81285 71 52
0.60205 72 51
2.41489 68 52
1.06751 69 51
1.06751 73 51
0.07625 64 61
0.07625 69 62
1.29133 73 68
0.17544 76 63
0.17544 74 63
0.17544 73 66
0.17544 74 62
0.17544 76 62
0.17544 74 66
0.17544 78 62
0.17544 76 62
0.17544 74 66
0.17544 76 63
0.18585 78 63
0.13889 76 62
0.13889 69 63
0.13889 71 64
0.13889 73 65
0.13889 74 65
0.13349 76 65
0.13636 78 66
0.13636 80 67
0.13636 81 68
0.13636 83 69
0.13636 85 70
0.13636 83 71
0.13393 81 71
0.13837 80 70
0.13948 78 70
0.13972 77 69
0.14124 78 68
0.14124 80 67
0.14124 81 65
0.14288 80 64
0.14299 83 62
0.14348 81 61
0.14482 80 59
0.14482 78 58
0.16343 76 62
0.16343 0 0
0.30825 88 52
0.28781 85 52
0.30921 81 60
0.16112 76 52
0.16112 0 0
0.28599 81 52
0.28599 76 51
0.31780 73 51
0.31780 76 57
0.29336 74 51
0.29709 73 51
0.34201 71 51
0.02119 0 0
1.28894 71 58
1.28894 68 51
0.20525 69 52
0.14423 64 45
0.04726 0 0
0.14125 66 45
0.04630 0 0
0.13830 67 50
0.04545 0 0
0.13547 68 47
0.04464 0 0
0.13275 69 47
0.04386 0 0
0.13014 70 49
0.04310 0 0
0.13105 71 44
0.04456 0 0
0.13515 72 44
0.04554 0 0
0.13950 73 48
0.04631 0 0
0.13763 74 44
0.04673 0 0
0.15068 75 44
0.05102 0 0
0.82920 76 57
0.13158 78 47
0.13158 76 47
0.51724 74 58
0.53571 73 53
0.53571 71 57
0.57398 69 52
0.80357 69 61
0.24330 78 55
0.02455 0 0
1.01695 78 59
1.20536 62 68
0.13393 66 44
0.13393 64 45
0.13393 62 46
0.13393 64 47
0.13393 66 48
0.13393 67 49
0.14369 69 50
0.13158 71 51
0.13158 73 52
0.13158 74 53
0.13158 76 54
0.17544 78 55
0.18328 79 56
0.19309 81 57
0.28302 83 62
0.28302 85 68
0.49899 86 75
0.17874 78 61
0.89127 81 68
0.29709 78 60
0.53774 76 65
0.02830 0 0
0.53774 76 57
0.02830 0 0
0.53774 76 57
0.02830 0 0
0.54808 76 57
0.02885 0 0
0.26794 78 60
0.26794 76 50
0.26316 73 50
0.28846 71 50
0.54545 69 55
0.51818 76 46
0.02727 0 0
0.51818 76 46
0.02727 0 0
0.51818 76 46
0.02727 0 0
0.25862 78 61
0.26316 76 51
0.27309 74 51
0.28632 71 51
0.55556 68 54
0.52778 76 52
0.02778 0 0
0.52778 76 53
0.02778 0 0
0.52778 76 55
0.02778 0 0
0.26786 78 65
0.26786 76 55
0.26786 73 58
0.28846 69 54
0.25862 78 68
0.25862 76 56
0.25862 74 59
0.27778 71 54
0.25424 78 70
0.25424 76 56
0.25424 73 60
0.31780 69 55
1.14395 73 71
0.28599 71 61
0.28599 64 44
0.27327 76 53
0.27448 64 40
0.27847 75 51
0.28172 64 39
0.28593 74 52
0.28976 64 40
1.12421 73 55
1.32249 73 51
0.08333 74 48
0.08333 73 47
0.08333 71 47
0.27273 73 47
0.28846 74 51
0.51724 78 54
0.27273 76 51
0.28846 0 0
0.53571 87 61
0.29331 88 57
0.14666 0 0
0.14666 76 51
0.25424 78 57
0.25424 76 51
0.25424 74 51
0.28000 73 51
0.02000 0 0
0.52632 73 55
1.07152 71 55
0.78502 0 0
0.08772 73 47
0.96046 71 51
0.08772 71 47
0.08772 70 47
0.28302 71 51
0.30000 73 51
0.51724 76 54
0.27778 74 51
0.27778 0 0
0.53571 85 60
0.28846 86 57
0.14423 0 0
0.14423 74 51
0.26316 76 57
0.26316 74 51
0.26316 73 51
0.25962 71 51
0.02885 0 0
0.53135 71 57
0.77828 69 54
0.26316 69 57
0.27897 74 61
0.31341 73 57
0.26316 70 61
0.26316 71 57
0.26316 76 57
0.26316 74 57
0.27778 72 60
0.27778 73 57
0.23684 81 60
0.02632 0 0
0.24743 81 61
0.02896 0 0
0.24124 81 62
0.02679 0 0
0.25909 81 64
0.02933 0 0
0.26730 81 66
0.03010 0 0
0.27608 81 68
0.03092 0 0
0.28302 81 69
0.28302 78 57
0.28302 74 62
0.28302 71 55
0.29709 76 64
0.09903 78 59
0.09903 76 59
0.09903 75 59
0.29709 76 64
0.29709 78 61
1.72954 69 66
0.58751 71 45
0.58751 68 45
0.03092 0 0
1.81285 71 52
0.60205 72 51
2.41489 68 52
1.06751 73 51
1.06751 69 51
0.07625 64 61
0.07625 69 62
1.29133 73 68
0.17544 76 63
0.17544 74 63
0.17544 73 66
0.17544 74 62
0.17544 76 62
0.17544 74 66
0.17544 78 62
0.17544 76 62
0.17544 74 66
0.17544 76 63
0.18585 78 63
0.13889 76 62
0.13889 69 63
0.13889 71 64
0.13889 73 65
0.13889 74 65
0.13349 76 65
0.13636 78 66
0.13636 80 67
0.13636 81 68
0.13636 83 69
0.13636 85 70
0.13636 83 71
0.13393 81 71
0.13837 80 70
0.13948 78 70
0.13972 77 69
0.14124 78 68
0.14124 80 67
0.14124 81 65
0.14288 80 64
0.14299 83 62
0.14348 81 61
0.14482 80 59
0.14482 78 58
0.14482 76 62
0.14482 0 0
0.28963 88 52
0.28781 85 52
0.30921 81 60
0.16112 76 52
0.16112 0 0
0.28599 81 52
0.28599 76 51
0.31780 73 51
0.31780 76 57
0.31915 74 47
0.31915 73 51
0.50893 71 46
0.02679 0 0
1.81818 71 41
1.81818 68 36
1.81818 64 32
1.81818 69 34
4.72141 0 0
0.05725 73 50
0.14168 0 0
0.02717 74 47
0.10791 73 47
0.10791 71 52
0.05319 73 47
0.15957 0 0
0.05435 74 51
0.16304 0 0
0.22556 78 53
0.21583 76 46
0.05396 74 51
0.16187 0 0
0.05639 73 49
0.16917 0 0
0.05769 71 50
0.14217 0 0
0.02679 73 46
0.10714 71 46
0.10714 70 50
0.05319 71 46
0.15957 0 0
0.05396 73 47
0.16187 0 0
0.22388 76 50
0.21583 74 47
0.05396 73 47
0.16187 0 0
0.05639 71 47
0.16917 0 0
0.21583 68 53
0.05597 69 50
0.38374 0 0
0.05556 70 50
0.38249 0 0
0.05515 71 50
0.38127 0 0
0.05597 72 50
0.13993 0 0
0.02799 74 41
0.05396 73 54
0.16187 0 0
0.05396 73 50
0.13489 0 0
0.02698 76 41
0.05474 74 50
0.16423 0 0
0.05725 74 50
0.17176 0 0
0.43796 73 55
0.22388 71 50
0.22388 0 0
0.10791 73 78
0.10791 69 63
0.10791 64 63
0.10791 69 63
0.10791 73 78
0.10791 69 64
0.11194 74 78
0.11194 71 64
0.10563 76 79
0.10563 73 66
0.10563 76 81
0.10563 73 68
0.10949 78 84
0.10949 76 82
0.10949 74 80
0.10949 73 79
0.10791 71 77
0.10791 68 64
0.10791 64 64
0.10791 68 64
0.10791 71 78
0.10791 68 63
0.11029 73 79
0.11029 69 63
0.10563 74 80
0.10563 71 64
0.10563 74 80
0.10563 71 69
0.10714 76 84
0.10714 74 84
0.10714 73 81
0.10714 71 79
0.11194 69 82
0.11194 73 66
0.10870 71 66
0.10870 69 66
0.11278 71 85
0.11278 74 66
0.10791 73 66
0.10791 71 66
0.11029 73 82
0.11029 76 69
0.10791 81 74
0.10791 76 69
0.10791 78 83
0.10791 81 71
0.11278 74 71
0.11278 78 71
0.10870 73 84
0.10870 76 69
0.10870 69 80
0.10870 73 69
0.10949 71 81
0.10949 74 69
0.10949 68 81
0.10949 71 69
0.11029 69 79
0.11029 64 69
0.11029 61 69
0.11029 64 69
0.47727 69 82
0.06818 0 0
0.05725 73 50
0.14168 0 0
0.02717 74 47
0.10791 73 47
0.10791 71 52
0.05319 73 47
0.15957 0 0
0.05435 74 51
0.16304 0 0
0.22556 78 53
0.21583 76 46
0.05396 74 51
0.16187 0 0
0.05639 73 49
0.16917 0 0
0.05769 71 50
0.14217 0 0
0.02679 73 46
0.10714 71 46
0.10714 70 50
0.05319 71 46
0.15957 0 0
0.05396 73 47
0.16187 0 0
0.22388 76 50
0.21583 74 47
0.05396 73 47
0.16187 0 0
0.05639 71 47
0.16917 0 0
0.21583 68 53
0.05597 69 50
0.38374 0 0
0.05556 70 50
0.38249 0 0
0.05515 71 50
0.38127 0 0
0.05597 72 50
0.13993 0 0
0.02799 74 41
0.05396 73 54
0.16187 0 0
0.05396 73 50
0.13489 0 0
0.02698 76 41
0.05474 74 50
0.16423 0 0
0.05725 74 50
0.17176 0 0
0.43796 73 55
0.22388 71 50
0.22388 0 0
0.10791 73 78
0.10791 69 63
0.10791 64 63
0.10791 69 63
0.10791 73 78
0.10791 69 64
0.11194 74 78
0.11194 71 64
0.10563 76 79
0.10563 73 66
0.10563 76 81
0.10563 73 68
0.10949 78 84
0.10949 76 82
0.10949 74 80
0.10949 73 79
0.10791 71 77
0.10791 68 64
0.10791 64 64
0.10791 68 64
0.10791 71 78
0.10791 68 63
0.11029 73 79
0.11029 69 63
0.10563 74 80
0.10563 71 64
0.10563 74 80
0.10563 71 69
0.10714 76 84
0.10714 74 84
0.10714 73 81
0.10714 71 79
0.11194 69 82
0.11194 73 66
0.10870 71 66
0.10870 69 66
0.11278 71 85
0.11278 74 66
0.10791 73 66
0.10791 71 66
0.11029 73 82
0.11029 76 69
0.10791 81 74
0.10791 76 69
0.10791 78 83
0.10791 81 71
0.11278 74 71
0.11278 78 71
0.10870 73 84
0.10870 76 69
0.10870 69 80
0.10870 73 69
0.10949 71 81
0.10949 74 69
0.10949 68 81
0.10949 71 69
0.11029 69 79
0.11029 64 69
0.11029 61 69
0.11029 64 69
0.50000 69 82
0.10714 69 55
0.10714 71 49
0.10714 73 50
0.10714 74 50
0.10714 76 51
0.10714 78 52
0.10714 80 53
0.11450 81 54
0.10714 80 56
0.10872 78 50
0.11029 77 52
0.11029 78 50
0.11029 77 52
0.11029 78 50
0.11029 77 52
0.11628 78 50
0.10949 81 55
0.10949 80 51
0.10949 81 55
0.10949 80 51
0.10949 83 54
0.10949 81 55
0.10949 80 56
0.11905 78 58
0.10791 78 59
0.11035 76 54
0.11278 75 58
0.11278 76 52
0.11278 75 54
0.11278 76 50
0.11278 75 55
0.17091 76 51
0.10791 76 74
0.10791 81 72
0.10791 85 75
0.10791 83 71
0.10791 81 74
0.10791 80 74
0.11194 78 73
0.11194 76 72
0.10563 74 74
0.10563 80 69
0.10563 83 77
0.10563 81 73
0.10949 80 76
0.10949 78 74
0.10949 76 73
0.10949 74 71
0.12313 73 73
0.12313 76 70
0.12313 81 73
0.12313 80 70
0.12313 78 73
0.12297 76 71
0.12132 74 73
0.12086 73 70
0.11620 71 72
0.11620 69 68
0.11620 68 66
0.11634 66 64
0.10666 64 61
0.32737 0 0
0.05725 73 50
0.14168 0 0
0.02717 74 47
0.10791 73 47
0.10791 71 52
0.05319 73 47
0.15957 0 0
0.05435 74 51
0.16304 0 0
0.22556 78 53
0.21583 76 46
0.05396 74 51
0.16187 0 0
0.05639 73 49
0.16917 0 0
0.05769 71 50
0.14217 0 0
0.02679 73 46
0.10714 71 46
0.10714 70 50
0.05319 71 46
0.15957 0 0
0.05396 73 47
0.16187 0 0
0.22388 76 50
0.21583 74 47
0.05396 73 47
0.16187 0 0
0.05639 71 47
0.16917 0 0
0.21583 68 53
0.05597 69 50
0.38374 0 0
0.05556 71 50
0.35552 0 0
0.02698 72 40
0.05515 73 50
0.35429 0 0
0.02698 76 40
0.05597 74 50
0.35676 0 0
0.02698 74 40
0.05396 73 50
0.35348 0 0
0.02737 73 40
0.06696 71 50
0.20089 0 0
0.25862 71 51
0.25862 72 51
0.51724 68 43
0.23622 73 48
0.23622 69 40
0.23622 0 0
0.11194 73 82
0.11194 69 66
0.10870 76 81
0.10870 73 66
0.11278 74 85
0.11278 71 66
0.10791 78 79
0.10791 74 66
0.11029 76 82
0.11029 73 69
0.10791 81 74
0.10791 76 69
0.10791 80 83
0.10791 78 71
0.11278 76 71
0.11278 74 71
0.10870 73 84
0.10870 76 69
0.10870 69 80
0.10870 73 69
0.10949 71 81
0.10949 74 69
0.10949 68 81
0.10949 71 69
0.11029 69 79
0.11029 64 69
0.11029 61 69
0.11029 64 69
0.47727 69 82
0.06818 0 0
0.10714 69 55
0.10714 71 49
0.10714 73 50
0.10714 74 50
0.10714 76 51
0.10714 78 52
0.10714 80 53
0.11450 81 54
0.10714 80 56
0.10872 78 50
0.11029 77 52
0.11029 78 50
0.11029 77 52
0.11029 78 50
0.11029 77 52
0.11628 78 50
0.10949 81 55
0.10949 80 51
0.10949 81 55
0.10949 80 51
0.10949 83 54
0.10949 81 55
0.10949 80 56
0.11905 78 58
0.10791 78 59
0.11035 76 54
0.11278 75 58
0.11278 76 52
0.11278 75 54
0.11278 76 50
0.11278 75 55
0.17091 76 51
0.10791 76 74
0.10791 81 72
0.10791 85 75
0.10791 83 71
0.10791 81 74
0.10791 80 74
0.11194 78 73
0.11194 76 72
0.10563 74 74
0.10563 80 69
0.10563 83 77
0.10563 81 73
0.10949 80 76
0.10949 78 74
0.10949 76 73
0.10949 74 71
0.12313 73 73
0.12313 76 70
0.12313 81 73
0.12313 80 70
0.12313 78 73
0.12297 76 71
0.12132 74 73
0.12086 73 70
0.11620 71 72
0.11620 69 68
0.11620 68 66
0.11634 66 64
0.10666 64 61
0.32737 0 0
0.05725 73 50
0.14168 0 0
0.02717 74 47
0.10791 73 47
0.10791 71 52
0.05319 73 47
0.15957 0 0
0.05435 74 51
0.16304 0 0
0.22556 78 53
0.21583 76 46
0.05396 74 51
0.16187 0 0
0.05639 73 49
0.16917 0 0
0.05769 71 50
0.14217 0 0
0.02679 73 46
0.10714 71 46
0.10714 70 50
0.05319 71 46
0.15957 0 0
0.05396 73 47
0.16187 0 0
0.22388 76 50
0.21583 74 47
0.05396 73 47
0.16187 0 0
0.05639 71 47
0.16917 0 0
0.21583 68 53
0.05597 69 50
0.38374 0 0
0.05556 71 50
0.35552 0 0
0.02698 72 40
0.05515 73 50
0.35429 0 0
0.02698 76 40
0.05597 74 50
0.35676 0 0
0.02698 74 40
0.05396 73 50
0.35348 0 0
0.02737 73 40
0.06696 71 50
0.20089 0 0
0.25862 71 51
0.25862 72 51
0.51724 68 43
0.23622 73 48
0.23622 69 40
0.23622 0 0
0.11194 73 82
0.11194 69 66
0.10870 76 81
0.10870 73 66
0.11278 74 85
0.11278 71 66
0.10791 78 79
0.10791 74 66
0.11029 76 82
0.11029 73 69
0.10791 81 74
0.10791 76 69
0.10791 80 83
0.10791 78 71
0.11278 76 71
0.11278 74 71
0.10870 73 84
0.10870 76 69
0.10870 69 80
0.10870 73 69
0.10949 71 81
0.10949 74 69
0.10949 68 81
0.12500 71 69
0.01136 0 0
0.11029 69 51
0.11029 71 49
0.11029 73 50
0.10996 74 51
0.10915 76 52
0.11048 78 53
0.11166 80 54
0.09416 81 55
0.01894 0 0
0.10949 80 55
0.10949 78 51
0.10949 77 55
0.10949 78 51
0.10949 83 48
0.10949 81 50
0.05474 80 52
0.05474 0 0
0.05952 78 54
0.05952 0 0
0.10791 78 56
0.11035 76 47
0.11278 75 54
0.11278 76 47
0.11278 69 52
0.11278 73 46
0.11628 76 52
0.11628 81 46
0.10949 80 55
0.10949 78 51
0.10949 77 55
0.10949 78 51
0.10949 83 48
0.10949 81 50
0.05474 80 52
0.05474 0 0
0.05952 78 54
0.05952 0 0
0.28710 76 52
0.00323 0 0
0.05245 76 52
0.03012 78 38
0.03012 76 37
0.03012 75 37
0.38462 76 52
0.28481 0 0
0.05357 74 52
0.02976 76 35
0.02976 74 35
0.02976 73 35
0.38961 74 52
0.29032 0 0
0.05474 73 52
0.02941 74 36
0.02941 73 36
0.02941 71 36
0.38961 73 52
0.28846 0 0
0.05515 71 52
0.02907 73 35
0.02907 71 35
0.02907 69 35
0.39735 71 52
0.11111 0 0
0.11111 76 60
0.10714 75 71
0.10714 76 64
0.10714 78 71
0.10714 76 64
0.11450 75 64
0.11450 76 64
0.11111 0 0
0.11111 74 60
0.10913 73 71
0.10714 74 64
0.10714 76 71
0.10714 74 64
0.11217 73 64
0.11719 74 64
0.10949 0 0
0.10949 73 60
0.10870 72 71
0.10791 73 64
0.10791 74 71
0.10791 73 64
0.11194 72 64
0.11194 73 64
0.11029 0 0
0.11029 71 60
0.10714 70 71
0.10714 71 64
0.10714 73 71
0.10714 71 64
0.11111 70 64
0.11111 71 64
0.12195 69 73
0.12195 0 0
0.10791 73 50
0.10791 69 49
0.10791 76 55
0.10791 74 48
0.05396 71 48
0.05396 0 0
0.05396 68 47
0.05396 0 0
0.43165 69 60
0.11111 76 80
0.11111 71 67
0.11111 68 67
0.33333 0 0
0.12000 81 86
0.12000 69 73
0.12000 73 73
0.12000 76 73
0.12000 0 0
0.11525 73 52
0.10638 69 50
0.10791 76 57
0.10791 74 50
0.05396 71 50
0.05396 0 0
0.05396 68 50
0.05396 0 0
0.11628 69 62
0.34884 0 0
0.12821 76 82
0.12821 71 70
0.12821 68 70
0.38462 0 0
0.13889 81 89
0.13889 69 75
0.13889 73 75
0.13889 76 75
#  Piano left
0.70855 57 45
0.21310 59 35
0.92165 64 38
0.50925 64 29
0.50925 57 35
0.94473 61 39
0.94473 64 29
0.48344 64 23
0.48344 61 32
0.05372 0 0
0.69199 56 45
0.21310 57 38
0.90509 64 38
0.48411 64 32
0.48411 56 38
0.91185 59 38
0.91185 64 36
0.45833 59 31
0.45833 64 28
0.05093 0 0
0.92265 64 36
0.92265 54 43
0.48410 54 38
0.48410 64 32
0.92265 64 39
0.92265 56 46
0.50277 64 34
0.50277 56 41
0.86182 57 45
0.86182 64 38
0.47417 50 38
1.47931 52 45
0.70855 57 45
0.21310 59 35
0.92165 64 38
0.50925 57 35
0.50925 64 29
0.94473 64 29
0.94473 61 39
0.48344 61 32
0.48344 64 23
0.05372 0 0
0.69199 56 45
0.21310 57 38
0.90509 64 38
0.48410 56 38
0.48410 64 32
0.91185 64 36
0.91185 59 40
0.45249 59 31
0.45249 64 28
0.05028 0 0
0.94473 54 45
0.94473 64 37
0.49636 64 49
0.49636 56 49
0.94473 64 55
0.94473 57 55
0.55228 50 55
1.05970 52 46
0.62241 40 36
1.12024 45 34
0.56012 0 0
0.70855 57 38
0.21310 59 29
0.92165 64 32
0.50925 64 24
0.50925 57 29
0.94473 61 33
0.94473 64 29
0.48344 61 26
0.48344 64 23
0.05372 0 0
0.69199 56 38
0.21310 57 32
0.90509 64 32
0.48410 56 32
0.48410 64 27
0.91185 64 30
0.91185 59 32
0.45833 59 26
0.45833 64 23
0.05093 0 0
0.92265 54 36
0.92265 64 30
0.48410 64 27
0.48410 54 32
0.92265 56 39
0.92265 64 33
0.50277 56 34
0.50277 64 28
0.86182 64 32
0.86182 57 38
0.47417 50 32
1.47931 52 38
0.70855 57 45
0.21310 59 35
0.92165 64 38
0.50925 57 35
0.50925 64 29
0.94473 64 35
0.94473 61 39
0.48344 64 28
0.48344 61 32
0.05372 0 0
0.69199 56 45
0.21310 57 38
0.90509 64 38
0.48410 56 38
0.48410 64 32
0.91185 64 36
0.91185 59 40
0.45249 64 28
0.45249 59 31
0.05028 0 0
0.94473 54 45
0.94473 64 37
0.49636 56 49
0.49636 64 49
0.94473 64 55
0.94473 57 55
0.55228 50 55
1.05970 52 46
0.62241 40 36
1.12024 45 34
0.56012 0 0
0.44776 57 39
0.43698 61 33
0.48410 64 34
0.43478 57 37
0.43478 62 32
0.50276 66 32
0.45455 57 39
0.44037 62 33
0.48410 66 34
0.45072 57 37
0.46678 61 32
0.24590 64 32
0.24590 0 0
0.86810 57 51
0.86810 61 51
0.47237 0 0
0.86810 62 43
0.86810 56 43
0.47237 0 0
0.86223 57 50
0.86223 61 50
0.46398 63 48
0.46398 54 48
0.04218 0 0
1.41596 52 40
1.41596 64 40
0.05601 0 0
0.70855 57 45
0.21310 59 35
0.92165 64 38
0.50925 64 29
0.50925 57 35
0.94473 61 39
0.94473 64 35
0.48344 61 32
0.48344 64 28
0.05372 0 0
0.69199 56 45
0.21310 57 38
0.90509 64 38
0.48410 64 32
0.48410 56 38
0.91185 64 36
0.91185 59 40
0.45249 59 31
0.45249 64 28
0.05028 0 0
0.94473 54 45
0.94473 64 37
0.52985 64 49
0.52985 56 49
0.94473 64 55
0.94473 57 55
0.52283 50 55
0.95648 52 46
0.56829 40 45
1.56849 45 42
0.99272 45 48
0.99272 57 57
0.53715 59 63
0.53715 47 53
1.01765 61 69
1.01765 49 57
0.52985 50 32
0.52985 62 38
1.07431 61 41
1.07431 52 34
0.59418 52 34
0.59418 62 40
1.18835 57 34
1.18835 61 40
0.59418 0 0
0.44776 57 39
0.43698 61 33
0.48410 64 34
0.43478 57 37
0.43478 62 32
0.50276 66 32
0.45455 57 39
0.44037 62 33
0.48410 66 34
0.45072 57 37
0.46678 61 32
0.25463 64 32
0.25463 0 0
0.86810 61 51
0.86810 57 51
0.47237 0 0
0.86810 56 43
0.86810 62 43
0.47237 0 0
0.86810 61 50
0.86810 57 50
0.45500 54 48
0.45500 63 48
0.04136 0 0
1.41596 64 40
1.41596 52 40
0.05601 0 0
0.70855 57 38
0.21310 59 29
0.92165 64 32
0.50925 57 29
0.50925 64 24
0.94473 64 29
0.94473 61 33
0.48344 64 23
0.48344 61 26
0.05372 0 0
0.69199 56 38
0.21310 57 32
0.90509 64 32
0.48410 64 27
0.48410 56 32
0.91185 64 30
0.91185 59 34
0.45249 64 23
0.45249 59 26
0.05028 0 0
0.94473 54 45
0.94473 64 37
0.52985 56 49
0.52985 64 49
0.94473 57 55
0.94473 64 55
0.55228 50 55
0.95648 52 52
0.56012 40 51
1.59022 45 48
1.01232 45 48
1.01232 57 57
0.56327 59 63
0.56327 47 53
1.14629 61 69
1.14629 49 57
0.55880 50 32
0.55880 62 38
1.12271 61 39
1.12271 52 32
0.67198 62 36
0.67198 52 30
1.46341 57 30
1.46341 61 36
3.52606 0 0
0.13159 57 30
0.13159 64 39
0.94426 0 0
0.12859 64 39
0.12859 61 30
0.92877 0 0
0.14241 64 39
0.14241 56 30
0.93313 0 0
0.13007 64 39
0.13007 59 30
0.94207 0 0
0.13159 64 45
0.13159 54 34
0.94652 0 0
0.13889 56 35
0.13889 64 46
0.57370 0 0
0.73764 57 33
0.73764 64 42
0.35245 50 33
0.35245 54 39
0.72271 56 42
0.72271 52 33
0.37809 0 0
0.18072 45 65
0.13554 57 59
0.04518 0 0
0.13554 57 59
0.04518 0 0
0.13554 57 59
0.04518 0 0
0.13554 57 59
0.04518 0 0
0.14610 57 59
0.04870 0 0
0.18072 45 65
0.13554 57 59
0.04518 0 0
0.13554 57 59
0.04518 0 0
0.13554 57 58
0.04518 0 0
0.13554 57 58
0.04518 0 0
0.13554 57 58
0.04518 0 0
0.18072 40 65
0.13554 52 57
0.04518 0 0
0.13554 52 57
0.04518 0 0
0.13554 52 57
0.04518 0 0
0.14241 52 57
0.04747 0 0
0.14241 52 57
0.04747 0 0
0.17857 40 65
0.13393 52 58
0.04464 0 0
0.13393 52 58
0.04464 0 0
0.13393 52 58
0.04464 0 0
0.13889 52 58
0.04630 0 0
0.13889 52 58
0.04630 0 0
0.17647 42 65
0.13235 54 57
0.04412 0 0
0.13235 54 57
0.04412 0 0
0.13720 54 57
0.04573 0 0
0.17647 44 65
0.17647 56 57
0.17647 45 65
0.13235 57 58
0.04412 0 0
0.13889 57 58
0.04630 0 0
0.13889 57 59
0.04630 0 0
0.17647 38 65
0.17647 50 59
0.17647 40 65
0.13235 52 58
0.04412 0 0
0.14062 52 58
0.04688 0 0
0.14062 52 58
0.04688 0 0
0.18750 40 65
0.18750 52 56
0.37500 33 75
0.37500 45 67
0.72589 0 0
0.13554 64 39
0.13554 57 30
0.95116 0 0
0.13007 64 39
0.13007 61 30
0.94133 0 0
0.13554 64 39
0.13554 56 30
0.96267 0 0
0.12859 64 39
0.12859 59 30
0.94951 0 0
0.13007 64 45
0.13007 54 34
0.94364 0 0
0.12859 56 35
0.12859 64 46
0.57242 0 0
0.73508 57 33
0.73508 64 42
0.35245 50 33
0.35245 54 39
0.72271 52 33
0.72271 56 42
0.37809 0 0
0.18072 45 65
0.13554 57 59
0.04518 0 0
0.13554 57 59
0.04518 0 0
0.13554 57 59
0.04518 0 0
0.13554 57 59
0.04518 0 0
0.14610 57 59
0.04870 0 0
0.18072 45 65
0.13554 57 59
0.04518 0 0
0.13554 57 59
0.04518 0 0
0.13554 57 58
0.04518 0 0
0.13554 57 58
0.04518 0 0
0.13554 57 58
0.04518 0 0
0.18072 40 65
0.13554 52 57
0.04518 0 0
0.13554 52 57
0.04518 0 0
0.13554 52 57
0.04518 0 0
0.14241 52 57
0.04747 0 0
0.14241 52 57
0.04747 0 0
0.17857 40 65
0.13393 52 58
0.04464 0 0
0.13393 52 58
0.04464 0 0
0.13393 52 58
0.04464 0 0
0.13889 52 58
0.04630 0 0
0.13889 52 58
0.04630 0 0
0.17647 42 65
0.13235 54 57
0.04412 0 0
0.13235 54 57
0.04412 0 0
0.13720 54 57
0.04573 0 0
0.17647 44 65
0.17647 56 57
0.17647 45 65
0.13235 57 58
0.04412 0 0
0.13889 57 58
0.04630 0 0
0.13889 57 59
0.04630 0 0
0.17647 38 65
0.17647 50 59
0.17647 40 65
0.13235 52 58
0.04412 0 0
0.14062 52 58
0.04688 0 0
0.14062 52 58
0.04688 0 0
0.18750 40 65
0.18750 52 56
0.37500 33 75
0.37500 45 67
0.73692 0 0
0.13007 57 30
0.13007 61 39
0.94376 0 0
0.13007 62 39
0.13007 57 30
0.57697 0 0
0.13315 57 26
0.13315 66 31
0.22622 0 0
0.13081 64 29
0.13081 57 24
0.22996 0 0
0.13235 62 29
0.13235 57 24
0.59527 0 0
0.14062 57 31
0.14062 61 37
0.61725 0 0
1.12329 61 46
1.12329 64 55
1.12329 57 46
1.12329 62 43
1.12329 59 43
1.12329 64 51
0.76914 61 50
0.76914 64 59
0.41220 63 31
0.41220 54 26
0.41220 57 26
1.21622 52 34
1.21622 64 40
0.36192 0 0
0.13007 64 39
0.13007 57 30
0.94808 0 0
0.13393 61 30
0.13393 64 39
0.94730 0 0
0.13554 56 34
0.13554 64 44
0.96936 0 0
0.14423 59 34
0.14423 64 44
0.96087 0 0
0.36845 64 53
0.36845 54 45
0.35504 64 51
0.35504 56 43
0.35564 0 0
0.35960 64 53
0.35960 56 45
0.37088 50 44
0.37088 59 52
0.37088 0 0
0.36845 52 48
0.36845 57 57
0.38405 52 43
0.38405 56 51
0.38961 57 61
0.38961 52 55
0.41096 45 55
0.18293 33 71
0.13720 45 60
0.04573 0 0
0.13720 45 60
0.04573 0 0
0.13720 45 60
0.04573 0 0
0.18293 35 67
0.20833 47 59
0.18293 37 66
0.13720 49 59
0.04573 0 0
0.13720 49 57
0.04573 0 0
0.16304 49 57
0.05435 0 0
0.19481 38 68
0.22388 50 62
0.18519 40 69
0.13889 52 55
0.04630 0 0
0.15000 52 55
0.05000 0 0
0.15000 52 55
0.05000 0 0
0.20000 40 64
0.20000 52 55
0.40000 33 73
0.40000 45 67
0.76192 0 0
0.13315 61 39
0.13315 57 30
0.94478 0 0
0.12859 57 30
0.12859 62 39
0.57648 0 0
0.13007 66 31
0.13007 57 26
0.23086 0 0
0.13081 64 29
0.13081 57 24
0.23591 0 0
0.13235 57 24
0.13235 62 29
0.59527 0 0
0.14062 57 31
0.14062 61 37
0.61725 0 0
1.12329 57 46
1.12329 61 46
1.12329 64 55
1.12329 62 43
1.12329 64 51
1.12329 59 43
0.76914 64 59
0.76914 61 50
0.41220 57 26
0.41220 63 31
0.41220 54 26
1.21622 64 40
1.21622 52 34
0.36192 0 0
0.13159 64 39
0.13159 57 30
0.95709 0 0
0.13007 61 30
0.13007 64 39
0.94601 0 0
0.13554 56 34
0.13554 64 44
0.96258 0 0
0.14423 64 44
0.14423 59 34
0.96087 0 0
0.36845 54 45
0.36845 64 53
0.35504 64 51
0.35504 56 43
0.35564 0 0
0.35960 64 53
0.35960 56 45
0.37088 59 52
0.37088 50 44
0.37088 0 0
0.36845 52 48
0.36845 57 57
0.38405 52 43
0.38405 56 51
0.38961 57 61
0.38961 52 55
0.41096 45 55
0.18293 33 71
0.13720 45 60
0.04573 0 0
0.13720 45 60
0.04573 0 0
0.13720 45 60
0.04573 0 0
0.19231 35 67
0.20833 47 59
0.19231 37 66
0.14423 49 59
0.04808 0 0
0.14423 49 57
0.04808 0 0
0.16544 49 57
0.05515 0 0
0.20270 38 68
0.22727 50 62
0.20000 40 69
0.15000 52 55
0.05000 0 0
0.16071 52 55
0.05357 0 0
0.16071 52 55
0.05357 0 0
0.23438 40 64
0.23438 52 55
0.46875 33 73
0.46875 45 67
3.28125 0 0
0.14118 57 44
0.14118 63 31
0.11765 64 31
0.14118 57 40
0.14419 63 30
0.12195 64 30
0.14118 59 40
0.14118 63 30
0.11765 64 30
0.14118 61 41
0.14118 63 29
0.11765 64 29
0.14118 61 40
0.14743 63 31
0.12367 64 31
0.13814 57 40
0.14140 63 36
0.12079 64 36
0.14118 56 44
0.14118 63 31
0.11765 64 31
0.14118 56 40
0.14419 63 33
0.12195 64 33
0.14118 57 40
0.14118 63 34
0.11765 64 34
0.14118 59 45
0.14118 63 34
0.11765 64 34
0.14118 59 38
0.14743 63 31
0.12367 64 31
0.13814 56 40
0.14140 63 36
0.12079 64 36
0.14118 54 44
0.14118 63 33
0.11765 64 33
0.14118 54 40
0.14419 63 35
0.12195 64 35
0.14118 54 40
0.14118 63 35
0.11765 64 36
0.14118 56 44
0.14118 62 35
0.11765 64 35
0.14118 56 40
0.14419 62 35
0.12195 64 35
0.14118 56 40
0.14118 62 34
0.11765 64 34
0.14118 57 44
0.14118 61 34
0.11765 64 34
0.14118 57 40
0.14973 61 33
0.12987 64 33
0.14118 50 42
0.15471 54 37
0.13699 59 37
0.14815 52 44
0.14815 57 40
0.12346 61 40
0.14815 52 44
0.14815 57 42
0.12346 61 44
0.14815 52 48
0.14815 56 41
0.12346 59 42
0.17647 45 74
0.13235 0 0
0.04412 56 67
0.17647 57 74
0.53587 0 0
0.17647 45 74
0.13235 0 0
0.04412 56 67
0.17647 57 72
0.54022 0 0
0.17647 40 74
0.08824 0 0
0.04412 51 67
0.04412 0 0
0.17647 52 74
0.53587 0 0
0.17647 40 74
0.08824 0 0
0.04412 51 67
0.04412 0 0
0.17647 52 72
0.54022 0 0
0.17647 40 74
0.08824 0 0
0.04412 53 59
0.04412 0 0
0.17647 54 68
0.08824 0 0
0.08824 55 62
0.16854 56 70
0.16854 0 0
0.17647 45 74
0.08824 0 0
0.04412 56 63
0.04412 0 0
0.17647 57 67
0.08824 0 0
0.08824 49 63
0.17442 50 69
0.17442 0 0
0.17647 40 74
0.08824 0 0
0.04412 51 62
0.04412 0 0
0.17647 52 67
0.08824 0 0
0.08824 51 61
0.17647 52 68
0.17647 0 0
0.18519 33 74
0.09259 0 0
0.04630 44 61
0.04630 0 0
0.18519 45 67
0.55556 0 0
0.14118 57 44
0.14118 63 33
0.11765 64 33
0.14118 57 40
0.14419 63 32
0.12195 64 32
0.14118 59 40
0.14118 63 32
0.11765 64 32
0.14118 61 41
0.14118 63 30
0.11765 64 30
0.14118 61 40
0.14743 63 28
0.12367 64 28
0.13814 57 40
0.14140 63 34
0.12079 64 36
0.14118 56 44
0.14118 63 33
0.11765 64 33
0.14118 56 40
0.14419 63 33
0.12195 64 33
0.14118 57 40
0.14118 63 33
0.11765 64 33
0.14118 59 45
0.14118 63 34
0.11765 64 34
0.14118 59 38
0.14743 63 30
0.12367 64 31
0.13814 56 40
0.14140 63 36
0.12079 64 36
0.14118 54 44
0.14118 63 35
0.11765 64 35
0.14118 54 40
0.14419 63 32
0.12195 64 32
0.14118 54 40
0.14118 63 32
0.11765 64 32
0.14118 56 44
0.14118 62 34
0.11765 64 34
0.14118 56 40
0.14419 62 32
0.12195 64 32
0.14118 56 40
0.14118 62 32
0.11765 64 32
0.14118 57 44
0.14118 61 35
0.11765 64 33
0.14118 57 40
0.14973 61 35
0.12987 64 35
0.14118 50 42
0.15471 54 37
0.13699 59 37
0.14815 52 44
0.14815 57 40
0.12346 61 40
0.14815 52 44
0.14815 57 42
0.12346 61 44
0.14815 52 48
0.14815 56 41
0.12346 59 42
0.00154 0 0
0.17647 45 74
0.13235 0 0
0.04412 56 67
0.17647 57 74
0.53587 0 0
0.17647 45 74
0.13235 0 0
0.04412 56 67
0.17647 57 72
0.54022 0 0
0.17647 40 74
0.08824 0 0
0.04412 51 67
0.04412 0 0
0.17647 52 74
0.53587 0 0
0.17647 40 74
0.08824 0 0
0.04412 51 67
0.04412 0 0
0.17647 52 72
0.54022 0 0
0.17647 40 74
0.08824 0 0
0.04412 53 59
0.04412 0 0
0.17647 54 68
0.08824 0 0
0.08824 55 62
0.16854 56 70
0.16854 0 0
0.17647 45 74
0.08824 0 0
0.04412 56 63
0.04412 0 0
0.17647 57 67
0.08824 0 0
0.08824 49 63
0.17442 50 69
0.17442 0 0
0.17647 40 74
0.08824 0 0
0.04412 51 62
0.04412 0 0
0.17647 52 67
0.08824 0 0
0.08824 51 61
0.17647 52 68
0.17647 0 0
0.18519 33 74
0.09259 0 0
0.04630 44 61
0.04630 0 0
0.18519 45 67
0.55556 0 0
0.14815 57 37
0.14815 61 30
0.12346 64 29
0.14815 57 38
0.14815 59 30
0.12346 62 30
0.15789 57 38
0.15789 61 30
0.13158 64 30
0.14815 57 38
0.14815 62 28
0.12346 66 28
0.14815 57 35
0.14815 62 28
0.12346 66 28
0.16216 57 38
0.16216 62 32
0.13514 66 32
0.15190 57 37
0.15190 66 33
0.12658 69 33
0.15190 57 38
0.15190 64 33
0.12658 68 33
0.15190 57 38
0.15190 62 34
0.12658 66 31
0.14815 57 36
0.14815 61 27
0.12346 64 27
0.14815 57 35
0.14815 61 28
0.12346 64 28
0.16216 57 38
0.16216 61 33
0.13514 64 33
0.15190 57 42
0.15190 61 34
0.12658 64 34
0.15190 57 38
0.15190 61 33
0.12658 64 33
0.16216 57 38
0.16216 61 34
0.13514 64 35
0.15190 59 41
0.15190 62 36
0.12658 64 37
0.15190 59 44
0.15190 62 37
0.12658 64 39
0.16216 59 46
0.16216 62 41
0.13514 64 42
0.15190 57 47
0.15190 61 40
0.12658 64 40
0.16901 57 47
0.16901 61 38
0.14085 64 33
0.18182 54 38
0.18182 57 29
0.15152 63 29
1.30435 64 29
1.30435 52 23
0.14118 57 44
0.14118 63 34
0.11765 64 34
0.14118 57 40
0.14419 63 31
0.12195 64 31
0.14118 59 40
0.14118 63 32
0.11765 64 32
0.14118 61 41
0.14118 63 31
0.11765 64 31
0.14118 61 40
0.14743 63 30
0.12367 64 30
0.13814 57 40
0.14140 63 35
0.12079 64 35
0.14118 56 44
0.14118 63 31
0.11765 64 32
0.14118 56 40
0.14419 63 35
0.12195 64 35
0.14118 57 40
0.14118 63 33
0.11765 64 35
0.14118 59 45
0.14118 63 34
0.11765 64 34
0.14118 59 38
0.14743 63 28
0.12367 64 28
0.13814 56 40
0.14140 63 35
0.12079 64 35
0.14118 54 44
0.14118 63 35
0.11765 64 35
0.14118 54 40
0.14419 63 35
0.12195 64 34
0.14118 54 40
0.14118 62 35
0.11765 64 35
0.14118 57 44
0.14118 61 35
0.11765 64 33
0.14118 57 40
0.14419 61 33
0.12195 64 33
0.14118 50 40
0.14118 54 33
0.11765 59 33
0.14118 52 44
0.14118 57 35
0.11765 61 33
0.14118 52 40
0.14419 57 35
0.12195 61 35
0.14118 52 40
0.14118 56 35
0.11765 62 35
0.75949 62 40
0.37975 61 45
1.13924 64 34
1.13924 57 34
0.17647 45 74
0.08824 0 0
0.04412 56 59
0.04412 0 0
0.17647 57 68
0.08824 0 0
0.08824 58 62
0.16854 59 70
0.16854 0 0
0.17647 52 74
0.08824 0 0
0.04412 60 63
0.04412 0 0
0.17647 61 67
0.08824 0 0
0.08824 61 63
0.17442 62 69
0.17442 0 0
0.17647 40 74
0.08824 0 0
0.04412 51 62
0.04412 0 0
0.17647 52 67
0.08824 0 0
0.08824 51 61
0.17647 52 68
0.17647 0 0
0.18519 33 74
0.09259 0 0
0.04630 44 61
0.04630 0 0
0.18519 45 67
0.55556 0 0
0.14815 57 37
0.14815 61 31
0.12346 64 32
0.14815 57 38
0.14815 59 30
0.12346 62 30
0.15789 57 38
0.15789 61 30
0.13158 64 30
0.14815 57 38
0.14815 62 27
0.12346 66 27
0.14815 57 35
0.14815 62 28
0.12346 66 26
0.16216 57 38
0.16216 62 32
0.13514 66 32
0.15190 57 37
0.15190 66 31
0.12658 69 32
0.15190 57 38
0.15190 64 30
0.12658 68 30
0.15190 57 38
0.15190 62 34
0.12658 66 31
0.14815 57 36
0.14815 61 27
0.12346 64 27
0.14815 57 35
0.14815 61 28
0.12346 64 28
0.16216 57 38
0.16216 61 32
0.13514 64 32
0.15190 57 42
0.15190 61 33
0.12658 64 33
0.15190 57 38
0.15190 61 33
0.12658 64 31
0.16216 57 38
0.16216 61 34
0.13514 64 35
0.15190 59 41
0.15190 62 36
0.12658 64 37
0.15190 59 44
0.15190 62 37
0.12658 64 39
0.16216 59 46
0.16216 62 41
0.13514 64 42
0.15190 57 47
0.15190 61 40
0.12658 64 40
0.16901 57 47
0.16901 61 38
0.14084 64 33
0.18182 54 38
0.18182 57 29
0.15152 63 29
1.30435 64 29
1.30435 52 23
0.14118 57 44
0.14118 63 32
0.11765 64 32
0.14118 57 40
0.14419 63 32
0.12195 64 32
0.14118 59 40
0.14118 63 34
0.11765 64 34
0.14118 61 41
0.14118 63 31
0.11765 64 31
0.14118 61 40
0.14743 63 30
0.12367 64 30
0.13814 57 40
0.14140 63 36
0.12079 64 36
0.14118 56 44
0.14118 63 33
0.11765 64 33
0.14118 56 40
0.14419 63 33
0.12195 64 33
0.14118 57 40
0.14118 63 33
0.11765 64 33
0.14118 59 45
0.14118 63 33
0.11765 64 33
0.14118 59 38
0.14743 63 29
0.12367 64 29
0.13814 56 40
0.14140 63 35
0.12079 64 36
0.14118 54 44
0.14118 63 34
0.11765 64 34
0.14118 54 40
0.14419 63 33
0.12195 64 33
0.14118 54 40
0.14118 62 33
0.11765 64 33
0.14118 57 44
0.14118 61 35
0.11765 64 33
0.14118 57 40
0.14419 61 33
0.12195 64 33
0.14118 50 40
0.14118 54 31
0.11765 59 31
0.14118 52 44
0.14118 57 33
0.11765 61 33
0.14118 52 40
0.14419 57 35
0.12195 61 35
0.14118 52 40
0.14118 56 35
0.11765 62 35
0.75949 62 40
0.37975 61 45
1.13924 57 34
1.13924 64 34
0.17647 45 74
0.08824 0 0
0.04412 56 59
0.04412 0 0
0.17647 57 68
0.08824 0 0
0.08824 58 62
0.16854 59 70
0.16854 0 0
0.17647 52 74
0.08824 0 0
0.04412 60 63
0.04412 0 0
0.17647 61 67
0.08824 0 0
0.08824 61 63
0.18750 62 69
0.18750 0 0
0.18072 40 74
0.09036 0 0
0.04518 51 62
0.04518 0 0
0.18072 52 67
0.09036 0 0
0.09036 51 61
0.19231 52 68
0.19231 0 0
0.20833 33 74
0.10417 0 0
0.05208 44 61
0.05208 0 0
0.20833 45 67
3.12500 0 0
0.33333 57 43
0.29412 64 34
0.28302 60 40
0.29412 64 35
0.28302 57 41
0.30000 64 34
0.30612 57 42
0.28846 64 36
0.30000 60 41
0.27778 64 36
0.29412 57 41
0.33333 64 36
0.31915 52 43
0.30000 64 34
0.27778 59 40
0.28302 64 35
0.29412 52 41
0.29412 64 34
0.30000 52 42
0.27778 64 36
0.28846 59 41
0.27273 64 36
0.29412 52 41
0.29412 64 36
0.31250 57 43
0.27778 64 34
0.28846 60 40
0.28846 64 35
0.30000 57 41
0.30000 64 34
0.32609 59 42
0.27778 64 36
0.29412 62 41
0.27778 64 36
0.29412 59 41
0.35714 64 36
0.32609 60 43
0.30000 64 34
0.30000 59 40
0.30000 64 35
0.31915 57 41
0.35714 64 34
0.33333 52 42
0.31250 64 36
0.32609 63 41
0.32609 64 36
0.32609 52 41
0.32609 64 36
0.33333 57 41
0.29412 64 33
0.28302 60 39
0.29412 64 36
0.29412 57 43
0.30000 64 36
0.30612 57 46
0.28846 64 39
0.28302 60 46
0.28846 64 40
0.29412 57 46
0.33333 64 40
0.31915 52 49
0.30000 64 39
0.28846 59 46
0.28302 64 40
0.29412 52 47
0.29412 64 39
0.30000 52 48
0.27778 64 41
0.28846 59 47
0.27273 64 41
0.29412 52 47
0.29412 64 41
0.30612 57 49
0.29412 64 39
0.28846 60 46
0.28846 64 40
0.30000 56 47
0.30000 64 39
0.30612 57 48
0.28846 64 41
0.29412 60 47
0.28846 64 41
0.29412 53 47
0.35714 62 41
0.31250 52 49
0.31250 60 39
0.31915 57 46
0.33333 60 40
0.34091 52 47
0.39474 59 39
0.08523 45 54
0.25568 0 0
0.08523 48 52
0.25568 0 0
0.09375 52 57
0.28125 0 0
0.09375 57 54
0.28125 0 0
0.18750 45 60
0.56250 0 0
0.33333 57 43
0.28846 64 34
0.28302 60 40
0.29412 64 35
0.28302 57 41
0.30000 64 34
0.28846 57 42
0.28846 64 36
0.28846 60 41
0.27778 64 36
0.29412 57 41
0.33333 64 36
0.31915 52 43
0.30000 64 34
0.27778 59 40
0.28302 64 35
0.29412 52 41
0.29412 64 34
0.28302 52 42
0.27778 64 36
0.29412 59 41
0.27273 64 36
0.29412 52 41
0.29412 64 36
0.31250 57 43
0.27778 64 34
0.28846 60 40
0.28846 64 35
0.30000 57 41
0.30000 64 34
0.32609 59 42
0.27778 64 36
0.28846 62 41
0.27778 64 36
0.29412 59 41
0.35714 64 36
0.32609 60 43
0.30000 64 34
0.28846 59 40
0.30000 64 35
0.31915 57 41
0.35714 64 34
0.33333 52 42
0.31250 64 36
0.32609 63 41
0.32609 64 36
0.32609 52 41
0.32609 64 36
0.33333 57 41
0.29412 64 33
0.28302 60 39
0.29412 64 36
0.29412 57 43
0.30000 64 36
0.29412 57 46
0.28846 64 39
0.27273 60 46
0.28846 64 40
0.29412 57 46
0.33333 64 40
0.31915 52 49
0.30000 64 39
0.28846 59 46
0.26786 64 40
0.29412 52 47
0.29412 64 39
0.28846 52 48
0.27778 64 41
0.28846 59 47
0.27273 64 41
0.29412 52 47
0.29412 64 41
0.30000 57 49
0.29412 64 39
0.28302 60 46
0.28846 64 40
0.30000 56 47
0.30000 64 39
0.30612 57 48
0.28846 64 41
0.29412 60 47
0.28846 64 41
0.29412 53 47
0.35714 62 41
0.31250 52 49
0.31250 60 39
0.31915 57 46
0.33333 60 40
0.34091 52 47
0.39474 59 39
0.08523 45 54
0.25568 0 0
0.08523 48 52
0.25568 0 0
0.09375 52 57
0.28125 0 0
0.09375 57 54
0.28125 0 0
0.18750 45 60
0.56250 0 0
1.21523 60 44
0.60386 61 44
1.81909 57 37
1.80008 62 44
1.80008 57 37
0.28302 65 41
0.27273 64 39
0.27778 65 41
0.28846 64 37
0.29412 65 41
0.30000 62 38
1.74944 57 34
0.29412 62 41
0.28302 60 37
0.28846 59 41
0.28846 60 38
0.28846 59 41
0.28723 60 38
1.76167 57 34
0.30000 60 41
0.28302 62 39
0.28846 64 39
0.28302 62 41
0.62745 60 39
1.78195 57 34
0.30612 56 28
0.30612 59 34
0.28846 60 36
0.28846 57 30
0.30000 62 37
0.30000 59 31
0.28846 60 32
0.28846 64 38
0.61915 65 40
0.61915 62 34
0.61327 60 32
0.61327 64 38
0.62745 64 41
0.62745 56 34
0.60024 64 44
0.60024 57 37
0.32609 0 0
1.21622 51 49
0.53571 52 33
0.17857 0 0
0.31915 57 43
0.29412 64 34
0.28302 60 40
0.29412 64 35
0.28302 57 41
0.30000 64 34
0.30612 57 42
0.28846 64 36
0.30000 60 41
0.27778 64 36
0.29412 57 41
0.33333 64 36
0.30000 52 43
0.30000 64 34
0.27778 59 40
0.28302 64 35
0.29412 52 41
0.29412 64 34
0.30000 52 42
0.27778 64 36
0.30612 59 41
0.27273 64 36
0.29412 52 41
0.29412 64 36
0.29412 57 43
0.27778 64 34
0.28846 60 40
0.28846 64 35
0.30000 56 41
0.30000 64 34
0.32609 57 42
0.27778 64 36
0.29412 60 41
0.27778 64 36
0.29412 53 41
0.35714 62 36
0.32609 52 43
0.30000 60 34
0.30000 57 40
0.30000 60 35
0.31915 52 41
0.35714 59 34
1.25808 45 43
1.25808 57 46
0.63830 0 0
0.31915 45 49
0.29412 52 39
0.28846 48 46
0.28846 52 40
0.30000 44 47
0.30000 52 39
0.31250 45 48
0.28846 52 41
0.29412 48 47
0.28846 52 41
0.29412 41 47
0.35714 50 41
0.31250 40 49
0.31250 48 39
0.31915 45 46
0.33333 48 40
0.34091 40 47
0.39474 47 39
0.08523 33 54
0.25568 0 0
0.08523 36 52
0.25568 0 0
0.09375 40 57
0.28125 0 0
0.09375 45 54
0.28125 0 0
0.18750 33 60
0.56250 0 0
1.19526 60 44
0.60386 61 44
1.79913 57 37
1.80008 62 44
1.80008 57 37
0.29412 65 41
0.27273 64 39
0.27778 65 41
0.28846 64 37
0.29412 65 41
0.30000 62 38
1.76054 57 34
0.30612 62 41
0.28302 60 37
0.28846 59 41
0.27778 60 38
0.28302 59 41
0.28723 60 38
1.75755 57 34
0.31250 60 41
0.28302 62 39
0.28846 64 39
0.28302 62 41
0.62745 60 39
1.79445 57 34
0.31250 56 28
0.31250 59 34
0.28846 60 36
0.28846 57 30
0.30000 62 37
0.30000 59 31
0.28846 64 38
0.28846 60 32
0.61915 65 40
0.61915 62 34
0.61327 64 38
0.61327 60 32
0.62745 64 41
0.62745 56 34
0.60024 57 37
0.60024 64 44
0.32609 0 0
1.21622 51 49
0.53571 52 33
0.17857 0 0
0.32609 57 43
0.29412 64 34
0.28302 60 40
0.28846 64 35
0.28302 57 41
0.30000 64 34
0.30612 57 42
0.28846 64 36
0.30000 60 41
0.27778 64 36
0.29412 57 41
0.33333 64 36
0.30000 52 43
0.30000 64 34
0.27778 59 40
0.28302 64 35
0.29412 52 41
0.29412 64 34
0.30000 52 42
0.27273 64 36
0.29412 59 41
0.27273 64 36
0.29412 52 41
0.29412 64 36
0.30612 57 43
0.27778 64 34
0.27778 60 40
0.28846 64 35
0.30000 56 41
0.30000 64 34
0.29412 57 42
0.27778 64 36
0.29412 60 41
0.27778 64 36
0.29412 53 41
0.35714 62 36
0.32609 52 43
0.30000 60 34
0.30000 57 40
0.30000 60 35
0.31915 52 41
0.35714 59 34
1.25808 45 43
1.25808 57 46
0.63830 0 0
0.29412 45 49
0.27778 52 39
0.28846 48 46
0.28846 52 40
0.30000 44 47
0.30000 52 39
0.30000 45 48
0.27778 52 41
0.29412 48 47
0.28846 52 41
0.29412 41 47
0.35714 50 41
0.31250 40 49
0.31250 48 39
0.31915 45 46
0.33333 48 40
0.34091 40 47
0.40541 47 39
0.09375 33 52
0.28125 0 0
0.09375 36 49
0.28125 0 0
0.10135 40 56
0.30405 0 0
0.11029 45 51
0.33088 0 0
0.22059 33 58
4.57481 0 0
0.49180 57 47
0.49180 45 39
2.07922 0 0
0.44776 52 47
0.44776 40 39
2.06330 0 0
0.44127 57 52
0.44127 45 44
0.41397 0 0
0.41429 45 39
0.41429 57 47
0.40007 52 51
0.40007 40 43
0.41127 0 0
0.42857 52 47
0.42857 40 39
1.71403 0 0
0.23438 64 48
0.23438 0 0
0.26786 52 43
0.26786 0 0
0.49180 57 80
0.49180 45 65
2.07292 0 0
0.44776 52 80
0.44776 40 65
2.07503 0 0
0.41381 57 77
0.41381 45 65
1.24771 0 0
0.43186 54 76
0.43186 42 63
0.42572 38 57
0.42572 50 70
0.43817 40 71
0.43817 52 84
1.40620 0 0
0.26316 57 49
0.29412 0 0
0.44118 45 44
0.44118 0 0
0.49180 57 47
0.49180 45 39
2.07922 0 0
0.44776 52 47
0.44776 40 39
2.06330 0 0
0.44127 45 44
0.44127 57 52
0.41675 0 0
0.41429 45 39
0.41429 57 47
0.40007 40 43
0.40007 52 51
0.41397 0 0
0.42857 52 47
0.42857 40 39
1.71403 0 0
0.23438 64 48
0.23438 0 0
0.26786 52 43
0.26786 0 0
0.49180 57 80
0.49180 45 65
2.07292 0 0
0.44776 40 65
0.44776 52 80
2.07503 0 0
0.41381 45 65
0.41381 57 77
1.24771 0 0
0.43186 54 76
0.43186 42 63
0.42572 50 70
0.42572 38 57
0.43817 40 71
0.43817 52 84
1.40620 0 0
0.26316 57 49
0.29412 0 0
0.44118 45 44
0.44118 0 0
0.23077 57 42
0.23443 61 31
0.21429 64 34
0.24014 61 32
0.21429 64 34
0.22727 61 30
0.25000 57 40
0.23077 62 30
0.23077 66 33
0.24194 62 31
0.23438 66 33
0.25000 62 32
0.23810 57 40
0.23810 62 31
0.22388 66 34
0.23438 62 34
0.23438 66 39
0.26425 62 33
0.23810 57 43
0.23810 61 33
0.25424 64 33
0.25424 61 31
0.25424 64 33
0.25424 61 31
0.23438 49 52
0.23438 45 52
0.21739 0 0
0.25000 57 45
0.25000 61 45
0.67555 0 0
0.26786 50 52
0.26786 47 52
0.23810 0 0
0.24590 62 45
0.24590 59 45
0.67164 0 0
0.50000 64 43
0.50000 61 37
0.50847 59 35
0.50847 62 42
0.55556 61 43
0.55556 57 36
1.11111 61 50
1.11111 57 42
0.55556 56 32
0.55556 59 38
1.66667 52 42
0.50000 45 53
0.50000 57 66
2.11574 0 0
0.44776 40 53
0.44776 52 66
2.07503 0 0
0.41381 57 63
0.41381 45 53
1.24771 0 0
0.43186 42 52
0.43186 54 63
0.42572 38 47
0.42572 50 58
0.41667 52 69
0.41667 40 58
2.25514 0 0
0.44127 57 72
0.44127 45 60
1.24771 0 0
0.43186 57 72
0.43186 45 59
0.42572 50 66
0.42572 38 54
0.43817 40 66
0.43817 52 79
1.40620 0 0
0.26316 57 58
0.29412 0 0
0.44118 45 52
0.44118 0 0
0.23077 57 42
0.23443 61 31
0.21429 64 34
0.24014 61 32
0.21429 64 34
0.22727 61 30
0.25000 57 40
0.23077 62 30
0.23077 66 33
0.24194 62 31
0.23438 66 33
0.25000 62 32
0.23810 57 40
0.23810 62 31
0.22388 66 34
0.23438 62 34
0.23438 66 39
0.26425 62 33
0.23810 57 43
0.23810 61 33
0.25424 64 33
0.25424 61 31
0.25424 64 33
0.25424 61 31
0.23438 45 52
0.23438 49 52
0.21739 0 0
0.25000 57 45
0.25000 61 45
0.67555 0 0
0.26786 47 52
0.26786 50 52
0.23810 0 0
0.24590 59 45
0.24590 62 45
0.67164 0 0
0.50000 64 43
0.50000 61 37
0.50847 62 42
0.50847 59 35
0.55556 57 36
0.55556 61 43
1.11111 57 42
1.11111 61 50
0.55556 56 32
0.55556 59 38
1.66667 52 42
0.55556 45 53
0.55556 57 66
2.11613 0 0
0.44776 52 66
0.44776 40 53
2.07503 0 0
0.41381 45 53
0.41381 57 63
1.24771 0 0
0.43186 54 63
0.43186 42 52
0.42572 50 58
0.42572 38 47
0.41667 40 58
0.41667 52 69
2.25514 0 0
0.44127 57 72
0.44127 45 60
1.24771 0 0
0.43186 57 72
0.43186 45 59
0.42572 38 54
0.42572 50 66
0.43817 40 66
0.43817 52 79
1.52277 0 0
0.34091 57 58
0.38462 0 0
0.44118 45 52
5.73529 0 0
0.28249 57 43
0.28249 64 26
0.28249 61 30
0.28249 64 21
0.26786 57 36
0.26786 64 29
0.25862 61 30
0.25862 64 28
0.24194 57 38
0.24194 64 31
0.26316 59 33
0.28846 64 35
0.26316 61 41
0.26316 64 30
0.26316 57 30
0.26316 64 30
0.24590 61 36
0.24590 64 25
0.27273 57 29
0.27273 64 27
0.25424 61 36
0.25424 64 30
0.25424 57 30
0.28302 64 24
0.26786 56 38
0.26786 64 23
0.26316 63 25
0.26316 64 23
0.25424 56 36
0.25424 64 25
0.25000 63 28
0.25000 64 25
0.23810 56 41
0.23810 64 29
0.25424 57 32
0.27273 64 29
0.26786 58 40
0.26786 64 28
0.24590 63 31
0.24590 64 29
0.24590 59 36
0.24590 64 25
0.26786 63 29
0.26786 64 26
0.25862 56 36
0.25862 64 28
0.25862 52 30
0.28302 64 28
0.26316 54 38
0.26316 64 28
0.25000 63 30
0.25000 64 26
0.97236 54 40
1.00904 0 0
0.26786 56 43
0.25424 64 34
0.25424 63 34
0.25424 64 34
0.96055 56 47
1.01724 0 0
0.96071 57 39
0.96071 64 47
0.98606 57 48
0.98606 54 40
0.93773 59 51
0.93773 50 43
0.94494 52 44
0.94494 56 52
1.97468 0 0
0.27273 45 64
0.20455 57 48
0.06818 0 0
0.19737 57 51
0.06579 0 0
0.19737 57 49
0.06579 0 0
0.18443 57 50
0.06148 0 0
0.18443 57 35
0.06148 0 0
0.19737 57 38
0.06579 0 0
0.19737 57 37
0.06579 0 0
0.18145 57 42
0.06048 0 0
0.18145 57 37
0.06048 0 0
0.18145 57 40
0.06048 0 0
0.18145 57 37
0.06295 0 0
0.98559 57 47
2.07205 0 0
0.27563 40 64
0.20673 52 46
0.06891 0 0
0.19737 52 51
0.06579 0 0
0.19737 52 47
0.06579 0 0
0.18443 52 50
0.06148 0 0
0.18443 52 36
0.06148 0 0
0.19737 52 40
0.06579 0 0
0.19737 52 36
0.06579 0 0
0.18443 52 42
0.06148 0 0
0.18443 52 35
0.06148 0 0
0.19068 52 38
0.06356 0 0
0.19068 52 38
0.06356 0 0
1.01342 52 47
3.05812 0 0
1.00862 54 40
1.00862 64 40
1.00904 64 40
1.00904 56 40
1.00904 64 40
1.00904 57 40
1.06812 0 0
1.07143 54 39
1.07143 50 39
1.07143 59 47
2.32100 61 47
2.32100 57 39
1.33309 59 30
1.33309 62 40
3.65409 52 39
1.47601 62 34
1.30390 61 30
2.77992 57 28
1.08905 0 0
0.28249 57 43
0.28249 64 26
0.28249 61 30
0.28249 64 25
0.26786 57 42
0.26786 64 29
0.25862 61 32
0.25862 64 29
0.24194 57 43
0.24194 64 31
0.26316 59 33
0.28846 64 30
0.26316 61 42
0.26316 64 29
0.26316 57 31
0.26316 64 28
0.24590 61 36
0.24590 64 26
0.27273 57 29
0.27273 64 26
0.25424 61 36
0.25424 64 28
0.25424 57 30
0.28302 64 26
0.26786 56 38
0.26786 64 22
0.26316 63 27
0.26316 64 23
0.25424 56 36
0.25424 64 26
0.25000 63 30
0.25000 64 29
0.23810 56 39
0.23810 64 31
0.25424 57 33
0.27273 64 38
0.26786 58 42
0.26786 64 28
0.24590 63 31
0.24590 64 28
0.24590 59 36
0.24590 64 27
0.26786 63 29
0.26786 64 27
0.25862 56 36
0.25862 64 28
0.25862 52 30
0.28302 64 28
0.26316 54 38
0.26316 64 29
0.25000 63 30
0.25000 64 28
0.97236 54 40
1.00904 0 0
0.26786 56 43
0.25424 64 32
0.25424 63 34
0.25424 64 30
0.96055 56 47
1.01724 0 0
0.97619 64 42
0.97619 57 35
0.98599 54 36
0.98599 57 43
0.95262 50 38
0.95262 59 45
0.95262 56 46
0.95262 52 39
1.97468 0 0
0.27273 45 64
0.20455 57 47
0.06818 0 0
0.19737 57 51
0.06579 0 0
0.19737 57 46
0.06579 0 0
0.18443 57 50
0.06148 0 0
0.18443 57 32
0.06148 0 0
0.19737 57 37
0.06579 0 0
0.19737 57 33
0.06579 0 0
0.18145 57 42
0.06048 0 0
0.18145 57 35
0.06048 0 0
0.18145 57 39
0.06048 0 0
0.18145 57 34
0.06295 0 0
0.98559 57 47
2.07205 0 0
0.27563 40 64
0.20673 52 46
0.06891 0 0
0.19737 52 51
0.06579 0 0
0.19737 52 46
0.06579 0 0
0.18443 52 50
0.06148 0 0
0.18443 52 34
0.06148 0 0
0.19737 52 38
0.06579 0 0
0.19737 52 34
0.06579 0 0
0.18443 52 42
0.06148 0 0
0.18443 52 34
0.06148 0 0
0.19068 52 38
0.06356 0 0
0.19068 52 35
0.06356 0 0
1.01342 52 47
3.06659 0 0
1.00862 54 43
1.00862 64 43
1.00904 56 43
1.00904 64 43
1.00904 57 43
1.00904 64 43
1.06812 0 0
1.07143 54 39
1.07143 59 47
1.07143 50 39
2.25919 61 47
2.25919 57 39
1.33309 59 30
1.33309 62 40
3.59228 52 39
1.39547 62 34
1.14317 61 33
2.53865 57 28
1.24465 0 0
0.27273 57 43
0.27273 69 32
0.26316 61 37
0.26316 69 32
0.25862 57 45
0.25862 68 34
0.26786 59 37
0.26786 68 34
0.26786 57 47
0.26786 67 36
0.26786 61 42
0.30612 67 38
0.26786 57 50
0.26786 66 43
0.26786 62 46
0.26786 66 43
0.25424 54 54
0.25424 62 44
0.25424 57 47
0.25000 62 44
0.00424 0 0
0.26786 50 51
0.26786 57 43
0.26786 54 46
0.26786 57 43
0.26786 45 56
0.26786 54 46
0.26786 50 49
0.27762 54 47
0.26316 45 60
0.26316 54 52
0.26316 50 55
0.28864 54 58
0.28302 45 70
0.28302 54 57
0.32025 50 61
0.35748 54 59
1.18835 50 70
1.18835 45 70
1.13207 49 53
1.13207 45 53
1.14296 0 0
3.26252 64 51
3.26252 57 43
3.26252 61 43
3.31788 62 43
3.31788 64 51
3.31788 59 43
1.07794 61 45
1.07794 57 45
1.07794 64 54
1.05364 64 53
1.05364 59 45
1.05364 56 45
1.10727 61 45
1.10727 64 53
1.10727 57 45
1.14395 57 48
1.14395 61 57
1.11972 59 51
1.11972 56 43
2.26367 52 43
1.13587 0 0
0.27778 57 37
0.27778 64 28
0.27778 61 33
0.27778 64 28
0.27273 57 42
0.25862 64 31
0.25862 61 37
0.25028 64 33
0.25424 57 42
0.25424 64 32
0.27273 59 37
0.28846 64 32
0.26316 61 44
0.26316 64 28
0.27273 57 31
0.28846 64 27
0.26786 61 34
0.26786 64 22
0.29331 57 28
0.29331 64 23
0.25424 61 37
0.25424 64 28
0.25424 57 32
0.30000 64 28
0.26786 56 37
0.26786 64 29
0.28302 63 33
0.28302 64 30
0.25862 56 37
0.25862 64 31
0.26105 63 33
0.25424 64 30
0.26316 56 37
0.26316 64 30
0.28302 57 33
0.30612 64 30
0.25862 59 37
0.25862 64 29
0.27778 63 31
0.27778 64 28
0.26786 56 34
0.26786 64 25
0.28846 59 28
0.28846 64 26
0.26316 52 40
0.26316 64 30
0.26316 56 33
0.28846 64 30
0.27273 54 39
0.24590 64 28
0.26794 63 31
0.26316 64 27
0.25862 54 42
0.25862 64 32
0.27897 63 36
0.31341 64 34
0.26316 56 42
0.26316 64 35
0.26316 63 36
0.26316 64 34
1.10537 57 42
1.09175 0 0
1.13207 59 51
1.13207 54 43
1.13207 50 37
2.29947 61 54
2.29947 57 44
1.23686 59 34
1.23686 62 46
3.53632 52 44
2.41489 62 33
1.22001 61 39
3.63490 64 39
3.63490 57 33
0.27778 45 61
0.27778 49 50
0.27778 52 54
0.27778 57 50
0.26794 45 61
0.26316 49 50
0.26316 52 54
0.26316 57 50
0.26316 47 61
0.26316 50 52
0.26316 56 56
0.27357 59 52
2.19762 57 61
2.19762 49 51
1.14271 57 66
1.14271 50 56
1.23214 61 42
1.23214 52 35
1.21200 61 42
1.21200 52 35
1.27144 62 37
1.27144 56 31
1.27144 52 31
1.28894 62 41
1.12477 61 41
2.41371 57 34
1.10141 0 0
0.28302 57 39
0.28302 69 29
0.26316 61 36
0.26316 69 32
0.25862 57 45
0.25862 68 34
0.26786 59 37
0.26786 68 34
0.26786 57 47
0.26786 67 36
0.26786 61 42
0.30612 67 38
0.26786 57 48
0.26786 66 41
0.26786 62 44
0.26786 66 41
0.25424 54 52
0.25424 62 41
0.25424 57 45
0.25000 62 41
0.00424 0 0
0.26786 50 51
0.26786 57 43
0.26786 54 46
0.26786 57 43
0.26786 45 56
0.26786 54 47
0.26786 50 49
0.27762 54 47
0.26316 45 60
0.26316 54 52
0.26316 50 55
0.28864 54 58
0.28302 45 70
0.28302 54 59
0.32025 50 61
0.35748 54 57
1.18835 50 70
1.18835 45 70
1.13207 49 53
1.13207 45 53
1.14296 0 0
3.26932 64 51
3.26932 57 43
3.26932 61 43
3.30341 62 43
3.30341 64 51
3.30341 59 43
1.09203 61 45
1.09203 57 45
1.09203 64 54
1.05364 64 53
1.05364 59 45
1.05364 56 45
1.08051 61 45
1.08051 64 53
1.08051 57 45
1.14395 57 48
1.14395 61 57
1.11972 59 51
1.11972 56 43
2.26367 52 43
1.13587 0 0
0.28302 57 37
0.28302 64 29
0.28040 61 33
0.27778 64 28
0.28302 57 42
0.26316 64 33
0.26316 61 37
0.26316 64 28
0.25000 57 42
0.25000 64 30
0.27273 59 37
0.28846 64 30
0.25862 61 44
0.25862 64 27
0.27273 57 31
0.28846 64 27
0.26786 61 34
0.26786 64 26
0.29331 57 28
0.29331 64 26
0.25424 61 37
0.25424 64 29
0.25424 57 32
0.30000 64 28
0.26316 56 37
0.26316 64 30
0.26791 63 33
0.26790 64 29
0.26786 56 37
0.26786 64 30
0.26324 63 33
0.25862 64 28
0.26316 56 37
0.26316 64 30
0.28302 57 33
0.30000 64 28
0.25862 59 37
0.25862 64 28
0.27778 63 31
0.27778 64 27
0.26786 56 34
0.26786 64 25
0.28846 59 28
0.28846 64 25
0.26316 52 40
0.26316 64 30
0.26316 56 33
0.28846 64 29
0.27273 54 39
0.25862 64 28
0.25870 63 31
0.25643 64 30
0.26316 54 42
0.26316 64 34
0.27897 63 36
0.31341 64 33
0.26316 56 42
0.26316 64 33
0.26316 63 36
0.26316 64 34
1.09511 57 42
1.16085 0 0
1.13207 59 51
1.13207 54 43
1.13207 50 37
2.29947 61 54
2.29947 57 44
1.23686 59 34
1.23686 62 46
3.53632 52 44
2.41489 62 33
1.22001 61 39
3.63490 64 39
3.63490 57 33
0.27778 45 61
0.27778 49 51
0.27778 52 54
0.27778 57 51
0.26794 45 61
0.26316 49 51
0.26316 52 54
0.26316 57 51
0.26316 47 61
0.26316 50 52
0.26316 56 56
0.27357 59 51
2.19762 57 61
2.19762 49 51
1.14271 57 66
1.14271 50 56
1.17629 61 42
1.17629 52 35
1.21200 61 42
1.21200 52 35
1.49181 62 37
1.49181 56 31
1.49181 52 31
1.81818 62 28
1.81818 61 22
3.63636 57 24
4.72141 0 0
0.22610 57 41
0.21583 64 32
0.21277 59 37
0.21739 64 32
0.22556 61 42
0.21583 64 33
0.21583 57 36
0.22556 64 33
0.22665 56 42
0.21429 64 33
0.21277 57 36
0.21583 64 33
0.22388 59 42
0.21583 64 31
0.21583 62 35
0.22556 64 31
0.21583 61 40
0.22388 64 31
0.21583 61 34
0.22222 64 31
0.21583 56 39
0.22059 64 31
0.21583 56 33
0.22388 64 31
0.21583 57 40
0.21583 64 31
0.21898 59 34
0.22901 64 31
0.43796 57 38
0.22388 56 41
0.66184 52 31
0.22388 0 0
0.21583 45 80
0.29978 33 64
0.27180 37 70
0.24381 40 75
0.65554 0 0
0.21127 69 71
0.29522 57 58
0.26724 61 62
0.23925 64 68
0.64922 0 0
0.21583 52 80
0.29794 40 70
0.27057 44 72
0.24320 47 77
0.65224 0 0
0.21127 64 71
0.29399 52 58
0.26641 56 68
0.23884 59 62
0.63984 0 0
0.05597 42 80
0.16791 0 0
0.05435 54 73
0.16304 0 0
0.05639 44 80
0.16917 0 0
0.05396 56 73
0.16187 0 0
0.05515 57 75
0.16544 0 0
0.05396 61 77
0.16187 0 0
0.05396 62 83
0.16187 0 0
0.05639 56 78
0.16917 0 0
0.05435 57 84
0.16304 0 0
0.05435 54 77
0.16304 0 0
0.05474 50 80
0.16423 0 0
0.05474 52 79
0.16423 0 0
0.44118 45 75
0.47727 40 78
0.47727 37 61
0.47727 33 61
0.06818 0 0
0.22610 57 41
0.21583 64 32
0.21277 59 37
0.21739 64 32
0.22556 61 42
0.21583 64 33
0.21583 57 36
0.22556 64 33
0.22665 56 42
0.21429 64 33
0.21277 57 36
0.21583 64 33
0.22388 59 42
0.21583 64 31
0.21583 62 35
0.22556 64 31
0.21583 61 40
0.22388 64 31
0.21583 61 34
0.22222 64 31
0.21583 56 39
0.22059 64 31
0.21583 56 33
0.22388 64 31
0.21583 57 40
0.21583 64 31
0.21898 59 34
0.22901 64 31
0.43796 57 38
0.22388 56 41
0.66184 52 31
0.22388 0 0
0.21583 45 80
0.29978 33 59
0.27180 37 70
0.24381 40 75
0.65554 0 0
0.21127 69 71
0.29522 57 58
0.26724 61 62
0.23925 64 68
0.64922 0 0
0.21583 52 80
0.29794 40 70
0.27057 44 72
0.24320 47 77
0.65224 0 0
0.21127 64 71
0.29399 52 58
0.26641 56 68
0.23884 59 62
0.63984 0 0
0.05597 42 80
0.16791 0 0
0.05435 54 73
0.16304 0 0
0.05639 44 80
0.16917 0 0
0.05396 56 73
0.16187 0 0
0.05515 57 75
0.16544 0 0
0.05396 61 77
0.16187 0 0
0.05396 62 83
0.16187 0 0
0.05639 56 78
0.16917 0 0
0.05435 57 84
0.16304 0 0
0.05435 54 77
0.16304 0 0
0.05474 50 80
0.16423 0 0
0.05474 52 79
0.16423 0 0
0.44118 45 75
0.50000 40 78
0.50000 37 61
0.50000 33 61
0.21429 57 40
0.21429 64 36
0.21429 61 36
0.22165 64 36
0.21586 57 43
0.22059 66 35
0.22059 62 35
0.22657 66 35
0.21898 57 43
0.21898 66 35
0.21898 62 37
0.22854 66 39
0.21826 57 44
0.22556 64 35
0.22556 61 35
0.28369 64 35
0.21583 57 68
0.24536 52 65
0.27488 49 59
0.31321 45 55
0.65554 0 0
0.21127 59 68
0.29522 47 55
0.26724 50 59
0.23925 56 65
0.62185 0 0
0.24192 57 66
0.30600 49 59
0.27862 52 61
0.22388 61 68
0.19590 0 0
0.24254 59 66
0.30784 50 59
0.27985 54 61
0.22388 62 68
0.22059 0 0
0.21127 64 68
0.29399 52 55
0.26641 56 65
0.23884 59 59
0.31792 0 0
0.10775 62 47
0.10911 61 44
0.11051 59 41
0.22610 57 41
0.21583 64 32
0.21277 59 37
0.21739 64 32
0.22556 61 42
0.21583 64 33
0.21583 57 36
0.22556 64 33
0.22665 56 42
0.21429 64 33
0.21277 57 36
0.21583 64 33
0.22388 59 42
0.21583 64 31
0.21583 56 35
0.22556 64 31
0.21583 54 40
0.22388 64 31
0.21583 56 34
0.22222 64 31
0.21583 57 39
0.22059 64 31
0.21583 50 33
0.22388 59 31
0.21583 52 40
0.21583 57 31
0.21898 52 34
0.26786 56 31
0.51724 62 38
0.23622 61 31
0.75346 57 26
0.75346 64 32
0.23622 0 0
0.11194 45 66
0.11194 49 56
0.10870 52 55
0.10870 57 55
0.11278 47 66
0.11278 50 56
0.10791 56 56
0.10791 59 56
0.11029 49 66
0.11029 52 55
0.10791 57 55
0.10791 61 55
0.10791 50 66
0.10791 54 53
0.11278 59 53
0.11278 62 53
0.10870 52 66
0.10870 57 56
0.10870 61 55
0.10870 64 55
0.10949 40 67
0.10949 44 56
0.10949 47 56
0.10949 52 56
0.11029 45 68
0.11029 49 57
0.11029 52 57
0.11029 57 57
0.47727 45 67
0.06818 0 0
0.21429 57 40
0.21429 64 36
0.21429 61 36
0.22165 64 36
0.21586 57 43
0.22059 66 35
0.22059 62 35
0.22657 66 35
0.21898 57 43
0.21898 66 35
0.21898 62 37
0.22854 66 39
0.21826 57 44
0.22556 64 35
0.22556 61 35
0.28369 64 35
0.21583 57 68
0.24536 52 65
0.27488 49 59
0.31321 45 55
0.65554 0 0
0.21127 59 68
0.29522 47 55
0.26724 50 59
0.23925 56 65
0.62185 0 0
0.24192 57 59
0.30600 49 53
0.27862 52 56
0.22388 61 63
0.19590 0 0
0.24254 59 60
0.30784 50 55
0.27985 54 58
0.22388 62 64
0.22059 0 0
0.21127 64 66
0.29399 52 56
0.26641 56 59
0.23884 59 63
0.31792 0 0
0.10775 62 47
0.10911 61 44
0.11051 59 41
0.22610 57 41
0.21583 64 32
0.21277 59 37
0.21739 64 32
0.22556 61 42
0.21583 64 33
0.21583 57 36
0.22556 64 33
0.22665 56 42
0.21429 64 33
0.21277 57 36
0.21583 64 33
0.22388 59 42
0.21583 64 31
0.21583 56 35
0.22556 64 31
0.21583 54 40
0.22388 64 31
0.21583 56 34
0.22222 64 31
0.21583 57 39
0.22059 64 31
0.21583 50 33
0.22388 59 31
0.21583 52 40
0.21583 57 31
0.21898 52 34
0.26786 56 31
0.51724 62 38
0.23622 61 31
0.75346 57 26
0.75346 64 32
0.23622 0 0
0.11194 45 66
0.11194 49 56
0.10870 52 55
0.10870 57 55
0.11278 47 66
0.11278 50 56
0.10791 56 56
0.10791 59 56
0.11029 49 66
0.11029 52 55
0.10791 57 55
0.10791 61 55
0.10791 50 66
0.10791 54 53
0.11278 59 53
0.11278 62 53
0.10870 52 66
0.10870 57 56
0.10870 61 55
0.10870 64 55
0.10949 52 67
0.10949 56 56
0.10949 59 56
0.12500 62 56
0.01136 0 0
0.22059 61 43
0.22059 57 36
0.20939 64 36
0.20939 61 30
0.01087 0 0
0.20852 64 36
0.20852 61 30
0.01111 0 0
0.20582 64 34
0.20582 61 28
0.01894 0 0
0.21898 57 41
0.20803 66 33
0.20803 62 28
0.01095 0 0
0.20803 66 33
0.20803 62 28
0.01095 0 0
0.22854 66 33
0.22854 62 28
0.21826 57 37
0.21429 64 32
0.21429 61 27
0.01128 0 0
0.21429 64 32
0.21429 61 27
0.01128 0 0
0.23256 64 32
0.23256 61 27
0.21898 57 41
0.20803 66 33
0.20803 62 28
0.01095 0 0
0.20803 66 33
0.20803 62 28
0.01095 0 0
0.22854 66 33
0.22854 62 28
0.19355 64 41
0.19355 61 41
0.19355 57 41
0.62420 0 0
0.18987 59 41
0.18987 50 41
0.62740 0 0
0.19355 57 41
0.19355 52 41
0.62936 0 0
0.19231 56 41
0.19231 50 41
0.63586 0 0
0.22222 57 63
0.22222 49 63
0.65758 0 0
0.22222 59 63
0.22222 50 63
0.65991 0 0
0.21898 57 63
0.21898 52 63
0.65632 0 0
0.22059 56 63
0.22059 52 63
0.65079 0 0
0.45973 57 63
0.86331 0 0
0.11111 64 73
0.11111 52 61
0.11111 56 61
0.11111 59 61
0.33333 0 0
0.12000 57 79
0.12000 45 67
0.12000 49 67
0.12000 52 67
1.22954 0 0
0.12821 64 75
0.12821 52 63
0.12821 56 63
0.12821 59 63
0.38462 0 0
0.13889 57 82
0.13889 45 70
0.13889 49 70
0.13889 52 70
