"mz_570_3"

#  Piano right
1.37079 0 0
0.21172 70 47
0.20587 74 50
0.20587 0 0
0.21107 75 51
0.21085 0 0
0.41012 76 52
0.20587 77 52
0.10294 74 51
0.05147 0 0
0.05147 74 52
0.09866 72 54
0.09866 0 0
0.10417 71 50
0.10417 0 0
0.10017 72 52
0.10017 0 0
0.10253 74 50
0.10253 0 0
0.41097 77 54
0.20347 75 46
0.10174 69 46
0.10174 0 0
0.09719 70 52
0.09719 0 0
0.41263 70 48
0.20347 71 47
0.09684 72 51
0.09684 0 0
0.41054 72 50
0.20426 73 50
0.09756 74 54
0.09756 0 0
0.10294 72 50
0.10294 0 0
0.09866 74 55
0.09866 0 0
0.10543 75 50
0.10543 72 50
0.10543 0 0
0.40225 74 55
0.40225 70 55
0.15084 72 50
0.15084 69 50
0.05028 0 0
0.10586 70 47
0.10586 72 47
0.20587 74 50
0.20587 0 0
0.21107 75 51
0.21085 0 0
0.41012 76 52
0.20587 77 52
0.10294 74 51
0.05147 0 0
0.05147 74 52
0.09866 72 54
0.09866 0 0
0.10417 71 50
0.10417 0 0
0.10017 72 52
0.10017 0 0
0.10253 74 50
0.10253 0 0
0.41097 77 54
0.20347 75 46
0.10174 69 46
0.10174 0 0
0.09719 70 56
0.09719 0 0
0.20113 82 50
0.10017 82 53
0.10017 0 0
0.10017 82 48
0.10017 0 0
0.09684 72 56
0.09684 0 0
0.20347 79 50
0.10193 79 53
0.10213 0 0
0.10213 79 50
0.10213 0 0
0.09756 70 54
0.09756 0 0
0.10017 70 50
0.10017 0 0
0.04878 72 50
0.04878 74 45
0.04878 72 45
0.04878 70 45
0.10095 72 50
0.10501 74 45
0.40225 70 55
0.20113 0 0
0.10586 70 47
0.10586 74 47
0.20291 77 54
0.20291 0 0
0.20806 76 51
0.20806 0 0
0.09901 84 59
0.09988 0 0
0.20149 75 52
0.20587 0 0
0.40319 74 51
0.20833 71 50
0.20035 72 52
0.20506 79 50
0.30722 70 54
0.05187 72 43
0.05187 70 43
0.16438 69 48
0.05479 0 0
0.10517 69 47
0.10517 72 47
0.20291 77 54
0.20291 0 0
0.20806 76 51
0.20806 0 0
0.09901 84 59
0.09988 0 0
0.20149 75 52
0.20587 0 0
0.20587 74 51
0.19732 0 0
0.20833 82 50
0.20035 79 52
0.20506 76 50
0.20347 77 60
0.20750 81 53
0.10174 84 58
0.10174 0 0
0.10174 84 51
0.30464 0 0
0.10853 84 54
0.10877 82 48
0.11121 81 48
0.11121 79 48
0.11507 77 48
0.11744 76 48
0.09901 77 55
0.09988 72 45
0.10075 77 53
0.10075 81 48
0.10294 84 59
0.10294 0 0
0.10294 84 52
0.20439 0 0
0.10145 81 48
0.10853 84 54
0.10877 82 48
0.11121 81 48
0.11121 79 48
0.11507 77 48
0.11744 76 48
0.09901 77 51
0.09901 78 42
0.09950 81 49
0.10011 79 48
0.10078 77 46
0.10141 75 45
0.10210 74 43
0.11394 73 42
0.20587 74 46
0.20587 0 0
0.21107 75 49
0.21085 0 0
0.41012 76 50
0.20587 77 50
0.10294 74 47
0.05147 0 0
0.05147 74 47
0.09866 72 52
0.09866 0 0
0.10417 71 50
0.10417 0 0
0.10017 72 52
0.10017 0 0
0.10253 74 50
0.10253 0 0
0.41097 77 54
0.20347 75 46
0.10174 69 46
0.10174 0 0
0.09719 70 52
0.09719 0 0
0.41263 70 48
0.20347 71 47
0.09684 72 51
0.09684 0 0
0.41054 72 50
0.20426 73 50
0.09756 74 54
0.09756 0 0
0.10294 72 50
0.10294 0 0
0.09866 74 55
0.09866 0 0
0.10543 75 50
0.10543 72 50
0.10543 0 0
0.40225 74 55
0.40225 70 55
0.15084 72 50
0.15084 69 50
0.05028 0 0
0.10586 70 47
0.10586 72 47
0.20587 74 50
0.20587 0 0
0.21107 75 51
0.21085 0 0
0.41012 76 52
0.20587 77 52
0.10294 74 51
0.05147 0 0
0.05147 74 52
0.09866 72 54
0.09866 0 0
0.10417 71 50
0.10417 0 0
0.10017 72 52
0.10017 0 0
0.10253 74 50
0.10253 0 0
0.41097 77 54
0.20347 75 46
0.10174 69 46
0.10174 0 0
0.09719 70 56
0.09719 0 0
0.20113 82 50
0.10017 82 53
0.10017 0 0
0.10017 82 48
0.10017 0 0
0.09684 72 56
0.09684 0 0
0.20347 79 50
0.10193 79 53
0.10213 0 0
0.10213 79 50
0.10213 0 0
0.09756 70 54
0.09756 0 0
0.10017 70 50
0.10017 0 0
0.04878 72 50
0.04878 74 45
0.04878 72 45
0.04878 70 45
0.10095 72 50
0.10501 74 45
0.40225 70 55
0.20113 0 0
0.10586 65 60
0.10586 0 0
0.09849 74 66
0.09849 65 55
0.09849 0 0
0.41650 74 64
0.41650 65 54
0.15814 70 59
0.15814 62 49
0.05271 0 0
0.09849 75 66
0.09849 67 55
0.09849 0 0
0.41650 75 64
0.41650 67 54
0.15814 72 59
0.15814 63 49
0.05271 0 0
0.19972 67 63
0.20254 70 59
0.19972 69 65
0.20183 72 59
0.09883 70 63
0.09883 69 59
0.09883 70 57
0.10421 72 57
0.10092 70 64
0.10092 0 0
0.10092 70 59
0.10092 0 0
0.09849 77 66
0.09849 74 55
0.09849 0 0
0.41650 77 64
0.41650 74 54
0.15814 74 59
0.15814 70 49
0.05271 0 0
0.09849 79 66
0.09849 75 55
0.09849 0 0
0.41650 79 64
0.41650 75 54
0.15814 75 59
0.15814 72 49
0.05271 0 0
0.19972 70 63
0.20254 74 59
0.19972 72 63
0.20183 75 59
0.09883 74 63
0.09883 72 59
0.09883 74 59
0.10421 75 59
0.10636 74 66
0.10636 0 0
0.10065 74 46
0.10065 0 0
0.10065 86 53
0.10065 0 0
0.20130 86 46
0.20130 82 50
0.20995 79 46
0.40225 78 51
0.20113 79 46
0.10346 86 50
0.10346 0 0
0.10871 83 51
0.10871 84 46
0.10871 86 46
0.10871 84 48
0.10871 82 47
0.10871 81 45
0.10917 79 44
0.11331 77 42
0.39396 76 49
0.19698 77 46
0.10163 84 49
0.10144 0 0
0.10766 89 55
0.10805 88 54
0.10843 86 53
0.10887 84 52
0.12005 82 51
0.12047 81 50
0.12096 79 49
0.10010 77 48
0.10803 86 53
0.10841 84 52
0.10886 82 50
0.10925 81 49
0.12046 79 48
0.12095 77 47
0.12141 76 45
0.10072 74 44
0.10127 72 50
0.10127 77 46
0.10127 81 46
0.07595 84 46
0.02532 0 0
0.11547 84 50
0.11738 82 44
0.13642 81 44
0.09301 79 44
0.03100 0 0
0.45844 79 47
0.17580 77 40
0.05860 0 0
0.10586 65 60
0.10586 0 0
0.09849 74 66
0.09849 65 55
0.09849 0 0
0.41650 74 64
0.41650 65 54
0.15814 70 59
0.15814 62 49
0.05271 0 0
0.09849 75 66
0.09849 67 55
0.09849 0 0
0.41650 75 64
0.41650 67 54
0.15814 72 59
0.15814 63 49
0.05271 0 0
0.19972 67 63
0.20254 70 59
0.19972 69 65
0.20183 72 59
0.09883 70 63
0.09883 69 59
0.09883 70 57
0.10789 72 57
0.10750 70 64
0.10065 0 0
0.10065 70 59
0.10065 0 0
0.09849 77 66
0.09849 74 55
0.09849 0 0
0.41650 77 64
0.41650 74 54
0.15814 74 59
0.15814 70 49
0.05271 0 0
0.09849 79 66
0.09849 75 55
0.09849 0 0
0.41650 79 64
0.41650 75 54
0.15814 75 59
0.15814 72 49
0.05271 0 0
0.19972 70 63
0.20254 74 59
0.19972 72 63
0.20183 75 59
0.09883 74 63
0.09883 72 59
0.09883 74 59
0.10421 75 59
0.10092 74 66
0.10092 0 0
0.10092 74 46
0.10092 0 0
0.10092 86 53
0.10092 0 0
0.20183 86 46
0.20183 82 50
0.20995 79 46
0.40225 78 51
0.20113 79 46
0.10346 86 50
0.10346 0 0
0.10871 83 51
0.10871 84 46
0.10871 86 46
0.10871 84 48
0.10871 82 47
0.10871 81 45
0.10917 79 44
0.11331 77 42
0.39396 76 49
0.19698 77 46
0.10163 84 49
0.10144 0 0
0.10766 89 55
0.10805 88 54
0.10843 86 53
0.10887 84 52
0.12005 82 51
0.12047 81 50
0.12096 79 49
0.10010 77 48
0.10803 86 53
0.10841 84 52
0.10886 82 50
0.10925 81 49
0.12046 79 48
0.12095 77 47
0.12141 76 45
0.10072 74 44
0.10127 72 50
0.10127 77 46
0.10127 81 46
0.07595 84 46
0.02532 0 0
0.11547 84 50
0.11738 82 44
0.13642 81 44
0.09301 79 44
0.03100 0 0
0.45844 79 47
0.18405 77 40
0.06135 0 0
0.10586 65 60
0.10586 0 0
0.09849 77 66
0.09849 74 55
0.09849 0 0
0.41650 77 64
0.41650 74 54
0.15814 80 59
0.15814 77 49
0.05271 0 0
0.09849 74 66
0.09849 71 55
0.09849 0 0
0.41650 74 64
0.41650 71 54
0.15814 77 59
0.15814 74 49
0.05271 0 0
0.09849 75 66
0.09849 72 55
0.09849 0 0
0.41650 75 64
0.41650 72 54
0.15814 79 59
0.15814 75 49
0.05271 0 0
0.09849 72 66
0.09849 69 55
0.09849 0 0
0.41650 72 64
0.41650 69 54
0.15814 75 59
0.15814 72 49
0.05271 0 0
0.10871 75 54
0.10871 73 49
0.10871 72 49
0.10871 70 51
0.10871 69 50
0.10871 70 48
0.10917 72 46
0.10346 70 45
0.10871 75 54
0.10871 73 49
0.10871 72 49
0.10871 70 51
0.10871 69 50
0.10871 70 48
0.11028 72 46
0.11448 70 45
0.09799 82 66
0.09799 0 0
0.42854 82 57
0.22257 76 45
0.22257 70 38
0.42696 79 51
0.42696 70 43
0.17091 77 46
0.17091 69 39
0.05697 0 0
0.10586 65 60
0.10586 0 0
0.09849 74 66
0.09849 65 55
0.09849 0 0
0.41650 74 64
0.41650 65 54
0.15814 70 59
0.15814 62 49
0.05271 0 0
0.09849 75 66
0.09849 67 55
0.09849 0 0
0.41650 75 64
0.41650 67 54
0.15814 72 59
0.15814 63 49
0.05271 0 0
0.19972 67 65
0.20254 70 59
0.19972 69 65
0.20183 72 59
0.09883 70 63
0.09883 69 56
0.09883 70 56
0.10421 72 56
0.10674 70 62
0.10674 0 0
0.10065 70 59
0.10065 0 0
0.09849 77 66
0.09849 74 55
0.09849 0 0
0.41650 77 64
0.41650 74 54
0.15814 74 59
0.15814 70 49
0.05271 0 0
0.09849 79 66
0.09849 75 55
0.09849 0 0
0.41650 79 64
0.41650 75 54
0.15814 75 59
0.15814 72 49
0.05271 0 0
0.19972 70 65
0.20254 74 59
0.19972 72 65
0.20183 75 59
0.09883 74 63
0.09883 72 59
0.09883 74 59
0.10421 75 59
0.10092 74 66
0.10092 0 0
0.10092 70 46
0.10092 0 0
0.10092 79 53
0.10092 0 0
0.20183 79 46
0.20183 75 50
0.20995 72 46
0.40225 71 51
0.20113 72 46
0.10346 79 50
0.10346 0 0
0.10871 76 51
0.10871 77 46
0.10871 79 46
0.10871 77 48
0.10871 75 47
0.10871 74 45
0.10917 72 44
0.11331 70 42
0.39396 69 49
0.19698 70 46
0.10163 77 49
0.10144 0 0
0.10766 82 61
0.10805 81 60
0.10843 79 58
0.10887 77 57
0.10926 75 56
0.10966 74 54
0.11011 72 53
0.10010 70 50
0.10803 79 58
0.10841 77 57
0.10886 75 55
0.10925 74 53
0.10964 72 52
0.11009 70 50
0.11049 69 48
0.10072 67 47
0.10127 65 50
0.10127 70 46
0.10127 74 46
0.07595 77 46
0.02532 0 0
0.10498 77 50
0.10498 75 44
0.12402 74 44
0.09301 72 44
0.03100 0 0
0.45843 72 47
0.17580 70 40
0.05860 0 0
0.10586 65 60
0.10586 0 0
0.09849 77 66
0.09849 74 55
0.09849 0 0
0.41650 77 64
0.41650 74 54
0.15814 80 59
0.15814 77 49
0.05271 0 0
0.09849 74 66
0.09849 71 55
0.09849 0 0
0.41650 74 64
0.41650 71 54
0.15814 77 59
0.15814 74 49
0.05271 0 0
0.09849 75 66
0.09849 72 55
0.09849 0 0
0.41650 75 64
0.41650 72 54
0.15814 79 59
0.15814 75 49
0.05271 0 0
0.09849 72 66
0.09849 69 55
0.09849 0 0
0.41650 72 64
0.41650 69 54
0.15814 75 59
0.15814 72 49
0.05271 0 0
0.10871 75 54
0.10871 73 49
0.10871 72 49
0.10871 70 51
0.10871 69 50
0.10871 70 48
0.10917 72 46
0.10346 70 45
0.10871 75 54
0.10871 73 49
0.10871 72 49
0.10871 70 51
0.10871 69 50
0.10871 70 48
0.11187 72 46
0.13040 70 45
0.09799 82 66
0.09799 0 0
0.42854 82 57
0.22257 76 45
0.22257 70 38
0.42696 79 51
0.42696 70 43
0.17091 77 46
0.17091 69 39
0.05697 0 0
0.10586 65 60
0.10586 0 0
0.09849 74 66
0.09849 65 55
0.09849 0 0
0.41650 74 64
0.41650 65 54
0.15814 70 59
0.15814 62 49
0.05271 0 0
0.09849 75 66
0.09849 67 55
0.09849 0 0
0.41650 75 64
0.41650 67 54
0.15814 72 59
0.15814 63 49
0.05271 0 0
0.19972 67 65
0.20254 70 59
0.19972 69 65
0.20183 72 59
0.09883 70 63
0.09883 69 56
0.09883 70 56
0.10867 72 56
0.10867 70 62
0.10031 0 0
0.10031 70 59
0.10031 0 0
0.09849 77 66
0.09849 74 55
0.09849 0 0
0.41650 77 64
0.41650 74 54
0.15814 74 59
0.15814 70 49
0.05271 0 0
0.09849 79 66
0.09849 75 55
0.09849 0 0
0.41650 79 64
0.41650 75 54
0.15814 75 59
0.15814 72 49
0.05271 0 0
0.19972 70 65
0.20254 74 59
0.19972 72 65
0.20183 75 59
0.09883 74 63
0.09883 72 59
0.09883 74 59
0.10421 75 59
0.10092 74 66
0.10092 0 0
0.10092 70 46
0.10092 0 0
0.10092 79 53
0.10092 0 0
0.20183 79 46
0.20183 75 50
0.20995 72 46
0.40225 71 51
0.20113 72 46
0.10346 79 50
0.10346 0 0
0.10871 76 51
0.10871 77 46
0.10871 79 46
0.10871 77 48
0.10871 75 47
0.10871 74 45
0.10917 72 44
0.11331 70 42
0.39396 69 49
0.19698 70 46
0.10163 77 49
0.10144 0 0
0.10766 82 61
0.10805 81 60
0.10843 79 58
0.10887 77 57
0.10926 75 56
0.10966 74 54
0.11011 72 53
0.10010 70 50
0.10803 79 58
0.10841 77 57
0.10886 75 55
0.10925 74 53
0.10964 72 52
0.11009 70 50
0.11049 69 48
0.10072 67 47
0.10127 65 50
0.10127 70 46
0.10127 74 46
0.07595 77 46
0.02532 0 0
0.10498 77 50
0.10498 75 44
0.12928 74 44
0.09696 72 44
0.03232 0 0
0.45843 72 47
0.17580 70 40
0.05860 0 0
0.11172 70 38
0.11172 72 43
0.43935 74 47
0.21505 0 0
0.10753 74 46
0.10753 75 48
0.44350 77 50
0.21832 0 0
0.10916 77 53
0.11623 79 55
0.21668 80 62
0.21668 77 54
0.21668 74 53
0.22430 70 52
0.22001 69 40
0.22001 70 43
0.22517 68 40
0.22517 65 37
0.10448 63 39
0.10448 0 0
0.10448 63 36
0.10448 0 0
0.10224 63 35
0.10224 0 0
0.10641 63 35
0.10641 0 0
0.10272 72 41
0.10272 0 0
0.10272 72 37
0.10272 0 0
0.10272 72 37
0.10272 0 0
0.10563 72 37
0.10563 0 0
0.10486 65 40
0.10486 0 0
0.10486 65 37
0.10486 0 0
0.10272 70 40
0.10272 0 0
0.10448 70 37
0.10448 0 0
0.20544 68 36
0.15408 67 39
0.05136 0 0
0.10311 65 42
0.10311 0 0
0.10311 63 45
0.10311 0 0
0.10291 79 48
0.10291 0 0
0.10110 79 43
0.10110 0 0
0.10110 78 48
0.10110 0 0
0.10351 77 43
0.10351 0 0
0.10123 76 48
0.10123 0 0
0.10123 75 46
0.10123 0 0
0.10123 74 49
0.10123 0 0
0.10389 73 42
0.10389 0 0
0.10123 72 45
0.10123 0 0
0.10123 72 40
0.10123 0 0
0.10123 77 48
0.10123 0 0
0.10669 77 43
0.10669 0 0
0.41641 70 50
0.44074 0 0
0.10372 63 39
0.10372 0 0
0.10372 63 36
0.10372 0 0
0.10188 63 35
0.10188 0 0
0.10588 63 35
0.10588 0 0
0.10188 72 41
0.10188 0 0
0.10188 72 37
0.10188 0 0
0.10188 72 37
0.10188 0 0
0.10506 72 37
0.10506 0 0
0.10335 65 40
0.10335 0 0
0.10335 65 37
0.10335 0 0
0.10152 70 40
0.10152 0 0
0.10524 70 37
0.10524 0 0
0.20305 68 36
0.15228 67 39
0.05076 0 0
0.10311 65 42
0.10311 0 0
0.10311 63 45
0.10311 0 0
0.10441 79 48
0.10441 0 0
0.10167 79 43
0.10167 0 0
0.10167 78 48
0.10167 0 0
0.10351 77 43
0.10351 0 0
0.10065 76 48
0.10065 0 0
0.10065 75 46
0.10065 0 0
0.10065 74 49
0.10065 0 0
0.10389 73 42
0.10389 0 0
0.10167 72 45
0.10167 0 0
0.10167 72 40
0.10167 0 0
0.10167 77 48
0.10167 0 0
0.10669 77 43
0.10669 0 0
0.41641 70 50
0.65263 0 0
0.20670 70 35
0.20320 73 40
0.20320 76 44
0.20173 79 48
0.20173 73 45
0.20173 72 42
0.20655 70 39
0.20320 69 35
0.20173 68 37
0.20173 74 40
0.20173 75 42
0.20320 77 44
0.20320 71 40
0.20320 70 39
0.21176 68 39
0.20246 67 47
0.20246 66 42
0.20246 65 48
0.20246 70 44
0.20394 63 52
0.20394 69 46
0.20469 62 54
0.20935 63 45
0.20935 66 45
0.20545 65 49
0.20545 62 49
0.20545 66 40
0.20545 63 40
0.20545 65 48
0.20545 62 48
0.20545 66 40
0.20545 63 40
0.20711 65 41
0.20711 62 41
0.20835 67 35
0.20835 63 35
0.20970 68 35
0.20970 65 35
0.21099 65 35
0.21099 62 35
0.10235 63 39
0.10235 0 0
0.10235 63 36
0.10235 0 0
0.10123 63 35
0.10123 0 0
0.10588 63 35
0.10588 0 0
0.10123 72 41
0.10123 0 0
0.10123 72 37
0.10123 0 0
0.10123 72 37
0.10123 0 0
0.10506 72 37
0.10506 0 0
0.10197 65 40
0.10197 0 0
0.10197 65 37
0.10197 0 0
0.10123 70 40
0.10123 0 0
0.10409 70 37
0.10409 0 0
0.20161 68 36
0.15121 67 39
0.05040 0 0
0.10311 65 42
0.10311 0 0
0.10311 63 45
0.10311 0 0
0.10328 72 48
0.10328 0 0
0.10110 84 43
0.10110 0 0
0.10110 83 48
0.10110 0 0
0.10351 82 43
0.10351 0 0
0.10123 81 48
0.10123 0 0
0.10123 80 46
0.10123 0 0
0.10123 79 49
0.10123 0 0
0.10389 78 42
0.10389 0 0
0.10123 77 45
0.10123 0 0
0.10123 77 40
0.10123 0 0
0.10123 82 48
0.10123 0 0
0.10669 82 43
0.10669 0 0
0.41641 75 50
0.64955 0 0
0.20670 70 35
0.20320 73 40
0.20320 76 44
0.20174 79 48
0.20173 73 45
0.20174 72 42
0.20509 70 39
0.20320 69 35
0.20174 68 37
0.20173 74 40
0.20174 75 42
0.20320 77 44
0.20320 71 40
0.20320 70 39
0.21176 68 39
0.20246 67 47
0.20246 66 42
0.20246 65 48
0.20246 70 44
0.20394 63 52
0.20394 69 46
0.20469 62 54
0.20935 63 45
0.20935 66 45
0.20545 65 49
0.20545 62 49
0.20545 66 40
0.20545 63 40
0.20545 65 48
0.20545 62 48
0.20545 66 40
0.20545 63 40
0.20711 65 41
0.20711 62 41
0.20835 67 35
0.20835 63 35
0.20970 68 35
0.20970 65 35
0.21099 65 35
0.21099 62 35
0.10235 63 39
0.10235 0 0
0.10235 63 36
0.10235 0 0
0.10123 63 35
0.10123 0 0
0.10588 63 35
0.10588 0 0
0.10123 72 41
0.10123 0 0
0.10123 72 37
0.10123 0 0
0.10123 72 37
0.10123 0 0
0.10506 72 37
0.10506 0 0
0.10197 65 40
0.10197 0 0
0.10197 65 37
0.10197 0 0
0.10123 70 40
0.10123 0 0
0.10409 70 37
0.10409 0 0
0.20161 68 36
0.15121 67 39
0.05040 0 0
0.10311 65 42
0.10311 0 0
0.10311 63 45
0.10311 0 0
0.10328 72 48
0.10328 0 0
0.10167 84 43
0.10167 0 0
0.10167 83 48
0.10167 0 0
0.10351 82 43
0.10351 0 0
0.10133 81 48
0.10133 0 0
0.10133 80 46
0.10133 0 0
0.10133 79 49
0.10133 0 0
0.10389 78 42
0.10389 0 0
0.10123 77 45
0.10123 0 0
0.10123 77 40
0.10123 0 0
0.10123 82 48
0.10123 0 0
0.10669 82 43
0.10669 0 0
0.41641 75 50
1.03343 0 0
0.20814 71 37
0.20876 72 39
0.20955 74 40
0.21031 75 42
0.20100 76 44
0.10081 77 46
0.10054 0 0
0.20513 89 54
0.20604 88 50
0.20975 87 52
0.20523 86 53
0.20649 84 55
0.20684 82 57
0.20031 80 59
0.09839 79 59
0.09839 0 0
0.10152 87 51
0.10152 0 0
0.09839 77 58
0.09839 0 0
0.10152 86 51
0.10152 0 0
0.09839 75 60
0.09839 0 0
0.10116 84 52
0.10116 0 0
0.09839 74 60
0.09839 0 0
0.10188 82 53
0.30070 0 0
0.19882 82 51
0.19882 79 59
0.20744 76 51
0.19951 77 59
0.19951 81 49
0.09975 84 61
0.09975 0 0
0.09975 84 51
0.29703 0 0
0.10762 84 55
0.10807 82 54
0.10863 81 52
0.10934 79 51
0.11128 77 50
0.10116 76 48
0.09839 77 52
0.09839 72 45
0.09839 77 48
0.10298 81 45
0.09975 84 52
0.09975 0 0
0.10372 84 49
0.20313 0 0
0.10762 81 47
0.10762 84 53
0.10807 82 51
0.10863 81 49
0.10934 79 47
0.11128 77 45
0.10102 76 43
0.10803 77 48
0.10949 78 40
0.11110 81 47
0.11276 79 46
0.11424 77 45
0.11549 75 43
0.12220 74 42
0.11109 73 41
0.20587 74 47
0.20587 0 0
0.21107 75 48
0.21085 0 0
0.41012 76 52
0.20587 77 48
0.10294 74 44
0.05147 0 0
0.05147 74 45
0.09866 72 49
0.09866 0 0
0.10417 71 45
0.10417 0 0
0.10017 72 48
0.10017 0 0
0.10253 74 47
0.10253 0 0
0.41097 77 51
0.20347 75 46
0.10174 69 43
0.10174 0 0
0.09719 70 49
0.09719 0 0
0.41263 70 46
0.20347 71 46
0.09684 72 50
0.09684 0 0
0.41054 72 47
0.20426 73 47
0.09756 74 53
0.09756 0 0
0.10294 72 49
0.10294 0 0
0.09866 74 54
0.09866 0 0
0.10543 75 50
0.10543 72 50
0.10543 0 0
0.40225 74 55
0.40225 70 55
0.15084 72 50
0.15084 69 50
0.05028 0 0
0.10586 70 47
0.10586 72 47
0.20587 74 50
0.20587 0 0
0.21107 75 51
0.21085 0 0
0.41012 76 52
0.20587 77 52
0.10294 74 51
0.05147 0 0
0.05147 74 52
0.09866 72 54
0.09866 0 0
0.10417 71 50
0.10417 0 0
0.10017 72 52
0.10017 0 0
0.10253 74 50
0.10253 0 0
0.41097 77 54
0.20347 75 46
0.10174 69 46
0.10174 0 0
0.09719 70 56
0.09719 0 0
0.20113 82 50
0.10017 82 53
0.10017 0 0
0.10017 82 48
0.10017 0 0
0.09684 72 56
0.09684 0 0
0.20347 79 50
0.10193 79 53
0.10213 0 0
0.10213 79 50
0.10213 0 0
0.09756 70 54
0.09756 0 0
0.10017 70 50
0.10017 0 0
0.04878 72 50
0.04878 74 45
0.04878 72 45
0.04878 70 45
0.10095 72 50
0.10501 74 45
0.40225 70 55
0.20113 0 0
0.10586 70 60
0.10586 0 0
0.09849 82 66
0.09849 79 55
0.09849 0 0
0.41650 82 64
0.41650 79 54
0.21085 79 59
0.21085 75 49
0.09849 77 66
0.09849 74 55
0.09849 0 0
0.41650 77 64
0.41650 74 54
0.21085 74 59
0.21085 70 49
0.09849 72 66
0.09849 69 55
0.09849 0 0
0.41650 72 64
0.41650 69 54
0.21085 75 59
0.21085 72 49
0.19698 73 66
0.19698 69 55
0.20544 74 66
0.20544 70 55
0.16565 74 64
0.16565 70 54
0.05522 0 0
0.10586 70 43
0.10586 0 0
0.09849 82 46
0.09849 79 39
0.09849 0 0
0.41650 82 45
0.41650 79 38
0.21085 79 41
0.21085 75 34
0.09849 77 46
0.09849 74 39
0.09849 0 0
0.41650 77 45
0.41650 74 38
0.21085 74 41
0.21085 70 34
0.09849 72 46
0.09849 69 39
0.09849 0 0
0.41650 72 45
0.41650 69 38
0.21085 75 41
0.21085 72 34
0.19698 73 46
0.19698 69 39
0.20544 74 46
0.20544 70 39
0.16417 74 45
0.16417 70 38
0.05472 0 0
0.10581 70 53
0.10581 0 0
0.10543 82 55
0.10543 0 0
0.10316 82 50
0.10316 0 0
0.10316 82 50
0.10316 0 0
0.10700 82 50
0.10700 0 0
0.10278 76 55
0.10278 0 0
0.10278 76 50
0.10278 0 0
0.10278 76 50
0.10278 0 0
0.10466 76 50
0.10466 0 0
0.10242 84 55
0.10242 0 0
0.10242 84 52
0.10242 0 0
0.10242 84 51
0.10242 0 0
0.10581 84 51
0.10581 0 0
0.10242 75 55
0.10242 0 0
0.10242 75 50
0.10242 0 0
0.10242 75 50
0.10242 0 0
0.10242 75 50
0.10242 0 0
0.10504 74 60
0.10504 0 0
0.10133 82 67
0.10133 0 0
0.10316 81 66
0.10316 0 0
0.10062 80 63
0.10062 0 0
0.10062 79 62
0.10062 0 0
0.10062 78 60
0.10062 0 0
0.10062 77 58
0.10062 0 0
0.10390 76 56
0.10390 0 0
0.20055 77 63
0.20055 74 55
0.20055 72 55
0.21890 77 55
0.41945 69 47
0.40532 75 64
0.40532 72 55
0.20266 74 62
0.20266 70 52
0.41351 0 0
0.20631 78 50
0.20631 79 55
0.21400 82 51
0.30835 85 58
0.05139 87 49
0.05139 85 49
0.20556 84 55
0.20932 82 49
0.20483 81 56
0.20483 69 45
0.20483 72 49
0.21163 75 45
0.30725 78 49
0.05121 80 48
0.05121 78 48
0.20483 77 55
0.20483 75 51
0.21008 74 55
0.10133 70 59
0.10133 0 0
0.10316 72 60
0.10316 0 0
0.10062 74 61
0.10048 0 0
0.10075 75 63
0.10155 0 0
0.10237 76 64
0.10320 0 0
0.10403 77 66
0.10489 0 0
0.10577 78 69
0.10665 0 0
0.33868 79 74
0.11289 0 0
0.45157 82 77
0.45157 79 64
0.45157 73 64
0.22578 0 0
0.20947 79 59
0.20572 81 61
0.21561 82 64
0.10551 82 67
0.10551 84 60
0.10551 86 60
0.10551 87 60
0.10469 89 67
0.10473 87 61
0.10440 86 61
0.10432 84 61
0.10398 82 67
0.10387 81 67
0.10360 79 66
0.10360 77 64
0.10371 75 64
0.10398 74 63
0.10398 72 62
0.10416 70 62
0.05291 72 50
0.05291 74 41
0.05350 72 49
0.05350 74 41
0.05291 72 49
0.05291 74 40
0.05330 72 50
0.05330 74 44
0.05390 72 49
0.05390 74 44
0.05271 72 50
0.05271 74 44
0.05472 72 51
0.05472 74 45
0.05291 72 53
0.05291 74 46
0.05410 72 55
0.05410 74 47
0.05370 72 52
0.05370 74 45
0.05291 72 51
0.05320 74 44
0.05402 72 50
0.05464 74 44
0.05527 72 49
0.05592 74 42
0.05652 72 47
0.05720 74 40
0.07736 72 46
0.08205 70 52
0.08609 72 47
0.21805 70 55
0.87074 0 0
0.21658 74 35
0.21658 77 35
0.21657 75 36
0.21657 72 36
0.22847 74 32
0.22847 70 32
0.43447 75 39
0.43447 79 39
0.64863 0 0
0.21416 75 36
0.21416 79 36
0.21416 77 41
0.21416 81 41
0.22757 82 35
0.22757 79 35
0.43284 74 43
0.43284 77 43
0.65556 0 0
0.21561 74 32
0.21561 70 32
0.21561 72 39
0.21561 75 39
0.22757 77 33
0.22757 74 33
0.42958 75 38
0.42958 72 38
0.65707 0 0
0.22639 65 49
0.22639 62 41
0.22717 64 47
0.22717 67 56
0.23123 63 53
0.23123 69 64
0.23794 70 72
0.23794 62 61
0.23794 0 0
0.23794 74 70
0.23794 65 60
0.23794 0 0
0.23794 70 70
0.23794 62 60
#  Piano left
1.58251 0 0
0.20587 58 30
0.20587 65 23
0.21107 60 23
0.21085 65 23
0.20506 62 23
0.20506 65 23
0.20587 58 23
0.20587 65 25
0.09866 57 30
0.09866 0 0
0.10417 65 23
0.10417 0 0
0.10017 58 25
0.10017 0 0
0.10253 65 25
0.10253 0 0
0.20347 60 25
0.20750 65 25
0.20347 63 25
0.20347 65 24
0.19438 62 31
0.20916 65 24
0.20347 62 31
0.20347 65 24
0.19367 57 32
0.20587 65 26
0.20467 57 32
0.20426 65 27
0.09756 58 32
0.09756 0 0
0.10294 57 28
0.10294 0 0
0.09866 58 28
0.09866 0 0
0.10543 51 28
0.10543 0 0
0.40225 53 32
0.41284 0 0
0.20587 58 30
0.20587 65 23
0.21107 60 23
0.21085 65 23
0.20506 62 23
0.20506 65 23
0.20587 58 23
0.20587 65 25
0.09866 57 30
0.09866 0 0
0.10417 65 23
0.10417 0 0
0.10017 58 25
0.10017 0 0
0.10253 65 25
0.10253 0 0
0.20347 60 25
0.20750 65 25
0.20347 63 25
0.20347 65 24
0.39550 62 31
0.40070 0 0
0.39715 63 23
0.39715 67 32
0.40833 0 0
0.39547 62 30
0.40108 63 28
0.79655 53 25
0.40225 62 32
0.40225 58 28
0.41284 0 0
0.20291 53 30
0.20291 57 23
0.20806 55 23
0.20806 58 23
0.19889 57 23
0.20149 60 23
0.20587 58 23
0.20587 65 25
0.60600 63 30
0.20506 64 30
0.41097 65 25
0.42952 0 0
0.20291 53 30
0.20291 57 23
0.20806 55 23
0.20806 58 23
0.19889 57 23
0.20149 60 23
0.20587 58 23
0.20587 65 25
0.81106 70 37
0.81106 67 30
0.41097 65 25
0.41097 69 30
0.40695 0 0
0.81429 70 37
0.81429 67 30
0.40038 69 30
0.40038 65 25
0.41175 0 0
0.81429 70 37
0.81429 67 30
0.39762 69 30
0.39762 65 25
0.41823 0 0
0.20587 58 30
0.20587 65 23
0.21107 60 23
0.21085 65 23
0.20506 62 23
0.20506 65 23
0.20587 58 23
0.20587 65 25
0.09866 57 30
0.09866 0 0
0.10417 65 23
0.10417 0 0
0.10017 58 25
0.10017 0 0
0.10253 65 25
0.10253 0 0
0.20347 60 25
0.20750 65 25
0.20347 63 25
0.20347 65 24
0.19438 62 31
0.20916 65 24
0.20347 62 31
0.20347 65 24
0.19367 57 32
0.20587 65 26
0.20467 57 32
0.20426 65 27
0.09756 58 32
0.09756 0 0
0.10294 57 28
0.10294 0 0
0.09866 58 28
0.09866 0 0
0.10543 51 28
0.10543 0 0
0.40225 53 32
0.41284 0 0
0.20587 58 30
0.20587 65 23
0.21107 60 23
0.21085 65 23
0.20506 62 23
0.20506 65 23
0.20587 58 23
0.20587 65 25
0.19732 57 30
0.20833 65 23
0.20035 58 25
0.20506 65 25
0.20347 60 25
0.20750 65 25
0.20347 63 25
0.20347 65 24
0.39550 62 31
0.40069 0 0
0.39715 63 27
0.39715 67 32
0.40833 0 0
0.39547 62 30
0.40108 63 28
0.79655 53 21
0.40225 62 32
0.40225 58 28
0.41284 0 0
0.09849 46 59
0.09849 0 0
0.15408 58 54
0.05136 0 0
0.15835 58 54
0.05271 0 0
0.15814 58 54
0.05271 0 0
0.09849 46 59
0.09849 0 0
0.15408 58 54
0.05136 0 0
0.15835 58 54
0.05271 0 0
0.15814 58 54
0.05271 0 0
0.40226 63 57
0.40155 60 52
0.80381 58 57
0.40069 58 52
0.40069 62 52
0.40366 0 0
0.09849 46 59
0.09849 0 0
0.15408 58 54
0.05136 0 0
0.15835 58 54
0.05271 0 0
0.15814 58 54
0.05271 0 0
0.09849 46 59
0.09849 0 0
0.15408 58 54
0.05136 0 0
0.15835 58 54
0.05271 0 0
0.15814 58 54
0.05271 0 0
0.40226 67 57
0.40155 69 52
0.80381 58 57
0.40069 58 52
0.40069 70 52
0.41402 0 0
0.20130 66 36
0.20130 69 30
0.20130 67 30
0.20995 70 30
0.20113 69 36
0.20113 72 32
0.20113 70 32
0.20692 74 32
0.19765 64 36
0.19765 67 32
0.19765 65 32
0.20229 69 32
0.19698 67 36
0.19698 70 31
0.19698 69 31
0.20306 72 31
0.39355 65 36
0.39355 57 36
0.39917 0 0
0.39495 65 36
0.39495 67 36
0.39495 58 36
0.40089 0 0
0.40508 69 36
0.45799 70 31
0.86306 60 36
0.45844 70 36
0.17580 69 33
0.68697 65 36
0.21757 0 0
0.09849 46 59
0.09849 0 0
0.15408 58 54
0.05136 0 0
0.15835 58 54
0.05271 0 0
0.15814 58 54
0.05271 0 0
0.09849 46 59
0.09849 0 0
0.15408 58 54
0.05136 0 0
0.15835 58 54
0.05271 0 0
0.15814 58 54
0.05271 0 0
0.40226 63 57
0.40155 60 52
0.80381 58 57
0.40437 58 52
0.40437 62 52
0.40946 0 0
0.09849 46 59
0.09849 0 0
0.15408 58 54
0.05136 0 0
0.15835 58 54
0.05271 0 0
0.15814 58 54
0.05271 0 0
0.09849 46 59
0.09849 0 0
0.15408 58 54
0.05136 0 0
0.15835 58 54
0.05271 0 0
0.15814 58 54
0.05271 0 0
0.40226 67 57
0.40155 69 52
0.80381 58 57
0.40069 58 52
0.40069 70 52
0.40366 0 0
0.20183 66 36
0.20183 69 30
0.20183 67 30
0.20995 70 30
0.20113 69 36
0.20113 72 32
0.20113 70 32
0.20692 74 32
0.19765 64 36
0.19765 67 32
0.19765 65 32
0.20229 69 32
0.19698 67 36
0.19698 70 31
0.19698 69 31
0.20306 72 31
0.39355 65 36
0.39355 57 36
0.39917 0 0
0.39495 65 36
0.39495 67 36
0.39495 58 36
0.40089 0 0
0.40508 69 36
0.45799 70 31
0.86306 60 36
0.45844 70 36
0.18405 69 33
0.69668 65 36
0.21887 0 0
0.09849 38 59
0.09849 0 0
0.15408 50 54
0.05136 0 0
0.15835 50 54
0.05271 0 0
0.15814 50 54
0.05271 0 0
0.09849 43 59
0.09849 0 0
0.15408 55 54
0.05136 0 0
0.15835 55 54
0.05271 0 0
0.15814 55 54
0.05271 0 0
0.09849 36 59
0.09849 0 0
0.15408 48 54
0.05136 0 0
0.15835 48 54
0.05271 0 0
0.15814 48 54
0.05271 0 0
0.09849 41 59
0.09849 0 0
0.15408 53 54
0.05136 0 0
0.15835 53 54
0.05271 0 0
0.15814 53 54
0.05271 0 0
0.19765 58 38
0.19765 61 34
0.19765 58 34
0.20229 56 34
0.19765 54 38
0.19765 58 34
0.19765 54 34
0.21330 53 34
0.19599 52 34
0.21427 0 0
0.43684 67 30
0.43684 60 25
0.59786 65 37
0.26868 0 0
0.09849 46 59
0.09849 0 0
0.15408 58 54
0.05136 0 0
0.15835 58 54
0.05271 0 0
0.15814 58 54
0.05271 0 0
0.09849 46 59
0.09849 0 0
0.15408 58 54
0.05136 0 0
0.15835 58 54
0.05271 0 0
0.15814 58 54
0.05271 0 0
0.40226 63 57
0.40155 60 52
0.80381 58 57
0.40069 58 52
0.40069 62 52
0.41478 0 0
0.09849 46 59
0.09849 0 0
0.15408 58 54
0.05136 0 0
0.15835 58 54
0.05271 0 0
0.15814 58 54
0.05271 0 0
0.09849 46 59
0.09849 0 0
0.15408 58 54
0.05136 0 0
0.15835 58 54
0.05271 0 0
0.15814 58 54
0.05271 0 0
0.40226 67 57
0.40155 69 52
0.80381 58 57
0.40069 58 52
0.40069 70 52
0.40366 0 0
0.20183 59 36
0.20183 62 30
0.20183 60 30
0.20995 63 30
0.20113 62 36
0.20113 65 32
0.20113 63 32
0.20692 67 32
0.19765 57 36
0.19765 60 32
0.19765 58 32
0.20229 62 32
0.19698 60 36
0.19698 63 31
0.19698 62 31
0.20306 65 31
0.39355 58 36
0.39355 53 36
0.39355 50 36
0.39917 0 0
0.39495 58 36
0.39495 60 36
0.39495 51 36
0.40089 0 0
0.40508 62 36
0.45799 63 31
0.86307 53 36
0.45843 63 36
0.17580 62 33
0.69283 58 36
0.21171 0 0
0.09849 38 59
0.09849 0 0
0.15408 50 54
0.05136 0 0
0.15835 50 54
0.05271 0 0
0.15814 50 54
0.05271 0 0
0.09849 43 59
0.09849 0 0
0.15408 55 54
0.05136 0 0
0.15835 55 54
0.05271 0 0
0.15814 55 54
0.05271 0 0
0.09849 36 59
0.09849 0 0
0.15408 48 54
0.05136 0 0
0.15835 48 54
0.05271 0 0
0.15814 48 54
0.05271 0 0
0.09849 41 59
0.09849 0 0
0.15408 53 54
0.05136 0 0
0.15835 53 54
0.05271 0 0
0.15814 53 54
0.05271 0 0
0.19765 58 38
0.19765 61 34
0.19765 58 34
0.20229 56 34
0.19765 54 38
0.19765 58 34
0.19765 54 34
0.22923 53 34
0.19599 52 34
0.21427 0 0
0.43684 67 30
0.43684 60 25
0.59786 65 37
0.26868 0 0
0.09849 46 59
0.09849 0 0
0.15408 58 54
0.05136 0 0
0.15835 58 54
0.05271 0 0
0.15814 58 54
0.05271 0 0
0.09849 46 59
0.09849 0 0
0.15408 58 54
0.05136 0 0
0.15835 58 54
0.05271 0 0
0.15814 58 54
0.05271 0 0
0.40226 63 57
0.40155 60 52
0.80381 58 57
0.40515 58 52
0.40515 62 52
0.40961 0 0
0.09849 46 59
0.09849 0 0
0.15408 58 54
0.05136 0 0
0.15835 58 54
0.05271 0 0
0.15814 58 54
0.05271 0 0
0.09849 46 59
0.09849 0 0
0.15408 58 54
0.05136 0 0
0.15835 58 54
0.05271 0 0
0.15814 58 54
0.05271 0 0
0.40226 67 57
0.40155 69 52
0.80381 58 57
0.40069 58 52
0.40069 70 52
0.40366 0 0
0.20183 59 36
0.20183 62 30
0.20183 60 30
0.20995 63 30
0.20113 62 36
0.20113 65 32
0.20113 63 32
0.20692 67 32
0.19765 57 36
0.19765 60 32
0.19765 58 32
0.20229 62 32
0.19698 60 36
0.19698 63 31
0.19698 62 31
0.20306 65 31
0.39355 58 36
0.39355 53 36
0.39355 50 36
0.39917 0 0
0.39495 58 36
0.39495 60 36
0.39495 51 36
0.40089 0 0
0.40508 62 36
0.46851 63 31
0.87358 53 36
0.45843 63 36
0.17580 62 33
0.69283 58 36
0.43848 0 0
0.11215 62 33
0.11215 58 26
0.11215 0 0
0.10753 62 33
0.10753 58 26
0.54091 0 0
0.11259 62 33
0.11259 58 26
0.11259 0 0
0.10916 62 33
0.10916 58 26
2.51719 0 0
0.41731 58 29
0.41731 55 24
0.41087 0 0
0.41669 63 29
0.41669 56 24
0.41943 0 0
0.41439 53 29
0.41439 50 24
0.20544 58 29
0.20544 51 24
0.82371 0 0
0.10110 63 30
0.10110 0 0
0.10110 62 35
0.10110 0 0
0.10351 59 32
0.10351 0 0
0.10123 60 35
0.10123 0 0
0.10123 57 29
0.30368 0 0
0.20777 52 31
0.81514 58 35
0.41584 57 35
0.82076 53 35
0.10273 58 39
0.10273 0 0
0.10548 53 36
0.10548 0 0
0.10711 50 35
0.10711 0 0
0.11326 46 35
0.52814 0 0
0.41552 58 29
0.41552 55 24
0.40753 0 0
0.41389 63 29
0.41389 56 24
0.41339 0 0
0.41353 53 29
0.41353 50 24
0.20305 58 29
0.20305 51 24
0.82431 0 0
0.10167 63 30
0.10167 0 0
0.10167 62 35
0.10167 0 0
0.10351 59 32
0.10351 0 0
0.10065 60 35
0.10065 0 0
0.10065 57 29
0.30195 0 0
0.20777 52 31
0.81577 58 35
0.41674 57 35
0.82343 53 35
0.10273 58 39
0.10273 0 0
0.10548 53 36
0.10548 0 0
0.10711 50 35
0.10711 0 0
0.11279 46 35
0.11279 0 0
0.10641 61 46
0.10641 0 0
0.10335 61 39
0.10335 0 0
0.10160 61 39
0.10160 0 0
0.10160 61 39
0.10160 0 0
0.10087 52 44
0.10087 0 0
0.10087 52 39
0.10087 0 0
0.10087 52 39
0.10087 0 0
0.10328 52 39
0.10328 0 0
0.10160 60 44
0.10160 0 0
0.10087 60 38
0.10087 0 0
0.10087 60 38
0.10087 0 0
0.10087 60 39
0.10087 0 0
0.10160 50 44
0.10160 0 0
0.10160 50 37
0.10160 0 0
0.10160 50 37
0.10160 0 0
0.10588 50 39
0.10588 0 0
0.10123 51 41
0.10123 0 0
0.10123 51 42
0.10123 0 0
0.10123 50 44
0.10123 0 0
0.10123 49 47
0.10123 0 0
0.10197 48 49
0.10197 0 0
0.10197 47 49
0.10197 0 0
0.10235 46 47
0.10235 0 0
0.10468 45 47
0.10468 0 0
0.20545 46 50
0.20545 45 44
0.20545 46 50
0.20545 45 44
0.20711 46 44
1.03843 0 0
0.41422 58 35
0.41422 55 29
0.40491 0 0
0.41258 63 35
0.41258 56 29
0.40789 0 0
0.41065 53 35
0.41065 50 29
0.20161 58 35
0.20161 51 29
0.82062 0 0
0.10110 68 30
0.10110 0 0
0.10110 67 35
0.10110 0 0
0.10351 64 32
0.10351 0 0
0.10123 65 35
0.10123 0 0
0.10123 62 29
0.30368 0 0
0.20777 57 31
0.81514 63 35
0.41584 62 35
0.82076 58 35
0.10273 63 39
0.10273 0 0
0.10548 58 36
0.10548 0 0
0.10711 55 35
0.10711 0 0
0.11326 51 35
0.11326 0 0
0.10441 61 46
0.10441 0 0
0.10335 61 39
0.10335 0 0
0.10160 61 39
0.10160 0 0
0.10160 61 39
0.10160 0 0
0.10087 52 44
0.10087 0 0
0.10087 52 39
0.10087 0 0
0.10087 52 39
0.10087 0 0
0.10254 52 39
0.10254 0 0
0.10160 60 44
0.10160 0 0
0.10087 60 38
0.10087 0 0
0.10087 60 38
0.10087 0 0
0.10087 60 39
0.10087 0 0
0.10160 50 44
0.10160 0 0
0.10160 50 37
0.10160 0 0
0.10160 50 37
0.10160 0 0
0.10588 50 39
0.10588 0 0
0.10123 51 41
0.10123 0 0
0.10123 51 42
0.10123 0 0
0.10123 50 44
0.10123 0 0
0.10123 49 47
0.10123 0 0
0.10197 48 49
0.10197 0 0
0.10197 47 49
0.10197 0 0
0.10235 46 47
0.10235 0 0
0.10468 45 47
0.10468 0 0
0.20545 46 50
0.20545 45 44
0.20545 46 50
0.20545 45 44
0.20711 46 44
1.03843 0 0
0.41422 58 35
0.41422 55 29
0.40491 0 0
0.41258 63 35
0.41258 56 29
0.40789 0 0
0.41065 53 35
0.41065 50 29
0.20161 58 35
0.20161 51 29
0.82062 0 0
0.10167 68 30
0.10167 0 0
0.10167 67 35
0.10167 0 0
0.10351 64 32
0.10351 0 0
0.10133 65 35
0.10133 0 0
0.10133 62 29
0.30399 0 0
0.20777 57 31
0.81534 63 35
0.41584 62 35
0.82076 58 35
0.10273 63 39
0.10273 0 0
0.10548 58 36
0.10548 0 0
0.10711 55 35
0.10711 0 0
0.10794 51 35
0.10794 0 0
0.10081 55 35
0.10081 0 0
0.21169 67 38
0.21007 66 39
0.20814 65 39
0.20876 63 40
0.20955 62 41
0.21031 60 42
0.20100 58 43
0.39668 57 44
0.19604 0 0
0.20975 69 40
0.20523 70 45
0.20649 72 40
0.20684 74 44
0.20031 72 42
0.09839 71 49
0.09839 0 0
0.10152 72 43
0.10152 0 0
0.09839 69 49
0.09839 0 0
0.10152 70 44
0.10152 0 0
0.09839 67 49
0.09839 0 0
0.10116 69 43
0.10116 0 0
0.09839 66 48
0.09839 0 0
0.10188 67 43
0.10188 0 0
0.80390 70 57
0.80390 67 48
0.39902 69 35
0.39902 65 29
0.39902 0 0
0.79359 70 39
0.79359 67 33
0.39814 69 32
0.39814 65 27
0.40695 0 0
0.79345 70 35
0.79345 67 29
0.40093 69 33
0.40093 65 28
0.43039 0 0
0.20587 58 29
0.20587 65 23
0.21107 60 23
0.21085 65 23
0.20506 62 23
0.20506 65 23
0.20587 58 23
0.20587 65 25
0.19732 57 30
0.20833 65 23
0.20035 58 25
0.20506 65 25
0.20347 60 25
0.20750 65 25
0.20347 63 25
0.20347 65 24
0.09719 62 31
0.09719 0 0
0.20916 65 24
0.20347 62 31
0.20347 65 24
0.09684 57 32
0.09684 0 0
0.20587 65 26
0.20467 57 32
0.20426 65 27
0.09756 58 32
0.09756 0 0
0.10294 57 28
0.10294 0 0
0.09866 58 28
0.09866 0 0
0.10543 51 28
0.10543 0 0
0.40225 53 32
0.41284 0 0
0.20587 58 30
0.20587 65 23
0.21107 60 23
0.21085 65 23
0.20506 62 23
0.20506 65 23
0.20587 58 23
0.20587 65 25
0.19732 57 30
0.20833 65 23
0.20035 58 25
0.20506 65 25
0.20347 60 25
0.20750 65 25
0.20347 63 25
0.20347 65 24
0.39550 62 31
0.40070 0 0
0.39715 63 25
0.39715 67 32
0.40833 0 0
0.39547 62 32
0.40108 63 28
0.79655 53 27
0.40225 62 32
0.40225 58 28
0.41284 0 0
0.09849 46 59
0.09849 0 0
0.15408 58 54
0.05136 0 0
0.15835 58 54
0.05271 0 0
0.15814 58 54
0.05271 0 0
0.09849 46 59
0.09849 0 0
0.15408 58 54
0.05136 0 0
0.15835 58 54
0.05271 0 0
0.15814 58 54
0.05271 0 0
0.09849 41 59
0.09849 0 0
0.15408 53 54
0.05136 0 0
0.15835 53 54
0.05271 0 0
0.15814 53 54
0.05271 0 0
0.14773 46 59
0.04924 0 0
0.20544 58 54
0.16565 58 54
0.05522 0 0
0.10586 58 34
0.10586 0 0
0.09849 46 41
0.09849 0 0
0.15408 58 37
0.05136 0 0
0.15835 58 37
0.05271 0 0
0.15814 58 37
0.05271 0 0
0.09849 46 41
0.09849 0 0
0.15408 58 37
0.05136 0 0
0.15835 58 37
0.05271 0 0
0.15814 58 37
0.05271 0 0
0.09849 41 41
0.09849 0 0
0.15408 53 37
0.05136 0 0
0.15835 53 37
0.05271 0 0
0.15814 53 37
0.05271 0 0
0.14773 46 41
0.04924 0 0
0.20544 58 37
0.16417 58 37
0.68351 0 0
0.62587 55 55
0.10278 57 50
0.10278 58 50
0.20556 60 55
0.41416 58 50
0.20483 57 55
0.20483 0 0
0.21163 41 46
0.20483 42 48
0.20483 43 49
0.20483 44 51
0.20483 45 52
0.21008 46 55
0.10133 58 50
0.10133 0 0
0.10316 60 50
0.10316 0 0
0.10062 62 49
0.10062 0 0
0.10062 63 48
0.10062 0 0
0.10062 63 48
0.10062 0 0
0.10062 65 46
0.10062 0 0
0.10390 66 45
0.10390 0 0
0.40110 65 49
0.41945 65 49
0.40532 66 52
0.20266 67 49
0.20266 43 49
0.10543 58 44
0.10543 0 0
0.10316 58 34
0.10316 0 0
0.10316 58 34
0.10316 0 0
0.10700 58 34
0.10700 0 0
0.10278 52 39
0.10278 0 0
0.10278 52 35
0.10278 0 0
0.10278 52 35
0.10278 0 0
0.10466 52 35
0.10466 0 0
0.10242 54 44
0.10242 0 0
0.10242 54 35
0.10242 0 0
0.10242 54 35
0.10242 0 0
0.10581 54 35
0.10581 0 0
0.10242 45 44
0.10242 0 0
0.10242 45 36
0.10242 0 0
0.10242 45 36
0.10242 0 0
0.10242 45 36
0.10242 0 0
0.10504 46 48
0.10504 0 0
0.10133 58 49
0.10133 0 0
0.10316 57 51
0.10316 0 0
0.10062 56 55
0.10048 0 0
0.10075 55 57
0.10155 0 0
0.10237 54 59
0.10320 0 0
0.10403 53 62
0.10489 0 0
0.10577 50 64
0.10665 0 0
0.33868 51 67
0.11289 0 0
0.45157 52 69
0.45157 40 58
0.85658 0 0
0.21102 53 56
0.21102 62 47
0.20942 58 47
0.20872 62 47
0.20785 53 52
0.20720 62 44
0.20769 58 44
0.20814 62 44
0.21281 53 49
0.21242 63 27
0.21323 60 34
0.21526 63 34
0.21561 53 41
0.21477 63 34
0.22491 60 35
0.24551 63 35
0.16354 46 38
0.05451 0 0
0.16354 58 31
0.05451 0 0
0.16354 58 31
0.05451 0 0
0.16354 58 31
0.05451 0 0
0.43315 58 38
0.44504 0 0
0.16293 46 35
0.05431 0 0
0.16293 58 31
0.05431 0 0
0.16293 58 31
0.05431 0 0
0.16293 58 31
0.05431 0 0
0.42833 58 35
0.44173 0 0
0.16231 46 35
0.05410 0 0
0.16231 58 30
0.05410 0 0
0.16062 58 30
0.05354 0 0
0.16934 58 30
0.05645 0 0
0.43122 58 35
0.44318 0 0
0.16109 41 40
0.05370 0 0
0.16109 53 35
0.05370 0 0
0.16109 53 35
0.05370 0 0
0.17000 53 35
0.05667 0 0
0.43122 53 38
0.44684 0 0
0.23794 46 47
0.23794 0 0
0.23794 58 49
0.23794 0 0
0.23794 46 49
