"mz_545_3"

#  Piano right
0.58962 0 0
0.08098 79 50
0.08098 76 42
0.24295 0 0
0.08098 79 43
0.08098 76 36
0.24295 0 0
0.23396 76 48
0.23396 72 40
0.40372 0 0
0.07758 77 50
0.07758 74 42
0.23273 0 0
0.07882 77 44
0.07882 74 37
0.23647 0 0
0.23273 74 49
0.23273 71 41
0.39977 0 0
0.16977 72 54
0.16945 74 49
0.16630 76 53
0.16645 72 49
0.16802 69 55
0.16779 71 57
0.16545 72 60
0.16568 73 63
0.16802 74 66
0.16802 76 59
0.16802 77 66
0.16802 74 60
0.16802 72 64
0.16860 71 59
0.17434 69 53
0.15850 67 48
0.07968 79 59
0.07968 76 59
0.23903 0 0
0.07968 79 48
0.07968 76 48
0.23903 0 0
0.23273 76 59
0.23273 72 59
0.39628 0 0
0.07840 81 63
0.07840 77 63
0.23521 0 0
0.07840 81 55
0.07840 77 55
0.23521 0 0
0.23521 74 63
0.23521 71 63
0.40234 0 0
0.17149 81 70
0.17043 79 68
0.16802 77 65
0.15300 76 63
0.16928 73 60
0.16772 74 62
0.16716 76 66
0.15196 77 58
0.15434 69 60
0.15434 72 52
0.15434 71 58
0.15935 74 50
0.32573 72 56
0.35096 0 0
0.08098 79 50
0.08098 76 42
0.24295 0 0
0.08098 79 43
0.08098 76 36
0.24295 0 0
0.23396 76 48
0.23396 72 40
0.40372 0 0
0.07758 77 50
0.07758 74 42
0.23273 0 0
0.07882 77 44
0.07882 74 37
0.23647 0 0
0.23273 74 49
0.23273 71 41
0.39977 0 0
0.17157 72 55
0.17125 74 49
0.16802 76 54
0.16802 72 49
0.16802 69 51
0.16802 71 55
0.16802 72 59
0.16802 73 62
0.16802 74 66
0.16682 76 60
0.16630 77 65
0.16645 74 63
0.16802 72 60
0.16860 71 57
0.17434 69 54
0.15850 67 49
0.07968 79 56
0.07968 76 56
0.23903 0 0
0.07968 79 49
0.07968 76 49
0.23903 0 0
0.23273 76 55
0.23273 72 55
0.39628 0 0
0.07840 81 66
0.07840 77 66
0.23521 0 0
0.07840 81 57
0.07840 77 57
0.23521 0 0
0.23521 74 63
0.23521 71 63
0.40234 0 0
0.17157 81 68
0.17157 79 65
0.17157 77 63
0.15597 76 61
0.16977 73 56
0.16953 74 58
0.16716 76 59
0.15196 77 56
0.15597 69 60
0.15597 72 52
0.15597 71 58
0.15597 74 50
0.32573 72 56
0.32492 0 0
0.16699 76 61
0.16610 78 56
0.07520 79 53
0.07520 0 0
0.08375 79 53
0.08375 0 0
0.16630 81 62
0.16630 79 58
0.16783 78 56
0.16656 76 55
0.07559 74 61
0.07559 0 0
0.07559 74 54
0.07559 0 0
0.07559 74 54
0.07559 0 0
0.08055 74 54
0.08055 0 0
0.16802 76 66
0.16802 74 59
0.16931 72 58
0.16562 71 57
0.16716 88 74
0.16716 86 66
0.16807 84 65
0.16110 83 64
0.16802 80 75
0.16802 81 67
0.16922 83 65
0.16469 84 65
0.16802 76 74
0.16802 78 68
0.16922 79 62
0.16469 81 65
0.17157 79 74
0.17157 78 70
0.17282 76 62
0.16846 74 63
0.07968 86 75
0.07968 83 63
0.23903 0 0
0.07968 86 69
0.07968 83 58
0.23903 0 0
0.23273 83 75
0.23273 79 63
0.39628 0 0
0.07840 84 71
0.07840 81 60
0.23521 0 0
0.07968 84 64
0.07968 81 54
0.23903 0 0
0.23521 81 70
0.23521 78 59
0.40234 0 0
0.17157 79 68
0.17157 81 68
0.17157 83 72
0.15584 79 67
0.17005 75 61
0.16822 76 63
0.16630 79 66
0.15118 76 59
0.15355 74 62
0.15355 71 56
0.15597 72 58
0.16110 69 50
0.16287 67 56
0.51383 0 0
0.15681 67 54
0.15681 69 56
0.15681 71 58
0.16656 72 59
0.16022 74 61
0.48067 0 0
0.15515 71 62
0.15515 72 65
0.15515 74 69
0.16562 76 72
0.15935 77 75
0.47806 0 0
0.15515 74 64
0.15515 76 67
0.15515 77 71
0.16846 79 74
0.08189 81 77
0.24566 0 0
0.08685 80 69
0.26054 0 0
0.09758 79 66
0.29274 0 0
0.10510 78 60
0.31530 0 0
0.44537 77 59
0.44537 0 0
0.08328 79 50
0.08328 76 42
0.24983 0 0
0.08328 79 43
0.08328 76 36
0.24983 0 0
0.23396 76 48
0.23396 72 40
0.40372 0 0
0.07758 77 50
0.07758 74 42
0.23273 0 0
0.07882 77 44
0.07882 74 37
0.23647 0 0
0.23151 74 49
0.23151 71 41
0.39937 0 0
0.16977 72 55
0.16953 74 47
0.16716 76 54
0.16724 72 47
0.16802 69 50
0.16787 71 54
0.16630 72 58
0.16645 73 61
0.16802 74 66
0.16802 76 58
0.16802 77 63
0.16802 74 56
0.16802 72 62
0.16860 71 59
0.17434 69 54
0.15850 67 51
0.07968 79 54
0.07968 76 54
0.23903 0 0
0.07968 79 45
0.07968 76 45
0.23903 0 0
0.23273 76 53
0.23273 72 53
0.39628 0 0
0.07840 81 62
0.07840 77 62
0.23521 0 0
0.07925 81 56
0.07925 77 56
0.23774 0 0
0.23521 74 66
0.23521 71 66
0.40234 0 0
0.17157 81 73
0.17157 79 70
0.17157 77 67
0.15591 76 64
0.16977 73 56
0.16806 74 60
0.16802 76 64
0.15275 77 56
0.15434 69 60
0.15434 72 52
0.15434 71 58
0.15935 74 50
0.32573 72 56
0.98864 0 0
0.16802 76 57
0.16826 75 52
0.17092 77 58
0.15765 76 50
0.63087 0 0
0.16630 76 55
0.16630 75 47
0.16793 77 53
0.16750 76 47
0.07799 76 59
0.07799 84 72
0.23396 0 0
0.08143 76 56
0.08143 84 68
0.24430 0 0
0.15196 72 64
0.15196 81 73
0.46476 0 0
0.07717 83 73
0.07717 74 62
0.23151 0 0
0.08055 83 64
0.08055 74 54
0.24165 0 0
0.15434 80 73
0.15434 71 62
0.46977 0 0
0.15196 81 68
0.15434 76 54
0.15434 72 54
0.15935 69 52
0.15196 72 64
0.14563 70 56
0.00633 0 0
0.07717 70 56
0.07717 0 0
0.15935 70 52
0.15275 74 68
0.14638 73 56
0.00636 0 0
0.07882 73 56
0.07882 0 0
0.07968 73 56
0.07968 0 0
0.15434 76 71
0.07840 74 59
0.07840 0 0
0.15355 77 68
0.07840 76 59
0.07840 0 0
0.15275 79 74
0.07840 77 55
0.07840 0 0
0.15515 77 71
0.07840 76 60
0.07840 0 0
0.15935 76 72
0.08987 75 62
0.08987 0 0
0.67203 84 78
0.33124 75 56
0.33124 76 66
0.33035 0 0
0.15427 83 66
0.15332 80 62
0.15237 76 62
0.16377 74 58
0.15041 72 66
0.15041 76 61
0.15275 81 61
0.16562 80 60
0.15196 81 70
0.15434 76 63
0.15434 72 63
0.16469 69 59
0.15597 68 70
0.15041 71 63
0.15041 76 62
0.16562 80 59
0.15196 83 71
0.15196 80 62
0.15196 76 62
0.16846 74 59
0.15681 72 70
0.15118 76 63
0.15118 81 63
0.16943 80 59
0.15681 81 66
0.15681 76 62
0.15681 72 62
0.16750 69 59
0.31361 64 70
0.35096 0 0
0.07925 76 46
0.07925 72 39
0.23774 0 0
0.08328 76 41
0.08328 72 34
0.24983 0 0
0.15275 72 50
0.15275 69 24
0.46555 0 0
0.07717 74 47
0.07717 71 39
0.23151 0 0
0.08055 74 39
0.08055 71 33
0.24165 0 0
0.15275 71 48
0.15275 68 40
1.11068 0 0
0.16890 64 57
0.16906 63 52
0.17092 65 57
0.15765 64 52
0.63087 0 0
0.15434 88 76
0.15434 87 64
0.15434 89 68
0.16110 88 62
0.15196 86 73
0.15434 85 63
0.15434 88 71
0.15271 86 59
0.00664 0 0
0.15118 86 72
0.11575 84 62
0.03858 0 0
0.07717 84 67
0.07717 0 0
0.15935 83 61
0.11338 83 71
0.03779 0 0
0.15170 81 59
0.07758 81 68
0.07758 0 0
0.08098 79 57
0.08098 0 0
0.15275 79 69
0.07840 77 57
0.07840 0 0
0.15275 77 65
0.07840 76 57
0.07840 0 0
0.15434 76 64
0.07840 74 56
0.07840 0 0
0.15515 74 62
0.08189 72 55
0.08189 0 0
0.15935 70 66
0.16197 77 54
0.16469 74 57
0.17040 70 53
0.33124 69 60
0.33124 68 56
0.33124 69 66
0.33124 0 0
0.15765 68 66
0.15544 74 62
0.15434 71 62
0.16846 68 58
0.31529 69 66
0.32708 0 0
0.15597 68 70
0.15436 74 63
0.15355 71 63
0.16846 68 59
0.31529 69 66
0.32708 0 0
0.15515 68 66
0.15355 74 60
0.15275 71 60
0.16846 68 54
0.15681 69 69
0.15516 76 64
0.15434 72 64
0.19268 69 58
0.16022 71 77
0.16022 77 66
0.16022 74 66
0.16750 71 59
1.04366 0 0
0.08328 79 50
0.08328 76 42
0.24983 0 0
0.08328 79 43
0.08328 76 36
0.24983 0 0
0.23396 76 48
0.23396 72 40
0.40372 0 0
0.07758 77 50
0.07758 74 42
0.23273 0 0
0.07882 77 44
0.07882 74 37
0.23647 0 0
0.23151 74 49
0.23151 71 41
0.39937 0 0
0.16977 72 53
0.16953 74 47
0.16716 76 53
0.16724 72 47
0.16802 69 50
0.16787 71 53
0.16630 72 58
0.16645 73 62
0.16802 74 66
0.16802 76 56
0.16802 77 62
0.16802 74 60
0.16802 72 67
0.16860 71 62
0.17434 69 58
0.15850 67 47
0.07968 79 50
0.07968 76 42
0.23903 0 0
0.07968 79 43
0.07968 76 36
0.23903 0 0
0.23273 76 48
0.23273 72 40
0.39628 0 0
0.07840 81 62
0.07840 77 62
0.23521 0 0
0.07925 81 55
0.07925 77 55
0.23774 0 0
0.23521 74 60
0.23521 71 60
0.40234 0 0
0.17157 81 70
0.17157 79 67
0.17157 77 64
0.15597 76 61
0.16802 73 57
0.16802 74 58
0.16802 76 59
0.15275 77 56
0.15434 69 60
0.15434 72 52
0.15434 71 58
0.15935 74 50
0.32573 72 56
0.35096 0 0
0.15434 71 61
0.15434 77 56
0.15196 74 56
0.16377 71 56
0.15118 81 61
0.15118 79 57
0.15196 77 59
0.16022 76 61
0.15434 74 68
0.15434 77 62
0.15275 74 61
0.16110 71 61
0.15118 81 72
0.15118 79 61
0.15118 77 61
0.16750 76 61
0.15186 86 74
0.15284 84 64
0.15450 83 64
0.15439 81 64
0.00671 0 0
0.15331 81 71
0.15405 79 61
0.07758 77 61
0.07787 0 0
0.08143 76 61
0.08143 0 0
0.15681 76 67
0.15681 74 57
0.07840 72 57
0.07840 0 0
0.09043 71 57
0.09043 0 0
0.32938 74 61
0.32938 72 57
0.15574 71 61
0.15489 77 56
0.15393 74 56
0.16377 71 56
0.15355 81 61
0.15355 79 57
0.15196 77 59
0.16022 76 61
0.15434 74 68
0.15434 77 62
0.15196 74 61
0.16110 71 61
0.15355 81 72
0.15355 79 61
0.15355 77 61
0.16750 76 61
0.15186 86 77
0.15284 84 64
0.15450 83 64
0.15439 81 64
0.00671 0 0
0.15331 81 80
0.15405 79 69
0.07758 77 70
0.07787 0 0
0.08143 76 71
0.08143 0 0
0.15681 76 83
0.15681 74 71
0.07840 72 69
0.07840 0 0
0.08569 71 75
0.08249 0 0
0.15118 72 86
0.15099 76 75
0.15041 67 80
0.15515 72 75
0.15118 64 80
0.15118 67 75
0.15118 60 80
0.16562 64 75
0.15515 67 71
0.15196 72 73
0.15196 76 74
0.15196 72 62
0.13006 79 77
0.13006 76 63
0.04335 0 0
0.15935 79 80
0.15935 76 67
0.15935 77 75
0.15935 74 63
0.07799 76 74
0.07799 72 62
0.07799 0 0
0.07799 74 73
0.07799 71 61
0.07773 0 0
0.15405 72 83
0.15292 76 73
0.15196 67 77
0.15196 72 72
0.15515 64 83
0.15275 67 71
0.15275 60 78
0.16562 64 74
0.15515 67 71
0.15515 72 73
0.15515 76 74
0.15515 72 62
0.13006 79 77
0.13006 76 63
0.04335 0 0
0.15935 79 80
0.15935 76 67
0.15935 77 75
0.15935 74 63
0.07968 76 74
0.07968 72 62
0.07968 0 0
0.08987 74 73
0.08987 71 61
0.08987 0 0
0.33201 72 88
0.26991 76 67
0.26991 79 67
0.26991 84 80
0.08997 0 0
0.29660 72 85
0.29660 64 72
0.09887 0 0
0.34425 72 83
0.34425 64 67
0.11475 0 0
0.91799 72 86
0.91799 64 73
#  Piano left
1.23750 0 0
0.07799 57 30
0.07799 60 36
0.23396 0 0
0.08143 57 28
0.08143 60 34
0.24430 0 0
0.15515 53 24
0.15515 57 29
0.47044 0 0
0.07758 59 40
0.07758 55 34
0.23273 0 0
0.08055 59 33
0.08055 55 28
0.24165 0 0
0.15434 55 38
0.15434 52 32
0.45670 0 0
0.91181 53 42
0.30550 50 38
0.30550 55 44
0.95441 0 0
0.07758 57 30
0.07758 60 36
0.23273 0 0
0.07968 57 28
0.07968 60 34
0.23903 0 0
0.15681 50 24
0.15681 53 29
0.47042 0 0
0.07840 59 46
0.07840 55 39
0.23521 0 0
0.08098 59 37
0.08098 55 31
0.24295 0 0
0.15597 52 44
0.15597 48 37
0.46090 0 0
0.91905 53 35
0.91905 57 42
0.31369 55 36
0.31369 65 43
0.32573 60 43
0.32573 64 51
0.17548 48 47
0.82336 0 0
0.07799 57 30
0.07799 60 36
0.23396 0 0
0.08143 57 28
0.08143 60 34
0.24430 0 0
0.15515 53 24
0.15515 57 29
0.47044 0 0
0.07758 59 40
0.07758 55 34
0.23273 0 0
0.08055 59 33
0.08055 55 28
0.24165 0 0
0.15597 55 38
0.15597 52 32
0.46147 0 0
0.91545 53 42
0.30236 50 38
0.30550 55 44
0.95441 0 0
0.07758 57 30
0.07758 60 36
0.23273 0 0
0.07968 57 28
0.07968 60 34
0.23903 0 0
0.15681 50 24
0.15681 53 29
0.47042 0 0
0.07840 59 46
0.07840 55 39
0.23521 0 0
0.08098 59 37
0.08098 55 31
0.24295 0 0
0.15597 52 44
0.15597 48 37
0.46792 0 0
0.92454 53 35
0.92454 57 42
0.31195 55 36
0.31195 65 43
0.32573 60 43
0.32573 64 51
0.16287 48 47
0.16205 0 0
0.16699 60 40
0.16610 67 36
0.16716 64 36
0.16750 67 36
0.16630 59 40
0.16630 67 35
0.16783 62 35
0.16656 67 35
0.16630 54 40
0.16630 62 36
0.16729 57 36
0.16110 62 36
0.16802 55 40
0.16802 62 36
0.16931 59 36
0.16562 62 36
0.16716 47 44
0.16716 55 38
0.16807 50 38
0.16110 55 38
0.16802 48 47
0.16802 57 40
0.16922 52 40
0.16469 57 40
0.16802 49 48
0.16802 57 40
0.16922 52 39
0.16469 57 39
0.31195 50 48
0.96185 0 0
0.07758 64 45
0.07758 67 53
0.23273 0 0
0.07968 64 39
0.07968 67 46
0.23903 0 0
0.15681 60 25
0.15681 64 36
0.47551 0 0
0.07840 66 50
0.07840 62 42
0.23521 0 0
0.08098 66 47
0.08098 62 39
0.24295 0 0
0.15597 62 67
0.15597 59 56
0.46779 0 0
0.61016 48 53
0.91725 55 63
0.31707 54 52
0.62417 50 45
0.16287 55 64
0.16287 0 0
0.17548 43 54
0.81245 0 0
0.16022 59 64
0.16022 55 54
0.16022 0 0
0.16022 43 54
0.79129 0 0
0.15935 59 70
0.15935 55 70
0.15935 0 0
0.15935 43 57
3.83588 0 0
0.07799 57 30
0.07799 60 36
0.23396 0 0
0.08143 57 28
0.08143 60 34
0.24430 0 0
0.15515 53 24
0.15515 57 29
0.47044 0 0
0.07717 59 40
0.07717 55 34
0.23151 0 0
0.08055 59 33
0.08055 55 28
0.24165 0 0
0.15434 55 38
0.15434 52 32
0.45826 0 0
0.91336 53 42
0.30550 50 38
0.30550 55 44
0.95441 0 0
0.07758 57 30
0.07758 60 36
0.23273 0 0
0.07968 57 28
0.07968 60 34
0.23903 0 0
0.15681 50 24
0.15681 53 29
0.47380 0 0
0.07840 59 46
0.07840 55 39
0.23521 0 0
0.08098 59 37
0.08098 55 31
0.24295 0 0
0.15597 52 44
0.15597 48 37
0.46786 0 0
0.92141 53 35
0.92141 57 42
0.31369 55 36
0.31369 65 43
0.32573 60 43
0.32573 64 51
0.17548 48 47
0.17548 0 0
0.07799 60 45
0.07799 64 53
0.23396 0 0
0.08143 60 37
0.08143 64 44
0.24430 0 0
0.15275 57 38
0.15275 60 45
0.46555 0 0
0.07717 62 48
0.07717 59 40
0.23151 0 0
0.08055 62 38
0.08055 59 32
0.24165 0 0
0.15118 59 48
0.15118 56 40
1.10754 0 0
0.16716 64 60
0.16748 63 53
0.17092 65 58
0.15765 64 52
0.63087 0 0
0.16977 64 58
0.16977 63 50
0.17045 65 57
0.15439 64 50
0.00671 0 0
0.61999 64 60
0.61999 60 60
0.61761 65 57
0.61761 62 48
0.62250 67 58
0.62250 64 49
0.31114 65 62
0.31035 61 58
0.30955 62 64
0.31196 64 60
1.24301 69 52
0.33910 65 57
0.33910 69 67
0.34079 0 0
0.33124 69 43
0.33124 65 36
0.33124 0 0
0.16562 52 43
0.16562 64 39
0.16562 56 39
0.16473 64 39
0.15427 59 46
0.15332 64 39
0.15237 56 39
0.16377 64 39
0.15041 52 47
0.15041 64 41
0.15275 57 41
0.16562 64 41
0.15196 60 48
0.15434 64 40
0.15434 57 40
0.16469 64 40
0.15597 52 52
0.15041 64 42
0.15041 56 42
0.16562 64 42
0.15196 59 52
0.15196 64 43
0.15196 56 43
0.16846 64 43
0.15681 52 51
0.15118 64 43
0.15118 57 43
0.16943 64 43
0.15681 60 52
0.15681 64 43
0.15681 57 43
0.16471 64 43
0.00279 0 0
0.31361 52 51
1.00106 0 0
0.16802 64 46
0.16826 63 39
0.17092 65 46
0.15765 64 39
0.63087 0 0
0.16802 64 45
0.16802 63 39
0.16950 65 46
0.16750 64 39
0.07799 60 59
0.07799 52 50
0.23396 0 0
0.08143 60 54
0.08143 52 44
0.24430 0 0
0.15355 57 60
0.15355 48 51
0.46634 0 0
0.07717 59 57
0.07717 50 48
0.23151 0 0
0.08055 59 49
0.08055 50 41
0.24165 0 0
0.15434 56 60
0.15434 47 51
0.46977 0 0
0.61999 59 47
0.61999 56 39
0.30552 60 50
0.30552 57 42
0.31369 62 50
0.31369 59 42
0.30288 60 43
0.31712 61 43
0.62000 64 51
0.30955 62 55
0.30955 64 51
0.31114 65 57
0.31892 64 53
1.24918 69 46
0.65641 62 50
0.65641 65 59
0.33124 60 43
0.33124 59 43
0.66247 52 36
0.16562 57 43
0.16562 60 39
0.16562 64 39
0.16562 60 39
0.15765 52 46
0.15544 59 39
0.15434 62 39
0.16846 59 39
0.15765 57 47
0.15765 60 41
0.15765 64 41
0.16943 60 41
0.15597 52 48
0.15436 59 40
0.15355 62 40
0.16846 59 40
0.15765 57 47
0.15765 60 41
0.15765 64 41
0.16943 60 41
0.15515 52 43
0.15355 59 35
0.15275 62 37
0.16846 59 40
0.15681 57 52
0.15516 60 43
0.15434 64 44
0.19268 60 45
0.16022 55 57
0.16022 62 45
0.16022 65 46
0.16750 62 46
1.70988 0 0
0.07799 57 30
0.07799 60 36
0.23396 0 0
0.08143 57 28
0.08143 60 34
0.24430 0 0
0.15515 53 24
0.15515 57 29
0.47044 0 0
0.07717 59 40
0.07717 55 34
0.23151 0 0
0.08055 59 33
0.08055 55 28
0.24165 0 0
0.15434 55 38
0.15434 52 32
0.45826 0 0
0.91336 53 42
0.30550 50 38
0.30550 55 44
0.95441 0 0
0.07758 57 30
0.07758 60 36
0.23273 0 0
0.07968 57 28
0.07968 60 34
0.23903 0 0
0.15681 50 24
0.15681 53 29
0.47380 0 0
0.07840 59 46
0.07840 55 39
0.23521 0 0
0.08098 59 37
0.08098 55 31
0.24295 0 0
0.15597 52 44
0.15597 48 37
0.46792 0 0
0.91967 53 35
0.91967 57 42
0.31369 55 36
0.31369 65 43
0.32573 60 43
0.32573 64 51
0.17548 48 47
0.17548 0 0
0.15434 53 44
0.15434 59 38
0.15196 55 38
0.16377 59 38
0.15118 52 44
0.15118 60 39
0.15196 55 41
0.16022 60 42
0.15434 53 48
0.15434 59 41
0.15275 55 41
0.16110 59 42
0.15118 52 51
0.15118 60 44
0.15118 55 44
0.16750 60 44
0.15186 53 53
0.15284 62 44
0.15450 57 44
0.16110 62 44
0.15331 55 51
0.15405 64 44
0.15545 60 44
0.16287 64 44
0.15681 55 50
0.15681 65 41
0.15681 62 41
0.18085 65 44
0.16469 60 44
0.16469 67 36
0.16469 64 39
0.16469 67 36
0.15574 53 44
0.15489 59 38
0.15393 55 38
0.16377 59 38
0.15355 52 44
0.15355 60 39
0.15196 55 41
0.16022 60 42
0.15434 53 48
0.15434 59 41
0.15196 55 41
0.16110 59 42
0.15355 52 51
0.15355 60 44
0.15355 55 44
0.16750 60 44
0.15186 53 53
0.15284 62 46
0.15450 57 46
0.16110 62 46
0.15331 55 51
0.15405 64 48
0.15545 60 49
0.16287 64 51
0.15681 55 57
0.15681 65 51
0.15681 62 55
0.16819 65 58
0.15118 60 67
0.15099 64 58
0.15041 55 60
0.15515 60 56
0.15118 52 62
0.15118 55 55
0.15118 48 58
0.16562 52 49
0.30711 55 63
0.32537 0 0
0.31871 43 63
0.31169 0 0
0.15405 60 67
0.15292 64 56
0.15196 55 60
0.15196 60 56
0.15515 52 64
0.15275 55 56
0.15275 48 60
0.16562 52 53
0.31030 55 67
0.32856 0 0
0.31871 43 63
0.33910 0 0
0.33201 48 71
0.33201 36 59
0.26991 52 63
0.26991 40 53
0.08997 0 0
0.29660 55 71
0.29660 43 59
0.09887 0 0
0.34425 52 63
0.34425 40 53
0.11475 0 0
0.91799 48 73
0.91799 36 61
