"schub_d760_1"

#  Piano right
0.41234 64 88
0.41234 52 74
0.41234 55 74
0.41234 60 74
0.10056 64 83
0.10056 52 70
0.10056 55 70
0.10056 60 70
0.10056 0 0
0.10056 64 83
0.10056 52 70
0.10056 55 70
0.10056 60 70
0.10056 0 0
0.41234 64 88
0.41234 52 74
0.41234 55 74
0.41234 60 74
0.10056 64 82
0.10056 52 69
0.10056 55 69
0.10056 60 69
0.10056 0 0
0.10056 64 82
0.10056 52 69
0.10056 55 69
0.10056 60 69
0.10056 0 0
0.20544 64 88
0.20544 52 74
0.20544 55 74
0.20544 60 74
0.10272 48 79
0.10260 52 81
0.10272 55 83
0.10358 60 85
0.10446 64 89
0.10459 67 91
0.41835 71 88
0.41835 59 88
0.10459 72 84
0.10459 60 70
0.10459 0 0
0.10459 72 84
0.10459 60 70
0.10459 0 0
0.21898 73 91
0.21898 65 76
0.21898 67 76
0.21898 71 91
0.21898 0 0
0.21898 74 85
0.21898 67 71
0.21898 65 71
0.21898 71 85
1.11005 0 0
0.41234 62 76
0.41234 53 64
0.41234 55 64
0.41234 59 64
0.10056 62 72
0.10056 53 60
0.10056 55 60
0.10056 59 60
0.10056 0 0
0.10056 62 72
0.10056 53 60
0.10056 55 60
0.10056 59 60
0.10056 0 0
0.41234 62 76
0.41234 53 64
0.41234 55 64
0.41234 59 64
0.10056 62 71
0.10056 53 59
0.10056 55 59
0.10056 59 59
0.10056 0 0
0.10056 62 71
0.10056 53 59
0.10056 55 59
0.10056 59 59
0.10056 0 0
0.20544 62 76
0.20544 53 64
0.20544 55 64
0.20544 59 64
0.10272 55 68
0.10260 59 70
0.10272 62 72
0.10358 65 74
0.10446 67 76
0.10459 71 78
0.41835 73 88
0.41835 61 88
0.10459 74 83
0.10459 62 70
0.10459 0 0
0.10459 74 83
0.10459 62 70
0.10459 0 0
0.21898 75 91
0.21898 63 77
0.21898 67 77
0.21898 72 91
0.21898 0 0
0.21898 76 84
0.21898 67 71
0.21898 64 71
0.21898 72 84
0.43782 0 0
0.10135 55 64
0.10135 60 66
0.09804 64 68
0.09804 67 70
0.09804 72 72
0.09804 76 74
0.41379 79 78
0.41379 76 66
0.41379 67 66
0.19192 79 70
0.19192 76 58
0.19192 67 58
0.01010 0 0
0.19192 79 70
0.19192 76 58
0.19192 67 58
0.01010 0 0
0.62961 79 78
0.62961 74 65
0.62961 67 65
0.20202 79 80
0.20202 74 67
0.20202 67 67
0.40808 84 88
0.40808 79 74
0.40808 72 74
0.00430 0 0
0.19588 84 75
0.19588 78 63
0.19588 72 63
0.01031 0 0
0.19588 84 73
0.19588 78 61
0.19588 72 61
0.01031 0 0
0.21352 83 76
0.21352 79 64
0.21352 71 64
0.10067 55 64
0.10067 60 66
0.09804 64 68
0.09804 67 70
0.09804 72 72
0.09804 76 74
0.40948 79 78
0.40948 76 66
0.40948 67 66
0.00431 0 0
0.20202 79 70
0.20202 76 58
0.20202 67 58
0.20202 79 70
0.20202 76 58
0.20202 67 58
0.62961 79 78
0.62961 74 65
0.62961 67 65
0.20202 79 80
0.20202 74 67
0.20202 67 67
0.40808 84 88
0.40808 79 74
0.40808 72 74
0.00430 0 0
0.19588 84 75
0.19588 78 63
0.19588 72 63
0.01031 0 0
0.19588 84 73
0.19588 78 61
0.19588 72 61
0.01031 0 0
0.20619 83 76
0.20619 79 64
0.20619 71 64
0.10067 60 64
0.10067 65 66
0.09804 69 68
0.09804 72 70
0.09804 77 72
0.09804 81 74
0.40948 84 85
0.40948 81 72
0.40948 72 72
0.00431 0 0
0.19192 84 77
0.19192 81 63
0.19192 72 63
0.01010 0 0
0.19192 84 77
0.19192 81 63
0.19192 72 63
0.01010 0 0
0.64111 84 85
0.64111 79 71
0.64111 72 71
0.21352 84 88
0.21352 79 73
0.21352 72 73
0.40808 89 96
0.40808 84 81
0.40808 77 81
0.00430 0 0
0.19588 89 90
0.19588 83 75
0.19588 77 75
0.01031 0 0
0.19588 89 88
0.19588 83 73
0.19588 77 73
0.01031 0 0
0.40808 88 92
0.40808 83 76
0.40808 76 76
0.00430 0 0
0.39983 76 73
0.39983 81 73
0.39983 88 88
0.00421 0 0
0.41237 86 95
0.41237 81 81
0.41237 74 81
0.19588 86 88
0.19588 80 74
0.19588 74 74
0.01031 0 0
0.19588 86 85
0.19588 80 71
0.19588 74 71
0.01031 0 0
0.41237 84 89
0.41237 81 74
0.41237 72 74
0.41379 69 56
0.41379 72 56
0.41379 81 67
0.10441 76 42
0.10441 69 35
0.10381 81 44
0.10309 76 45
0.10309 69 38
0.10251 81 47
0.10181 76 49
0.10181 69 41
0.10112 81 51
0.10056 76 53
0.10056 69 45
0.09989 81 54
0.09934 76 56
0.09934 69 47
0.09901 81 58
0.09890 76 60
0.09890 69 51
0.09868 81 62
0.09858 76 63
0.09858 69 53
0.09836 81 65
0.09815 76 67
0.09815 69 56
0.09804 81 69
0.09709 75 73
0.09709 69 62
0.09688 81 74
0.09657 75 75
0.09657 69 63
0.09636 81 76
0.09605 75 78
0.09605 69 66
0.09585 81 80
0.09605 75 81
0.09605 69 69
0.09615 81 83
0.09646 75 85
0.09646 69 71
0.09657 81 86
0.09677 75 87
0.09677 69 74
0.09698 81 89
0.20408 81 90
0.20408 75 90
0.20408 69 77
0.20408 81 93
0.20408 75 93
0.20408 69 78
0.10601 81 100
0.10601 75 84
0.10601 69 84
0.10601 0 0
0.10169 81 90
0.10169 71 75
0.10169 75 75
0.10169 83 90
0.10169 0 0
0.10345 83 90
0.10345 71 75
0.10345 75 75
0.10345 81 90
0.10345 0 0
0.10169 83 90
0.10169 71 75
0.10169 75 75
0.10169 81 90
0.10169 0 0
0.10170 83 90
0.10170 71 75
0.10170 75 75
0.10170 81 90
0.10169 0 0
0.10169 83 90
0.10169 71 75
0.10169 75 75
0.10169 81 90
0.10169 0 0
0.10381 83 90
0.10381 71 75
0.10381 75 75
0.10381 81 90
0.10381 0 0
0.10381 83 90
0.10381 71 75
0.10381 75 75
0.10381 81 90
0.10381 0 0
0.20906 83 101
0.20906 71 85
0.20906 76 85
0.20906 80 85
0.20906 0 0
0.20906 76 86
0.20906 88 102
0.20906 83 86
0.20906 80 86
1.04529 0 0
0.40805 64 36
0.40805 52 29
0.40805 55 29
0.40805 60 29
0.00430 0 0
0.10056 64 34
0.10056 52 28
0.10056 55 28
0.10056 60 28
0.10056 0 0
0.10056 64 34
0.10056 52 28
0.10056 55 28
0.10056 60 28
0.10056 0 0
0.40805 64 36
0.40805 52 29
0.40805 55 29
0.40805 60 29
0.00430 0 0
0.10056 64 33
0.10056 52 27
0.10056 55 27
0.10056 60 27
0.10056 0 0
0.10056 64 33
0.10056 52 27
0.10056 55 27
0.10056 60 27
0.10056 0 0
0.20544 64 36
0.20544 52 29
0.20544 55 29
0.20544 60 29
0.10272 48 32
0.10260 52 33
0.10272 55 34
0.10358 60 35
0.10446 64 36
0.10459 67 37
0.41835 71 36
0.41835 59 36
0.10459 72 34
0.10459 60 28
0.10459 0 0
0.10459 72 34
0.10459 60 28
0.10459 0 0
0.21898 73 37
0.21898 65 31
0.21898 67 31
0.21898 71 37
0.21898 0 0
0.26906 74 35
0.26906 67 28
0.26906 65 28
0.26906 71 35
0.26906 0 0
0.90226 83 35
0.90226 77 35
0.90226 79 35
0.90226 86 35
0.40805 62 31
0.40805 53 25
0.40805 55 25
0.40805 59 25
0.00430 0 0
0.10056 62 28
0.10056 53 24
0.10056 55 24
0.10056 59 24
0.10056 0 0
0.10056 62 28
0.10056 53 24
0.10056 55 24
0.10056 59 24
0.10056 0 0
0.40805 62 31
0.40805 53 25
0.40805 55 25
0.40805 59 25
0.00430 0 0
0.10056 62 28
0.10056 53 23
0.10056 55 23
0.10056 59 23
0.10056 0 0
0.10056 62 28
0.10056 53 23
0.10056 55 23
0.10056 59 23
0.10056 0 0
0.20544 62 31
0.20544 53 25
0.20544 55 25
0.20544 59 25
0.10272 55 27
0.10260 59 28
0.10272 62 28
0.10358 65 29
0.10446 67 31
0.10459 71 32
0.41835 73 36
0.41835 61 36
0.10459 74 34
0.10459 62 28
0.10459 0 0
0.10459 74 34
0.10459 62 28
0.10459 0 0
0.21898 75 37
0.21898 63 31
0.21898 67 31
0.21898 72 37
0.21898 0 0
0.27149 76 34
0.27149 67 28
0.27149 64 28
0.27149 72 34
0.27149 0 0
0.90226 84 35
0.90226 76 35
0.90226 79 35
0.90226 88 35
0.22556 0 0
0.10870 55 27
0.10870 60 28
0.10870 64 28
0.10870 67 29
0.10870 72 31
0.10870 76 32
0.36290 79 37
0.36290 67 30
0.36290 72 30
0.12097 0 0
0.30769 77 36
0.30769 72 29
0.30769 65 29
0.30769 0 0
0.90226 77 28
0.90226 84 35
0.22556 0 0
0.10870 57 24
0.10870 60 25
0.10870 65 25
0.10870 69 26
0.10870 72 27
0.10870 77 27
0.37190 81 32
0.37190 69 26
0.37190 72 26
0.12397 0 0
0.33520 79 32
0.33520 72 26
0.33520 67 26
0.33520 0 0
1.80451 79 25
1.80451 84 31
1.80451 72 25
0.20270 0 0
0.10135 60 76
0.10135 64 78
0.10135 67 80
0.10135 72 82
0.10135 76 84
0.10135 79 86
0.84645 84 93
0.84645 72 79
0.84645 77 79
0.84645 80 79
0.81356 79 77
0.81356 71 77
0.81356 77 77
0.81356 83 91
0.41667 79 78
0.41667 84 92
0.41667 72 78
0.41667 78 76
0.41667 76 76
0.41667 88 90
0.41667 81 76
0.22472 79 79
0.22472 74 79
0.22472 86 94
0.22472 83 79
0.10067 62 76
0.10067 67 79
0.10067 71 82
0.10067 74 85
0.10067 79 88
0.10067 83 91
0.84645 84 93
0.84645 72 79
0.84645 77 79
0.84645 80 79
0.81356 79 77
0.81356 71 77
0.81356 77 77
0.81356 83 91
0.42254 79 78
0.42254 84 92
0.42254 72 78
0.42253 78 76
0.42253 76 76
0.42253 88 90
0.42253 81 76
0.21127 79 79
0.21127 74 79
0.21127 86 94
0.21127 83 79
0.10417 67 76
0.10417 71 79
0.10417 74 82
0.10417 79 85
0.10417 83 88
0.10417 86 91
0.85040 91 93
0.85040 79 79
0.85040 82 79
0.85040 85 79
0.82193 0 0
0.10381 88 89
0.10381 91 82
0.10381 88 82
0.10381 85 82
0.10381 82 86
0.10381 79 75
0.10381 76 75
0.11070 73 75
0.10381 76 81
0.10381 79 73
0.10381 76 73
0.10381 73 73
0.10381 70 80
0.10381 67 74
0.10381 64 74
0.10989 61 74
0.10417 64 77
0.10417 67 58
0.10417 64 58
0.10417 61 58
0.10417 64 64
0.10417 67 53
0.10369 64 52
0.10345 61 52
0.10309 64 57
0.10298 67 48
0.10274 64 48
0.10251 61 48
0.10239 64 54
0.10204 67 46
0.10193 64 46
0.10169 61 46
0.10135 62 50
0.10135 67 41
0.10135 62 41
0.10135 55 41
0.10135 62 49
0.10135 67 41
0.10135 62 41
0.10135 55 41
0.10135 62 48
0.10135 67 41
0.10135 62 41
0.10135 55 41
0.10101 62 48
0.10147 67 41
0.10193 62 40
0.10251 55 40
0.10274 0 0
0.10274 64 41
0.10274 71 41
0.10274 64 41
0.41096 59 55
0.10274 0 0
0.10274 64 41
0.10274 71 41
0.10274 64 41
0.41096 59 53
0.10274 0 0
0.10274 64 41
0.10274 71 41
0.10274 64 41
0.41096 59 52
0.10274 0 0
0.10274 64 41
0.10274 69 40
0.10274 64 40
0.41096 57 52
0.10393 59 50
0.10477 62 41
0.10514 69 41
0.10551 62 41
0.10588 59 49
0.10626 62 41
0.10664 67 41
0.10702 62 41
0.10714 60 48
0.10714 62 41
0.10779 67 41
0.10962 62 41
0.11111 60 48
0.11111 62 41
0.11111 66 40
0.12552 62 40
0.85040 91 93
0.85040 79 79
0.85040 82 79
0.85040 85 79
0.82193 0 0
0.10381 88 89
0.10381 91 82
0.10381 88 82
0.10381 85 82
0.10381 82 86
0.10381 79 75
0.10381 76 75
0.11070 73 75
0.10381 76 81
0.10381 79 73
0.10381 76 73
0.10381 73 73
0.10381 70 80
0.10381 67 74
0.10381 64 74
0.10989 61 74
0.10417 64 77
0.10417 67 58
0.10417 64 58
0.10417 61 58
0.10417 64 64
0.10417 67 53
0.10369 64 52
0.10345 61 52
0.10309 64 57
0.10298 67 48
0.10274 64 48
0.10251 61 48
0.10239 64 54
0.10204 67 46
0.10193 64 46
0.10169 61 46
0.10135 64 50
0.10135 67 41
0.10135 64 41
0.10135 55 41
0.10135 64 49
0.10135 67 41
0.10135 64 41
0.10135 55 41
0.10135 64 48
0.10135 67 41
0.10135 64 41
0.10135 55 41
0.10101 64 48
0.10147 67 41
0.10193 64 40
0.10251 55 40
0.10274 0 0
0.10274 64 41
0.10274 71 41
0.10274 64 41
0.41096 59 55
0.10274 0 0
0.10274 64 41
0.10274 71 41
0.10274 64 41
0.41096 59 53
0.10274 0 0
0.10274 64 41
0.10274 71 41
0.10274 64 41
0.41096 59 52
0.10321 0 0
0.10381 64 41
0.10453 69 40
0.10526 64 40
0.41681 57 52
0.10274 59 34
0.10274 62 34
0.10274 0 0
0.10274 62 34
0.10274 59 32
0.10274 62 34
0.41096 69 40
0.10274 0 0
0.10274 62 33
0.10274 59 32
0.10298 62 33
0.41119 69 40
0.10309 0 0
0.10345 62 33
0.10357 59 32
0.10381 62 33
0.41391 69 39
0.10405 0 0
0.10429 62 33
0.10274 60 33
0.10274 62 33
0.41381 67 39
0.10274 0 0
0.10274 62 33
0.10274 60 31
0.10274 62 33
0.41096 67 39
0.10274 0 0
0.10262 62 33
0.10239 60 34
0.10274 62 35
0.41049 66 39
0.10298 0 0
0.10333 62 34
0.10357 60 35
0.10393 62 34
0.41380 64 40
0.10417 0 0
0.10453 62 34
0.20870 66 40
0.25532 71 40
0.25532 59 40
0.48511 71 47
0.02553 0 0
0.48511 71 47
0.02553 0 0
0.48511 71 47
0.02553 0 0
0.48511 71 44
0.02553 0 0
0.51173 72 50
0.52348 71 48
0.53754 70 48
0.30303 69 45
0.51185 68 36
0.51185 56 30
0.00539 0 0
0.24569 68 34
0.24569 56 27
0.01293 0 0
0.24569 68 34
0.24569 56 27
0.01293 0 0
0.51185 68 36
0.51185 56 30
0.00539 0 0
0.24569 68 33
0.24569 56 27
0.01293 0 0
0.24569 68 33
0.24569 56 27
0.01293 0 0
0.25105 68 36
0.25105 56 30
0.25105 71 34
0.25105 59 27
0.51724 69 34
0.51724 57 27
1.02796 0 0
0.51185 69 36
0.51185 57 30
0.00539 0 0
0.24569 69 34
0.24569 57 27
0.01293 0 0
0.24569 69 34
0.24569 57 27
0.01293 0 0
0.51185 69 36
0.51185 57 30
0.00539 0 0
0.24569 69 33
0.24569 57 27
0.01293 0 0
0.25221 69 33
0.25221 57 27
0.01327 0 0
0.25105 70 36
0.25105 58 30
0.25105 73 34
0.25105 61 27
0.77148 71 34
0.77148 59 27
0.24896 76 43
0.24896 64 30
0.25751 78 47
0.25751 66 33
0.25751 80 52
0.25751 68 36
0.51502 76 52
0.25751 75 54
0.25751 73 51
0.25751 71 50
1.28755 81 59
1.28755 69 41
0.25751 80 40
0.25751 68 27
0.25751 78 40
0.25751 69 27
0.27149 76 40
1.04402 71 46
0.27149 71 27
0.25751 76 47
0.25751 75 41
0.51502 71 34
0.26201 75 44
0.26201 73 36
0.52402 70 29
0.28037 71 36
0.26316 71 27
0.26316 83 39
0.26316 82 36
0.26316 70 26
0.26316 81 36
0.26316 69 25
0.51185 80 36
0.51185 68 30
0.00539 0 0
0.24569 80 34
0.24569 68 27
0.01293 0 0
0.24569 80 34
0.24569 68 27
0.01293 0 0
0.51185 80 36
0.51185 68 30
0.00539 0 0
0.24569 80 33
0.24569 68 27
0.01293 0 0
0.24569 80 33
0.24569 68 27
0.01293 0 0
0.25105 80 36
0.25105 68 30
0.25105 83 34
0.25105 71 27
0.51724 81 34
0.51724 69 27
1.02318 0 0
0.51185 81 36
0.51185 69 30
0.00539 0 0
0.24569 81 34
0.24569 69 27
0.01293 0 0
0.24569 81 34
0.24569 69 27
0.01293 0 0
0.51185 81 36
0.51185 69 30
0.00539 0 0
0.25110 81 33
0.25110 69 27
0.01322 0 0
0.26267 81 33
0.26267 69 27
0.01382 0 0
0.25210 82 36
0.25210 70 30
0.25210 84 34
0.25210 72 27
0.76415 83 34
0.76415 71 27
0.77972 0 0
0.25210 83 45
0.25210 71 45
0.25210 86 40
0.25210 74 40
0.53011 84 41
0.53011 72 41
0.76577 88 54
0.76577 76 54
0.26087 84 43
0.26087 72 43
0.25210 82 45
0.25210 70 45
0.25210 84 40
0.25210 72 40
0.53011 83 41
0.53011 71 41
0.76577 88 54
0.76577 76 54
0.26087 83 43
0.26087 71 43
0.26087 81 46
0.26087 69 39
0.25532 83 49
0.25532 71 41
0.25532 84 51
0.25532 72 51
0.26316 81 46
0.26316 69 39
0.26316 79 45
0.26316 67 37
0.25751 82 46
0.25751 70 39
0.25751 83 49
0.25751 71 41
0.26667 79 45
0.26667 67 37
1.04589 78 43
1.04589 75 36
1.04589 66 36
1.05543 0 0
0.26201 69 46
0.26201 57 39
0.25532 71 49
0.25532 59 41
0.25532 72 51
0.25532 60 51
0.26316 69 46
0.26316 57 39
0.26316 67 45
0.26316 55 37
0.25751 70 46
0.25751 58 39
0.25751 71 49
0.25751 59 41
0.26667 67 45
0.26667 55 37
1.04589 66 43
1.04589 63 36
1.04589 54 36
0.25974 0 0
0.26316 66 40
0.26316 62 40
0.26316 66 42
0.26316 64 42
0.26316 61 42
0.26316 66 44
0.26316 62 44
0.26316 59 44
0.53247 66 45
0.25974 65 44
0.79221 56 45
0.25974 66 45
0.25974 61 45
0.25974 57 45
0.51948 68 47
0.51948 65 47
0.51948 61 47
0.25974 69 47
0.25974 66 47
0.25974 61 47
0.27397 73 47
0.27397 65 47
0.27397 61 47
0.51948 71 51
0.26316 69 45
0.78264 66 51
0.78264 61 51
0.26316 68 45
0.26316 61 45
0.26316 59 45
0.77922 66 49
0.77922 61 49
0.77922 57 49
0.26906 64 45
0.26906 56 45
0.51948 64 46
0.26432 63 45
0.78380 54 46
0.26432 64 45
0.26432 59 45
0.26432 56 45
0.52863 66 49
0.52863 63 49
0.52863 59 49
0.25974 68 43
0.25974 64 43
0.25974 59 43
0.25974 71 43
0.25974 63 43
0.25974 59 43
0.52632 69 47
0.26667 68 39
0.79298 64 47
0.79298 59 47
0.26667 66 37
0.26667 59 37
0.26667 57 37
0.55046 64 43
0.55046 59 43
0.55046 56 43
0.58823 64 36
0.58823 59 36
0.58823 56 36
0.11658 64 36
0.11658 60 30
0.11598 55 30
0.11524 64 36
0.11524 60 31
0.11465 55 32
0.11392 64 38
0.11392 60 32
0.11321 55 33
0.11250 64 40
0.11250 60 34
0.11180 55 34
0.11125 64 41
0.11125 60 35
0.11057 55 34
0.10989 64 44
0.10989 60 36
0.10922 55 37
0.10856 64 46
0.10856 60 38
0.10804 55 37
0.10740 64 46
0.10740 60 39
0.10676 55 40
0.10626 67 49
0.10626 64 41
0.10576 60 41
0.10539 67 50
0.10539 64 42
0.10502 60 43
0.10465 67 52
0.10465 64 44
0.10417 60 44
0.10381 67 54
0.10381 64 46
0.10345 60 44
0.10298 72 57
0.10298 67 48
0.10262 64 48
0.10227 72 57
0.10227 67 49
0.10193 64 48
0.10147 72 59
0.10147 67 50
0.10112 64 49
0.10078 72 61
0.10078 67 52
0.10045 64 51
0.10000 76 63
0.10000 72 53
0.09989 67 52
0.09967 76 65
0.09967 72 55
0.09945 67 53
0.09923 79 67
0.09923 76 57
0.09901 72 56
0.09879 79 68
0.09879 76 58
0.09858 72 57
0.09836 79 60
0.09836 84 71
0.09815 76 59
0.09793 84 72
0.09793 79 61
0.09772 76 62
0.09751 84 63
0.09751 88 75
0.09730 79 62
0.10638 84 65
0.10638 88 77
0.10638 79 64
0.40805 88 88
0.40805 76 74
0.40805 79 74
0.40805 84 74
0.00430 0 0
0.19107 88 83
0.19107 76 70
0.19107 79 70
0.19107 84 70
0.01006 0 0
0.19107 88 83
0.19107 76 70
0.19107 79 70
0.19107 84 70
0.01006 0 0
0.40805 88 88
0.40805 76 74
0.40805 79 74
0.40805 84 74
0.00430 0 0
0.19107 88 82
0.19107 76 69
0.19107 79 69
0.19107 84 69
0.01006 0 0
0.19107 88 82
0.19107 76 69
0.19107 79 69
0.19107 84 69
0.01006 0 0
0.20544 88 88
0.20544 76 74
0.20544 79 74
0.20544 84 74
1.45737 0 0
0.21898 79 91
0.21898 67 76
0.21898 71 76
0.21898 77 91
0.21898 0 0
0.21898 67 85
0.21898 59 71
0.21898 55 71
0.21898 65 85
1.11005 0 0
0.40805 86 88
0.40805 77 74
0.40805 79 74
0.40805 83 74
0.00430 0 0
0.19107 86 83
0.19107 77 70
0.19107 79 70
0.19107 83 70
0.01006 0 0
0.19107 86 83
0.19107 77 70
0.19107 79 70
0.19107 83 70
0.01006 0 0
0.40805 86 88
0.40805 77 74
0.40805 79 74
0.40805 83 74
0.00430 0 0
0.19107 86 82
0.19107 77 69
0.19107 79 69
0.19107 83 69
0.01006 0 0
0.19107 86 82
0.19107 77 69
0.19107 79 69
0.19107 83 69
0.01006 0 0
0.20544 86 88
0.20544 77 74
0.20544 79 74
0.20544 83 74
1.45737 0 0
0.21898 79 95
0.21898 72 79
0.21898 67 79
0.21898 0 0
0.21898 67 89
0.21898 55 74
0.21898 60 74
0.43782 0 0
0.10135 55 64
0.10135 60 66
0.09804 64 68
0.09804 67 70
0.09804 72 72
0.09804 76 74
0.40948 79 78
0.40948 76 66
0.40948 67 66
0.00431 0 0
0.19192 79 70
0.19192 76 58
0.19192 67 58
0.01010 0 0
0.19192 79 70
0.19192 76 58
0.19192 67 58
0.01010 0 0
0.62961 79 78
0.62961 74 65
0.62961 67 65
0.20202 79 80
0.20202 74 67
0.20202 67 67
0.41237 84 88
0.41237 79 74
0.41237 72 74
0.20619 84 75
0.20619 78 63
0.20619 72 63
0.20619 84 73
0.20619 78 61
0.20619 72 61
0.21352 83 76
0.21352 79 64
0.21352 71 64
0.10067 55 64
0.10067 60 66
0.09804 64 68
0.09804 67 70
0.09804 72 72
0.09804 76 74
0.40948 79 78
0.40948 76 66
0.40948 67 66
0.00431 0 0
0.19192 79 70
0.19192 76 58
0.19192 67 58
0.01010 0 0
0.19192 79 70
0.19192 76 58
0.19192 67 58
0.01010 0 0
0.62961 79 78
0.62961 74 65
0.62961 67 65
0.20202 79 80
0.20202 74 67
0.20202 67 67
0.41237 84 88
0.41237 79 74
0.41237 72 74
0.41237 84 75
0.41237 78 63
0.41237 72 63
0.20619 83 76
0.20619 79 64
0.20619 71 64
0.10067 60 64
0.10067 65 66
0.09804 69 68
0.09804 72 70
0.09804 77 72
0.09804 81 74
0.40948 84 85
0.40948 81 72
0.40948 72 72
0.00431 0 0
0.19192 84 77
0.19192 81 63
0.19192 72 63
0.01010 0 0
0.19192 84 77
0.19192 81 63
0.19192 72 63
0.01010 0 0
0.64111 84 85
0.64111 79 71
0.64111 72 71
0.21352 84 88
0.21352 79 73
0.21352 72 73
0.40808 89 96
0.40808 84 81
0.40808 77 81
0.00430 0 0
0.19588 89 90
0.19588 83 75
0.19588 77 75
0.01031 0 0
0.19588 89 78
0.19588 83 66
0.19588 77 66
0.01031 0 0
0.40808 88 92
0.40808 83 76
0.40808 76 76
0.00430 0 0
0.40404 76 70
0.40404 81 70
0.40404 88 84
0.20619 86 92
0.20619 81 78
0.20619 74 78
0.20619 86 78
0.20619 80 78
0.20619 74 78
0.41237 84 87
0.41237 81 73
0.41237 72 73
0.41237 83 92
0.41237 81 76
0.41237 71 76
0.41237 77 76
0.36485 71 74
0.36485 80 74
0.36485 83 89
0.36485 76 74
0.05017 81 82
0.20339 93 92
0.10169 91 82
0.10170 89 82
0.10170 88 81
0.10170 86 81
0.10169 84 80
0.10170 83 79
0.10170 81 79
0.10170 79 78
0.10169 77 78
0.10170 76 77
0.10170 74 77
0.10170 72 75
0.10170 71 74
0.10169 69 74
0.09836 68 71
0.09836 65 64
0.10453 64 64
0.10453 62 64
0.10274 68 63
0.10274 65 57
0.10274 64 57
0.10274 62 57
0.10274 68 67
0.10274 65 58
0.10274 64 58
0.10274 62 58
0.10274 68 64
0.10274 65 59
0.11583 64 59
0.05034 62 59
0.05034 83 81
0.20339 95 92
0.10169 93 82
0.10170 92 82
0.10170 89 81
0.10170 88 81
0.10169 86 80
0.10170 84 79
0.10170 83 79
0.10170 81 78
0.10169 80 78
0.10170 77 77
0.10170 76 77
0.10170 74 75
0.10170 72 74
0.10169 71 74
0.09836 69 71
0.09836 63 64
0.10453 64 64
0.10453 57 64
0.10274 69 63
0.10274 63 57
0.10274 64 57
0.10274 57 57
0.10274 69 67
0.10274 63 58
0.10274 64 58
0.10274 57 58
0.10274 69 64
0.10274 63 59
0.10274 64 59
0.10274 57 59
0.09836 70 67
0.09836 64 61
0.10453 65 61
0.10453 58 61
0.10274 70 60
0.10274 64 53
0.10274 65 53
0.10274 58 53
0.10274 70 59
0.10274 64 51
0.10274 65 51
0.10274 58 51
0.10274 70 58
0.10274 64 52
0.10274 65 52
0.10274 58 52
0.10274 73 53
0.10242 66 47
0.10219 67 47
0.10195 61 48
0.10170 74 54
0.10138 68 48
0.10115 69 48
0.10093 62 49
0.10067 76 55
0.10036 70 49
0.10014 71 49
0.09992 64 49
0.09967 77 56
0.09937 71 49
0.09915 72 49
0.09901 65 50
0.09901 80 57
0.09901 75 52
0.09901 76 53
0.09901 68 54
0.10033 81 59
0.10033 75 52
0.10033 76 53
0.10033 69 53
0.09901 83 66
0.09901 75 54
0.09901 81 53
0.09901 71 52
0.09901 84 57
0.09901 76 49
0.09901 80 48
0.09901 72 48
0.40254 93 79
0.40254 81 66
0.00424 0 0
0.19322 93 73
0.19322 81 62
0.01017 0 0
0.19322 93 73
0.19322 81 62
0.01017 0 0
0.40254 93 79
0.40254 81 66
0.00424 0 0
0.19322 93 73
0.19322 81 62
0.01017 0 0
0.19322 93 72
0.19322 81 61
0.01017 0 0
0.19672 93 79
0.19672 81 66
0.20906 90 73
0.20906 78 62
0.41749 91 76
0.41749 79 64
0.82192 45 97
0.40254 91 79
0.40254 79 66
0.00424 0 0
0.19322 91 73
0.19322 79 62
0.01017 0 0
0.19322 91 73
0.19322 79 62
0.01017 0 0
0.40254 91 79
0.40254 79 66
0.00424 0 0
0.19322 91 73
0.19322 79 62
0.01017 0 0
0.19322 91 72
0.19322 79 61
0.01017 0 0
0.19672 91 79
0.19672 79 66
0.20906 88 73
0.20906 76 62
0.41675 89 76
0.41675 77 64
0.82192 45 97
0.19672 89 75
0.19672 77 62
0.20906 87 68
0.20906 75 58
0.41675 88 69
0.41675 76 58
0.82192 45 86
0.19934 88 65
0.19934 76 54
0.21352 85 59
0.21352 73 50
0.41960 86 60
0.41960 74 51
0.82192 45 74
0.20339 86 58
0.20339 74 48
0.22222 83 53
0.22222 71 45
0.43027 84 54
0.43027 72 45
0.21277 69 47
0.21277 81 56
0.21277 83 59
0.21277 71 50
0.21277 84 62
0.21277 72 52
0.21277 86 65
0.21277 74 55
0.43833 76 57
0.43833 88 68
0.32727 86 66
0.32727 74 56
0.11111 84 55
0.11111 72 46
0.44444 72 51
0.44444 84 61
0.46175 83 56
0.46175 71 47
0.44610 80 59
0.44610 68 50
0.22305 81 56
0.22305 69 47
0.23328 0 0
0.22556 69 47
0.22556 81 56
0.22556 83 59
0.22556 71 50
0.22556 84 62
0.22556 72 52
0.22556 86 65
0.22556 74 55
0.46571 76 57
0.46571 88 68
0.34494 86 66
0.34494 74 56
0.11620 84 55
0.11620 72 46
0.47192 72 51
0.47192 84 61
0.47763 83 56
0.47763 71 47
0.11407 81 69
0.11407 75 61
0.10870 76 61
0.10870 69 61
0.11111 69 66
0.11111 63 61
0.11111 64 61
0.11111 57 61
0.11321 82 69
0.11321 76 62
0.10870 77 62
0.10870 70 62
0.11070 70 66
0.11070 64 62
0.11070 65 62
0.11070 58 63
0.11070 85 72
0.11070 78 63
0.10714 79 64
0.10714 73 64
0.11111 73 70
0.11111 66 64
0.11111 67 63
0.11111 61 63
0.10909 86 75
0.10909 80 63
0.10489 81 64
0.10489 74 64
0.11152 74 69
0.11152 68 64
0.11152 69 64
0.11152 62 64
0.10989 89 76
0.10989 85 65
0.11673 86 65
0.11673 77 65
0.11278 89 71
0.11278 85 66
0.11278 86 66
0.11278 77 66
0.11278 89 70
0.11278 85 61
0.11278 86 61
0.12821 77 61
0.11905 80 64
0.11905 83 58
0.11905 86 58
0.11905 89 58
0.44944 76 51
0.44944 88 61
0.32727 86 59
0.32727 74 50
0.11111 84 49
0.11111 72 41
0.44444 72 45
0.44444 84 54
0.48691 83 50
0.48691 71 42
0.45718 76 36
0.45718 88 43
0.33210 86 42
0.33210 74 36
0.11111 84 35
0.11111 72 28
0.45627 72 32
0.45627 84 38
0.48213 83 36
0.48213 71 29
0.11494 81 69
0.11494 75 61
0.11029 76 61
0.10386 69 61
0.00643 0 0
0.11236 69 66
0.11236 63 61
0.11236 64 61
0.11236 57 61
0.11152 82 68
0.11152 76 61
0.10870 77 62
0.10145 70 62
0.00725 0 0
0.11070 70 66
0.11070 64 62
0.11070 65 62
0.11070 58 62
0.11070 85 72
0.11070 78 62
0.10714 79 62
0.10089 73 62
0.00625 0 0
0.11029 73 69
0.11029 66 63
0.11029 67 62
0.11029 61 62
0.10830 86 74
0.10830 80 63
0.10417 81 63
0.09809 74 63
0.00608 0 0
0.11152 74 68
0.11152 68 63
0.11152 69 63
0.11152 62 63
0.10830 88 74
0.10830 82 64
0.10489 83 65
0.09703 76 65
0.00787 0 0
0.11111 76 71
0.11111 70 65
0.11111 71 64
0.11111 64 64
0.11111 89 76
0.11111 83 64
0.10791 84 64
0.09802 77 64
0.00989 0 0
0.11152 77 70
0.11152 71 65
0.12448 72 65
0.11723 65 65
0.20548 92 88
0.20548 80 81
0.10309 91 81
0.10309 89 80
0.10333 87 79
0.10345 86 78
0.10357 84 77
0.10381 82 76
0.10381 80 75
0.10417 79 74
0.10417 77 73
0.10441 75 72
0.10453 74 72
0.10465 72 71
0.10489 70 70
0.10489 69 69
0.10526 68 68
0.10551 67 66
0.10576 65 65
0.10601 63 64
0.10638 62 63
0.10664 60 62
0.10689 58 61
0.10714 56 60
0.10753 57 59
0.10778 58 59
0.10804 60 58
0.10830 58 57
0.10870 57 56
0.10896 58 55
0.10922 60 54
0.10949 58 53
0.14693 57 53
0.14843 60 46
0.15010 58 46
0.15181 57 51
0.15355 60 45
0.15534 58 45
0.15986 57 53
0.16775 60 42
0.17664 58 42
0.18566 57 49
0.19827 60 38
0.26903 58 38
0.30000 69 44
0.30000 57 36
0.29126 72 36
0.29126 60 30
0.59126 70 36
0.59126 58 30
0.29126 69 42
0.29126 57 35
0.29126 72 35
0.29126 60 29
0.60376 70 35
0.60376 58 29
0.30457 69 44
0.29412 72 39
0.85714 70 50
0.28037 72 46
0.28037 74 48
0.29557 75 50
0.29412 69 52
0.28436 72 49
0.85308 70 53
0.28037 72 47
0.28037 74 49
0.29557 75 52
0.30612 76 57
0.28436 79 55
0.85308 77 58
0.28037 74 55
0.28037 72 53
0.29557 70 53
0.29412 76 57
0.28436 79 53
0.85308 77 58
0.28037 74 55
0.27650 72 53
0.29557 70 53
0.30612 69 46
0.30612 81 55
0.28436 72 42
0.28436 84 51
0.85308 70 49
0.85308 82 58
0.28037 72 42
0.28037 84 50
0.28037 74 44
0.28037 86 52
0.29557 75 46
0.29557 87 55
0.29412 69 48
0.29412 81 57
0.28436 72 45
0.28436 84 53
0.86140 70 49
0.86140 82 58
0.28037 72 42
0.28037 84 51
0.27650 74 45
0.27650 86 53
0.29557 75 48
0.29557 87 57
0.29412 76 52
0.29412 88 62
0.28436 79 47
0.28436 91 56
0.85308 77 51
0.85308 89 61
0.28037 74 50
0.28037 86 60
0.28037 72 49
0.28037 84 58
0.30928 70 49
0.30928 82 58
0.29412 76 52
0.29412 88 62
0.28436 79 48
0.28436 91 57
0.85308 77 52
0.85308 89 62
0.28037 74 50
0.28037 86 60
0.28037 72 49
0.28037 84 58
0.29557 70 49
0.29557 82 58
0.31579 70 52
0.31579 82 62
0.28436 80 48
0.28436 92 57
0.86140 79 52
0.86140 91 62
0.28037 77 50
0.28037 89 60
0.28037 74 49
0.28037 86 58
0.29557 71 49
0.29557 83 58
0.30000 67 52
0.30000 79 62
0.28436 77 48
0.28436 89 57
0.86140 75 52
0.86140 87 62
0.28037 73 50
0.28037 85 60
0.28037 70 49
0.28037 82 58
0.29557 67 49
0.29557 79 58
0.30000 63 52
0.30000 75 62
0.28436 73 47
0.28436 85 56
0.87484 72 50
0.87484 84 60
0.28037 70 45
0.28037 82 54
0.28037 72 43
0.28037 84 51
0.29557 73 42
0.29557 85 50
0.30000 63 44
0.30000 75 52
0.28436 70 40
0.28436 82 47
0.86140 68 42
0.86140 80 50
0.28571 67 38
0.28571 79 45
0.28985 68 36
0.28985 80 42
0.31414 70 35
0.31414 82 41
0.29412 74 44
0.28436 77 40
0.79012 75 46
0.07353 72 41
0.21429 87 55
0.07143 70 38
0.21429 85 52
0.07143 68 38
0.29557 84 52
0.29412 74 44
0.28436 77 40
0.78657 75 46
0.07246 72 41
0.21028 87 55
0.07009 70 38
0.21028 85 52
0.07009 68 38
0.29557 84 52
0.29412 69 44
0.28436 72 40
0.80403 70 46
0.07812 63 41
0.21429 79 55
0.07143 65 38
0.21429 80 52
0.07143 67 38
0.29557 82 52
0.29412 69 44
0.28436 72 40
0.79372 70 46
0.07500 63 41
0.22167 79 55
0.07389 65 38
0.22167 80 52
0.07389 67 38
0.30928 82 52
0.31579 63 49
0.31579 75 58
0.28436 73 45
0.28436 85 54
0.86140 72 49
0.86140 84 58
0.28037 70 47
0.28037 82 57
0.28037 67 46
0.28037 79 55
0.29557 64 46
0.29557 76 55
0.30000 72 49
0.30000 84 58
0.28436 82 45
0.28436 94 54
0.86140 80 49
0.86140 92 58
0.28037 78 47
0.28037 90 57
0.28037 75 46
0.28037 87 55
0.30928 72 46
0.30928 84 55
0.30000 68 52
0.30000 80 62
0.28436 78 47
0.28436 90 56
0.86140 77 50
0.86140 89 60
0.28571 75 45
0.28571 87 54
0.28571 77 43
0.28571 89 51
0.29557 78 42
0.29557 90 50
0.30000 68 44
0.30000 80 52
0.28436 75 40
0.28436 87 47
0.88122 73 42
0.88122 85 50
0.29412 72 38
0.29412 84 45
0.29412 73 36
0.29412 85 42
0.29557 75 35
0.29557 87 41
0.39191 89 92
0.39191 77 77
0.39191 80 77
0.39191 85 77
0.00413 0 0
0.09659 89 87
0.09659 77 73
0.09659 80 73
0.09659 85 73
0.09659 0 0
0.09659 89 87
0.09659 77 73
0.09659 80 73
0.09659 85 73
0.09659 0 0
0.39191 89 92
0.39191 77 77
0.39191 80 77
0.39191 85 77
0.00413 0 0
0.09659 89 86
0.09659 77 72
0.09659 80 72
0.09659 85 72
0.09659 0 0
0.09659 89 86
0.09659 77 72
0.09659 80 72
0.09659 85 72
0.09659 0 0
0.14799 89 92
0.14799 77 77
0.14799 80 77
0.14799 85 77
0.04933 0 0
0.09509 89 70
0.09509 85 72
0.09509 80 73
0.09509 77 75
0.09509 73 77
0.09509 68 78
0.09509 65 81
0.09530 61 80
0.09562 65 79
0.09594 68 78
0.09615 73 78
0.09647 77 77
0.10516 80 76
0.15326 85 75
0.39191 89 92
0.39191 77 77
0.39191 82 77
0.39191 85 77
0.00413 0 0
0.09659 89 87
0.09659 77 73
0.09659 82 73
0.09659 85 73
0.09659 0 0
0.09659 89 87
0.09659 77 73
0.09659 82 73
0.09659 85 73
0.09659 0 0
0.39191 89 92
0.39191 77 77
0.39191 82 77
0.39191 85 77
0.00413 0 0
0.09659 89 86
0.09659 77 72
0.09659 82 72
0.09659 85 72
0.09659 0 0
0.09659 89 86
0.09659 77 72
0.09659 82 72
0.09659 85 72
0.09659 0 0
0.14799 89 92
0.14799 77 77
0.14799 82 77
0.14799 85 77
0.04933 0 0
0.09509 89 71
0.09509 85 72
0.09509 82 73
0.09509 77 74
0.09509 73 75
0.09509 70 75
0.09509 65 76
0.09530 61 77
0.09562 65 76
0.09594 70 75
0.09615 73 74
0.09647 77 73
0.10632 82 73
0.14930 85 72
0.39191 90 82
0.39191 78 69
0.39191 82 69
0.39191 85 69
0.00413 0 0
0.09659 90 77
0.09659 78 66
0.09659 82 66
0.09659 85 66
0.09659 0 0
0.09659 90 77
0.09659 78 66
0.09659 82 66
0.09659 85 66
0.09659 0 0
0.39191 90 90
0.39191 78 75
0.39191 81 75
0.39191 86 75
0.00413 0 0
0.09659 90 84
0.09659 78 71
0.09659 81 71
0.09659 86 71
0.09659 0 0
0.09659 90 84
0.09659 78 71
0.09659 81 71
0.09659 86 71
0.09659 0 0
0.14799 90 90
0.14799 78 75
0.14799 80 75
0.14799 87 75
0.04933 0 0
0.09509 78 60
0.09509 77 62
0.09509 75 63
0.09509 77 64
0.09509 75 66
0.09509 73 67
0.09509 72 70
0.09530 73 70
0.09562 72 69
0.09594 73 68
0.09615 75 67
0.09647 77 66
0.10632 78 65
0.14930 80 64
0.39191 90 82
0.39191 78 69
0.39191 82 69
0.39191 85 69
0.00413 0 0
0.09659 90 77
0.09659 78 66
0.09659 82 66
0.09659 85 66
0.09659 0 0
0.09659 90 77
0.09659 78 66
0.09659 82 66
0.09659 85 66
0.09659 0 0
0.39191 90 90
0.39191 78 75
0.39191 81 75
0.39191 86 75
0.00413 0 0
0.09659 90 84
0.09659 78 71
0.09659 81 71
0.09659 86 71
0.09659 0 0
0.09659 90 84
0.09659 78 71
0.09659 81 71
0.09659 86 71
0.09659 0 0
0.14799 90 90
0.14799 78 75
0.14799 80 75
0.14799 87 75
0.04933 0 0
0.09509 78 61
0.09509 77 62
0.09509 75 63
0.09509 77 64
0.09509 75 65
0.09509 73 67
0.09509 72 68
0.09530 73 68
0.09562 72 68
0.09594 73 67
0.09615 75 66
0.09647 77 66
0.10632 78 65
0.14930 80 65
0.39191 81 80
0.39191 69 68
0.39191 73 68
0.39191 78 68
0.00413 0 0
0.09659 81 74
0.09659 69 63
0.09659 73 63
0.09659 78 63
0.09659 0 0
0.09659 81 74
0.09659 69 63
0.09659 78 63
0.09659 73 63
0.09659 0 0
0.39191 86 81
0.39191 74 69
0.39191 78 69
0.39191 81 69
0.00413 0 0
0.09659 86 76
0.09659 74 65
0.09659 78 65
0.09659 81 65
0.09659 0 0
0.09659 86 77
0.09659 74 65
0.09659 78 65
0.09659 81 65
0.09659 0 0
0.39604 83 82
0.39604 79 58
0.39604 71 58
0.38635 84 75
0.38635 72 64
0.38635 76 64
0.38635 81 64
0.39604 81 80
0.39604 69 68
0.39604 74 68
0.39604 79 68
0.39216 86 82
0.39216 74 70
0.39216 78 70
0.39216 81 70
0.40956 83 81
0.40956 79 69
0.40956 71 69
0.39604 84 77
0.39604 72 65
0.39604 76 65
0.39604 81 77
0.41096 81 85
0.41096 69 72
0.41096 74 72
0.41096 79 72
0.42105 86 88
0.42105 74 75
0.42105 78 75
0.42105 81 75
0.40254 79 88
0.40254 71 74
0.40254 67 74
0.00424 0 0
0.09901 79 80
0.09901 71 67
0.09901 67 67
0.09901 0 0
0.09901 79 80
0.09901 71 67
0.09901 67 67
0.09901 0 0
0.39983 79 86
0.39983 71 72
0.39983 67 72
0.00421 0 0
0.09868 79 80
0.09868 71 67
0.09868 67 67
0.09868 0 0
0.09868 79 80
0.09868 71 67
0.09868 67 67
0.09868 0 0
0.40816 79 87
0.40816 72 73
0.40816 67 73
0.41812 77 80
0.41812 72 67
0.41812 65 67
0.20408 89 84
0.20408 84 70
0.20408 77 70
0.09314 77 70
0.09314 72 58
0.09314 65 58
0.00490 0 0
0.09314 77 70
0.09314 72 58
0.09314 65 58
0.00490 0 0
0.19588 77 77
0.19588 72 65
0.19588 65 65
0.01031 0 0
0.19588 77 75
0.19588 72 64
0.19588 65 64
0.01031 0 0
0.40254 77 88
0.40254 72 74
0.40254 68 74
0.00424 0 0
0.09901 77 80
0.09901 72 67
0.09901 68 67
0.09901 0 0
0.09901 77 80
0.09901 72 67
0.09901 68 67
0.09901 0 0
0.39983 77 86
0.39983 72 72
0.39983 68 72
0.00421 0 0
0.09868 77 80
0.09868 72 67
0.09868 68 67
0.09868 0 0
0.09868 77 80
0.09868 72 67
0.09868 68 67
0.09868 0 0
0.40816 77 87
0.40816 70 73
0.40816 67 73
0.39735 75 80
0.39735 70 67
0.39735 67 67
0.20408 87 88
0.20408 82 73
0.20408 75 73
0.09314 75 70
0.09314 70 58
0.09314 63 58
0.00490 0 0
0.09314 75 70
0.09314 70 58
0.09314 63 58
0.00490 0 0
0.19588 75 77
0.19588 70 65
0.19588 63 65
0.01031 0 0
0.19588 75 75
0.19588 70 64
0.19588 63 64
0.01031 0 0
0.40678 75 88
0.40678 70 74
0.40678 67 74
0.09901 75 80
0.09901 70 67
0.09901 67 67
0.09901 0 0
0.09901 75 80
0.09901 70 67
0.09901 67 67
0.09901 0 0
0.40404 75 86
0.40404 70 72
0.40404 67 72
0.09868 75 80
0.09868 70 67
0.09868 67 67
0.09868 0 0
0.09868 75 80
0.09868 70 67
0.09868 67 67
0.09868 0 0
0.40816 75 87
0.40816 68 73
0.40816 65 73
0.41812 73 80
0.41812 68 67
0.41812 65 67
0.19388 85 88
0.19388 80 73
0.19388 73 73
0.01020 0 0
0.09314 73 70
0.09314 68 58
0.09314 61 58
0.00490 0 0
0.09314 73 70
0.09314 68 58
0.09314 61 58
0.00490 0 0
0.19588 73 77
0.19588 68 65
0.19588 61 65
0.01031 0 0
0.19588 73 75
0.19588 68 64
0.19588 61 64
0.01031 0 0
0.40816 73 87
0.40816 67 73
0.40816 61 73
0.40404 72 80
0.40404 67 67
0.40404 60 67
0.19388 84 88
0.19388 79 73
0.19388 72 73
0.01020 0 0
0.09314 72 70
0.09314 67 58
0.09314 60 58
0.00490 0 0
0.09314 72 70
0.09314 67 58
0.09314 60 58
0.00490 0 0
0.19588 72 77
0.19588 67 65
0.19588 60 65
0.01031 0 0
0.19588 72 75
0.19588 67 64
0.19588 60 64
0.01031 0 0
0.39735 72 87
0.39735 65 73
0.39735 60 73
0.41812 70 80
0.41812 65 67
0.41812 58 67
0.39867 82 90
0.39867 75 76
0.39867 70 76
0.41812 80 84
0.41812 75 70
0.41812 68 70
0.40816 68 90
0.40816 62 76
0.40816 56 76
0.43478 67 84
0.43478 62 70
0.43478 55 70
0.41523 79 94
0.41523 72 80
0.41523 67 80
0.43011 78 87
0.43011 72 73
0.43011 66 73
0.11097 79 73
0.11097 67 73
0.11043 81 74
0.10976 79 75
0.10922 81 76
0.10856 83 77
0.10804 84 78
0.10740 83 79
0.10689 84 80
0.10676 86 81
0.10676 87 82
0.10676 86 84
0.10676 87 85
0.10676 89 86
0.10676 91 87
0.10676 89 88
0.10676 91 89
0.84554 92 90
0.84554 80 90
0.83946 80 77
0.83946 68 77
0.11097 77 73
0.11043 79 74
0.10976 77 75
0.10922 79 76
0.10856 80 77
0.10804 82 78
0.10740 80 79
0.10689 82 80
0.10676 84 81
0.10676 86 82
0.10676 84 84
0.10676 86 85
0.10676 87 86
0.10676 89 87
0.10676 87 88
0.10676 89 89
0.84554 91 90
0.84554 79 90
0.83946 79 77
0.83946 67 77
0.11097 75 73
0.11043 77 74
0.10976 75 75
0.10922 77 76
0.10856 79 77
0.10804 80 78
0.10740 79 79
0.10689 80 80
0.10676 82 81
0.10676 84 82
0.10676 82 84
0.10676 84 85
0.10676 86 86
0.10676 87 87
0.10676 86 88
0.10676 87 89
0.84554 89 90
0.84554 77 90
0.83946 77 77
0.83946 65 77
0.84554 87 90
0.84554 75 90
0.83946 75 77
0.83946 63 77
0.31178 85 90
0.31178 73 76
0.09896 73 79
0.09896 61 67
0.00521 0 0
0.42444 73 79
0.42444 61 67
0.31178 84 90
0.31178 72 76
0.09896 72 79
0.09896 60 67
0.00521 0 0
0.42444 72 79
0.42444 60 67
0.31250 82 90
0.31250 70 76
0.09896 70 79
0.09896 58 67
0.00521 0 0
0.42444 70 79
0.42444 58 67
0.32104 80 90
0.32104 75 76
0.32104 72 76
0.32104 68 76
0.00270 0 0
0.10252 68 79
0.10252 63 67
0.10252 60 67
0.10252 56 67
0.00540 0 0
0.44619 68 79
0.44619 63 67
0.44619 60 67
0.44619 56 67
0.45186 67 87
0.45186 62 73
0.45186 59 73
0.08252 74 78
0.08252 62 66
0.02737 0 0
0.08179 75 80
0.08179 63 68
0.02717 0 0
0.08107 77 82
0.08107 65 70
0.02698 0 0
0.08045 79 86
0.08045 67 72
0.02669 0 0
0.43658 80 88
0.43658 68 74
0.00460 0 0
0.22222 80 80
0.22222 75 68
0.22222 72 68
0.22874 80 78
0.22874 75 66
0.22874 72 66
0.44884 79 87
0.44884 74 73
0.44884 71 73
0.00460 0 0
0.08252 86 78
0.08252 74 66
0.02737 0 0
0.08179 87 80
0.08179 75 68
0.02717 0 0
0.08107 89 82
0.08107 77 70
0.02698 0 0
0.08045 91 86
0.08045 79 72
0.02669 0 0
0.44118 92 88
0.44118 80 74
0.22222 92 80
0.22222 87 68
0.22222 84 68
0.22760 92 78
0.22760 87 66
0.22760 84 66
0.08534 86 78
0.08534 74 66
0.02830 0 0
0.08438 87 80
0.08438 75 68
0.02799 0 0
0.08361 89 82
0.08361 77 70
0.02771 0 0
0.09221 91 86
0.09221 79 72
0.03074 0 0
0.45968 92 88
0.45968 87 74
0.45968 84 74
0.45968 80 74
0.08501 86 78
0.08501 74 66
0.02820 0 0
0.08406 87 80
0.08406 75 68
0.02788 0 0
0.08313 89 82
0.08313 77 70
0.02757 0 0
0.09073 91 86
0.09073 79 72
0.03024 0 0
0.45800 92 88
0.45800 87 74
0.45800 84 74
0.45800 80 74
0.08567 74 78
0.02830 0 0
0.08438 75 80
0.02799 0 0
0.08361 77 82
0.02771 0 0
0.09221 79 87
0.03074 0 0
0.49393 80 90
0.49393 75 76
0.49393 72 76
0.49393 68 76
0.09581 74 84
0.09581 62 70
0.03165 0 0
0.09420 75 87
0.09420 63 73
0.03113 0 0
0.09265 77 90
0.09265 65 76
0.03062 0 0
0.10563 79 94
0.10563 67 78
0.03521 0 0
0.56928 80 97
0.56928 75 81
0.56928 72 81
0.56928 68 81
0.47500 79 100
0.47500 67 76
0.47500 71 76
0.47500 74 85
0.00500 0 0
0.11811 67 50
0.11811 0 0
0.12245 67 51
0.12245 0 0
0.47500 67 53
0.00500 0 0
0.11905 67 50
0.11905 0 0
0.12195 67 50
0.12195 0 0
0.47500 67 53
0.00500 0 0
0.11858 67 50
0.11858 0 0
0.12146 67 50
0.12146 0 0
0.47500 67 53
0.00500 0 0
0.11905 67 49
0.11905 0 0
0.12097 67 49
0.12097 0 0
0.47500 80 100
0.47500 68 76
0.47500 71 76
0.47500 74 85
0.00500 0 0
0.11905 68 51
0.11858 0 0
0.12097 68 52
0.12097 0 0
0.47500 68 53
0.00500 0 0
0.05725 71 49
0.05725 68 41
0.17176 0 0
0.06466 71 50
0.06466 68 42
0.19397 0 0
0.47500 71 53
0.47500 68 45
0.00500 0 0
0.05814 71 48
0.05814 68 40
0.17442 0 0
0.06356 71 48
0.06356 68 40
0.19068 0 0
0.47500 71 53
0.47500 68 45
0.00500 0 0
0.05769 71 48
0.05769 68 40
0.17308 0 0
0.06410 71 48
0.06410 68 40
0.19231 0 0
0.47500 80 100
0.47500 68 76
0.47500 71 76
0.47500 73 85
0.00500 0 0
0.05814 71 49
0.05814 68 41
0.17442 0 0
0.06494 71 49
0.06494 68 41
0.19481 0 0
0.47500 73 53
0.47500 71 45
0.47500 68 45
0.00500 0 0
0.05837 73 48
0.05837 71 40
0.05837 68 40
0.17510 0 0
0.06250 73 48
0.06250 71 40
0.06250 68 40
0.18750 0 0
0.47500 80 100
0.47500 68 76
0.47500 71 76
0.47500 74 85
0.00500 0 0
0.05814 71 49
0.05814 68 41
0.17442 0 0
0.06356 71 49
0.06356 68 41
0.19068 0 0
0.47500 74 53
0.47500 71 45
0.47500 68 45
0.00500 0 0
0.05837 74 49
0.05837 71 41
0.05837 68 41
0.17510 0 0
0.06173 74 49
0.06173 71 41
0.06173 68 41
0.18519 0 0
0.47500 80 100
0.47500 68 76
0.47500 71 76
0.47500 73 85
0.00500 0 0
0.05859 71 42
0.05859 68 35
0.17578 0 0
0.06303 71 42
0.06303 68 35
0.18908 0 0
0.47500 73 47
0.47500 71 39
0.47500 68 39
0.00500 0 0
0.05859 73 42
0.05859 71 35
0.05859 68 35
0.17578 0 0
0.06276 73 42
0.06276 71 35
0.06276 68 35
0.18828 0 0
0.47500 80 100
0.47500 68 76
0.47500 71 76
0.47500 74 85
0.00500 0 0
0.05859 71 40
0.05859 68 40
0.17578 0 0
0.06224 71 40
0.06224 68 40
0.18672 0 0
0.47500 74 46
0.47500 71 39
0.47500 68 39
0.00500 0 0
0.05882 74 40
0.05882 71 34
0.05882 68 34
0.17647 0 0
0.06224 74 41
0.06224 71 34
0.06224 68 34
0.18672 0 0
0.47500 80 100
0.47500 68 76
0.47500 71 76
0.47500 74 85
0.00500 0 0
0.05859 74 48
0.05859 71 48
0.17578 0 0
0.06224 74 48
0.06224 71 48
0.18672 0 0
0.47500 80 100
0.47500 68 76
0.47500 71 76
0.47500 73 85
0.00500 0 0
0.05859 73 48
0.05859 71 48
0.17578 0 0
0.06224 73 48
0.06224 71 48
0.18672 0 0
0.47500 80 85
0.47500 68 71
0.47500 71 71
0.47500 73 71
0.00500 0 0
0.05859 73 48
0.05859 71 48
0.17578 0 0
0.06224 73 48
0.06224 71 48
0.18672 0 0
0.47500 78 78
0.47500 66 65
0.47500 69 65
0.47500 73 65
0.00500 0 0
0.05859 73 48
0.05859 69 48
0.17578 0 0
0.06224 73 48
0.06224 69 48
0.18672 0 0
0.48469 78 76
0.48469 66 63
0.48469 68 63
0.48469 73 63
0.00510 0 0
0.05976 68 48
0.05976 66 48
0.17928 0 0
0.06494 68 48
0.06494 66 48
0.19481 0 0
0.48668 76 73
0.48668 64 61
0.48668 68 61
0.48668 73 61
0.00512 0 0
0.06024 68 48
0.06024 64 48
0.18072 0 0
0.06579 68 48
0.06579 64 48
0.19737 0 0
0.49479 75 71
0.49479 63 59
0.49479 68 59
0.49479 72 59
0.00521 0 0
0.06122 72 48
0.06122 63 48
0.18367 0 0
0.06667 72 48
0.06667 63 48
0.20000 0 0
0.50748 75 74
0.50748 63 62
0.50748 67 62
0.50748 73 62
0.00534 0 0
0.06122 73 48
0.06122 63 48
0.18367 0 0
0.06667 73 48
0.06667 63 48
0.20000 0 0
0.51407 75 71
0.51407 63 59
0.51407 68 59
0.51407 72 59
0.00541 0 0
0.06276 63 38
0.06276 60 32
0.18828 0 0
0.06608 63 37
0.06608 60 31
0.19824 0 0
0.51185 63 45
0.51185 60 38
0.00539 0 0
0.06456 63 37
0.06456 60 31
0.19865 0 0
0.06808 63 37
0.06808 60 31
0.20910 0 0
0.51630 63 45
0.51630 61 38
0.00543 0 0
0.06276 63 34
0.06276 61 28
0.18828 0 0
0.06579 63 33
0.06579 61 28
0.19737 0 0
0.51185 63 39
0.51185 61 33
0.00539 0 0
0.06475 63 33
0.06475 61 28
0.19826 0 0
0.06767 63 33
0.06767 61 27
0.20654 0 0
0.51630 63 34
0.51630 60 28
0.00543 0 0
0.06276 63 28
0.06276 60 24
0.18828 0 0
0.06608 63 27
0.06608 60 23
0.19824 0 0
0.51185 63 34
0.51185 60 28
0.00539 0 0
0.06456 63 27
0.06456 60 23
0.19865 0 0
0.06808 63 27
0.06808 60 23
0.20910 0 0
0.51630 63 34
0.51630 61 28
0.00543 0 0
0.06276 63 27
0.06276 61 22
0.18828 0 0
0.06579 63 27
0.06579 61 22
0.19737 0 0
0.51185 63 32
0.51185 61 27
0.00539 0 0
0.06475 63 28
0.06475 61 24
0.19826 0 0
0.06767 63 28
0.06767 61 24
0.20654 0 0
0.55233 63 34
0.55233 60 28
0.00581 0 0
0.13575 68 28
0.13575 56 23
0.13575 0 0
0.14218 68 28
0.14218 56 23
0.14218 0 0
0.55556 68 31
0.55556 56 26
1.11413 0 0
0.13699 68 28
0.13699 56 23
0.13699 0 0
0.14354 68 28
0.14354 56 23
0.14354 0 0
0.55556 68 31
0.55556 56 26
1.12318 0 0
0.13761 68 28
0.13761 56 23
0.13761 0 0
0.14423 68 28
0.14423 56 23
0.14423 0 0
0.58578 68 31
0.58578 56 26
1.19678 0 0
0.14218 68 28
0.14218 56 23
0.14218 0 0
0.15625 68 28
0.15625 56 23
0.15625 0 0
0.59113 68 31
0.59113 56 26
1.24593 0 0
0.15075 68 28
0.15075 56 23
0.15075 66 23
0.15075 0 0
0.16304 68 28
0.16304 56 23
0.16304 66 23
0.16304 0 0
0.62827 68 31
0.62827 56 26
0.62827 66 26
1.26071 0 0
0.15306 68 28
0.15306 56 23
0.15306 66 23
0.15306 0 0
0.16760 68 28
0.16760 56 23
0.16760 66 23
0.81625 0 0
0.15789 68 28
0.15789 56 23
0.15789 66 23
0.15789 0 0
0.17647 68 28
0.17647 56 23
0.17647 66 23
0.84314 0 0
0.66667 68 27
0.66667 56 22
0.66667 66 22
0.66667 0 0
0.73171 68 26
0.73171 56 21
0.73171 66 21
0.78431 0 0
0.82759 69 25
0.82759 57 20
0.82759 66 20
0.96000 0 0
2.00000 68 24
2.00000 56 20
2.00000 66 20
#  Piano left
0.41234 48 64
0.41234 43 55
0.41234 36 55
0.10056 48 59
0.10056 43 49
0.10056 36 49
0.10056 0 0
0.10056 48 59
0.10056 43 49
0.10056 36 49
0.10056 0 0
0.41234 48 66
0.41234 43 56
0.41234 36 56
0.10056 48 60
0.10056 43 50
0.10056 36 50
0.10056 0 0
0.10056 48 60
0.10056 43 50
0.10056 36 50
0.10056 0 0
0.20544 48 66
0.20544 43 56
0.20544 36 56
1.45737 0 0
0.21898 43 68
0.21898 31 57
0.21898 0 0
0.21898 55 68
0.21898 43 57
1.11005 0 0
0.41234 43 56
0.41234 31 47
0.10056 43 51
0.10056 31 42
0.10056 0 0
0.10056 43 51
0.10056 31 42
0.10056 0 0
0.41234 43 57
0.41234 31 48
0.10056 43 52
0.10056 31 43
0.10056 0 0
0.10056 43 52
0.10056 31 43
0.10056 0 0
0.20544 43 57
0.20544 31 48
1.45737 0 0
0.21898 48 62
0.21898 36 52
0.21898 43 52
0.21898 0 0
0.21898 60 60
0.21898 48 50
0.21898 55 50
1.03268 0 0
0.81783 48 60
0.81783 36 50
0.42759 47 53
0.42759 35 44
0.20202 59 70
0.20202 47 57
0.20202 59 65
0.20202 47 53
0.40808 57 72
0.40808 45 63
0.00430 0 0
0.41237 50 61
0.41237 38 50
0.21174 55 59
0.21352 43 48
0.59350 0 0
0.81783 48 60
0.81783 36 50
0.42759 47 53
0.42759 35 44
0.19192 59 67
0.19192 47 55
0.01010 0 0
0.19192 59 65
0.19192 47 53
0.01010 0 0
0.40808 57 72
0.40808 45 63
0.00430 0 0
0.41237 50 61
0.41237 38 50
0.20619 55 59
0.20619 43 48
0.59350 0 0
0.81783 53 60
0.81783 41 50
0.42759 52 53
0.42759 40 44
0.20285 64 70
0.20285 52 57
0.01068 0 0
0.20285 64 65
0.20285 52 53
0.01068 0 0
0.40808 62 72
0.40808 50 63
0.00430 0 0
0.41237 55 67
0.41237 43 54
0.41237 60 65
0.41237 48 52
0.19192 53 70
0.19192 41 57
0.01010 0 0
0.19192 53 65
0.19192 41 53
0.01010 0 0
0.41237 59 71
0.41237 47 62
0.41237 52 65
0.41237 40 53
0.41237 57 63
0.41237 45 51
0.10345 45 53
0.10345 33 44
0.10345 0 0
0.10345 43 49
0.10345 31 40
0.10345 0 0
0.10441 29 34
0.10381 41 35
0.10309 29 37
0.10251 41 38
0.10181 29 39
0.10112 41 41
0.10056 29 42
0.09989 41 44
0.09934 29 45
0.09901 41 47
0.09890 29 48
0.09868 41 50
0.09858 29 51
0.09836 41 52
0.09815 29 54
0.09804 41 55
0.09709 42 61
0.09688 43 62
0.09657 44 63
0.09636 45 64
0.09605 46 66
0.09585 47 67
0.09605 48 69
0.09615 49 70
0.09646 50 72
0.09657 51 73
0.09677 52 75
0.09698 53 76
0.20408 53 78
0.20408 41 66
0.20408 53 79
0.20408 41 66
0.10601 53 88
0.10601 41 74
0.10601 0 0
0.10169 65 81
0.10169 53 68
0.10169 0 0
0.10345 65 81
0.10345 53 68
0.10345 0 0
0.10169 65 81
0.10169 53 68
0.10169 0 0
0.10170 65 81
0.10170 53 68
0.10169 0 0
0.10169 65 81
0.10169 53 68
0.10169 0 0
0.10381 65 81
0.10381 53 68
0.10381 0 0
0.10381 65 81
0.10381 53 68
0.10381 0 0
0.20906 52 77
0.20906 64 91
0.20906 0 0
0.20906 52 88
0.20906 40 74
1.04529 0 0
0.40805 48 25
0.40805 43 22
0.40805 36 22
0.00430 0 0
0.10056 48 23
0.10056 43 19
0.10056 36 19
0.10056 0 0
0.10056 48 23
0.10056 43 19
0.10056 36 19
0.10056 0 0
0.40805 48 26
0.40805 43 22
0.40805 36 22
0.00430 0 0
0.10056 48 24
0.10056 43 20
0.10056 36 20
0.10056 0 0
0.10056 48 24
0.10056 43 20
0.10056 36 20
0.10056 0 0
0.20544 48 26
0.20544 43 22
0.20544 36 22
1.45737 0 0
0.21898 43 27
0.21898 31 22
0.21898 0 0
0.26906 55 27
0.26906 43 22
0.26906 0 0
0.90226 67 22
0.90226 71 22
0.90226 74 27
0.40805 43 22
0.40805 31 18
0.00430 0 0
0.10056 43 20
0.10056 31 16
0.10056 0 0
0.10056 43 20
0.10056 31 16
0.10056 0 0
0.40805 43 22
0.40805 31 19
0.00430 0 0
0.10056 43 20
0.10056 31 17
0.10056 0 0
0.10056 43 20
0.10056 31 17
0.10056 0 0
0.20544 43 22
0.20544 31 19
1.45737 0 0
0.21898 48 24
0.21898 36 20
0.21898 43 20
0.21898 0 0
0.27149 60 24
0.27149 48 20
0.27149 55 20
0.27149 0 0
0.90226 60 22
0.90226 67 22
0.90226 72 27
0.87774 0 0
0.36290 45 35
0.36290 33 29
0.12097 0 0
0.30769 60 32
0.30769 57 26
0.30769 0 0
0.90226 69 18
0.90226 72 27
0.87774 0 0
0.37190 52 29
0.37190 40 25
0.12397 0 0
0.33520 55 27
0.33520 52 23
0.33520 0 0
1.80451 64 16
1.80451 67 24
1.04070 0 0
0.10489 38 72
0.10489 41 74
0.10169 44 76
0.10169 50 78
0.10169 53 80
0.10169 56 82
0.81356 62 84
0.81356 50 71
0.41667 64 80
0.41667 52 68
0.41667 60 76
0.41667 48 64
0.22472 55 80
0.22472 43 68
0.83391 0 0
0.10489 38 72
0.10489 41 74
0.10169 44 76
0.10169 50 78
0.10169 53 80
0.10169 56 82
0.81356 62 84
0.81356 50 71
0.42254 64 80
0.42254 52 68
0.42253 60 76
0.42253 48 64
0.21127 55 80
0.21127 43 68
0.85178 0 0
0.10539 52 73
0.10477 55 75
0.10429 58 77
0.10369 61 79
0.10321 67 80
0.10227 70 82
0.10204 73 88
0.10227 76 82
0.10239 73 81
0.10274 70 80
0.10286 67 76
0.10309 64 78
0.10333 61 78
0.10321 58 76
0.10381 61 76
0.10381 64 68
0.10381 61 69
0.10381 58 69
0.10381 55 73
0.10381 52 66
0.10381 49 66
0.11070 46 66
0.10381 49 66
0.10381 52 60
0.10381 49 60
0.10381 46 60
0.10381 43 67
0.10381 40 59
0.10381 37 60
0.10989 34 60
0.10417 37 68
0.10417 40 47
0.10417 37 47
0.10417 34 47
0.10417 37 58
0.10417 40 45
0.10369 37 45
0.10345 34 45
0.10309 37 53
0.10298 40 39
0.10274 37 39
0.10251 34 39
0.10239 37 51
0.10204 40 34
0.10193 37 34
0.10169 34 34
0.10135 35 37
0.10135 38 30
0.10135 43 30
0.10135 38 30
0.10135 35 35
0.10135 38 30
0.10135 43 30
0.10135 38 30
0.10135 35 35
0.10135 38 30
0.10135 43 30
0.10135 38 30
0.10101 35 35
0.10147 38 30
0.10193 43 30
0.10251 38 30
0.10274 36 37
0.10274 40 30
0.10274 45 30
0.10274 40 30
0.10274 36 35
0.10274 40 30
0.10274 45 30
0.10274 40 30
0.10274 36 35
0.10274 40 30
0.10274 45 30
0.10274 40 30
0.10274 36 35
0.10274 40 30
0.10274 45 30
0.10274 40 30
0.10393 38 37
0.10477 43 30
0.10514 47 30
0.10551 43 30
0.10588 38 35
0.10626 43 30
0.10664 47 30
0.10702 43 30
0.10714 38 35
0.10714 45 30
0.10779 48 30
0.10962 45 30
0.11111 38 35
0.11111 45 30
0.11111 48 30
0.12552 45 30
0.22678 0 0
0.10539 52 73
0.10477 55 75
0.10429 58 77
0.10369 61 79
0.10321 67 80
0.10227 70 82
0.10204 73 88
0.10227 76 82
0.10239 73 81
0.10274 70 80
0.10286 67 76
0.10309 64 78
0.10333 61 78
0.10321 58 76
0.10381 61 76
0.10381 64 68
0.10381 61 69
0.10381 58 69
0.10381 55 73
0.10381 52 66
0.10381 49 66
0.11070 46 66
0.10381 49 66
0.10381 52 60
0.10381 49 60
0.10381 46 60
0.10381 43 67
0.10381 40 59
0.10381 37 60
0.10989 34 60
0.10417 37 68
0.10417 40 47
0.10417 37 47
0.10417 34 47
0.10417 37 58
0.10417 40 45
0.10369 37 45
0.10345 34 45
0.10309 37 53
0.10298 40 39
0.10274 37 39
0.10251 34 39
0.10239 37 51
0.10204 40 34
0.10193 37 34
0.10169 34 34
0.10135 35 37
0.10135 40 30
0.10135 43 30
0.10135 40 30
0.10135 35 35
0.10135 40 30
0.10135 43 30
0.10135 40 30
0.10135 35 35
0.10135 40 30
0.10135 43 30
0.10135 40 30
0.10101 35 35
0.10147 40 30
0.10193 43 30
0.10251 40 30
0.10274 36 37
0.10274 40 30
0.10274 45 30
0.10274 40 30
0.10274 36 35
0.10274 40 30
0.10274 45 30
0.10274 40 30
0.10274 36 35
0.10274 40 30
0.10274 45 30
0.10274 40 30
0.10321 36 35
0.10381 40 30
0.10453 45 30
0.10526 40 30
0.10274 38 27
0.10274 43 28
0.10274 47 28
0.10274 43 28
0.10274 38 28
0.10274 43 28
0.10274 47 28
0.10274 43 28
0.10274 38 28
0.10298 43 28
0.10309 47 28
0.10345 43 28
0.10357 38 29
0.10381 43 28
0.10405 47 28
0.10429 43 28
0.10274 38 29
0.10274 45 28
0.10274 48 28
0.10274 45 28
0.10274 38 29
0.10274 45 28
0.10274 48 28
0.10262 45 28
0.10239 38 29
0.10274 45 28
0.10298 48 28
0.10333 45 28
0.10357 38 28
0.10393 45 28
0.10417 48 28
0.10453 45 28
0.25532 43 28
4.17696 0 0
0.77586 47 27
1.03448 40 33
0.25862 0 0
0.77586 47 27
1.03448 40 31
0.25105 0 0
0.23849 47 27
0.01255 0 0
0.24569 47 27
0.01293 0 0
0.24569 47 27
0.01293 0 0
0.25424 47 32
0.25424 49 35
0.12987 47 31
0.12987 0 0
0.12987 47 31
2.04729 42 32
0.25862 0 0
0.77586 47 27
1.03448 42 33
0.25862 0 0
0.78273 47 27
1.04135 42 31
0.25105 0 0
0.23849 47 27
0.01255 0 0
0.24569 47 27
0.01293 0 0
0.24569 47 27
0.01293 0 0
0.25424 47 32
0.24896 49 39
0.12876 47 41
0.12876 0 0
0.12876 47 46
2.03755 44 32
0.25751 0 0
0.25751 59 43
0.25751 61 41
0.25751 63 40
1.03004 54 54
0.51502 64 45
0.51502 52 30
0.25751 63 39
0.25751 54 27
0.27149 64 37
0.27149 56 26
0.51502 54 30
0.51502 66 45
0.52402 54 25
0.52402 64 36
0.28037 59 25
0.28037 63 36
1.04809 0 0
0.77586 59 27
1.03448 52 33
0.25862 0 0
0.77586 59 27
1.03448 52 31
0.25105 0 0
0.23849 59 27
0.01255 0 0
0.24569 59 27
0.01293 0 0
0.24569 59 27
0.01293 0 0
0.12346 58 32
0.12346 59 27
0.12346 61 27
0.13333 59 29
0.12987 59 31
0.12987 0 0
0.12987 59 31
2.04252 54 32
0.25862 0 0
0.77586 59 27
1.03448 54 33
0.25862 0 0
0.79944 59 27
1.05806 54 31
0.25210 0 0
0.23950 59 27
0.01261 0 0
0.24569 59 27
0.01293 0 0
0.24569 59 27
0.01293 0 0
0.12346 58 32
0.12346 59 27
0.12346 60 27
0.13453 59 27
0.13043 59 31
0.13043 0 0
0.13043 59 31
2.04808 55 32
0.25210 0 0
0.23950 64 27
0.01261 0 0
0.24569 64 27
0.01293 0 0
0.25792 64 27
0.01357 0 0
0.12346 59 36
0.12346 60 32
0.12346 62 35
0.13453 60 37
0.26087 62 35
0.26087 64 34
2.06095 57 32
0.25210 0 0
0.23950 64 27
0.01261 0 0
0.24569 64 27
0.01293 0 0
0.25792 64 27
0.01357 0 0
0.12346 58 36
0.12346 59 33
0.12346 60 35
0.13453 59 38
0.26087 64 40
0.26087 67 34
2.06095 55 32
0.26087 54 33
0.25532 55 36
0.25532 57 33
0.25532 59 39
0.26316 54 29
0.26316 59 35
0.26316 52 33
0.25751 54 36
0.25751 55 34
0.25751 59 41
0.26667 52 30
0.26667 59 36
0.26667 59 43
0.25974 58 39
0.25974 59 42
0.25974 60 44
1.04589 47 36
0.26031 59 47
0.26297 57 44
0.26549 54 44
0.26667 51 43
0.26201 42 33
0.25532 43 36
0.25532 45 33
0.25532 47 39
0.26316 42 29
0.26316 47 35
0.26316 40 33
0.25751 42 36
0.25751 43 34
0.25751 47 41
0.26667 40 30
0.26667 47 36
0.52100 47 43
0.52100 35 43
0.00541 0 0
0.24675 47 36
0.24675 35 36
0.01299 0 0
0.24675 47 36
0.24675 35 36
0.01299 0 0
0.51742 47 43
0.51742 35 43
0.00548 0 0
0.25000 47 36
0.25000 35 36
0.01316 0 0
0.25000 47 37
0.25000 35 37
0.01316 0 0
0.25974 47 43
0.25974 35 43
0.27273 50 36
0.27273 38 36
0.77922 49 36
0.77922 37 36
0.25974 47 36
0.25974 35 36
0.25974 45 36
0.25974 33 36
0.27397 44 36
0.27397 32 36
1.30554 42 40
1.30554 30 40
0.25974 44 36
0.25974 32 36
0.25974 45 36
0.25974 33 36
0.26906 46 36
0.26906 34 36
0.25974 46 43
0.25974 34 43
0.25974 49 35
0.25974 37 35
0.79295 47 35
0.79295 35 35
0.26432 45 35
0.26432 33 35
0.25974 44 36
0.25974 32 36
0.25974 42 36
0.25974 30 36
1.61011 40 37
0.58823 38 34
0.11658 36 31
0.11598 43 27
0.11524 36 32
0.11465 43 29
0.11392 36 33
0.11321 43 30
0.11250 36 35
0.11180 43 31
0.11125 36 36
0.11057 43 31
0.10989 36 38
0.10922 43 32
0.10856 36 39
0.10804 43 34
0.10740 36 41
0.10676 43 36
0.10626 36 42
0.10576 43 38
0.10539 36 43
0.10502 43 39
0.10465 36 46
0.10417 43 41
0.10381 36 47
0.10345 43 41
0.10298 36 49
0.10262 43 44
0.10227 36 50
0.10193 43 43
0.10147 36 52
0.10112 43 46
0.10078 36 53
0.10045 43 45
0.10000 36 55
0.09989 43 49
0.09967 36 57
0.09945 43 51
0.09923 36 59
0.09901 43 52
0.09879 36 60
0.09858 43 52
0.09836 36 62
0.09815 43 55
0.09793 36 63
0.09772 43 56
0.09751 36 65
0.09730 43 56
0.10638 36 67
0.10638 43 58
0.40805 72 64
0.40805 67 55
0.40805 60 55
0.00430 0 0
0.19107 72 59
0.19107 67 49
0.19107 60 49
0.01006 0 0
0.19107 72 59
0.19107 67 49
0.19107 60 49
0.01006 0 0
0.40805 72 66
0.40805 67 56
0.40805 60 56
0.00430 0 0
0.19107 72 60
0.19107 67 50
0.19107 60 50
0.01006 0 0
0.19107 72 60
0.19107 67 50
0.19107 60 50
0.01006 0 0
0.20544 72 66
0.20544 64 56
0.20544 60 56
0.20544 67 56
0.10272 67 79
0.10260 64 81
0.10272 60 83
0.10358 55 85
0.10446 52 89
0.10459 48 91
0.41835 35 96
0.41835 47 96
0.10459 36 77
0.10459 48 92
0.10459 0 0
0.10459 36 77
0.10459 48 92
0.10459 0 0
0.21898 49 68
0.21898 37 57
0.21898 0 0
0.21898 50 68
0.21898 38 57
1.11005 0 0
0.40805 67 64
0.40805 55 55
0.00430 0 0
0.19107 67 59
0.19107 55 49
0.01006 0 0
0.19107 67 59
0.19107 55 49
0.01006 0 0
0.40805 67 66
0.40805 55 56
0.00430 0 0
0.19107 67 60
0.19107 55 50
0.01006 0 0
0.19107 67 60
0.19107 55 50
0.01006 0 0
0.20544 67 66
0.20544 55 56
0.10272 65 79
0.10260 62 81
0.10272 59 83
0.10358 55 85
0.10446 53 89
0.10459 50 91
0.41835 37 96
0.41835 49 96
0.10459 38 77
0.10459 50 92
0.10459 0 0
0.10459 38 77
0.10459 50 92
0.10459 0 0
0.21898 51 71
0.21898 39 59
0.21898 0 0
0.21898 52 71
0.21898 40 59
1.03268 0 0
0.81783 48 60
0.81783 36 50
0.42759 47 53
0.42759 35 44
0.19192 59 70
0.19192 47 57
0.01010 0 0
0.19192 59 65
0.19192 47 53
0.01010 0 0
0.41237 57 72
0.41237 45 63
0.41237 50 61
0.41237 38 50
0.21174 55 59
0.21352 43 48
0.59350 0 0
0.81783 48 60
0.81783 36 50
0.42759 47 53
0.42759 35 44
0.19192 59 70
0.19192 47 57
0.01010 0 0
0.19192 59 65
0.19192 47 53
0.01010 0 0
0.41237 57 72
0.41237 45 63
0.41237 50 61
0.41237 38 50
0.20619 55 59
0.20619 43 48
0.59350 0 0
0.81783 53 60
0.81783 41 50
0.42759 52 53
0.42759 40 44
0.20285 64 70
0.20285 52 57
0.01068 0 0
0.20285 64 65
0.20285 52 53
0.01068 0 0
0.40808 62 72
0.40808 50 63
0.00430 0 0
0.41237 55 67
0.41237 43 54
0.40808 60 65
0.40808 48 52
0.00430 0 0
0.19192 53 67
0.19192 41 55
0.01010 0 0
0.19192 53 62
0.19192 41 51
0.01010 0 0
0.41237 59 69
0.41237 47 60
0.41237 60 65
0.41237 48 53
0.19588 62 65
0.19588 50 52
0.01031 0 0
0.19588 62 55
0.19588 50 55
0.01031 0 0
0.41502 64 71
0.41502 52 58
0.40254 45 96
0.40254 33 81
0.00424 0 0
0.19322 45 90
0.19322 33 75
0.01017 0 0
0.19322 45 90
0.19322 33 75
0.01017 0 0
0.40254 45 96
0.40254 33 81
0.00424 0 0
0.19322 45 90
0.19322 33 75
0.01017 0 0
0.19322 45 88
0.19322 33 74
0.01017 0 0
0.19672 45 96
0.19672 33 81
0.20906 48 90
0.20906 36 75
0.41096 47 93
0.41096 35 79
0.83294 77 93
0.83294 74 79
0.40254 47 96
0.40254 35 81
0.00424 0 0
0.19322 47 90
0.19322 35 75
0.01017 0 0
0.19322 47 90
0.19322 35 75
0.01017 0 0
0.40254 47 96
0.40254 35 81
0.00424 0 0
0.19322 47 90
0.19322 35 75
0.01017 0 0
0.19322 47 88
0.19322 35 74
0.01017 0 0
0.19672 47 96
0.19672 35 81
0.20906 50 90
0.20906 38 75
0.41096 48 93
0.41096 36 79
0.82192 81 93
0.82192 76 79
0.82192 72 79
0.19672 49 91
0.19672 37 77
0.20906 52 84
0.20906 40 71
0.41096 50 88
0.41096 38 74
0.82192 82 85
0.82192 77 72
0.82192 74 70
0.40930 52 52
0.40930 40 52
0.40515 53 55
0.40515 41 55
0.40109 56 58
0.40109 44 58
0.39719 57 60
0.39719 45 60
0.39604 59 63
0.39604 47 63
0.40134 60 66
0.40134 48 66
0.39604 53 68
0.39604 65 68
0.39604 64 65
0.39604 52 65
0.20339 33 75
0.10169 35 67
0.10170 36 67
0.10170 38 66
0.10170 40 66
0.10169 42 65
0.10170 44 64
0.10170 45 64
0.10170 47 63
0.10169 48 63
0.10170 50 63
0.10170 52 63
0.10170 54 62
0.10170 56 61
0.10169 57 61
0.09836 58 58
0.09836 61 53
0.10453 62 53
0.10453 64 53
0.10274 58 52
0.10274 61 46
0.10601 62 46
0.10601 64 46
0.10274 58 54
0.10274 61 47
0.10274 62 47
0.10274 64 47
0.10274 58 53
0.10274 61 48
0.10274 62 48
0.10274 64 48
0.20339 37 75
0.10169 38 67
0.10170 40 67
0.10170 41 66
0.10170 43 66
0.10169 45 65
0.10170 47 64
0.10170 49 64
0.10170 50 63
0.10169 52 63
0.10170 53 63
0.10170 55 63
0.10170 57 62
0.10170 59 61
0.10169 61 61
0.09836 62 58
0.09836 65 53
0.10453 68 53
0.10453 69 53
0.10274 62 52
0.10274 65 46
0.10563 68 46
0.10563 69 46
0.10274 62 54
0.10274 65 47
0.10274 68 47
0.10274 69 47
0.10274 62 53
0.10274 65 48
0.10274 68 48
0.10274 69 48
0.09836 60 55
0.09836 64 50
0.10453 68 49
0.10453 69 49
0.10274 60 47
0.10274 64 42
0.10563 68 41
0.10563 69 41
0.10274 60 48
0.10274 64 41
0.10274 68 41
0.10274 69 40
0.10274 60 45
0.10274 64 40
0.10274 68 40
0.10274 69 40
0.09967 59 48
0.09967 62 43
0.10676 68 42
0.10676 69 42
0.10417 59 41
0.10417 62 36
0.10563 68 35
0.10563 69 35
0.10274 59 41
0.10274 62 35
0.10274 68 35
0.10274 69 34
0.10274 59 39
0.10274 62 35
0.10274 68 34
0.10274 69 34
0.10170 57 43
0.10170 60 35
0.11111 68 35
0.11111 69 35
0.10638 57 35
0.10638 60 35
0.10909 68 31
0.10841 69 31
0.10638 48 40
0.10638 57 36
0.10638 50 37
0.10638 57 38
0.10638 45 46
0.10638 57 40
0.10638 47 41
0.10638 57 42
0.10638 48 50
0.10638 57 43
0.11278 52 43
0.11278 57 43
0.10909 50 47
0.10909 57 39
0.10909 53 39
0.11111 57 39
0.11111 52 45
0.11111 60 35
0.11111 57 35
0.11111 60 35
0.11426 52 46
0.11583 62 35
0.11583 56 35
0.11583 62 35
0.11152 53 41
0.11152 60 32
0.11152 57 33
0.11152 60 33
0.11152 53 41
0.11152 60 35
0.11166 57 35
0.11222 60 35
0.00940 0 0
0.11278 48 40
0.11278 57 36
0.11278 50 37
0.11278 57 38
0.11278 45 46
0.11278 57 40
0.11278 47 41
0.11278 57 42
0.11278 48 50
0.11338 57 43
0.12000 52 43
0.11954 57 43
0.11450 50 47
0.11487 57 39
0.11557 53 39
0.11620 57 39
0.11692 52 45
0.11757 60 35
0.11830 57 35
0.11913 60 35
0.11952 52 46
0.11952 62 35
0.11952 56 35
0.11907 62 35
0.11407 47 80
0.11407 35 68
0.11407 0 0
0.10870 50 76
0.10870 38 64
0.10870 0 0
0.44444 48 82
0.44444 36 69
0.11321 49 81
0.11321 37 69
0.11321 0 0
0.10870 52 76
0.10870 40 64
0.10870 0 0
0.44280 50 82
0.44280 38 70
0.11070 51 83
0.11070 39 70
0.11070 0 0
0.10714 53 77
0.10714 41 65
0.10714 0 0
0.44444 52 84
0.44444 40 71
0.10909 52 84
0.10909 40 72
0.10909 0 0
0.10489 55 79
0.10489 43 66
0.10489 0 0
0.44610 53 85
0.44610 41 72
0.10989 56 86
0.10989 44 73
0.10989 0 0
0.11673 59 67
0.11673 62 80
0.11673 0 0
0.91768 56 74
0.91768 65 88
0.91768 62 74
0.91768 59 74
0.47619 59 45
0.47619 56 37
0.47619 52 37
0.11194 48 45
0.11194 57 38
0.11278 52 38
0.11278 57 38
0.10909 50 42
0.10909 57 35
0.10909 53 35
0.11111 57 35
0.11111 52 40
0.11111 60 31
0.11111 57 31
0.11111 60 31
0.11628 52 41
0.11765 62 31
0.11905 56 31
0.13393 62 31
0.11321 48 32
0.11321 57 27
0.11538 52 27
0.11538 57 27
0.11070 50 29
0.11070 57 25
0.11070 53 25
0.11111 57 25
0.11407 52 28
0.11407 60 21
0.11407 57 21
0.11407 60 21
0.11524 52 28
0.11874 62 21
0.12262 56 21
0.12552 62 21
0.11494 47 80
0.11494 35 68
0.11494 0 0
0.11029 50 76
0.11029 38 64
0.11029 0 0
0.44944 48 82
0.44944 36 69
0.11152 49 80
0.11152 37 68
0.11152 0 0
0.10870 52 76
0.10870 40 64
0.10870 0 0
0.44280 50 81
0.44280 38 69
0.11070 51 82
0.11070 39 70
0.11070 0 0
0.10714 53 76
0.10714 41 63
0.10714 0 0
0.44118 52 83
0.44118 40 70
0.10830 52 84
0.10830 40 71
0.10830 0 0
0.10417 55 77
0.10417 43 65
0.10417 0 0
0.44610 53 84
0.44610 41 71
0.10830 54 84
0.10830 42 72
0.10830 0 0
0.10489 57 79
0.10489 45 66
0.10489 0 0
0.44444 56 85
0.44444 44 72
0.11111 56 86
0.11111 44 73
0.11111 0 0
0.10791 59 79
0.10791 47 66
0.10791 0 0
0.46476 57 87
0.46476 45 74
0.82495 68 92
0.82582 58 77
0.82582 62 77
0.82582 65 77
6.98531 0 0
0.15228 51 36
0.15228 58 30
0.14706 55 31
0.14706 58 31
0.14286 63 36
0.14286 58 31
0.14286 55 31
0.14286 58 31
0.14286 51 36
0.14286 58 31
0.14019 55 31
0.14019 58 32
0.14019 63 36
0.14019 58 31
0.14778 55 31
0.14778 58 31
0.14706 51 36
0.14706 58 30
0.14218 55 31
0.14218 58 31
0.14218 63 36
0.14218 58 31
0.14218 55 31
0.14218 58 31
0.14218 51 36
0.14218 58 31
0.14019 55 31
0.14019 58 32
0.14019 63 36
0.14019 58 31
0.14778 55 31
0.14778 58 31
0.15306 46 40
0.15306 58 33
0.14218 56 34
0.14218 58 34
0.14218 62 40
0.14218 58 34
0.14218 56 34
0.14218 58 34
0.14218 46 40
0.14218 58 34
0.14019 56 34
0.14019 58 35
0.14019 62 40
0.14019 58 34
0.14778 56 34
0.14778 58 34
0.14706 46 40
0.14706 58 33
0.14218 56 34
0.14218 58 34
0.14218 62 40
0.14218 58 34
0.14218 56 34
0.14218 58 34
0.14218 46 40
0.14218 58 34
0.14019 56 34
0.14019 58 35
0.13825 62 40
0.13825 58 34
0.14778 56 34
0.14778 58 34
0.15306 51 40
0.15306 58 33
0.14218 55 34
0.14218 58 34
0.14218 63 40
0.14218 58 34
0.14218 55 34
0.14218 58 34
0.14218 51 40
0.14218 58 34
0.14019 55 34
0.14019 58 35
0.14019 63 40
0.14019 58 34
0.14778 55 34
0.14778 58 34
0.14706 51 40
0.14706 58 33
0.14218 55 34
0.14218 58 34
0.14218 63 40
0.14218 58 34
0.14218 55 34
0.14218 58 34
0.14634 51 40
0.14634 58 34
0.14019 55 34
0.14019 58 35
0.13825 63 40
0.13825 58 34
0.14778 55 34
0.14778 58 34
0.14706 46 44
0.14706 58 36
0.14218 56 36
0.14218 58 36
0.14218 62 44
0.14218 58 36
0.14218 56 36
0.14218 58 36
0.14218 46 44
0.14218 58 36
0.14019 56 36
0.14019 58 37
0.14019 62 44
0.14019 58 36
0.15464 56 36
0.15464 58 36
0.14706 46 44
0.14706 58 36
0.14218 56 36
0.14218 58 36
0.14218 62 44
0.14218 58 36
0.14218 56 36
0.14218 58 36
0.14218 46 44
0.14218 58 36
0.14019 56 36
0.14019 58 37
0.14019 62 44
0.14019 58 36
0.14778 56 36
0.14778 58 36
0.15789 51 44
0.15789 58 36
0.14218 55 36
0.14218 58 36
0.14218 63 44
0.14218 58 36
0.14218 55 36
0.14218 58 36
0.14634 43 44
0.14634 59 36
0.14019 55 36
0.14019 59 37
0.14019 65 44
0.14019 59 36
0.14778 55 36
0.14778 59 36
0.15000 48 44
0.15000 55 36
0.14218 51 36
0.14218 55 36
0.14218 60 44
0.14218 55 36
0.14218 51 36
0.14218 55 36
0.14634 39 44
0.14634 55 36
0.14019 51 36
0.14019 55 37
0.14019 61 44
0.14019 55 36
0.14778 51 36
0.14778 55 36
0.15000 44 44
0.15000 51 36
0.14218 48 36
0.14218 51 36
0.14218 56 42
0.14218 51 35
0.14218 48 34
0.14218 51 34
0.15306 37 40
0.15306 53 33
0.14019 49 33
0.14019 53 33
0.14019 58 38
0.14019 53 32
0.14778 49 31
0.14778 53 31
0.15000 39 36
0.15000 51 30
0.14218 48 30
0.14218 51 30
0.14218 56 36
0.14218 51 29
0.14218 48 28
0.14218 51 28
0.14634 39 34
0.14634 51 27
0.14286 49 27
0.14286 51 27
0.14493 58 32
0.14493 51 26
0.15707 49 26
0.15707 51 26
0.14706 56 26
0.14706 63 25
0.14218 60 26
0.14218 63 26
0.14218 68 29
0.14218 63 26
0.14218 60 26
0.14299 63 26
0.14706 56 29
0.14706 63 26
0.14286 60 26
0.14286 63 26
0.14286 67 29
0.14286 63 26
0.14778 68 26
0.14778 63 26
0.14706 56 29
0.14706 63 25
0.14218 60 26
0.14218 63 26
0.14218 68 29
0.14218 63 26
0.14218 60 26
0.14264 63 26
0.14493 56 29
0.14493 63 26
0.14019 60 26
0.14019 63 26
0.14019 67 29
0.14019 63 26
0.14778 68 26
0.14778 63 26
0.14706 51 31
0.14706 63 26
0.14218 61 27
0.14218 63 27
0.14218 67 31
0.14218 63 27
0.14218 61 27
0.14311 63 27
0.15625 51 31
0.15625 63 27
0.14286 65 27
0.14286 63 27
0.14286 62 31
0.14286 63 27
0.14778 61 27
0.14778 63 27
0.14706 51 31
0.14706 63 26
0.14218 61 27
0.14218 63 27
0.14218 67 31
0.14218 63 27
0.14218 61 27
0.14218 63 27
0.15000 51 31
0.15000 63 27
0.14778 65 27
0.14778 63 27
0.14778 62 31
0.14778 63 27
0.15464 61 27
0.15464 63 27
0.15789 56 46
0.15789 63 38
0.14218 60 38
0.14218 63 38
0.14218 68 46
0.14218 63 38
0.14218 60 38
0.14218 63 38
0.14634 48 46
0.14634 60 38
0.14019 55 38
0.14019 60 39
0.14019 64 46
0.14019 60 38
0.14778 55 38
0.14778 60 38
0.15000 53 46
0.15000 60 38
0.14218 56 38
0.14218 60 38
0.14218 65 46
0.14218 60 38
0.14218 56 38
0.14218 60 38
0.14634 44 46
0.14634 56 38
0.14019 51 38
0.14019 56 39
0.14019 60 46
0.14019 56 38
0.15464 51 38
0.15464 56 38
0.15000 49 49
0.15000 56 40
0.14218 53 40
0.14218 56 40
0.14218 61 47
0.14218 56 39
0.14218 53 38
0.14218 56 38
0.14634 42 45
0.14634 58 37
0.14286 54 37
0.14286 58 37
0.14286 63 43
0.14286 58 36
0.14778 54 35
0.14778 58 35
0.15000 44 41
0.15000 56 34
0.14218 53 34
0.14218 56 34
0.14218 61 40
0.14218 56 33
0.14218 53 32
0.14218 56 32
0.15625 44 38
0.15625 56 31
0.14706 54 31
0.14706 56 31
0.14706 63 36
0.14706 56 29
0.14778 54 29
0.14778 56 29
0.39191 61 67
0.39191 53 57
0.39191 49 57
0.39191 56 57
0.00413 0 0
0.09659 61 61
0.09659 53 51
0.09659 49 51
0.09659 56 51
0.09659 0 0
0.09659 61 61
0.09659 53 51
0.09659 49 51
0.09659 56 51
0.09659 0 0
0.39191 61 69
0.39191 53 58
0.39191 49 58
0.39191 56 58
0.00413 0 0
0.09659 61 63
0.09659 49 52
0.09659 56 52
0.09659 53 52
0.09176 0 0
0.09659 61 63
0.09659 53 52
0.09659 49 52
0.09659 56 52
0.09659 0 0
0.14799 61 69
0.14799 53 58
0.14799 49 58
0.14799 56 58
0.04933 0 0
0.09509 61 52
0.09509 56 54
0.09509 53 56
0.09509 49 58
0.09509 44 59
0.09509 41 61
0.09509 37 62
0.09530 32 61
0.09562 37 60
0.09594 41 59
0.09615 44 58
0.09647 49 57
0.10516 53 57
0.15326 56 56
0.39191 58 67
0.39191 53 57
0.39191 49 57
0.39191 46 57
0.00413 0 0
0.09659 58 61
0.09659 53 51
0.09659 49 51
0.09659 46 51
0.09659 0 0
0.09659 58 61
0.09659 53 51
0.09659 49 51
0.09659 46 51
0.09659 0 0
0.39191 58 69
0.39191 53 58
0.39191 49 58
0.39191 46 58
0.00413 0 0
0.09659 58 63
0.09659 49 52
0.09659 46 52
0.09659 53 52
0.09176 0 0
0.09659 58 63
0.09659 53 52
0.09659 49 52
0.09659 46 52
0.09659 0 0
0.14799 58 69
0.14799 53 58
0.14799 49 58
0.14799 46 58
0.04933 0 0
0.09509 61 53
0.09509 58 55
0.09509 53 57
0.09509 49 58
0.09509 46 60
0.09509 41 62
0.09509 37 64
0.09530 34 64
0.09562 37 63
0.09594 41 62
0.09615 46 61
0.09647 49 60
0.10632 53 59
0.14930 58 60
0.39191 61 59
0.39191 58 51
0.39191 54 51
0.00413 0 0
0.09659 61 55
0.09659 58 46
0.09659 54 46
0.09659 0 0
0.09659 61 55
0.09659 58 46
0.09659 54 46
0.09659 0 0
0.39191 62 67
0.39191 50 57
0.39191 54 57
0.39191 57 57
0.00413 0 0
0.09659 62 61
0.09659 50 51
0.09659 57 51
0.09659 54 51
0.09176 0 0
0.09659 62 61
0.09659 50 51
0.09659 54 51
0.09659 57 51
0.09659 0 0
0.14799 60 67
0.14799 48 57
0.14799 51 57
0.14799 56 57
0.04933 0 0
0.09509 63 47
0.09509 61 48
0.09509 60 50
0.09509 61 51
0.09509 60 52
0.09509 58 54
0.09509 56 55
0.09530 58 53
0.09562 56 52
0.09594 58 52
0.09615 60 51
0.09647 61 51
0.10632 63 50
0.14930 65 50
0.39191 61 59
0.39191 58 51
0.39191 54 51
0.00413 0 0
0.09659 61 55
0.09659 58 46
0.09659 54 46
0.09659 0 0
0.09659 61 55
0.09659 58 46
0.09659 54 46
0.09659 0 0
0.39191 62 67
0.39191 50 57
0.39191 54 57
0.39191 57 57
0.00413 0 0
0.09659 62 61
0.09659 50 51
0.09659 57 51
0.09659 54 51
0.09176 0 0
0.09659 62 61
0.09659 50 51
0.09659 54 51
0.09659 57 51
0.09659 0 0
0.14799 60 67
0.14799 48 57
0.14799 51 57
0.14799 56 57
0.04933 0 0
0.09509 63 47
0.09509 61 48
0.09509 60 50
0.09509 61 51
0.09509 60 51
0.09509 58 53
0.09509 56 55
0.09530 58 55
0.09562 56 53
0.09594 58 52
0.09615 60 50
0.09647 61 49
0.10632 63 48
0.14930 65 47
0.39191 66 66
0.39191 54 55
0.39191 57 55
0.39191 61 55
0.00413 0 0
0.09659 66 55
0.09659 54 38
0.09659 57 38
0.09659 61 38
0.09659 0 0
0.09659 66 54
0.09659 54 46
0.09659 57 46
0.09659 61 46
0.09659 0 0
0.39191 62 60
0.39191 50 51
0.39191 54 51
0.39191 57 51
0.00413 0 0
0.09659 62 56
0.09659 54 47
0.09659 50 47
0.09659 57 47
0.09659 0 0
0.09659 62 57
0.09659 50 48
0.09659 54 48
0.09659 57 48
0.09659 0 0
0.39604 64 65
0.39604 52 54
0.39604 55 54
0.39604 59 54
0.38635 60 56
0.38635 48 47
0.38635 52 47
0.38635 57 47
0.39604 62 63
0.39604 57 53
0.39604 50 53
0.39216 50 61
0.39216 38 51
0.40956 52 61
0.40956 40 52
0.39604 60 55
0.39604 48 47
0.39604 52 47
0.39604 57 47
0.41096 62 65
0.41096 57 54
0.41096 50 54
0.42105 50 68
0.42105 38 57
0.10170 43 61
0.10170 45 57
0.10170 43 57
0.10170 45 57
0.09901 47 61
0.09901 48 57
0.09901 47 57
0.09901 48 57
0.10101 50 63
0.10101 51 57
0.10101 50 57
0.10101 51 57
0.09868 53 61
0.09868 55 57
0.09868 53 57
0.09868 55 57
0.82628 56 67
0.82628 44 67
0.81253 44 66
0.81253 32 66
0.10170 41 61
0.10170 43 57
0.10170 41 57
0.10170 43 57
0.09901 44 61
0.09901 46 57
0.09901 44 57
0.09901 46 57
0.10101 48 63
0.10101 50 57
0.10101 48 57
0.10101 50 57
0.09868 51 61
0.09868 53 57
0.09868 51 57
0.09868 53 57
0.80551 55 67
0.80551 43 67
0.81253 43 66
0.81253 31 66
0.10170 39 61
0.10170 41 57
0.10170 39 57
0.10170 41 57
0.09901 43 61
0.09901 44 57
0.09901 43 57
0.09901 44 57
0.10101 46 63
0.10101 48 57
0.10101 46 57
0.10101 48 57
0.09868 50 61
0.09868 51 57
0.09868 50 57
0.09868 51 57
0.82628 53 67
0.82628 41 67
0.81253 41 66
0.81253 29 66
0.81220 51 67
0.81220 39 67
0.81253 39 66
0.81253 27 66
0.29801 61 67
0.29801 49 67
0.09437 49 60
0.09437 37 60
0.00497 0 0
0.41812 49 67
0.41812 37 67
0.29900 60 70
0.29900 48 70
0.09468 48 63
0.09468 36 63
0.00498 0 0
0.41812 48 70
0.41812 36 70
0.30612 58 70
0.30612 46 70
0.09694 46 63
0.09694 34 63
0.00510 0 0
0.43478 46 70
0.43478 34 70
0.31142 56 73
0.31142 44 73
0.09862 44 65
0.09862 32 65
0.00519 0 0
0.43011 44 73
0.43011 32 73
0.44038 43 75
0.44038 31 75
0.10856 55 70
0.10856 67 70
0.10804 0 0
0.10740 67 70
0.10740 55 70
0.10689 0 0
0.42260 55 73
0.42260 67 73
0.00445 0 0
0.10676 55 70
0.10676 67 70
0.10676 0 0
0.42629 55 70
0.42629 67 70
0.07813 65 70
0.07813 53 70
0.02604 0 0
0.07813 64 70
0.07813 52 70
0.02604 0 0
0.10417 65 73
0.10417 53 73
0.10417 0 0
0.16014 53 67
0.16014 41 67
0.05597 0 0
0.16238 56 68
0.16238 44 68
0.05208 0 0
0.15625 60 68
0.15625 48 68
0.05208 0 0
0.15625 62 68
0.15625 50 68
0.05208 0 0
0.15625 64 68
0.15625 52 68
0.05208 0 0
0.43584 65 75
0.43584 53 75
0.00455 0 0
0.10856 53 70
0.10856 65 70
0.10804 0 0
0.10740 65 70
0.10740 53 70
0.10689 0 0
0.42260 53 73
0.42260 65 73
0.00445 0 0
0.10676 53 70
0.10676 65 70
0.10676 0 0
0.42629 53 70
0.42629 65 70
0.07813 63 70
0.07813 51 70
0.02604 0 0
0.07813 62 70
0.07813 50 70
0.02604 0 0
0.10417 63 73
0.10417 51 73
0.10417 0 0
0.16014 51 67
0.16014 39 67
0.05597 0 0
0.16238 55 68
0.16238 43 68
0.05208 0 0
0.15625 58 68
0.15625 46 68
0.05208 0 0
0.15625 60 68
0.15625 48 68
0.05208 0 0
0.15625 62 68
0.15625 50 68
0.05208 0 0
0.43584 63 75
0.43584 51 75
0.00455 0 0
0.10856 51 70
0.10856 63 70
0.10804 0 0
0.10740 63 70
0.10740 51 70
0.10689 0 0
0.42260 51 73
0.42260 63 73
0.00445 0 0
0.10676 51 70
0.10676 63 70
0.10676 0 0
0.42629 51 70
0.42629 63 70
0.07813 61 70
0.07813 49 70
0.02604 0 0
0.07813 60 70
0.07813 48 70
0.02604 0 0
0.10417 61 73
0.10417 49 73
0.10417 0 0
0.16014 61 67
0.16014 49 67
0.05597 0 0
0.16238 56 68
0.16238 44 68
0.05208 0 0
0.15625 53 68
0.15625 41 68
0.05208 0 0
0.15625 56 68
0.15625 44 68
0.05208 0 0
0.42110 61 68
0.42110 49 68
0.07813 60 70
0.07813 48 70
0.02604 0 0
0.07813 59 70
0.07813 47 70
0.02604 0 0
0.10417 60 73
0.10417 48 73
0.10417 0 0
0.16014 60 67
0.16014 48 67
0.05597 0 0
0.16238 55 68
0.16238 43 68
0.05208 0 0
0.15625 51 68
0.15625 39 68
0.05208 0 0
0.15625 55 68
0.15625 43 68
0.05208 0 0
0.41595 60 68
0.41595 48 68
0.07813 58 61
0.07813 46 52
0.02604 0 0
0.07813 57 63
0.07813 45 53
0.02604 0 0
0.10417 58 69
0.10417 46 58
0.10417 0 0
0.16014 46 60
0.16014 34 51
0.05597 0 0
0.10381 58 68
0.10381 46 68
0.10381 0 0
0.07813 56 61
0.07813 44 52
0.02604 0 0
0.07813 55 63
0.07813 43 53
0.02604 0 0
0.10417 56 69
0.10417 44 58
0.10417 0 0
0.16014 44 60
0.16014 32 51
0.05597 0 0
0.10417 56 68
0.10417 44 68
0.10417 0 0
0.07813 55 61
0.07813 43 52
0.02604 0 0
0.07813 54 63
0.07813 42 53
0.02604 0 0
0.10417 55 69
0.10417 43 58
0.10417 0 0
0.16014 43 60
0.16014 31 51
0.05597 0 0
0.10791 55 68
0.10791 43 68
0.10791 0 0
0.08094 53 61
0.08094 41 52
0.02698 0 0
0.08094 52 63
0.08094 40 53
0.02698 0 0
0.10989 53 69
0.10989 41 58
0.10989 0 0
0.11321 54 68
0.11321 42 64
0.11321 0 0
0.44726 55 69
0.44726 43 58
0.44726 47 58
0.44726 50 58
0.00460 0 0
0.20798 55 66
0.20798 43 55
0.20798 47 55
0.20798 50 55
0.01087 0 0
0.20451 55 66
0.20451 43 55
0.20451 47 55
0.20451 50 55
0.01068 0 0
0.43658 48 69
0.43658 36 58
0.43658 39 58
0.43658 44 58
0.00460 0 0
0.08361 48 68
0.08361 36 57
0.02778 0 0
0.08316 50 72
0.08316 38 60
0.02768 0 0
0.08269 51 75
0.08269 39 63
0.02747 0 0
0.08893 53 78
0.08893 41 67
0.02964 0 0
0.44884 55 69
0.44884 43 58
0.00460 0 0
0.20798 67 66
0.20798 55 55
0.20798 59 55
0.20798 62 55
0.01087 0 0
0.20451 67 66
0.20451 55 55
0.20451 59 55
0.20451 62 55
0.01068 0 0
0.44118 60 69
0.44118 48 58
0.44118 51 58
0.44118 56 58
0.08361 60 68
0.08361 48 57
0.02778 0 0
0.08316 62 72
0.08316 50 60
0.02768 0 0
0.08269 63 75
0.08269 51 63
0.02747 0 0
0.08858 65 78
0.08858 53 67
0.02885 0 0
0.46027 67 66
0.46027 55 55
0.46027 59 55
0.46027 62 55
0.08544 60 68
0.08544 48 57
0.02834 0 0
0.08469 62 72
0.08469 50 60
0.02809 0 0
0.08385 63 75
0.08385 51 63
0.02781 0 0
0.09109 65 78
0.09109 53 67
0.03036 0 0
0.45682 67 66
0.45682 55 55
0.45682 59 55
0.45682 62 55
0.08480 60 68
0.08480 48 57
0.02820 0 0
0.08409 62 72
0.08409 50 60
0.02792 0 0
0.08337 63 75
0.08337 51 63
0.02768 0 0
0.09146 65 78
0.09146 53 67
0.03049 0 0
0.46060 67 66
0.46060 55 55
0.46060 59 55
0.46060 62 55
0.09042 48 69
0.09042 36 58
0.02994 0 0
0.08910 50 74
0.08910 38 63
0.02947 0 0
0.08775 51 78
0.08775 39 66
0.02901 0 0
0.10369 53 82
0.10369 41 70
0.03456 0 0
0.51692 55 70
0.51692 43 58
0.51692 47 58
0.51692 50 58
0.09708 48 75
0.09708 36 64
0.03274 0 0
0.09954 50 80
0.09954 38 67
0.03362 0 0
0.10226 51 85
0.10226 39 70
0.03455 0 0
0.12712 53 89
0.12712 41 75
0.04237 0 0
0.47500 55 75
0.47500 43 56
0.47500 47 56
0.47500 50 63
3.36822 0 0
0.47500 53 75
0.47500 41 56
0.47500 47 56
0.47500 50 63
3.38617 0 0
0.47500 53 75
0.47500 41 56
0.47500 47 56
0.47500 49 63
1.46076 0 0
0.47500 54 75
0.47500 42 56
0.47500 47 56
0.47500 50 63
1.45217 0 0
0.47500 53 75
0.47500 41 56
0.47500 44 56
0.47500 49 63
1.45690 0 0
0.47500 54 75
0.47500 42 56
0.47500 47 56
0.47500 50 63
1.45259 0 0
0.47500 53 75
0.47500 41 56
0.47500 47 56
0.47500 50 63
0.48834 0 0
0.47500 41 75
0.47500 29 56
0.48834 0 0
0.47500 42 64
0.47500 30 53
0.48834 0 0
0.47500 45 59
0.47500 33 49
0.48834 0 0
0.48469 49 57
0.48469 37 47
0.50389 0 0
0.48668 52 55
0.48668 40 46
0.50924 0 0
0.49479 56 53
0.49479 44 44
0.51677 0 0
0.50748 57 56
0.50748 45 47
0.51691 0 0
0.51407 56 53
0.51407 44 44
1.03802 0 0
0.12988 32 32
0.13334 36 35
0.13699 39 38
0.14019 44 41
0.26087 45 44
1.29231 0 0
0.13006 31 27
0.13294 34 29
0.13596 39 31
0.13825 43 34
0.26087 44 33
1.29347 0 0
0.12988 32 24
0.13334 36 26
0.13699 39 28
0.14019 44 30
0.25870 45 33
1.29449 0 0
0.13006 31 24
0.13294 34 26
0.13596 39 27
0.13825 43 30
0.27674 44 33
1.39280 0 0
0.13575 48 28
0.13575 44 23
0.13575 0 0
0.14354 48 28
0.14354 44 23
0.14354 0 0
0.55556 48 33
0.55556 44 28
1.11661 0 0
0.13699 48 28
0.13699 44 23
0.13699 0 0
0.14423 48 28
0.14423 44 23
0.14423 0 0
0.56075 48 33
0.56075 44 28
1.14947 0 0
0.14493 49 28
0.14493 45 23
0.14493 0 0
0.15789 49 28
0.15789 45 23
0.15789 0 0
0.59113 49 33
0.59113 45 28
1.18799 0 0
0.14563 49 28
0.14563 45 23
0.14563 0 0
0.16484 49 28
0.16484 45 23
0.16484 0 0
0.62500 51 33
0.62500 48 28
1.25587 0 0
0.15228 51 28
0.15228 48 23
0.15228 0 0
0.16393 51 28
0.16393 48 23
0.16393 0 0
0.62827 51 33
0.62827 48 28
0.64132 0 0
0.64865 51 33
0.64865 48 28
0.66873 0 0
0.66667 51 33
0.66667 48 28
0.66667 0 0
0.66667 51 32
0.66667 48 27
0.73171 0 0
0.78431 51 30
0.78431 48 26
0.82759 0 0
0.96000 51 29
0.96000 48 25
