"schu_143_3"

#  Piano right
0.00075 0 0
0.11861 69 50
0.11936 71 46
0.11936 72 46
0.11936 71 50
0.11936 72 46
0.12242 74 46
0.35808 76 65
0.11936 69 50
0.11936 71 45
0.11936 72 45
0.11936 0 0
0.11936 72 44
0.12333 74 44
0.36205 71 70
0.36205 76 65
0.11936 69 50
0.11936 71 45
0.12197 72 45
0.11936 0 0
0.11936 72 45
0.12197 74 45
0.36069 71 66
0.11936 72 50
0.11936 74 48
0.11936 76 50
0.11947 77 50
0.12011 79 54
0.12088 81 58
0.11979 79 61
0.11979 77 56
0.11979 76 53
0.11979 74 55
0.11979 72 52
0.12780 71 48
0.12461 69 56
0.12461 71 50
0.12461 72 50
0.12308 71 53
0.12308 69 48
0.12308 67 48
0.12384 65 53
0.12384 64 47
0.12539 63 47
0.36310 64 57
0.36485 0 0
0.11976 59 50
0.11976 61 45
0.11976 63 45
0.12121 64 54
0.12121 66 49
0.12333 68 49
0.36205 69 59
0.11905 59 50
0.11905 61 45
0.11905 63 45
0.12048 64 54
0.12048 66 48
0.12379 68 48
0.36159 69 58
0.11936 59 50
0.11936 61 46
0.11936 63 46
0.12048 64 54
0.12048 66 47
0.12333 68 47
0.11936 66 60
0.11936 68 53
0.12242 69 53
0.11936 68 64
0.11936 69 58
0.12242 71 60
0.11894 69 68
0.11915 71 60
0.11947 72 63
0.11979 71 73
0.12022 72 63
0.12055 74 68
0.12088 72 79
0.12121 74 68
0.12154 76 74
0.12197 77 90
0.12197 76 77
0.12612 74 79
0.12197 77 88
0.18296 83 88
0.12197 76 79
0.12287 74 79
0.12197 77 92
0.18296 83 92
0.12197 76 80
0.12333 74 80
0.12270 77 93
0.18405 83 93
0.12270 76 84
0.12618 74 86
0.12346 77 97
0.18519 83 97
0.12346 76 86
0.12658 74 87
0.12384 77 100
0.18576 83 100
0.12384 76 88
0.13072 74 91
0.12121 77 106
0.18182 83 106
0.12121 76 61
0.12308 74 52
0.12232 77 60
0.12232 76 51
0.12346 74 46
0.12422 77 57
0.12422 76 49
0.12783 74 43
0.12500 77 56
0.12500 76 47
0.12618 74 44
0.12500 76 56
0.12500 74 46
0.12698 72 46
0.12539 74 55
0.12539 72 45
0.12658 71 45
0.12331 69 50
0.12261 71 46
0.12195 72 46
0.12126 71 50
0.12057 72 46
0.12242 74 46
0.35808 76 65
0.11936 69 50
0.11936 71 45
0.11936 72 45
0.11936 0 0
0.11936 72 44
0.12333 74 44
0.36205 71 70
0.36205 76 65
0.11936 69 50
0.11936 71 45
0.12197 72 45
0.11936 0 0
0.11936 72 45
0.12197 74 45
0.36069 71 66
0.11936 72 50
0.11936 74 48
0.11936 76 50
0.11947 77 50
0.12011 79 54
0.12088 81 58
0.11979 79 61
0.11979 77 56
0.11979 76 53
0.11979 74 55
0.11979 72 52
0.12780 71 48
0.12384 69 56
0.12384 71 50
0.12384 72 50
0.12308 71 53
0.12308 69 48
0.12308 67 48
0.12384 65 53
0.12384 64 47
0.12539 63 47
0.12121 64 54
0.12121 66 49
0.12333 67 49
0.36205 69 59
0.11905 59 50
0.11905 61 45
0.11905 63 45
0.12048 64 54
0.12048 66 48
0.12379 67 48
0.36159 69 58
0.11936 59 50
0.11936 61 46
0.11936 63 46
0.12048 64 54
0.12048 66 47
0.12333 67 47
0.11936 66 60
0.11936 67 53
0.12242 69 53
0.11936 67 64
0.11936 69 58
0.12242 71 60
0.11894 69 68
0.11915 71 60
0.11947 72 63
0.11979 71 73
0.12022 72 63
0.12055 74 68
0.12135 72 79
0.12336 74 68
0.12987 76 74
0.11905 65 96
0.11940 70 78
0.11985 74 74
0.12021 77 87
0.12066 82 76
0.12103 86 76
0.12205 89 88
0.12560 94 76
0.12935 98 76
0.10101 101 97
0.30303 0 0
0.20690 64 79
0.20690 69 79
0.20690 76 93
0.20690 72 79
0.20690 0 0
0.21159 71 74
0.21159 64 74
0.21159 76 88
0.21159 68 74
0.21201 0 0
0.12121 69 67
0.12121 71 56
0.12333 72 56
0.36205 74 65
0.11905 64 66
0.11905 66 54
0.11905 68 53
0.12048 69 64
0.12048 71 55
0.12379 72 55
0.36159 74 65
0.11936 64 64
0.11936 66 58
0.11936 68 58
0.11894 69 68
0.11915 71 60
0.11947 72 63
0.11979 71 73
0.12022 72 63
0.12055 74 68
0.12135 72 79
0.12336 74 68
0.12987 76 74
0.11905 65 96
0.11940 70 78
0.11985 74 75
0.12021 77 93
0.12066 82 77
0.12103 86 77
0.12205 89 92
0.12560 94 78
0.12935 98 78
0.10239 101 97
0.30717 0 0
0.21277 76 93
0.21277 69 79
0.21277 72 79
0.21277 64 79
0.21277 0 0
0.23077 76 88
0.23077 68 74
0.23077 64 74
0.23077 71 74
0.23077 0 0
1.10701 76 88
1.10701 69 88
1.10701 81 104
1.10701 72 88
0.21429 0 0
0.07235 68 74
0.07235 76 88
0.12058 0 0
0.07450 69 58
0.07450 75 69
0.12417 0 0
0.07258 76 81
0.07258 68 68
0.12097 0 0
0.07450 75 69
0.07450 69 58
0.12417 0 0
0.08687 68 74
0.08687 76 88
0.37645 0 0
1.10701 77 104
1.10701 72 88
1.10701 65 88
1.10701 69 88
0.21429 0 0
0.07235 72 88
0.07235 64 74
0.12058 0 0
0.07450 65 61
0.07450 71 72
0.12417 0 0
0.07333 72 79
0.07333 64 67
0.12097 0 0
0.07426 71 72
0.07426 65 61
0.12376 0 0
0.08687 64 74
0.08687 72 88
0.37645 0 0
0.88561 74 98
0.88561 71 83
0.88561 62 83
0.88561 65 83
0.22140 72 90
0.22140 64 76
0.22140 69 76
0.22140 60 76
0.22140 0 0
0.21661 70 90
0.21661 62 76
0.21661 58 76
0.21661 65 76
0.21661 0 0
0.21201 74 80
0.21201 65 80
0.21201 77 95
0.21201 68 80
0.21201 0 0
0.21739 69 77
0.21739 72 77
0.21739 76 91
0.21739 64 77
0.21739 0 0
0.22222 71 79
0.22222 65 79
0.22222 74 94
0.22222 0 0
0.22727 69 76
0.22727 64 76
0.22727 72 90
0.22727 0 0
0.23438 68 74
0.23438 64 74
0.23438 71 88
0.23438 0 0
0.19418 69 87
0.09709 71 83
0.09709 72 75
0.09688 74 76
0.09698 76 78
0.09751 78 80
0.09793 80 82
0.09836 81 83
0.09879 83 85
0.09923 84 87
0.09978 86 88
0.07305 76 84
0.07305 88 99
0.12175 0 0
0.07500 87 86
0.07500 75 73
0.12500 0 0
0.07305 76 79
0.07305 88 93
0.12175 0 0
0.07525 87 86
0.07525 75 73
0.12542 0 0
0.08687 76 85
0.08687 88 101
0.37645 0 0
0.19418 65 89
0.09709 67 83
0.09709 69 75
0.09688 70 76
0.09698 72 78
0.09751 74 80
0.09793 76 82
0.09836 77 83
0.09879 79 85
0.09923 81 87
0.09978 82 88
0.07305 84 94
0.07305 72 79
0.12175 0 0
0.07525 71 69
0.07525 83 82
0.12542 0 0
0.07305 84 90
0.07305 72 76
0.12175 0 0
0.07525 71 68
0.07525 83 81
0.12542 0 0
0.08687 72 80
0.08687 84 95
0.37645 0 0
0.11070 71 85
0.11070 72 80
0.11070 74 80
0.11070 76 78
0.11070 77 90
0.11070 83 83
0.11070 86 82
0.11070 89 78
0.11070 88 92
0.34236 0 0
0.11236 70 86
0.11236 74 78
0.11236 77 78
0.11236 82 78
0.11236 74 86
0.11236 77 78
0.11236 80 78
0.11236 86 78
0.11236 72 86
0.11236 76 76
0.11628 81 76
0.11628 84 76
0.11407 71 80
0.11407 74 73
0.11407 77 73
0.11407 83 72
0.11765 69 78
0.11765 72 70
0.11765 76 70
0.11765 81 70
0.12195 68 77
0.12195 71 69
0.12195 76 69
0.12195 80 69
0.19418 57 87
0.09709 59 82
0.09709 60 78
0.09688 62 77
0.09698 64 77
0.09751 66 77
0.09793 68 76
0.09836 69 76
0.09879 71 76
0.09923 72 75
0.09934 74 75
0.09978 76 74
0.10011 77 74
0.10056 79 73
0.10090 81 73
0.20270 82 71
1.01351 0 0
0.20270 79 71
1.01351 0 0
0.20270 76 67
1.03029 0 0
0.20690 73 55
1.08046 0 0
0.22989 72 50
1.06905 0 0
1.07216 69 38
0.10318 70 36
0.10318 69 31
0.41271 67 36
0.41970 70 38
0.42692 73 42
2.53785 60 33
0.83374 72 40
0.41312 69 34
1.25565 60 33
0.82542 72 40
0.42675 70 34
1.26125 60 33
1.04170 69 38
0.10115 70 35
0.10115 69 31
0.40461 67 36
0.40855 70 38
0.42523 73 42
2.48240 60 38
0.81766 72 40
0.41312 69 34
1.23957 60 33
0.82276 72 47
0.41845 70 45
1.25011 60 47
0.81766 73 53
0.41982 70 49
1.24642 61 53
0.83056 74 57
0.41982 70 49
1.25932 62 57
0.43141 69 53
0.42114 78 61
0.42989 77 55
1.28244 63 53
0.83691 75 50
0.42394 74 45
1.26987 65 33
0.42875 69 49
0.41791 75 53
0.42598 74 45
1.27265 60 49
0.83388 72 48
0.41443 70 45
1.25713 62 33
0.82276 72 40
0.41845 70 34
1.25011 60 33
0.82276 72 40
0.41982 69 34
1.25152 60 33
0.41923 73 51
0.20994 72 36
0.21152 70 31
0.21299 69 35
0.21449 67 29
1.26818 58 33
0.43156 57 28
0.64734 65 35
0.21578 67 38
0.21578 69 43
0.21578 70 46
0.42598 69 54
0.41791 78 59
0.42598 77 54
1.26988 63 54
0.83342 75 52
0.42394 74 49
1.26638 65 52
0.42875 69 50
0.41791 75 56
0.42598 74 51
1.27265 60 50
0.83388 72 48
0.42094 70 45
1.26377 62 33
0.82276 72 43
0.41845 70 36
1.25011 60 43
0.82276 72 43
0.41982 69 34
1.25138 60 43
0.42723 73 51
0.21461 72 36
0.21578 70 31
0.21696 69 35
0.21827 67 29
1.29285 58 33
0.43873 57 31
0.43873 65 35
0.89849 0 0
1.36554 69 35
1.36554 60 35
1.38796 69 32
1.38796 60 32
1.38796 64 32
1.69893 59 30
1.69893 68 30
1.69893 64 30
0.11936 69 42
0.11936 71 39
0.11936 72 39
0.11936 71 42
0.11936 72 39
0.12242 74 39
0.35808 76 55
0.11936 69 42
0.11936 71 38
0.11936 72 38
0.11936 0 0
0.11936 72 37
0.12333 74 37
0.36205 71 59
0.36205 76 55
0.11936 69 42
0.11936 71 38
0.12197 72 38
0.11936 0 0
0.11936 72 38
0.12197 74 38
0.36069 71 56
0.11936 72 42
0.11936 74 40
0.11936 76 42
0.11947 77 42
0.12011 79 45
0.12088 81 49
0.11979 79 51
0.11979 77 47
0.11979 76 45
0.11979 74 46
0.11979 72 44
0.12780 71 40
0.12461 69 47
0.12461 71 42
0.12461 72 42
0.12308 71 45
0.12308 69 40
0.12308 67 40
0.12384 65 45
0.12384 64 39
0.12539 63 39
0.36310 64 48
0.36485 0 0
0.11976 59 42
0.11976 61 38
0.11976 63 38
0.12121 64 45
0.12121 66 41
0.12333 68 41
0.36205 69 50
0.11905 59 42
0.11905 61 38
0.11905 63 38
0.12048 64 45
0.12048 66 40
0.12379 68 40
0.36159 69 49
0.11936 59 42
0.11936 61 39
0.11936 63 39
0.12048 64 45
0.12048 66 39
0.12333 68 40
0.11936 66 52
0.11936 68 46
0.12242 69 47
0.11936 68 57
0.11936 69 52
0.12242 71 54
0.11894 69 62
0.11915 71 55
0.11947 72 59
0.11979 71 69
0.12022 72 59
0.12055 74 65
0.12088 72 76
0.12121 74 66
0.12154 76 73
0.12197 77 90
0.12197 76 77
0.12612 74 79
0.12197 77 88
0.18296 83 88
0.12197 76 79
0.12287 74 79
0.12197 77 92
0.18296 83 92
0.12197 76 80
0.12333 74 80
0.12270 77 93
0.18405 83 93
0.12270 76 84
0.12618 74 86
0.12346 77 97
0.18519 83 97
0.12346 76 86
0.12658 74 87
0.12384 77 100
0.18576 83 100
0.12384 76 88
0.13158 74 91
0.12422 77 106
0.18634 83 106
0.12422 75 79
0.12422 74 67
0.12579 77 75
0.18868 83 75
0.12579 75 64
0.12579 74 57
0.12739 77 63
0.19108 83 63
0.12674 75 56
0.14084 74 49
0.12461 80 61
0.12461 79 54
0.12820 77 50
0.12539 79 56
0.12539 77 46
0.12945 75 46
0.12658 77 55
0.12658 75 45
0.12903 74 45
0.12346 72 50
0.12298 74 46
0.12251 75 46
0.12204 74 50
0.12135 75 46
0.12346 77 46
0.36036 79 65
0.11905 72 50
0.11905 74 45
0.11905 75 45
0.11905 0 0
0.11905 75 44
0.12333 77 44
0.36142 74 70
0.36205 79 65
0.11936 72 50
0.11936 74 45
0.12197 75 45
0.11936 0 0
0.11936 75 45
0.12197 77 45
0.36069 74 66
0.11936 75 50
0.11936 77 48
0.11936 79 50
0.11947 80 50
0.12011 82 54
0.12088 84 58
0.11979 82 61
0.11979 80 56
0.11979 79 53
0.11979 77 55
0.11979 75 52
0.12780 74 48
0.12384 72 56
0.12384 74 50
0.12384 75 50
0.12308 74 53
0.12308 72 48
0.12308 70 48
0.12384 68 53
0.12384 67 47
0.12539 66 47
0.18182 67 54
0.54598 0 0
0.11905 62 50
0.11905 64 45
0.11905 66 45
0.12048 67 54
0.12048 69 48
0.12379 71 48
0.36159 72 58
0.11936 62 50
0.11936 64 46
0.11936 66 46
0.11936 67 54
0.11936 69 48
0.12379 71 48
0.36159 72 58
0.11936 62 50
0.11936 64 46
0.11936 66 46
0.12048 67 54
0.12048 69 47
0.12333 71 47
0.11936 69 60
0.11936 71 53
0.12242 72 53
0.11936 71 64
0.11936 72 58
0.12242 74 60
0.11894 72 68
0.11915 74 60
0.11947 76 63
0.11979 74 73
0.12022 76 63
0.12055 77 68
0.12135 76 79
0.12336 77 68
0.12987 79 74
0.11905 60 97
0.11940 65 77
0.11985 69 78
0.12021 72 85
0.12066 77 74
0.12103 81 77
0.12205 84 91
0.12560 89 79
0.12935 93 79
0.10101 96 108
0.30303 0 0
0.20690 76 79
0.20690 71 79
0.20690 79 79
0.20690 83 93
0.20690 0 0
0.21159 78 74
0.21159 75 74
0.21159 83 88
0.21159 71 74
0.21201 0 0
0.12121 76 67
0.12121 78 56
0.12333 79 56
0.36205 81 65
0.11905 71 66
0.11905 73 54
0.11905 75 53
0.12048 76 64
0.12048 78 55
0.12379 79 55
0.36159 81 65
0.11936 71 64
0.11936 73 58
0.11936 75 58
0.11894 76 68
0.11915 78 60
0.11947 79 63
0.11979 78 73
0.12022 79 63
0.12055 81 68
0.12135 79 79
0.12336 81 68
0.12987 83 74
0.11905 60 97
0.11940 65 77
0.11985 69 77
0.12021 72 91
0.12066 77 78
0.12103 81 78
0.12205 84 96
0.12560 89 79
0.12935 93 79
0.10101 96 100
0.30303 0 0
0.20690 71 79
0.20690 79 79
0.20690 83 93
0.20690 76 79
0.20690 0 0
0.22388 83 88
0.22388 71 74
0.22388 78 74
0.22388 75 74
0.22388 0 0
1.09091 76 88
1.09091 83 88
1.09091 88 104
1.09091 79 88
0.21818 0 0
0.07258 83 88
0.07258 75 74
0.12097 0 0
0.07500 76 63
0.07500 82 75
0.12500 0 0
0.07258 75 71
0.07258 83 84
0.12097 0 0
0.07500 76 63
0.07500 82 75
0.12500 0 0
0.08687 83 85
0.08687 75 72
0.37645 0 0
1.10701 81 88
1.10701 74 88
1.10701 86 104
1.10701 78 88
0.21429 0 0
0.07282 81 88
0.07282 73 74
0.12136 0 0
0.07475 80 76
0.07475 74 64
0.12458 0 0
0.07282 73 70
0.07282 81 83
0.12136 0 0
0.07475 80 75
0.07475 74 63
0.12458 0 0
0.08687 73 73
0.08687 81 87
0.37645 0 0
0.88561 84 98
0.88561 78 83
0.88561 81 83
0.88561 72 83
0.22140 76 76
0.22140 71 76
0.22140 83 90
0.22140 79 76
0.22140 0 0
0.21739 81 90
0.21739 69 76
0.21739 77 76
0.21739 72 76
0.21739 0 0
0.22140 81 80
0.22140 72 80
0.22140 84 95
0.22140 75 80
0.22140 0 0
0.22140 83 91
0.22140 79 77
0.22140 71 77
0.22140 76 77
0.22140 0 0
0.22388 72 79
0.22388 78 79
0.22388 81 94
0.22388 0 0
0.22727 79 90
0.22727 76 76
0.22727 71 76
0.22727 0 0
0.23438 78 90
0.23438 75 90
0.23438 71 76
0.42855 0 0
0.09709 66 83
0.09709 67 75
0.09688 69 76
0.09698 71 78
0.09751 73 80
0.09793 75 82
0.09836 76 83
0.09879 78 85
0.09923 79 87
0.09978 81 88
1.17381 64 89
0.07258 83 93
0.07258 71 79
0.12097 0 0
0.07450 70 64
0.07450 82 76
0.12417 0 0
0.07282 83 86
0.07282 71 73
0.12136 0 0
0.07450 82 79
0.07450 70 67
0.12417 0 0
0.08687 83 92
0.08687 71 78
0.57062 0 0
0.09709 64 83
0.09709 66 75
0.09688 67 76
0.09698 69 78
0.09751 71 80
0.09793 73 82
0.09836 74 83
0.09879 76 85
0.09923 78 87
0.09978 80 88
1.17381 62 89
0.07329 69 79
0.07329 81 93
0.12215 0 0
0.07500 68 66
0.07500 80 78
0.12500 0 0
0.07329 69 72
0.07329 81 85
0.12215 0 0
0.07500 80 77
0.07500 68 65
0.12500 0 0
0.08687 69 74
0.08687 81 88
0.48715 0 0
0.11070 72 77
0.11070 76 77
0.11070 79 75
0.11070 84 87
0.11070 88 75
0.11070 91 79
0.11070 96 75
0.11070 95 89
0.34236 0 0
0.11236 69 86
0.11236 72 78
0.11236 77 78
0.11236 81 78
0.11236 72 86
0.11236 75 78
0.11236 81 78
0.11236 84 78
0.11236 71 86
0.11236 76 76
0.11628 79 76
0.11628 83 76
0.11407 69 80
0.11407 72 73
0.11407 78 73
0.11407 81 72
0.11765 67 78
0.11765 71 70
0.11765 76 70
0.11765 79 70
0.12195 66 77
0.12195 71 69
0.12195 75 69
0.12195 78 69
0.19418 64 87
0.09709 66 82
0.09709 67 78
0.09688 69 77
0.09698 71 77
0.09751 73 77
0.09793 75 76
0.09836 76 76
0.09879 78 76
0.09923 79 75
0.09934 81 75
0.09978 83 74
0.10011 84 74
0.10056 86 73
0.10090 88 73
0.20270 89 71
1.01351 0 0
0.20270 86 71
1.01351 0 0
0.20270 83 67
1.03029 0 0
0.20690 80 55
1.08046 0 0
0.22988 79 50
1.06905 0 0
1.07216 76 41
0.10318 77 39
0.10318 76 34
0.41271 74 39
0.41970 77 41
0.42693 80 46
2.53785 67 36
0.83374 79 44
0.41312 76 37
1.25565 67 36
0.82542 79 44
0.42675 77 37
1.26125 67 36
1.04170 76 41
0.10115 77 38
0.10115 76 34
0.40461 74 39
0.40855 77 41
0.42523 80 46
2.48240 67 41
0.81766 79 44
0.41312 76 37
1.23957 67 36
0.82276 79 51
0.41845 77 49
1.25011 67 51
0.81766 80 58
0.41982 77 53
1.24642 68 58
0.83056 81 62
0.41982 77 53
1.25932 69 62
0.43141 76 58
0.42114 85 63
0.42989 84 60
1.28244 70 58
0.83691 82 55
0.43296 81 49
1.26987 72 36
0.42875 76 53
0.41791 82 58
0.42598 81 49
1.27265 67 53
0.83388 79 52
0.41443 77 49
1.25713 69 36
0.82276 79 44
0.41845 77 37
1.25011 67 36
0.82276 79 44
0.41982 76 37
1.25152 67 36
0.41923 80 56
0.20995 79 39
0.21152 77 34
0.21299 76 38
0.21449 74 31
1.26818 65 36
0.43156 64 30
0.64734 72 38
0.21578 74 41
0.21578 76 50
0.21578 77 54
0.42598 76 59
0.41791 85 64
0.42598 84 59
1.26988 70 59
0.83342 82 57
0.42394 81 53
1.26638 72 57
0.42875 76 55
0.41791 82 61
0.42598 81 56
1.27265 67 55
0.83388 79 52
0.42094 77 49
1.26377 69 36
0.82276 79 47
0.41845 77 39
1.25011 67 47
0.82276 79 47
0.41982 76 37
1.25138 67 47
0.42723 80 56
0.21461 79 39
0.21578 77 34
0.21696 76 38
0.21827 74 31
1.29285 65 36
0.43873 64 34
0.43873 72 38
0.89849 0 0
1.36554 67 35
1.36554 76 35
1.38796 71 32
1.38796 67 32
1.38796 76 32
1.69893 71 30
1.69893 66 30
1.69893 75 30
0.11905 65 91
0.11940 71 77
0.11985 74 74
0.12021 77 82
0.12066 83 73
0.12103 86 71
0.12205 89 78
0.12560 95 71
0.12935 98 70
0.10101 101 76
2.45956 0 0
1.35436 65 35
1.35436 68 35
1.35436 74 35
1.39163 65 32
1.39163 69 32
1.39163 74 32
1.69893 73 30
1.69893 64 30
1.69893 69 30
0.11905 63 91
0.11940 69 77
0.11985 72 72
0.12021 75 82
0.12066 81 73
0.12103 84 71
0.12205 87 78
0.12560 93 71
0.12935 96 70
0.10101 99 76
2.49150 0 0
1.39595 75 35
1.39595 68 35
1.39595 66 35
1.41177 75 32
0.43751 73 39
0.45520 77 41
0.36290 78 47
2.66738 65 32
2.66738 68 32
0.12097 0 0
1.31196 80 47
1.37244 73 35
1.43293 63 34
0.12658 0 0
1.36033 80 44
1.42362 72 29
1.48691 66 29
0.12346 0 0
0.12821 73 36
0.12820 75 30
0.12821 77 30
0.12821 75 36
0.12821 77 31
0.12820 78 31
0.12821 77 35
0.12821 78 30
0.12820 80 31
0.12780 78 39
0.12739 80 32
0.12688 82 32
0.12648 80 43
0.12598 82 36
0.12559 84 35
0.12510 85 47
0.12471 87 39
0.13029 89 40
0.12461 90 52
0.12461 89 41
0.12461 87 41
0.12461 89 50
0.12461 87 39
0.12461 85 41
0.12461 87 48
0.12461 85 38
0.12461 84 38
0.12422 85 42
0.12461 84 35
0.12500 82 35
0.12539 84 40
0.12579 82 33
0.12618 80 33
0.12658 78 37
0.12698 77 32
0.13513 75 32
0.12821 73 39
0.12820 75 33
0.12821 76 33
0.12821 75 39
0.12821 76 33
0.12820 78 33
0.12821 76 37
0.12821 78 32
0.12820 80 32
0.12759 78 41
0.12678 80 33
0.12598 81 33
0.12520 80 43
0.12442 82 36
0.12365 84 35
0.12289 85 46
0.12214 87 39
0.12903 88 39
0.12158 90 50
0.12158 88 39
0.12158 87 39
0.12158 88 48
0.12158 87 39
0.12158 85 40
0.12158 87 47
0.12158 85 38
0.12158 84 38
0.12195 85 42
0.12214 83 36
0.12242 81 36
0.12270 83 42
0.12308 81 35
0.12327 80 35
0.12355 78 40
0.12384 76 34
0.13158 75 34
0.12195 73 40
0.12195 75 35
0.12195 76 35
0.12195 75 45
0.12195 76 37
0.12195 78 37
0.12195 76 47
0.12149 78 39
0.12346 80 38
0.73193 81 53
0.36896 80 48
0.12199 73 40
0.12199 75 35
0.12199 76 35
0.12199 75 46
0.12199 76 37
0.12199 78 37
0.12199 76 48
0.12199 78 39
0.12460 80 38
0.73193 81 53
0.36819 80 48
0.12199 76 46
0.12199 78 38
0.12199 79 38
0.12199 78 51
0.12199 79 40
0.12199 81 40
0.12384 79 52
0.12384 81 42
0.12575 83 41
0.73193 84 58
0.37992 83 52
0.73193 86 74
0.37270 85 63
0.12199 78 58
0.12199 80 50
0.12199 81 50
0.12199 80 60
0.12199 81 48
0.12199 83 48
0.37120 85 62
0.37120 79 62
0.18298 78 57
0.18298 90 57
0.54895 0 0
0.12309 78 64
0.12309 83 55
0.12537 78 55
0.12199 76 63
0.18298 88 63
0.12199 78 50
0.12199 80 50
0.12199 78 57
0.12199 80 48
0.12199 81 48
0.37117 83 65
0.37117 77 65
0.18298 88 64
0.18298 76 64
0.54895 0 0
0.12384 76 65
0.12384 81 55
0.12732 76 55
0.12199 74 66
0.18298 86 66
0.12199 76 50
0.12199 78 50
0.12199 76 57
0.12199 78 48
0.12199 79 48
0.37326 81 69
0.36596 80 67
0.73923 86 69
0.73923 74 69
0.36597 0 0
0.12422 81 65
0.12422 86 55
0.12653 81 56
0.12199 80 65
0.12199 81 53
0.12199 83 53
0.12199 81 62
0.12199 83 52
0.12199 84 52
0.37458 81 69
0.36596 80 68
0.74054 86 69
0.74054 74 69
0.36597 0 0
0.12309 81 65
0.12309 86 57
0.12575 81 57
0.12199 80 64
0.12199 81 50
0.12199 83 50
0.12199 81 57
0.12199 83 48
0.12199 84 48
0.37004 81 68
0.36336 80 67
0.73340 86 68
0.73340 74 68
0.72262 0 0
0.11976 69 50
0.11976 71 46
0.11976 72 46
0.11976 71 50
0.11976 72 46
0.12242 74 46
0.35808 76 65
0.11936 69 50
0.11936 71 45
0.11936 72 45
0.11936 0 0
0.11936 72 44
0.12333 74 44
0.36205 71 70
0.36205 76 65
0.11936 69 50
0.11936 71 45
0.12197 72 45
0.11936 0 0
0.11936 72 45
0.12197 74 45
0.36069 71 66
0.11936 72 50
0.11936 74 48
0.11936 76 50
0.11947 77 50
0.12011 79 54
0.12088 81 58
0.11979 79 61
0.11979 77 56
0.11979 76 53
0.11979 74 55
0.11979 72 52
0.12780 71 48
0.12461 69 56
0.12461 71 50
0.12461 72 50
0.12308 71 53
0.12308 69 48
0.12308 67 48
0.12384 65 53
0.12384 64 47
0.12539 63 47
0.36310 64 57
0.36485 0 0
0.11976 59 50
0.11976 61 45
0.11976 63 45
0.12121 64 54
0.12121 66 49
0.12333 68 49
0.36205 69 59
0.11905 59 50
0.11905 61 45
0.11905 63 45
0.12048 64 54
0.12048 66 48
0.12379 68 48
0.36159 69 58
0.11936 59 50
0.11936 61 46
0.11936 63 46
0.12048 64 54
0.12048 66 47
0.12333 68 47
0.11936 66 60
0.11936 68 53
0.12242 69 53
0.11936 68 64
0.11936 69 58
0.12242 71 60
0.11894 69 68
0.11915 71 60
0.11947 72 63
0.11979 71 73
0.12022 72 63
0.12055 74 68
0.12088 72 79
0.12121 74 68
0.12154 76 74
0.11905 65 93
0.11940 70 79
0.11985 74 77
0.12021 77 90
0.12066 82 79
0.12103 86 79
0.12205 89 89
0.12560 94 78
0.12935 98 78
0.10101 101 96
0.30303 0 0
0.20690 76 93
0.20690 72 79
0.20690 64 79
0.20690 69 79
0.20690 0 0
0.21159 64 74
0.21159 68 74
0.21159 76 88
0.21159 71 74
0.21201 0 0
0.36575 69 67
0.36205 0 0
0.11905 64 66
0.11905 66 54
0.11905 68 53
0.12048 69 64
0.12048 71 55
0.12379 72 55
0.36159 74 65
0.11936 64 64
0.11936 66 58
0.11936 68 58
0.12048 69 64
0.12048 71 55
0.12379 72 55
0.36159 74 65
0.11936 64 64
0.11936 66 58
0.11936 68 58
0.11936 69 68
0.11936 71 60
0.11947 72 63
0.11979 71 73
0.12022 72 63
0.12055 74 68
0.12135 72 79
0.12336 74 68
0.12987 76 74
0.11905 65 93
0.11940 70 79
0.11985 74 79
0.12021 77 90
0.12066 82 77
0.12103 86 77
0.12205 89 90
0.12560 94 76
0.12935 98 76
0.10239 101 97
0.30717 0 0
0.21277 64 79
0.21277 72 79
0.21277 76 93
0.21277 69 79
0.21277 0 0
0.23077 76 88
0.23077 68 74
0.23077 71 74
0.23077 64 74
0.23077 0 0
0.11747 65 93
0.11817 70 81
0.11887 74 80
0.11958 77 90
0.12030 82 79
0.12112 86 79
0.12205 89 93
0.12560 94 79
0.12935 98 79
0.09868 101 97
0.29605 0 0
0.20202 74 79
0.20202 65 79
0.20202 77 93
0.20202 70 79
0.20202 0 0
0.19868 77 88
0.19868 72 74
0.19868 65 74
0.19868 69 74
0.19868 0 0
0.19355 91 88
0.19355 79 74
0.19355 0 0
0.20134 75 79
0.20134 72 79
0.20134 67 79
0.20134 79 93
0.20134 0 0
0.19868 67 74
0.19868 74 74
0.19868 79 88
0.19868 71 74
0.19868 0 0
0.19417 93 88
0.19417 81 74
0.19418 0 0
0.20270 69 79
0.20270 74 79
0.20270 81 93
0.20270 77 79
0.20270 0 0
0.20979 76 74
0.20979 69 74
0.20979 81 88
0.20979 73 74
0.20979 0 0
0.10274 67 50
0.10274 70 59
0.10274 0 0
0.10274 70 62
0.10274 67 52
0.10274 0 0
0.10274 73 64
0.10274 67 54
0.10274 70 54
0.10274 0 0
0.10274 73 67
0.10274 67 56
0.10274 70 67
0.10274 0 0
0.10274 73 59
0.10274 70 59
0.10274 67 59
0.10274 76 70
0.10274 0 0
0.10274 67 62
0.10274 70 62
0.10274 76 73
0.10274 73 62
0.10274 0 0
0.10274 76 64
0.10274 70 64
0.10274 79 76
0.10274 73 64
0.10274 0 0
0.10274 79 79
0.10274 76 67
0.10274 70 67
0.10274 73 67
0.10274 0 0
0.10239 82 82
0.10239 76 69
0.10239 79 69
0.10239 73 69
0.10274 0 0
0.10309 82 85
0.10309 76 72
0.10309 73 72
0.10309 79 72
0.10345 0 0
0.10381 82 73
0.10381 76 73
0.10381 85 87
0.10381 79 73
0.10417 0 0
0.10909 79 76
0.10909 82 76
0.10909 85 90
0.10909 76 76
0.10909 0 0
0.21818 86 100
0.21818 81 90
0.21818 74 85
0.21818 77 85
1.09091 0 0
0.21818 89 100
0.21818 77 85
0.21818 86 98
0.21818 81 85
1.09091 0 0
0.21277 76 50
0.21277 69 42
1.06383 0 0
0.21818 76 50
0.21818 68 42
1.17179 0 0
1.07216 73 38
0.10318 74 36
0.10318 73 31
0.41271 71 36
0.41970 74 38
0.42692 77 42
2.53785 64 33
0.83374 76 40
0.41312 73 34
1.25565 64 33
0.82542 76 40
0.42675 74 34
1.26125 64 33
1.04170 73 38
0.10115 74 35
0.10115 73 31
0.40461 71 36
0.40855 74 38
0.42523 77 42
2.48240 64 38
0.81766 76 40
0.41312 73 34
1.23957 64 33
0.82276 76 47
0.41845 74 45
1.25011 64 47
0.81766 77 53
0.41982 74 49
1.24642 65 53
0.83056 78 57
0.41982 74 49
1.25932 66 57
0.43141 73 53
0.42114 82 61
0.42989 81 55
1.28244 67 53
0.83691 79 50
0.42394 78 45
1.26987 69 33
0.42876 73 49
0.41791 79 53
0.42599 78 45
1.27266 64 49
0.83388 76 48
0.41443 74 45
1.25713 66 33
0.82276 76 40
0.41845 74 34
1.25011 64 33
0.82276 76 40
0.41982 73 34
1.25152 64 33
0.41923 77 51
0.20995 76 36
0.21152 74 31
0.21299 73 35
0.21449 71 29
1.26818 62 33
0.42257 61 28
0.64734 69 35
0.21578 71 38
0.21578 73 43
0.21578 74 46
0.42599 73 54
0.41791 82 59
0.42599 81 54
1.26989 67 54
0.83342 79 52
0.42394 78 49
1.26638 69 52
0.42876 73 50
0.41791 79 56
0.42599 78 51
1.27266 64 50
0.83388 76 48
0.42094 74 45
1.26377 66 33
0.82276 76 43
0.41845 74 36
1.25011 64 43
0.82276 76 43
0.41982 73 34
1.25138 64 43
0.42723 77 51
0.21461 76 36
0.21578 74 31
0.21696 73 35
0.21827 71 29
1.29285 62 33
0.86831 61 31
1.33722 69 35
0.19417 69 89
0.09709 71 83
0.09709 72 75
0.09688 74 76
0.09698 76 78
0.09751 78 80
0.09793 80 82
0.09836 81 83
0.09879 83 85
0.09923 84 87
0.09978 86 88
0.07258 88 96
0.07258 76 81
0.12097 0 0
0.07500 75 72
0.07500 87 85
0.12500 0 0
0.07258 76 78
0.07258 88 92
0.12097 0 0
0.07475 87 85
0.07475 75 72
0.12458 0 0
0.08687 76 79
0.08687 88 94
0.37645 0 0
0.19417 67 89
0.09709 69 83
0.09709 71 75
0.09688 72 76
0.09698 74 78
0.09751 76 80
0.09793 78 82
0.09836 79 83
0.09879 81 85
0.09923 83 87
0.09978 85 88
0.07258 86 95
0.07258 74 80
0.12097 0 0
0.07475 73 73
0.07475 85 86
0.12458 0 0
0.07282 86 92
0.07282 74 78
0.12136 0 0
0.07475 73 72
0.07475 85 85
0.12458 0 0
0.08687 74 80
0.08687 86 95
0.48634 0 0
0.10989 77 77
0.10989 81 77
0.10989 84 81
0.10989 89 87
0.10989 93 80
0.10989 96 79
0.10989 101 75
0.10989 100 89
0.34155 0 0
0.11070 74 90
0.11070 77 81
0.11070 82 81
0.11070 86 81
0.11070 77 90
0.11070 80 81
0.11070 86 81
0.11070 89 81
0.11070 76 90
0.11070 81 79
0.11628 84 79
0.11628 88 79
0.11278 74 88
0.11278 77 78
0.11278 83 78
0.11278 86 78
0.11494 72 85
0.11494 76 76
0.11494 81 76
0.11494 84 76
0.11952 71 86
0.11952 76 75
0.11952 80 76
0.11952 83 76
0.13313 57 66
0.13313 69 78
0.13313 71 70
0.13313 59 59
0.13313 72 69
0.13313 60 58
0.13313 59 65
0.13313 71 77
0.13313 60 60
0.13313 72 71
0.14112 62 61
0.14112 74 72
0.40256 76 88
0.40256 64 74
0.13245 69 78
0.13245 57 66
0.13245 59 59
0.13245 71 70
0.13245 72 69
0.13245 60 58
0.13245 71 77
0.13245 59 65
0.13245 60 60
0.13245 72 71
0.14112 74 72
0.14112 62 61
0.40302 64 74
0.40302 76 88
0.13245 81 84
0.13245 69 71
0.13245 83 76
0.13245 71 64
0.13245 72 64
0.13245 84 76
0.13245 71 72
0.13245 83 85
0.13245 72 65
0.13245 84 77
0.14112 86 77
0.14112 74 65
0.40351 88 95
0.40351 76 80
0.13201 69 71
0.13201 81 84
0.13201 83 76
0.13201 71 64
0.13201 84 76
0.13201 72 64
0.13201 83 85
0.13201 71 72
0.13201 72 65
0.13201 84 77
0.14112 86 77
0.14112 74 65
0.41116 88 95
0.41116 76 80
0.20102 84 95
0.20102 81 80
0.20102 76 80
0.20102 72 80
0.61192 0 0
0.21059 71 77
0.21059 83 91
0.21059 76 77
0.21059 80 77
0.21059 0 0
0.20239 72 80
0.20239 84 95
0.20239 76 80
0.20239 81 80
0.61329 0 0
0.21019 83 91
0.21019 71 77
0.21019 76 77
0.21019 80 77
0.21019 0 0
0.20307 72 80
0.20307 81 80
0.20307 84 95
0.20307 76 80
0.60922 0 0
0.21472 83 91
0.21472 80 91
0.21472 76 77
0.21472 71 77
0.21472 0 0
0.21471 76 80
0.21471 69 80
0.21471 81 95
0.21471 72 80
1.05897 0 0
0.20616 69 85
0.20616 64 72
0.20616 57 72
0.20616 60 72
0.20616 0 0
0.21287 69 88
0.21287 60 74
0.21287 64 74
0.21287 57 74
0.21287 0 0
0.23033 69 90
0.23033 60 76
0.23033 57 76
0.23033 64 76
0.23033 0 0
0.23033 64 77
0.23033 57 77
0.23033 69 91
0.23033 60 77
#  Piano left
0.71922 0 0
0.11936 64 50
0.11936 66 44
0.11936 68 44
0.11936 66 52
0.11936 68 45
0.11936 69 45
0.36205 0 0
0.11936 64 50
0.11936 66 46
0.12333 68 46
0.11936 66 50
0.11936 68 45
0.12197 69 45
0.36069 0 0
0.11936 69 50
0.11936 71 50
0.11936 72 51
0.11947 74 52
0.12011 76 53
0.12088 77 56
0.11979 76 60
0.11979 74 55
0.11979 72 51
0.11979 71 55
0.11979 69 52
0.12780 67 50
0.14019 65 59
0.23365 0 0
0.13846 60 56
0.23077 0 0
0.37307 57 50
0.12177 56 53
0.12103 54 48
0.12030 52 48
0.12012 51 52
0.12140 49 47
0.12333 47 48
0.35928 57 64
0.12121 56 54
0.12121 54 49
0.12333 52 49
0.11936 51 53
0.11936 49 47
0.12333 47 47
0.35714 57 64
0.12048 56 54
0.12048 54 47
0.12379 52 47
0.11936 51 52
0.11936 49 44
0.12287 47 44
0.35808 57 64
0.12048 56 50
0.12048 54 43
0.12333 52 43
0.11936 54 52
0.11936 52 44
0.12242 51 44
0.11936 52 52
0.11936 51 47
0.12242 50 47
0.11894 52 56
0.11915 50 52
0.11947 48 53
0.11979 50 58
0.12022 48 55
0.12055 47 55
0.12088 48 65
0.12121 47 59
0.12154 45 59
0.12197 44 77
0.12197 45 67
0.12612 47 67
0.12197 44 75
0.18296 38 75
0.12197 45 66
0.12287 47 66
0.12197 44 76
0.18296 38 76
0.12197 45 69
0.12333 47 69
0.12270 44 78
0.18405 38 78
0.12270 45 72
0.12618 47 74
0.12346 44 81
0.18519 38 81
0.12346 45 74
0.12658 47 76
0.12384 44 84
0.18576 38 84
0.12384 45 76
0.13072 47 78
0.18182 44 99
0.18182 32 84
2.79072 0 0
0.11936 64 50
0.11936 66 44
0.11936 68 44
0.11936 66 52
0.11936 68 45
0.11936 69 45
0.36205 0 0
0.11936 64 50
0.11936 66 46
0.12333 68 46
0.11936 66 50
0.11936 68 45
0.12197 69 45
0.36069 0 0
0.11936 69 50
0.11936 71 50
0.11936 72 51
0.11947 74 52
0.12011 76 53
0.12088 77 56
0.11979 76 60
0.11979 74 55
0.11979 72 51
0.11979 71 55
0.11979 69 52
0.12780 67 50
0.13932 65 59
0.23220 0 0
0.13846 60 56
0.23077 0 0
0.13932 57 50
0.23375 0 0
0.12121 55 54
0.12121 54 49
0.12333 52 49
0.11936 51 53
0.11936 49 47
0.12333 47 47
0.35714 57 64
0.12048 55 54
0.12048 54 47
0.12379 52 47
0.11936 51 52
0.11936 49 44
0.12287 47 44
0.35808 57 64
0.12048 55 50
0.12048 54 43
0.12333 52 43
0.11936 51 52
0.11936 52 44
0.12242 54 44
0.11936 52 52
0.11936 54 47
0.12242 55 47
0.11894 54 56
0.11915 55 52
0.11947 57 53
0.11979 56 58
0.12022 57 55
0.12055 59 55
0.12135 57 65
0.12336 59 59
0.12987 60 59
0.11905 62 91
0.11940 58 77
0.11985 53 77
0.12021 50 86
0.12066 46 76
0.12103 41 76
0.12205 38 83
0.12560 34 75
0.12935 29 75
0.10101 26 91
0.30303 0 0
0.20690 45 65
0.20690 52 77
0.20690 40 65
0.20690 48 65
0.20690 0 0
0.21159 40 61
0.21159 44 61
0.21159 47 61
0.21159 52 72
0.21201 0 0
0.12121 60 62
0.12121 59 56
0.12333 57 56
0.11936 56 61
0.11936 54 55
0.12333 52 54
0.35714 62 67
0.12048 60 61
0.12048 59 55
0.12379 57 55
0.11936 56 60
0.11936 54 54
0.12287 52 54
0.35808 62 68
0.11894 60 64
0.11915 59 57
0.11947 57 57
0.11979 56 67
0.12022 57 56
0.12055 59 56
0.12135 57 72
0.12336 59 64
0.12987 60 64
0.11905 62 91
0.11940 58 76
0.11985 53 76
0.12021 50 85
0.12066 46 74
0.12103 41 75
0.12205 38 85
0.12560 34 75
0.12935 29 76
0.10239 26 93
0.30717 0 0
0.21277 52 80
0.21277 40 68
0.21277 45 68
0.21277 48 68
0.21277 0 0
0.23077 52 75
0.23077 40 63
0.23077 47 63
0.23077 44 63
0.23077 0 0
1.10701 33 73
1.10701 36 73
1.10701 40 73
1.10701 45 86
0.05357 45 76
0.05357 47 77
0.05357 48 77
0.05357 50 78
0.07235 40 72
0.07235 52 85
0.12058 0 0
0.07450 41 58
0.07450 53 69
0.12417 0 0
0.07258 40 65
0.07258 52 77
0.12097 0 0
0.07450 41 58
0.07450 53 69
0.12417 0 0
0.08687 40 65
0.08687 52 77
0.37645 0 0
1.10701 41 87
1.10701 29 73
1.10701 36 73
1.10701 33 73
0.05357 41 69
0.05357 43 69
0.05357 45 69
0.05357 47 70
0.07235 48 70
0.07235 36 59
0.12058 0 0
0.07450 50 62
0.07450 38 52
0.12417 0 0
0.07333 48 71
0.07333 36 60
0.12097 0 0
0.07426 38 54
0.07426 50 64
0.12376 0 0
0.08687 48 77
0.08687 36 65
0.37645 0 0
0.88561 44 86
0.88561 32 73
0.22140 45 80
0.22140 33 68
0.22140 0 0
0.21661 46 77
0.21661 34 65
0.21661 0 0
0.21201 47 83
0.21201 35 70
0.21201 0 0
0.21739 36 67
0.21739 48 79
0.21739 0 0
0.22222 38 71
0.22222 50 84
0.22222 0 0
0.22727 40 66
0.22727 52 78
0.22727 0 0
0.23438 40 63
0.23438 52 75
0.23438 0 0
1.17381 57 82
1.17381 45 69
1.17381 48 69
1.17381 52 69
0.07305 52 65
0.07305 56 77
0.12175 0 0
0.07500 53 56
0.07500 57 67
0.12500 0 0
0.07305 52 61
0.07305 56 72
0.12175 0 0
0.07525 53 55
0.07525 57 65
0.12542 0 0
0.08687 52 65
0.08687 56 77
0.37645 0 0
1.17381 53 85
1.17381 48 72
1.17381 45 72
1.17381 41 72
0.07305 48 60
0.07305 52 71
0.12175 0 0
0.07525 50 54
0.07525 53 64
0.12542 0 0
0.07305 48 59
0.07305 52 70
0.12175 0 0
0.07525 50 52
0.07525 53 62
0.12542 0 0
0.08687 48 62
0.08687 52 74
0.37645 0 0
0.88561 44 57
0.88561 56 68
0.88561 50 57
0.88561 47 57
0.88561 53 57
0.22140 45 55
0.22140 48 55
0.22140 57 65
0.22140 52 55
0.23166 0 0
0.22472 46 51
0.22472 50 51
0.22472 58 60
0.22472 53 51
0.22472 0 0
0.22472 53 49
0.22472 59 58
0.22472 50 49
0.22472 56 49
0.22472 47 49
0.22472 0 0
0.22472 48 48
0.22472 52 48
0.22472 60 57
0.22472 57 48
0.23256 0 0
0.22814 59 49
0.22814 53 49
0.22814 62 58
0.22814 50 49
0.22814 0 0
0.23529 52 47
0.23529 57 47
0.23529 64 56
0.23529 60 47
0.23529 0 0
0.24390 56 45
0.24390 59 45
0.24390 64 54
0.24390 52 45
0.24390 0 0
0.19418 45 77
0.09709 47 73
0.09709 48 67
0.09688 50 67
0.09698 52 66
0.09751 54 65
0.09793 56 64
0.09836 57 63
0.09879 59 63
0.09923 60 62
0.09934 62 62
0.09978 64 61
0.10011 65 61
0.10056 67 60
0.10090 69 60
0.20270 70 60
1.01351 0 0
0.20270 67 60
1.01351 0 0
0.20270 64 55
1.03029 0 0
0.20690 61 48
1.08046 0 0
0.22989 60 46
1.06905 0 0
0.21645 41 36
0.21645 48 22
0.21645 53 27
0.21645 48 22
0.20636 53 36
0.20636 0 0
0.20636 40 36
0.20636 48 26
0.20985 55 31
0.20985 48 26
0.21346 58 35
0.21346 0 0
0.20843 41 33
0.20843 48 23
0.20843 57 26
0.20843 48 22
0.21096 53 36
0.21096 0 0
0.20636 40 36
0.20636 48 27
0.20636 52 31
0.20636 48 26
0.21791 55 35
0.21791 0 0
0.20985 41 34
0.20985 48 27
0.20985 53 29
0.20985 48 26
0.20231 53 36
0.20231 0 0
0.20231 40 36
0.20231 48 27
0.20428 55 31
0.20428 48 27
0.21261 58 35
0.21261 0 0
0.20442 41 33
0.20442 48 23
0.20442 57 27
0.20442 48 22
0.21096 53 36
0.21096 0 0
0.20569 40 38
0.20569 48 28
0.20569 52 35
0.20569 48 28
0.21367 55 35
0.21368 0 0
0.20442 40 38
0.20442 49 30
0.20442 52 36
0.20442 49 31
0.21438 55 39
0.21438 0 0
0.20764 41 47
0.20764 50 33
0.20764 53 36
0.20764 50 33
0.21438 58 41
0.21438 0 0
0.21570 41 48
0.21570 53 35
0.21057 60 40
0.21057 53 35
0.21495 60 44
0.21495 0 0
0.21057 46 39
0.21057 53 24
0.20813 58 26
0.20764 53 22
0.21648 62 31
0.21648 0 0
0.21438 38 38
0.21438 50 30
0.20896 54 33
0.20896 50 29
0.21299 57 38
0.21299 0 0
0.21096 43 36
0.20764 50 25
0.20764 55 28
0.20764 50 26
0.21163 58 31
0.21163 0 0
0.20569 40 36
0.20569 48 27
0.20569 52 29
0.20569 48 27
0.21367 55 35
0.21368 0 0
0.20569 41 33
0.20569 48 28
0.20569 57 29
0.20569 48 28
0.21438 53 36
0.21438 0 0
0.20961 36 33
0.20961 48 29
0.20994 55 29
0.21152 48 29
0.21299 52 36
0.21449 0 0
0.21578 41 33
0.21578 48 26
0.21578 57 26
0.21578 48 26
0.21578 53 30
0.21578 0 0
0.21299 41 44
0.21299 53 36
0.20896 60 38
0.20896 53 36
0.21299 60 44
0.21299 0 0
0.20896 46 39
0.20896 53 26
0.20786 58 26
0.20764 53 26
0.21648 62 31
0.21648 0 0
0.21438 38 40
0.21438 50 30
0.20896 54 36
0.20896 50 29
0.21299 57 38
0.21299 0 0
0.21096 43 36
0.20764 50 26
0.20764 55 26
0.20764 50 26
0.21495 58 31
0.21495 0 0
0.20569 40 36
0.20569 48 27
0.20569 52 28
0.20569 48 28
0.21367 55 35
0.21368 0 0
0.20569 41 33
0.20569 48 27
0.20569 57 29
0.20569 48 26
0.21438 53 36
0.21424 0 0
0.21367 36 33
0.21356 48 26
0.21461 55 29
0.21578 48 27
0.21696 52 36
0.21827 0 0
0.21936 41 33
0.21936 48 23
0.21936 53 26
0.21936 48 23
0.22988 57 23
0.22989 0 0
0.21952 41 33
0.21952 48 20
0.21952 53 26
0.21952 48 20
0.24372 57 25
0.24372 0 0
0.21875 40 31
0.21875 48 18
0.22760 52 23
0.22760 48 18
0.24763 57 25
0.24763 0 0
0.22515 40 29
0.23542 47 20
0.24669 52 25
0.25908 47 18
0.36630 56 20
0.36630 0 0
0.35808 45 38
0.36114 0 0
0.11936 64 42
0.11936 66 37
0.11936 68 37
0.11936 66 44
0.11936 68 38
0.11936 69 38
0.36205 0 0
0.11936 64 42
0.11936 66 39
0.12333 68 39
0.11936 66 42
0.11936 68 38
0.12197 69 38
0.36069 0 0
0.11936 69 42
0.11936 71 42
0.11936 72 43
0.11947 74 44
0.12011 76 45
0.12088 77 47
0.11979 76 51
0.11979 74 46
0.11979 72 43
0.11979 71 46
0.11979 69 44
0.12780 67 42
0.14019 65 50
0.23364 0 0
0.13846 60 47
0.23077 0 0
0.13932 57 42
0.23375 0 0
0.12177 56 45
0.12103 54 40
0.12030 52 40
0.12012 51 44
0.12140 49 39
0.12333 47 40
0.35928 57 54
0.12121 56 45
0.12121 54 41
0.12333 52 41
0.11936 51 45
0.11936 49 39
0.12333 47 39
0.35714 57 54
0.12048 56 45
0.12048 54 39
0.12379 52 39
0.11936 51 44
0.11936 49 37
0.12287 47 37
0.35808 57 54
0.12048 56 42
0.12048 54 36
0.12333 52 36
0.11936 54 45
0.11936 52 38
0.12242 51 39
0.11936 52 46
0.11936 51 42
0.12242 50 42
0.11894 52 51
0.11915 50 48
0.11947 48 49
0.11979 50 55
0.12022 48 52
0.12055 47 52
0.12088 48 63
0.12121 47 57
0.12154 45 58
0.12197 44 77
0.12197 45 67
0.12612 47 67
0.12197 44 75
0.18296 38 75
0.12197 45 66
0.12287 47 66
0.12197 44 76
0.18296 38 76
0.12197 45 69
0.12333 47 69
0.12270 44 78
0.18405 38 78
0.12270 45 72
0.12618 47 74
0.12346 44 81
0.18519 38 81
0.12346 45 74
0.12658 47 76
0.12384 44 84
0.18576 38 84
0.12384 45 76
0.13158 47 78
0.18634 31 99
0.18634 43 99
2.83433 0 0
0.12012 67 50
0.12012 69 44
0.12012 71 44
0.11905 69 52
0.11905 71 45
0.11905 72 45
0.36142 0 0
0.11936 67 50
0.11936 69 46
0.12333 71 46
0.11936 69 50
0.11936 71 45
0.12197 72 45
0.36069 0 0
0.11936 72 50
0.11936 74 50
0.11936 75 51
0.11947 77 52
0.12011 79 53
0.12088 80 56
0.11979 79 60
0.11979 77 55
0.11979 75 51
0.11979 74 55
0.11979 72 52
0.12780 70 50
0.13932 68 55
0.23220 0 0
0.13846 63 52
0.23077 0 0
0.13932 60 50
0.23375 0 0
0.12121 59 54
0.12121 57 49
0.12333 55 49
0.11936 54 53
0.11936 52 47
0.12333 50 47
0.35714 60 64
0.12048 59 54
0.12048 57 47
0.12379 55 47
0.11936 54 52
0.11936 52 44
0.12287 50 44
0.35808 60 64
0.11936 59 54
0.11936 57 47
0.12379 55 47
0.11936 54 52
0.11936 52 44
0.12287 50 44
0.35808 60 64
0.12048 59 50
0.12048 57 43
0.12333 55 43
0.11936 57 52
0.11936 55 44
0.12242 54 44
0.11936 55 52
0.11936 54 47
0.12242 53 47
0.11894 52 56
0.11915 50 52
0.11947 48 53
0.11979 50 58
0.12022 48 55
0.12055 47 55
0.12135 48 65
0.12336 47 59
0.12987 46 59
0.08929 45 83
0.26902 0 0
0.12021 57 78
0.12066 53 68
0.12103 48 68
0.12205 45 82
0.12560 41 72
0.12935 36 79
0.10101 33 93
0.30303 0 0
0.20690 59 83
0.20690 52 70
0.20690 47 70
0.20690 55 70
0.20690 0 0
0.21159 47 63
0.21159 59 75
0.21159 54 63
0.21159 51 63
0.21201 0 0
0.12121 67 59
0.12121 66 53
0.12333 64 53
0.11936 63 58
0.11936 61 52
0.12333 59 52
0.35714 69 67
0.12048 67 61
0.12048 66 51
0.12379 64 51
0.11936 63 51
0.11936 61 54
0.12287 59 54
0.35808 69 68
0.11894 67 60
0.11915 66 54
0.11947 64 57
0.11979 63 64
0.12022 64 56
0.12055 66 56
0.12135 64 72
0.12336 66 64
0.12987 67 64
0.35830 0 0
0.12021 57 82
0.12066 53 73
0.12103 48 73
0.12205 45 89
0.12560 41 79
0.12935 36 79
0.10101 33 93
0.30303 0 0
0.20690 55 70
0.20690 52 70
0.20690 47 70
0.20690 59 83
0.20690 0 0
0.22388 47 63
0.22388 59 75
0.22388 54 63
0.22388 51 63
0.22388 0 0
1.09091 47 75
1.09091 43 75
1.09091 40 75
1.09091 52 89
0.21818 0 0
0.07258 59 77
0.07258 47 65
0.12097 0 0
0.07500 60 67
0.07500 48 56
0.12500 0 0
0.07258 59 75
0.07258 47 63
0.12097 0 0
0.07500 60 68
0.07500 48 57
0.12500 0 0
0.08687 59 75
0.08687 47 63
0.37645 0 0
1.10701 42 74
1.10701 38 74
1.10701 45 74
1.10701 50 88
0.21429 0 0
0.07282 45 65
0.07282 57 77
0.12136 0 0
0.07475 46 56
0.07475 58 66
0.12458 0 0
0.07282 45 62
0.07282 57 73
0.12136 0 0
0.07475 46 56
0.07475 58 66
0.12458 0 0
0.08687 45 62
0.08687 57 73
0.37645 0 0
0.88561 39 75
0.88561 51 89
0.22140 40 68
0.22140 52 80
0.22140 0 0
0.21739 41 65
0.21739 53 77
0.21739 0 0
0.22140 42 70
0.22140 54 83
0.22140 0 0
0.22140 43 67
0.22140 55 79
0.22140 0 0
0.22388 45 71
0.22388 57 84
0.22388 0 0
0.22727 47 66
0.22727 59 78
0.22727 0 0
0.23438 47 63
0.23438 59 75
0.23438 0 0
1.17381 52 66
1.17381 59 66
1.17381 55 66
0.07258 47 65
0.07258 51 77
0.12097 0 0
0.07450 48 56
0.07450 52 66
0.12417 0 0
0.07282 47 60
0.07282 51 71
0.12136 0 0
0.07450 48 55
0.07450 52 65
0.12417 0 0
0.08687 51 77
0.08687 47 65
0.37645 0 0
1.17381 50 72
1.17381 54 72
1.17381 57 72
0.07329 49 74
0.07329 45 62
0.12215 0 0
0.07500 50 66
0.07500 46 56
0.12500 0 0
0.07329 49 72
0.07329 45 61
0.12215 0 0
0.07500 50 64
0.07500 46 54
0.12500 0 0
0.08687 49 73
0.08687 45 62
0.37645 0 0
0.88561 48 68
0.88561 43 57
0.88561 40 57
0.88561 36 57
0.22140 52 65
0.22140 47 55
0.22140 43 55
0.22140 40 55
0.23166 0 0
0.22472 53 66
0.22472 48 56
0.22472 45 56
0.22472 41 56
0.22472 0 0
0.22472 45 54
0.22472 51 54
0.22472 54 64
0.22472 42 54
0.22472 0 0
0.22472 52 51
0.22472 47 51
0.22472 55 61
0.22472 43 51
0.23256 0 0
0.22814 45 54
0.22814 48 54
0.22814 57 64
0.22814 54 54
0.22814 0 0
0.23529 55 49
0.23529 52 49
0.23529 59 58
0.23529 47 49
0.23529 0 0
0.24390 51 48
0.24390 54 48
0.24390 59 57
0.24390 47 48
0.24390 0 0
0.19418 52 77
0.09709 54 73
0.09709 55 67
0.09688 57 67
0.09698 59 66
0.09751 61 65
0.09793 63 64
0.09836 64 63
0.09879 66 63
0.09923 67 62
0.09934 69 62
0.09978 71 61
0.10011 72 61
0.10056 74 60
0.10090 76 60
0.20270 77 60
1.01351 0 0
0.20270 74 60
1.01351 0 0
0.20270 71 55
1.03029 0 0
0.20690 68 48
1.08046 0 0
0.22988 67 46
1.06905 0 0
0.21645 48 39
0.21645 55 24
0.21645 60 29
0.21645 55 24
0.20636 64 39
0.20636 0 0
0.20636 47 39
0.20636 55 28
0.20985 62 34
0.20985 55 28
0.21346 65 38
0.21346 0 0
0.20843 48 36
0.20843 55 25
0.20843 64 28
0.20843 55 24
0.21096 60 39
0.21096 0 0
0.20636 47 39
0.20636 55 29
0.20636 65 34
0.20636 55 28
0.21791 62 38
0.21791 0 0
0.20985 48 37
0.20985 55 29
0.20985 60 31
0.20985 55 28
0.20231 64 39
0.20231 0 0
0.20231 47 39
0.20231 55 29
0.20428 62 34
0.20428 55 29
0.21261 65 38
0.21261 0 0
0.20442 48 36
0.20442 55 25
0.20442 64 29
0.20442 55 24
0.21096 60 39
0.21096 0 0
0.20569 47 41
0.20569 55 30
0.20569 65 38
0.20569 55 30
0.21367 62 38
0.21367 0 0
0.20442 47 41
0.20442 56 33
0.20442 65 39
0.20442 56 34
0.21438 62 42
0.21438 0 0
0.20764 48 51
0.20764 57 36
0.20764 65 39
0.20764 57 36
0.21438 60 45
0.21438 0 0
0.21570 48 52
0.21570 60 38
0.21057 67 44
0.21057 60 38
0.21495 64 48
0.21495 0 0
0.21057 53 42
0.21057 60 26
0.20813 65 28
0.20764 60 24
0.21648 69 34
0.21648 0 0
0.21438 45 41
0.21438 57 33
0.20896 61 36
0.20896 57 31
0.21299 64 41
0.21299 0 0
0.21096 50 39
0.20764 57 27
0.20764 62 30
0.20764 57 28
0.21163 65 34
0.21163 0 0
0.20569 47 39
0.20569 55 29
0.20569 65 31
0.20569 55 29
0.21367 62 38
0.21367 0 0
0.20569 48 36
0.20569 55 30
0.20569 64 31
0.20569 55 30
0.21438 60 39
0.21438 0 0
0.20961 43 36
0.20961 55 31
0.20995 62 31
0.21152 55 31
0.21299 59 39
0.21449 0 0
0.21578 48 36
0.21578 55 28
0.21578 64 28
0.21578 55 28
0.21578 60 33
0.21578 0 0
0.21299 48 48
0.21299 60 39
0.20896 67 41
0.20896 60 39
0.21299 64 48
0.21299 0 0
0.20896 53 42
0.20896 60 28
0.20786 65 28
0.20764 60 28
0.21648 69 34
0.21648 0 0
0.21438 45 44
0.21438 57 33
0.20896 61 39
0.20896 57 31
0.21299 64 41
0.21299 0 0
0.21096 50 39
0.20764 57 28
0.20764 62 28
0.20764 57 28
0.21495 65 34
0.21495 0 0
0.20569 47 39
0.20569 55 29
0.20569 65 30
0.20569 55 30
0.21367 62 38
0.21367 0 0
0.20569 48 36
0.20569 55 29
0.20569 64 31
0.20569 55 28
0.21438 60 39
0.21424 0 0
0.21367 43 36
0.21356 55 28
0.21461 62 31
0.21578 55 29
0.21696 59 39
0.21827 0 0
0.21936 48 36
0.21936 55 25
0.21936 60 28
0.21936 55 25
0.22988 64 25
0.22988 0 0
0.21952 48 33
0.21952 55 20
0.21952 60 26
0.21952 55 20
0.24372 64 25
0.24372 0 0
0.21875 47 31
0.21875 55 18
0.22760 59 23
0.22760 55 18
0.24763 64 25
0.24763 0 0
0.22515 47 29
0.23542 54 20
0.24669 59 25
0.25908 54 18
0.36630 63 20
0.36630 0 0
0.11905 56 83
0.11940 65 72
0.11985 62 68
0.12021 59 75
0.12066 56 68
0.12103 53 68
0.12205 50 65
0.12560 47 54
0.12935 45 53
0.10101 44 63
1.11111 0 0
0.21936 46 33
0.21936 53 23
0.22140 58 26
0.22140 53 23
0.23346 62 23
0.23346 0 0
0.22140 46 33
0.22140 53 20
0.22140 58 26
0.22140 53 20
0.23438 62 25
0.23438 0 0
0.22059 45 31
0.22059 53 18
0.22760 57 23
0.22760 53 18
0.24763 62 25
0.24763 0 0
0.22515 45 29
0.23542 52 20
0.24669 57 25
0.25908 52 18
0.36630 61 20
0.36630 0 0
0.11905 54 83
0.11940 63 73
0.11985 60 70
0.12021 57 75
0.12066 53 68
0.12103 51 68
0.12205 48 65
0.12560 45 54
0.12935 43 53
0.10101 42 63
1.11111 0 0
0.22388 44 33
0.22388 51 23
0.22727 56 26
0.22727 51 23
0.23904 60 23
0.23904 0 0
0.22727 44 33
0.22727 51 20
0.23166 56 26
0.23166 51 20
0.23904 60 25
0.23904 0 0
0.22388 44 31
0.22388 53 18
0.23438 56 23
0.23438 53 18
0.24763 61 25
0.24763 0 0
0.21875 44 31
0.21875 53 18
0.22760 56 23
0.22760 53 18
0.24194 61 25
0.24194 0 0
0.22988 32 31
0.22988 44 18
0.23622 51 18
0.23622 44 18
0.25316 54 23
0.25316 0 0
0.23256 32 31
0.23256 44 18
0.24490 51 18
0.27994 44 18
0.24691 56 27
0.24691 0 0
2.29407 53 27
2.29407 56 27
2.29407 61 27
2.29407 49 27
1.12150 51 29
1.13990 54 28
2.26139 49 29
2.26139 60 29
2.26139 56 29
2.28152 52 29
2.28152 56 29
2.28152 61 29
2.28152 49 29
1.09423 51 28
1.11452 54 28
2.20875 60 28
0.36585 61 29
2.57460 49 28
2.57460 56 28
0.36585 52 29
0.73276 0 0
0.12199 60 40
0.12199 61 35
0.12199 63 35
0.12199 61 41
0.12199 63 37
0.12199 64 37
0.12199 66 42
0.12199 64 37
0.12498 63 37
0.73193 64 45
0.36858 61 37
0.12199 60 40
0.12199 61 35
0.12199 63 35
0.12199 61 41
0.12199 63 37
0.12199 64 37
0.12199 66 42
0.12199 64 37
0.12422 63 37
1.10536 64 45
0.12199 63 40
0.12199 64 35
0.12199 66 35
0.12199 64 41
0.12199 66 37
0.12199 67 37
0.12308 69 42
0.12308 67 37
0.12614 66 37
0.12199 65 40
0.12199 66 35
0.12199 68 35
0.12199 66 41
0.12199 68 37
0.12199 69 37
0.12346 71 42
0.12346 69 37
0.12579 68 37
0.36596 66 42
0.36597 0 0
0.12272 64 39
0.12272 70 36
0.12575 64 36
0.12199 71 40
0.12199 63 40
0.12199 64 35
0.12199 66 35
0.12199 64 41
0.12199 66 37
0.12199 67 37
0.00457 0 0
0.37155 69 41
0.37155 75 41
0.18298 68 41
0.54895 0 0
0.12309 62 40
0.12309 68 37
0.12498 62 37
0.12199 69 40
0.12199 61 40
0.12199 62 35
0.12199 64 35
0.12199 62 41
0.12199 64 37
0.12199 66 37
0.37500 73 41
0.37500 67 41
0.18298 66 41
0.54895 0 0
0.12384 65 41
0.12384 69 37
0.12559 65 37
0.12199 64 40
0.12199 66 35
0.12199 68 35
0.12199 66 41
0.12199 68 37
0.12199 69 37
0.37497 65 41
0.36596 64 41
0.74093 74 41
0.74093 71 41
0.36597 0 0
0.12422 65 39
0.12422 69 37
0.12614 65 38
0.12199 64 40
0.12199 66 35
0.12199 68 35
0.12199 66 41
0.12199 68 37
0.12199 69 37
0.37194 65 41
0.36596 64 41
0.73790 74 41
0.73790 71 41
0.36597 0 0
0.12309 65 45
0.12309 69 38
0.12386 65 38
0.12121 64 45
0.12121 66 36
0.12094 68 36
0.12085 66 46
0.12066 68 37
0.12048 69 37
0.12039 68 47
0.12012 69 41
0.12012 71 42
0.72122 0 0
0.11936 64 50
0.11936 66 44
0.11936 68 44
0.11936 66 52
0.11936 68 45
0.11936 69 45
0.36205 0 0
0.11936 64 50
0.11936 66 46
0.12333 68 46
0.11936 66 50
0.11936 68 45
0.12197 69 45
0.36069 0 0
0.11936 69 50
0.11936 71 50
0.11936 72 51
0.11947 74 52
0.12011 76 53
0.12088 77 56
0.11979 76 60
0.11979 74 55
0.11979 72 51
0.11979 71 55
0.11979 69 52
0.12780 67 50
0.14019 65 59
0.23364 0 0
0.13846 60 56
0.23077 0 0
0.13932 57 50
0.23375 0 0
0.12177 56 53
0.12103 54 48
0.12030 52 48
0.12012 51 52
0.12140 49 47
0.12333 47 48
0.35928 57 64
0.12121 56 54
0.12121 54 49
0.12333 52 49
0.11936 51 53
0.11936 49 47
0.12333 47 47
0.35714 57 64
0.12048 56 54
0.12048 54 47
0.12379 52 47
0.11936 51 52
0.11936 49 44
0.12287 47 44
0.35808 57 64
0.12048 56 50
0.12048 54 43
0.12333 52 43
0.11936 54 52
0.11936 52 44
0.12242 51 44
0.11936 52 52
0.11936 51 47
0.12242 50 47
0.11894 52 56
0.11915 50 52
0.11947 48 53
0.11979 50 58
0.12022 48 55
0.12055 47 55
0.12088 48 65
0.12121 47 59
0.12154 45 59
0.11905 62 91
0.11940 58 79
0.11985 53 77
0.12021 50 85
0.12066 46 75
0.12103 41 75
0.12205 38 84
0.12560 34 76
0.12935 29 76
0.10101 26 88
0.30303 0 0
0.20690 57 70
0.20690 52 70
0.20690 60 83
0.20690 0 0
0.21159 56 63
0.21159 59 75
0.21159 52 63
0.21201 0 0
0.12121 60 62
0.12121 59 56
0.12333 57 56
0.11936 56 61
0.11936 54 55
0.12333 52 54
0.35714 62 67
0.12048 60 61
0.12048 59 55
0.12379 57 55
0.11936 56 60
0.11936 54 54
0.12287 52 54
0.35808 62 68
0.12048 60 61
0.12048 59 55
0.12379 57 55
0.11936 56 60
0.11936 54 54
0.12287 52 54
0.35808 62 68
0.11936 60 64
0.11936 59 57
0.11947 57 57
0.11979 56 67
0.12022 57 56
0.12055 59 56
0.12135 57 72
0.12336 59 64
0.12987 60 64
0.11905 62 91
0.11940 58 79
0.11985 53 79
0.12021 50 86
0.12066 46 77
0.12103 41 77
0.12205 38 86
0.12560 34 78
0.12935 29 77
0.10239 26 93
0.30717 0 0
0.21277 60 83
0.21277 52 70
0.21277 57 70
0.21277 0 0
0.23077 59 75
0.23077 52 63
0.23077 56 63
0.23077 0 0
0.11747 62 91
0.11817 58 79
0.11887 53 79
0.11958 50 86
0.12030 46 76
0.12112 41 76
0.12205 38 86
0.12560 34 76
0.12935 29 76
0.09868 26 90
0.29605 0 0
0.20202 62 83
0.20202 53 70
0.20202 58 70
0.20202 0 0
0.19868 53 63
0.19868 57 63
0.19868 60 75
0.19868 0 0
0.19355 43 93
0.19355 31 79
0.19355 0 0
0.20134 63 83
0.20134 55 70
0.20134 60 70
0.20134 0 0
0.19868 62 75
0.19868 59 63
0.19868 55 63
0.19868 0 0
0.19417 33 79
0.19417 45 93
0.19418 0 0
0.20270 65 83
0.20270 57 70
0.20270 62 70
0.20270 0 0
0.20979 64 75
0.20979 61 63
0.20979 57 63
0.20979 0 0
0.10274 58 50
0.10274 55 42
0.10274 0 0
0.10274 55 41
0.10274 58 49
0.10274 0 0
0.10274 52 44
0.10274 58 52
0.10274 55 44
0.10274 0 0
0.10274 55 45
0.10274 58 54
0.10274 52 45
0.10274 0 0
0.10274 58 56
0.10274 49 47
0.10274 55 47
0.10274 52 47
0.10274 0 0
0.10274 58 58
0.10274 49 49
0.10274 55 49
0.10274 52 49
0.10274 0 0
0.10274 55 60
0.10274 46 51
0.10274 52 51
0.10274 49 51
0.10274 0 0
0.10274 55 62
0.10274 46 52
0.10274 52 52
0.10274 49 52
0.10274 0 0
0.10239 43 54
0.10239 46 54
0.10239 49 54
0.10239 52 64
0.10274 0 0
0.10309 52 66
0.10309 43 56
0.10309 49 56
0.10309 46 56
0.10345 0 0
0.10381 49 69
0.10381 40 58
0.10381 46 58
0.10381 43 58
0.10417 0 0
0.10909 49 74
0.10909 40 62
0.10909 46 62
0.10909 43 62
0.10909 0 0
0.21818 50 87
0.21818 41 73
0.21818 45 73
1.09091 0 0
0.21818 45 73
0.21818 41 73
0.21818 38 73
0.21818 50 87
1.09091 0 0
0.21277 60 50
0.21277 52 42
1.06383 0 0
0.21818 52 42
0.21818 59 50
1.17179 0 0
0.21645 45 36
0.21645 52 22
0.21645 57 27
0.21645 52 22
0.20636 61 36
0.20636 0 0
0.20636 44 36
0.20636 52 26
0.20985 59 31
0.20985 52 26
0.21346 62 35
0.21346 0 0
0.20843 45 33
0.20843 52 23
0.20843 61 26
0.20843 52 22
0.21096 57 36
0.21096 0 0
0.20636 44 36
0.20636 52 27
0.20636 56 31
0.20636 52 26
0.21791 59 35
0.21791 0 0
0.20985 45 34
0.20985 52 27
0.20985 57 29
0.20985 52 26
0.20231 61 36
0.20231 0 0
0.20231 44 36
0.20231 52 27
0.20428 59 31
0.20428 52 27
0.21262 62 35
0.21261 0 0
0.20442 45 33
0.20442 52 23
0.20442 61 27
0.20442 52 22
0.21096 57 36
0.21096 0 0
0.20569 44 38
0.20569 52 28
0.20569 56 35
0.20569 52 28
0.21368 59 35
0.21367 0 0
0.20442 44 38
0.20442 53 30
0.20442 56 36
0.20442 53 31
0.21438 59 39
0.21438 0 0
0.20764 45 47
0.20764 54 33
0.20764 57 36
0.20764 54 33
0.21438 62 41
0.21438 0 0
0.21570 45 48
0.21570 57 35
0.21057 64 40
0.21057 57 35
0.21495 64 44
0.21495 0 0
0.21057 50 39
0.21057 57 24
0.20813 62 26
0.20764 57 22
0.21648 66 31
0.21648 0 0
0.21438 42 38
0.21438 54 30
0.20896 61 33
0.20896 54 29
0.21299 58 38
0.21299 0 0
0.21096 47 36
0.20764 54 25
0.20764 59 28
0.20764 54 26
0.21163 62 31
0.21163 0 0
0.20569 44 36
0.20569 52 27
0.20569 62 29
0.20569 52 27
0.21368 59 35
0.21367 0 0
0.20569 45 33
0.20569 52 28
0.20569 61 29
0.20569 52 28
0.21438 57 36
0.21438 0 0
0.20961 40 33
0.20961 52 29
0.20995 59 29
0.21152 52 29
0.21299 56 36
0.21449 0 0
0.21578 45 33
0.21578 52 26
0.21578 61 26
0.21578 52 26
0.21578 57 30
0.21578 0 0
0.21299 45 44
0.21299 57 36
0.20896 64 38
0.20896 57 36
0.21299 64 44
0.21299 0 0
0.20896 50 39
0.20896 57 26
0.20786 62 26
0.20764 57 26
0.21648 66 31
0.21648 0 0
0.21438 42 40
0.21438 54 30
0.20896 61 36
0.20896 54 29
0.21299 58 38
0.21299 0 0
0.21096 47 36
0.20764 54 26
0.20764 59 26
0.20764 54 26
0.21495 62 31
0.21495 0 0
0.20569 44 36
0.20569 52 27
0.20569 62 28
0.20569 52 28
0.21368 59 35
0.21367 0 0
0.20569 45 33
0.20569 52 27
0.20569 61 29
0.20569 52 26
0.21438 57 36
0.21424 0 0
0.21368 40 33
0.21356 52 26
0.21461 59 29
0.21578 52 27
0.21696 56 36
0.21827 0 0
0.21936 45 33
0.21936 52 23
0.21936 57 26
0.21936 52 23
0.22989 61 23
0.22988 0 0
1.17381 57 85
1.17381 45 72
1.17381 48 72
1.17381 52 72
0.07258 56 74
0.07258 52 62
0.12097 0 0
0.07500 57 65
0.07500 53 55
0.12500 0 0
0.07258 56 71
0.07258 52 60
0.12097 0 0
0.07475 57 65
0.07475 53 55
0.12458 0 0
0.08687 56 74
0.08687 52 62
0.37645 0 0
1.17381 43 72
1.17381 47 72
1.17381 50 72
1.17381 55 85
0.07258 54 75
0.07258 50 63
0.12097 0 0
0.07475 55 65
0.07475 52 55
0.12458 0 0
0.07282 54 72
0.07282 50 61
0.12136 0 0
0.07475 55 64
0.07475 52 54
0.12458 0 0
0.08687 54 74
0.08687 50 62
0.37645 0 0
0.87912 48 57
0.87912 53 68
0.87912 45 57
0.87912 41 57
0.21978 52 55
0.21978 48 55
0.21978 57 65
0.21978 45 55
0.23166 0 0
0.22140 53 58
0.22140 50 58
0.22140 58 69
0.22140 46 58
0.22140 0 0
0.22140 47 56
0.22140 50 56
0.22140 59 67
0.22140 56 56
0.22140 0 0
0.22140 60 64
0.22140 57 54
0.22140 52 54
0.22140 48 54
0.23256 0 0
0.22556 53 56
0.22556 59 56
0.22556 62 67
0.22556 50 56
0.22556 0 0
0.22989 64 62
0.22989 60 52
0.22989 57 52
0.22989 52 52
0.22988 0 0
0.23904 56 52
0.23904 59 52
0.23904 64 62
0.23904 52 52
0.23904 0 0
0.19969 45 59
0.60708 0 0
0.13313 52 61
0.13313 40 51
0.13313 42 47
0.13313 54 56
0.13630 44 47
0.13630 56 56
0.13245 54 59
0.13245 42 50
0.13245 44 51
0.13245 56 61
0.13245 45 45
0.13245 57 53
0.40602 47 56
0.40602 59 66
0.13313 40 51
0.13313 52 61
0.13313 54 56
0.13313 42 47
0.13676 56 56
0.13676 44 47
0.13245 42 50
0.13245 54 59
0.13245 44 51
0.13245 56 61
0.13245 45 45
0.13245 57 53
0.40602 47 59
0.40602 59 70
0.13313 40 51
0.13313 52 61
0.13313 54 56
0.13313 42 47
0.13725 56 56
0.13725 44 47
0.13201 42 50
0.13201 54 59
0.13201 44 51
0.13201 56 61
0.13201 45 45
0.13201 57 53
0.40515 59 70
0.40515 47 59
0.13513 52 68
0.13513 40 57
0.13513 42 50
0.13513 54 59
0.14089 44 48
0.14089 56 57
0.13401 57 67
0.13401 45 56
0.13401 47 49
0.13401 59 58
0.13401 48 49
0.13401 60 58
0.13697 47 56
0.13697 59 66
0.13697 48 50
0.13697 60 59
0.13697 50 50
0.13697 62 59
0.21059 52 59
0.21059 64 70
0.21059 0 0
0.13493 45 56
0.13493 57 67
0.13493 59 58
0.13493 47 49
0.13493 48 49
0.13493 60 58
0.13697 59 66
0.13697 47 56
0.13697 60 59
0.13697 48 50
0.13697 62 59
0.13697 50 50
0.21019 64 70
0.21019 52 59
0.21019 0 0
0.13538 45 67
0.13538 33 56
0.13538 35 49
0.13538 47 58
0.13538 36 49
0.13538 48 58
0.13538 47 66
0.13538 35 56
0.13538 48 59
0.13538 36 50
0.13538 50 59
0.13538 38 50
0.21472 52 70
0.21472 40 59
0.21472 0 0
0.21471 45 72
0.21471 33 61
1.05897 0 0
0.20616 33 49
0.20616 36 49
0.20616 40 49
0.20616 45 58
0.20616 0 0
0.21287 36 52
0.21287 33 52
0.21287 40 52
0.21287 45 62
0.21287 0 0
0.23033 36 56
0.23033 33 56
0.23033 40 56
0.23033 45 67
0.23033 0 0
0.23033 36 57
0.23033 33 57
0.23033 40 57
0.23033 45 68
