"schu_143_1"

#  Piano left
0.00104 0 0
1.00259 57 42
0.99842 64 42
0.97025 63 44
0.20544 64 38
0.28762 0 0
0.39713 60 39
0.14922 59 39
0.96634 57 38
1.00259 52 52
0.98248 48 47
0.18992 45 39
0.82299 0 0
1.00259 45 42
0.97025 38 45
0.92678 37 48
0.20887 38 42
0.28731 0 0
0.39359 45 44
0.14745 47 45
0.98611 48 45
1.00259 40 47
0.98248 36 45
0.21291 33 41
0.80906 0 0
0.98216 41 35
0.98216 45 35
0.98216 38 35
0.12532 33 33
0.87727 0 0
0.96634 40 36
0.96634 45 36
0.96634 36 36
0.12429 33 35
0.85798 0 0
0.94432 38 36
0.94432 45 36
0.94432 41 36
0.11776 33 34
0.83216 0 0
0.91841 45 36
0.91841 40 36
0.91841 36 36
0.20295 33 34
0.75781 0 0
0.89787 45 37
0.89787 41 37
0.89787 38 37
0.20544 33 35
0.74915 0 0
0.89787 45 36
0.89787 40 36
0.89787 36 36
0.20132 33 33
0.73927 0 0
0.92385 50 45
0.92385 57 45
0.92385 53 45
0.11727 45 35
0.82477 0 0
0.89259 57 41
0.89445 52 41
0.89445 48 41
0.19736 45 36
0.73203 0 0
0.91165 55 70
0.91165 52 70
0.91165 47 70
0.17487 43 54
0.76888 0 0
0.89300 42 63
0.89300 54 71
0.89300 51 63
0.08118 0 0
0.86840 59 61
0.86840 51 54
0.86840 47 54
0.07895 0 0
0.92678 43 49
0.92678 55 49
0.20296 40 42
0.20296 52 42
0.77123 0 0
0.88939 39 26
0.88939 42 26
0.88939 30 26
0.08085 0 0
0.87177 47 24
0.87177 39 24
0.87177 35 24
0.07925 0 0
0.93816 31 30
0.93816 43 30
0.20132 40 27
0.20132 28 27
0.76502 0 0
0.98960 40 30
0.12779 41 23
0.12620 40 27
0.12777 41 25
0.12806 40 29
0.12823 41 22
0.12612 40 27
0.12814 41 23
0.12487 40 31
0.12461 41 28
0.12467 40 31
0.12471 41 25
0.12492 40 34
0.12329 41 30
0.12644 40 34
0.12713 41 29
0.12819 40 34
0.12845 41 28
0.12705 40 34
0.12790 41 29
0.12691 40 34
0.12755 41 29
0.12977 40 34
0.12760 41 30
0.12334 40 39
0.12520 41 33
0.12343 40 39
0.12557 41 33
0.12380 40 39
0.12381 41 33
0.12616 40 40
0.12586 41 35
0.12873 40 40
0.13043 41 35
0.12767 40 41
0.13102 41 34
0.12820 40 41
0.13206 41 36
0.13102 40 42
0.12891 41 37
0.12703 40 47
0.12902 41 39
0.12706 40 47
0.12882 41 39
0.12623 40 48
0.13083 41 40
0.13526 40 48
0.13552 41 42
0.13552 40 49
0.13603 41 43
0.13655 40 54
0.13707 41 48
0.13852 40 62
0.14166 41 63
0.15424 40 71
0.19342 44 79
1.01104 45 80
1.01104 33 80
0.99842 52 76
0.99842 40 76
0.95238 39 73
0.95238 51 73
0.25065 52 66
0.25065 40 66
0.25065 0 0
0.23361 64 48
0.23361 52 48
0.11680 0 0
0.08585 62 46
0.08585 50 46
0.02862 0 0
0.23281 48 48
0.23281 60 48
0.11641 0 0
0.08585 47 46
0.08585 59 46
0.02862 0 0
0.23180 45 43
0.23180 57 43
0.11590 0 0
0.08550 56 42
0.08550 44 42
0.02850 0 0
0.23180 45 46
0.23180 57 46
0.11590 0 0
0.08550 43 40
0.08550 55 40
0.02850 0 0
0.23082 41 46
0.23082 53 46
0.11541 0 0
0.08516 40 42
0.08516 52 42
0.02839 0 0
0.22981 41 48
0.22981 53 48
0.11491 0 0
0.08483 44 46
0.08483 56 46
0.02828 0 0
0.22885 57 48
0.22885 45 48
0.11443 0 0
0.08416 59 46
0.08416 47 46
0.02805 0 0
0.22885 60 52
0.22885 48 52
0.11443 0 0
0.08351 62 48
0.08351 50 48
0.02784 0 0
0.13026 48 53
0.13026 60 53
0.39079 0 0
1.02389 45 90
1.00259 45 86
1.00259 38 86
0.95618 37 71
0.25707 38 71
1.21325 45 71
0.25707 0 0
0.23352 69 53
0.23352 57 53
0.11676 0 0
0.08550 67 52
0.08550 55 52
0.02850 0 0
0.23173 65 48
0.23173 53 48
0.11587 0 0
0.08449 64 46
0.08449 52 46
0.02816 0 0
0.23173 50 43
0.23173 62 43
0.11587 0 0
0.08516 61 42
0.08516 49 42
0.02839 0 0
0.22976 62 46
0.22976 50 46
0.11488 0 0
0.08383 60 40
0.08383 48 40
0.02794 0 0
0.22876 58 46
0.22876 46 46
0.11438 0 0
0.08416 45 42
0.08416 57 42
0.02805 0 0
0.22684 46 47
0.22684 58 47
0.11342 0 0
0.08286 49 46
0.08286 61 46
0.02762 0 0
0.22401 50 48
0.22401 62 48
0.11201 0 0
0.08401 52 46
0.08401 64 46
0.02800 0 0
0.22401 65 52
0.22401 53 52
0.11201 0 0
0.08401 67 48
0.08401 55 48
0.02800 0 0
0.12610 65 53
0.12610 53 53
0.37831 0 0
0.96634 62 96
0.96634 55 86
0.96634 58 96
0.96634 50 86
0.18799 50 81
0.18799 38 72
0.81460 0 0
0.96634 57 95
0.96634 50 85
0.96634 53 85
0.96634 62 95
0.18339 38 72
0.18339 50 81
0.78882 0 0
0.94426 50 77
0.94426 55 77
0.94426 58 86
0.94426 62 86
0.17591 50 69
0.17591 38 62
0.75589 0 0
0.88513 62 82
0.88790 53 73
0.88790 57 82
0.88790 50 73
0.19813 50 74
0.19813 38 66
0.75289 0 0
0.88513 62 82
0.88790 50 73
0.88790 55 73
0.88790 58 82
0.19813 38 66
0.19813 50 74
0.74731 0 0
0.88513 62 83
0.88790 53 74
0.88790 57 83
0.88790 50 74
0.19893 38 65
0.19893 50 73
0.74122 0 0
0.92239 58 84
0.92239 50 75
0.92239 55 75
0.92239 62 84
0.17169 50 74
0.17169 38 66
0.75040 0 0
0.87541 62 84
0.87816 50 75
0.87816 57 84
0.87816 53 75
0.19430 50 74
0.19430 38 66
0.72944 0 0
0.90804 48 72
0.90804 52 72
0.90804 57 81
0.90804 60 81
0.17100 36 63
0.17100 48 71
0.77805 0 0
0.92608 59 83
0.92608 56 83
0.92608 47 74
0.04026 0 0
0.90069 56 76
0.90069 52 68
0.90069 64 76
0.03916 0 0
0.92678 60 79
0.92678 48 71
0.20800 57 73
0.20800 45 65
0.79042 0 0
0.95682 35 40
0.95682 47 40
0.95682 44 40
0.04160 0 0
0.92982 52 37
0.92982 44 37
0.92982 40 37
0.04043 0 0
0.93436 36 37
0.93436 48 37
0.20213 33 37
0.20213 45 37
0.76811 0 0
0.91568 46 31
0.91568 34 31
0.17958 43 24
0.17958 31 24
0.77819 0 0
0.91568 46 30
0.91568 34 30
0.17811 43 22
0.17811 31 22
0.77179 0 0
0.91199 34 30
0.91199 46 30
0.17447 43 23
0.17447 31 23
0.75605 0 0
0.90124 46 31
0.90124 34 31
0.16898 43 26
0.16898 31 26
0.73226 0 0
0.10934 35 68
0.10898 47 55
0.11237 35 54
0.10881 47 52
0.10889 35 51
0.11087 47 49
0.10897 35 48
0.10776 47 46
0.10941 35 49
0.11033 47 48
0.10710 35 47
0.10965 47 45
0.11034 35 51
0.10603 47 47
0.10770 35 44
0.10949 47 43
0.10624 32 64
0.10646 44 53
0.10911 32 50
0.10799 44 46
0.10755 32 57
0.11111 44 53
0.10974 32 52
0.10740 44 51
0.10874 32 59
0.11055 44 54
0.10830 32 53
0.10690 44 39
0.10744 32 59
0.10811 44 58
0.11012 32 56
0.12905 44 54
0.44709 47 79
0.44709 59 79
0.17169 44 69
0.17169 56 69
0.28615 0 0
0.44887 47 79
0.44887 59 79
0.17308 64 69
0.17308 52 69
0.28846 0 0
0.45921 47 75
0.45921 59 75
0.17622 44 70
0.17622 56 70
0.29370 0 0
0.49108 40 69
0.49108 52 69
0.23845 35 60
0.23845 47 60
0.39741 0 0
3.84968 47 27
3.84968 35 27
0.10520 35 81
0.10520 47 50
0.10520 35 63
0.10520 47 48
0.10520 32 72
0.10520 44 52
0.10520 32 58
0.10520 44 46
0.10330 35 72
0.10330 47 53
0.10330 35 60
0.10330 47 45
0.10330 40 72
0.10330 52 53
0.10330 40 62
0.10281 52 48
0.10293 44 77
0.10269 56 60
0.10244 44 68
0.10219 56 55
0.10183 47 79
0.10159 59 57
0.10135 47 66
0.10111 59 51
0.10198 52 88
0.10456 64 57
0.10494 52 74
0.10773 64 57
0.11354 47 73
0.11704 59 48
0.11987 47 58
0.17255 59 47
3.84738 35 37
3.84738 47 37
0.98543 40 20
0.98543 47 20
0.04284 0 0
0.89974 40 19
0.89974 47 19
0.12853 0 0
0.47090 40 20
0.47090 47 20
0.01002 0 0
0.46122 47 16
0.46122 40 16
0.00981 0 0
0.47706 47 19
0.47706 40 19
0.01015 0 0
0.49085 47 15
0.49085 40 15
0.01044 0 0
0.94479 49 23
0.94479 40 23
0.04108 0 0
0.86264 40 17
0.86264 49 17
0.12323 0 0
0.47490 40 20
0.47490 49 20
0.01010 0 0
0.47280 40 15
0.47280 51 15
0.01006 0 0
0.46115 49 19
0.46115 40 19
0.00981 0 0
0.49717 51 15
0.49717 40 15
0.01058 0 0
0.94479 40 23
0.94479 52 23
0.04108 0 0
0.86264 40 17
0.86264 47 17
0.12323 0 0
0.47287 40 23
0.47287 47 23
0.01006 0 0
0.47295 40 18
0.47295 47 18
0.01006 0 0
0.46505 47 24
0.46505 40 24
0.00989 0 0
0.45731 40 18
0.45731 47 18
0.00973 0 0
0.94479 40 25
0.94479 49 25
0.04108 0 0
0.86264 40 19
0.86264 49 19
0.12323 0 0
0.48489 49 36
0.47495 52 33
0.48301 57 37
0.48301 61 39
1.92586 40 30
0.94479 52 26
0.94479 59 26
0.04108 0 0
0.85660 52 20
0.85660 59 20
0.12122 0 0
0.46115 59 22
0.46115 52 22
0.00981 0 0
0.46902 59 18
0.46902 52 18
0.00998 0 0
0.45731 52 20
0.45731 63 20
0.00973 0 0
0.46895 61 18
0.46895 52 18
0.00998 0 0
0.93314 59 24
0.93314 52 24
0.04057 0 0
0.84605 59 15
0.84605 52 15
0.11973 0 0
0.46115 59 22
0.46115 52 22
0.00981 0 0
0.46697 59 17
0.46697 52 17
0.00994 0 0
0.45916 52 20
0.45916 63 20
0.00977 0 0
0.46697 52 18
0.46697 61 18
0.00994 0 0
0.93702 59 29
0.93702 52 24
0.04074 0 0
0.85554 59 15
0.85554 52 15
0.12222 0 0
0.46697 52 25
0.46697 56 25
0.00994 0 0
0.47706 52 23
0.47706 59 23
0.01015 0 0
0.46895 57 25
0.46895 52 25
0.00998 0 0
0.49936 52 24
0.49936 59 24
0.01062 0 0
0.93702 61 25
0.93702 52 25
0.04074 0 0
0.23950 61 15
0.23950 52 15
0.71851 0 0
0.90694 64 22
0.90694 72 22
0.03943 0 0
0.42360 72 9
0.42360 64 8
0.50062 0 0
0.90694 52 25
0.90694 59 25
0.03943 0 0
0.44262 52 9
0.44262 59 11
0.52310 0 0
0.93314 71 22
0.93314 64 22
0.04057 0 0
0.44628 64 11
0.44628 71 11
0.52743 0 0
0.93314 33 62
0.93314 45 62
0.04057 0 0
0.44628 33 45
0.44628 45 45
0.52743 0 0
0.45916 57 39
0.45916 64 39
0.45916 66 39
0.00977 0 0
0.45731 68 34
0.45731 64 34
0.45731 59 34
0.00973 0 0
0.44981 61 37
0.44981 64 37
0.00957 0 0
0.48069 59 36
0.48069 68 36
0.48069 64 36
0.01023 0 0
0.92177 69 36
0.92177 59 36
0.92177 66 36
0.04008 0 0
0.44085 69 17
0.44085 66 17
0.44085 59 17
0.53046 0 0
0.90651 52 27
0.90651 59 27
0.03941 0 0
0.43355 52 23
0.43355 59 16
0.53065 0 0
0.91408 33 67
0.91408 45 67
0.03974 0 0
0.42862 45 49
0.42862 33 49
0.50655 0 0
0.45784 57 39
0.45784 64 39
0.45784 66 39
0.00974 0 0
0.46115 59 36
0.46115 68 36
0.46115 64 36
0.00981 0 0
0.45168 61 39
0.45168 64 39
0.00961 0 0
0.48267 64 36
0.48267 68 36
0.48267 59 36
0.01027 0 0
0.93314 59 36
0.93314 69 36
0.93314 66 36
0.04057 0 0
0.44628 66 17
0.44628 69 17
0.44628 59 17
0.52743 0 0
0.93314 40 84
0.04057 0 0
0.44628 40 52
0.52743 0 0
0.46621 47 22
0.46621 40 22
0.00989 0 0
0.45916 40 17
0.45916 47 17
0.00977 0 0
0.45539 47 20
0.45539 40 20
0.00969 0 0
0.49507 47 16
0.49507 40 16
0.01053 0 0
0.88571 48 16
0.88571 40 16
0.03851 0 0
0.23757 40 8
0.23757 48 8
0.71270 0 0
0.89620 51 23
0.89620 40 23
0.03897 0 0
0.24444 40 9
0.24444 51 9
0.73332 0 0
0.91032 52 82
0.91032 40 82
0.03958 0 0
0.44647 52 44
0.44647 40 44
0.52764 0 0
0.46697 47 25
0.46697 40 25
0.00994 0 0
0.46115 47 18
0.46115 40 18
0.00981 0 0
0.45539 40 25
0.45539 47 25
0.00969 0 0
0.49507 40 17
0.49507 47 17
0.01053 0 0
0.87016 40 24
0.87016 45 24
0.03783 0 0
0.23406 49 18
0.23406 40 13
0.70219 0 0
0.87016 47 25
0.87016 40 25
0.03783 0 0
0.23108 51 22
0.23108 40 16
0.69146 0 0
0.85693 40 25
0.85693 52 25
0.03726 0 0
0.22035 52 14
0.22035 40 5
0.66103 0 0
0.86033 48 25
0.86033 45 25
0.03741 0 0
0.21927 48 14
0.21927 45 14
0.65780 0 0
0.86046 48 25
0.03741 0 0
0.22531 48 16
0.67593 0 0
0.86046 50 25
0.86046 38 25
0.03741 0 0
0.22447 38 15
0.22447 50 15
0.67340 0 0
0.89725 40 24
0.93626 45 24
0.24256 40 14
0.97025 52 39
0.92543 51 37
0.23872 52 35
2.62593 0 0
0.93359 40 19
0.97418 47 33
0.43765 40 12
0.95488 52 39
0.93262 51 37
0.24355 52 35
2.67901 0 0
1.00259 57 42
0.99842 64 42
0.97025 63 44
0.20544 64 38
0.28762 0 0
0.39507 60 39
0.14640 59 39
0.94989 57 38
1.00259 52 52
0.98248 48 47
0.18992 45 39
0.82299 0 0
1.00259 45 42
0.97025 38 45
0.92678 37 50
0.20887 38 42
0.28731 0 0
0.39359 45 44
0.14720 47 45
0.97411 48 45
1.00259 40 52
0.98248 36 45
0.21291 33 41
0.80906 0 0
0.98216 45 35
0.98216 41 35
0.98216 38 35
0.12532 33 33
0.87727 0 0
0.96634 45 36
0.96634 40 36
0.96634 36 36
0.12429 33 35
0.85378 0 0
0.93444 45 36
0.93444 41 36
0.93444 38 36
0.11824 33 34
0.83361 0 0
0.91841 45 36
0.91841 40 36
0.91841 36 36
0.20296 33 34
0.76303 0 0
0.89787 45 37
0.89787 41 37
0.89787 38 37
0.20544 33 35
0.75480 0 0
0.89787 45 36
0.89787 40 36
0.89787 36 36
0.20132 33 33
0.73927 0 0
0.91911 57 51
0.91911 53 51
0.91911 50 51
0.11727 45 35
0.82477 0 0
0.89166 57 41
0.89445 52 41
0.89445 48 41
0.19736 45 36
0.72693 0 0
0.91165 55 57
0.91165 52 57
0.91165 47 57
0.17377 43 54
0.76851 0 0
0.89300 54 66
0.89300 51 59
0.89300 42 59
0.08118 0 0
0.86840 59 55
0.86840 51 49
0.86840 47 49
0.07895 0 0
0.92678 55 49
0.92678 43 49
0.20296 52 42
0.20296 40 42
0.77123 0 0
0.88939 42 26
0.88939 39 26
0.88939 30 26
0.08085 0 0
0.87177 47 24
0.87177 39 24
0.87177 35 24
0.07925 0 0
0.93816 43 30
0.93816 31 30
0.20132 40 27
0.20132 28 27
0.76502 0 0
0.98960 40 30
0.12779 41 30
0.12620 40 26
0.12777 41 30
0.12806 40 24
0.12823 41 30
0.12612 40 25
0.12814 41 30
0.12487 40 31
0.12461 41 28
0.12467 40 31
0.12471 41 31
0.12492 40 34
0.12329 41 30
0.12644 40 34
0.12713 41 29
0.12819 40 34
0.12845 41 28
0.12705 40 34
0.12790 41 29
0.12691 40 34
0.12755 41 29
0.12977 40 34
0.12760 41 30
0.12334 40 39
0.12520 41 33
0.12343 40 39
0.12557 41 33
0.12380 40 39
0.12381 41 33
0.12616 40 40
0.12586 41 35
0.12873 40 40
0.13043 41 35
0.12767 40 41
0.13102 41 34
0.12820 40 41
0.13206 41 36
0.13102 40 42
0.12891 41 37
0.12703 40 47
0.12902 41 39
0.12706 40 47
0.12882 41 39
0.12623 40 48
0.13083 41 40
0.13526 40 48
0.13552 41 42
0.13552 40 49
0.13603 41 43
0.13655 40 54
0.13707 41 48
0.13852 40 62
0.14166 41 63
0.15424 40 71
0.19342 44 79
1.01104 45 78
1.01104 33 78
0.99842 52 75
0.99842 40 75
0.95618 51 72
0.95618 39 72
0.24882 52 67
0.24882 40 67
0.24882 0 0
0.23170 64 48
0.23170 52 48
0.11585 0 0
0.08516 62 46
0.08516 50 46
0.02839 0 0
0.23170 60 48
0.23170 48 48
0.11585 0 0
0.08449 59 46
0.08449 47 46
0.02816 0 0
0.23077 57 43
0.23077 45 43
0.11538 0 0
0.08483 56 42
0.08483 44 42
0.02828 0 0
0.23008 57 46
0.23008 45 46
0.11492 0 0
0.08449 55 40
0.08449 43 40
0.02816 0 0
0.23034 53 46
0.23034 41 46
0.11517 0 0
0.08416 52 42
0.08416 40 42
0.02805 0 0
0.22892 53 48
0.22892 41 48
0.11446 0 0
0.08383 56 46
0.08383 44 46
0.02794 0 0
0.22710 57 48
0.22710 45 48
0.11355 0 0
0.08383 59 46
0.08383 47 46
0.02794 0 0
0.22621 60 52
0.22621 48 52
0.11310 0 0
0.08383 62 48
0.08383 50 48
0.02794 0 0
0.12999 60 53
0.12999 48 53
0.38998 0 0
1.01738 45 90
0.97411 45 86
0.97411 38 86
0.94989 37 71
0.25707 38 71
1.20696 45 71
0.25707 0 0
0.23077 69 53
0.23077 57 53
0.11538 0 0
0.08449 67 52
0.08449 55 52
0.02816 0 0
0.22983 65 48
0.22983 53 48
0.11492 0 0
0.08449 64 46
0.08449 52 46
0.02816 0 0
0.22892 62 43
0.22892 50 43
0.11446 0 0
0.08383 61 42
0.08383 49 42
0.02794 0 0
0.22800 62 46
0.22800 50 46
0.11400 0 0
0.08351 60 40
0.08351 48 40
0.02784 0 0
0.22710 58 46
0.22710 46 46
0.11355 0 0
0.08351 57 42
0.08351 45 42
0.02784 0 0
0.22621 58 48
0.22621 46 48
0.11311 0 0
0.08483 61 46
0.08483 49 46
0.02828 0 0
0.22395 62 48
0.22395 50 48
0.11197 0 0
0.08254 64 46
0.08254 52 46
0.02751 0 0
0.22395 65 52
0.22395 53 52
0.11197 0 0
0.08222 67 48
0.08222 55 48
0.02741 0 0
0.12607 65 53
0.12607 53 53
0.37821 0 0
0.96634 62 98
0.96634 50 88
0.96634 55 88
0.96634 58 98
0.18799 50 81
0.18799 38 72
0.81460 0 0
0.95084 62 97
0.95382 50 87
0.95382 53 87
0.95382 57 97
0.18339 50 81
0.18339 38 72
0.78256 0 0
0.93062 62 84
0.93062 50 75
0.93062 55 75
0.93062 58 84
0.17519 50 69
0.17519 38 62
0.76495 0 0
0.88513 62 82
0.88790 50 73
0.88790 53 73
0.88790 57 82
0.19813 50 74
0.19813 38 66
0.75289 0 0
0.88513 62 82
0.88790 50 73
0.88790 55 73
0.88790 58 82
0.19813 50 74
0.19813 38 66
0.74731 0 0
0.88513 62 83
0.88790 50 74
0.88790 53 74
0.88790 57 83
0.19893 50 73
0.19893 38 65
0.74122 0 0
0.92239 62 84
0.92239 50 75
0.92239 55 75
0.92239 58 84
0.17169 50 74
0.17169 38 66
0.75149 0 0
0.87541 62 84
0.87816 50 75
0.87816 53 75
0.87816 57 84
0.19430 50 74
0.19430 38 66
0.72944 0 0
0.91020 60 81
0.91020 48 72
0.91020 52 72
0.91020 57 81
0.17100 48 71
0.17100 36 63
0.77805 0 0
0.92608 59 85
0.92608 56 85
0.92608 47 76
0.04026 0 0
0.90651 52 76
0.90651 56 85
0.90651 64 85
0.03941 0 0
0.92678 60 82
0.92678 48 73
0.20800 57 73
0.20800 45 65
0.79042 0 0
0.95682 47 40
0.95682 44 40
0.95682 35 40
0.04160 0 0
0.92982 52 37
0.92982 44 37
0.92982 40 37
0.04043 0 0
0.93436 48 37
0.93436 36 37
0.18192 45 37
0.18192 33 37
0.78832 0 0
0.91199 46 31
0.91199 34 31
0.17736 43 24
0.17736 31 24
0.76856 0 0
0.91199 46 30
0.91199 34 30
0.17591 43 22
0.17591 31 22
0.76225 0 0
0.90840 46 30
0.90840 34 30
0.17447 43 23
0.17447 31 23
0.75605 0 0
0.88385 46 31
0.88385 34 31
0.16898 43 26
0.16898 31 26
0.73226 0 0
0.10876 35 72
0.10840 47 31
0.11178 35 42
0.10823 47 30
0.10831 35 46
0.11028 47 33
0.10839 35 44
0.10719 47 31
0.10883 35 45
0.10974 47 33
0.10653 35 44
0.10906 47 31
0.10976 35 51
0.10546 47 37
0.10713 35 47
0.10891 47 33
0.10568 32 74
0.10590 44 37
0.10852 32 47
0.10741 44 37
0.10697 32 52
0.11052 44 39
0.10916 32 49
0.10683 44 38
0.10816 32 55
0.10997 44 39
0.10801 32 51
0.10763 44 39
0.10899 32 66
0.11030 44 52
0.11181 32 57
0.12837 44 46
0.44537 59 79
0.44537 47 79
0.17033 56 69
0.17033 44 69
0.28388 0 0
0.44887 59 79
0.44887 47 79
0.17377 52 69
0.17377 64 69
0.28962 0 0
0.45921 59 70
0.45921 47 70
0.17622 56 63
0.17622 44 63
0.29370 0 0
0.49108 40 54
0.49108 52 54
0.20735 35 44
0.20735 47 44
0.34559 0 0
3.84968 47 27
3.84968 35 27
0.10520 35 81
0.10520 47 38
0.10520 35 58
0.10520 47 38
0.10520 32 72
0.10520 44 38
0.10520 32 57
0.10520 44 38
0.10330 35 72
0.10330 47 40
0.10330 35 60
0.10330 47 41
0.10330 40 72
0.10330 52 45
0.10330 40 61
0.10281 52 45
0.10293 44 77
0.10269 56 49
0.10244 44 66
0.10219 56 51
0.10183 47 79
0.10159 59 53
0.10135 47 72
0.10111 59 55
0.10198 52 88
0.10456 64 57
0.10494 52 74
0.10773 64 57
0.11354 47 73
0.11704 59 48
0.11987 47 58
0.17255 59 47
3.85029 47 28
3.85029 35 28
0.98543 40 20
0.98543 47 20
0.04284 0 0
0.89974 47 17
0.89974 40 17
0.12853 0 0
0.47090 40 20
0.47090 47 20
0.01002 0 0
0.46122 40 16
0.46122 47 16
0.00981 0 0
0.47897 47 19
0.47897 40 19
0.01019 0 0
0.49085 47 15
0.49085 40 15
0.01044 0 0
0.94479 49 23
0.94479 40 23
0.04108 0 0
0.86264 49 15
0.86264 40 15
0.12323 0 0
0.46697 49 20
0.46697 40 20
0.00994 0 0
0.46122 51 15
0.46122 40 15
0.00981 0 0
0.45557 49 19
0.45557 40 19
0.00969 0 0
0.49717 40 15
0.49717 51 15
0.01058 0 0
0.94479 40 23
0.94479 52 23
0.04108 0 0
0.86264 47 17
0.86264 40 17
0.12323 0 0
0.47287 40 23
0.47287 47 23
0.01006 0 0
0.47295 47 18
0.47295 40 18
0.01006 0 0
0.46505 47 24
0.46505 40 24
0.00989 0 0
0.45731 40 18
0.45731 47 18
0.00973 0 0
0.94479 49 25
0.94479 40 25
0.04108 0 0
0.86264 40 19
0.86264 49 19
0.12323 0 0
0.48489 49 36
0.47495 52 33
0.48301 57 37
0.48301 61 39
1.92586 40 30
0.94479 59 26
0.94479 52 26
0.04108 0 0
0.85660 52 17
0.85660 59 17
0.12122 0 0
0.46115 59 22
0.46115 52 22
0.00981 0 0
0.46902 52 18
0.46902 59 18
0.00998 0 0
0.45731 63 20
0.45731 52 20
0.00973 0 0
0.46895 52 18
0.46895 61 18
0.00998 0 0
0.93314 59 24
0.93314 52 24
0.04057 0 0
0.84605 52 15
0.84605 59 15
0.11973 0 0
0.46115 59 22
0.46115 52 22
0.00981 0 0
0.46505 52 17
0.46505 59 17
0.00989 0 0
0.45374 63 20
0.45374 52 20
0.00965 0 0
0.47287 61 18
0.47287 52 18
0.01006 0 0
0.93702 52 24
0.93702 59 29
0.04074 0 0
0.85554 52 15
0.85554 59 15
0.12222 0 0
0.46697 52 25
0.46697 56 25
0.00994 0 0
0.47706 59 23
0.47706 52 23
0.01015 0 0
0.46895 52 25
0.46895 57 25
0.00998 0 0
0.49936 59 24
0.49936 52 24
0.01062 0 0
0.93702 61 25
0.93702 52 25
0.04074 0 0
0.23950 52 15
0.23950 61 15
0.71851 0 0
0.90694 72 22
0.90694 64 22
0.03943 0 0
0.42360 72 9
0.42360 64 8
0.50062 0 0
0.90694 59 25
0.90694 52 25
0.03943 0 0
0.44262 59 11
0.44262 52 9
0.52310 0 0
0.93314 64 22
0.93314 71 22
0.04057 0 0
0.44628 71 11
0.44628 64 11
0.52743 0 0
0.91032 45 64
0.91032 33 58
0.03958 0 0
0.44459 45 44
0.44459 33 39
0.52542 0 0
0.45916 57 39
0.45916 66 39
0.45916 64 39
0.00977 0 0
0.45009 68 34
0.45009 59 34
0.45009 64 34
0.00958 0 0
0.44981 61 37
0.44981 64 37
0.00957 0 0
0.48069 68 36
0.48069 59 36
0.48069 64 36
0.01023 0 0
0.92177 59 36
0.92177 66 36
0.92177 69 36
0.04008 0 0
0.44085 66 17
0.44085 69 17
0.44085 59 17
0.53046 0 0
0.90651 59 27
0.90651 52 27
0.03941 0 0
0.43355 59 16
0.43355 52 23
0.53065 0 0
0.91408 45 64
0.91408 33 58
0.03974 0 0
0.42862 33 42
0.42862 45 48
0.50655 0 0
0.45784 57 39
0.45784 66 39
0.45784 64 39
0.00974 0 0
0.46115 64 36
0.46115 68 36
0.46115 59 36
0.00981 0 0
0.45168 64 39
0.45168 61 39
0.00961 0 0
0.48267 64 36
0.48267 59 36
0.48267 68 36
0.01027 0 0
0.93314 66 36
0.93314 59 36
0.93314 69 36
0.04057 0 0
0.44628 59 17
0.44628 69 17
0.44628 66 17
0.52743 0 0
0.91032 40 86
0.03958 0 0
0.44459 40 70
0.52542 0 0
0.46621 47 22
0.46621 40 22
0.00989 0 0
0.45916 40 17
0.45916 47 17
0.00977 0 0
0.45745 47 20
0.45745 40 20
0.00973 0 0
0.49507 47 16
0.49507 40 16
0.01053 0 0
0.88571 40 16
0.88571 48 16
0.03851 0 0
0.23757 48 8
0.23757 40 8
0.71270 0 0
0.89620 51 23
0.89620 40 23
0.03897 0 0
0.24444 51 9
0.24444 40 9
0.73332 0 0
0.91787 52 86
0.91787 40 86
0.03991 0 0
0.44839 40 59
0.44839 52 66
0.52992 0 0
0.46697 47 25
0.46697 40 25
0.00994 0 0
0.46115 40 18
0.46115 47 18
0.00981 0 0
0.45539 40 25
0.45539 47 25
0.00969 0 0
0.49507 47 17
0.49507 40 17
0.01053 0 0
0.87016 40 24
0.87016 45 24
0.03783 0 0
0.23406 49 16
0.23406 40 12
0.70219 0 0
0.87016 40 25
0.87016 47 25
0.03783 0 0
0.23108 40 14
0.23108 51 18
0.69146 0 0
0.85091 40 25
0.85091 52 25
0.03700 0 0
0.22035 40 4
0.22035 52 12
0.66103 0 0
0.85091 48 25
0.85091 45 25
0.03700 0 0
0.21794 45 12
0.21794 48 12
0.65383 0 0
0.86046 48 25
0.03741 0 0
0.22116 48 14
0.66347 0 0
0.86046 50 25
0.86046 38 25
0.03741 0 0
0.22447 50 15
0.22447 38 15
0.67340 0 0
0.89725 40 24
0.93626 45 24
0.24256 40 12
0.97025 52 39
0.93436 51 37
0.23872 52 35
2.62593 0 0
0.93359 40 19
0.97418 47 33
0.43765 40 9
0.95488 52 39
0.93816 51 37
0.24355 52 35
2.67901 0 0
0.11492 41 22
0.11476 48 14
0.11446 41 17
0.11415 48 15
0.11400 41 18
0.11355 48 14
0.11340 41 18
0.11310 48 13
0.11177 41 20
0.11177 48 12
0.11163 41 18
0.11134 48 13
0.11134 41 19
0.11105 48 12
0.11091 41 16
0.11091 48 12
0.11048 41 24
0.11048 48 14
0.11048 41 18
0.11048 48 15
0.11048 41 20
0.11048 48 16
0.11048 41 19
0.11048 48 15
0.11048 41 21
0.11048 48 14
0.11048 41 20
0.11048 48 15
0.11062 41 20
0.11105 48 14
0.11149 41 18
0.11312 48 13
0.10963 41 27
0.10963 48 17
0.10963 41 22
0.10963 48 20
0.10963 41 27
0.10963 48 20
0.10963 41 27
0.10963 48 20
0.10963 41 31
0.10963 48 19
0.10963 41 29
0.10963 48 21
0.10963 41 33
0.11020 48 22
0.11076 41 29
0.11149 48 21
0.10936 41 37
0.10922 48 28
0.10894 41 31
0.10880 48 31
0.10853 41 35
0.10839 48 30
0.10811 41 36
0.10798 48 31
0.10757 41 42
0.10757 48 30
0.10757 41 42
0.10757 48 33
0.10757 41 42
0.10757 48 32
0.10757 41 41
0.10751 48 31
0.10717 41 54
0.10717 48 39
0.10737 41 45
0.10757 48 40
0.10757 41 52
0.10791 48 38
0.10798 41 52
0.10804 48 42
0.10839 41 57
0.10832 48 41
0.10798 41 54
0.10791 48 45
0.10757 41 60
0.10751 48 43
0.10717 41 57
0.10711 48 42
0.10677 41 62
0.10677 48 48
0.10677 41 57
0.10677 48 53
0.10677 41 63
0.10677 48 49
0.10677 41 63
0.10677 48 50
0.10677 41 68
0.10677 48 48
0.10677 41 65
0.10677 48 49
0.10677 41 69
0.10677 48 51
0.10677 41 65
0.10677 48 48
0.87706 53 84
0.87706 41 75
0.87706 45 75
0.87706 50 84
0.19077 57 77
0.19077 45 69
0.72491 0 0
0.87374 52 84
0.87374 40 75
0.87374 45 75
0.87374 49 84
0.18851 57 77
0.18851 45 69
0.71633 0 0
0.87374 50 84
0.87374 38 75
0.87374 41 75
0.87374 45 84
0.18776 57 77
0.18776 45 69
0.71348 0 0
0.87212 52 84
0.87212 40 75
0.87212 45 75
0.87212 49 84
0.18776 57 77
0.18776 45 69
0.26286 0 0
0.22531 57 85
0.22531 69 85
0.11266 0 0
0.05633 55 73
0.05633 67 73
0.05633 0 0
0.16445 53 87
0.16445 65 87
0.16445 0 0
0.05482 52 72
0.05482 64 72
0.05482 0 0
0.16445 62 78
0.16445 50 78
0.16445 0 0
0.05477 61 72
0.05477 49 72
0.05461 0 0
0.16451 62 78
0.16451 50 78
0.16642 0 0
0.05598 60 70
0.05598 48 70
0.05620 0 0
0.16994 58 79
0.16994 46 79
0.17205 0 0
0.05937 57 75
0.05937 45 75
0.05779 0 0
0.16383 55 73
0.16383 43 73
0.16383 0 0
0.05461 53 69
0.05461 41 69
0.05461 0 0
0.16383 52 74
0.16383 40 74
0.16383 0 0
0.05461 50 68
0.05461 38 68
0.05461 0 0
0.16383 49 80
0.16383 37 80
0.16383 0 0
0.05461 46 74
0.05461 34 74
0.05461 0 0
0.16383 45 84
0.16383 33 84
0.17092 0 0
0.05816 43 73
0.05816 31 73
0.05709 0 0
0.30893 41 84
0.30893 29 84
0.03862 0 0
0.05461 55 69
0.05461 67 69
0.05461 0 0
0.16383 53 76
0.16383 65 76
0.16383 0 0
0.05461 52 66
0.05461 64 66
0.05461 0 0
0.16516 62 77
0.16516 50 77
0.16586 0 0
0.05545 60 65
0.05545 48 65
0.05560 0 0
0.16723 58 76
0.16723 46 76
0.16796 0 0
0.05618 57 67
0.05618 45 67
0.05633 0 0
0.16493 55 74
0.16493 43 74
0.16320 0 0
0.05440 53 67
0.05440 41 67
0.05440 0 0
0.16320 52 73
0.16320 40 73
0.16320 0 0
0.05440 50 67
0.05440 38 67
0.05482 0 0
0.16551 49 78
0.16551 37 78
0.16694 0 0
0.05596 46 72
0.05596 34 72
0.05611 0 0
0.16906 45 81
0.16906 33 81
0.17055 0 0
0.05723 31 70
0.05723 43 70
0.05166 0 0
0.31272 41 84
0.31272 29 84
0.03909 0 0
0.05482 55 71
0.05482 67 71
0.05482 0 0
0.16445 53 78
0.16445 65 78
0.16445 0 0
0.05477 52 71
0.05477 64 71
0.05461 0 0
0.16387 65 77
0.16387 53 77
0.16445 0 0
0.05486 64 69
0.05486 52 69
0.05503 0 0
0.16513 62 76
0.16513 50 76
0.16572 0 0
0.05529 60 69
0.05529 48 69
0.05664 0 0
0.16383 58 78
0.16383 46 78
0.16383 0 0
0.05461 57 66
0.05461 45 66
0.05461 0 0
0.16383 55 72
0.16383 43 72
0.16383 0 0
0.05461 53 68
0.05461 41 68
0.05461 0 0
0.16387 52 74
0.16387 40 74
0.16445 0 0
0.05486 50 69
0.05486 38 69
0.05503 0 0
0.16513 48 79
0.16513 36 79
0.16572 0 0
0.05543 46 71
0.05543 34 71
0.05633 0 0
0.30893 45 85
0.30893 33 85
0.03862 0 0
0.05461 70 73
0.05461 58 73
0.05461 0 0
0.16383 69 80
0.16383 57 80
0.16383 0 0
0.05461 67 71
0.05461 55 71
0.05461 0 0
0.16643 53 76
0.16643 65 76
0.16716 0 0
0.05589 52 72
0.05589 64 72
0.05589 0 0
0.16840 62 82
0.16840 50 82
0.16913 0 0
0.05655 60 69
0.05655 48 69
0.05670 0 0
0.16493 58 85
0.16493 46 85
0.16320 0 0
0.05440 57 69
0.05440 45 69
0.05440 0 0
0.16320 55 80
0.16320 43 80
0.16320 0 0
0.05440 53 70
0.05440 41 70
0.05482 0 0
0.16587 52 83
0.16587 40 83
0.16774 0 0
0.05633 50 73
0.05633 38 73
0.05648 0 0
0.17237 48 84
0.17237 36 84
0.17975 0 0
0.06114 46 84
0.06114 34 84
0.06114 0 0
0.87706 45 87
0.87706 33 78
0.87706 36 78
0.87706 41 87
0.10963 45 52
0.10963 53 58
0.10963 57 58
0.10963 48 52
0.82868 0 0
0.87721 29 60
0.87721 33 60
0.87721 36 67
0.87721 41 67
0.10978 41 52
0.10978 45 52
0.10978 48 58
0.10978 53 58
0.84995 0 0
0.29924 45 78
0.29924 33 70
0.03741 0 0
0.07481 49 70
0.07481 37 63
0.03741 0 0
0.29705 49 78
0.29705 37 70
0.03697 0 0
0.07365 52 70
0.07365 40 63
0.03669 0 0
0.29434 52 78
0.29434 40 70
0.03711 0 0
0.07423 57 70
0.07423 45 63
0.03726 0 0
0.08689 57 78
0.08689 45 70
0.14481 0 0
0.09017 57 71
0.09017 45 63
0.15029 0 0
0.30161 57 50
0.03770 0 0
0.07540 61 40
0.03770 0 0
0.29691 61 49
0.03711 0 0
0.07423 64 38
0.03711 0 0
0.29809 64 48
0.03770 0 0
0.07540 69 38
0.03770 0 0
0.08483 69 45
0.14138 0 0
0.08619 69 38
0.14364 0 0
0.30644 69 44
0.30644 65 44
0.03831 0 0
0.07661 69 33
0.07661 65 33
0.03831 0 0
0.30644 69 42
0.30644 65 42
0.03831 0 0
0.07661 69 33
0.07661 65 33
0.03831 0 0
0.30041 69 42
0.30041 65 42
0.03755 0 0
0.07510 69 34
0.07510 65 34
0.03755 0 0
0.08689 69 40
0.08689 65 40
0.14481 0 0
0.09132 69 36
0.09132 65 36
0.15220 0 0
0.90124 53 31
0.90124 41 31
0.18776 57 37
0.18776 45 37
0.71709 0 0
0.89074 55 34
0.89074 48 34
0.18557 60 37
0.73421 0 0
0.90124 55 31
0.90124 43 31
0.18776 58 37
0.18776 46 37
0.71348 0 0
0.89468 57 37
0.89468 50 37
0.18557 62 37
0.73094 0 0
0.90124 50 40
0.90124 43 40
0.18629 52 37
0.18629 48 37
0.73102 0 0
0.90124 48 41
0.90124 41 41
0.18629 50 37
0.18629 46 37
0.72427 0 0
0.33796 50 49
0.33796 46 49
0.11266 52 49
0.11266 49 49
0.11266 46 49
0.33796 52 53
0.33796 49 53
0.33796 46 53
0.11048 53 52
0.11048 50 52
0.11048 46 52
0.33144 53 60
0.33144 50 60
0.33144 46 60
0.11222 55 59
0.11222 52 59
0.11222 46 59
0.33665 55 64
0.33665 52 64
0.33665 46 64
0.11222 56 60
0.11222 53 60
0.11222 47 60
0.33665 56 68
0.33665 53 68
0.33665 47 68
0.11091 48 63
0.11091 36 63
0.33272 48 67
0.33272 36 67
0.11492 50 64
0.11492 38 64
0.34475 50 69
0.34475 38 69
0.11727 43 65
0.11727 31 58
0.35181 43 72
0.35181 31 64
0.12125 48 68
0.12125 36 61
0.47842 48 77
0.47842 36 69
0.51843 0 0
0.34615 60 92
0.34615 48 92
0.08153 56 81
0.08153 44 81
0.04076 0 0
0.09211 56 85
0.09211 44 85
0.15351 0 0
0.09211 53 80
0.09211 41 80
0.16196 0 0
0.45894 48 77
0.45894 36 77
0.51356 0 0
0.34615 60 92
0.34615 48 92
0.08222 56 81
0.08222 44 81
0.04111 0 0
0.09844 56 85
0.09844 44 85
0.16407 0 0
0.09844 53 80
0.09844 41 80
0.17518 0 0
0.45997 48 70
0.45997 36 70
1.42440 0 0
1.88280 58 36
1.88280 64 36
1.88280 67 45
1.86747 57 36
1.86747 60 36
1.86747 65 45
1.88480 58 32
1.88480 55 32
1.88480 64 40
0.87816 53 28
0.87816 57 28
0.87816 65 35
0.03898 0 0
0.87787 60 34
0.87787 57 27
0.87787 53 27
0.49602 0 0
0.42051 60 28
0.42051 57 22
0.42051 53 22
0.03898 0 0
0.41764 60 28
0.41764 57 22
0.41764 53 22
0.03791 0 0
0.43695 60 26
0.43695 57 20
0.43695 53 20
0.04220 0 0
0.87851 53 24
0.87851 58 24
0.87851 62 31
0.03962 0 0
0.88771 62 30
0.88771 58 24
0.88771 53 24
0.49822 0 0
0.42212 53 19
0.42212 64 24
0.42212 60 19
0.42212 58 19
0.03979 0 0
0.42324 53 19
0.42324 62 24
0.42324 60 19
0.42324 58 19
0.03898 0 0
0.44142 53 19
0.44142 64 24
0.44142 60 19
0.44142 58 19
0.04258 0 0
0.87816 53 29
0.87816 60 29
0.87816 65 37
0.87816 57 29
0.03898 0 0
0.87787 60 29
0.87787 56 23
0.87787 53 23
0.49602 0 0
0.42051 60 28
0.42051 56 22
0.42051 53 22
0.03898 0 0
0.41764 60 28
0.41764 56 22
0.41764 53 22
0.03791 0 0
0.42579 60 26
0.42579 56 20
0.42579 53 20
0.04094 0 0
0.87851 53 24
0.87851 65 31
0.87851 61 24
0.87851 56 24
0.03962 0 0
0.88771 65 30
0.88771 61 24
0.88771 56 24
0.49822 0 0
0.42212 56 17
0.42212 67 22
0.42212 63 17
0.42212 61 17
0.03979 0 0
0.42324 56 19
0.42324 65 24
0.42324 63 19
0.42324 61 19
0.03898 0 0
0.43073 56 17
0.43073 67 22
0.43073 63 17
0.43073 61 17
0.03962 0 0
1.83759 68 26
1.83759 56 20
1.83759 60 20
1.83759 63 20
1.84937 65 22
1.84937 57 17
1.84937 60 17
1.84937 63 17
1.84426 65 26
1.84426 61 20
1.84426 58 20
1.84937 67 22
1.84937 59 17
1.84937 62 17
1.84937 65 17
0.91845 67 25
0.91845 64 20
0.91845 60 20
0.92404 61 22
0.91345 60 32
1.83749 70 28
1.83749 67 22
0.92310 68 27
0.92310 65 21
0.92310 60 21
0.91669 60 22
0.91669 64 22
0.91669 67 28
0.92684 49 17
0.91345 48 22
1.84029 58 22
1.84029 55 17
0.92635 56 25
0.92635 53 20
0.92635 48 20
1.85500 55 28
1.85500 52 22
1.85500 48 22
1.90952 64 28
1.90952 62 22
1.90952 59 22
1.94220 64 26
1.94220 62 20
1.94220 57 20
2.17283 64 22
2.17283 62 17
2.17283 56 17
1.01738 52 33
1.00849 59 30
0.98668 58 36
0.20544 59 34
0.76936 0 0
1.01738 40 31
1.00849 47 33
0.98668 46 38
0.20544 47 35
2.75290 0 0
1.00259 57 42
0.99842 64 42
0.97025 63 44
0.20544 64 38
0.28762 0 0
0.39713 60 39
0.14922 59 39
0.96634 57 38
1.00259 52 52
0.98248 48 47
0.18992 45 39
0.82299 0 0
1.00259 45 42
0.97025 38 49
0.92678 37 52
0.20887 38 42
0.28731 0 0
0.39359 45 44
0.39359 33 44
0.14745 47 45
0.14745 35 45
0.98611 36 45
0.98611 48 45
1.00259 40 55
1.00259 52 55
0.98248 36 45
0.98248 48 45
0.21291 33 41
0.21291 45 50
4.24720 0 0
0.93531 45 46
0.46631 50 41
0.48632 52 44
0.47889 53 42
0.91841 52 45
0.12177 45 41
0.36532 0 0
0.46908 55 51
0.89787 53 46
0.12326 45 43
0.36979 0 0
0.46718 53 40
0.89787 52 45
0.12079 45 43
0.36238 0 0
0.89599 45 56
0.89599 33 56
0.45572 50 52
0.45572 38 52
0.46526 40 56
0.46526 52 56
0.47296 53 52
0.47296 41 52
0.89445 52 56
0.89445 40 56
0.11680 45 53
0.11680 33 53
0.35039 0 0
0.90309 52 62
0.90309 40 62
0.44893 55 68
0.44893 43 68
0.45966 57 74
0.45966 45 74
0.47103 47 72
0.47103 59 72
0.83599 59 85
0.83599 47 85
0.07600 0 0
0.85650 47 70
0.85650 59 70
0.07786 0 0
0.91568 43 58
0.91568 55 58
0.20295 40 47
0.20295 52 47
0.77123 0 0
0.88939 47 32
0.88939 35 32
0.08085 0 0
0.87177 35 30
0.87177 47 30
0.07925 0 0
0.92308 43 29
0.92308 31 29
0.20132 40 28
0.20132 28 28
0.76502 0 0
0.98960 40 30
0.12779 41 30
0.12620 40 26
0.12777 41 30
0.12806 40 24
0.12823 41 30
0.12612 40 25
0.12814 41 30
0.12487 40 31
0.12461 41 28
0.12467 40 31
0.12471 41 31
0.12492 40 34
0.12329 41 30
0.12644 40 34
0.12713 41 29
0.12819 40 34
0.12845 41 28
0.12705 40 34
0.12790 41 29
0.12691 40 34
0.12755 41 29
0.12977 40 34
0.12760 41 30
0.12334 40 39
0.12520 41 33
0.12343 40 39
0.12557 41 33
0.12380 40 39
0.12381 41 33
0.12616 40 40
0.12586 41 35
0.12873 40 40
0.13043 41 35
0.12767 40 41
0.13102 41 34
0.12820 40 41
0.13206 41 36
0.13102 40 42
0.12891 41 37
0.12703 40 47
0.12902 41 39
0.12706 40 47
0.12882 41 39
0.12623 40 48
0.13083 41 40
0.13526 40 48
0.13552 41 42
0.13552 40 49
0.13603 41 43
0.13655 40 54
0.13707 41 48
0.13852 40 62
0.14166 41 63
0.15424 40 71
0.19342 44 79
1.01104 33 78
1.01104 45 78
0.99842 52 77
0.99842 40 77
0.95778 39 75
0.95778 51 75
0.25065 40 71
0.25065 52 71
0.25065 0 0
0.31148 45 37
0.31148 33 37
0.03893 0 0
0.09495 47 35
0.09495 35 35
0.01899 0 0
0.31041 48 39
0.31041 36 39
0.03880 0 0
0.09415 38 36
0.09415 50 36
0.01883 0 0
0.30907 40 41
0.30907 52 41
0.03863 0 0
0.09377 41 38
0.09377 53 38
0.01875 0 0
0.30907 52 45
0.30907 40 45
0.03863 0 0
0.09415 53 39
0.09415 41 39
0.01883 0 0
0.30776 55 44
0.30776 43 44
0.03847 0 0
0.09299 57 40
0.09299 45 40
0.01860 0 0
0.30642 43 46
0.30642 55 46
0.03830 0 0
0.09299 53 44
0.09299 41 44
0.01860 0 0
0.30513 40 46
0.30513 52 46
0.03814 0 0
0.09261 38 44
0.09261 50 44
0.01852 0 0
0.30513 48 50
0.30513 36 50
0.03814 0 0
0.09261 47 46
0.09261 35 46
0.01852 0 0
0.13026 36 51
0.13026 48 51
0.39079 0 0
1.02389 45 85
0.98668 38 74
0.98668 45 74
0.94989 37 71
0.25707 38 71
1.20696 45 71
0.25707 0 0
0.31136 50 44
0.31136 38 44
0.03892 0 0
0.09373 40 37
0.09373 52 37
0.01875 0 0
0.30898 41 42
0.30898 53 42
0.03862 0 0
0.09373 43 40
0.09373 55 40
0.01875 0 0
0.30898 57 43
0.30898 45 43
0.03862 0 0
0.09373 58 42
0.09373 46 42
0.01875 0 0
0.30635 45 45
0.30635 57 45
0.03829 0 0
0.09257 58 39
0.09257 46 39
0.01851 0 0
0.30502 60 44
0.30502 48 44
0.03813 0 0
0.09257 50 40
0.09257 62 40
0.01851 0 0
0.30246 60 46
0.30246 48 46
0.03781 0 0
0.09143 58 44
0.09143 46 44
0.01829 0 0
0.29869 57 46
0.29869 45 46
0.03734 0 0
0.09106 43 44
0.09106 55 44
0.01821 0 0
0.29869 41 50
0.29869 53 50
0.03734 0 0
0.09143 40 46
0.09143 52 46
0.01829 0 0
0.12610 53 51
0.12610 41 51
0.37831 0 0
0.96634 58 99
0.96634 50 89
0.96634 55 89
0.96634 62 99
0.18799 38 72
0.18799 50 81
0.81460 0 0
0.96634 62 100
0.96634 50 90
0.96634 53 90
0.96634 57 100
0.18339 50 81
0.18339 38 72
0.78882 0 0
0.94180 62 86
0.94180 50 77
0.94180 55 77
0.94180 58 86
0.18343 38 61
0.18343 50 68
0.77290 0 0
0.88487 62 81
0.89419 50 72
0.89419 53 72
0.89419 57 81
0.17832 38 65
0.17832 50 73
0.78425 0 0
0.88487 62 81
0.89419 50 72
0.89419 55 72
0.89419 58 81
0.17832 50 73
0.17832 38 65
0.76712 0 0
0.88487 62 82
0.89419 50 73
0.89419 57 82
0.89419 53 73
0.17736 50 72
0.17736 38 64
0.76468 0 0
0.45009 67 88
0.90159 55 79
0.90159 62 88
0.90159 58 79
0.17447 55 73
0.17447 43 65
0.76204 0 0
0.43107 67 83
0.88048 60 74
0.88048 55 74
0.88048 63 83
0.17590 43 65
0.17590 55 73
0.75102 0 0
0.42940 67 82
0.87706 58 73
0.87706 55 73
0.87706 62 82
0.17519 55 72
0.17519 43 64
0.74983 0 0
0.91208 65 82
0.91208 53 73
0.91208 62 82
0.91208 57 73
0.16966 41 66
0.16966 53 74
0.77582 0 0
0.92608 64 85
0.92608 61 85
0.92608 52 76
0.04026 0 0
0.90069 57 75
0.90069 69 84
0.90069 61 75
0.03916 0 0
0.92678 53 73
0.92678 65 82
0.20556 50 65
0.20556 62 73
0.78112 0 0
0.94557 52 44
0.94557 49 44
0.94557 40 44
0.04111 0 0
0.92982 49 40
0.92982 45 40
0.92982 57 40
0.04043 0 0
0.93436 41 40
0.93436 53 40
0.20213 38 40
0.20213 50 40
0.76811 0 0
0.91199 39 34
0.91199 51 34
0.19789 48 26
0.19789 36 26
0.75200 0 0
0.90840 51 33
0.90840 39 33
0.19707 36 24
0.19707 48 24
0.74886 0 0
0.89419 60 33
1.06938 54 33
0.19466 63 24
0.73970 0 0
0.89419 60 33
1.06938 53 33
0.19466 63 24
0.73970 0 0
0.89419 61 33
1.06938 52 33
0.19466 64 24
0.73970 0 0
0.89419 62 33
1.06938 52 33
0.19466 64 24
0.73970 0 0
0.28411 52 20
0.28411 45 20
0.04059 0 0
0.28676 45 16
0.28676 52 16
0.04147 0 0
0.29029 45 16
0.29029 52 16
0.04147 0 0
0.85967 52 16
0.85967 45 16
0.12281 0 0
0.47090 52 20
0.47090 45 20
0.01002 0 0
0.46122 45 16
0.46122 52 16
0.00981 0 0
0.47706 52 19
0.47706 45 19
0.01015 0 0
0.49085 45 15
0.49085 52 15
0.01044 0 0
0.27252 54 23
0.27252 45 23
0.03893 0 0
0.27854 45 19
0.27854 54 19
0.04094 0 0
0.28656 54 17
0.28656 45 17
0.04094 0 0
0.85967 54 15
0.85967 45 15
0.12281 0 0
0.47490 45 20
0.47490 54 20
0.01010 0 0
0.47280 45 15
0.47280 56 15
0.01006 0 0
0.46115 54 19
0.46115 45 19
0.00981 0 0
0.49717 56 15
0.49717 45 15
0.01058 0 0
0.27031 45 23
0.27031 57 23
0.03862 0 0
0.27675 57 18
0.27675 45 18
0.04076 0 0
0.28534 57 17
0.28534 45 17
0.04076 0 0
0.85967 45 15
0.85967 52 15
0.12281 0 0
0.47287 52 23
0.47287 45 23
0.01006 0 0
0.47295 45 18
0.47295 52 18
0.01006 0 0
0.46505 45 26
0.46505 52 26
0.00989 0 0
0.45731 52 22
0.45731 45 22
0.00973 0 0
0.26495 45 31
0.26495 54 31
0.03785 0 0
0.26916 54 23
0.26916 45 23
0.03925 0 0
0.27477 54 22
0.27477 45 22
0.03925 0 0
0.85967 45 17
0.85967 54 17
0.12281 0 0
0.48489 54 56
0.47495 57 53
0.48301 62 56
0.49142 66 58
1.93427 45 56
0.26286 64 26
0.26286 57 26
0.03755 0 0
0.27044 57 22
0.27044 64 22
0.04008 0 0
0.28054 57 22
0.28054 64 22
0.04008 0 0
0.85491 64 17
0.85491 57 17
0.12122 0 0
0.46311 64 24
0.46311 57 24
0.00985 0 0
0.46891 57 19
0.46891 64 19
0.00998 0 0
0.47287 68 22
0.47287 57 22
0.01006 0 0
0.47897 66 19
0.47897 57 19
0.01019 0 0
0.26184 64 24
0.26184 57 24
0.03741 0 0
0.26454 64 19
0.26454 57 19
0.03831 0 0
0.26814 64 19
0.26814 57 19
0.03831 0 0
0.84420 64 15
0.84420 57 15
0.11973 0 0
0.46115 57 24
0.46115 64 24
0.00981 0 0
0.46697 57 18
0.46697 64 18
0.00994 0 0
0.47287 57 22
0.47287 68 22
0.01006 0 0
0.47691 66 19
0.47691 57 19
0.01015 0 0
0.26080 57 29
0.26080 64 29
0.03726 0 0
0.26395 64 26
0.26395 57 26
0.03831 0 0
0.26814 64 22
0.26814 57 22
0.03831 0 0
0.85234 57 15
0.85234 64 15
0.12176 0 0
0.46697 61 25
0.46697 57 25
0.00994 0 0
0.47706 57 23
0.47706 64 23
0.01015 0 0
0.46895 57 25
0.46895 62 25
0.00998 0 0
0.48727 64 24
0.48727 57 24
0.01037 0 0
0.26286 57 25
0.26286 66 25
0.03755 0 0
0.26559 66 20
0.26559 57 20
0.03846 0 0
0.26923 66 20
0.26923 57 20
0.03846 0 0
0.23950 57 15
0.23950 66 15
0.71851 0 0
0.26286 77 22
0.26286 69 22
0.03755 0 0
0.26286 69 19
0.26286 77 19
0.03755 0 0
0.26286 77 19
0.26286 69 19
0.03755 0 0
0.42360 77 9
0.42360 69 8
0.50062 0 0
0.27252 57 25
0.27252 64 25
0.03893 0 0
0.27397 57 20
0.27397 64 20
0.03941 0 0
0.27589 57 22
0.27589 64 22
0.03941 0 0
0.44262 64 13
0.44262 57 12
0.52310 0 0
0.26184 69 22
0.26184 76 22
0.03741 0 0
0.26184 76 19
0.26184 69 19
0.03741 0 0
0.26184 69 20
0.26184 76 20
0.03741 0 0
0.44459 76 13
0.44459 69 13
0.52542 0 0
0.26495 50 59
0.26495 38 59
0.03785 0 0
0.26725 38 53
0.26725 50 53
0.03862 0 0
0.27031 50 49
0.27031 38 49
0.03862 0 0
0.44459 50 34
0.44459 38 34
0.52542 0 0
0.46505 62 39
0.46505 71 39
0.46505 69 39
0.00989 0 0
0.45931 64 34
0.45931 73 34
0.45931 69 34
0.00977 0 0
0.45557 66 37
0.45557 69 37
0.00969 0 0
0.48069 69 36
0.48069 73 36
0.48069 64 36
0.01023 0 0
0.26080 74 36
0.26080 71 36
0.26080 64 36
0.03726 0 0
0.26349 74 34
0.26349 71 34
0.26349 64 34
0.03815 0 0
0.26707 74 29
0.26707 71 29
0.26707 64 29
0.03815 0 0
0.44085 64 15
0.44085 71 15
0.44085 74 15
0.53046 0 0
0.26814 57 27
0.26814 64 27
0.03831 0 0
0.27002 57 24
0.27002 64 24
0.03893 0 0
0.27252 57 24
0.27252 64 24
0.03893 0 0
0.43355 64 16
0.43355 57 23
0.53065 0 0
0.26184 38 63
0.26184 50 63
0.03741 0 0
0.26184 50 55
0.26184 38 55
0.03741 0 0
0.26184 50 51
0.26184 38 51
0.03741 0 0
0.42862 50 35
0.42862 38 35
0.50655 0 0
0.46311 69 39
0.46311 71 39
0.46311 62 39
0.00985 0 0
0.46115 64 36
0.46115 69 36
0.46115 73 36
0.00981 0 0
0.45168 69 39
0.45168 66 39
0.00961 0 0
0.48267 73 36
0.48267 69 36
0.48267 64 36
0.01027 0 0
0.26391 64 36
0.26391 74 36
0.26391 71 36
0.03770 0 0
0.26391 74 33
0.26391 71 33
0.26391 64 33
0.03770 0 0
0.26391 64 33
0.26391 74 33
0.26391 71 33
0.03770 0 0
0.44459 71 17
0.44459 74 17
0.44459 64 17
0.52542 0 0
0.25484 33 74
0.25484 45 83
0.03641 0 0
0.26436 33 66
0.26436 45 73
0.03958 0 0
0.27705 33 59
0.27705 45 67
0.03958 0 0
0.44459 45 57
0.44459 33 50
0.52542 0 0
0.46555 45 22
0.46555 52 22
0.00989 0 0
0.46122 45 17
0.46122 52 17
0.00981 0 0
0.45539 45 20
0.45539 52 20
0.00969 0 0
0.49507 52 16
0.49507 45 16
0.01053 0 0
0.88571 53 16
0.88571 45 16
0.03851 0 0
0.23757 53 8
0.23757 45 8
0.71270 0 0
0.89620 45 23
0.89620 56 23
0.03897 0 0
0.24444 45 9
0.24444 56 9
0.73332 0 0
0.25878 33 73
0.25878 45 82
0.03697 0 0
0.26514 33 68
0.26514 45 75
0.03909 0 0
0.27363 33 66
0.27363 45 73
0.03909 0 0
0.44647 33 51
0.44647 45 58
0.52764 0 0
0.46697 45 25
0.46697 52 25
0.00994 0 0
0.46115 52 18
0.46115 45 18
0.00981 0 0
0.45539 45 27
0.45539 52 27
0.00969 0 0
0.49507 52 22
0.49507 45 22
0.01053 0 0
0.87016 45 28
0.87016 50 28
0.03783 0 0
0.35110 54 16
0.35110 45 12
0.58516 0 0
0.87016 52 25
0.87016 45 25
0.03783 0 0
0.34632 56 18
0.34632 45 14
0.57621 0 0
0.85091 57 25
0.85091 45 25
0.03700 0 0
0.33052 57 12
0.33052 45 4
0.55086 0 0
0.85091 50 25
0.85091 53 25
0.03700 0 0
0.32692 53 12
0.32692 50 12
0.54486 0 0
0.89725 40 24
0.93626 48 24
0.36384 40 14
0.97025 52 29
0.94989 51 34
0.35808 52 33
2.50657 0 0
0.93359 40 19
0.97418 47 33
0.43765 40 16
0.95488 52 35
0.94989 51 35
0.36532 52 34
2.45502 0 0
2.30769 45 22
2.30769 54 22
2.30769 51 22
1.38461 0 0
2.30769 51 20
2.30769 54 20
2.30769 45 20
1.38461 0 0
0.89787 51 31
0.89787 39 31
0.17519 36 24
0.17519 48 24
0.75917 0 0
0.89419 51 30
0.89419 39 30
0.17519 48 22
0.17519 36 22
0.75917 0 0
0.44024 39 30
0.44024 51 30
0.16701 36 23
0.16701 48 23
0.27836 0 0
0.43687 39 39
0.43687 51 39
0.16572 48 30
0.16572 36 30
0.27620 0 0
0.43356 39 52
0.43356 51 52
0.16383 48 50
0.16383 36 50
0.27305 0 0
0.43190 51 66
0.43190 39 66
0.16833 36 58
0.16833 48 58
0.28054 0 0
0.10962 40 72
0.10898 52 41
0.11237 40 53
0.10881 52 38
0.10889 40 47
0.11087 52 40
0.10897 40 47
0.10776 52 37
0.10941 40 42
0.11033 52 33
0.10710 40 42
0.10965 52 35
0.11034 40 41
0.10603 52 32
0.10770 40 42
0.10949 52 31
0.10624 37 75
0.10646 49 37
0.10911 37 50
0.10799 49 35
0.10755 37 49
0.11111 49 32
0.10974 37 42
0.10740 49 33
0.10874 37 43
0.11055 49 32
0.10830 37 43
0.10690 49 33
0.10744 37 43
0.10811 49 35
0.11012 37 42
0.12905 49 37
0.43029 52 83
0.43029 64 83
0.16572 61 72
0.16572 49 72
0.27620 0 0
0.43519 64 83
0.43519 52 83
0.16766 57 72
0.16766 69 72
0.27943 0 0
0.45600 64 73
0.45600 52 73
0.17622 61 66
0.17622 49 66
0.29370 0 0
0.49108 45 57
0.49108 57 57
0.20735 40 44
0.20735 52 44
0.34559 0 0
3.84986 40 27
3.84986 52 27
0.10520 40 71
0.10520 52 38
0.10520 40 47
0.10520 52 35
0.10520 37 66
0.10520 49 37
0.10520 37 42
0.10520 49 35
0.10330 40 63
0.10330 52 41
0.10330 40 51
0.10330 52 38
0.10330 45 67
0.10330 57 40
0.10330 45 52
0.10281 57 40
0.10293 49 72
0.10269 61 47
0.10244 49 61
0.10219 61 48
0.10183 52 79
0.10159 64 52
0.10135 52 63
0.10111 64 56
0.10198 57 84
0.10456 69 57
0.10494 57 66
0.10773 69 53
0.11354 52 73
0.11704 64 46
0.11987 52 57
0.17255 64 45
3.84986 40 28
3.84986 52 28
0.89907 33 26
0.89907 45 26
0.89907 40 26
0.03909 0 0
0.36529 45 13
0.36529 40 13
0.36529 33 13
0.60882 0 0
0.87399 64 26
0.87399 71 26
0.87399 57 26
0.03800 0 0
0.36069 64 11
0.36069 71 11
0.36069 57 11
0.60115 0 0
0.90281 45 26
0.90281 33 26
0.90281 40 26
0.03924 0 0
0.36220 40 12
0.36220 45 12
0.36220 33 12
0.60367 0 0
0.88461 64 26
0.88461 71 26
0.88461 57 26
0.03846 0 0
0.35621 57 11
0.35621 71 11
0.35621 64 11
0.59368 0 0
0.89543 45 26
0.89543 40 26
0.89543 33 26
0.03893 0 0
0.36069 33 12
0.36069 45 12
0.36069 40 12
0.60115 0 0
0.86369 64 26
0.86369 71 26
0.86369 57 26
0.03755 0 0
0.35039 57 11
0.35039 71 11
0.35039 64 11
0.58398 0 0
0.86369 64 26
0.86369 71 26
0.86369 57 26
0.03755 0 0
0.35039 71 11
0.35039 57 11
0.35039 64 11
0.58398 0 0
0.86369 71 26
0.86369 64 26
0.86369 57 26
0.03755 0 0
0.35039 71 11
0.35039 64 11
0.35039 57 11
0.58398 0 0
3.84738 49 78
3.84738 61 78
3.84738 57 35
3.84738 45 22
1.04965 33 13
1.04965 40 13
1.04965 45 17
0.04564 0 0
1.13078 33 13
1.13078 45 17
1.13078 40 13
0.04916 0 0
4.57840 40 13
4.57840 33 13
4.57840 45 17
