"schubert_D935_4"

#  Piano right
0.05652 73 40
0.05652 72 51
0.12016 0 0
0.11029 72 45
0.11029 73 39
0.05629 72 46
0.17154 0 0
0.05629 73 40
0.05629 72 49
0.11257 0 0
0.11029 72 44
0.11029 73 36
0.05514 72 42
0.17484 0 0
0.05311 72 40
0.05311 71 52
0.10622 0 0
0.11119 71 47
0.11119 74 40
0.11257 72 45
0.11709 71 36
0.06394 72 46
0.19183 0 0
0.45638 67 39
0.05537 72 46
0.16611 0 0
0.05537 67 39
0.16611 0 0
0.05537 72 46
0.16611 0 0
0.22148 70 46
0.10853 68 39
0.10853 67 39
0.22494 65 43
0.11074 67 46
0.11074 70 38
0.11074 67 46
0.11074 70 40
0.10810 64 46
0.11304 67 40
0.10853 65 46
0.10812 68 37
0.10730 72 42
0.10646 77 47
0.10564 80 52
0.10969 82 57
0.05652 84 65
0.17580 0 0
0.11029 84 54
0.11029 85 46
0.05605 84 55
0.17355 0 0
0.05427 85 48
0.05427 84 64
0.10853 0 0
0.11074 84 52
0.11074 85 43
0.05537 84 50
0.17377 0 0
0.11257 84 61
0.11119 83 48
0.10940 89 56
0.10940 83 48
0.10940 89 54
0.11550 83 43
0.06394 84 55
0.19183 0 0
0.45818 79 46
0.05537 84 57
0.16611 0 0
0.05537 79 46
0.16611 0 0
0.05537 84 55
0.16611 0 0
0.22148 82 55
0.10853 80 46
0.10853 79 46
0.22203 77 51
0.11074 79 55
0.11074 82 45
0.10940 79 55
0.10940 82 48
0.10810 76 55
0.11304 79 48
0.21706 77 55
0.10853 65 68
0.10853 67 69
0.10853 68 71
0.11321 70 73
0.05130 72 74
0.15715 0 0
0.05293 60 68
0.16321 0 0
0.05147 72 75
0.15695 0 0
0.05274 60 60
0.16214 0 0
0.05300 72 74
0.15900 0 0
0.05300 60 60
0.16329 0 0
0.05427 67 59
0.05427 70 59
0.16280 0 0
0.10600 68 46
0.10600 65 46
0.10600 67 46
0.10600 64 46
0.10600 65 46
0.10600 68 46
0.10600 67 46
0.10600 70 46
0.65125 64 52
0.65125 67 52
0.05095 72 74
0.15624 0 0
0.05274 60 68
0.16902 0 0
0.21200 72 75
0.21540 73 77
0.05300 61 62
0.15900 0 0
0.05300 73 74
0.16329 0 0
0.10853 72 52
0.10853 68 52
0.10853 67 46
0.10853 70 46
0.10600 65 44
0.10600 68 44
0.10600 70 42
0.10600 67 42
0.10600 65 40
0.10600 68 40
0.10600 67 38
0.10600 64 38
0.21364 65 49
0.10853 77 74
0.10853 79 75
0.10853 80 78
0.10853 82 80
0.05112 84 81
0.15697 0 0
0.05293 72 74
0.16321 0 0
0.05183 84 82
0.15731 0 0
0.05293 72 66
0.16233 0 0
0.05300 84 81
0.15900 0 0
0.05300 72 66
0.16329 0 0
0.05427 79 64
0.05427 82 64
0.16280 0 0
0.10600 77 50
0.10600 80 50
0.10600 76 50
0.10600 79 50
0.10600 77 50
0.10600 80 50
0.10600 79 50
0.10600 82 50
0.65125 76 57
0.65125 79 57
0.05165 84 81
0.15750 0 0
0.05292 72 74
0.16321 0 0
0.21200 84 82
0.21270 85 84
0.05300 73 68
0.15900 0 0
0.05300 85 81
0.16329 0 0
0.10853 70 52
0.10853 73 52
0.10853 68 46
0.10853 71 46
0.10600 66 44
0.10600 70 44
0.10600 71 42
0.10600 68 42
0.10600 66 40
0.10600 70 40
0.10600 68 38
0.10600 65 38
0.10682 70 46
0.10682 66 46
0.10682 0 0
0.10940 66 38
0.10940 70 38
0.10940 0 0
0.10940 66 38
0.10940 70 38
0.10940 0 0
0.10853 68 50
0.10853 65 42
0.10853 71 50
0.10853 0 0
0.10853 71 51
0.10853 65 43
0.10853 68 51
0.10853 0 0
0.10853 65 47
0.10853 71 56
0.10853 68 56
0.10853 0 0
0.10725 77 50
0.10725 83 59
0.10725 80 59
0.10725 0 0
0.10725 83 64
0.10725 80 64
0.10725 77 54
0.10725 0 0
0.10725 77 59
0.10725 80 70
0.10725 83 70
0.11210 0 0
0.10725 96 74
0.10725 92 62
0.10725 91 56
0.10725 94 66
0.10725 89 61
0.10725 92 73
0.10725 94 64
0.10725 91 55
0.10725 89 61
0.10725 92 73
0.11446 88 55
0.11446 91 64
0.12605 89 73
0.12605 0 0
0.10853 65 68
0.10853 67 69
0.10853 68 71
0.10853 70 73
0.05112 72 74
0.15623 0 0
0.05255 60 68
0.16284 0 0
0.05165 72 75
0.15713 0 0
0.05274 60 60
0.16214 0 0
0.05300 72 74
0.15900 0 0
0.05300 60 60
0.16621 0 0
0.05427 70 59
0.05427 67 59
0.16280 0 0
0.10600 68 46
0.10600 65 46
0.10600 64 46
0.10600 67 46
0.10600 65 46
0.10600 68 46
0.10600 70 46
0.10600 67 46
0.65125 67 52
0.65125 64 52
0.05165 72 74
0.15750 0 0
0.05292 60 68
0.16528 0 0
0.21200 72 75
0.21540 73 77
0.05300 61 62
0.15900 0 0
0.05300 73 74
0.16329 0 0
0.10853 72 52
0.10853 68 52
0.10853 67 46
0.10853 70 46
0.10600 65 44
0.10600 68 44
0.10600 70 42
0.10600 67 42
0.10600 68 40
0.10600 65 40
0.10600 64 38
0.10600 67 38
0.22089 65 49
0.10853 77 74
0.10853 79 75
0.10853 80 78
0.10853 82 80
0.05165 84 81
0.15750 0 0
0.05292 72 74
0.16321 0 0
0.05201 84 82
0.15786 0 0
0.05292 72 66
0.16233 0 0
0.05300 84 81
0.15900 0 0
0.05300 72 66
0.16329 0 0
0.05427 79 64
0.05427 82 64
0.16280 0 0
0.10600 80 50
0.10600 77 50
0.10600 76 50
0.10600 79 50
0.10600 80 50
0.10600 77 50
0.10600 82 50
0.10600 79 50
0.65421 76 57
0.65421 79 57
0.05165 84 81
0.15787 0 0
0.05311 72 74
0.16340 0 0
0.21200 84 82
0.21540 85 84
0.05300 73 68
0.15900 0 0
0.05300 85 81
0.16329 0 0
0.10853 70 52
0.10853 73 52
0.10853 71 46
0.10853 68 46
0.10600 70 44
0.10600 66 44
0.10600 71 42
0.10600 68 42
0.10600 70 40
0.10600 66 40
0.10600 65 38
0.10600 68 38
0.10682 70 46
0.10682 66 46
0.10682 0 0
0.10940 70 38
0.10940 66 38
0.10940 0 0
0.10940 66 38
0.10940 70 38
0.10940 0 0
0.10853 65 42
0.10853 68 50
0.10853 71 50
0.10853 0 0
0.10853 65 43
0.10853 71 51
0.10853 68 51
0.10853 0 0
0.10853 65 47
0.10853 71 56
0.10853 68 56
0.10853 0 0
0.10725 77 50
0.10725 80 59
0.10725 83 59
0.10725 0 0
0.10725 77 54
0.10725 80 64
0.10725 83 64
0.10725 0 0
0.10725 83 70
0.10725 80 70
0.10725 77 59
0.11210 0 0
0.10511 92 62
0.10511 96 74
0.10511 91 56
0.10511 94 66
0.10660 89 61
0.10660 92 73
0.10660 94 64
0.10660 91 55
0.10660 92 73
0.10660 89 61
0.11446 88 55
0.11446 91 64
0.10853 89 73
0.10853 0 0
0.05369 91 73
0.05414 92 67
0.05375 91 58
0.05377 92 54
0.05384 91 58
0.05419 92 52
0.05388 91 58
0.05353 92 52
0.05336 91 58
0.05314 92 52
0.07051 91 58
0.07068 92 54
0.07122 91 58
0.05374 90 54
0.05410 91 56
0.10810 92 69
0.10810 91 61
0.10810 89 81
0.10810 0 0
0.05478 79 73
0.05506 80 67
0.05485 79 58
0.05435 80 54
0.05465 79 58
0.05506 80 52
0.05469 79 58
0.05433 80 52
0.05399 79 58
0.05364 80 52
0.07093 79 58
0.07116 80 54
0.07197 79 58
0.05452 78 54
0.05474 79 56
0.10810 80 69
0.10810 79 63
0.10810 77 81
0.10810 0 0
0.05369 91 73
0.05414 92 67
0.05375 91 58
0.05377 92 54
0.05384 91 58
0.05419 92 52
0.05388 91 58
0.05441 92 52
0.05627 90 58
0.05581 91 53
0.05535 92 54
0.05486 94 56
0.05444 96 57
0.05483 97 58
0.05523 100 60
0.05563 101 62
0.03727 100 63
0.03746 97 62
0.00094 0 0
0.03765 96 61
0.03783 94 61
0.03802 92 60
0.03817 91 59
0.11450 89 81
0.11450 0 0
0.05369 79 73
0.05414 80 53
0.05375 79 58
0.05377 80 54
0.05384 79 58
0.05457 80 52
0.05477 79 58
0.05500 80 52
0.04609 78 58
0.04597 79 53
0.04553 80 54
0.04511 82 56
0.04450 84 57
0.04427 85 58
0.04428 88 60
0.04428 89 62
0.04428 91 62
0.04428 89 62
0.03044 88 63
0.03044 85 63
0.03044 84 62
0.03044 82 61
0.03044 80 61
0.03044 79 60
0.03866 77 59
0.05519 76 58
0.05549 73 55
0.05584 72 53
0.05614 70 51
0.05652 68 49
0.05688 67 47
0.05720 66 45
0.05756 67 42
0.03860 68 40
0.03864 69 40
0.03877 70 39
0.03890 71 39
0.03904 72 37
0.03923 73 37
0.05652 72 56
0.17668 0 0
0.11029 72 45
0.11029 73 39
0.05629 72 46
0.17154 0 0
0.05629 73 40
0.05629 72 49
0.11257 0 0
0.11029 72 44
0.11029 73 36
0.05514 72 42
0.17484 0 0
0.11257 72 40
0.05547 71 52
0.05547 0 0
0.10853 71 47
0.10853 74 40
0.11257 72 45
0.11709 71 36
0.06394 72 46
0.19183 0 0
0.45589 67 39
0.05537 72 46
0.16611 0 0
0.05537 67 39
0.16611 0 0
0.05537 72 46
0.16611 0 0
0.22148 70 46
0.10853 68 39
0.10853 67 39
0.22664 65 43
0.11074 67 46
0.11074 70 38
0.11074 67 46
0.11074 70 40
0.10810 64 46
0.11304 67 40
0.10853 65 46
0.10812 68 37
0.10730 72 42
0.10646 77 47
0.10564 80 52
0.10969 82 57
0.05652 84 65
0.17580 0 0
0.11029 84 54
0.11029 85 46
0.05605 84 55
0.17258 0 0
0.05629 85 48
0.05629 84 64
0.11257 0 0
0.11074 84 52
0.11074 85 43
0.05537 84 50
0.17101 0 0
0.11257 84 61
0.11119 83 48
0.10940 89 56
0.10940 83 48
0.10940 89 54
0.11550 83 43
0.06394 84 55
0.19183 0 0
0.45818 79 46
0.05537 84 57
0.16611 0 0
0.05537 79 46
0.16611 0 0
0.05537 84 55
0.16611 0 0
0.22148 82 62
0.10853 80 49
0.10853 79 49
0.22203 77 57
0.05537 82 61
0.16611 0 0
0.05537 77 48
0.16611 0 0
0.05537 82 57
0.16611 0 0
0.22148 80 63
0.10853 79 50
0.10853 77 50
0.22203 75 55
0.05263 80 64
0.16016 0 0
0.05376 75 49
0.16405 0 0
0.05405 80 58
0.16215 0 0
0.05282 81 63
0.16034 0 0
0.05376 75 53
0.16495 0 0
0.05384 81 61
0.16151 0 0
0.05362 82 75
0.16437 0 0
0.05384 77 69
0.05384 74 69
0.16502 0 0
0.05255 86 80
0.16284 0 0
0.05219 77 71
0.05219 82 71
0.16159 0 0
0.05183 89 83
0.15993 0 0
0.05130 86 73
0.05130 82 73
0.16114 0 0
0.10477 92 78
0.10477 90 66
0.10477 89 77
0.10477 90 62
0.10477 87 71
0.10477 0 0
0.10477 84 66
0.10477 0 0
0.10548 81 61
0.10548 0 0
0.10548 78 52
0.10548 0 0
0.05362 82 75
0.16437 0 0
0.05384 74 69
0.05384 77 69
0.16502 0 0
0.05311 86 80
0.16340 0 0
0.05219 82 71
0.05219 77 71
0.16159 0 0
0.05165 89 83
0.15975 0 0
0.05095 82 73
0.05095 86 73
0.16079 0 0
0.10381 92 78
0.10381 90 66
0.10381 89 77
0.10381 90 62
0.10526 87 69
0.10526 0 0
0.10417 84 66
0.10417 0 0
0.10417 81 61
0.10417 0 0
0.10526 78 52
0.10526 0 0
0.05362 82 75
0.16437 0 0
0.05384 74 69
0.05384 77 69
0.16502 0 0
0.05384 83 77
0.16412 0 0
0.05300 77 71
0.05300 74 71
0.16240 0 0
0.05279 86 83
0.16089 0 0
0.05199 77 73
0.05199 83 73
0.16183 0 0
0.05362 84 75
0.16437 0 0
0.05384 79 69
0.05384 76 69
0.16502 0 0
0.05384 88 77
0.16412 0 0
0.05300 85 71
0.05300 79 71
0.16240 0 0
0.05279 91 83
0.16089 0 0
0.05199 88 73
0.05199 82 73
0.05199 85 73
0.16183 0 0
0.05362 89 75
0.16437 0 0
0.05384 84 69
0.05384 77 69
0.16502 0 0
0.05384 94 77
0.16412 0 0
0.05300 82 71
0.16240 0 0
0.05279 96 83
0.16089 0 0
0.05199 84 73
0.16181 0 0
0.10907 89 73
0.10907 101 87
0.10909 0 0
0.05426 91 73
0.05413 92 67
0.05412 91 58
0.05418 92 54
0.05465 91 58
0.05442 92 52
0.05417 91 58
0.05391 92 52
0.05368 91 58
0.05345 92 52
0.07075 91 58
0.07084 92 54
0.07152 91 58
0.05407 90 54
0.05448 91 56
0.10810 92 64
0.10810 91 58
0.10810 89 81
0.10819 0 0
0.05445 79 73
0.05459 80 67
0.05438 79 58
0.05461 80 54
0.05457 79 58
0.05490 80 52
0.05466 79 58
0.05416 80 52
0.05369 79 58
0.05323 80 52
0.07018 79 58
0.07013 80 54
0.07094 79 58
0.05374 78 54
0.05422 79 56
0.10810 80 64
0.10810 79 58
0.10810 77 81
0.10810 0 0
0.05425 91 73
0.05424 92 67
0.05426 91 58
0.05391 92 54
0.05442 91 58
0.05411 92 52
0.05388 91 58
0.05413 92 52
0.05728 90 58
0.05671 91 53
0.05600 92 54
0.05541 94 56
0.05492 96 57
0.05514 97 58
0.05537 100 60
0.05564 101 62
0.03721 100 63
0.03734 97 62
0.00093 0 0
0.03742 96 61
0.03752 94 61
0.03765 92 60
0.03777 91 59
0.11393 89 81
0.11494 0 0
0.05369 79 73
0.05414 80 67
0.05375 79 58
0.05377 80 54
0.05384 79 58
0.05457 80 52
0.05477 79 58
0.05524 80 52
0.04754 78 58
0.04715 79 53
0.04669 80 54
0.04624 82 56
0.04580 84 57
0.04571 86 58
0.04580 88 60
0.04580 89 62
0.04580 91 62
0.04901 89 62
0.02046 88 60
0.02053 86 59
0.02063 84 57
0.02070 82 56
0.02075 80 55
0.02058 79 53
0.02067 77 51
0.02125 76 50
0.02157 73 48
0.02841 72 47
0.02888 70 46
0.02946 68 44
0.03148 67 42
0.25578 65 70
0.51155 0 0
0.42729 79 79
0.42729 75 67
0.42729 73 67
0.42729 70 67
0.42729 67 67
0.84472 0 0
0.10561 80 40
0.10488 82 39
0.10415 84 41
0.10343 85 43
0.10272 87 46
0.10200 85 46
0.10244 84 46
0.10306 82 45
0.10360 80 44
0.10418 79 43
0.10479 77 42
0.10538 75 41
0.10599 73 41
0.10658 72 39
0.10720 70 38
0.10778 68 38
0.10737 67 36
0.10737 68 35
0.10722 70 33
0.10673 72 33
0.10621 73 34
0.10571 75 36
0.10523 77 37
0.10479 79 39
0.10453 80 40
0.10408 82 39
0.10352 84 41
0.10306 85 43
0.10255 89 46
0.00596 0 0
0.10205 87 46
0.10142 85 46
0.10198 84 45
0.10274 82 44
0.10351 80 43
0.10428 79 42
0.11182 77 41
0.10366 75 41
0.10366 77 33
0.10366 73 38
0.10366 75 32
0.10366 72 36
0.10366 75 29
0.10363 70 33
0.10361 75 30
0.10386 68 38
0.10446 75 31
0.10499 67 40
0.10553 75 33
0.10561 80 40
0.10488 82 39
0.10415 83 41
0.10343 85 43
0.10272 87 46
0.10200 85 46
0.10244 83 46
0.10306 82 45
0.10360 80 44
0.10418 78 43
0.10479 76 42
0.10538 75 41
0.10599 73 41
0.10658 71 39
0.10720 70 38
0.10778 68 38
0.10737 67 36
0.10737 68 35
0.10722 70 33
0.10673 71 33
0.10621 73 34
0.10571 75 36
0.10523 76 37
0.10479 79 39
0.10453 80 40
0.10408 82 39
0.10352 83 41
0.10306 85 43
0.10251 88 46
0.10205 87 46
0.10142 85 46
0.10198 83 45
0.10274 82 44
0.10351 80 43
0.10428 78 42
0.11182 76 41
0.20731 75 46
0.10366 73 38
0.10366 75 32
0.10366 71 36
0.10366 75 29
0.10363 70 33
0.10361 75 30
0.10386 68 38
0.10446 75 31
0.10499 67 40
0.10553 0 0
0.10561 80 46
0.10488 82 44
0.10415 84 47
0.10343 85 49
0.10272 87 52
0.10200 85 52
0.10244 84 52
0.10306 82 51
0.10360 80 50
0.10418 79 49
0.10479 77 48
0.10538 75 47
0.10599 73 47
0.10658 72 44
0.10720 70 43
0.10778 68 43
0.10737 67 41
0.10737 68 40
0.10722 70 37
0.10673 72 37
0.10621 73 39
0.10571 75 41
0.10523 77 42
0.10479 79 44
0.10453 80 46
0.10408 82 47
0.10352 84 49
0.10306 85 52
0.10251 87 54
0.10178 89 56
0.10096 91 59
0.10025 92 61
0.09955 94 63
0.09890 96 66
0.09818 97 68
0.09754 99 70
0.09698 101 73
0.09715 99 73
0.09740 97 72
0.09766 96 71
0.09791 94 70
0.09823 92 69
0.09850 91 68
0.09952 89 67
0.10064 87 66
0.10188 85 66
0.10306 84 65
0.10419 82 64
0.10390 80 67
0.10280 82 68
0.10171 83 69
0.10066 85 71
0.09965 87 72
0.09870 85 73
0.09906 83 74
0.09968 82 73
0.10029 80 71
0.10086 78 70
0.10148 76 68
0.10210 75 67
0.10275 73 65
0.10336 71 64
0.10401 70 62
0.10471 68 61
0.10539 67 59
0.10495 68 58
0.10451 70 56
0.10406 71 55
0.10357 73 56
0.10318 75 58
0.10275 76 60
0.10233 79 62
0.10187 80 65
0.10143 82 63
0.10106 83 65
0.10065 85 66
0.10023 87 67
0.09978 89 68
0.09938 91 69
0.09902 92 70
0.09863 94 72
0.09820 95 73
0.09780 97 74
0.09741 99 75
0.09704 100 76
0.09715 99 77
0.09740 97 72
0.09766 95 71
0.09791 94 70
0.09823 92 69
0.09852 91 71
0.09878 88 68
0.09904 87 65
0.09930 85 62
0.09957 83 60
0.11575 82 57
0.09794 87 63
0.09829 85 62
0.09862 83 60
0.09897 82 58
0.09933 80 57
0.09966 78 55
0.10003 76 53
0.10036 75 52
0.10074 73 50
0.10111 71 48
0.10145 70 46
0.10183 68 45
0.09666 69 46
0.09666 73 43
0.09666 69 48
0.10055 73 42
0.13739 76 53
0.13739 0 0
0.09666 67 46
0.09666 70 43
0.09666 67 48
0.10055 70 42
0.13614 75 53
0.13614 0 0
0.09794 99 70
0.09829 97 69
0.09862 95 67
0.09897 94 65
0.09933 92 63
0.09966 90 62
0.10003 88 60
0.10036 87 58
0.10074 85 57
0.10111 83 55
0.10145 82 53
0.10183 80 52
0.09666 81 50
0.09666 85 45
0.09666 81 52
0.10055 85 46
0.13802 88 54
0.13802 0 0
0.09666 79 51
0.09666 82 44
0.09666 79 51
0.10055 82 45
0.13614 87 53
0.13614 0 0
0.09794 92 70
0.09829 87 68
0.09862 85 66
0.09897 83 64
0.06616 82 62
0.06635 80 60
0.06649 78 59
0.10003 76 57
0.10036 75 55
0.10074 73 53
0.10111 71 51
0.10145 70 49
0.10183 68 47
0.09666 69 51
0.09666 73 45
0.09666 69 50
0.10055 73 45
0.48367 76 50
0.28523 75 39
0.63586 67 34
0.09666 68 42
0.09666 71 35
0.09666 68 42
0.10055 71 35
0.15356 80 53
0.15356 0 0
0.09666 70 42
0.09666 73 35
0.09666 70 42
0.10055 73 35
0.15048 82 53
0.15048 0 0
0.09666 71 42
0.09666 75 35
0.09666 71 42
0.10055 75 35
0.15048 83 53
0.15048 0 0
0.05357 82 46
0.05357 73 39
0.05357 70 39
0.16071 0 0
0.05455 82 43
0.05455 70 36
0.05455 73 36
0.16364 0 0
0.05944 80 43
0.05944 71 36
0.05944 68 36
0.17832 0 0
0.09666 67 42
0.09666 70 35
0.09666 67 42
0.10055 70 35
0.15356 79 53
0.15356 0 0
0.09666 68 42
0.09666 71 35
0.09666 68 42
0.10055 71 35
0.14257 80 53
0.14257 0 0
0.09666 70 42
0.09666 73 35
0.09666 70 42
0.10055 73 35
0.15048 82 53
0.15048 0 0
0.05338 80 46
0.05338 68 39
0.05338 71 39
0.16014 0 0
0.05455 71 36
0.05455 80 43
0.05455 68 36
0.16364 0 0
0.05944 67 36
0.05944 79 43
0.05944 70 36
0.17832 0 0
0.09666 68 46
0.09666 71 38
0.09666 68 46
0.10055 71 38
0.15356 80 58
0.15356 0 0
0.09666 70 46
0.09666 73 38
0.09666 70 46
0.10055 73 38
0.15048 82 58
0.15048 0 0
0.09666 71 46
0.09666 75 38
0.09666 71 46
0.10055 75 38
0.13991 83 58
0.13991 0 0
0.05396 73 50
0.05396 85 59
0.05396 76 50
0.16187 0 0
0.05474 85 55
0.05474 73 46
0.05474 76 46
0.16423 0 0
0.06684 87 55
0.06684 75 46
0.06684 78 46
0.20052 0 0
0.09666 71 46
0.09666 75 38
0.09666 71 46
0.10055 75 38
0.15048 83 58
0.15048 0 0
0.05376 76 50
0.05376 73 50
0.05376 85 59
0.16129 0 0
0.05474 85 55
0.05474 73 46
0.05474 76 46
0.16423 0 0
0.05944 87 55
0.05944 78 46
0.05944 75 46
0.17832 0 0
0.09666 70 52
0.09666 75 43
0.09666 70 52
0.10055 75 43
0.23034 82 66
0.07678 0 0
0.09666 71 52
0.09666 75 43
0.09666 71 52
0.10055 75 43
0.22572 83 66
0.07524 0 0
0.09666 73 52
0.09666 76 43
0.09666 73 52
0.10055 76 43
0.22572 85 66
0.07524 0 0
0.05396 71 57
0.05396 75 57
0.05396 83 67
0.05396 80 57
0.16187 0 0
0.05474 80 52
0.05474 75 52
0.05474 83 63
0.05474 71 52
0.16423 0 0
0.05944 79 52
0.05944 70 52
0.05944 82 63
0.05944 75 52
0.17832 0 0
0.09666 70 57
0.09666 75 47
0.09666 70 57
0.10055 75 47
0.20987 82 72
0.06996 0 0
0.09666 71 57
0.09666 75 47
0.09666 71 57
0.10055 75 47
0.21285 83 72
0.07095 0 0
0.09666 73 57
0.09666 76 47
0.09666 73 57
0.10055 76 47
0.22572 85 72
0.07524 0 0
0.05376 75 57
0.05376 83 67
0.05376 80 57
0.05376 71 57
0.16129 0 0
0.05495 75 52
0.05495 83 63
0.05495 71 52
0.05495 80 52
0.16483 0 0
0.05944 75 52
0.05944 79 52
0.05944 70 52
0.05944 82 63
0.17832 0 0
0.09666 73 62
0.09666 82 51
0.09666 73 62
0.10055 82 51
0.23034 85 79
0.07678 0 0
0.09666 75 62
0.09666 83 51
0.09666 75 62
0.10055 83 51
0.22572 87 79
0.07524 0 0
0.09666 76 62
0.09666 85 51
0.09666 76 62
0.10055 85 51
0.22572 88 79
0.07524 0 0
0.05415 73 62
0.05415 82 62
0.05415 85 73
0.16245 0 0
0.05515 85 69
0.05515 73 57
0.05515 82 57
0.16544 0 0
0.05944 79 57
0.05944 82 69
0.05944 70 57
0.17832 0 0
0.09666 76 62
0.09666 85 51
0.09666 76 62
0.10055 85 51
0.20232 88 79
0.06744 0 0
0.05415 85 73
0.05415 82 62
0.05415 73 62
0.16245 0 0
0.05474 82 57
0.05474 73 57
0.05474 85 69
0.16423 0 0
0.06213 82 69
0.06213 79 57
0.06213 70 57
0.18640 0 0
0.09574 76 62
0.09574 85 51
0.09574 76 62
0.10055 85 51
0.19620 88 79
0.06540 0 0
0.09513 79 68
0.09513 88 56
0.09513 79 68
0.10055 88 57
0.19120 91 89
0.06373 0 0
0.09423 82 71
0.09423 91 58
0.09423 82 71
0.10055 91 59
0.18644 94 93
0.06215 0 0
0.09394 85 74
0.09394 94 61
0.09394 85 75
0.10055 94 62
0.20147 97 97
0.06716 0 0
0.09494 88 77
0.09494 97 63
0.09494 88 78
0.10563 97 64
0.22572 100 101
1.28329 0 0
0.09666 76 42
0.09666 85 35
0.09666 76 42
0.10055 85 35
0.15356 88 53
0.15356 0 0
0.09666 76 42
0.09666 85 35
0.09666 76 42
0.10055 85 35
0.15048 88 53
0.15048 0 0
0.09666 76 42
0.09666 85 35
0.09666 76 42
0.10055 85 35
0.15048 88 53
0.15048 0 0
0.05357 86 46
0.05357 74 39
0.05357 83 39
0.16071 0 0
0.05455 74 36
0.05455 86 43
0.05455 83 36
0.16364 0 0
0.05944 81 36
0.05944 73 36
0.05944 85 43
0.17832 0 0
0.09666 74 42
0.09666 83 35
0.09666 74 42
0.10055 83 35
0.15356 86 53
0.15356 0 0
0.09666 74 42
0.09666 83 35
0.09666 74 42
0.10055 83 35
0.13926 86 53
0.13926 0 0
0.09666 74 42
0.09666 83 35
0.09666 74 42
0.10055 83 35
0.15119 86 53
0.15119 0 0
0.05357 73 39
0.05357 85 46
0.05357 81 39
0.16071 0 0
0.05455 81 36
0.05455 85 43
0.05455 73 36
0.16364 0 0
0.05944 71 36
0.05944 83 43
0.05944 80 36
0.17832 0 0
0.09666 76 42
0.09666 85 35
0.09666 76 42
0.10055 85 35
0.15356 88 53
0.15356 0 0
0.09666 76 42
0.09666 85 35
0.09666 76 42
0.10055 85 35
0.15048 88 53
0.15048 0 0
0.09666 76 42
0.09666 85 35
0.09666 76 42
0.10055 85 35
0.15048 88 53
0.15048 0 0
0.05357 88 50
0.05357 80 50
0.05357 92 60
0.16071 0 0
0.05455 88 46
0.05455 92 56
0.05455 80 46
0.16364 0 0
0.05944 93 56
0.05944 88 46
0.05944 81 46
0.17832 0 0
0.09666 74 42
0.09666 83 35
0.09666 74 42
0.10055 83 35
0.15356 86 53
0.15356 0 0
0.09666 74 42
0.09666 83 35
0.09666 74 42
0.10055 83 35
0.15048 86 53
0.15048 0 0
0.09666 74 42
0.09666 83 35
0.09666 74 42
0.10055 83 35
0.15048 86 53
0.15048 0 0
0.05357 93 60
0.05357 85 50
0.05357 81 50
0.16071 0 0
0.05455 85 46
0.05455 93 56
0.05455 81 46
0.16364 0 0
0.05944 95 56
0.05944 86 46
0.05944 83 46
0.17832 0 0
0.09666 73 46
0.09666 81 38
0.09666 73 47
0.10055 81 39
0.12876 85 60
0.12876 0 0
0.09666 71 49
0.09666 80 41
0.09666 71 50
0.10055 80 42
0.12821 83 64
0.12821 0 0
0.09666 73 52
0.09666 81 44
0.09666 73 53
0.10055 81 44
0.12552 85 68
0.12552 0 0
0.09666 74 55
0.09666 83 46
0.09666 74 56
0.10055 83 47
0.15048 86 72
0.15048 0 0
0.09791 84 74
0.09791 87 66
0.09791 84 71
0.09773 87 62
0.09639 92 74
0.09676 91 65
0.09713 89 73
0.09751 87 60
0.09794 85 66
0.09834 84 64
0.09873 82 62
0.09912 80 60
0.09957 79 58
0.09998 77 56
0.10039 75 54
0.10079 73 52
0.10120 72 50
0.10121 70 48
0.10121 68 45
0.10153 67 44
0.10183 65 41
0.10219 64 39
0.21789 63 37
0.09791 87 74
0.09791 92 66
0.09791 87 71
0.09773 92 62
0.09639 96 74
0.09676 94 65
0.09713 92 73
0.09751 91 60
0.09794 89 66
0.09834 87 64
0.09873 85 62
0.09912 84 60
0.09957 82 58
0.09998 80 56
0.10039 79 54
0.10079 77 52
0.10120 75 50
0.10121 73 48
0.10121 72 45
0.10153 70 44
0.10183 68 41
0.10219 67 39
0.10250 65 37
0.14749 63 37
0.09791 92 76
0.09791 96 66
0.09791 92 71
0.09773 96 62
0.09639 99 77
0.09676 97 69
0.09713 96 79
0.09751 94 71
0.09794 92 74
0.09834 91 72
0.09873 89 70
0.09912 87 68
0.09957 85 65
0.09998 84 63
0.10039 82 61
0.10079 80 59
0.10120 79 57
0.10121 77 54
0.06748 75 52
0.06756 73 52
0.06770 72 53
0.05088 70 53
0.05095 68 54
0.05107 67 55
0.05112 65 56
0.05120 63 57
0.05130 61 58
0.05139 60 60
0.05177 58 61
0.20948 56 70
0.11522 56 70
0.11522 60 62
0.11352 63 70
0.11123 61 68
0.10949 60 68
0.10961 58 67
0.10985 56 66
0.11010 55 65
0.11022 53 64
0.11056 51 63
0.11072 49 62
0.11096 48 61
0.11117 46 60
0.11134 44 59
0.11198 43 58
0.11201 44 57
0.11171 46 56
0.11150 48 58
0.11134 49 59
0.11100 51 60
0.11083 53 61
0.11059 55 62
0.11034 56 63
0.11018 58 64
0.10985 60 65
0.10969 61 66
0.10949 63 67
0.10920 65 68
0.10905 67 70
0.10877 68 71
0.10856 70 73
0.10841 72 74
0.10809 73 76
0.10782 75 78
0.10704 77 79
0.10739 75 79
0.10774 73 77
0.10810 72 75
0.10845 70 73
0.10881 68 71
0.10917 67 69
0.10953 65 67
0.11002 63 65
0.11144 61 63
0.11297 60 61
0.11454 58 59
0.20950 56 62
0.11522 68 49
0.11522 72 43
0.11352 75 49
0.11123 73 47
0.10949 72 47
0.10961 70 46
0.10985 68 46
0.11010 67 45
0.11022 65 44
0.11056 63 44
0.11072 61 43
0.11096 60 42
0.11117 58 42
0.11134 56 41
0.11198 55 40
0.11201 56 39
0.11171 58 39
0.11150 60 40
0.11134 61 41
0.11100 63 42
0.11083 65 42
0.11059 67 43
0.11034 68 44
0.11018 70 44
0.10985 72 45
0.10969 73 46
0.10949 75 46
0.10920 77 47
0.10905 79 49
0.10877 80 49
0.10856 82 51
0.10841 84 51
0.10809 85 53
0.10782 87 54
0.10704 89 55
0.10739 87 55
0.10774 85 53
0.10810 84 52
0.10845 82 51
0.10881 80 49
0.10917 79 48
0.10953 77 46
0.11002 75 45
0.11144 73 44
0.11297 72 42
0.11454 70 41
0.20950 68 43
0.11522 68 70
0.11522 71 62
0.11352 75 70
0.11123 73 68
0.10949 71 68
0.10961 70 67
0.10985 68 66
0.11010 66 65
0.11022 64 64
0.11056 63 63
0.11072 61 62
0.11096 59 61
0.11117 58 60
0.11134 56 59
0.11198 55 58
0.11201 56 57
0.11171 58 56
0.11150 59 58
0.11134 61 59
0.11100 63 60
0.11083 65 61
0.11059 67 62
0.11034 68 63
0.11018 70 65
0.10985 71 67
0.10969 73 68
0.10949 75 70
0.10920 77 72
0.10905 79 74
0.10877 80 76
0.10856 82 78
0.10841 83 80
0.10809 85 83
0.10782 87 85
0.10704 88 90
0.10739 86 89
0.10774 85 88
0.10810 83 86
0.10845 81 85
0.10881 80 83
0.10917 78 82
0.10953 76 81
0.11002 74 79
0.11144 73 78
0.11297 71 76
0.11398 69 75
0.10917 68 74
0.10953 66 72
0.11002 64 71
0.11144 62 69
0.11297 61 68
0.11398 59 67
0.10917 57 69
0.10953 56 71
0.11002 54 73
0.11144 52 75
0.07599 50 77
0.07583 49 78
0.06954 47 79
0.09666 45 78
0.09666 49 67
0.09666 45 78
0.10055 49 65
0.20950 52 73
0.09666 49 62
0.09666 52 53
0.09666 49 62
0.10055 52 52
0.20877 57 58
0.09666 52 62
0.09666 57 53
0.09666 52 62
0.10055 57 52
0.20661 61 58
0.09666 57 62
0.09666 61 53
0.09666 57 62
0.10055 61 52
0.20467 64 58
0.09666 61 62
0.09666 64 53
0.09666 61 62
0.10055 64 52
0.20520 69 58
0.09666 64 62
0.09666 69 53
0.09666 64 62
0.10055 69 52
0.20733 73 58
0.09666 69 58
0.09666 73 46
0.09666 69 56
0.10055 73 45
0.21142 76 58
0.09666 71 49
0.09666 74 42
0.09666 71 49
0.09888 74 41
0.20733 83 54
0.09666 72 49
0.09666 75 42
0.09666 72 49
0.09888 75 41
0.10366 84 54
0.10366 0 0
0.09482 75 49
0.09482 84 42
0.09482 75 49
0.09888 84 41
0.10260 87 56
0.10260 0 0
0.09542 73 49
0.09542 82 42
0.09542 73 49
0.09921 82 41
0.10295 85 55
0.10295 0 0
0.09666 70 49
0.09666 79 42
0.09666 70 49
0.09888 79 41
0.10260 82 55
0.10260 0 0
0.09666 72 49
0.09666 75 42
0.09666 72 49
0.10055 75 41
0.10366 84 56
0.10366 0 0
0.09452 80 57
0.09452 87 47
0.09452 80 56
0.09759 87 49
0.10295 92 59
0.10295 0 0
0.09422 79 58
0.09422 85 50
0.09422 79 58
0.09791 85 49
0.10225 91 65
0.10225 0 0
0.09542 73 58
0.09542 79 50
0.09542 73 58
0.09855 79 49
0.10331 85 66
0.10331 0 0
0.09666 72 58
0.09666 80 50
0.09666 72 58
0.10055 80 49
0.10366 84 66
0.11219 0 0
0.09666 87 72
0.09666 96 64
0.09666 87 73
0.09855 96 64
0.10366 99 78
0.10366 0 0
0.09542 85 70
0.09542 94 61
0.09542 85 71
0.09791 94 61
0.10087 97 78
0.10087 0 0
0.09666 82 69
0.09666 91 60
0.09666 82 67
0.10055 91 61
0.10366 94 75
0.13612 0 0
0.09666 72 49
0.09666 79 42
0.09666 72 49
0.10055 79 41
0.10366 84 46
0.10366 0 0
0.09666 72 49
0.09666 79 42
0.09666 72 49
0.10055 79 41
0.10225 84 46
0.10225 0 0
0.09572 79 49
0.09572 84 42
0.09572 79 49
0.09855 84 41
0.10366 91 46
0.10366 0 0
0.09666 84 49
0.09666 91 42
0.09666 84 49
0.10055 91 41
0.10366 96 46
0.10366 0 0
0.09791 84 53
0.09791 87 46
0.09791 84 58
0.09773 87 50
0.09639 92 61
0.09676 91 49
0.09713 89 64
0.09751 87 51
0.09794 85 52
0.09834 84 51
0.09873 82 50
0.09912 80 49
0.09957 79 47
0.09998 77 46
0.10039 75 45
0.10079 73 44
0.10120 72 42
0.10121 70 41
0.10121 68 40
0.10153 67 38
0.10183 65 37
0.10219 64 36
0.21789 63 34
0.09666 72 58
0.09666 79 50
0.09666 72 58
0.10055 79 49
0.10366 84 55
0.10366 0 0
0.09666 72 58
0.09666 79 50
0.09666 72 58
0.10055 79 49
0.10225 84 55
0.10225 0 0
0.09572 79 58
0.09572 84 50
0.09572 79 58
0.09855 84 49
0.10366 91 55
0.10366 0 0
0.09666 84 58
0.09666 91 50
0.09666 84 58
0.10055 91 49
0.10366 96 55
0.10366 0 0
0.09791 87 63
0.09791 92 55
0.09791 87 69
0.09773 92 60
0.09639 96 73
0.09676 94 58
0.09713 92 76
0.09751 91 61
0.09794 89 62
0.09834 87 61
0.09873 85 60
0.09912 84 58
0.09957 82 56
0.09998 80 55
0.10039 79 54
0.10079 77 52
0.10120 75 50
0.10121 73 49
0.10121 72 48
0.10153 70 45
0.06786 68 44
0.06799 67 43
0.06817 65 42
0.21789 63 40
0.09666 72 69
0.09666 79 60
0.09666 72 69
0.10055 79 58
0.10366 84 66
0.10366 0 0
0.09666 72 69
0.09666 79 60
0.09666 72 69
0.10055 79 58
0.10225 84 66
0.10225 0 0
0.09572 79 69
0.09572 84 60
0.09572 79 69
0.09855 84 58
0.10366 91 66
0.10366 0 0
0.09666 84 69
0.09666 91 60
0.09666 84 69
0.10055 91 58
0.10366 96 66
0.10366 0 0
0.09791 91 75
0.09791 96 66
0.09791 91 82
0.09773 96 72
0.09639 100 87
0.09676 98 69
0.09713 96 87
0.09751 95 73
0.09794 93 74
0.09834 91 73
0.09873 89 72
0.09912 88 69
0.09957 86 67
0.09998 84 66
0.10039 83 64
0.10079 81 62
0.06830 79 60
0.06748 77 58
0.06748 76 57
0.10121 74 54
0.10153 72 52
0.10183 71 51
0.10219 69 51
0.21789 67 48
0.09791 92 76
0.09791 96 66
0.09791 92 71
0.09773 96 68
0.09639 99 77
0.09676 97 69
0.09713 96 82
0.09751 94 71
0.09794 92 80
0.09834 91 78
0.09873 89 77
0.09912 87 75
0.09957 85 74
0.09998 84 72
0.10039 82 70
0.10079 80 69
0.10120 79 67
0.10121 77 66
0.06748 75 64
0.06756 73 61
0.06770 72 63
0.06871 70 65
0.06800 68 66
0.06817 67 68
0.04094 65 69
0.04104 63 70
0.04104 61 71
0.04116 60 72
0.04148 58 73
0.20948 56 90
0.11522 68 77
0.11522 72 68
0.11352 75 77
0.11123 73 74
0.10949 72 74
0.10961 70 73
0.10985 68 72
0.11010 67 71
0.11022 65 70
0.11056 63 69
0.11072 61 68
0.11096 60 67
0.11117 58 66
0.11134 56 64
0.11198 55 63
0.11201 53 62
0.11171 51 61
0.11150 53 65
0.11134 51 67
0.11100 49 69
0.11083 48 71
0.11000 46 73
0.09463 44 78
0.09463 48 67
0.09463 44 78
0.09803 48 65
0.10475 51 73
0.10475 0 0
0.09404 44 78
0.09404 48 67
0.09404 44 78
0.09803 48 65
0.10475 51 73
0.10475 0 0
0.09433 44 78
0.09433 48 67
0.09433 44 78
0.09771 48 65
0.10475 51 73
0.10475 0 0
0.09433 44 78
0.09433 48 67
0.09433 44 78
0.09771 48 65
0.10475 51 73
0.10475 0 0
0.09493 44 70
0.09493 48 59
0.09493 44 67
0.09803 48 55
0.10366 51 61
0.10366 0 0
0.09493 48 62
0.09493 51 52
0.09493 48 60
0.09771 51 48
0.10330 56 54
0.10330 0 0
0.09463 51 54
0.09463 56 46
0.09463 51 52
0.09803 56 42
0.10155 60 46
0.10155 0 0
0.09523 56 46
0.09523 60 39
0.09523 56 44
0.10055 60 35
0.10698 63 39
0.10698 0 0
0.10120 56 46
0.10072 60 39
0.10017 56 46
0.09955 60 39
0.09906 63 46
0.09852 61 46
0.10731 60 42
1.86498 0 0
0.10691 60 47
0.10687 61 50
0.10904 63 52
0.09263 64 55
0.00847 0 0
2.29324 64 58
2.29324 61 58
2.29324 58 58
0.58820 0 0
0.10120 68 46
0.10072 72 39
0.10017 68 46
0.09955 72 39
0.09906 75 46
0.09852 73 43
0.10731 72 45
0.09743 70 45
0.09771 68 44
0.09791 67 44
0.09807 65 43
0.09835 63 42
0.09851 61 42
0.09868 60 41
0.09900 58 41
0.09916 56 40
0.09933 55 40
0.10014 56 40
0.10008 58 41
0.09971 60 41
0.09934 61 42
0.09897 63 42
0.09860 65 43
0.09824 67 44
0.09792 68 44
0.09756 70 47
0.10691 72 47
0.10687 73 50
0.10904 75 52
0.10111 76 55
2.29958 73 58
2.29958 70 58
2.29958 76 58
0.58820 0 0
0.09795 79 42
0.09743 82 43
0.09687 85 45
0.09629 84 46
0.09554 82 47
0.09588 80 46
0.09623 79 45
0.09658 77 45
0.09693 76 44
0.09728 73 43
0.09764 72 42
0.09800 73 41
0.09806 76 43
0.09754 77 45
0.09696 79 47
0.09641 80 48
0.09592 82 49
0.09711 84 49
1.72257 79 53
1.72257 82 53
1.72257 85 53
0.58249 0 0
0.09795 88 42
0.09743 91 43
0.09687 94 45
0.09629 92 46
0.09554 91 47
0.09588 89 46
0.09623 88 45
0.09658 85 45
0.09693 84 44
0.09728 82 43
0.09764 81 42
0.09800 82 41
0.09806 84 43
0.09754 85 45
0.09696 88 47
0.09641 89 48
0.09592 91 49
0.09711 92 49
1.71745 94 53
1.71745 91 53
1.71745 88 53
0.58249 0 0
1.74706 83 48
1.74706 80 48
1.74706 77 48
0.60807 0 0
3.29327 64 38
3.29327 67 38
3.29327 72 38
0.05255 72 51
0.16228 0 0
0.05349 60 43
0.16402 0 0
0.05526 72 51
0.16579 0 0
0.05368 60 44
0.16462 0 0
0.05547 72 51
0.16641 0 0
0.05703 60 42
1.50203 0 0
0.05330 73 40
0.05330 72 51
0.11695 0 0
0.11029 72 45
0.11029 73 39
0.05629 72 46
0.17154 0 0
0.05629 72 49
0.16886 0 0
0.05514 72 44
0.16543 0 0
0.05514 72 42
0.16776 0 0
0.05311 73 40
0.05311 72 51
0.11676 0 0
0.11029 72 45
0.11029 73 39
0.05629 72 46
0.17154 0 0
0.05629 72 49
0.16886 0 0
0.05514 72 44
0.16543 0 0
0.05514 72 42
0.17029 0 0
0.05190 73 40
0.05190 72 51
0.11555 0 0
0.11029 72 45
0.11029 73 39
0.05629 72 46
0.17154 0 0
0.05652 73 40
0.05652 72 51
0.12016 0 0
0.11029 72 45
0.11029 73 39
0.05629 72 46
0.16886 0 0
0.05682 72 51
0.17102 0 0
0.05726 72 52
0.17277 0 0
0.05792 72 54
0.17456 0 0
0.05849 72 56
0.17729 0 0
0.06002 72 56
0.18282 0 0
0.06986 72 53
0.20929 0 0
0.05463 73 40
0.05463 72 51
0.11614 0 0
0.10659 72 45
0.10659 73 39
0.05440 72 46
0.16580 0 0
0.05440 73 40
0.05440 72 49
0.10881 0 0
0.10659 72 44
0.10659 73 36
0.05330 72 42
0.18724 0 0
0.10753 72 40
0.09857 71 52
0.00896 0 0
0.10526 71 47
0.10526 74 40
0.10881 72 45
0.11317 71 36
0.06180 72 46
0.18541 0 0
0.44112 67 39
0.05352 72 46
0.16055 0 0
0.05352 67 39
0.16055 0 0
0.05352 72 46
0.16055 0 0
0.21407 70 46
0.10490 68 39
0.10490 67 39
0.21742 65 43
0.10704 67 46
0.10704 70 38
0.10704 67 46
0.10704 70 40
0.10449 64 46
0.10926 67 40
0.10490 65 46
0.10450 68 37
0.10371 72 42
0.10290 77 47
0.10210 80 52
0.10602 82 57
0.05463 84 65
0.16993 0 0
0.10659 84 54
0.10659 85 46
0.05418 84 55
0.16774 0 0
0.05201 85 48
0.05201 84 64
0.11053 0 0
0.10704 84 52
0.10704 85 43
0.05352 84 50
0.16795 0 0
0.10881 84 61
0.10747 83 48
0.10575 89 56
0.10575 83 48
0.10575 89 54
0.11164 83 43
0.06180 84 55
0.18541 0 0
0.21581 79 46
0.22705 0 0
0.05183 84 57
0.15881 0 0
0.05349 79 46
0.16047 0 0
0.05349 84 55
0.16047 0 0
0.21397 82 55
0.10490 80 46
0.10490 79 46
0.21461 77 51
0.10704 79 55
0.10704 82 45
0.10575 79 55
0.10575 82 48
0.10449 76 55
0.10926 79 48
0.20980 77 55
0.10490 65 68
0.10490 67 69
0.10490 68 71
0.10943 70 73
0.04993 72 74
0.15217 0 0
0.05112 60 68
0.15772 0 0
0.04960 72 75
0.15184 0 0
0.05112 60 60
0.15687 0 0
0.05123 72 74
0.15368 0 0
0.05123 60 60
0.15782 0 0
0.05245 70 59
0.05245 67 59
0.15735 0 0
0.10245 65 46
0.10245 68 46
0.10245 64 46
0.10245 67 46
0.10245 65 46
0.10245 68 46
0.10245 70 46
0.10245 67 46
0.62948 64 52
0.62948 67 52
0.04993 72 74
0.15287 0 0
0.05147 60 68
0.16387 0 0
0.20490 72 75
0.20820 73 77
0.05123 61 62
0.15368 0 0
0.05123 73 74
0.15782 0 0
0.10490 72 52
0.10490 68 52
0.10490 67 46
0.10490 70 46
0.10245 65 44
0.10245 68 44
0.10245 67 42
0.10245 70 42
0.10245 68 40
0.10245 65 40
0.10245 67 38
0.10245 64 38
0.20650 65 49
0.10490 77 74
0.10490 79 75
0.10490 80 78
0.10490 82 80
0.04993 84 81
0.15217 0 0
0.05112 72 74
0.15772 0 0
0.04944 84 82
0.15168 0 0
0.05112 72 66
0.15687 0 0
0.05123 84 81
0.15368 0 0
0.05123 72 66
0.15782 0 0
0.05245 79 64
0.05245 82 64
0.15735 0 0
0.10245 80 50
0.10245 77 50
0.10245 79 50
0.10245 76 50
0.10245 80 50
0.10245 77 50
0.10245 82 50
0.10245 79 50
0.62948 76 57
0.62948 79 57
0.04960 84 81
0.15184 0 0
0.05112 72 74
0.15772 0 0
0.20490 84 82
0.20820 85 84
0.05123 73 68
0.15368 0 0
0.05123 85 81
0.15782 0 0
0.10490 70 52
0.10490 73 52
0.10490 71 46
0.10490 68 46
0.10245 70 44
0.10245 66 44
0.10245 71 42
0.10245 68 42
0.10245 70 40
0.10245 66 40
0.10245 68 38
0.10245 65 38
0.10325 70 46
0.10325 66 46
0.10325 0 0
0.10575 66 38
0.10575 70 38
0.10575 0 0
0.10575 66 38
0.10575 70 38
0.10575 0 0
0.10490 71 50
0.10490 68 50
0.10490 65 42
0.10490 0 0
0.10490 65 43
0.10490 68 51
0.10490 71 51
0.10490 0 0
0.10490 71 56
0.10490 65 47
0.10490 68 56
0.10490 0 0
0.10366 80 59
0.10366 83 59
0.10366 77 50
0.10366 0 0
0.10366 83 64
0.10366 77 54
0.10366 80 64
0.10366 0 0
0.10366 80 70
0.10366 77 59
0.10366 83 70
0.10835 0 0
0.10366 92 62
0.10366 96 74
0.10366 91 56
0.10366 94 66
0.10366 92 73
0.10366 89 61
0.10366 94 64
0.10366 91 55
0.10366 89 61
0.10366 92 73
0.11064 88 55
0.11064 91 64
0.12183 89 73
0.12183 0 0
0.05189 91 73
0.05232 92 67
0.05195 91 58
0.05198 92 54
0.05204 91 58
0.05237 92 52
0.05207 91 58
0.05174 92 52
0.05158 91 58
0.05136 92 52
0.06815 91 58
0.06831 92 54
0.06884 91 58
0.05195 90 54
0.05229 91 56
0.10449 92 64
0.10449 91 58
0.10449 89 81
0.10449 0 0
0.05294 79 73
0.05321 80 67
0.05301 79 58
0.05253 80 54
0.05283 79 58
0.05321 80 52
0.05286 79 58
0.05251 80 52
0.05219 79 58
0.05184 80 52
0.06856 79 58
0.06878 80 54
0.06956 79 58
0.05270 78 54
0.05291 79 56
0.10449 80 64
0.10449 79 58
0.10449 77 81
0.10449 0 0
0.05189 91 73
0.05232 92 67
0.05195 91 58
0.05198 92 54
0.05204 91 58
0.05237 92 52
0.05207 91 58
0.05259 92 52
0.05439 90 58
0.05394 91 53
0.05350 92 54
0.05302 94 56
0.05262 96 57
0.05299 97 58
0.05338 100 60
0.05377 101 62
0.03602 100 63
0.03621 97 62
0.00091 0 0
0.03640 96 61
0.03656 94 61
0.03675 92 60
0.03689 91 59
0.11068 89 81
0.11068 0 0
0.05189 79 73
0.05232 80 67
0.05195 79 58
0.05198 80 54
0.05204 79 58
0.05275 80 52
0.05294 79 58
0.05316 80 52
0.04455 78 58
0.04444 79 53
0.04401 80 54
0.04360 82 56
0.04301 84 57
0.04279 86 58
0.04280 88 60
0.04280 89 62
0.04280 91 62
0.04280 89 62
0.02942 88 63
0.02942 86 63
0.02942 84 62
0.02942 82 61
0.02942 80 61
0.02942 79 60
0.03737 77 59
0.05335 76 58
0.05363 73 56
0.05397 72 54
0.05427 70 52
0.05463 68 49
0.05498 67 48
0.05529 66 45
0.05564 67 42
0.03730 68 39
0.03735 69 40
0.03747 70 38
0.03760 71 36
0.03773 72 34
0.03791 73 33
0.05463 72 56
0.17077 0 0
0.10659 72 45
0.10659 73 39
0.05440 72 46
0.16580 0 0
0.05440 73 40
0.05440 72 49
0.10881 0 0
0.10659 72 44
0.10659 73 36
0.05330 72 42
0.16899 0 0
0.10881 72 40
0.09974 71 52
0.00907 0 0
0.10747 71 47
0.10747 74 40
0.10881 72 45
0.11317 71 36
0.06180 72 46
0.18541 0 0
0.21581 67 39
0.22483 0 0
0.05183 72 46
0.15958 0 0
0.05388 67 39
0.16163 0 0
0.05388 72 46
0.16163 0 0
0.21550 70 46
0.10490 68 39
0.10490 67 39
0.21907 65 43
0.10704 67 46
0.10704 70 38
0.10704 67 46
0.10704 70 40
0.10449 64 46
0.10926 67 40
0.10490 65 46
0.10450 68 37
0.10371 72 42
0.10290 77 47
0.10210 80 52
0.10602 82 57
0.05463 84 65
0.16993 0 0
0.10659 84 54
0.10659 85 46
0.05418 84 55
0.16681 0 0
0.05440 85 48
0.05440 84 64
0.10881 0 0
0.10704 84 52
0.10704 85 43
0.05352 84 50
0.16529 0 0
0.10881 84 61
0.10747 83 48
0.10575 89 56
0.10575 83 48
0.10575 89 54
0.11164 83 43
0.06180 84 55
0.18541 0 0
0.44286 79 46
0.05095 84 57
0.15520 0 0
0.05330 79 46
0.15990 0 0
0.05330 84 55
0.15990 0 0
0.21320 82 62
0.10490 80 49
0.10490 79 49
0.21461 77 57
0.05130 82 61
0.15790 0 0
0.05330 77 48
0.15990 0 0
0.05330 82 57
0.15990 0 0
0.21320 80 63
0.10490 79 50
0.10490 77 50
0.21461 75 55
0.05060 80 64
0.15498 0 0
0.05219 75 49
0.15878 0 0
0.05224 80 58
0.15673 0 0
0.05078 81 63
0.15515 0 0
0.05219 75 53
0.15965 0 0
0.05204 81 61
0.15611 0 0
0.05183 82 75
0.15887 0 0
0.05204 77 69
0.05204 74 69
0.15950 0 0
0.05204 86 77
0.15863 0 0
0.05123 82 71
0.05123 77 71
0.15697 0 0
0.05103 89 83
0.15551 0 0
0.05025 82 73
0.05025 86 73
0.15641 0 0
0.10127 92 78
0.10127 90 66
0.10127 89 77
0.10127 90 62
0.10127 87 69
0.10127 0 0
0.10127 84 66
0.10127 0 0
0.10127 81 61
0.10127 0 0
0.10127 78 52
0.10127 0 0
0.05183 82 75
0.15887 0 0
0.05204 74 69
0.05204 77 69
0.15950 0 0
0.05204 86 77
0.15863 0 0
0.05123 77 71
0.05123 82 71
0.15697 0 0
0.05103 89 83
0.15551 0 0
0.05025 82 73
0.05025 86 73
0.15641 0 0
0.09887 92 78
0.09887 90 66
0.10121 89 77
0.10121 90 62
0.10121 87 69
0.10121 0 0
0.10127 84 66
0.10127 0 0
0.10190 81 61
0.10190 0 0
0.10190 78 52
0.10190 0 0
0.05183 82 75
0.15887 0 0
0.05204 74 69
0.05204 77 69
0.15950 0 0
0.05204 83 77
0.15863 0 0
0.05123 74 71
0.05123 77 71
0.15697 0 0
0.05103 86 85
0.15551 0 0
0.05025 77 73
0.05025 83 73
0.15641 0 0
0.05183 84 75
0.15887 0 0
0.05204 79 69
0.05204 76 69
0.15950 0 0
0.05204 88 77
0.15863 0 0
0.05123 79 71
0.05123 85 71
0.15697 0 0
0.05103 91 83
0.15551 0 0
0.05025 88 73
0.05025 85 73
0.05025 82 73
0.15641 0 0
0.05183 89 75
0.15887 0 0
0.05204 84 69
0.05204 77 69
0.15950 0 0
0.05204 94 77
0.15863 0 0
0.05123 82 71
0.15697 0 0
0.05103 96 83
0.15551 0 0
0.05025 84 73
0.15640 0 0
0.10542 101 87
0.10542 89 73
0.10544 0 0
0.05244 91 73
0.05232 92 53
0.05231 91 58
0.05237 92 54
0.05283 91 58
0.05260 92 52
0.05236 91 58
0.05211 92 52
0.05188 91 58
0.05166 92 52
0.06838 91 58
0.06847 92 54
0.06912 91 58
0.05226 90 54
0.05265 91 56
0.10449 92 64
0.10449 91 58
0.10449 89 81
0.10457 0 0
0.05262 79 73
0.05276 80 67
0.05256 79 58
0.05279 80 54
0.05274 79 58
0.05307 80 52
0.05283 79 58
0.05234 80 52
0.05189 79 58
0.05145 80 52
0.06783 79 58
0.06778 80 54
0.06856 79 58
0.05194 78 54
0.05241 79 56
0.10449 80 64
0.10449 79 58
0.10449 77 81
0.10449 0 0
0.05244 91 73
0.05243 92 67
0.05245 91 58
0.05210 92 54
0.05260 91 58
0.05230 92 52
0.05207 91 58
0.05232 92 52
0.05536 90 58
0.05481 91 53
0.05413 92 54
0.05356 94 56
0.05308 96 57
0.05330 97 58
0.05352 100 60
0.05378 101 62
0.03597 100 63
0.03609 97 62
0.00090 0 0
0.03617 96 61
0.03627 94 61
0.03639 92 60
0.03651 91 59
0.11012 89 81
0.11110 0 0
0.05189 79 73
0.05232 80 67
0.05195 79 58
0.05198 80 54
0.05204 79 58
0.05275 80 52
0.05294 79 58
0.05620 80 52
0.03572 78 55
0.03443 79 55
0.00111 0 0
0.03427 80 57
0.03520 82 57
0.03394 84 60
0.03378 85 62
0.00109 0 0
0.03470 88 64
0.03454 89 67
0.03330 91 68
0.03421 89 68
0.03299 88 65
0.03286 85 63
0.00106 0 0
0.03296 84 61
0.03329 82 59
0.03371 80 57
0.03406 79 57
0.03451 77 54
0.03488 76 50
0.03535 73 49
0.03573 72 47
0.03621 70 46
0.03707 68 44
0.04474 67 42
0.04435 65 64
0.13304 0 0
0.04515 60 43
0.13544 0 0
0.04409 65 51
0.13226 0 0
0.04474 60 44
0.13423 0 0
0.04383 65 51
0.13149 0 0
0.04501 60 42
0.13504 0 0
0.04370 65 52
0.13110 0 0
0.04488 60 43
0.13463 0 0
0.04370 65 51
0.13110 0 0
0.04448 60 44
0.13344 0 0
0.04370 65 51
0.13110 0 0
0.04533 60 42
0.13599 0 0
0.04383 65 52
0.04383 68 52
0.13149 0 0
0.04440 65 42
0.04440 60 42
0.13320 0 0
0.04383 65 49
0.04383 68 49
0.13149 0 0
0.04410 65 41
0.04410 60 41
0.13229 0 0
0.04370 68 40
0.04370 65 47
0.13110 0 0
0.04455 65 40
0.04455 60 38
0.13366 0 0
0.04396 65 46
0.04396 68 46
0.13187 0 0
0.04461 60 38
0.04461 65 38
0.13383 0 0
0.04365 68 44
0.04365 65 44
0.13095 0 0
0.04410 60 37
0.04410 65 37
0.13229 0 0
0.04370 68 36
0.04370 65 42
0.13110 0 0
0.04533 60 34
0.04533 65 36
0.13599 0 0
0.04383 65 41
0.04383 68 41
0.13149 0 0
0.04488 61 34
0.04488 65 34
0.13463 0 0
0.04396 65 40
0.04396 68 40
0.13187 0 0
0.04474 65 35
0.04474 61 35
0.13423 0 0
0.04409 68 35
0.04409 65 40
0.13226 0 0
0.04515 61 33
0.04515 65 35
0.13544 0 0
0.04396 68 41
0.04396 65 41
0.13187 0 0
0.04474 65 34
0.04474 61 34
0.13423 0 0
0.04383 65 40
0.04383 68 40
0.13149 0 0
0.04474 61 35
0.04474 65 35
0.13423 0 0
0.04383 65 40
0.04383 68 35
0.13149 0 0
0.04533 65 35
0.04533 61 33
0.13599 0 0
0.04383 66 41
0.04383 68 41
0.13149 0 0
0.04488 63 34
0.04488 66 34
0.13463 0 0
0.04370 66 40
0.04370 68 40
0.13110 0 0
0.04461 63 35
0.04461 66 35
0.13383 0 0
0.04370 66 40
0.04370 68 35
0.13110 0 0
0.04470 63 33
0.04470 66 35
0.13411 0 0
0.04365 66 41
0.04365 68 41
0.13095 0 0
0.04440 75 43
0.04440 68 43
0.13320 0 0
0.04365 75 45
0.04365 78 45
0.13095 0 0
0.04410 80 48
0.04410 78 48
0.13229 0 0
0.04351 87 50
0.04351 80 50
0.13052 0 0
0.04533 87 53
0.04533 90 53
0.13599 0 0
0.04281 89 55
0.04281 85 55
0.12842 0 0
0.04440 77 53
0.04440 80 53
0.13320 0 0
0.04365 85 57
0.04365 89 57
0.13095 0 0
0.04410 80 49
0.04410 77 49
0.13229 0 0
0.04351 85 56
0.04351 89 56
0.13052 0 0
0.04470 80 50
0.04470 77 50
0.13411 0 0
0.04305 85 56
0.04305 89 56
0.12915 0 0
0.04440 85 54
0.04440 80 54
0.13320 0 0
0.04365 80 51
0.04365 77 51
0.13095 0 0
0.04410 73 47
0.04410 77 47
0.13229 0 0
0.04351 68 44
0.04351 73 44
0.13052 0 0
0.04533 65 41
0.04533 68 41
0.13599 0 0
0.04293 66 41
0.04293 68 41
0.12878 0 0
0.04440 66 34
0.04440 63 34
0.13320 0 0
0.04293 66 40
0.04293 68 40
0.12878 0 0
0.04410 69 44
0.04410 66 44
0.13229 0 0
0.04351 63 40
0.04351 66 35
0.13052 0 0
0.04470 66 33
0.04470 69 35
0.13411 0 0
0.04365 68 41
0.04365 66 41
0.13095 0 0
0.04440 75 43
0.04440 68 43
0.13320 0 0
0.04365 75 45
0.04365 78 45
0.13095 0 0
0.04410 78 48
0.04410 80 48
0.13229 0 0
0.04351 87 50
0.04351 80 50
0.13052 0 0
0.04533 87 53
0.04533 90 53
0.13599 0 0
0.04351 89 55
0.04351 85 55
0.13052 0 0
0.04440 80 53
0.04440 77 53
0.13320 0 0
0.04318 85 57
0.04318 89 57
0.12953 0 0
0.04410 77 49
0.04410 82 49
0.13229 0 0
0.04351 89 56
0.04351 85 56
0.13052 0 0
0.04470 82 50
0.04470 77 50
0.13411 0 0
0.04365 89 56
0.04365 85 56
0.13095 0 0
0.04440 85 54
0.04440 80 54
0.13320 0 0
0.04365 80 51
0.04365 77 51
0.13095 0 0
0.04410 77 47
0.04410 73 47
0.13229 0 0
0.04351 68 44
0.04351 73 44
0.13052 0 0
0.04533 65 41
0.04533 68 41
0.13599 0 0
0.04281 77 41
0.04281 75 41
0.12842 0 0
0.04440 65 34
0.04440 69 34
0.13320 0 0
0.04293 77 40
0.04293 75 40
0.12878 0 0
0.04410 66 35
0.04410 69 35
0.13229 0 0
0.04351 75 40
0.04351 78 35
0.13052 0 0
0.04470 69 35
0.04470 66 33
0.13411 0 0
0.04365 77 41
0.04365 75 41
0.13095 0 0
0.04440 69 43
0.04440 65 43
0.13320 0 0
0.04365 77 45
0.04365 75 45
0.13095 0 0
0.04410 81 48
0.04410 77 48
0.13229 0 0
0.04351 81 50
0.04351 87 50
0.13052 0 0
0.04533 89 53
0.04533 87 53
0.13599 0 0
0.04293 89 55
0.04293 85 55
0.12878 0 0
0.04440 77 53
0.04440 82 53
0.13320 0 0
0.04365 85 57
0.04365 89 57
0.13095 0 0
0.04410 78 49
0.04410 82 49
0.13229 0 0
0.04351 90 56
0.04351 85 56
0.13052 0 0
0.04470 78 50
0.04470 82 50
0.13411 0 0
0.04365 85 56
0.04365 89 56
0.13095 0 0
0.04440 82 54
0.04440 85 54
0.13320 0 0
0.04365 82 51
0.04365 77 51
0.13095 0 0
0.04410 73 47
0.04410 77 47
0.13229 0 0
0.04351 73 44
0.04351 70 44
0.13052 0 0
0.04533 65 41
0.04533 70 41
0.13599 0 0
0.04293 73 41
0.04293 65 41
0.12878 0 0
0.04440 61 34
0.04440 65 34
0.13320 0 0
0.04318 65 40
0.04318 73 40
0.12953 0 0
0.04410 61 35
0.04410 65 35
0.13229 0 0
0.04351 73 35
0.04351 65 40
0.13052 0 0
0.04470 61 33
0.04470 65 35
0.13411 0 0
0.04305 65 45
0.04305 72 45
0.12915 0 0
0.04440 60 40
0.04440 65 40
0.13320 0 0
0.04365 72 45
0.04365 65 45
0.13095 0 0
0.04410 60 43
0.04410 65 43
0.13229 0 0
0.04351 65 43
0.04351 72 43
0.13052 0 0
0.04470 60 33
0.04470 65 35
0.13411 0 0
0.04305 68 55
0.04305 71 55
0.12915 0 0
0.04440 65 43
0.04440 68 43
0.13320 0 0
0.04365 71 45
0.04365 68 45
0.13095 0 0
0.04410 65 48
0.04410 68 48
0.13229 0 0
0.04351 71 50
0.04351 68 50
0.13052 0 0
0.04533 71 53
0.04533 77 53
0.13599 0 0
0.04318 77 56
0.04318 80 56
0.12953 0 0
0.04440 83 54
0.04440 80 54
0.13320 0 0
0.04365 80 51
0.04365 77 51
0.13095 0 0
0.04410 77 47
0.04410 71 47
0.13229 0 0
0.04351 71 44
0.04351 68 44
0.13052 0 0
0.04533 65 41
0.04533 68 41
0.13599 0 0
0.04293 67 41
0.04293 70 41
0.12878 0 0
0.04440 61 34
0.04440 67 34
0.13320 0 0
0.04365 70 40
0.04365 67 40
0.13095 0 0
0.04410 61 35
0.04410 67 35
0.13229 0 0
0.04351 67 40
0.04351 70 35
0.13052 0 0
0.04470 61 33
0.04470 67 35
0.13411 0 0
0.04305 69 45
0.04305 65 45
0.12915 0 0
0.04440 60 40
0.04440 65 40
0.13320 0 0
0.04365 69 45
0.04365 65 45
0.13095 0 0
0.04410 60 43
0.04410 65 43
0.13229 0 0
0.04351 69 43
0.04351 65 43
0.13052 0 0
0.04470 60 33
0.04470 65 35
0.13411 0 0
0.04365 68 55
0.04365 65 55
0.13095 0 0
0.04440 62 43
0.04440 65 43
0.13320 0 0
0.04365 68 45
0.04365 65 45
0.13095 0 0
0.04410 65 48
0.04410 62 48
0.13229 0 0
0.04351 65 46
0.04351 68 46
0.13052 0 0
0.04533 62 44
0.04533 65 44
0.13599 0 0
0.04365 62 45
0.04365 67 45
0.13095 0 0
0.04440 62 38
0.04440 55 38
0.13320 0 0
0.04365 67 45
0.04365 62 45
0.13095 0 0
0.04410 62 38
0.04410 65 38
0.13229 0 0
0.04351 56 44
0.04351 62 44
0.13052 0 0
0.04533 65 40
0.04533 62 40
0.13599 0 0
0.04365 65 39
0.04365 60 39
0.13095 0 0
0.04440 60 35
0.04440 56 35
0.13320 0 0
0.04305 65 41
0.04305 60 41
0.12915 0 0
0.04410 56 35
0.04410 60 35
0.13229 0 0
0.04351 65 41
0.04351 60 41
0.13052 0 0
0.04533 60 35
0.04533 56 35
0.13599 0 0
0.04305 65 40
0.04305 60 40
0.12915 0 0
0.04440 60 31
0.04440 55 31
0.13320 0 0
0.04365 60 45
0.04365 65 45
0.13095 0 0
0.04410 55 40
0.04410 60 40
0.13229 0 0
0.04351 64 48
0.04351 60 48
0.13052 0 0
0.04533 68 42
0.04533 64 42
0.13599 0 0
0.04318 65 56
0.04318 68 56
0.12953 0 0
0.04440 61 44
0.04440 65 44
0.13320 0 0
0.04365 65 51
0.04365 68 51
0.13095 0 0
0.04410 65 35
0.04410 61 35
0.13229 0 0
0.04351 68 44
0.04351 65 44
0.13052 0 0
0.04533 65 35
0.04533 61 35
0.13599 0 0
0.04305 67 43
0.04305 65 43
0.12915 0 0
0.04440 65 34
0.04440 61 34
0.13320 0 0
0.04365 67 43
0.04365 65 43
0.13095 0 0
0.04410 65 34
0.04410 62 34
0.13229 0 0
0.04351 55 41
0.04351 62 41
0.13052 0 0
0.04533 62 36
0.04533 65 36
0.13599 0 0
0.04305 60 39
0.04305 65 39
0.12915 0 0
0.04440 60 35
0.04440 56 35
0.13320 0 0
0.04365 65 41
0.04365 60 41
0.13095 0 0
0.04410 60 35
0.04410 56 35
0.13229 0 0
0.04351 60 41
0.04351 65 41
0.13052 0 0
0.04533 60 35
0.04533 56 35
0.13599 0 0
0.04318 60 40
0.04318 65 40
0.12953 0 0
0.04440 60 31
0.04440 56 31
0.13320 0 0
0.04365 65 38
0.04365 60 38
0.13095 0 0
0.04410 56 30
0.04410 60 30
0.13229 0 0
0.04351 65 39
0.04351 60 39
0.13052 0 0
0.04533 60 32
0.04533 56 32
0.13599 0 0
0.04293 60 39
0.04293 65 39
0.12878 0 0
0.04440 55 34
0.04440 60 34
0.13320 0 0
0.04365 60 38
0.04365 65 38
0.13095 0 0
0.04410 60 32
0.04410 55 32
0.13229 0 0
0.04351 60 36
0.04351 65 36
0.13052 0 0
0.04533 60 30
0.04533 55 30
0.13599 0 0
0.04410 60 34
0.04410 64 34
0.13229 0 0
0.04549 55 25
0.04549 60 25
0.13647 0 0
0.04455 60 30
0.04455 64 30
0.13366 0 0
0.04630 55 23
0.04630 60 23
0.13891 0 0
0.04549 64 29
0.04549 60 29
0.13647 0 0
0.04892 60 23
0.04892 55 23
1.32094 0 0
0.16719 77 88
0.16929 65 80
0.04283 77 80
0.12848 0 0
0.16672 80 88
0.16834 68 80
0.04283 80 80
0.12848 0 0
0.16696 84 88
0.16881 72 80
0.04295 84 80
0.12885 0 0
0.16400 79 88
0.16601 67 80
0.04246 79 80
0.12739 0 0
0.16421 82 88
0.16694 70 80
0.04258 82 80
0.12775 0 0
0.16467 77 88
0.16647 65 80
0.04332 77 80
0.12997 0 0
0.16718 77 74
0.16718 80 88
0.16881 68 80
0.04283 80 80
0.04283 77 68
0.12848 0 0
0.16637 76 60
0.16637 79 88
0.16881 67 80
0.04332 76 68
0.04332 79 80
0.12997 0 0
0.16602 77 88
0.16740 65 80
0.04295 77 80
0.12885 0 0
0.16591 77 74
0.16591 80 88
0.16834 68 80
0.04307 80 80
0.04307 77 68
0.12922 0 0
0.16557 84 88
0.16557 75 60
0.16740 72 80
0.04295 84 80
0.04295 75 68
0.12885 0 0
0.16684 79 88
0.16684 75 74
0.16881 70 80
0.04332 75 68
0.04332 79 80
0.12997 0 0
0.16811 73 74
0.16811 82 88
0.16811 77 74
0.16929 70 80
0.04332 82 80
0.04332 73 68
0.04332 77 68
0.12997 0 0
0.16843 77 88
0.16843 68 60
0.16843 65 80
0.04332 77 80
0.04332 68 68
0.12997 0 0
0.16795 80 88
0.16795 77 74
0.16795 68 80
0.04307 80 80
0.04307 77 68
0.12922 0 0
0.16749 79 88
0.16749 76 74
0.16749 67 80
0.04515 76 68
0.04515 79 80
0.13544 0 0
0.17230 89 88
0.08305 77 72
0.08305 89 72
0.04461 77 80
0.13383 0 0
0.17131 89 74
0.17131 92 88
0.08236 80 72
0.08236 89 50
0.08236 92 59
0.04370 80 80
0.13110 0 0
0.16890 87 74
0.16890 96 88
0.08169 84 72
0.08169 96 62
0.08169 87 52
0.04307 84 80
0.12922 0 0
0.16890 91 88
0.16890 87 74
0.08214 82 72
0.08214 87 54
0.08214 91 64
0.04345 82 80
0.13034 0 0
0.16986 94 88
0.16986 85 74
0.16986 89 74
0.08236 82 72
0.08236 89 54
0.08236 85 54
0.08236 94 64
0.04383 82 80
0.13149 0 0
0.16986 89 88
0.16986 80 74
0.08305 77 72
0.08305 89 63
0.08305 80 53
0.04345 77 80
0.13034 0 0
0.16938 92 88
0.16938 89 74
0.08121 80 72
0.08121 92 63
0.08121 89 53
0.04307 80 80
0.12922 0 0
0.16843 91 88
0.16843 88 60
0.08259 79 72
0.08259 91 62
0.08259 88 52
0.04307 79 80
0.12922 0 0
0.16843 89 74
0.16843 92 88
0.08143 80 72
0.08143 89 54
0.08143 92 64
0.04307 80 81
0.12922 0 0
0.16843 91 77
0.16843 96 91
0.16843 88 77
0.08187 84 75
0.08187 91 66
0.08187 88 56
0.08187 96 66
0.04357 84 84
0.13072 0 0
0.17034 89 64
0.17034 92 64
0.17034 96 95
0.08259 84 78
0.08259 92 58
0.08259 89 58
0.08259 96 69
0.04474 84 88
0.13423 0 0
0.17230 100 98
0.17230 96 83
0.17230 91 83
0.08351 88 81
0.08351 100 72
0.08351 91 61
0.08351 96 61
0.04448 88 91
0.04448 0 0
0.02965 89 85
0.02965 92 90
0.02965 96 96
0.08374 101 105
0.08398 99 103
0.08439 97 101
0.08482 96 98
0.08526 94 96
0.08568 92 94
0.08567 91 92
0.08566 89 89
0.08588 87 87
0.08592 85 85
0.08615 84 82
0.08610 82 80
0.08590 80 80
0.08590 79 79
0.08589 77 78
0.08566 75 78
0.08566 73 77
0.08552 72 76
0.08493 70 75
0.08479 68 74
0.08469 67 73
0.08447 65 72
0.08438 63 71
0.08421 61 70
#  Piano left
0.05652 53 35
0.17668 0 0
0.05514 65 30
0.05514 60 25
0.05514 56 25
0.16543 0 0
0.05629 53 30
0.17154 0 0
0.05629 65 35
0.05629 56 29
0.05629 60 29
0.16886 0 0
0.05514 53 31
0.16543 0 0
0.05514 60 26
0.05514 65 31
0.05514 56 26
0.17484 0 0
0.05311 53 35
0.15934 0 0
0.05559 56 26
0.05559 59 26
0.05559 62 31
0.16678 0 0
0.05629 53 31
0.17337 0 0
0.06394 48 35
0.19183 0 0
0.05582 52 27
0.05582 55 27
0.05582 60 32
0.16746 0 0
0.05582 48 32
0.17728 0 0
0.05537 55 29
0.05537 52 29
0.05537 60 35
0.16611 0 0
0.05537 48 31
0.16611 0 0
0.05537 55 26
0.05537 60 31
0.05537 52 26
0.16611 0 0
0.05537 49 35
0.16611 0 0
0.05427 53 26
0.05427 61 31
0.16280 0 0
0.05427 49 31
0.17068 0 0
0.22148 46 35
0.22148 55 28
0.22148 58 33
0.10810 55 28
0.10810 58 33
0.10810 48 28
0.11304 0 0
0.43041 56 40
0.43041 53 34
0.21533 0 0
0.05652 53 35
0.17580 0 0
0.05514 56 25
0.05514 65 30
0.05514 60 25
0.16543 0 0
0.05605 53 30
0.17355 0 0
0.05427 56 29
0.05427 65 35
0.05427 60 29
0.16280 0 0
0.05537 53 31
0.16611 0 0
0.05537 60 26
0.05537 65 31
0.05537 56 26
0.17377 0 0
0.05629 53 35
0.16747 0 0
0.05470 62 31
0.05470 59 26
0.05470 56 26
0.16410 0 0
0.05470 53 31
0.17020 0 0
0.06394 48 35
0.19183 0 0
0.05582 60 32
0.05582 55 27
0.05582 52 27
0.16746 0 0
0.05582 48 32
0.17908 0 0
0.05537 52 29
0.05537 55 29
0.05537 60 35
0.16611 0 0
0.05537 48 31
0.16611 0 0
0.05537 55 26
0.05537 60 31
0.05537 52 26
0.16611 0 0
0.05537 49 35
0.16611 0 0
0.05427 53 26
0.05427 61 31
0.16280 0 0
0.05427 49 31
0.16776 0 0
0.22148 46 35
0.21880 58 33
0.21880 55 28
0.22114 55 28
0.22114 48 28
0.22114 58 33
0.21706 53 34
0.21706 56 40
0.43880 0 0
0.05130 36 60
0.15715 0 0
0.05293 48 55
0.16321 0 0
0.05147 36 60
0.15695 0 0
0.05274 48 53
0.16214 0 0
0.05300 36 60
0.15900 0 0
0.05300 48 52
0.16329 0 0
0.05427 36 49
0.16280 0 0
0.05300 48 43
0.15900 0 0
0.05300 36 43
0.15900 0 0
0.05341 48 43
0.16023 0 0
0.05470 36 41
0.16410 0 0
0.05470 48 43
0.16410 0 0
0.05095 36 60
0.15624 0 0
0.05274 48 55
0.16902 0 0
0.21200 36 60
0.21540 37 60
0.05300 49 49
0.15900 0 0
0.05300 37 57
0.16329 0 0
0.05427 36 49
0.16280 0 0
0.05300 48 43
0.15900 0 0
0.05300 36 43
0.15900 0 0
0.21364 41 43
0.43412 0 0
0.05112 48 60
0.15697 0 0
0.05293 60 55
0.16321 0 0
0.05183 48 60
0.15731 0 0
0.05293 60 53
0.16233 0 0
0.05300 48 60
0.15900 0 0
0.05300 60 52
0.16329 0 0
0.05427 47 49
0.16280 0 0
0.05300 59 43
0.15900 0 0
0.05300 47 43
0.15900 0 0
0.05341 60 43
0.16023 0 0
0.05470 48 41
0.16410 0 0
0.05470 60 43
0.16410 0 0
0.05165 48 60
0.15750 0 0
0.05292 60 55
0.16321 0 0
0.21200 48 60
0.21270 49 60
0.05300 61 49
0.15900 0 0
0.05300 49 57
0.16329 0 0
0.05427 49 49
0.16280 0 0
0.05300 61 43
0.15900 0 0
0.05300 49 43
0.15900 0 0
0.10682 61 43
0.10682 0 0
0.10940 49 43
0.10940 0 0
0.10940 61 43
0.10940 0 0
0.10853 49 43
0.10853 0 0
0.10853 61 43
0.10853 0 0
0.10853 49 44
0.10853 0 0
0.10725 61 45
0.10725 0 0
0.10725 49 50
0.10725 0 0
0.10725 61 51
0.11210 0 0
0.10725 48 51
0.10725 0 0
0.10725 60 53
0.10725 0 0
0.10725 48 57
0.11446 0 0
0.12605 53 60
0.56017 0 0
0.05112 36 60
0.15623 0 0
0.05255 48 55
0.16284 0 0
0.05165 36 60
0.15713 0 0
0.05274 48 53
0.16214 0 0
0.05300 36 60
0.15900 0 0
0.05300 48 52
0.16621 0 0
0.05427 36 49
0.16280 0 0
0.05300 48 43
0.15900 0 0
0.05300 36 43
0.15900 0 0
0.05341 48 43
0.16023 0 0
0.05470 36 41
0.16410 0 0
0.05470 48 43
0.16410 0 0
0.05165 36 60
0.15750 0 0
0.05292 48 55
0.16528 0 0
0.21200 36 60
0.21540 37 60
0.05300 49 49
0.15900 0 0
0.05300 37 57
0.16329 0 0
0.05427 36 49
0.16280 0 0
0.05300 48 43
0.15900 0 0
0.05300 36 43
0.15900 0 0
0.22089 41 43
0.43412 0 0
0.05165 48 60
0.15750 0 0
0.05292 60 55
0.16321 0 0
0.05201 48 60
0.15786 0 0
0.05292 60 53
0.16233 0 0
0.05300 48 60
0.15900 0 0
0.05300 60 52
0.16329 0 0
0.05427 47 49
0.16280 0 0
0.05300 59 43
0.15900 0 0
0.05300 47 43
0.15900 0 0
0.05341 60 43
0.16023 0 0
0.05470 48 41
0.16410 0 0
0.05470 60 43
0.16706 0 0
0.05165 48 60
0.15787 0 0
0.05311 60 55
0.16340 0 0
0.21200 48 60
0.21540 49 60
0.05300 61 49
0.15900 0 0
0.05300 49 57
0.16329 0 0
0.05427 49 49
0.16280 0 0
0.05300 61 43
0.15900 0 0
0.05300 49 43
0.15900 0 0
0.10682 61 43
0.10682 0 0
0.10940 49 43
0.10940 0 0
0.10940 61 43
0.10940 0 0
0.10853 49 43
0.10853 0 0
0.10853 61 43
0.10853 0 0
0.10853 49 44
0.10853 0 0
0.10725 61 45
0.10725 0 0
0.10725 49 50
0.10725 0 0
0.10725 61 51
0.11210 0 0
0.10511 48 51
0.10511 0 0
0.10660 60 53
0.10660 0 0
0.10660 48 57
0.11446 0 0
0.10853 53 60
0.10853 0 0
1.07373 64 61
1.07373 61 51
1.07373 53 51
1.07373 58 51
0.10810 56 52
0.10810 60 52
0.10810 53 52
0.10810 65 62
0.10810 0 0
1.08491 58 51
1.08491 53 51
1.08491 64 61
1.08491 61 51
0.10810 56 52
0.10810 53 52
0.10810 60 52
0.10810 65 62
0.10810 0 0
1.10047 53 51
1.10047 61 51
1.10047 58 51
1.10047 64 61
0.11450 65 62
0.11450 56 52
0.11450 53 52
0.11450 60 52
0.11450 0 0
1.78745 64 61
1.78745 53 51
1.78745 58 51
1.78745 61 51
0.05652 53 35
0.17668 0 0
0.05514 60 25
0.05514 65 30
0.05514 56 25
0.16543 0 0
0.05629 53 30
0.17154 0 0
0.05629 65 35
0.05629 60 29
0.05629 56 29
0.16886 0 0
0.05514 53 31
0.16543 0 0
0.05514 60 26
0.05514 65 31
0.05514 56 26
0.17484 0 0
0.05629 53 35
0.16722 0 0
0.05427 59 26
0.05427 56 26
0.05427 62 31
0.16280 0 0
0.05629 53 31
0.17337 0 0
0.06394 48 35
0.19183 0 0
0.05582 55 27
0.05582 60 32
0.05582 52 27
0.16746 0 0
0.05582 48 32
0.17679 0 0
0.05537 55 29
0.05537 60 35
0.05537 52 29
0.16611 0 0
0.05537 48 31
0.16611 0 0
0.05537 60 31
0.05537 55 26
0.05537 52 26
0.16611 0 0
0.05537 49 35
0.16611 0 0
0.05427 61 31
0.05427 53 26
0.16280 0 0
0.05427 49 31
0.17238 0 0
0.22148 46 35
0.22148 55 28
0.22148 58 33
0.10810 58 33
0.10810 55 28
0.10810 48 28
0.11304 0 0
0.43041 56 40
0.43041 53 34
0.21533 0 0
0.05652 53 35
0.17580 0 0
0.05514 56 25
0.05514 65 30
0.05514 60 25
0.16543 0 0
0.05605 53 30
0.17258 0 0
0.05629 56 29
0.05629 65 35
0.05629 60 29
0.16886 0 0
0.05537 53 31
0.16611 0 0
0.05537 56 26
0.05537 65 31
0.05537 60 26
0.17101 0 0
0.05629 53 35
0.16747 0 0
0.05470 62 31
0.05470 59 26
0.05470 56 26
0.16410 0 0
0.05470 53 31
0.17020 0 0
0.06394 48 35
0.19183 0 0
0.05582 55 27
0.05582 52 27
0.05582 60 32
0.16746 0 0
0.05582 48 32
0.17908 0 0
0.05537 52 29
0.05537 60 35
0.05537 55 29
0.16611 0 0
0.05537 48 31
0.16611 0 0
0.05537 55 26
0.05537 52 26
0.05537 60 31
0.16611 0 0
0.05537 49 35
0.16611 0 0
0.05427 53 26
0.05427 61 31
0.16280 0 0
0.05427 49 31
0.16776 0 0
0.05537 50 35
0.16611 0 0
0.05537 58 31
0.05537 62 31
0.16611 0 0
0.05537 50 31
0.16611 0 0
0.05537 51 39
0.16611 0 0
0.05427 58 33
0.05427 63 33
0.16280 0 0
0.05427 51 33
0.16776 0 0
0.05263 48 41
0.16016 0 0
0.05376 60 32
0.16405 0 0
0.05405 48 31
0.16215 0 0
0.05282 47 40
0.16034 0 0
0.05376 59 36
0.16495 0 0
0.05384 47 36
0.16151 0 0
0.05362 46 51
0.16437 0 0
0.05384 62 43
0.05384 53 36
0.05384 58 36
0.16502 0 0
0.05255 46 57
0.16284 0 0
0.05219 62 46
0.05219 53 39
0.05219 58 39
0.16159 0 0
0.05183 46 55
0.15993 0 0
0.05130 58 40
0.05130 62 48
0.05130 53 40
0.16114 0 0
0.05239 46 61
0.15716 0 0
0.05239 54 39
0.05239 63 47
0.05239 57 39
0.15716 0 0
0.05239 46 60
0.15716 0 0
0.05239 57 48
0.05239 54 48
0.05239 63 57
0.15716 0 0
0.05274 46 46
0.15822 0 0
0.05274 54 38
0.05274 63 45
0.05274 57 38
0.15822 0 0
0.05362 46 51
0.16437 0 0
0.05384 53 36
0.05384 62 43
0.05384 58 36
0.16502 0 0
0.05311 46 57
0.16340 0 0
0.05219 58 39
0.05219 62 46
0.05219 53 39
0.16159 0 0
0.05165 46 55
0.15975 0 0
0.05095 58 40
0.05095 53 40
0.05095 62 48
0.16079 0 0
0.05190 46 61
0.15571 0 0
0.05190 57 39
0.05190 54 39
0.05190 63 47
0.15571 0 0
0.05263 46 60
0.15789 0 0
0.05208 63 57
0.05208 54 48
0.05208 57 48
0.15625 0 0
0.05208 46 46
0.15625 0 0
0.05263 57 38
0.05263 63 45
0.05263 54 38
0.15789 0 0
0.05362 46 51
0.16437 0 0
0.05384 53 36
0.05384 62 43
0.05384 58 36
0.16502 0 0
0.05384 44 57
0.16412 0 0
0.05300 56 46
0.16240 0 0
0.05279 43 55
0.16089 0 0
0.05199 55 48
0.16183 0 0
0.05362 48 51
0.16437 0 0
0.05384 60 43
0.16502 0 0
0.05384 46 57
0.16412 0 0
0.05300 58 46
0.16240 0 0
0.05279 43 55
0.16089 0 0
0.05199 55 48
0.16183 0 0
0.05362 44 57
0.16437 0 0
0.05384 56 49
0.16502 0 0
0.05384 34 57
0.16412 0 0
0.05300 46 46
0.16240 0 0
0.05279 36 64
0.16089 0 0
0.05199 48 58
0.16181 0 0
0.10907 41 65
0.10907 29 60
0.10909 0 0
1.07881 64 61
1.07881 61 51
1.07881 58 51
1.07881 53 51
0.10810 56 52
0.10810 53 52
0.10810 60 52
0.10810 65 62
0.10819 0 0
1.07865 53 51
1.07865 61 51
1.07865 64 61
1.07865 58 51
0.10810 65 62
0.10810 56 52
0.10810 60 52
0.10810 53 52
0.10810 0 0
1.10458 53 51
1.10458 58 51
1.10458 61 51
1.10458 64 61
0.11393 53 52
0.11393 56 52
0.11393 60 52
0.11393 65 62
0.11494 0 0
1.20219 58 51
1.20219 64 61
1.20219 53 51
1.20219 61 51
0.25578 60 79
0.25578 56 67
0.25578 53 67
0.51155 0 0
0.42729 61 67
0.42729 51 67
0.42729 63 79
0.42729 58 67
0.84472 0 0
0.18957 63 32
0.18957 56 27
0.18957 60 32
0.02092 0 0
0.18694 60 29
0.18694 56 24
0.18694 63 29
0.02064 0 0
0.82817 60 29
0.82817 63 29
1.27818 61 26
1.27818 65 31
2.10635 56 24
0.18783 60 27
0.18783 63 32
0.18783 56 27
0.02078 0 0
0.18600 63 29
0.18600 56 24
0.18600 60 24
0.02059 0 0
0.83032 60 24
0.20731 61 31
0.20731 58 30
0.20731 60 30
0.20724 61 31
0.20832 60 28
0.21052 58 31
2.07833 56 24
2.07833 63 29
0.18957 63 32
0.18957 56 27
0.18957 59 27
0.02092 0 0
0.18694 56 24
0.18694 59 24
0.18694 63 29
0.02064 0 0
0.82817 63 29
0.82817 59 24
1.27818 64 31
1.27818 61 26
2.10635 56 24
0.18783 56 27
0.18783 63 32
0.18783 59 27
0.02078 0 0
0.18600 56 24
0.18600 63 29
0.18600 59 24
0.02059 0 0
0.83032 59 24
0.20731 61 31
0.20731 58 30
0.20731 59 30
0.20724 61 31
0.20832 59 28
0.10499 58 31
2.07833 63 29
2.07833 56 24
0.18957 63 32
0.18957 56 27
0.18957 60 27
0.02092 0 0
0.18694 63 29
0.18694 60 24
0.18694 56 24
0.02064 0 0
0.82817 63 29
0.82817 60 24
1.27818 61 26
1.27818 65 31
2.10635 56 24
0.18783 63 38
0.18783 60 32
0.18783 56 32
0.02078 0 0
0.18600 60 29
0.18600 56 29
0.18600 63 35
0.02059 0 0
0.79967 56 30
0.79967 60 30
1.19312 61 33
1.99279 63 36
1.19312 58 33
1.19312 55 33
0.18623 63 48
0.18623 56 40
0.18623 59 40
0.02047 0 0
0.18233 56 36
0.18233 63 43
0.18233 59 36
0.02004 0 0
0.80182 59 36
0.80182 63 43
1.24557 64 46
1.24557 61 39
2.04739 56 36
0.18306 63 48
0.18306 56 40
0.18306 59 40
0.02024 0 0
0.18160 59 36
0.18160 63 43
0.18160 56 36
0.02011 0 0
0.79046 56 36
0.79046 59 36
0.79046 63 43
0.58538 64 43
0.61096 63 43
1.19634 55 36
1.19634 61 36
1.19634 58 36
0.59282 56 34
0.59282 59 34
0.59282 63 41
0.60552 47 29
0.60552 51 29
0.60552 56 35
0.39054 0 0
0.13739 57 29
0.13739 61 29
0.66531 49 36
0.39054 0 0
0.13614 58 29
0.13614 61 29
0.66282 51 36
0.39382 0 0
0.80452 56 29
1.19834 47 41
0.80452 51 29
0.80452 59 35
0.39054 0 0
0.13802 61 29
0.13802 57 24
0.66658 49 36
0.39054 0 0
0.13614 61 29
0.13614 58 24
0.66282 51 36
0.39382 0 0
0.80452 56 29
1.19834 47 41
0.80452 51 29
0.80452 59 35
0.39054 0 0
0.23405 57 24
0.23405 61 29
0.62458 49 36
0.53485 0 0
0.63586 61 30
0.63586 58 25
1.17071 51 35
0.19332 44 44
0.19721 0 0
0.15356 59 29
0.15356 56 24
0.15356 0 0
0.19332 44 44
0.19721 0 0
0.15048 61 29
0.15048 58 24
0.15048 0 0
0.19332 44 44
0.19721 0 0
0.15048 59 24
0.15048 63 29
0.15048 0 0
0.05357 61 26
0.05357 58 26
0.05357 63 31
0.16071 0 0
0.05455 61 24
0.05455 63 29
0.05455 58 24
0.16364 0 0
0.05944 63 29
0.05944 56 24
0.05944 59 24
0.17832 0 0
0.39054 51 44
0.15356 58 29
0.15356 55 24
0.15356 0 0
0.39054 51 44
0.14257 59 29
0.14257 56 24
0.14257 0 0
0.39054 51 44
0.15048 61 29
0.15048 58 24
0.15048 0 0
0.05338 59 31
0.05338 51 26
0.05338 56 26
0.16014 0 0
0.05455 56 24
0.05455 51 24
0.05455 59 29
0.16364 0 0
0.05944 55 24
0.05944 58 29
0.05944 51 24
0.17832 0 0
0.39054 44 48
0.15356 59 31
0.15356 56 26
0.15356 0 0
0.39054 44 48
0.15048 61 31
0.15048 58 26
0.15048 0 0
0.39054 44 48
0.13991 63 31
0.13991 59 26
0.13991 0 0
0.05396 61 33
0.05396 54 33
0.05396 64 40
0.16187 0 0
0.05474 54 31
0.05474 61 31
0.05474 64 37
0.16423 0 0
0.06684 66 37
0.06684 58 31
0.06684 54 31
0.59105 0 0
0.15048 63 31
0.15048 59 26
0.69150 54 48
0.05376 54 33
0.05376 61 33
0.05376 64 40
0.16129 0 0
0.05474 54 31
0.05474 61 31
0.05474 64 37
0.16423 0 0
0.05944 66 37
0.05944 54 31
0.05944 58 31
0.56885 0 0
0.23034 58 29
0.23034 63 35
0.69766 55 69
0.39054 0 0
0.22572 63 35
0.22572 59 29
0.69150 56 68
0.39054 49 65
0.22572 64 35
0.22572 61 29
0.07524 0 0
0.05396 51 37
0.05396 59 37
0.05396 63 46
0.16187 0 0
0.05474 59 35
0.05474 51 35
0.05474 63 42
0.16423 0 0
0.05944 63 42
0.05944 58 35
0.05944 51 35
0.56885 0 0
0.20987 63 35
0.20987 58 29
0.67036 55 69
0.39054 0 0
0.21285 63 35
0.21285 59 29
0.67433 56 68
0.39054 49 65
0.22572 61 29
0.22572 64 35
0.07524 0 0
0.05376 59 37
0.05376 63 46
0.05376 51 37
0.16129 0 0
0.05495 59 35
0.05495 51 35
0.05495 63 42
0.16483 0 0
0.05944 58 35
0.05944 63 42
0.05944 51 35
0.17832 0 0
0.39054 51 75
0.23034 61 38
0.23034 58 31
0.07678 0 0
0.39054 51 74
0.22572 59 31
0.22572 63 38
0.07524 0 0
0.39054 51 71
0.22572 61 31
0.22572 64 38
0.07524 0 0
0.05415 61 50
0.05415 58 40
0.05415 51 40
0.16245 0 0
0.05515 61 46
0.05515 51 38
0.05515 58 38
0.16544 0 0
0.05944 51 38
0.05944 55 38
0.05944 58 46
0.17832 0 0
0.39054 51 71
0.20232 64 38
0.20232 61 31
0.06744 0 0
0.05415 61 50
0.05415 51 40
0.05415 58 40
0.16245 0 0
0.05474 58 38
0.05474 61 46
0.05474 51 38
0.16423 0 0
0.06213 58 46
0.06213 55 38
0.06213 51 38
0.18640 0 0
0.38776 51 71
0.19620 61 31
0.19620 64 38
0.06540 0 0
0.38594 51 68
0.19120 64 42
0.19120 61 35
0.06373 0 0
0.38325 51 72
0.18644 64 44
0.18644 61 36
0.06215 0 0
0.38236 51 75
0.20147 61 38
0.20147 64 46
0.06716 0 0
0.39044 51 76
0.22572 64 48
0.22572 61 39
1.28329 0 0
0.39054 52 44
0.15356 64 29
0.15356 61 24
0.15356 0 0
0.39054 52 44
0.15048 61 24
0.15048 64 29
0.15048 0 0
0.39054 52 44
0.15048 61 24
0.15048 64 29
0.15048 0 0
0.05357 62 31
0.05357 59 26
0.05357 52 26
0.16071 0 0
0.05455 59 24
0.05455 52 24
0.05455 62 29
0.16364 0 0
0.05944 52 24
0.05944 61 29
0.05944 57 24
0.17832 0 0
0.39054 52 44
0.15356 59 24
0.15356 62 29
0.15356 0 0
0.39054 52 44
0.13926 62 29
0.13926 59 24
0.13926 0 0
0.39054 52 44
0.15119 59 24
0.15119 62 29
0.15119 0 0
0.05357 61 31
0.05357 57 26
0.05357 52 26
0.16071 0 0
0.05455 61 29
0.05455 57 24
0.05455 52 24
0.16364 0 0
0.05944 56 24
0.05944 59 29
0.05944 52 24
0.17832 0 0
0.39054 52 44
0.15356 64 29
0.15356 61 24
0.15356 0 0
0.39054 52 44
0.15048 64 29
0.15048 61 24
0.15048 0 0
0.39054 52 44
0.15048 61 24
0.15048 64 29
0.15048 0 0
0.05357 52 30
0.05357 59 30
0.05357 62 37
0.16071 0 0
0.05455 59 28
0.05455 62 34
0.05455 52 28
0.16364 0 0
0.05944 61 34
0.05944 52 28
0.05944 57 28
0.17832 0 0
0.39054 52 44
0.15356 59 24
0.15356 62 29
0.15356 0 0
0.39054 52 44
0.15048 59 24
0.15048 62 29
0.15048 0 0
0.39054 52 44
0.15048 62 29
0.15048 59 24
0.15048 0 0
0.05357 57 30
0.05357 52 30
0.05357 61 37
0.16071 0 0
0.05455 52 28
0.05455 61 34
0.05455 57 28
0.16364 0 0
0.05944 56 28
0.05944 59 34
0.05944 52 28
0.17832 0 0
0.39054 52 48
0.12876 57 27
0.12876 61 33
0.12876 0 0
0.39054 52 51
0.12821 56 29
0.12821 59 35
0.12821 0 0
0.39054 52 55
0.12552 57 31
0.12552 61 37
0.12552 0 0
0.39054 52 58
0.15048 59 32
0.15048 62 39
0.15048 0 0
0.17624 56 56
0.17624 63 67
0.17624 60 56
0.17624 51 56
0.01958 0 0
0.17624 56 34
0.17624 60 34
0.17624 63 41
0.17624 51 34
0.01940 0 0
0.78194 56 34
0.78194 60 34
1.22780 58 34
2.00974 63 41
2.00974 51 34
1.22780 61 41
0.17624 56 56
0.17624 60 56
0.17624 63 67
0.17624 51 56
0.01958 0 0
0.17624 56 34
0.17624 60 34
0.17624 63 41
0.17624 51 34
0.01940 0 0
0.78194 60 34
0.78194 56 34
1.25990 61 41
2.04184 63 41
2.04184 51 34
1.25990 55 34
0.17624 56 56
0.17624 51 56
0.17624 60 56
0.17624 63 67
0.01958 0 0
0.17624 56 34
0.17624 60 34
0.17624 51 34
0.17624 63 41
0.01940 0 0
0.78194 60 34
0.78194 56 34
0.80588 61 41
1.58782 51 34
1.58782 63 41
0.80588 55 34
0.61917 0 0
0.11522 44 56
0.11522 48 49
0.11352 51 56
0.11123 49 54
0.10949 48 54
0.10961 46 53
0.10985 44 52
0.11010 43 52
0.11022 41 51
0.11056 39 50
0.11072 37 49
0.11096 36 48
0.11117 34 48
0.11134 32 47
0.11198 31 46
0.11201 32 45
0.11171 34 44
0.11150 36 46
0.11134 37 47
0.11100 39 48
0.11083 41 48
0.11059 43 49
0.11034 44 50
0.11018 46 51
0.10985 48 52
0.10969 49 52
0.10949 51 53
0.10920 53 54
0.10905 55 56
0.10877 56 56
0.10856 58 58
0.10841 60 59
0.10809 61 60
0.10782 63 62
0.10704 65 63
0.10739 63 63
0.10774 61 61
0.10810 60 60
0.10845 58 58
0.10881 56 56
0.10917 55 55
0.10953 53 53
0.11002 51 52
0.11144 49 50
0.11297 48 48
0.11454 46 47
0.20950 44 49
0.11522 56 39
0.11522 60 34
0.11352 63 39
0.11123 61 37
0.10949 60 37
0.10961 58 37
0.10985 56 36
0.11010 55 36
0.11022 53 35
0.11056 51 35
0.11072 49 34
0.11096 48 33
0.11117 46 33
0.11134 44 32
0.11198 43 32
0.11201 44 31
0.11171 46 30
0.11150 48 32
0.11134 49 32
0.11100 51 33
0.11083 53 33
0.11059 55 34
0.11034 56 35
0.11018 58 35
0.10985 60 36
0.10969 61 36
0.10949 63 37
0.10920 65 37
0.10905 67 39
0.10877 68 39
0.10856 70 40
0.10841 72 41
0.10809 73 42
0.10782 75 43
0.10704 77 44
0.10739 75 44
0.10774 73 42
0.10810 72 42
0.10845 70 40
0.10881 68 39
0.10917 67 38
0.10953 65 37
0.11002 63 36
0.11144 61 35
0.11297 60 33
0.11454 58 32
0.20950 56 34
0.11522 56 56
0.11522 59 49
0.11352 63 56
0.11123 61 54
0.10949 59 54
0.10961 58 53
0.10985 56 52
0.11010 54 52
0.11022 52 51
0.11056 51 50
0.11072 49 49
0.11096 47 48
0.11117 46 48
0.11134 44 47
0.11198 43 46
0.11201 44 45
0.11171 46 44
0.11150 47 46
0.11134 49 47
0.11100 51 48
0.11083 53 48
0.11059 55 49
0.11034 56 50
0.11018 58 55
0.10985 59 56
0.10969 61 57
0.10949 63 59
0.10920 65 60
0.10905 67 62
0.10877 68 60
0.10856 70 63
0.10841 71 65
0.10809 73 68
0.10782 75 71
0.10704 76 73
0.10739 74 74
0.10774 73 73
0.10810 71 72
0.10845 69 70
0.10881 68 69
0.10917 66 68
0.10953 64 66
0.11002 62 65
0.11144 61 64
0.11297 59 62
0.11398 57 61
0.10917 56 60
0.10953 54 58
0.11002 52 57
0.11144 50 56
0.11297 49 54
0.11398 47 53
0.10917 45 58
0.10953 44 60
0.11002 42 62
0.11144 40 64
0.07599 38 66
0.07583 37 67
0.06954 35 68
0.60003 33 66
0.59930 45 66
0.59930 33 56
0.59715 33 52
0.59715 45 62
0.59521 33 52
0.59521 45 62
0.59573 45 64
0.59573 33 54
0.59786 45 54
0.59786 52 64
0.59786 49 54
0.60196 45 54
0.60196 57 64
0.60196 52 54
0.60196 49 54
0.59619 59 51
0.59619 56 43
0.59619 52 43
0.38887 0 0
0.10366 60 34
0.10366 56 28
0.59619 51 43
0.38333 0 0
0.10260 60 28
0.10260 63 34
0.58853 51 43
0.38547 0 0
0.10295 61 34
0.10295 58 28
0.59137 51 43
0.38887 0 0
0.10260 58 34
0.10260 55 28
0.59406 51 43
0.39054 0 0
0.10366 60 34
0.10366 56 28
0.59786 51 43
0.38115 0 0
0.10295 63 34
0.10295 60 28
0.58705 51 43
0.38057 0 0
0.10225 58 37
0.10225 61 44
0.58507 51 56
0.38481 0 0
0.10331 58 44
0.10331 55 37
0.59143 51 56
0.39054 0 0
0.10366 56 37
0.10366 60 44
0.60639 51 56
0.38854 0 0
0.10366 60 44
0.10366 57 37
0.10366 54 37
0.10366 51 37
0.59587 48 56
0.38417 0 0
0.10087 61 44
0.10087 58 37
0.10087 53 37
0.58592 49 56
0.39054 0 0
0.10366 58 44
0.10366 55 37
0.63031 51 56
0.39054 40 40
0.10366 55 27
0.10366 60 32
0.10366 52 27
0.10366 0 0
0.39054 40 40
0.10225 52 27
0.10225 55 27
0.10225 60 32
0.10225 0 0
0.38573 40 40
0.10366 55 27
0.10366 52 27
0.10366 60 32
0.10366 0 0
0.39054 40 40
0.10366 60 32
0.10366 52 27
0.10366 55 27
0.10366 0 0
0.39146 39 43
0.78194 56 27
0.78194 60 27
1.22780 58 27
1.22780 61 32
2.00974 51 27
0.19332 40 48
0.19721 0 0
0.10366 55 32
0.10366 52 32
0.10366 60 38
0.10366 0 0
0.19332 40 48
0.19721 0 0
0.10225 60 38
0.10225 52 32
0.10225 55 32
0.10225 0 0
0.19145 40 48
0.19428 0 0
0.10366 55 32
0.10366 52 32
0.10366 60 38
0.10366 0 0
0.19332 40 48
0.19721 0 0
0.10366 55 32
0.10366 52 32
0.10366 60 38
0.10366 0 0
0.19582 39 51
0.19564 0 0
0.78194 60 32
0.78194 56 32
1.22780 61 38
1.22780 55 32
2.00974 51 32
0.39054 40 57
0.10366 55 38
0.10366 60 45
0.10366 52 38
0.10366 0 0
0.39054 40 57
0.10225 52 38
0.10225 60 45
0.10225 55 38
0.10225 0 0
0.38573 40 57
0.10366 55 38
0.10366 52 38
0.10366 60 45
0.10366 0 0
0.39054 40 57
0.10366 55 38
0.10366 52 38
0.10366 60 45
0.10366 0 0
0.39146 43 61
0.78194 55 38
0.78194 52 38
0.78194 60 38
1.22780 55 38
1.22780 59 45
1.22780 53 38
0.19582 39 67
0.19564 0 0
0.78194 56 51
0.78194 60 61
1.00990 58 51
1.00990 61 61
1.79184 51 51
1.21557 55 51
0.20948 44 83
0.11522 56 61
0.11522 60 53
0.11352 63 61
0.11123 61 59
0.10949 60 59
0.10961 58 58
0.10985 56 57
0.11010 55 57
0.11022 53 56
0.11056 51 55
0.11072 49 53
0.11096 48 52
0.11117 46 52
0.11134 44 51
0.11198 43 50
0.11201 41 49
0.11171 39 48
0.11150 41 50
0.11134 39 53
0.11100 37 55
0.11083 36 57
0.11000 34 59
0.09463 32 62
0.09463 36 53
0.09463 32 62
0.09803 36 52
0.10475 39 58
0.10475 0 0
0.09404 32 62
0.09404 36 53
0.09404 32 62
0.09803 36 52
0.10475 39 58
0.10475 0 0
0.09433 32 62
0.09433 36 53
0.09433 32 62
0.09771 36 52
0.10475 39 58
0.10475 0 0
0.09433 32 62
0.09433 36 53
0.09433 32 62
0.09771 36 52
0.10475 39 58
0.10475 0 0
0.18986 32 55
2.87140 0 0
0.10720 58 45
0.10748 56 45
0.10771 55 44
0.10790 53 44
0.10819 51 43
0.10838 49 43
0.10857 48 42
0.10890 46 41
0.10909 44 41
0.10929 43 40
0.11018 44 40
0.11008 46 40
0.10965 48 41
0.10924 49 41
0.10884 51 42
0.10844 53 43
0.10804 55 44
0.10769 56 45
0.09756 58 46
0.97688 0 0
0.09374 43 70
0.09374 46 55
0.09374 43 65
0.09374 46 56
0.09740 49 65
0.09740 0 0
0.09404 43 71
0.09404 46 54
0.09404 43 63
0.09404 46 54
0.09572 49 66
0.09572 0 0
0.09433 43 71
0.09433 46 62
0.09433 43 66
0.09433 46 54
0.09803 49 65
4.23461 0 0
0.09374 55 70
0.09374 58 55
0.09374 55 65
0.09374 58 56
0.09541 61 65
0.09541 0 0
0.09404 55 71
0.09404 58 54
0.09404 55 63
0.09404 58 54
0.10087 61 66
0.10087 0 0
0.09433 55 71
0.09433 58 62
0.09433 55 66
0.09433 58 54
0.09803 61 65
3.01334 0 0
0.09374 64 42
0.09374 67 33
0.09374 64 39
0.09374 67 33
0.09740 70 39
0.09740 0 0
0.09404 64 42
0.09404 67 32
0.09404 64 37
0.09404 67 32
0.09708 70 39
3.00668 0 0
0.09374 72 42
0.09374 79 33
0.09374 72 39
0.09374 79 33
0.09740 82 39
0.09740 0 0
0.09276 72 42
0.09276 79 32
0.09276 72 37
0.09276 79 32
0.09708 82 39
1.26205 0 0
0.09554 60 35
0.09554 68 28
0.09554 60 33
0.09554 68 28
0.10203 71 33
0.10203 0 0
0.09392 60 35
0.09392 68 27
0.09392 60 31
0.09392 68 27
0.10134 71 33
1.33006 0 0
0.10489 48 28
0.10489 55 22
0.10489 48 26
0.10489 55 22
0.22306 60 26
0.11330 48 28
0.11717 55 21
0.12095 48 24
0.12498 55 21
1.55360 60 26
1.32172 0 0
0.05311 48 47
0.16405 0 0
0.05388 60 39
0.16523 0 0
0.05568 48 47
0.16703 0 0
0.05407 60 39
0.16625 0 0
0.05609 48 47
0.16827 0 0
0.05682 60 43
0.17045 0 0
0.05330 48 29
0.05330 52 35
0.17025 0 0
0.05514 60 30
0.16543 0 0
0.05629 48 25
0.05629 52 30
0.17154 0 0
0.05629 60 35
0.16886 0 0
0.05514 48 26
0.05514 52 31
0.16543 0 0
0.05514 60 31
0.16776 0 0
0.05311 53 35
0.05311 49 29
0.16987 0 0
0.05514 60 30
0.16543 0 0
0.05629 49 25
0.05629 53 30
0.17154 0 0
0.05629 60 35
0.16886 0 0
0.05514 53 31
0.05514 49 26
0.16543 0 0
0.05514 60 31
0.17029 0 0
0.05190 52 29
0.05190 55 35
0.16745 0 0
0.05514 60 30
0.16543 0 0
0.05629 55 30
0.05629 52 25
0.17154 0 0
0.05652 53 29
0.05652 56 35
0.17668 0 0
0.05514 60 30
0.16543 0 0
0.05629 56 30
0.05629 53 25
0.16886 0 0
0.05682 55 28
0.05682 58 33
0.17102 0 0
0.05726 60 36
0.05726 58 30
0.05726 55 30
0.17277 0 0
0.05792 58 34
0.05792 61 40
0.05792 55 34
0.17456 0 0
0.05849 62 43
0.05849 58 36
0.05849 55 36
0.17729 0 0
0.06002 58 34
0.06002 55 34
0.06002 63 40
0.18282 0 0
0.06986 58 32
0.06986 64 38
0.06986 55 32
0.20929 0 0
0.05463 53 35
0.17077 0 0
0.05330 56 25
0.05330 65 30
0.05330 60 25
0.15989 0 0
0.05440 53 30
0.16580 0 0
0.05440 56 29
0.05440 65 35
0.05440 60 29
0.16321 0 0
0.05330 53 31
0.15989 0 0
0.05330 56 26
0.05330 60 26
0.05330 65 31
0.18724 0 0
0.05376 53 35
0.16129 0 0
0.05263 56 26
0.05263 59 26
0.05263 62 31
0.15789 0 0
0.05440 53 31
0.16757 0 0
0.06180 48 35
0.18541 0 0
0.05395 55 27
0.05395 52 27
0.05395 60 32
0.16186 0 0
0.05395 48 32
0.17135 0 0
0.05352 52 29
0.05352 55 29
0.05352 60 35
0.16055 0 0
0.05352 48 31
0.16055 0 0
0.05352 60 31
0.05352 52 26
0.05352 55 26
0.16055 0 0
0.05352 49 35
0.16055 0 0
0.05245 61 31
0.05245 53 26
0.15735 0 0
0.05245 49 31
0.16497 0 0
0.21407 46 35
0.21407 58 33
0.21407 55 28
0.10449 55 28
0.10449 58 33
0.10449 48 28
0.10926 0 0
0.41601 56 40
0.41601 53 34
0.20812 0 0
0.05463 53 35
0.16993 0 0
0.05330 65 30
0.05330 56 25
0.05330 60 25
0.15989 0 0
0.05418 53 30
0.16774 0 0
0.05201 60 29
0.05201 56 29
0.05201 65 35
0.16254 0 0
0.05352 53 31
0.16055 0 0
0.05352 65 31
0.05352 60 26
0.05352 56 26
0.16795 0 0
0.05440 53 35
0.16187 0 0
0.05287 56 26
0.05287 62 31
0.05287 59 26
0.15862 0 0
0.05287 53 31
0.16451 0 0
0.06180 48 35
0.18541 0 0
0.05395 55 27
0.05395 60 32
0.05395 52 27
0.16186 0 0
0.05395 48 32
0.17310 0 0
0.05183 55 29
0.05183 60 35
0.05183 52 29
0.15881 0 0
0.05349 48 31
0.16047 0 0
0.05349 55 26
0.05349 52 26
0.05349 60 31
0.16047 0 0
0.05349 49 35
0.16047 0 0
0.05245 53 26
0.05245 61 31
0.15735 0 0
0.05245 49 31
0.16216 0 0
0.21407 46 35
0.21149 55 28
0.21149 58 33
0.21374 58 33
0.21374 48 28
0.21374 55 28
0.41961 53 34
0.41961 56 40
0.21433 0 0
0.04993 36 60
0.15217 0 0
0.05112 48 55
0.15772 0 0
0.04960 36 60
0.15184 0 0
0.05112 48 53
0.15687 0 0
0.05123 36 60
0.15368 0 0
0.05123 48 52
0.15782 0 0
0.05245 36 49
0.15735 0 0
0.05123 48 43
0.15368 0 0
0.05123 36 43
0.15368 0 0
0.05162 48 43
0.15487 0 0
0.05287 36 41
0.15862 0 0
0.05287 48 43
0.15862 0 0
0.04993 36 60
0.15287 0 0
0.05147 48 55
0.16387 0 0
0.20490 36 60
0.20820 37 60
0.05123 49 49
0.15368 0 0
0.05123 37 57
0.15782 0 0
0.05245 36 49
0.15735 0 0
0.05123 48 43
0.15368 0 0
0.05123 36 43
0.15368 0 0
0.20650 41 43
0.41961 0 0
0.04993 48 60
0.15217 0 0
0.05112 60 55
0.15772 0 0
0.04944 48 60
0.15168 0 0
0.05112 60 53
0.15687 0 0
0.05123 48 60
0.15368 0 0
0.05123 60 52
0.15782 0 0
0.05245 59 49
0.15735 0 0
0.05123 47 43
0.15368 0 0
0.05123 59 43
0.15368 0 0
0.05162 60 43
0.15487 0 0
0.05287 48 41
0.15862 0 0
0.05287 60 43
0.15862 0 0
0.04960 48 60
0.15184 0 0
0.05112 60 55
0.15772 0 0
0.20490 48 60
0.20820 49 60
0.05123 61 49
0.15368 0 0
0.05123 49 57
0.15782 0 0
0.05245 61 49
0.15735 0 0
0.05123 49 43
0.15368 0 0
0.05123 61 43
0.15368 0 0
0.10325 49 43
0.10325 0 0
0.10575 61 43
0.10575 0 0
0.10575 49 43
0.10575 0 0
0.10490 61 43
0.10490 0 0
0.10490 49 43
0.10490 0 0
0.10490 61 44
0.10490 0 0
0.10366 49 45
0.10366 0 0
0.10366 61 50
0.10366 0 0
0.10366 49 51
0.10835 0 0
0.10366 48 51
0.10366 0 0
0.10366 60 53
0.10366 0 0
0.10366 48 57
0.11064 0 0
0.12183 53 60
0.12183 0 0
1.03782 58 51
1.03782 53 51
1.03782 64 61
1.03782 61 51
0.10449 56 52
0.10449 60 52
0.10449 53 52
0.10449 65 62
0.10449 0 0
1.04862 64 61
1.04862 61 51
1.04862 53 51
1.04862 58 51
0.10449 60 52
0.10449 56 52
0.10449 53 52
0.10449 65 62
0.10449 0 0
1.06366 61 51
1.06366 64 61
1.06366 58 51
1.06366 53 51
0.11068 56 52
0.11068 60 52
0.11068 53 52
0.11068 65 62
0.11068 0 0
1.72766 58 51
1.72766 61 51
1.72766 64 61
1.72766 53 51
0.05463 53 35
0.17077 0 0
0.05330 65 30
0.05330 60 25
0.05330 56 25
0.15989 0 0
0.05440 53 30
0.16580 0 0
0.05440 56 29
0.05440 60 29
0.05440 65 35
0.16321 0 0
0.05330 53 31
0.15989 0 0
0.05330 60 26
0.05330 56 26
0.05330 65 31
0.16899 0 0
0.05440 53 35
0.16321 0 0
0.05373 56 26
0.05373 59 26
0.05373 62 31
0.16120 0 0
0.05440 53 31
0.16757 0 0
0.06180 48 35
0.18541 0 0
0.05395 55 27
0.05395 60 32
0.05395 52 27
0.16186 0 0
0.05395 48 32
0.17088 0 0
0.05183 55 29
0.05183 52 29
0.05183 60 35
0.15958 0 0
0.05388 48 31
0.16163 0 0
0.05388 55 26
0.05388 52 26
0.05388 60 31
0.16163 0 0
0.05388 49 35
0.16163 0 0
0.05245 53 26
0.05245 61 31
0.15735 0 0
0.05245 49 31
0.16662 0 0
0.21407 46 35
0.21407 55 28
0.21407 58 33
0.10449 55 28
0.10449 58 33
0.10449 48 28
0.10926 0 0
0.41601 53 34
0.41601 56 40
0.20812 0 0
0.05463 53 35
0.16993 0 0
0.05330 60 25
0.05330 56 25
0.05330 65 30
0.15989 0 0
0.05418 53 30
0.16681 0 0
0.05440 60 29
0.05440 56 29
0.05440 65 35
0.16321 0 0
0.05352 53 31
0.16055 0 0
0.05352 56 26
0.05352 60 26
0.05352 65 31
0.16529 0 0
0.05440 53 35
0.16187 0 0
0.05287 59 26
0.05287 56 26
0.05287 62 31
0.15862 0 0
0.05287 53 31
0.16451 0 0
0.06180 48 35
0.18541 0 0
0.05395 60 32
0.05395 52 27
0.05395 55 27
0.16186 0 0
0.05395 48 32
0.17310 0 0
0.05095 60 35
0.05095 55 29
0.05095 52 29
0.15520 0 0
0.05330 48 31
0.15990 0 0
0.05330 60 31
0.05330 55 26
0.05330 52 26
0.15990 0 0
0.05330 49 35
0.15990 0 0
0.05245 61 31
0.05245 53 26
0.15735 0 0
0.05245 49 31
0.16216 0 0
0.05130 50 35
0.15790 0 0
0.05330 58 31
0.05330 62 31
0.15990 0 0
0.05330 50 31
0.15990 0 0
0.05330 51 39
0.15990 0 0
0.05245 63 33
0.05245 58 33
0.15735 0 0
0.05245 51 33
0.16216 0 0
0.05060 48 41
0.15498 0 0
0.05219 60 32
0.15878 0 0
0.05224 48 31
0.15673 0 0
0.05078 47 40
0.15515 0 0
0.05219 59 36
0.15965 0 0
0.05204 47 36
0.15611 0 0
0.05183 46 51
0.15887 0 0
0.05204 62 43
0.05204 58 36
0.05204 53 36
0.15950 0 0
0.05204 46 57
0.15863 0 0
0.05123 58 39
0.05123 62 46
0.05123 53 39
0.15697 0 0
0.05103 46 55
0.15551 0 0
0.05025 62 48
0.05025 58 40
0.05025 53 40
0.15641 0 0
0.05063 46 61
0.15190 0 0
0.05063 63 47
0.05063 57 39
0.05063 54 39
0.15190 0 0
0.05063 46 60
0.15190 0 0
0.05063 54 48
0.05063 63 57
0.05063 57 48
0.15190 0 0
0.05063 46 46
0.15190 0 0
0.05063 54 38
0.05063 57 38
0.05063 63 45
0.15190 0 0
0.05183 46 51
0.15887 0 0
0.05204 62 43
0.05204 53 36
0.05204 58 36
0.15950 0 0
0.05204 46 57
0.15863 0 0
0.05123 53 39
0.05123 58 39
0.05123 62 46
0.15697 0 0
0.05103 46 55
0.15551 0 0
0.05025 62 48
0.05025 53 40
0.05025 58 40
0.15641 0 0
0.04944 46 61
0.14831 0 0
0.05060 63 47
0.05060 54 39
0.05060 57 39
0.15181 0 0
0.05060 46 60
0.15181 0 0
0.05063 63 57
0.05063 57 48
0.05063 54 48
0.15190 0 0
0.05095 46 46
0.15284 0 0
0.05095 63 45
0.05095 54 38
0.05095 57 38
0.15284 0 0
0.05183 46 51
0.15887 0 0
0.05204 62 43
0.05204 58 36
0.05204 53 36
0.15950 0 0
0.05204 44 57
0.15863 0 0
0.05123 56 46
0.15697 0 0
0.05103 43 55
0.15551 0 0
0.05025 55 48
0.15641 0 0
0.05183 48 51
0.15887 0 0
0.05204 60 43
0.15950 0 0
0.05204 46 57
0.15863 0 0
0.05123 58 46
0.15697 0 0
0.05103 43 55
0.15551 0 0
0.05025 55 48
0.15641 0 0
0.05183 44 57
0.15887 0 0
0.05204 56 49
0.15950 0 0
0.05204 34 57
0.15863 0 0
0.05123 46 46
0.15697 0 0
0.05103 36 64
0.15551 0 0
0.05025 48 58
0.15640 0 0
0.10542 41 65
0.10542 29 58
0.10544 0 0
1.04273 58 51
1.04273 61 51
1.04273 53 51
1.04273 64 61
0.10449 65 62
0.10449 56 52
0.10449 60 52
0.10449 53 52
0.10457 0 0
1.04257 61 51
1.04257 58 51
1.04257 53 51
1.04257 64 61
0.10449 53 52
0.10449 60 52
0.10449 56 52
0.10449 65 62
0.10449 0 0
1.06763 61 51
1.06763 64 61
1.06763 58 51
1.06763 53 51
0.11012 60 52
0.11012 56 52
0.11012 65 62
0.11012 53 52
0.11110 0 0
1.22320 61 51
1.22320 58 51
1.22320 64 61
1.22320 53 51
0.04435 56 61
0.04435 53 61
0.04435 60 72
4.20651 0 0
2.13231 37 35
2.13231 49 35
2.13231 44 35
2.12023 48 35
2.12023 44 35
2.12023 36 35
2.10879 49 35
2.10879 37 35
2.10879 44 35
0.52103 44 35
0.52923 45 41
1.05854 44 35
2.10879 36 35
2.10879 48 35
0.52432 44 35
0.52923 46 43
1.05854 44 35
2.11209 49 35
2.11209 37 35
0.52053 41 35
0.52923 42 41
1.05854 41 35
2.10830 48 35
2.10830 36 35
0.52391 41 35
0.52923 42 42
1.05854 41 35
2.11168 34 35
2.11168 46 35
1.05124 58 35
1.05124 46 35
1.05363 56 35
1.05363 44 35
2.11278 38 44
2.11278 50 44
1.05314 40 35
1.05314 52 35
1.05363 41 35
1.05363 53 35
2.11707 35 44
2.11707 47 44
2.11228 48 36
2.11228 36 36
1.58104 34 36
1.58104 46 36
0.53173 35 31
0.53173 47 31
2.11278 48 36
2.11278 36 36
2.15507 48 36
2.15507 36 36
1.17417 0 0
0.16719 41 80
0.16929 53 71
0.04283 41 71
0.12848 0 0
0.16672 44 80
0.16834 56 75
0.04283 44 80
0.12848 0 0
0.16696 48 80
0.16881 60 74
0.04295 48 74
0.12885 0 0
0.16400 43 80
0.16601 55 71
0.04246 43 71
0.12739 0 0
0.16421 46 80
0.16694 58 75
0.04258 46 80
0.12775 0 0
0.16467 41 80
0.16647 53 74
0.04332 41 74
0.12997 0 0
0.16718 36 80
0.16881 48 71
0.04283 36 71
0.12848 0 0
0.16637 36 80
0.16881 48 75
0.04332 36 80
0.12997 0 0
0.16602 41 80
0.16740 53 74
0.04295 41 74
0.12885 0 0
0.16591 37 80
0.16834 49 71
0.04307 37 71
0.12922 0 0
0.16557 32 80
0.16740 44 75
0.04295 32 80
0.12885 0 0
0.16684 39 80
0.16881 51 74
0.04332 39 74
0.12997 0 0
0.16811 34 80
0.16929 46 71
0.04332 34 71
0.12997 0 0
0.16843 37 80
0.16843 49 75
0.04332 37 80
0.12997 0 0
0.16795 36 80
0.16795 48 74
0.04307 36 74
0.12922 0 0
0.16749 36 80
0.16749 48 74
0.04515 36 74
0.13544 0 0
0.17230 53 80
0.08305 65 63
0.08305 53 54
0.04461 65 71
0.13383 0 0
0.17131 49 80
0.08236 61 67
0.08236 49 57
0.04370 61 80
0.13110 0 0
0.16890 44 80
0.08169 56 66
0.08169 44 56
0.04307 56 74
0.12922 0 0
0.16890 51 80
0.08214 63 63
0.08214 51 56
0.04345 63 71
0.13034 0 0
0.16986 46 80
0.08236 58 67
0.08236 46 59
0.04383 58 80
0.13149 0 0
0.16986 49 80
0.08305 61 66
0.08305 49 59
0.04345 61 74
0.13034 0 0
0.16938 48 80
0.08121 60 63
0.08121 48 54
0.04307 60 71
0.12922 0 0
0.16843 48 80
0.08259 60 67
0.08259 48 59
0.04307 60 80
0.12922 0 0
0.16843 48 80
0.08143 60 66
0.08143 48 58
0.04307 60 75
0.12922 0 0
0.16843 48 83
0.08187 60 66
0.08187 48 58
0.04357 60 75
0.13072 0 0
0.17034 48 86
0.08259 60 73
0.08259 48 64
0.04474 60 88
0.13423 0 0
0.17230 48 89
0.08351 60 74
0.08351 48 64
0.04448 60 84
0.13344 0 0
0.15088 53 56
0.15088 65 67
0.15088 60 56
0.15088 56 56
0.01684 0 0
0.15223 53 48
0.15223 65 57
0.15223 60 48
0.15223 56 48
0.01699 0 0
1.37056 53 48
1.37056 65 57
1.37056 60 48
1.37056 56 48
0.33774 0 0
0.08402 60 68
0.08398 58 67
0.08398 56 67
0.08398 55 66
0.08398 53 65
0.08399 51 64
0.08421 49 63
0.08421 48 63
0.08423 46 64
0.08445 44 65
0.08445 43 66
0.08438 41 67
0.08461 39 68
0.08524 37 69
0.08590 36 70
0.08656 34 74
0.08723 32 79
0.08793 31 83
0.17687 29 102
