"schuim-3"

#  Piano right
0.17982 0 0
0.17802 58 26
0.17607 61 26
0.17426 66 29
0.17248 61 25
0.17066 58 22
0.16894 61 30
0.16727 58 25
0.16556 61 25
0.16433 66 29
0.16426 61 26
0.16426 58 23
2.04593 70 44
0.16304 0 0
0.16304 58 27
0.16304 61 29
0.16364 66 31
0.16364 61 26
0.16304 58 29
0.97944 70 41
0.16334 0 0
0.16487 58 28
0.16772 61 30
0.18028 66 35
0.18028 61 31
0.18064 58 33
1.03712 70 44
0.17946 0 0
0.17766 58 27
0.17607 63 27
0.17443 66 34
0.17282 63 29
0.17132 58 26
0.16975 63 37
0.16822 58 29
0.16680 63 29
0.16556 66 36
0.16548 63 29
0.16548 58 25
2.05305 70 49
0.16304 0 0
0.16304 54 30
0.16304 58 30
0.16304 63 36
0.16304 58 30
0.16350 54 30
0.16743 58 37
0.16918 54 30
0.17090 58 30
0.18028 63 35
0.18028 58 30
0.18028 54 27
2.02704 66 49
0.17462 0 0
0.17240 56 29
0.17082 59 29
0.16934 63 37
0.16790 59 29
0.16633 56 29
0.16494 59 37
0.16357 56 29
0.16215 59 29
0.16126 63 36
0.16126 59 29
0.16126 56 29
1.99588 68 49
0.16185 0 0
0.16185 56 29
0.16185 59 29
0.48555 66 46
0.16411 0 0
0.16533 56 28
0.16641 59 28
0.49585 65 45
0.16862 0 0
0.16862 56 29
0.16862 59 30
0.50586 63 44
0.17256 0 0
0.17256 53 29
0.17256 56 30
0.51769 61 40
0.17847 0 0
0.17677 54 32
0.17520 58 33
0.53044 66 49
0.17341 61 35
0.17181 58 36
0.17008 54 38
0.16854 0 0
0.16696 60 38
0.16541 63 36
0.50090 70 48
0.16426 66 35
0.16426 63 33
0.16426 60 32
0.16245 0 0
0.16185 56 27
0.16185 61 27
0.16185 65 30
0.16185 61 27
0.16352 56 27
0.16799 61 30
0.17057 56 27
0.17324 61 27
1.48518 68 41
0.18028 65 31
0.18028 61 24
0.18028 57 24
0.54083 69 39
0.17982 0 0
0.17802 58 26
0.17607 61 26
0.17426 66 29
0.17248 61 25
0.17066 58 25
0.16894 61 30
0.16727 58 25
0.16556 61 21
0.16244 66 29
0.16244 61 26
0.16244 58 24
2.04041 70 44
0.16185 0 0
0.16185 58 27
0.16185 61 29
0.16013 66 31
0.15896 61 26
0.15985 58 29
0.96449 70 41
0.16704 0 0
0.16918 58 28
0.17157 61 30
0.18028 66 35
0.18028 61 31
0.18064 58 33
1.04899 70 44
0.17946 0 0
0.17766 58 27
0.17607 63 27
0.17443 66 34
0.17282 63 29
0.17132 58 29
0.16975 63 37
0.16822 58 29
0.16680 63 29
0.16510 66 36
0.16364 63 29
0.16364 58 29
2.04890 70 49
0.16304 0 0
0.16304 54 30
0.16304 58 30
0.16304 63 36
0.16304 58 30
0.16350 54 30
0.97869 66 49
0.16743 0 0
0.16918 53 30
0.17090 56 30
0.17189 62 35
0.17189 56 30
0.17189 53 30
1.02320 65 49
0.17462 0 0
0.17240 51 35
0.17082 54 38
0.16934 59 43
0.16790 54 45
0.16633 51 49
1.02142 63 49
0.16494 0 0
0.16357 56 41
0.16215 59 41
0.16126 63 47
0.16126 59 33
0.16126 56 33
0.97445 68 58
0.16185 0 0
0.16185 59 29
0.16185 56 29
0.48556 66 46
0.16411 0 0
0.16533 59 28
0.16641 56 28
0.49585 65 45
0.16862 0 0
0.16862 59 29
0.16862 56 30
0.50586 63 44
0.17256 0 0
0.17256 59 29
0.17256 56 30
0.51769 65 40
0.17922 0 0
0.17323 59 27
0.16727 61 27
0.16304 65 34
0.16304 61 29
0.16304 59 29
0.16487 61 37
0.16487 59 29
0.16603 61 29
0.16304 65 36
0.16304 61 29
0.16304 59 29
1.99370 68 49
0.16304 0 0
0.16304 54 30
0.16304 58 24
0.16304 61 36
0.16304 58 30
0.16350 54 24
0.16743 58 37
0.16918 54 30
0.17090 58 26
0.18028 61 35
0.18028 58 30
0.18028 54 26
2.02704 66 49
0.17683 0 0
0.17497 56 26
0.17301 61 26
0.17117 65 29
0.16929 61 25
0.16745 56 25
0.16574 61 30
0.16397 56 26
0.16239 61 26
0.16185 65 30
0.16185 61 27
0.16185 56 27
2.01037 68 44
0.16126 0 0
0.16126 61 29
0.16126 63 31
0.15726 67 39
0.15726 63 31
0.15877 61 44
0.16244 63 47
0.16244 61 51
0.16215 63 54
0.16287 67 55
0.16424 63 62
0.16726 61 67
1.93849 70 43
0.16988 0 0
0.16806 61 51
0.16821 63 51
0.16737 68 66
0.16612 63 49
0.16488 61 49
0.16381 63 55
0.16261 61 37
0.16149 63 33
1.49243 73 74
0.16126 68 37
0.16126 63 33
0.16126 59 33
0.48379 71 50
0.16304 0 0
0.16304 59 28
0.16304 63 28
0.16304 68 30
0.16304 63 25
0.16350 59 25
0.16743 63 31
0.16918 59 25
0.17090 63 25
0.18028 68 29
0.18028 63 25
0.18028 59 25
2.02704 71 41
0.17683 0 0
0.17497 59 33
0.17309 64 33
0.17086 68 37
0.16792 64 32
0.16506 59 32
0.16231 64 39
0.15969 59 33
0.15901 64 33
0.15953 68 39
0.15953 64 35
0.15953 59 36
1.98832 71 54
0.15615 0 0
0.15615 59 37
0.15615 63 40
0.16068 66 44
0.16068 63 37
0.16138 59 39
0.95120 71 49
0.16244 0 0
0.16244 64 49
0.16215 66 51
0.16287 70 60
0.16424 66 64
0.16726 64 63
0.98141 73 55
0.16988 0 0
0.16806 64 57
0.16821 66 57
0.16737 71 63
0.16612 66 48
0.16488 64 48
0.16381 66 54
0.16261 64 35
0.16143 66 37
1.49236 76 69
0.16508 71 42
0.16548 66 37
0.16548 63 37
0.49604 75 57
0.16304 0 0
0.16304 63 31
0.16304 66 31
0.16304 71 34
0.16304 66 28
0.16350 63 28
0.16426 66 35
0.16620 63 28
0.16897 66 28
0.18028 71 34
0.18028 66 28
0.17988 63 28
2.01856 75 45
0.17303 0 0
0.17078 63 32
0.16854 66 32
0.16637 71 45
0.16426 66 32
0.16219 63 35
0.16126 66 31
0.16126 63 31
0.16148 66 31
0.16126 71 36
0.16126 66 30
0.16126 63 30
1.97297 75 47
0.16244 0 0
0.16244 68 29
0.16244 65 29
0.48733 75 46
0.16244 0 0
0.16244 68 28
0.16244 65 28
0.48733 71 43
0.16304 0 0
0.16304 65 28
0.16304 61 28
0.48912 70 43
0.16364 0 0
0.16364 65 28
0.16399 61 28
0.49127 68 39
0.16878 0 0
0.16716 61 32
0.16564 66 32
0.16406 70 32
0.16259 66 32
0.16108 61 31
0.15782 66 41
0.15782 61 31
0.15976 66 27
0.16126 70 36
0.16126 66 30
0.16126 61 26
1.94850 73 47
0.16244 0 0
0.16244 66 29
0.16244 63 29
0.48733 73 46
0.16244 0 0
0.16244 66 28
0.16244 63 28
0.48733 71 43
0.16304 0 0
0.16304 63 28
0.16304 59 28
0.48912 68 43
0.17256 0 0
0.17256 59 28
0.17256 56 28
0.51769 63 39
0.16878 0 0
0.16716 54 29
0.16564 58 29
0.16406 61 39
0.16259 58 29
0.16108 54 29
0.16010 58 36
0.16010 54 30
0.16090 58 30
0.16126 61 36
0.16126 58 30
0.16126 54 30
1.95421 66 47
0.16244 0 0
0.16244 59 29
0.16244 56 29
0.48733 66 45
0.16244 0 0
0.16244 59 28
0.16244 56 28
0.48733 65 41
0.16304 0 0
0.16304 61 28
0.16304 59 28
0.48912 70 42
0.17256 0 0
0.17256 61 26
0.17256 59 26
0.51769 68 39
0.16878 0 0
0.16716 54 29
0.16564 58 29
0.16406 61 29
0.16259 58 29
0.16108 54 26
0.16010 58 36
0.16010 54 30
0.16090 58 30
0.16126 61 36
0.16126 58 30
0.16126 54 30
1.95421 66 47
0.16878 0 0
0.16716 54 29
0.16564 58 29
0.16406 61 36
0.16259 58 29
0.16108 54 31
0.98931 66 47
0.16010 0 0
0.16010 55 30
0.16090 58 30
0.16862 61 36
0.16862 58 30
0.16862 55 30
0.98697 67 47
0.17683 0 0
0.17497 56 26
0.17301 61 26
0.17135 65 29
0.16872 61 25
0.16595 56 25
0.16321 61 30
0.16061 56 26
0.15896 61 26
0.15896 65 30
0.15896 61 27
0.15896 56 27
1.99048 68 44
0.15506 0 0
0.15506 61 29
0.15506 64 31
0.16068 67 42
0.16068 64 38
0.16138 61 43
0.16244 63 48
0.16244 61 52
0.16215 63 57
0.16287 67 62
0.16424 63 58
0.16726 61 60
1.92934 70 43
0.16988 0 0
0.16806 61 59
0.16821 63 57
0.16737 70 68
0.16612 63 42
0.16488 61 47
0.16381 63 56
0.16261 61 35
0.16149 63 36
1.49243 73 78
0.16126 68 37
0.16126 63 33
0.16126 59 33
0.48379 71 50
0.16304 0 0
0.16304 59 28
0.16304 63 28
0.16304 68 30
0.16304 63 25
0.16350 59 25
0.16743 63 31
0.16918 59 25
0.17090 63 25
0.18028 68 29
0.18028 63 25
0.18028 59 25
2.02704 71 41
0.17683 0 0
0.17497 59 33
0.17309 64 33
0.17086 68 37
0.16792 64 32
0.16506 59 32
0.16231 64 39
0.15969 59 33
0.15901 64 33
0.15953 68 43
0.15953 64 36
0.15953 59 37
1.98832 71 54
0.15561 0 0
0.15561 59 39
0.15561 63 40
0.16068 66 49
0.16068 63 43
0.16138 59 45
0.94956 71 58
0.16244 0 0
0.16244 64 46
0.16215 66 49
0.16287 70 62
0.16424 66 59
0.16726 64 67
0.98141 73 54
0.16988 0 0
0.16806 64 53
0.16821 66 52
0.16737 73 63
0.16612 66 46
0.16488 64 46
0.16381 66 54
0.16261 64 40
0.16143 66 40
1.49236 76 77
0.16508 71 51
0.16548 66 37
0.16548 63 37
0.49604 75 51
0.16304 0 0
0.16304 63 35
0.16304 66 35
0.16304 71 45
0.16304 66 30
0.16350 63 32
0.16361 66 42
0.16471 63 31
0.16697 66 31
0.18028 71 41
0.18028 66 31
0.17988 63 31
2.01442 75 55
0.17303 0 0
0.17078 63 32
0.16854 66 32
0.16637 71 37
0.16426 66 32
0.16219 63 33
0.16126 66 35
0.16126 63 31
0.16148 66 31
0.16126 71 36
0.16126 66 30
0.16126 63 30
1.97297 75 47
0.16244 0 0
0.16244 68 29
0.16244 65 29
0.48733 75 50
0.16244 0 0
0.16244 68 28
0.16244 65 28
0.48733 74 48
0.16304 0 0
0.16304 65 28
0.16304 62 28
0.48912 71 42
0.16364 0 0
0.16364 65 28
0.16399 61 28
0.49127 68 39
0.16878 0 0
0.16716 61 32
0.16564 66 32
0.16406 70 36
0.16259 66 32
0.16108 61 32
0.16010 66 36
0.16010 61 31
0.16090 66 31
0.16126 70 36
0.16126 66 30
0.16126 61 30
1.95421 73 47
0.16244 0 0
0.16244 67 29
0.16244 63 29
0.48733 73 46
0.16244 0 0
0.16244 68 28
0.16244 63 28
0.48733 71 43
0.16304 0 0
0.16304 63 28
0.16304 59 28
0.48912 68 43
0.17256 0 0
0.17256 60 28
0.17256 56 28
0.51769 63 39
0.16878 0 0
0.16716 54 29
0.16564 58 29
0.16406 61 34
0.16259 58 29
0.16108 54 30
0.16010 58 34
0.16010 54 30
0.16090 58 30
0.16126 61 36
0.16126 58 30
0.16126 54 30
1.95421 66 47
0.16244 0 0
0.16244 59 29
0.16244 56 29
0.48733 66 45
0.16244 0 0
0.16244 59 28
0.16244 56 28
0.48733 65 41
0.16304 0 0
0.16304 61 28
0.16304 59 28
0.48912 70 42
0.17256 0 0
0.17256 61 26
0.17256 59 26
0.51769 68 39
0.16878 0 0
0.16716 54 29
0.16564 58 29
0.16406 61 33
0.16259 58 29
0.16108 54 29
0.16010 58 32
0.16010 54 30
0.16090 58 30
0.16126 61 36
0.16126 58 30
0.16126 54 30
0.16878 58 37
0.16716 54 29
0.16564 58 29
0.16406 61 32
0.16259 58 29
0.16108 54 45
0.16010 58 48
0.16010 54 51
0.16090 58 53
0.16862 62 56
0.16862 58 59
0.16862 54 61
3.93049 66 47
0.16878 0 0
0.16716 58 50
0.16564 63 50
0.16406 66 63
0.16259 63 49
0.16108 58 48
0.16010 63 61
0.16010 58 48
0.16090 63 48
0.16126 66 55
0.16126 63 47
0.16126 58 47
1.95421 70 76
0.16878 0 0
0.16716 58 44
0.16564 63 44
0.16406 66 53
0.16259 63 43
0.16108 58 43
0.16010 63 55
0.16010 58 44
0.16090 63 45
0.16862 66 51
0.16862 63 46
0.16862 58 46
1.97628 70 73
0.16862 0 0
0.16862 62 54
0.16862 65 54
0.50586 70 68
0.16426 0 0
0.16426 65 44
0.16426 68 44
0.49277 77 65
0.16185 0 0
0.16185 65 41
0.16185 68 41
0.48556 74 61
0.17058 0 0
0.17058 65 35
0.17058 68 35
0.51173 71 52
0.16610 0 0
0.16610 65 38
0.16610 68 38
0.49830 71 53
0.16991 0 0
0.16991 65 35
0.16991 68 35
0.50973 70 50
0.16548 0 0
0.16548 58 37
0.16548 65 38
0.49644 70 49
0.16548 0 0
0.16548 58 32
0.16548 65 31
0.49644 68 47
0.16068 0 0
0.16068 58 33
0.16068 63 35
0.48204 68 44
0.16487 0 0
0.16487 58 32
0.16487 63 32
0.49460 66 44
0.16068 0 0
0.16068 56 31
0.16068 59 31
0.48204 65 40
0.16426 0 0
0.16426 56 30
0.16426 59 30
0.49277 68 44
0.16010 0 0
0.16010 51 32
0.16010 54 32
0.16185 58 39
0.16185 54 32
0.16185 51 32
0.96586 63 42
0.16244 0 0
0.16244 50 33
0.16244 53 33
0.16672 58 43
0.73741 62 42
0.16672 53 48
0.15630 70 54
0.17920 0 0
0.16716 58 48
0.16564 63 48
0.16406 66 56
0.16259 63 48
0.16108 58 48
0.16010 63 56
0.16010 58 48
0.16090 63 48
0.16126 66 48
0.16126 63 48
0.16126 58 44
1.95421 70 66
0.16878 0 0
0.16716 58 41
0.16564 63 44
0.16406 66 49
0.16259 63 45
0.16108 58 44
0.16010 63 51
0.16010 58 47
0.16090 63 44
1.47042 70 62
0.16862 66 47
0.16862 63 42
0.16862 58 42
0.50586 71 60
0.16862 0 0
0.16862 62 46
0.16862 65 46
0.50586 70 55
0.16426 0 0
0.16426 65 44
0.16426 68 44
0.49277 77 59
0.16185 0 0
0.16185 65 41
0.16185 68 41
0.48556 74 53
0.17058 0 0
0.17058 65 35
0.17058 68 35
0.51173 71 47
0.16610 0 0
0.16610 65 38
0.16610 68 38
0.49830 70 53
0.16364 0 0
0.16364 65 35
0.16364 68 35
0.49092 71 50
0.16548 0 0
0.16548 58 37
0.16548 65 38
0.49644 70 49
0.16548 0 0
0.16548 58 32
0.16548 65 31
0.49644 68 47
0.16068 68 44
0.16068 58 33
0.16068 63 35
0.16487 66 44
0.16487 58 32
0.16487 63 32
0.16068 65 40
0.16068 56 31
0.16068 59 31
0.16426 71 44
0.16426 59 30
0.16426 65 30
0.16010 0 0
0.16010 51 32
0.16010 54 32
0.16185 58 32
0.16185 54 32
0.16185 51 32
0.96586 63 42
0.16244 0 0
0.16244 50 33
0.16244 53 33
0.16244 58 33
0.73741 62 42
0.16672 58 33
0.16672 65 44
0.50017 70 33
0.16068 68 37
0.16068 58 28
0.16068 63 29
0.16487 66 37
0.16487 58 27
0.16487 63 27
0.16068 64 34
0.16068 56 26
0.16068 59 26
0.16426 71 37
0.16426 59 25
0.16426 64 25
0.16010 0 0
0.16010 51 27
0.16010 54 27
0.16185 59 27
0.16185 54 27
0.16185 51 27
0.96586 63 35
0.16244 0 0
0.16244 49 28
0.16244 54 28
0.16672 58 28
0.16672 54 28
0.16672 49 31
0.98750 61 35
0.16704 0 0
0.16578 54 24
0.16417 59 24
0.16251 63 24
0.16104 59 24
0.16068 54 24
0.16068 59 27
0.16068 54 24
0.16068 59 22
0.16364 63 25
0.16364 59 23
0.16364 54 22
1.95418 66 39
0.16010 0 0
0.16010 54 25
0.16010 58 26
0.16185 64 28
0.16185 58 25
0.16185 54 25
0.96586 66 35
0.16010 0 0
0.16010 58 27
0.16010 64 27
0.48031 68 34
0.16672 0 0
0.16672 64 27
0.19426 58 27
0.52770 66 33
0.16878 0 0
0.16716 63 25
0.16564 66 25
0.16406 71 31
0.16259 66 25
0.16108 63 25
0.16010 66 28
0.16600 63 25
0.17057 66 28
1.48598 75 41
0.16068 0 0
0.16068 67 23
0.16068 63 23
0.48204 73 31
0.16244 0 0
0.16244 68 25
0.16244 59 23
0.48733 73 37
0.16244 0 0
0.16244 68 22
0.16244 59 22
0.48733 71 36
0.16304 0 0
0.16304 64 23
0.16304 59 23
0.48912 68 35
0.17256 0 0
0.17256 61 22
0.17256 56 22
0.51769 64 31
0.16878 0 0
0.16716 51 26
0.16564 54 26
0.16406 59 28
0.16259 54 26
0.16108 51 26
0.16010 54 27
0.16010 51 26
0.16090 54 28
1.47042 63 38
0.16126 59 28
0.16126 54 28
0.16126 51 28
0.48379 63 35
0.16244 0 0
0.16244 58 28
0.16244 61 28
0.48733 68 38
0.16244 0 0
0.16244 58 27
0.16244 61 28
0.48733 66 36
0.16304 0 0
0.16304 54 27
0.16304 58 27
0.48912 64 35
0.17256 0 0
0.17256 54 26
0.17256 58 26
0.51769 61 34
0.16878 0 0
0.16716 47 20
0.16564 51 20
0.16406 54 22
0.16259 51 20
0.16108 47 20
0.16010 51 21
0.16010 47 20
0.16090 51 22
1.47042 59 30
0.16126 54 22
0.16126 51 22
0.16126 47 22
0.16878 0 0
0.16716 47 20
0.16564 52 20
0.16406 55 22
0.16259 52 20
0.16108 47 20
0.16010 52 21
0.16010 47 20
0.16090 52 22
1.47042 59 30
0.16126 55 22
0.16126 52 22
0.16126 47 22
0.16878 0 0
0.16716 47 20
0.16564 51 20
0.16406 54 22
0.16259 51 20
0.16108 47 20
0.16010 51 25
0.16010 47 34
0.16090 51 38
1.47042 59 30
0.16126 54 42
0.16126 51 46
0.16126 47 50
0.16878 0 0
0.16716 47 51
0.16564 50 47
0.16406 53 42
0.16259 50 38
0.16108 47 34
0.98931 59 54
0.16010 0 0
0.16010 49 20
0.16090 52 22
0.16126 54 22
0.16126 52 22
0.16126 49 22
0.96490 58 39
0.16878 0 0
0.16716 47 20
0.16564 51 20
0.16406 54 22
0.16259 51 20
0.16108 47 20
0.16010 51 21
0.16010 47 20
0.16090 51 22
1.47042 59 30
0.16126 54 22
0.16126 51 22
0.16126 47 22
0.16878 0 0
0.16716 47 20
0.16564 52 20
0.16406 56 22
0.16259 52 20
0.16108 47 20
0.16010 52 21
0.16010 47 20
0.16090 52 22
1.47042 59 30
0.16126 56 22
0.16126 52 22
0.16126 47 22
0.16878 0 0
0.16716 47 20
0.16564 51 20
0.16406 54 22
0.16259 51 20
0.16108 47 20
0.16010 51 25
0.16010 47 33
0.16090 51 36
1.47042 59 30
0.16126 54 39
0.16126 51 42
0.16126 47 45
0.16878 0 0
0.16716 47 45
0.16564 50 42
0.16406 53 40
0.16259 50 37
0.16108 47 35
0.98931 59 48
0.16010 0 0
0.16010 49 20
0.16090 52 22
0.16126 54 22
0.16126 52 22
0.16126 49 22
0.96490 58 39
0.16878 0 0
0.16716 47 20
0.16564 51 20
0.16406 54 22
0.16259 51 20
0.16108 47 20
0.16010 51 25
0.16010 47 28
0.16090 51 31
1.47042 59 30
0.16126 54 34
0.16126 51 37
0.16126 47 40
0.15953 0 0
0.15953 51 41
0.15953 54 41
0.47858 59 49
0.15782 0 0
0.15782 54 46
0.15782 59 42
0.47345 63 54
0.15615 0 0
0.15615 59 49
0.15615 63 53
0.46846 66 62
0.16426 0 0
0.16426 63 55
0.16426 66 58
0.49277 71 67
0.16878 0 0
0.16716 59 60
0.16564 62 60
0.16406 65 68
0.16259 62 49
0.16108 59 57
0.16010 62 65
0.16010 59 54
0.16090 62 54
0.16548 65 63
0.16517 62 54
0.16487 59 54
1.96594 71 77
0.16878 0 0
0.16716 56 50
0.16564 62 50
0.50157 70 75
0.16406 65 46
0.16259 62 49
0.16108 56 44
0.16010 62 56
0.16010 56 46
0.16090 62 41
0.16672 65 57
0.16672 62 46
0.16672 56 46
1.46902 68 68
0.16878 0 0
0.16716 56 53
0.16564 58 53
0.50157 66 75
0.16406 59 46
0.16259 58 44
0.16108 56 46
0.16010 58 56
0.16010 56 46
0.16090 58 41
0.16672 59 53
0.16672 58 46
0.16672 56 46
1.46902 65 68
0.16878 0 0
0.16716 56 53
0.16564 58 53
0.50157 63 75
0.16406 59 46
0.16259 58 50
0.16108 56 50
0.16010 58 56
0.16010 56 41
0.16090 58 35
0.16672 59 49
0.16672 58 37
0.16672 56 35
1.46902 62 68
0.16260 0 0
0.16244 54 30
0.16244 58 24
0.48749 65 45
0.16537 0 0
0.16548 54 29
0.16548 58 24
0.49633 63 44
0.16256 0 0
0.16244 56 30
0.16244 59 24
0.48744 66 47
0.16478 0 0
0.16487 56 35
0.16487 59 30
0.49451 65 44
0.16140 0 0
0.16126 58 37
0.16126 63 30
0.48393 68 54
0.16473 0 0
0.16487 58 30
0.16487 63 26
0.49447 66 47
0.16369 0 0
0.16364 56 29
0.16364 59 24
0.49096 65 50
0.16518 0 0
0.16548 56 29
0.16548 59 25
0.49614 68 45
0.16878 0 0
0.16716 51 20
0.16564 54 20
0.16406 58 22
0.16259 54 20
0.16108 51 20
0.16010 54 25
0.16010 51 28
0.16090 54 28
1.47042 63 30
0.16126 58 34
0.16126 54 37
0.16126 51 40
0.15953 0 0
0.15953 50 41
0.15953 53 41
0.15782 58 40
0.15782 53 42
0.15782 50 42
0.95203 62 49
0.15615 0 0
0.15615 58 49
0.15615 62 53
0.46846 65 58
0.16426 0 0
0.16426 62 54
0.16426 65 58
0.49277 70 64
0.16878 0 0
0.16716 59 51
0.16564 62 56
0.16406 65 66
0.16259 62 49
0.16108 59 56
0.16010 62 61
0.16010 59 56
0.16090 62 56
0.16548 65 56
0.16517 62 56
0.16487 59 57
1.96594 71 77
0.16878 0 0
0.16716 56 52
0.16564 62 52
0.50157 70 75
0.16406 65 46
0.16259 62 48
0.16108 56 48
0.16010 62 56
0.16010 56 46
0.16090 62 41
0.16672 65 53
0.16672 62 46
0.16672 56 46
1.46902 68 68
0.16878 0 0
0.16716 56 52
0.16564 58 53
0.50157 66 75
0.16406 59 46
0.16259 58 44
0.16108 56 50
0.16010 58 56
0.16010 56 46
0.16090 58 41
0.16672 59 53
0.16672 58 46
0.16672 56 46
1.46902 65 68
0.16878 0 0
0.16716 56 56
0.16564 58 56
0.50157 63 75
0.16406 59 46
0.16259 58 47
0.16108 56 47
0.16010 58 56
0.16010 56 41
0.16090 58 39
0.16672 59 49
0.16672 58 37
0.16672 56 35
1.46902 62 68
0.16260 0 0
0.16244 54 30
0.16244 58 24
0.48749 65 45
0.16537 0 0
0.16548 54 29
0.16548 58 24
0.49633 63 44
0.16256 0 0
0.16244 56 30
0.16244 59 24
0.48744 66 47
0.16478 0 0
0.16487 56 35
0.16487 59 30
0.49451 65 44
0.16140 0 0
0.16126 58 37
0.16126 63 30
0.48393 68 54
0.16473 0 0
0.16487 58 30
0.16487 63 26
0.49447 66 47
0.16369 0 0
0.16364 56 29
0.16364 59 24
0.49096 64 50
0.16518 0 0
0.16548 59 29
0.49598 71 45
0.16548 64 25
0.16878 0 0
0.16716 51 20
0.16564 54 20
0.16406 58 22
0.16259 54 20
0.16108 51 20
0.16010 54 25
0.16010 51 28
0.16090 54 28
1.47042 63 30
0.16126 58 34
0.16126 54 37
0.16126 51 40
0.15953 0 0
0.15953 50 41
0.15953 53 38
0.15782 58 40
0.15782 53 35
0.15782 50 36
0.95203 62 49
0.15615 53 40
0.15615 50 35
0.15615 53 35
0.16426 58 40
0.16426 53 35
0.16426 50 36
0.17303 0 0
0.17078 58 32
0.16854 63 32
0.16637 67 37
0.16426 63 32
0.16219 58 33
0.16126 63 35
0.16126 58 31
0.16148 63 31
0.16126 67 36
0.16126 63 30
0.16126 58 30
1.97297 70 47
0.15896 0 0
0.15896 58 29
0.15896 62 29
0.47687 70 50
0.16126 68 38
0.16126 62 28
0.16126 58 28
0.16304 0 0
0.16304 62 28
0.16304 68 28
0.48912 72 42
0.17529 0 0
0.17529 68 28
0.17491 62 28
0.52548 70 39
0.16878 0 0
0.16716 67 25
0.16564 70 25
0.16406 75 31
0.16259 70 25
0.16108 67 25
0.16010 70 28
0.16600 67 25
0.17057 70 28
1.48598 79 41
0.16068 0 0
0.16068 71 23
0.16068 67 23
0.48204 77 31
0.16244 0 0
0.16244 72 25
0.16244 63 23
0.48733 77 37
0.16244 0 0
0.16244 72 22
0.16244 63 22
0.48733 75 36
0.16304 0 0
0.16304 68 23
0.16304 63 23
0.48912 72 35
0.17256 0 0
0.17256 65 22
0.17256 60 22
0.51769 68 31
0.17023 0 0
0.16716 55 24
0.16564 58 24
0.16406 63 29
0.16259 58 25
0.16108 55 25
0.16010 58 29
0.16010 55 24
0.16090 58 24
1.47186 67 39
0.16126 63 38
0.16126 58 25
0.16126 55 25
0.48379 67 38
0.16244 0 0
0.16244 62 26
0.16244 65 26
0.48733 72 36
0.16244 0 0
0.16244 62 22
0.16244 65 22
0.48733 70 36
0.16304 0 0
0.16304 58 24
0.16304 62 24
0.48912 68 33
0.17256 0 0
0.17256 58 22
0.17256 62 22
0.51769 65 33
0.16878 0 0
0.16716 51 20
0.16564 55 20
0.16406 58 22
0.16259 55 20
0.16108 51 20
0.16010 55 21
0.16010 51 20
0.16090 55 22
1.47042 63 30
0.16126 58 22
0.16126 55 22
0.16126 51 22
0.16878 0 0
0.16716 51 20
0.16564 55 20
0.16406 58 22
0.16259 55 20
0.16108 51 20
0.16010 55 21
0.16010 51 20
0.16090 55 22
1.47042 63 30
0.16126 58 22
0.16126 55 22
0.16126 51 22
0.16878 0 0
0.16716 51 20
0.16564 56 20
0.16406 59 22
0.16259 56 20
0.16108 51 20
0.16010 56 21
0.16010 51 20
0.16090 56 22
1.47042 63 30
0.16126 59 22
0.16126 56 22
0.16126 51 22
0.16878 0 0
0.16716 51 20
0.16564 55 20
0.16406 61 22
0.16259 55 20
0.16108 51 20
0.16010 55 21
0.16010 51 20
0.16090 55 22
1.47042 63 30
0.16126 61 22
0.16126 55 22
0.16126 51 22
0.16878 0 0
0.16716 51 20
0.16564 56 20
0.16406 59 22
0.16259 56 20
0.16108 51 20
0.16010 56 21
0.16010 51 20
0.16090 56 22
1.47042 63 30
0.16126 59 22
0.16126 56 22
0.16126 51 22
0.16878 0 0
0.16716 56 24
0.16564 59 24
0.16406 62 27
0.16259 59 25
0.16108 56 25
0.16010 59 39
0.16010 56 43
0.16090 59 46
1.47042 68 36
0.16126 62 50
0.16126 59 54
0.16126 56 57
0.16878 0 0
0.16716 59 55
0.16564 61 55
0.16406 68 64
0.16259 61 48
0.16108 59 48
0.16010 61 52
0.16010 59 42
0.16090 61 42
0.16548 68 51
0.16836 61 38
0.17123 59 36
0.16959 62 46
0.17157 59 38
0.17332 62 37
0.17520 68 36
0.17704 62 36
0.17892 59 35
0.18686 61 34
0.19074 59 33
0.19409 61 32
0.19711 68 31
0.20068 61 30
0.39464 59 29
4.38526 71 74
0.19305 0 0
0.18548 58 26
0.17830 61 26
0.17209 66 29
0.16811 61 25
0.16798 58 25
0.16760 61 30
0.16668 58 25
0.16556 61 25
0.16433 66 29
0.16426 61 26
0.16426 58 26
2.05771 70 44
0.16068 0 0
0.16068 58 27
0.16068 61 29
0.16185 66 31
0.16185 61 26
0.16238 58 29
0.96813 70 41
0.16355 0 0
0.16542 58 28
0.16759 61 30
0.18028 66 35
0.18028 61 31
0.18064 58 33
1.03777 70 44
0.17946 0 0
0.17766 58 27
0.17607 63 27
0.17443 66 34
0.17282 63 29
0.17132 58 29
0.16975 63 37
0.16822 58 29
0.16680 63 29
0.16556 66 36
0.16548 63 29
0.16548 58 29
2.05305 70 49
0.16244 0 0
0.16244 54 30
0.16244 58 30
0.16244 63 36
0.16244 58 30
0.16272 54 30
0.16361 58 37
0.16483 54 30
0.16671 58 30
0.18028 63 35
0.18028 58 30
0.18028 54 30
2.01091 66 49
0.17462 0 0
0.17240 56 29
0.17082 59 29
0.16934 63 37
0.16790 59 29
0.16633 56 29
0.16494 59 37
0.16357 56 29
0.16215 59 29
0.16126 63 36
0.16126 59 29
0.16126 56 29
1.99588 68 49
0.16185 0 0
0.16185 56 29
0.16185 59 29
0.48556 66 46
0.16411 0 0
0.16533 56 28
0.16641 59 28
0.49585 65 45
0.16862 0 0
0.16862 56 29
0.16862 59 30
0.50586 63 44
0.17256 0 0
0.17256 53 29
0.17256 56 30
0.51769 61 40
0.17847 0 0
0.17677 54 32
0.17520 58 33
0.17341 61 35
0.17181 58 36
0.17008 54 38
1.04574 66 49
0.16854 0 0
0.16696 60 38
0.16541 63 36
0.16426 66 35
0.16426 63 33
0.16426 60 32
0.99368 70 48
0.16245 0 0
0.16185 56 27
0.16185 61 27
0.15726 65 30
0.15726 61 27
0.16014 56 27
0.16407 61 30
0.16604 56 27
0.17028 61 27
1.46120 68 41
0.18028 65 31
0.18028 61 24
0.18028 57 24
0.54083 69 39
0.17982 0 0
0.17802 58 26
0.17607 61 26
0.17426 66 29
0.17248 61 25
0.17066 58 25
0.16894 61 30
0.16727 58 25
0.16556 61 25
0.16244 66 29
0.16244 61 26
0.16244 58 26
2.04041 70 44
0.15839 0 0
0.15839 58 27
0.15839 61 29
0.15953 66 31
0.15953 61 26
0.15953 58 29
0.95375 70 41
0.16069 0 0
0.16347 58 28
0.16738 61 30
0.18028 66 35
0.18028 61 31
0.18064 58 33
1.03273 70 44
0.17946 0 0
0.17766 58 27
0.17590 63 27
0.17150 66 34
0.17001 63 29
0.16853 58 29
0.16697 63 37
0.16557 58 29
0.16416 63 29
0.16540 66 36
0.16548 63 29
0.16548 58 29
2.03614 70 49
0.16304 0 0
0.16304 54 30
0.16304 58 30
0.16304 63 36
0.16304 58 30
0.16350 54 30
0.97869 66 49
0.16743 0 0
0.16918 53 30
0.17090 56 30
0.17190 62 35
0.17190 56 30
0.17190 53 30
1.02320 65 49
0.17462 0 0
0.17240 51 35
0.17082 54 40
0.16877 59 45
0.16647 54 50
0.16462 51 56
1.01771 63 49
0.16280 0 0
0.16103 56 48
0.16070 59 45
0.15670 63 55
0.15670 59 33
0.15670 56 36
0.95465 68 65
0.16099 0 0
0.15839 56 29
0.15839 59 29
0.47777 66 46
0.16159 0 0
0.16162 56 28
0.16295 59 28
0.48615 65 45
0.16862 0 0
0.16862 56 29
0.16862 59 30
0.50586 63 44
0.17256 0 0
0.17256 56 29
0.17256 59 30
0.51769 65 40
0.17922 0 0
0.17323 59 27
0.16727 61 27
0.16304 65 34
0.16304 61 29
0.16304 59 29
0.16487 61 37
0.16487 59 29
0.16603 61 29
0.16304 65 36
0.16304 61 29
0.16304 59 29
1.99370 68 49
0.16304 0 0
0.16304 54 30
0.16304 58 30
0.16304 61 36
0.16304 58 30
0.16350 54 30
0.16743 58 37
0.16918 54 30
0.17090 58 30
0.18028 61 35
0.18028 58 30
0.18028 54 30
2.02704 66 49
0.17683 0 0
0.17497 56 26
0.17301 61 26
0.17117 65 29
0.16929 61 25
0.16745 56 25
0.16574 61 30
0.16397 56 26
0.16239 61 26
0.16185 65 30
0.16185 61 27
0.16185 56 27
2.01037 68 44
0.16126 0 0
0.16126 61 29
0.16126 64 31
0.15726 67 39
0.15726 64 31
0.15877 61 38
0.16244 63 42
0.16244 61 45
0.16215 63 49
0.16287 67 55
0.16424 63 53
0.16726 61 59
1.93849 70 43
0.16988 0 0
0.16806 61 48
0.16821 63 49
0.16742 70 58
0.00729 0 0
0.16612 63 39
0.16488 61 42
0.16381 63 53
0.16261 61 40
0.16149 63 33
1.49243 73 70
0.16126 68 37
0.16126 63 33
0.16126 59 33
0.48379 71 50
0.16304 0 0
0.16304 59 28
0.16304 63 28
0.16304 68 30
0.16304 63 25
0.16350 59 25
0.16743 63 31
0.16918 59 25
0.17090 63 25
0.18028 68 29
0.18028 63 25
0.18028 59 25
2.02704 71 41
0.17683 0 0
0.17497 59 33
0.17309 64 33
0.17086 68 37
0.16792 64 32
0.16506 59 32
0.16231 64 39
0.15969 59 33
0.15901 64 33
0.15953 68 39
0.15953 64 35
0.15953 59 36
1.98832 71 54
0.15615 0 0
0.15615 59 37
0.15615 63 40
0.16068 66 44
0.16068 63 38
0.16138 59 40
0.95120 71 49
0.16244 0 0
0.16244 64 46
0.16215 66 49
0.16287 70 58
0.16424 66 54
0.16726 64 62
0.98141 73 51
0.16988 0 0
0.16806 64 49
0.16821 66 49
0.16737 73 63
0.16612 66 46
0.16488 64 46
0.16381 66 54
0.16261 64 36
0.16143 66 37
1.49236 76 69
0.16508 71 42
0.16548 66 37
0.16548 63 37
0.49604 75 57
0.16304 0 0
0.16304 63 31
0.16304 66 31
0.16304 71 34
0.16304 66 28
0.16335 63 28
0.16401 66 35
0.16557 63 28
0.16775 66 28
0.18028 71 34
0.18028 66 28
0.17988 63 28
2.01631 75 45
0.17303 0 0
0.17078 63 32
0.16854 66 32
0.16637 71 32
0.16426 66 32
0.16219 63 43
0.16126 66 31
0.16126 63 31
0.16148 66 31
0.15953 71 36
0.15953 66 30
0.15953 63 30
1.96776 75 47
0.16186 0 0
0.16010 68 29
0.16010 65 29
0.48206 75 46
0.16039 0 0
0.16126 68 28
0.16126 65 28
0.48292 71 43
0.16304 0 0
0.16304 65 28
0.16304 61 28
0.48912 70 43
0.16364 0 0
0.16364 65 28
0.16399 61 28
0.49127 68 39
0.16878 0 0
0.16716 61 32
0.16564 66 32
0.16406 70 42
0.16259 66 32
0.16108 61 32
0.15839 66 35
0.15839 61 31
0.16005 66 31
0.16126 70 36
0.16126 66 30
0.16126 61 30
1.94993 73 47
0.16200 0 0
0.16068 66 29
0.16068 63 29
0.48337 73 46
0.16185 0 0
0.16185 66 28
0.16185 63 28
0.48555 71 43
0.16304 0 0
0.16304 63 28
0.16304 59 28
0.48912 68 43
0.17256 0 0
0.17256 59 28
0.17256 56 28
0.51769 63 39
0.16878 0 0
0.16716 54 29
0.16564 58 29
0.16406 61 38
0.16259 58 29
0.16108 54 31
0.16010 58 35
0.16010 54 30
0.16090 58 30
0.16126 61 36
0.16126 58 30
0.16126 54 30
1.95421 66 47
0.16244 0 0
0.16244 59 29
0.16244 56 29
0.48733 66 45
0.16244 0 0
0.16244 59 28
0.16244 56 28
0.48733 65 41
0.16304 0 0
0.16304 61 28
0.16304 59 28
0.48912 70 42
0.17256 0 0
0.17256 61 26
0.17256 59 26
0.51769 68 39
0.16878 0 0
0.16716 59 29
0.16564 63 29
0.16406 66 29
0.16259 63 29
0.16108 59 26
0.15839 63 36
0.15839 59 30
0.16005 63 30
0.16126 66 48
0.16126 63 37
0.16126 59 37
1.94993 71 47
0.16878 0 0
0.16716 64 41
0.16564 66 36
0.16406 70 54
0.16259 66 44
0.16108 64 45
0.98931 73 58
0.16010 0 0
0.16010 64 44
0.16090 66 44
0.16862 70 56
0.16862 66 51
0.16862 64 53
0.98697 74 67
0.17303 0 0
0.17078 63 38
0.16854 66 37
0.16637 71 42
0.16426 66 36
0.16219 63 36
0.16126 66 38
0.16126 63 33
0.16148 66 33
0.16126 71 37
0.16126 66 31
0.16126 63 30
1.97297 75 71
0.16244 0 0
0.16244 68 29
0.16244 65 29
0.48733 75 50
0.16244 0 0
0.16244 68 28
0.16244 65 28
0.48733 74 48
0.16304 0 0
0.16304 65 28
0.16304 62 28
0.48912 71 42
0.16364 0 0
0.16364 65 28
0.16399 61 28
0.49127 68 39
0.16878 0 0
0.16716 61 32
0.16564 66 32
0.16406 70 36
0.16259 66 32
0.16108 61 32
0.16010 66 36
0.16010 61 31
0.16090 66 31
0.16126 70 36
0.16126 66 30
0.16126 61 30
1.95421 73 47
0.16157 0 0
0.15896 67 29
0.15896 63 29
0.47949 73 46
0.16487 0 0
0.16487 68 28
0.16487 63 28
0.49460 71 43
0.16304 0 0
0.16304 63 28
0.16304 59 28
0.48912 68 43
0.17256 0 0
0.17256 60 28
0.17256 56 28
0.51769 63 39
0.16878 0 0
0.16716 54 29
0.16564 58 29
0.16406 61 34
0.16259 58 29
0.16108 54 30
0.16010 58 34
0.16010 54 30
0.16090 58 30
0.16126 61 36
0.16126 58 30
0.16126 54 30
1.95421 66 47
0.16244 0 0
0.16244 59 29
0.16244 56 29
0.48733 66 45
0.16244 0 0
0.16244 59 28
0.16244 56 28
0.48733 65 41
0.16304 0 0
0.16304 61 28
0.16304 59 28
0.48912 70 42
0.17256 0 0
0.17256 61 26
0.17256 59 26
0.51769 68 39
0.16878 0 0
0.16716 54 29
0.16564 58 29
0.16406 61 33
0.16259 58 29
0.16108 54 29
0.16010 58 32
0.16010 54 30
0.16090 58 30
0.16126 61 36
0.16126 58 30
0.16126 54 30
1.95421 66 47
0.16878 0 0
0.16716 54 29
0.16564 58 29
0.16406 61 32
0.16259 58 29
0.16108 54 37
0.16010 58 41
0.16010 54 43
0.16090 58 45
0.16862 61 47
0.16862 58 50
0.16862 54 52
1.97628 66 47
0.16878 0 0
0.16716 54 47
0.16564 59 43
0.16406 62 57
0.16259 59 46
0.16108 54 46
0.15882 59 58
0.15839 54 44
0.16005 59 45
0.16126 62 61
0.16126 59 51
0.16126 54 53
1.95036 66 60
0.16878 0 0
0.16716 54 48
0.16564 58 48
0.16406 64 61
0.16259 58 52
0.16108 54 52
0.98931 66 72
0.16010 58 58
0.16010 54 59
0.16090 58 59
0.48111 67 66
0.16862 64 67
0.16862 58 62
0.16862 54 62
0.50586 66 67
0.16878 0 0
0.16716 54 58
0.16564 59 59
0.16406 62 70
0.16259 59 60
0.16108 54 61
0.16010 59 71
0.16010 54 63
0.16090 59 59
0.16126 62 75
0.16126 59 63
0.16126 54 64
1.95421 66 80
0.16878 0 0
0.16716 48 67
0.16564 54 65
0.16406 57 63
0.16259 54 61
0.16108 48 59
0.98931 60 82
0.16010 54 56
0.16010 48 54
0.16095 54 50
0.17154 57 46
0.17890 54 42
0.23081 48 39
0.16878 0 0
0.16716 49 33
0.16564 54 33
0.16406 58 36
0.16259 54 32
0.16108 49 32
0.16010 54 35
0.16010 49 31
0.16090 54 31
0.16126 58 37
0.16126 54 30
0.16126 49 30
1.95421 61 45
0.16244 0 0
0.16244 53 29
0.16244 56 29
0.48733 61 45
0.16244 0 0
0.16244 59 28
0.16244 61 28
0.48733 71 41
0.16304 0 0
0.16304 59 28
0.16304 61 28
0.48912 68 42
0.17256 0 0
0.17256 59 26
0.17256 61 26
0.51769 65 39
0.16878 0 0
0.16716 54 27
0.16564 58 27
0.16406 61 33
0.16259 58 27
0.16108 54 27
0.16010 58 32
0.16010 54 30
0.16090 58 30
0.16126 61 36
0.16126 58 30
0.16126 54 30
1.95421 66 47
0.16878 0 0
0.16716 54 29
0.16564 58 29
0.16406 61 32
0.16259 58 29
0.16108 54 37
0.16010 58 41
0.16010 54 43
0.16090 58 45
0.16862 61 47
0.16862 58 50
0.16862 54 52
1.97628 66 47
0.16878 0 0
0.16716 54 44
0.16564 59 43
0.16406 62 52
0.16259 59 46
0.16108 54 46
0.16010 59 53
0.16010 54 44
0.16090 59 45
0.16126 62 56
0.16126 59 46
0.16126 54 46
1.95421 66 60
0.16878 0 0
0.16716 54 48
0.16564 57 48
0.16406 62 58
0.16259 57 47
0.16108 54 48
0.16010 57 58
0.16010 54 59
0.16090 57 59
0.16862 62 67
0.16862 57 62
0.16862 54 62
1.97628 66 64
0.16878 0 0
0.16716 55 53
0.16564 58 54
0.16406 62 67
0.16259 58 56
0.16108 55 56
0.16010 58 70
0.16010 55 58
0.16090 58 59
0.16126 62 72
0.16126 58 55
0.16126 55 60
1.95421 67 80
0.16878 0 0
0.16716 48 67
0.16564 54 65
0.16406 57 63
0.16259 54 61
0.16108 48 59
0.98931 60 83
0.16010 54 56
0.16010 48 54
0.16095 54 50
0.17154 57 46
0.17890 54 42
0.23081 48 39
0.16878 0 0
0.16716 49 33
0.16564 54 33
0.16406 58 36
0.16259 54 32
0.16108 49 32
0.16010 54 35
0.16010 49 31
0.16090 54 31
0.16126 58 37
0.16126 54 30
0.16126 49 30
1.95421 61 45
0.16234 0 0
0.16244 53 29
0.16244 56 29
0.48723 61 45
0.16244 0 0
0.16244 59 28
0.16244 61 28
0.48733 71 41
0.16299 0 0
0.16304 59 28
0.16304 61 28
0.48906 68 42
0.17173 0 0
0.17256 59 26
0.17256 61 26
0.51685 65 39
0.16878 0 0
0.16716 54 32
0.16564 58 32
0.16406 61 34
0.16259 54 30
0.16108 58 30
0.16010 63 38
0.16010 54 28
0.16090 59 27
0.16126 61 32
0.16126 54 26
0.16126 58 26
1.95421 66 45
0.16234 0 0
0.16244 59 23
0.16244 61 23
0.48723 65 40
0.16244 0 0
0.16244 59 25
0.16244 61 25
0.48733 71 38
0.16299 0 0
0.16304 59 22
0.16304 61 26
0.48906 68 39
0.17173 0 0
0.17256 59 20
0.17256 61 20
0.51685 65 35
0.16878 0 0
0.16716 54 25
0.16564 58 26
0.16406 61 32
0.16259 54 26
0.16108 58 26
0.16010 63 38
0.16010 54 25
0.16090 59 25
0.16126 61 32
0.16126 54 26
0.16126 58 26
1.95421 66 42
0.18556 0 0
0.18556 59 23
0.18556 61 23
0.55669 65 36
0.16244 0 0
0.16244 65 22
0.16244 68 22
0.48733 75 40
0.16299 0 0
0.16304 61 22
0.16304 65 22
0.48906 71 37
0.17173 0 0
0.17256 61 20
0.17256 65 20
0.51685 68 31
0.17023 0 0
0.16716 54 26
0.16564 58 26
0.16406 61 28
0.16259 58 25
0.16108 54 25
0.16010 58 32
0.16010 54 24
0.16090 58 24
0.16126 61 29
0.16126 58 24
0.16126 54 24
1.95566 66 36
0.16878 58 32
0.16716 54 26
0.16564 58 26
0.16406 61 28
0.16259 58 25
0.16108 54 25
0.98931 66 36
0.16010 58 32
0.16010 54 24
0.16090 58 24
0.16126 61 29
0.16126 58 24
0.16126 54 24
0.96490 66 36
1.96703 66 36
1.96703 58 25
1.96703 54 25
0.98946 66 32
0.98946 58 22
0.98946 54 22
1.10864 66 30
1.10864 58 20
1.10864 54 20
5.75333 66 28
5.75333 58 19
5.75333 54 19
#  Piano left
2.04593 49 35
2.04593 42 29
0.97944 42 29
0.97944 49 35
1.03712 49 35
1.03712 42 29
4.08009 39 29
4.08009 51 35
1.99588 47 35
1.99588 35 29
1.48726 49 35
1.48726 37 29
0.51769 49 26
0.51769 47 20
1.04574 49 35
1.04574 46 29
0.87048 42 29
0.87048 51 35
0.12319 0 0
2.02601 53 35
2.14921 37 29
2.04041 42 29
2.04041 49 35
0.96449 42 29
0.96449 49 35
1.04899 42 29
1.04899 49 35
2.04890 39 29
2.04890 51 35
0.97869 51 35
0.97869 39 29
1.02320 34 29
1.02320 46 35
1.02142 47 35
1.02142 35 29
0.97445 32 29
0.97445 44 35
2.00495 49 35
2.00495 37 29
4.02075 49 35
4.02075 42 29
2.01037 49 29
2.01037 53 35
1.93849 46 34
1.93849 55 40
1.93849 51 34
1.97622 51 41
1.97622 44 41
1.97622 56 50
2.02704 44 29
2.02704 51 29
2.02704 56 35
1.98832 56 40
1.98832 52 33
0.95120 51 39
0.95120 54 46
0.98141 54 39
0.98141 49 39
0.98141 58 46
1.98840 59 57
1.98840 54 47
1.98840 47 47
2.01856 59 40
2.01856 54 33
2.01856 47 33
1.97297 54 35
1.97297 47 29
0.97466 56 35
0.98039 53 35
1.95504 47 29
1.94850 54 35
1.94850 46 29
0.97466 54 35
0.83209 56 35
1.98146 47 29
1.83327 0 0
0.12095 37 35
1.95421 49 35
0.97466 0 0
0.48912 54 35
0.51769 53 35
1.98146 49 35
1.95421 49 35
1.95421 42 30
0.98931 46 30
0.98931 49 35
0.98697 49 35
0.98697 46 30
1.99048 53 35
1.99048 49 29
0.94793 52 34
1.92934 55 40
1.92934 46 34
0.98171 51 55
0.00640 51 41
1.49243 55 50
0.48379 56 44
1.97622 44 41
1.75663 44 29
0.27042 42 60
2.02704 56 35
2.02704 51 29
1.98832 40 68
0.94956 39 55
0.09747 37 56
0.09747 39 38
0.09747 37 45
0.09747 39 39
0.09718 37 42
0.09759 39 44
0.13082 37 55
0.13171 35 46
0.13425 37 56
4.00282 35 67
1.97297 54 35
1.97297 47 29
0.97466 56 35
0.98039 53 35
1.95504 47 29
1.95421 46 29
1.95421 54 35
0.48733 55 35
0.48733 56 35
1.46377 47 29
0.51769 48 29
1.00680 51 35
1.83327 0 0
0.12095 37 35
1.95421 49 35
0.97466 0 0
0.48912 54 35
0.51769 53 35
1.98146 49 35
2.94353 49 35
2.94353 42 30
0.98697 41 55
0.98697 50 55
1.47042 51 58
1.47042 39 58
0.16126 39 57
0.16126 41 61
0.16126 42 65
1.47042 42 69
0.16862 42 60
0.16862 44 63
0.16862 46 67
0.50586 0 0
0.49277 59 56
0.48556 56 54
0.51173 53 49
1.75269 50 49
0.12411 48 35
0.12411 50 35
3.99682 46 77
0.97665 51 44
0.97482 44 44
1.45319 46 42
0.16672 44 59
0.16672 42 62
0.16672 41 66
1.47042 51 69
1.47042 39 69
0.16126 39 61
0.16126 41 64
0.16126 42 67
1.47042 42 70
0.16862 42 58
0.16862 44 61
0.16862 46 64
0.50586 0 0
0.49277 59 56
0.48556 56 54
0.51173 53 49
0.98921 50 49
0.09929 50 35
0.09929 51 30
0.08895 50 35
0.08791 51 30
0.08895 50 35
0.08791 51 30
0.08895 50 35
0.08895 51 32
0.08791 50 35
0.08895 48 32
0.08791 50 38
3.97801 46 74
0.97665 51 44
0.97482 44 44
1.45319 46 42
0.50017 50 40
0.50017 38 35
0.97665 51 37
0.97665 39 31
0.97482 44 37
0.97482 32 31
0.96586 30 29
0.96586 42 35
0.98750 40 35
1.95418 39 35
1.97387 37 32
1.96802 35 37
1.98146 40 33
1.95421 42 37
1.46377 49 33
0.51769 52 33
1.98146 42 33
1.95421 35 29
1.47042 31 29
0.16126 31 29
0.16126 33 29
0.15119 35 29
0.01008 0 0
1.47042 35 29
0.12095 37 49
0.12095 39 51
0.12095 40 54
0.12095 42 58
0.98931 43 61
0.96490 42 38
1.95421 35 29
1.47042 32 29
0.16126 32 29
0.16126 34 29
0.15119 35 29
0.01008 0 0
1.47042 35 29
0.12095 37 50
0.12095 39 53
0.12095 40 57
0.12095 42 61
0.98931 44 65
0.96490 42 38
3.86747 35 29
1.47042 44 74
0.16548 44 55
0.16517 46 59
0.15456 47 63
0.01030 0 0
1.47042 47 73
0.16672 47 56
0.16672 49 61
0.15630 50 64
0.01042 0 0
1.47042 50 73
0.16672 50 56
0.16672 51 61
0.15630 53 64
0.01042 0 0
1.47042 53 73
0.50017 41 56
0.98382 42 40
0.98195 38 40
0.97839 39 49
0.98711 32 40
1.14941 34 29
0.16010 33 25
0.16090 34 25
0.16126 35 29
0.16126 34 25
0.16126 33 25
1.42049 34 29
0.49277 34 29
0.49277 46 29
1.47042 32 64
1.47042 44 74
0.16548 44 55
0.16517 46 59
0.15456 47 63
0.01030 0 0
1.47042 47 73
1.47042 35 64
0.16672 47 56
0.16672 49 61
0.15630 50 64
0.01042 0 0
1.47042 50 73
1.47031 38 64
0.16672 50 56
0.16672 51 61
0.15630 53 64
0.01042 0 0
1.47042 53 73
1.47042 41 64
0.50017 41 56
0.98382 42 40
0.13921 38 40
0.13909 39 36
0.13909 38 40
0.14003 39 36
0.14117 38 40
0.14117 36 35
0.14323 38 36
0.97839 39 49
0.98711 32 40
1.14941 34 29
0.16010 33 25
0.16090 34 25
0.16126 35 29
0.16126 34 25
0.16126 33 25
0.95203 34 29
0.96123 32 29
1.97297 43 35
1.97297 31 29
1.97526 41 35
1.96802 39 37
1.98146 44 33
1.95566 46 35
1.46377 53 35
0.51769 56 35
1.98146 46 29
1.95421 39 29
1.47042 37 35
0.16126 40 24
0.16126 39 28
0.16126 37 31
1.95421 35 29
1.14941 34 35
0.16010 35 24
0.16090 34 24
0.16126 37 27
0.16126 35 24
0.16126 34 24
1.95421 32 29
0.10145 30 22
0.10092 32 18
0.10026 30 24
0.09975 32 21
0.09920 30 22
0.09865 32 18
0.09803 30 24
0.09761 32 21
0.09699 30 27
0.09647 32 23
0.09606 30 31
0.09606 32 26
0.09606 30 35
0.09606 32 29
0.09686 30 38
0.09676 32 32
0.12901 30 42
0.12901 29 37
0.12901 30 38
0.98931 29 60
0.98931 41 68
0.24015 0 0
0.24095 44 41
0.24822 47 41
0.25685 49 41
0.98618 41 50
1.04564 50 49
1.04564 41 40
1.36413 49 31
2.05771 49 35
2.05771 42 29
0.96813 42 29
0.96813 49 35
1.03777 49 35
1.03777 42 29
4.06396 39 29
4.06396 51 35
0.00451 0 0
1.99542 35 29
1.99507 47 35
1.48726 37 29
1.48726 49 35
0.51769 49 26
0.51769 47 20
1.04574 49 35
1.04574 46 29
0.87048 42 29
0.87048 51 35
0.12319 0 0
2.00203 53 35
2.12523 37 29
2.04041 42 29
2.04041 49 35
0.95375 42 29
0.95375 49 35
1.03273 42 29
1.03273 49 35
3.01483 51 35
3.01483 39 29
1.02320 34 29
1.02320 46 35
0.00451 0 0
1.01729 35 29
1.01698 47 35
0.95465 44 40
0.95465 32 33
1.98747 49 35
1.98747 37 29
4.02075 49 35
4.02075 42 29
2.01037 49 29
2.01037 53 35
0.95708 52 34
0.98141 51 41
1.93849 46 34
1.93849 55 40
0.00746 0 0
1.49202 55 50
1.97622 51 41
1.97622 44 41
0.48395 56 44
0.01427 56 35
1.75663 44 29
0.27042 42 43
2.02704 51 29
1.98832 40 68
0.95120 39 55
0.09747 37 44
0.09747 39 44
0.07818 37 56
0.07818 39 39
0.07810 37 56
0.07796 39 39
0.07830 37 42
0.07858 39 44
0.10563 37 55
0.10624 35 46
0.10736 37 56
4.00471 35 67
1.96776 54 35
1.96747 47 29
0.00406 47 29
0.96498 56 35
0.98039 53 35
1.94993 46 29
1.94993 54 35
0.96892 54 35
0.82346 56 35
1.97573 47 29
1.83327 0 0
0.12095 37 35
1.95421 49 35
0.97466 0 0
0.48912 54 35
0.51769 53 35
1.98146 49 42
1.94993 54 35
1.94993 51 30
1.97628 58 42
1.97628 54 35
1.97297 59 57
1.97297 54 46
1.97297 47 46
0.97466 56 35
0.98039 53 35
1.95504 47 29
1.95421 46 29
1.95421 54 35
0.47949 55 35
0.49460 56 35
1.46320 47 29
0.51769 48 29
1.00681 51 35
1.83327 0 0
0.12095 37 35
1.95421 49 35
0.97466 0 0
0.48912 54 35
0.51769 53 35
1.98146 49 35
1.95421 42 35
1.97628 40 43
1.95036 38 63
0.10145 38 44
0.10092 37 41
0.10026 38 44
0.09975 37 42
0.11362 38 44
0.11183 37 45
0.11218 38 47
0.11047 37 48
0.11075 38 50
0.11014 37 51
0.11107 38 52
0.00100 0 0
0.10907 37 54
0.11020 38 55
0.11192 37 56
0.11593 38 58
0.11593 37 59
0.11487 35 60
0.11698 37 62
1.95421 35 84
2.05172 38 77
1.95421 37 40
0.48733 37 35
0.48733 0 0
0.48912 53 31
0.51769 56 31
1.49413 49 35
1.95421 42 35
1.97628 40 43
1.95421 38 63
0.10145 36 37
0.10092 38 33
0.10026 36 37
0.09975 38 33
0.09920 36 38
0.09865 38 39
0.09803 36 41
0.09761 38 44
0.09699 36 45
0.09647 38 47
0.09606 36 50
0.09606 38 51
0.09606 36 54
0.09606 38 55
0.09686 36 58
0.10117 38 60
0.13490 36 62
0.13490 34 65
0.13490 36 68
0.00529 0 0
1.95421 34 84
2.05172 38 77
1.95421 37 40
0.48723 37 35
0.48733 0 0
0.48906 53 31
0.51685 56 31
1.49325 49 35
0.50157 0 0
0.48774 46 27
0.48774 49 27
0.48111 51 30
0.48111 47 26
0.48379 46 24
0.48379 49 24
1.95421 42 40
0.48723 37 28
0.48733 0 0
0.48906 53 24
0.51685 56 24
1.49325 49 28
0.50157 0 0
0.48774 46 24
0.48774 49 24
0.48111 51 27
0.48111 47 23
0.48379 46 21
0.48379 49 21
1.95421 42 40
0.55669 37 28
0.48733 0 0
0.48906 56 24
0.51685 59 24
1.49325 49 28
1.95566 42 28
1.95566 49 32
0.98931 42 25
0.98931 49 28
0.96490 49 28
0.96490 42 25
0.16857 0 0
0.16703 42 26
0.16624 46 25
0.16532 49 27
0.16455 46 24
0.16345 42 24
0.16234 46 30
0.16304 42 22
0.16270 46 22
0.16126 49 26
0.16126 46 22
0.16126 42 21
0.16878 46 28
0.16716 42 23
0.16564 46 23
0.16406 49 24
0.16224 46 21
0.16158 42 21
0.16338 46 27
0.16535 42 20
0.16720 37 20
0.18364 42 24
0.18935 37 19
0.23972 34 19
5.75333 42 23
5.75333 37 20
5.75333 30 20
