"schu_143_2"

#  Piano right
1.28571 0 0
0.41667 65 42
1.70060 60 50
1.70060 57 50
0.81633 69 50
0.83333 62 54
0.83333 74 54
1.27381 60 50
1.27381 72 50
0.41667 70 45
0.41667 58 45
1.69048 67 50
0.85714 67 50
0.85714 55 50
0.85714 57 45
0.85714 69 45
1.65517 57 45
1.65517 53 45
1.65517 65 45
1.65517 58 37
1.65517 67 37
1.65517 70 37
1.65517 60 37
0.42857 65 28
0.42857 60 28
0.42857 57 28
0.42857 69 28
0.42857 0 0
0.58065 60 21
0.09677 61 18
0.09677 60 18
0.58065 59 25
0.09677 60 18
0.09677 61 18
0.19355 60 21
0.65156 0 0
1.66146 57 46
0.41667 65 46
1.66667 60 46
0.81633 69 50
0.83333 62 61
0.83333 69 61
0.83333 74 61
1.25295 0 0
0.41379 77 65
1.66675 62 60
1.66675 74 60
1.66675 69 60
0.41379 65 65
0.81081 69 69
0.81081 81 69
0.84507 82 74
0.84507 73 74
0.84507 70 74
1.72662 70 71
1.72662 82 71
1.72662 73 71
0.85714 72 52
0.85714 69 52
0.85714 81 52
0.85714 70 46
0.85714 79 46
0.42857 77 42
0.42857 69 42
1.28571 72 46
0.42857 0 0
0.58065 60 21
0.09677 61 18
0.09677 60 18
0.58065 59 25
0.09494 60 18
0.09494 61 18
0.19355 60 21
0.64809 0 0
1.28571 60 46
1.70893 55 46
0.42857 64 46
0.81633 67 50
0.83333 70 61
0.83333 61 61
0.83333 58 61
1.64456 58 56
0.40816 65 56
1.64966 62 56
0.79470 70 71
0.83916 62 73
0.83916 70 73
0.83916 74 73
0.83916 65 73
1.58066 75 77
1.58066 66 77
1.58066 63 77
0.80537 62 70
0.80537 65 70
0.80537 74 70
0.82192 72 71
0.82192 65 71
0.82192 60 71
1.61139 73 77
1.61139 64 77
1.61139 61 77
0.85714 60 67
0.85714 65 67
0.85714 72 67
0.85714 65 51
0.85714 69 51
0.85714 57 51
1.27381 72 50
1.27381 60 50
0.41667 70 45
0.41667 58 45
1.69048 67 50
0.85714 67 50
0.85714 55 50
0.85714 57 45
0.85714 69 45
1.65517 57 45
1.65517 53 45
1.65517 65 45
1.65517 64 39
1.65517 58 39
1.65517 67 39
0.42857 65 32
0.42857 57 32
0.42857 69 32
0.42857 0 0
0.58065 60 21
0.09677 61 18
0.09677 60 18
0.58065 59 25
0.09677 60 18
0.09677 61 18
0.19355 60 21
0.65156 0 0
1.24425 84 50
1.24425 72 50
0.41667 82 45
0.41667 70 45
1.66092 79 50
0.85714 79 50
0.85714 67 50
0.83916 69 45
0.83916 81 45
1.62162 69 45
1.62162 65 45
1.62162 77 45
1.65517 76 39
1.65517 67 39
1.65517 79 39
0.42857 77 32
0.42857 65 32
0.42857 0 0
0.56962 72 21
0.09494 73 18
0.09494 72 18
0.56962 71 25
0.09494 72 18
0.09494 73 18
0.18987 72 21
1.45748 0 0
0.56962 65 40
0.09494 66 34
0.09494 65 34
0.56962 64 48
0.09494 65 38
0.09494 66 39
0.56962 65 51
0.09494 63 45
0.09494 61 52
0.56962 60 63
0.09494 61 53
0.09494 63 55
0.56962 61 71
0.09494 60 59
0.09494 58 67
0.57579 57 75
0.09868 58 71
0.09912 60 71
0.64877 58 87
0.14706 56 76
0.20000 54 86
1.71429 61 82
1.71429 56 82
1.71429 53 69
0.30534 56 72
0.30534 61 72
0.30534 53 61
0.29412 65 65
0.29412 56 55
0.29412 61 65
0.22059 65 66
0.22059 56 56
0.22059 61 66
0.07353 0 0
0.30303 68 69
0.30303 61 58
0.30303 65 69
0.29630 73 61
0.29630 65 51
0.29630 68 61
0.22901 73 62
0.22901 65 52
0.22901 68 62
0.07634 0 0
0.90685 73 69
0.90570 72 62
1.81254 63 58
1.81254 68 69
0.30534 61 68
0.30534 58 68
0.30534 53 68
0.29412 61 60
0.29412 65 60
0.29412 58 60
0.22059 58 60
0.22059 65 60
0.22059 61 60
0.07353 0 0
0.30303 61 67
0.30303 58 67
0.30303 65 67
0.29630 65 58
0.29630 61 58
0.29630 70 58
0.22901 65 58
0.22901 61 58
0.22901 70 58
0.07634 0 0
0.90685 70 66
0.90226 68 62
1.80910 65 66
1.80910 60 66
0.30534 54 57
0.30534 49 57
0.30534 58 68
0.29412 54 51
0.29412 58 51
0.29412 61 60
0.22059 54 51
0.22059 58 51
0.22059 61 60
0.07353 0 0
0.30303 58 56
0.30303 54 56
0.30303 61 67
0.29197 66 58
0.29197 61 49
0.29197 58 49
0.21898 66 58
0.21898 61 49
0.21898 58 49
0.07299 0 0
0.29851 61 59
0.29851 58 59
0.29851 66 70
0.28814 66 56
0.28814 61 56
0.28814 70 66
0.21185 66 56
0.21185 61 56
0.21185 70 66
0.07246 0 0
0.29369 61 63
0.29369 70 75
0.29369 66 63
0.28531 66 60
0.28531 73 71
0.28531 70 60
0.21072 66 62
0.21072 73 74
0.21072 70 62
0.07143 0 0
0.30303 66 68
0.30303 73 81
0.30303 70 68
0.29386 70 61
0.29386 78 72
0.29386 73 61
0.21722 70 63
0.21722 78 75
0.21722 73 63
0.07353 0 0
0.30303 78 84
0.30303 73 71
0.30303 70 71
0.29649 78 78
0.29649 82 78
0.29649 70 66
0.29649 73 66
0.22901 82 78
0.22901 78 78
0.22901 70 66
0.22901 73 66
0.07634 0 0
0.90349 85 95
0.90349 73 80
0.90349 80 95
0.29630 80 88
0.29630 73 74
0.29630 83 88
0.29630 71 74
0.29630 78 78
0.29630 73 66
0.29630 70 66
0.29630 82 78
0.22727 82 78
0.22727 70 66
0.22727 78 78
0.22727 73 66
0.07576 0 0
0.90453 80 95
0.90453 73 80
0.90453 85 95
0.29630 80 88
0.29630 83 88
0.29630 71 74
0.29630 73 74
0.29630 70 66
0.29630 73 66
0.29630 78 78
0.29630 82 78
0.23256 73 66
0.23256 70 66
0.23256 78 78
0.23256 82 78
0.07752 0 0
0.89552 76 85
0.89552 82 101
0.89552 88 101
0.29655 82 98
0.29655 74 83
0.29655 86 98
0.29197 87 92
0.29197 75 78
0.29197 82 92
0.21898 87 92
0.21898 75 78
0.21898 82 92
0.07299 0 0
0.88808 76 85
0.88808 82 101
0.88808 88 101
0.28986 82 98
0.28986 74 83
0.28986 86 98
0.28986 87 92
0.28986 75 78
0.28986 82 92
0.23028 87 92
0.23028 75 78
0.23028 82 92
0.07752 0 0
0.87942 88 92
0.87942 76 78
0.87942 82 92
0.87380 82 94
0.87380 88 94
0.87380 76 79
0.86786 82 97
0.86786 88 97
0.86786 76 82
0.86918 82 100
0.86918 88 100
0.86918 76 85
0.87706 89 106
0.87706 83 90
0.87706 77 90
0.87706 86 106
0.88374 77 90
0.88374 86 106
0.88374 89 106
0.88374 83 90
0.90140 78 94
0.90140 87 111
0.90140 90 111
0.90140 81 94
0.90140 84 94
0.94026 90 112
0.94026 78 95
0.94026 87 112
0.94026 84 95
0.94026 81 95
0.24390 83 96
0.24390 91 113
0.24390 79 96
0.24390 86 113
0.08130 0 0
0.22727 79 86
0.07576 0 0
0.22727 79 72
0.07576 0 0
0.31008 67 81
0.28986 79 69
0.21739 79 61
0.07246 0 0
0.30303 67 61
0.28777 79 54
0.21583 79 45
0.07194 0 0
0.30075 67 59
0.28777 79 50
0.21583 79 45
0.07194 0 0
0.29851 67 56
0.28777 79 45
0.21583 79 45
0.07194 0 0
0.30075 67 54
0.29197 79 42
0.21898 79 43
0.07299 0 0
0.31008 67 50
0.30075 79 39
0.22556 79 39
0.07519 0 0
0.32787 67 50
0.31496 79 40
0.23622 79 39
0.07874 0 0
0.30139 76 48
0.28860 79 40
0.21645 79 40
0.07215 0 0
0.29265 79 50
0.28058 84 39
0.21044 84 39
0.07015 0 0
0.28649 84 48
0.28058 88 39
0.21044 88 39
0.07015 0 0
0.28450 88 54
0.27778 93 43
0.22967 93 42
0.08475 0 0
0.29481 93 54
0.27586 91 44
0.21898 91 41
0.07299 0 0
0.29481 91 51
0.28058 89 42
0.21044 89 42
0.07015 0 0
0.29481 89 50
0.28253 86 42
0.21739 86 42
0.07246 0 0
0.28860 86 48
0.27678 88 42
0.23504 88 42
0.08547 0 0
0.28777 76 48
0.28169 84 43
0.21189 84 43
0.07063 0 0
0.28571 86 48
0.27972 84 42
0.22256 84 42
0.08130 0 0
0.28860 83 48
0.28169 89 43
0.21179 89 44
0.07063 0 0
0.29412 91 48
0.29265 89 42
0.26297 89 41
0.10526 0 0
0.23256 88 40
0.69767 0 0
0.58065 76 26
0.09677 77 23
0.09677 76 23
0.57740 75 29
0.09434 76 22
0.09434 77 22
0.19355 76 26
1.73382 72 26
0.58065 0 0
0.30139 76 48
0.28860 79 40
0.21645 79 40
0.07215 0 0
0.29265 79 50
0.28058 84 39
0.21044 84 39
0.07015 0 0
0.28649 84 52
0.28058 88 43
0.22159 88 43
0.08130 0 0
0.28450 88 56
0.29851 93 46
0.22901 93 46
0.07634 0 0
0.29412 76 60
0.28169 81 56
0.21127 81 52
0.07042 0 0
0.29265 81 61
0.28058 84 55
0.21044 84 55
0.07015 0 0
0.29630 84 68
0.28777 88 63
0.21583 88 64
0.07194 0 0
0.31250 88 87
0.32258 77 72
0.32258 89 72
0.32258 80 72
0.25641 89 72
0.25641 77 72
0.25641 80 72
0.08547 0 0
1.77778 80 76
1.77778 77 76
1.77778 89 76
0.29630 79 65
0.13699 89 58
0.13699 0 0
0.14388 88 49
0.14388 0 0
0.29630 77 58
0.14388 88 51
0.14388 0 0
0.15504 86 48
0.15504 0 0
0.46512 76 50
0.46512 84 50
0.46512 0 0
0.58065 76 26
0.09677 77 23
0.09677 76 23
0.58065 75 29
0.09375 76 22
0.09375 77 22
0.19355 76 26
1.73589 72 21
0.63473 0 0
0.30139 67 48
0.28860 72 40
0.21645 72 40
0.07215 0 0
0.29265 72 50
0.28058 76 39
0.21044 76 39
0.07015 0 0
0.28649 76 52
0.28058 79 43
0.22159 79 43
0.08130 0 0
0.28449 79 56
0.29851 82 46
0.65763 70 56
0.65763 73 56
0.23463 82 46
0.24000 73 55
0.24000 70 55
0.29412 70 67
0.28169 74 56
0.21127 74 52
0.07042 0 0
0.29265 74 61
0.28058 77 55
0.21044 77 55
0.07015 0 0
0.29630 77 68
0.28777 82 63
0.21583 82 64
0.07194 0 0
0.31250 82 88
0.32258 74 79
0.32258 77 79
0.32258 86 79
0.25641 86 79
0.25641 77 79
0.25641 74 79
0.08547 0 0
1.77778 78 96
1.77778 75 96
1.77778 87 96
0.29630 77 65
0.13699 87 58
0.13699 0 0
0.14388 86 49
0.14388 0 0
0.29630 77 58
0.14388 86 51
0.14388 0 0
0.16129 84 48
0.16129 0 0
1.77778 76 93
1.77778 73 93
1.77778 85 93
0.29630 72 65
0.13699 85 58
0.13699 0 0
0.14388 84 49
0.14388 0 0
0.29630 72 58
0.14388 82 51
0.14388 0 0
0.15504 81 48
0.16949 0 0
0.29481 86 54
0.27586 84 44
0.21898 84 41
0.07299 0 0
0.29481 84 51
0.28058 82 42
0.21044 82 42
0.07015 0 0
0.29481 82 50
0.28253 79 42
0.21739 79 42
0.07246 0 0
0.28860 79 48
0.27678 81 42
0.23504 81 42
0.08547 0 0
0.28777 69 48
0.28169 77 43
0.21189 77 43
0.07063 0 0
0.28571 79 48
0.27972 77 42
0.22256 77 42
0.08130 0 0
0.28860 76 48
0.28169 82 43
0.21179 82 44
0.07063 0 0
0.29412 84 48
0.29265 82 42
0.26297 82 41
0.10526 0 0
0.23256 81 40
0.69767 0 0
0.58065 69 26
0.09677 70 23
0.09677 69 23
0.57940 68 29
0.09615 69 22
0.09615 70 22
0.19355 69 26
1.73945 65 21
0.67554 0 0
0.29481 98 54
0.27586 96 44
0.21898 96 41
0.07299 0 0
0.29481 96 51
0.28058 94 42
0.21044 94 42
0.07015 0 0
0.29481 94 50
0.28253 91 42
0.21739 91 42
0.07246 0 0
0.28860 91 48
0.27678 93 42
0.23504 93 42
0.08547 0 0
0.28777 81 48
0.28169 89 43
0.21189 89 43
0.07063 0 0
0.28571 91 48
0.27972 89 42
0.22256 89 42
0.08130 0 0
0.28860 82 48
0.28169 91 43
0.21179 91 44
0.07063 0 0
0.30075 94 48
0.30769 93 42
0.23656 91 41
0.07885 0 0
0.23256 89 40
0.69767 0 0
0.58065 69 26
0.09677 70 23
0.09677 69 23
0.58065 68 29
0.09677 69 22
0.09677 70 22
0.19355 69 26
1.74194 65 21
1.35484 0 0
0.56962 72 32
0.09494 73 27
0.09494 72 27
0.56962 71 38
0.09494 72 27
0.09494 73 27
0.18987 72 32
0.61241 0 0
0.56962 71 50
0.09494 72 46
0.09494 73 46
0.56962 72 68
0.09494 70 56
0.09494 68 57
0.56784 67 73
0.09534 68 60
0.09595 70 60
0.60872 68 70
0.14551 67 66
0.16129 65 58
1.56863 60 50
0.56962 72 58
0.09494 74 53
0.09494 76 53
0.56962 77 63
0.09494 79 58
0.09494 81 64
1.57895 82 76
1.57895 70 76
1.57895 73 76
0.08224 82 37
0.08224 84 32
0.08224 82 36
0.08224 84 32
0.06579 82 36
0.06579 84 32
0.06579 82 36
0.06579 84 32
0.10714 81 36
0.10714 82 32
0.45802 88 45
0.22901 82 40
1.72242 73 32
0.08224 81 37
0.08224 82 32
0.08224 81 36
0.08224 82 32
0.06579 81 36
0.06579 82 32
0.06579 81 36
0.06579 82 32
0.10714 80 36
0.10714 81 32
0.45802 84 45
0.22901 81 40
1.72242 72 37
0.08224 79 37
0.08224 81 32
0.08224 79 36
0.08224 81 32
0.06579 79 36
0.06579 81 32
0.06579 79 36
0.06579 81 32
0.10714 78 36
0.10714 79 32
0.45802 82 45
0.22901 79 40
1.72242 72 37
0.80537 0 0
0.56962 72 32
0.09494 73 27
0.09494 72 27
0.56962 71 38
0.09494 72 27
0.09494 73 27
0.18987 72 32
0.61241 0 0
0.56962 71 50
0.09494 72 46
0.09494 73 46
0.56962 72 68
0.09494 70 56
0.09494 68 57
0.56784 67 73
0.09534 68 60
0.09595 70 60
0.60872 68 70
0.12821 67 66
0.15152 65 58
1.56863 63 77
0.56962 75 67
0.09494 77 59
0.09494 79 59
0.56962 80 69
0.09677 82 70
0.09677 84 76
1.57895 73 83
1.57895 76 83
1.57895 85 83
0.08224 85 47
0.08224 87 40
0.08224 85 46
0.08224 87 40
0.06579 85 45
0.06579 87 40
0.06579 85 45
0.06579 87 40
0.10714 84 45
0.10714 85 40
0.45802 91 53
0.21583 85 50
1.69606 76 40
0.08224 84 47
0.08224 85 40
0.08224 84 46
0.08224 85 40
0.06579 84 45
0.06579 85 40
0.06579 84 45
0.06579 85 40
0.10714 83 45
0.10714 84 40
0.44118 87 53
0.22059 84 50
1.68874 75 40
0.08224 82 47
0.08224 84 40
0.08224 82 46
0.08224 84 40
0.06579 82 45
0.06579 84 40
0.06579 82 45
0.06579 84 40
0.10714 81 45
0.10714 82 40
0.44776 85 53
0.22388 82 50
1.70191 75 40
0.89552 0 0
0.58065 70 26
0.09677 72 23
0.09677 70 23
0.58065 69 29
0.09677 70 22
0.09677 72 22
0.19355 70 26
1.74194 67 21
0.61021 0 0
1.57895 70 84
1.57895 61 71
1.57895 58 71
0.08224 70 44
0.08224 72 38
0.08224 70 43
0.08224 72 38
0.06579 70 43
0.06579 72 38
0.06579 70 43
0.06579 72 38
0.10714 69 43
0.10714 70 38
0.45802 76 54
0.22901 70 48
1.72242 61 38
0.08389 69 44
0.08389 70 38
0.08389 69 43
0.08389 70 38
0.06711 69 43
0.06711 70 38
0.06711 69 43
0.06711 70 38
0.10949 68 43
0.10949 69 38
0.48387 72 54
0.23256 69 48
1.77199 60 44
0.08389 67 44
0.08389 69 38
0.08389 67 43
0.08389 69 38
0.06711 67 43
0.06711 69 38
0.06711 67 43
0.06711 69 38
0.12397 66 43
0.12397 67 38
0.51724 70 54
0.25862 67 48
1.62782 60 44
1.57895 0 0
1.68502 57 40
0.41667 65 33
1.70238 60 40
0.81633 69 40
0.90063 62 43
0.90063 74 43
1.27381 60 40
1.27381 72 40
0.41667 70 36
0.41667 58 36
1.69048 64 40
0.85714 67 40
0.85714 55 40
0.85714 57 36
0.85714 69 36
1.65517 57 36
1.65517 53 36
1.65517 65 36
1.65517 64 29
1.65517 58 29
1.65517 67 29
0.42857 65 22
0.42857 57 22
1.28571 0 0
0.45455 65 22
0.45455 57 22
1.36364 0 0
3.87097 57 20
3.87097 65 20
#  Piano left
1.28571 0 0
0.41667 53 35
1.70060 48 41
1.70060 41 41
0.81633 57 41
0.83333 0 0
1.63839 55 38
1.69048 48 38
1.69048 40 38
1.71429 0 0
1.65517 38 35
1.65517 50 35
1.65517 45 35
1.65517 48 31
1.65517 52 31
1.65517 40 31
0.42857 41 25
0.42857 53 25
0.42857 48 25
0.42857 0 0
0.58065 48 17
0.09677 49 15
0.09677 48 16
0.58065 47 20
0.09677 48 16
0.09677 49 16
0.19355 48 18
1.90156 0 0
0.41667 53 38
1.66667 48 38
1.66667 41 38
0.81633 57 41
0.83333 57 40
0.83333 50 40
0.83333 41 40
1.66675 57 42
1.66675 50 42
1.66675 41 42
0.81081 0 0
0.84507 64 58
0.84507 57 58
0.84507 67 58
1.72662 67 53
1.72662 57 53
1.72662 64 53
0.85714 65 41
0.85714 57 41
0.85714 64 35
0.42857 53 31
0.42857 65 31
1.28571 60 35
0.42857 0 0
0.58065 48 17
0.09677 49 15
0.09677 48 16
0.58065 47 20
0.09494 48 16
0.09494 49 16
0.19355 48 18
1.93381 0 0
0.42857 52 38
1.71429 40 38
1.71429 48 38
0.81633 55 41
0.83333 55 44
0.83333 49 44
0.83333 40 44
1.24150 50 42
0.40816 53 44
1.64966 41 42
0.79470 58 51
0.83916 58 58
0.83916 50 58
1.58066 57 62
1.58066 60 62
0.80537 58 55
2.38603 50 62
0.82192 57 54
0.82192 45 54
1.61139 58 58
1.61139 55 58
0.85357 57 47
2.46854 45 58
0.85714 41 33
0.85714 48 33
0.85714 53 33
1.63839 55 38
1.69048 48 38
1.69048 40 38
1.71429 0 0
1.65517 38 35
1.65517 50 35
1.65517 45 35
1.65517 36 33
0.42857 41 26
2.08374 48 33
0.42857 0 0
0.58065 48 17
0.09677 49 15
0.09677 48 16
0.58065 47 20
0.09677 48 16
0.09677 49 16
0.19355 48 18
0.65156 0 0
1.60884 67 38
1.66092 52 38
1.66092 60 38
1.69630 0 0
1.62162 50 35
1.62162 62 35
1.62162 57 35
1.65517 58 33
1.65517 48 33
0.42857 53 26
0.42857 57 26
2.08374 60 33
0.42857 0 0
0.56962 60 17
0.09494 61 15
0.09494 60 16
0.56962 59 20
0.09494 60 16
0.09494 61 16
0.18987 60 18
1.45748 0 0
0.56962 53 33
0.09494 54 28
0.09494 53 30
0.56962 52 39
0.09494 53 35
0.09494 54 38
0.56962 53 43
0.09494 51 41
0.09494 49 46
0.56962 48 55
0.09494 49 40
0.09494 51 41
0.56962 49 58
0.09494 48 58
0.09494 46 58
0.57579 45 68
0.09868 46 63
0.09912 48 63
0.64877 46 76
0.14706 44 66
0.20000 42 73
1.71429 41 53
1.71429 49 63
1.71429 44 63
1.79825 37 63
0.30534 32 63
0.30075 39 55
0.22556 39 55
0.07519 0 0
0.29412 39 61
0.29412 44 55
0.23810 44 55
0.07937 0 0
1.79825 46 60
0.30534 29 59
0.30075 36 54
0.22556 36 54
0.07519 0 0
0.30075 36 58
0.30075 41 53
0.22556 41 53
0.07519 0 0
1.78055 42 59
0.07463 42 35
0.07463 44 45
0.07463 42 38
0.07463 44 45
0.07026 42 38
0.07081 44 46
0.07359 42 37
0.07348 44 47
0.07023 42 40
0.06993 44 48
0.07169 42 40
0.07246 44 49
0.07353 42 40
0.07353 44 50
0.07353 42 43
0.07310 44 52
0.07068 42 43
0.06978 44 53
0.07283 42 43
0.07201 44 54
0.06925 42 46
0.07019 44 54
0.07128 42 47
0.07143 44 55
0.07576 42 46
0.07576 44 57
0.07576 42 48
0.07576 44 58
0.07295 42 49
0.07215 44 59
0.07413 42 49
0.07463 44 61
0.07221 42 51
0.07163 44 61
0.07337 42 52
0.07353 44 63
0.07576 42 51
0.07576 44 64
0.07576 42 54
0.07576 44 64
0.07310 42 54
0.07413 44 66
0.07463 42 54
0.07463 44 67
0.07634 42 58
0.07634 44 69
0.07634 42 58
0.07634 44 44
0.30534 30 69
0.30534 42 82
0.29964 41 73
0.29964 29 62
0.22388 41 74
0.22388 29 62
0.07463 0 0
0.89562 30 69
0.89562 42 82
0.30303 30 69
0.30303 42 82
0.30075 29 62
0.30075 41 73
0.22556 41 74
0.22556 29 62
0.07519 0 0
0.90267 30 69
0.90267 42 82
0.29851 44 82
0.29851 32 69
0.29851 31 62
0.29851 43 73
0.22388 43 74
0.22388 31 62
0.07463 0 0
0.88049 43 69
0.88049 55 82
0.29630 32 69
0.29630 44 82
0.29630 31 62
0.29630 43 73
0.22222 43 74
0.22222 31 62
0.07327 0 0
0.88751 55 82
0.88751 43 69
0.30520 31 58
0.30520 43 69
0.28711 43 47
0.28711 55 56
0.21533 55 57
0.21533 43 48
0.07178 0 0
0.29820 31 60
0.29820 43 71
0.28849 43 50
0.28849 55 59
0.21533 43 50
0.21533 55 59
0.07178 0 0
0.29364 43 74
0.29364 31 62
0.28711 43 54
0.28711 55 64
0.21533 55 64
0.21533 43 54
0.07178 0 0
0.29364 43 77
0.29364 31 65
0.28777 55 68
0.28777 43 57
0.21583 55 68
0.21583 43 57
0.07194 0 0
0.30285 31 70
0.30285 43 83
0.28711 55 74
0.28711 43 62
0.21533 55 74
0.21533 43 62
0.07178 0 0
0.30520 31 73
0.30520 43 86
0.28927 43 63
0.28927 55 75
0.21695 43 63
0.21695 55 75
0.07232 0 0
0.31746 43 97
0.31746 31 82
0.29197 43 65
0.29197 55 77
0.21898 55 77
0.21898 43 65
0.07299 0 0
0.31746 31 89
0.31746 43 105
0.30534 43 69
0.30534 55 82
0.23810 55 82
0.23810 43 69
0.07937 0 0
0.47672 43 107
0.47672 31 90
3.09919 0 0
1.75874 65 54
1.75874 62 54
0.91158 60 40
0.91158 64 40
0.95779 62 35
0.95779 55 35
1.31153 0 0
0.42088 60 37
1.73241 48 45
1.73241 55 45
1.73241 52 45
0.84766 64 45
0.87669 69 48
1.29775 67 45
0.42088 65 40
1.80337 55 40
1.88811 47 35
0.86719 62 45
0.88589 64 40
1.72962 45 38
1.72545 52 40
1.72128 60 45
1.75979 47 35
1.78375 55 37
1.80771 65 40
0.23256 64 36
0.33782 55 31
0.44308 48 31
0.69767 0 0
0.77419 67 21
0.76608 66 17
0.76608 69 17
0.19355 67 21
1.73382 60 21
1.89218 0 0
0.42088 60 37
1.73241 55 45
1.73241 52 45
1.73241 48 45
0.86997 64 45
0.88835 69 48
0.96965 60 40
1.05095 48 35
1.29044 0 0
0.42088 60 48
1.71132 48 53
1.71132 57 53
1.71132 52 53
0.87184 64 54
0.31250 59 63
0.31250 62 63
0.31250 52 63
0.32258 59 54
0.32258 52 54
0.32258 62 54
0.34188 62 54
0.34188 52 54
0.34188 59 54
1.77778 62 60
1.77778 59 60
1.77778 52 60
0.85804 60 46
0.85804 52 46
0.89414 59 38
0.89414 55 38
0.46512 60 37
0.46512 0 0
0.77419 67 21
0.76815 69 17
0.76815 66 17
0.19355 67 21
1.73589 60 21
1.94626 0 0
0.42088 52 37
1.73241 40 45
1.73241 48 45
0.86997 55 45
0.89763 58 48
0.97893 49 40
1.06023 40 35
1.29044 0 0
0.42088 53 48
1.71132 41 58
1.71132 50 58
0.87184 58 54
0.31250 58 65
0.31250 50 65
0.32258 50 56
0.32258 58 56
0.34188 58 56
0.34188 50 56
1.77778 60 63
1.77778 57 63
1.77778 50 63
0.85804 50 46
0.85804 58 46
0.90665 53 38
0.90665 45 38
0.90665 57 38
1.77778 55 66
1.77778 58 66
1.77778 45 66
0.85804 45 54
0.85804 57 54
0.85804 53 54
0.90860 48 38
0.08475 48 40
0.90860 41 38
0.90860 53 38
1.29775 60 45
0.42088 58 40
1.88811 40 35
0.86719 55 45
0.88589 57 40
1.72962 38 38
1.72545 45 40
1.72128 53 45
1.75979 40 35
1.78375 48 37
1.80771 55 40
0.23256 57 36
0.33782 48 31
0.44308 41 31
0.69767 0 0
0.77419 60 21
0.77171 62 17
0.77171 59 17
0.19355 60 21
1.73945 53 21
0.67554 0 0
1.29775 72 45
0.42088 70 40
1.80337 60 40
1.88811 52 35
0.86719 67 45
0.88589 69 40
1.72962 50 38
1.72545 57 40
1.72128 65 45
1.77656 64 40
1.85786 58 37
1.93917 48 35
0.23256 53 31
0.23256 57 31
0.23256 65 36
0.69767 0 0
0.77419 60 21
0.77419 59 17
0.77419 62 17
0.19355 60 21
1.74194 53 21
1.35484 0 0
0.56962 60 26
0.09494 61 22
0.09494 60 24
0.56962 59 31
0.09494 60 24
0.09494 61 24
0.18987 60 27
0.61241 0 0
0.56962 59 40
0.09494 60 38
0.09494 61 42
0.56962 60 55
0.09494 58 49
0.09494 56 50
0.56784 55 61
0.09534 56 48
0.09595 58 53
0.60872 56 60
0.14551 55 54
0.16129 53 50
3.08762 57 34
3.08762 48 34
3.08762 53 34
3.30137 45 52
3.30137 52 52
3.30137 55 52
1.72242 53 41
1.72242 45 41
1.72242 55 41
1.72242 58 41
1.72242 48 41
0.80537 0 0
0.56962 60 26
0.09494 61 22
0.09494 60 24
0.56962 59 31
0.09494 60 24
0.09494 61 24
0.18987 60 27
0.61241 0 0
0.56962 59 40
0.09494 60 38
0.09494 61 42
0.56962 60 55
0.09494 58 49
0.09494 56 50
0.56784 55 61
0.09534 56 48
0.09595 58 53
0.60872 56 60
0.12821 55 54
0.15152 53 50
3.09129 51 45
3.09129 56 45
3.09129 60 45
3.27501 58 64
3.27501 55 64
3.27501 48 52
1.68874 48 41
1.68874 56 41
1.70191 55 41
1.70191 51 41
1.70191 61 41
0.89552 0 0
1.74194 52 21
1.74194 61 21
0.61021 0 0
3.30137 55 59
3.30137 52 59
3.30137 45 59
1.77199 53 41
1.77199 45 41
1.62782 48 41
1.62782 55 41
1.62782 58 41
2.86466 0 0
0.41667 53 28
1.70238 41 32
1.70238 48 32
0.81633 57 32
0.90063 0 0
1.63839 55 30
1.79357 46 24
1.89666 36 24
1.71429 0 0
1.65517 45 28
1.65517 50 28
1.65517 38 28
1.65517 36 24
0.42857 41 20
2.08374 48 24
1.28571 0 0
0.45455 41 20
0.45455 48 20
1.36364 0 0
3.87097 48 20
3.87097 41 20
