"schuim-2"

#  Piano right
0.60081 0 0
0.33241 82 48
0.11080 79 48
0.11080 82 44
0.11080 80 40
0.10000 79 48
0.10000 77 45
0.10000 75 40
0.10000 74 48
0.10000 72 45
0.10000 70 42
0.10178 68 48
0.10178 67 45
0.10178 65 45
0.10000 63 48
0.10000 62 43
0.10000 60 43
0.10000 0 0
0.10000 60 44
0.10000 62 41
0.30000 58 48
0.10230 63 48
0.10230 62 44
0.10230 63 44
0.10000 64 53
0.10000 63 50
0.10000 64 49
0.10000 65 55
0.10000 64 49
0.10000 65 50
0.10178 66 60
0.10178 65 53
0.10178 66 53
0.10000 67 54
0.10000 66 51
0.10000 67 50
0.10000 68 48
0.10000 67 45
0.10000 68 48
0.10152 67 48
0.10152 70 51
0.10152 68 51
0.10000 67 50
0.10000 68 47
0.10000 70 47
0.10000 72 49
0.10000 74 46
0.10000 75 46
0.10230 77 48
0.10230 84 49
0.10230 82 49
0.10000 80 48
0.10000 79 45
0.10000 77 43
0.10000 75 48
0.10000 74 45
0.10000 72 43
0.10178 70 47
0.10178 77 48
0.10178 75 45
0.10000 74 48
0.10000 72 45
0.10000 70 43
0.10000 68 48
0.10000 67 43
0.10000 65 45
0.10336 63 48
0.10336 65 45
0.10336 67 43
0.10000 68 52
0.10000 70 51
0.10000 72 55
0.10000 74 59
0.10000 75 55
0.10000 77 58
0.11080 79 65
0.11080 82 61
0.11080 80 58
0.10000 79 63
0.10000 77 57
0.10000 75 54
0.10000 74 64
0.10000 72 59
0.10000 70 58
0.10127 68 63
0.10127 67 59
0.10127 65 54
0.10000 63 63
0.10000 62 53
0.10000 60 51
0.10000 0 0
0.10000 60 54
0.10000 62 51
0.30000 58 63
0.10178 63 63
0.10178 62 55
0.10178 63 51
0.10000 64 63
0.10000 63 56
0.10000 64 54
0.10000 65 63
0.10000 64 59
0.10000 65 55
0.10127 66 68
0.10127 65 61
0.10127 66 59
0.10000 67 64
0.10000 66 61
0.10000 67 59
0.10000 68 63
0.10000 67 60
0.10000 68 57
0.10178 67 63
0.10178 70 60
0.10178 68 58
0.10000 67 63
0.10000 68 60
0.10000 70 60
0.10000 72 63
0.10000 74 58
0.10000 75 58
0.10256 77 63
0.10256 84 64
0.10256 82 58
0.10000 80 64
0.10000 79 61
0.10000 77 57
0.10000 75 63
0.10000 74 60
0.10000 72 57
0.10178 70 62
0.10178 77 63
0.10178 75 58
0.10000 74 63
0.10000 75 59
0.10000 77 59
0.10000 79 63
0.10000 80 59
0.10000 82 59
0.10230 75 63
0.10230 77 59
0.10230 79 59
0.10000 80 63
0.10000 82 58
0.10000 84 58
0.10000 86 63
0.10000 87 58
0.10000 89 58
0.11142 91 67
0.11142 94 63
0.11142 92 61
0.10025 91 67
0.10025 89 63
0.10025 87 59
0.10025 86 64
0.10025 84 59
0.10025 82 56
0.10256 80 63
0.10256 79 59
0.10256 77 57
0.10000 75 63
0.10000 74 59
0.10000 72 56
0.10000 70 63
0.10000 72 59
0.10000 74 59
0.10256 75 66
0.10256 74 61
0.10256 75 61
0.10000 76 66
0.10000 75 63
0.10000 76 61
0.10000 77 70
0.10000 76 66
0.10000 77 63
0.10230 78 72
0.10230 77 67
0.10230 78 65
0.10000 79 70
0.10000 78 65
0.10000 79 63
0.10000 80 64
0.10000 79 61
0.10000 80 61
0.10230 79 63
0.10230 82 59
0.10230 80 59
0.10000 79 63
0.10000 80 59
0.10000 82 59
0.10000 84 63
0.10000 86 60
0.10000 87 60
0.11085 89 64
0.11142 96 62
0.11142 94 59
0.10057 92 62
0.10000 91 56
0.10000 89 56
0.10000 87 59
0.10000 86 58
0.10000 84 53
0.10127 82 53
0.10127 89 55
0.10127 87 51
0.10000 86 54
0.10000 84 53
0.10000 82 48
0.10000 80 51
0.10000 79 50
0.10000 77 49
0.10178 75 48
0.10178 79 47
0.10178 77 46
0.10000 75 45
0.10000 74 45
0.10000 72 44
0.10000 70 43
0.10000 68 42
0.10000 65 41
0.10989 66 40
0.10989 70 38
0.10989 68 39
0.10178 66 41
0.10178 65 37
0.10178 63 32
0.10178 61 41
0.10178 59 37
0.10178 58 32
0.11429 59 41
0.11429 63 39
0.11429 68 39
0.10811 0 0
0.10811 63 37
0.10811 68 30
0.10811 66 37
0.10811 63 35
0.10811 66 32
0.64865 71 44
0.10000 65 41
0.10000 71 37
0.10000 70 32
0.10000 68 41
0.10000 66 37
0.10000 65 31
0.10000 63 36
0.10000 61 36
0.10000 59 31
0.11111 58 41
0.11111 61 38
0.11069 66 30
0.10554 0 0
0.10554 61 38
0.10554 66 32
0.10554 65 36
0.10554 61 34
0.10513 65 31
0.63283 70 44
0.10000 63 40
0.10000 70 41
0.10000 68 37
0.10000 66 41
0.10000 65 37
0.10000 63 31
0.10000 61 37
0.10000 59 34
0.10000 58 31
0.11429 56 41
0.11429 59 37
0.11429 65 37
0.10753 0 0
0.10753 59 39
0.10753 65 33
0.10753 63 37
0.10753 59 33
0.10753 63 34
0.64516 68 44
0.10000 62 41
0.10000 68 37
0.10000 66 37
0.10000 65 41
0.10000 63 38
0.10000 62 33
0.10000 59 37
0.10000 58 35
0.10000 56 35
0.11628 54 41
0.11628 58 37
0.11628 63 39
0.10929 0 0
0.10929 58 35
0.10929 63 35
0.10929 61 40
0.10929 58 35
0.10859 61 35
0.65504 66 44
0.11111 59 41
0.11111 63 38
0.11069 68 38
0.10554 0 0
0.10554 63 37
0.10554 68 37
0.10554 66 39
0.10554 63 36
0.10554 66 36
0.63325 71 44
0.11704 0 0
0.11765 65 41
0.11765 62 41
0.35234 71 48
0.11765 0 0
0.11765 65 41
0.11765 62 41
0.35294 70 47
0.11765 0 0
0.11765 68 41
0.11765 65 41
0.35294 74 47
0.11765 75 47
0.10025 78 39
0.10025 77 39
0.10025 75 42
0.10025 73 36
0.10025 71 36
0.10025 70 43
0.10025 68 37
0.10025 65 36
0.10025 66 39
0.10025 70 39
0.10025 68 36
0.10025 66 39
0.10025 65 36
0.10025 63 36
0.10025 61 39
0.10025 59 36
0.10025 58 36
0.11111 59 40
0.11111 62 40
0.11111 65 37
0.11765 0 0
0.11799 65 40
0.11799 62 37
0.10616 65 40
0.10554 61 37
0.10554 59 37
0.67088 71 44
0.10028 58 40
0.10000 70 40
0.10000 68 36
0.10000 66 40
0.10000 65 40
0.10000 63 38
0.10000 61 40
0.10000 59 37
0.10000 58 35
0.11111 59 39
0.11111 62 35
0.11111 65 36
0.11765 0 0
0.11799 65 37
0.11799 62 37
0.10526 65 40
0.10526 61 40
0.10526 59 36
0.66943 71 45
0.11111 61 40
0.11111 66 37
0.11067 70 37
0.10526 0 0
0.10526 70 40
0.10526 66 36
0.10526 65 39
0.10526 66 37
0.10526 64 38
0.63158 73 45
0.11142 63 39
0.11142 68 39
0.11142 71 39
0.10557 0 0
0.10526 71 38
0.10526 68 38
0.10526 67 40
0.10526 68 39
0.10526 66 39
0.63189 75 46
0.11111 65 40
0.11111 66 40
0.11111 67 38
0.10000 68 40
0.10000 70 40
0.10000 71 39
0.10000 73 40
0.10000 75 40
0.10000 77 39
0.10638 78 39
0.10638 82 45
0.10638 80 42
0.10000 78 41
0.10000 77 41
0.10000 75 40
0.10000 73 40
0.10000 71 40
0.10000 70 39
0.11085 68 40
0.11142 71 38
0.11142 70 38
0.10000 68 38
0.10000 66 37
0.10000 65 35
0.10000 63 40
0.10000 62 33
0.10000 65 33
0.11085 68 33
0.11142 71 33
0.11056 70 33
0.10000 68 33
0.10000 66 33
0.10000 65 33
0.10000 63 40
0.10000 62 33
0.10000 65 33
0.11644 68 32
0.11730 71 32
0.11730 70 32
0.10000 68 32
0.10000 66 32
0.10000 65 32
0.10000 63 39
0.10000 62 32
0.10000 65 32
0.10000 68 32
0.10000 71 34
0.10000 74 36
0.10000 71 39
0.10000 74 40
0.10000 77 41
0.10000 74 43
0.10000 77 45
0.10000 78 46
0.11026 80 50
0.11080 83 48
0.10999 82 48
0.10000 80 50
0.10000 78 48
0.10000 77 48
0.10000 75 53
0.10000 74 47
0.10083 77 47
0.11111 80 47
0.11111 83 47
0.11111 82 46
0.10000 80 47
0.10000 78 45
0.10000 77 45
0.10000 75 52
0.10000 74 48
0.10000 77 48
0.09780 80 48
0.09780 83 48
0.09780 80 51
0.09780 83 53
0.09780 80 54
0.09780 83 56
0.09780 80 57
0.09780 83 60
0.09780 80 61
0.10002 82 61
0.10334 80 56
0.10809 82 53
0.11333 80 48
0.11907 82 44
0.12547 80 40
0.13254 82 36
0.14045 80 32
0.14944 82 27
0.12465 79 48
0.12500 82 45
0.12500 80 43
0.10000 79 48
0.10000 77 45
0.10000 75 43
0.10000 74 48
0.10000 72 46
0.10000 70 45
0.10309 68 48
0.10309 67 46
0.10309 65 44
0.10000 63 48
0.10000 62 45
0.10000 60 45
0.10000 0 0
0.10000 60 46
0.10000 62 45
0.30000 58 48
0.10178 63 48
0.10178 62 46
0.10178 63 44
0.10000 64 50
0.10000 63 49
0.10000 64 45
0.10000 65 54
0.10000 64 51
0.10000 65 46
0.10152 66 57
0.10152 65 52
0.10152 66 48
0.10000 67 56
0.10000 66 52
0.10000 67 48
0.10000 68 48
0.10000 67 45
0.10000 68 45
0.10283 67 48
0.10283 70 48
0.10283 68 45
0.10000 67 48
0.10000 68 45
0.10000 70 43
0.10000 72 48
0.10000 74 45
0.10000 75 44
0.10695 77 50
0.10695 84 50
0.10695 82 46
0.10000 80 51
0.10000 79 48
0.10000 77 45
0.10000 75 48
0.10000 74 45
0.10000 72 45
0.10283 74 46
0.10283 77 46
0.10283 75 46
0.10000 74 49
0.10000 75 50
0.10000 77 48
0.10000 79 53
0.10000 80 51
0.10000 82 51
0.10283 75 55
0.10283 77 56
0.10283 79 56
0.10000 80 58
0.10000 82 59
0.10000 84 57
0.10000 86 61
0.10000 87 62
0.10000 89 59
0.11142 91 64
0.11142 94 62
0.11142 92 58
0.10025 91 64
0.10025 89 61
0.10025 87 60
0.10025 86 64
0.10025 84 58
0.10025 82 55
0.10230 80 64
0.10230 79 62
0.10230 77 61
0.10000 75 59
0.10000 74 57
0.10000 72 55
0.10000 70 54
0.10000 72 52
0.10000 74 50
0.10256 75 48
0.10256 74 48
0.10256 75 48
0.10000 76 52
0.10000 75 49
0.10000 76 49
0.10000 77 54
0.10000 76 50
0.10000 77 49
0.10840 78 56
0.10840 77 52
0.10840 78 52
0.10000 79 56
0.10000 78 51
0.10000 79 51
0.10000 80 51
0.10000 79 48
0.10000 80 48
0.10101 79 48
0.10101 78 48
0.10101 79 48
0.10000 80 50
0.10000 79 51
0.10000 80 48
0.10000 82 53
0.10000 80 54
0.10000 82 52
0.10204 80 56
0.10204 79 56
0.10204 80 53
0.10000 82 58
0.10000 80 59
0.10000 82 54
0.10000 84 61
0.10000 83 60
0.10000 84 60
0.10178 86 64
0.10178 85 63
0.10178 86 63
0.10000 88 66
0.10000 86 65
0.10000 88 62
0.10000 90 69
0.10000 88 68
0.10000 90 65
0.10230 91 72
0.10230 90 72
0.10230 91 68
0.10000 93 74
0.10000 91 73
0.10000 93 70
0.10000 95 77
0.10000 93 76
0.10000 95 72
0.10204 96 81
0.10204 95 77
0.10204 96 73
0.10000 98 81
0.10000 96 77
0.10000 98 73
0.10000 100 81
0.10000 98 78
0.10000 100 73
0.10695 101 81
0.10695 99 73
0.10695 97 70
0.10000 96 81
0.10000 94 74
0.10000 92 72
0.10000 91 81
0.10000 89 74
0.10000 87 71
0.10178 86 81
0.10178 84 74
0.10178 82 67
0.10000 81 81
0.10000 82 74
0.10000 84 70
0.10000 86 81
0.10000 87 75
0.10000 89 70
0.11142 90 87
0.11142 94 79
0.11142 92 77
0.10057 90 81
0.10000 89 72
0.10000 87 69
0.10000 85 79
0.10000 83 72
0.10000 82 69
0.11142 83 87
0.11142 87 78
0.11142 85 72
0.10057 83 81
0.10000 82 75
0.10000 80 75
0.10000 78 81
0.10000 77 72
0.10000 75 68
0.11111 74 87
0.11111 77 77
0.11111 75 74
0.10000 74 81
0.10000 71 72
0.10000 70 69
0.10000 68 79
0.10000 66 68
0.10000 65 63
0.11396 78 89
0.11396 82 75
0.11396 80 70
0.10000 78 80
0.10000 77 73
0.10000 75 70
0.10000 73 79
0.10000 71 70
0.10000 70 64
0.12085 71 85
0.12085 75 77
0.12085 73 74
0.10000 71 80
0.10000 70 74
0.10000 68 71
0.10000 66 78
0.10000 65 70
0.10000 63 67
0.11111 62 89
0.11111 65 77
0.11111 63 77
0.10000 62 81
0.10000 59 77
0.10000 58 73
0.10000 56 81
0.10000 54 76
0.10000 53 72
0.10000 51 81
0.10000 53 79
0.10000 54 79
0.11056 56 89
0.11111 59 81
0.11111 58 81
0.11111 56 81
0.11111 54 77
0.11111 53 77
0.10056 51 81
0.10000 53 76
0.10000 54 76
0.11056 56 89
0.11111 59 77
0.11111 58 78
0.11111 56 81
0.11111 54 77
0.11111 53 77
0.10025 51 81
0.10025 53 78
0.10025 54 78
0.11111 56 89
0.11111 59 78
0.11111 58 78
0.11111 56 81
0.11111 54 78
0.11111 53 78
0.10000 51 81
0.10000 53 81
0.10000 54 78
0.10000 56 85
0.10000 58 87
0.10000 60 85
0.10000 62 90
0.10000 63 92
0.10000 65 89
0.60000 66 96
0.30000 0 0
0.60000 70 97
0.60000 58 81
0.60000 61 81
0.60000 66 81
0.67717 0 0
0.11111 59 72
0.11111 62 67
0.11111 66 67
0.33333 59 72
1.00000 71 92
0.33333 0 0
0.11111 59 72
0.11111 61 68
0.11111 67 68
0.33333 59 72
1.00000 71 91
0.15831 0 0
0.15831 66 72
0.15831 62 64
0.31662 71 85
0.15831 0 0
0.15831 66 79
0.15831 64 71
0.31662 73 92
0.15831 0 0
0.15831 66 72
0.15831 62 64
0.31662 74 85
0.33333 0 0
0.11111 61 72
0.11111 66 68
0.11111 70 68
0.33333 61 72
1.00000 73 88
0.33333 0 0
0.11111 66 81
0.11111 70 75
0.11111 73 75
0.33333 66 81
1.00000 78 95
0.33333 0 0
0.11111 62 72
0.11111 66 68
0.11111 71 68
0.33333 62 72
1.00000 74 91
0.16129 71 72
0.16129 64 72
0.32258 73 85
0.16129 71 74
0.16129 64 72
0.32258 76 88
0.16129 71 68
0.16129 64 72
0.32258 73 89
0.33426 0 0
0.11142 62 72
0.11142 66 67
0.11142 71 67
0.18127 62 72
1.03106 74 93
0.33333 0 0
0.11111 59 32
0.11111 62 33
0.11111 66 33
0.33333 59 33
1.00000 71 54
0.33333 0 0
0.11111 59 34
0.11111 61 33
0.11111 67 32
0.33333 59 32
1.00000 71 54
0.16086 0 0
0.16086 66 37
0.16086 62 33
0.32172 71 48
0.16086 0 0
0.16086 66 42
0.16086 64 37
0.32172 73 53
0.16086 0 0
0.16086 66 36
0.16086 62 32
0.32172 74 48
0.33333 0 0
0.11111 61 33
0.11111 66 34
0.11111 70 35
0.33333 61 35
1.00000 73 48
0.33333 0 0
0.11111 66 64
0.11111 70 58
0.11111 73 58
0.33333 66 64
1.00000 78 81
0.33333 0 0
0.11111 62 64
0.11111 66 59
0.11111 71 64
0.33333 62 64
1.00000 74 81
0.15819 0 0
0.15789 66 57
0.15789 68 64
0.31608 71 80
0.15789 0 0
0.15789 66 57
0.15789 68 64
0.31579 74 89
0.15789 0 0
0.15789 66 57
0.15789 68 64
0.31579 71 81
0.33426 0 0
0.11799 61 48
0.11799 65 48
0.11799 68 48
0.35398 61 49
1.04223 73 81
0.33277 0 0
0.11080 57 32
0.11080 61 32
0.11080 66 33
0.33241 57 33
0.99759 69 48
0.33241 0 0
0.11080 55 32
0.11080 59 32
0.11080 62 32
0.33241 55 33
0.99723 67 48
0.15817 61 40
0.15789 56 40
0.31607 65 49
0.15789 61 40
0.15789 56 40
0.31579 68 49
0.15789 61 40
0.15789 56 40
0.31579 65 48
0.33333 0 0
0.11111 54 32
0.11111 57 32
0.11111 61 32
0.33333 54 32
1.00000 66 48
0.39889 0 0
0.11252 54 72
0.11142 59 64
0.11142 62 64
0.33426 54 72
1.06851 66 85
0.33426 0 0
0.11142 54 32
0.11142 57 32
0.11142 61 32
0.33426 54 32
1.00279 66 48
0.10583 56 48
0.10554 57 50
0.10554 59 53
0.10554 61 55
0.10554 62 57
0.10554 61 55
0.10554 59 53
0.10554 57 50
0.10554 56 48
0.95016 65 64
0.33333 0 0
0.11111 54 32
0.11111 57 32
0.11111 61 32
0.33333 54 32
1.00000 66 48
0.40134 0 0
0.11224 54 72
0.11111 59 66
0.11111 62 66
0.33333 54 72
1.06914 66 84
0.33333 0 0
0.11111 54 32
0.11111 57 32
0.11111 61 32
0.33333 54 32
1.00000 66 48
0.10753 56 48
0.10753 57 50
0.10753 59 53
0.10753 61 55
0.10753 62 57
0.10753 61 55
0.10753 59 53
0.10753 57 50
0.10753 56 48
0.96774 65 64
0.33315 0 0
0.11111 54 32
0.11111 57 32
0.11111 61 32
0.34384 54 32
1.01033 66 48
0.33333 0 0
0.11111 61 64
0.11111 65 61
0.11111 68 61
0.33333 61 64
1.00000 73 81
0.33333 0 0
0.11111 58 76
0.11111 61 71
0.11111 67 71
0.33333 58 76
1.00000 70 89
0.15819 0 0
0.15789 66 64
0.15789 62 57
0.31608 71 81
0.15789 0 0
0.15789 66 64
0.15789 64 57
0.31579 73 81
0.15789 0 0
0.15789 66 64
0.15789 62 57
0.31579 74 81
0.33333 0 0
0.11111 61 64
0.11111 66 64
0.11111 70 64
0.40000 61 64
1.06667 73 81
0.33333 0 0
0.11111 66 64
0.11111 70 59
0.11111 73 59
0.33333 66 64
1.00000 78 81
0.33333 0 0
0.11111 63 76
0.11111 66 65
0.11111 72 61
0.33333 63 76
1.00000 75 90
0.15584 0 0
0.15584 71 72
0.15584 67 64
0.31169 76 86
0.15584 0 0
0.15584 71 72
0.15584 69 64
0.31169 78 86
0.15584 0 0
0.15584 71 72
0.15584 67 64
0.31169 79 86
0.33426 0 0
0.11142 66 68
0.11142 71 68
0.11189 74 68
0.35294 66 68
1.02193 78 84
0.16043 0 0
0.16043 66 57
0.16043 68 64
0.32086 74 81
0.16043 0 0
0.16043 66 57
0.16043 68 64
0.32086 73 81
0.16043 0 0
0.16043 66 57
0.16043 68 64
0.32086 71 81
0.33333 0 0
0.11111 61 61
0.11111 65 61
0.11111 68 61
0.35160 61 61
1.01826 73 86
0.16129 0 0
0.16129 63 64
0.16129 61 57
0.32258 69 81
0.16129 0 0
0.16129 63 64
0.16129 61 57
0.32258 68 81
0.16129 0 0
0.16129 63 64
0.16129 61 57
0.32258 66 81
0.33333 0 0
0.11111 56 64
0.11111 60 64
0.11111 63 64
0.37618 56 64
1.04284 68 86
1.00071 65 64
1.04284 66 65
2.43227 0 0
0.11111 59 48
0.11111 62 32
0.11111 66 32
0.33333 59 32
1.00000 71 48
0.33333 0 0
0.11111 59 32
0.11111 61 32
0.11111 67 32
0.33333 59 32
1.00000 71 48
0.15819 0 0
0.15789 66 32
0.15789 62 28
0.31608 71 48
0.15789 0 0
0.15789 66 32
0.15789 64 28
0.31579 73 48
0.15789 0 0
0.15789 66 32
0.15789 62 28
0.31579 74 48
0.33260 0 0
0.11111 61 32
0.11111 66 32
0.11218 70 32
0.37618 61 32
1.04318 73 48
0.33333 0 0
0.11111 66 32
0.11111 70 32
0.11111 73 32
0.33333 66 32
1.00000 78 55
0.33333 0 0
0.11111 62 32
0.11111 66 32
0.11111 71 32
0.33333 62 32
1.00000 74 51
0.15831 71 32
0.15831 64 32
0.31662 73 48
0.15831 71 32
0.15831 64 32
0.31662 76 48
0.15831 71 32
0.15831 64 32
0.31662 73 48
0.33333 0 0
0.11111 62 32
0.11111 66 32
0.11111 71 32
0.40000 62 32
1.06667 74 48
0.33333 0 0
0.11111 64 64
0.11111 67 58
0.11111 71 58
0.33333 64 64
1.00000 76 79
0.33333 0 0
0.11111 64 64
0.11111 66 59
0.11111 72 59
0.33333 64 64
1.00000 76 78
0.16129 0 0
0.16129 71 64
0.16129 67 57
0.32258 76 72
0.16129 0 0
0.16129 71 64
0.16129 69 57
0.32258 78 72
0.16129 0 0
0.16129 71 64
0.16129 67 57
0.32258 79 72
0.33333 0 0
0.11111 66 56
0.11111 71 56
0.11111 75 56
0.39867 66 56
1.06534 78 72
0.33333 0 0
0.11111 71 64
0.11111 75 60
0.11111 78 60
0.33333 71 64
1.00000 83 78
0.33333 0 0
0.11111 67 64
0.11111 71 58
0.11111 76 58
0.33333 67 64
1.00000 79 78
0.16086 0 0
0.16086 71 50
0.16086 69 45
0.32172 76 64
0.16086 0 0
0.16086 73 61
0.16086 71 54
0.32172 79 72
0.16086 0 0
0.16086 71 51
0.16086 73 50
0.32172 76 64
0.33333 0 0
0.11111 66 64
0.11111 70 60
0.11111 73 60
0.34483 66 64
1.01149 78 72
0.33333 0 0
0.11111 62 32
0.11111 66 32
0.11111 71 32
0.38217 62 32
1.04883 74 52
0.33415 0 0
0.11111 60 32
0.11111 64 32
0.11111 67 32
0.33333 60 32
1.00081 72 48
0.15859 66 47
0.15831 61 40
0.31690 70 47
0.15831 66 47
0.15831 61 39
0.31662 73 47
0.15831 66 47
0.15831 61 38
0.31662 70 47
0.33305 0 0
0.11111 59 32
0.11111 62 32
0.11111 66 32
0.39474 59 32
1.06112 71 47
0.33426 0 0
0.11142 59 67
0.11142 64 61
0.11142 67 61
0.37500 59 67
1.04352 71 85
0.33403 0 0
0.11111 59 32
0.11111 62 32
0.11111 66 32
0.33333 59 32
1.00069 71 48
0.10724 61 32
0.10724 62 34
0.10724 64 36
0.10724 66 39
0.10724 67 41
0.10724 66 39
0.10724 64 36
0.10724 62 34
0.10724 61 32
0.96515 70 48
0.33333 0 0
0.11111 59 32
0.11111 62 32
0.11111 66 32
0.39088 59 32
1.05755 71 48
0.33333 0 0
0.11111 59 64
0.11111 64 58
0.11111 67 60
0.37316 59 64
1.03982 71 79
0.33401 0 0
0.11111 59 32
0.11111 62 32
0.11111 66 32
0.33333 59 32
1.00067 71 48
0.10811 61 32
0.10811 62 34
0.10811 64 36
0.10811 66 39
0.10811 67 41
0.10811 66 39
0.10811 64 36
0.10811 62 34
0.10811 61 32
0.97297 70 48
0.33333 0 0
0.11111 59 32
0.11111 62 32
0.11111 66 32
0.37431 59 32
1.04097 71 48
0.33333 0 0
0.11111 59 60
0.11111 62 54
0.11111 66 54
0.37500 59 60
1.04167 71 81
0.33333 0 0
0.11111 59 60
0.11111 62 54
0.11111 66 54
0.37431 59 60
1.04097 71 81
0.10556 62 81
0.10526 66 64
0.10526 71 64
0.31579 59 74
0.10526 62 81
0.10526 66 64
0.10526 71 64
0.31579 59 71
0.10526 62 81
0.10526 66 64
0.10526 71 64
0.40000 62 72
0.33333 0 0
0.11111 58 60
0.11111 63 55
0.11111 66 55
0.37546 58 60
1.04213 70 81
0.33405 0 0
0.11111 58 60
0.11111 63 55
0.11111 66 55
0.33333 58 60
1.00071 70 81
0.10638 63 83
0.10638 66 62
0.10638 70 62
0.31915 58 74
0.10638 63 89
0.10638 66 66
0.10638 70 66
0.31915 58 77
0.10638 63 90
0.10638 66 71
0.10778 70 71
0.37500 58 78
0.66736 75 97
0.66736 63 82
0.66667 75 96
0.66667 87 105
0.66667 83 91
0.66667 71 77
0.10782 80 81
0.10782 83 75
0.10782 80 80
0.10782 83 74
0.10782 80 78
0.10782 83 72
0.10782 80 77
0.10782 83 69
0.10782 80 75
0.10782 83 69
0.10782 80 74
0.10782 83 67
0.10782 80 72
0.10782 83 67
0.10782 80 72
0.10782 83 65
0.10782 80 70
0.10809 83 64
0.10793 80 70
0.10844 82 62
0.10895 80 64
0.10948 82 56
0.11004 80 58
0.11057 82 51
0.11111 80 53
0.11165 82 45
0.11220 80 47
0.11505 82 40
0.12110 80 41
0.12788 82 35
0.13540 80 36
0.14400 82 28
0.15361 80 30
0.16468 82 23
0.17747 80 24
0.18747 82 21
0.11080 79 24
0.11080 82 44
0.11080 80 43
0.10000 79 43
0.10000 77 42
0.10000 75 41
0.10000 74 40
0.10000 72 40
0.10000 70 40
0.10204 68 39
0.10204 67 39
0.10204 65 38
0.10000 63 37
0.10000 62 39
0.10000 60 38
0.10000 0 0
0.10000 60 41
0.10000 62 40
0.30000 58 40
0.10230 63 44
0.10230 62 45
0.10230 63 45
0.10000 64 48
0.10000 63 47
0.10000 64 45
0.10000 65 53
0.10000 64 51
0.10000 65 48
0.10178 66 56
0.10178 65 52
0.10178 66 48
0.10000 67 56
0.10000 66 54
0.10000 67 49
0.10000 68 48
0.10000 67 45
0.10000 68 42
0.10152 67 48
0.10152 70 45
0.10152 68 44
0.10000 67 48
0.10000 68 45
0.10000 70 45
0.10000 72 48
0.10000 74 44
0.10000 75 44
0.10417 77 48
0.10417 84 52
0.10417 82 46
0.10000 80 51
0.10000 79 47
0.10000 77 45
0.10000 75 48
0.10000 74 45
0.10000 72 45
0.10178 70 47
0.10178 77 45
0.10178 75 45
0.10000 74 48
0.10000 72 45
0.10000 70 45
0.10000 68 48
0.10000 67 44
0.10000 65 44
0.10152 63 48
0.10152 65 48
0.10152 67 48
0.10000 68 48
0.10000 70 51
0.10000 72 55
0.10000 74 56
0.10000 75 60
0.10000 77 63
0.11080 79 63
0.11080 82 58
0.11080 80 53
0.10000 79 62
0.10000 77 56
0.10000 75 54
0.10000 74 63
0.10000 72 58
0.10000 70 54
0.10178 68 63
0.10178 67 59
0.10178 65 60
0.10000 63 63
0.10000 62 59
0.10000 60 59
0.10000 0 0
0.10000 60 58
0.10000 62 58
0.30000 58 63
0.10178 63 63
0.10178 62 60
0.10178 63 60
0.10000 64 67
0.10000 63 63
0.10000 64 63
0.10000 65 71
0.10000 64 68
0.10000 65 64
0.10152 66 73
0.10152 65 70
0.10152 66 67
0.10000 67 72
0.10000 66 70
0.10000 67 64
0.10000 68 63
0.10000 67 58
0.10000 68 58
0.10152 67 63
0.10152 70 60
0.10152 68 60
0.10000 67 63
0.10000 68 58
0.10000 70 58
0.10000 72 63
0.10000 74 58
0.10000 75 58
0.10417 77 63
0.10417 84 66
0.10417 82 65
0.10000 80 64
0.10000 79 60
0.10000 77 60
0.10000 75 63
0.10000 74 58
0.10000 72 61
0.10230 70 59
0.10230 77 62
0.10230 75 58
0.10000 74 63
0.10000 75 59
0.10000 77 59
0.10000 79 63
0.10000 80 57
0.10000 82 57
0.10204 75 63
0.10204 77 58
0.10204 79 58
0.10000 80 63
0.10000 82 58
0.10000 84 58
0.10000 86 63
0.10000 87 58
0.10000 89 58
0.11142 91 63
0.11142 94 63
0.11142 92 58
0.10025 91 64
0.10025 89 62
0.10025 87 62
0.10025 86 63
0.10025 84 57
0.10025 82 58
0.10204 80 60
0.10204 79 58
0.10179 77 58
0.10000 75 63
0.10000 74 58
0.10000 72 58
0.10000 70 63
0.10000 72 58
0.10000 74 58
0.10178 75 63
0.10178 74 59
0.10178 75 59
0.10000 76 64
0.10000 75 61
0.10000 76 62
0.10000 77 66
0.10000 76 63
0.10000 77 63
0.10256 78 70
0.10256 77 65
0.10256 78 65
0.10000 79 73
0.10000 78 68
0.10000 79 63
0.10000 80 64
0.10000 79 61
0.10000 80 61
0.10178 79 63
0.10178 82 59
0.10178 80 60
0.10000 79 63
0.10000 80 60
0.10000 82 60
0.10000 84 63
0.10000 86 59
0.10000 87 59
0.11085 89 64
0.11142 96 59
0.11142 94 59
0.10057 92 62
0.10000 91 61
0.10000 89 60
0.10000 87 59
0.10000 86 58
0.10000 84 57
0.10204 82 56
0.10204 89 55
0.10204 87 54
0.10000 86 54
0.10000 84 53
0.10000 82 52
0.10000 80 51
0.10000 79 50
0.10000 77 49
0.10204 75 48
0.10204 79 47
0.10204 77 46
0.10000 75 45
0.10000 74 45
0.10000 72 44
0.10000 70 43
0.10000 68 42
0.10000 65 41
0.10230 66 40
0.10230 70 41
0.10230 68 41
0.10000 66 41
0.10000 65 41
0.10000 63 41
0.10000 61 41
0.10000 59 41
0.10000 58 41
0.11299 59 41
0.11299 63 41
0.11299 68 41
0.10667 0 0
0.10667 63 41
0.10667 68 41
0.10667 66 41
0.10667 63 41
0.10667 66 41
0.64000 71 44
0.10000 65 41
0.10000 71 41
0.10000 70 41
0.10000 68 41
0.10000 66 41
0.10000 65 41
0.10000 63 41
0.10000 61 41
0.10000 59 41
0.11111 58 41
0.11111 61 41
0.11069 66 41
0.10554 0 0
0.10554 61 41
0.10554 66 41
0.10554 65 41
0.10554 61 41
0.10513 65 41
0.63283 70 44
0.10000 63 40
0.10000 70 41
0.10000 68 41
0.10000 66 41
0.10000 65 41
0.10000 63 41
0.10000 61 41
0.10000 59 41
0.10000 58 41
0.11461 56 41
0.11461 59 41
0.11461 65 41
0.10811 0 0
0.10811 59 38
0.10811 65 38
0.10811 63 41
0.10811 59 38
0.10811 63 38
0.64865 68 44
0.10000 62 41
0.10000 68 41
0.10000 66 41
0.10000 65 41
0.10000 63 37
0.10000 62 37
0.10000 59 41
0.10000 58 37
0.10000 56 37
0.11111 54 41
0.11111 58 41
0.11069 63 41
0.10554 0 0
0.10554 58 41
0.10554 63 41
0.10554 61 44
0.10554 58 41
0.10513 61 41
0.63283 66 44
0.11111 59 41
0.11111 63 41
0.11069 68 41
0.10554 0 0
0.10554 63 41
0.10554 68 41
0.10554 66 44
0.10554 63 41
0.10554 66 41
0.63325 71 44
0.11704 0 0
0.11765 65 41
0.11765 62 41
0.35234 71 48
0.11765 0 0
0.11765 65 41
0.11765 62 41
0.35294 70 47
0.11765 0 0
0.11765 68 41
0.11765 65 41
0.35294 74 47
0.10309 75 47
0.10309 78 39
0.10309 77 39
0.10000 75 39
0.10000 73 39
0.10000 71 39
0.10000 70 39
0.10000 68 39
0.10000 65 39
0.10000 66 39
0.10000 70 39
0.10000 68 39
0.10000 66 39
0.10000 65 39
0.10000 63 39
0.10000 61 39
0.10000 59 39
0.10000 58 40
0.11111 59 40
0.11111 62 40
0.11111 65 40
0.11765 0 0
0.11799 65 38
0.11799 62 38
0.10616 65 40
0.10554 61 38
0.10554 59 38
0.67088 71 44
0.10028 58 40
0.10000 70 40
0.10000 68 40
0.10000 66 40
0.10000 65 36
0.10000 63 36
0.10000 61 40
0.10000 59 37
0.10000 58 37
0.11111 59 39
0.11111 62 39
0.11111 65 39
0.11765 0 0
0.11799 65 36
0.11799 62 36
0.10526 65 40
0.10526 61 38
0.10526 59 38
0.66943 71 45
0.11111 61 40
0.11111 66 40
0.11067 70 40
0.10526 0 0
0.10526 70 37
0.10526 66 37
0.10526 65 40
0.10526 66 38
0.10526 64 38
0.63158 73 45
0.11142 63 39
0.11142 68 39
0.11142 71 39
0.10557 0 0
0.10526 71 37
0.10526 68 37
0.10526 67 40
0.10526 68 37
0.10526 66 37
0.63189 75 46
0.11111 65 40
0.11111 66 40
0.11111 67 40
0.10000 68 40
0.10000 70 40
0.10000 71 40
0.10000 73 40
0.10000 75 40
0.10000 77 40
0.10724 78 39
0.10724 82 39
0.10724 80 40
0.10000 78 40
0.10000 77 40
0.10000 75 40
0.10000 73 40
0.10000 71 40
0.10000 70 40
0.11085 68 40
0.11142 71 40
0.11142 70 40
0.10000 68 38
0.10000 66 37
0.10000 65 35
0.10000 63 40
0.10000 62 33
0.10000 65 33
0.11085 68 33
0.11142 71 33
0.11056 70 33
0.10000 68 33
0.10000 66 33
0.10000 65 33
0.10000 63 40
0.10000 62 33
0.10000 65 33
0.11644 68 32
0.11730 71 32
0.11730 70 32
0.10000 68 32
0.10000 66 32
0.10000 65 32
0.10000 63 39
0.10000 62 32
0.10000 65 32
0.10000 68 32
0.10000 71 34
0.10000 74 36
0.10000 71 39
0.10000 74 40
0.10000 77 41
0.10000 74 43
0.10000 77 45
0.10000 78 46
0.11026 80 46
0.11080 83 48
0.10999 82 45
0.10000 80 48
0.10000 78 46
0.10000 77 46
0.10000 75 53
0.10000 74 47
0.10083 77 47
0.11111 80 47
0.11111 83 44
0.11111 82 44
0.10000 80 47
0.10000 78 44
0.10000 77 44
0.10000 75 52
0.10000 74 48
0.10000 77 48
0.09709 80 48
0.09709 83 48
0.09709 80 51
0.09709 83 53
0.09709 80 54
0.09709 83 56
0.09709 80 57
0.09709 83 60
0.09712 80 61
0.09952 82 62
0.10341 80 58
0.10765 82 54
0.11226 80 50
0.11732 82 46
0.12272 80 42
0.12875 82 38
0.13539 80 34
0.14276 82 30
0.12465 79 48
0.12500 82 44
0.12500 80 40
0.10000 79 48
0.10000 77 45
0.10000 75 41
0.10000 74 48
0.10000 72 45
0.10000 70 41
0.10204 68 48
0.10204 67 44
0.10204 65 41
0.10000 63 48
0.10000 62 45
0.10000 60 42
0.10000 0 0
0.10000 60 44
0.10000 62 42
0.30000 58 48
0.10230 63 48
0.10230 62 44
0.10230 63 44
0.10000 64 51
0.10000 63 48
0.10000 64 48
0.10000 65 55
0.10000 64 52
0.10000 65 52
0.10667 66 58
0.10667 65 52
0.10667 66 48
0.10000 67 56
0.10000 66 53
0.10000 67 48
0.10000 68 48
0.10000 67 46
0.10000 68 46
0.10204 67 48
0.10204 70 45
0.10204 68 45
0.10000 67 48
0.10000 68 45
0.10000 70 45
0.10000 72 48
0.10000 74 45
0.10000 75 45
0.10204 77 48
0.10204 84 50
0.10204 82 45
0.10000 80 49
0.10000 79 46
0.10000 77 46
0.10000 75 48
0.10000 74 45
0.10000 72 45
0.10230 74 48
0.10230 77 45
0.10230 75 45
0.10000 74 49
0.10000 75 47
0.10000 77 47
0.10000 79 53
0.10000 80 50
0.10000 82 50
0.10152 75 55
0.10152 77 52
0.10133 79 52
0.10000 80 58
0.10000 82 54
0.10000 84 54
0.10000 86 61
0.10000 87 59
0.10000 89 59
0.11142 91 64
0.11142 94 62
0.11142 92 58
0.10025 91 64
0.10025 89 62
0.10025 87 58
0.10025 86 62
0.10025 84 56
0.10025 82 56
0.10204 80 64
0.10204 79 63
0.10204 77 61
0.10000 75 59
0.10000 74 57
0.10000 72 55
0.10000 70 54
0.10000 72 52
0.10000 74 50
0.10230 75 48
0.10230 74 48
0.10230 75 48
0.10000 76 48
0.10000 75 49
0.10000 76 51
0.10000 77 53
0.10000 76 56
0.10000 77 58
0.10178 78 62
0.10178 77 61
0.10178 78 58
0.10000 79 56
0.10000 78 54
0.10000 79 51
0.10000 80 48
0.10000 79 48
0.10000 80 48
0.10178 79 48
0.10178 78 48
0.10178 79 49
0.10000 80 50
0.10000 79 49
0.10000 80 49
0.10000 82 53
0.10000 80 51
0.10000 82 51
0.10204 80 56
0.10204 79 52
0.10204 80 52
0.10000 82 58
0.10000 80 54
0.10000 82 51
0.10000 84 61
0.10000 83 57
0.10000 84 53
0.10178 86 64
0.10178 85 60
0.10178 86 57
0.10000 88 66
0.10000 86 63
0.10000 88 60
0.10000 90 69
0.10000 88 65
0.10000 90 63
0.10230 91 72
0.10230 90 69
0.10230 91 63
0.10000 93 74
0.10000 91 71
0.10000 93 66
0.10000 95 77
0.10000 93 71
0.10000 95 65
0.10309 96 81
0.10309 95 75
0.10309 96 69
0.10000 98 81
0.10000 96 76
0.10000 98 71
0.10000 100 81
0.10000 98 76
0.10000 100 70
0.10526 101 81
0.10526 99 75
0.10526 97 70
0.10000 96 81
0.10000 94 76
0.10000 92 70
0.10000 91 81
0.10000 89 76
0.10000 87 72
0.10204 86 81
0.10204 84 76
0.10204 82 70
0.10000 81 81
0.10000 82 76
0.10000 84 72
0.10000 86 81
0.10000 87 76
0.10000 89 72
0.11142 90 89
0.11142 94 77
0.11142 92 72
0.10057 90 81
0.10000 89 78
0.10000 87 73
0.10000 85 81
0.10000 83 77
0.10000 82 73
0.11142 83 89
0.11142 87 77
0.11142 85 75
0.10057 83 81
0.10000 82 77
0.10000 80 74
0.10000 78 81
0.10000 77 77
0.10000 75 73
0.11111 74 89
0.11111 77 76
0.11111 75 72
0.10000 74 81
0.10000 71 77
0.10000 70 74
0.10000 68 81
0.10000 66 76
0.10000 65 73
0.11429 78 89
0.11429 82 76
0.11429 80 73
0.10000 78 81
0.10000 77 75
0.10000 75 73
0.10000 73 81
0.10000 71 77
0.10000 70 72
0.12085 71 89
0.12085 75 77
0.12085 73 73
0.10000 71 81
0.10000 70 77
0.10000 68 73
0.10000 66 81
0.10000 65 77
0.10000 63 73
0.11111 62 89
0.11111 65 77
0.11111 63 72
0.10000 62 81
0.10000 59 77
0.10000 58 72
0.10000 56 81
0.10000 54 77
0.10000 53 73
0.10000 51 81
0.10000 53 77
0.10000 54 72
0.11056 56 89
0.11111 59 78
0.11111 58 74
0.11111 56 81
0.11111 54 76
0.11111 53 72
0.10056 51 81
0.10000 53 76
0.10000 54 72
0.11056 56 89
0.11111 59 77
0.11111 58 72
0.11111 56 81
0.11111 54 77
0.11111 53 72
0.10025 51 81
0.10025 53 77
0.10025 54 72
0.11111 56 89
0.11111 59 77
0.11111 58 71
0.11111 56 81
0.11111 54 77
0.11111 53 77
0.10000 51 78
0.10000 53 80
0.10000 54 82
0.10000 56 84
0.10000 58 87
0.10000 60 89
0.10000 62 90
0.10000 63 92
0.10000 65 94
0.60000 66 96
0.30000 0 0
0.60000 70 97
0.60000 58 87
0.60000 61 87
0.60000 66 87
0.69478 0 0
0.11111 59 81
0.11111 62 76
0.11111 66 76
0.33333 59 81
1.00000 71 97
0.33333 0 0
0.11111 59 81
0.11111 61 77
0.11111 67 77
0.33333 59 81
1.00000 71 96
0.15831 0 0
0.15831 66 81
0.15831 62 72
0.31662 71 88
0.15831 0 0
0.15831 66 88
0.15831 64 79
0.31662 73 95
0.15831 0 0
0.15831 66 81
0.15831 62 72
0.31662 74 89
0.33333 0 0
0.11111 61 81
0.11111 66 76
0.11111 70 76
0.35191 61 81
1.01857 73 88
0.33333 0 0
0.11111 62 81
0.11111 65 76
0.11111 70 76
0.33333 62 81
1.00000 74 88
0.33333 0 0
0.11111 63 81
0.11111 66 76
0.11111 70 76
0.33333 63 81
1.00000 75 88
0.15819 65 81
0.15789 77 77
0.15789 66 81
0.15789 78 77
0.15789 65 81
0.15789 77 77
0.33304 0 0
0.11111 63 64
0.11111 66 61
0.11111 70 62
0.38835 63 64
1.05472 75 81
0.33333 0 0
0.11111 71 80
0.11111 74 75
0.11111 78 75
0.34483 71 80
1.01149 83 96
0.33333 0 0
0.11111 71 81
0.11111 73 76
0.11111 79 76
0.33333 71 81
1.00000 83 93
0.15666 0 0
0.15666 74 64
0.15666 78 72
0.31332 83 89
0.15666 0 0
0.15666 76 64
0.15666 78 72
0.31332 85 89
0.15666 0 0
0.15666 78 72
0.15666 74 64
0.31332 86 89
0.33333 0 0
0.11111 73 81
0.11111 78 76
0.11111 82 76
0.37618 73 81
1.04284 85 89
0.33333 0 0
0.11111 74 81
0.11111 77 77
0.11111 82 77
0.33333 74 81
1.00000 86 97
0.33333 0 0
0.11111 75 81
0.11111 78 77
0.11111 82 77
0.33333 75 81
1.00000 87 97
0.16043 77 72
0.16043 82 72
0.16043 86 81
0.16043 89 72
0.16043 78 80
0.16043 82 80
0.16043 86 89
0.16043 90 79
0.16043 77 72
0.16043 82 72
0.16043 86 81
0.16043 89 72
0.33313 0 0
0.11111 75 72
0.11111 78 68
0.11111 82 68
0.38944 75 72
1.05590 87 90
0.33333 0 0
0.11111 82 75
0.11111 89 71
0.11111 92 71
0.33333 82 75
1.00000 94 97
0.32609 0 0
0.10870 82 74
0.10870 87 70
0.10870 90 70
0.32553 82 74
0.97770 94 97
0.15190 89 81
0.15190 80 72
0.15190 92 76
0.15190 87 81
0.15190 78 72
0.15190 90 77
0.15190 86 81
0.15190 77 72
0.15190 89 78
0.31662 0 0
0.10554 75 81
0.10554 78 65
0.10554 82 66
0.35234 75 66
0.98558 87 90
0.31580 0 0
0.10526 82 72
0.10526 89 68
0.10526 92 68
0.31579 82 72
0.94738 94 97
0.31088 0 0
0.10363 82 72
0.10363 87 68
0.10363 90 68
0.31088 82 72
0.93264 94 97
0.14528 89 81
0.14528 80 72
0.14528 92 81
0.14528 87 81
0.14528 78 72
0.14528 90 81
0.14528 86 81
0.14528 77 72
0.14528 89 80
0.30075 0 0
0.10025 75 64
0.10025 78 61
0.10025 82 61
0.30075 75 63
0.90226 87 90
0.15038 92 81
0.15038 83 72
0.15038 95 75
0.15038 90 81
0.15038 82 72
0.15038 94 76
0.15038 89 81
0.15038 86 72
0.15038 98 76
0.09527 99 81
0.09501 95 76
0.09501 94 78
0.09501 92 81
0.09501 90 76
0.09501 89 76
0.14252 87 93
0.14245 0 0
0.09412 87 81
0.09412 83 75
0.09412 82 75
0.09412 80 81
0.09412 78 77
0.09412 77 77
0.14118 75 92
0.14114 0 0
0.09346 75 81
0.09346 71 76
0.09346 70 76
0.09346 68 81
0.09346 66 76
0.09346 65 76
0.14019 63 91
0.14014 0 0
0.09281 63 81
0.09281 59 76
0.09281 58 76
0.09281 56 81
0.09281 54 76
0.09281 53 78
0.06961 51 91
0.20882 0 0
0.13921 63 89
0.13948 0 0
0.13978 63 89
0.14008 0 0
0.14038 63 89
0.14068 0 0
0.14074 63 89
0.14151 0 0
0.14235 63 89
0.14323 0 0
0.14409 63 89
0.14496 0 0
0.30690 62 87
0.30690 74 97
0.30690 70 87
0.30690 65 87
0.61381 0 0
0.30691 75 97
0.30691 63 87
0.30691 66 87
0.30691 70 87
#  Piano left
1.26563 0 0
0.60000 58 32
0.93241 51 39
0.30534 0 0
0.29688 58 31
0.90534 53 36
0.30690 0 0
0.60000 58 31
0.90691 55 39
0.30534 0 0
0.60000 58 30
0.90534 50 39
0.30457 0 0
0.60000 58 31
0.90457 51 40
0.30690 44 40
0.60000 56 28
0.60000 60 32
0.30534 46 48
0.60000 56 33
0.60000 58 33
0.60000 62 37
0.31008 51 48
0.60000 63 37
0.60000 55 27
0.60000 58 27
0.33241 0 0
0.60000 58 46
0.93241 51 55
0.30380 0 0
0.29813 58 45
0.90380 53 56
0.30534 0 0
0.60000 58 45
0.90534 55 56
0.30380 0 0
0.60000 58 46
0.90380 50 57
0.30534 0 0
0.60000 58 45
0.90534 51 56
0.30769 44 54
0.60000 56 34
0.60000 60 45
0.30534 46 55
0.60000 58 31
0.60000 62 42
0.60000 56 31
0.30691 51 58
0.60000 55 35
0.60000 58 35
0.60000 63 47
0.33426 0 0
0.60150 58 45
0.93577 51 56
0.30769 0 0
0.60000 58 44
0.90769 53 56
0.30769 0 0
0.60000 58 45
0.90769 55 56
0.30691 0 0
0.60000 58 46
0.90691 50 65
0.30691 0 0
0.60000 58 49
0.90691 51 58
0.33369 44 47
0.60057 60 41
0.60057 56 30
0.30380 46 47
0.60000 56 30
0.60000 58 30
0.60000 62 40
0.30534 51 40
0.60000 63 35
0.60000 55 26
0.60000 58 26
0.32967 0 0
0.61069 51 32
0.94036 39 44
0.34286 0 0
0.64865 56 32
0.99151 44 42
0.30000 0 0
0.60000 49 32
0.90000 37 44
0.33292 0 0
0.63283 54 32
0.96575 42 43
0.30000 0 0
0.60000 47 32
0.90000 35 44
0.34286 0 0
0.64516 53 32
0.98802 41 42
0.30000 0 0
0.60000 46 32
0.90000 34 44
0.34884 0 0
0.65504 51 32
1.00388 39 43
0.33292 0 0
0.63325 56 32
0.96616 44 43
1.05822 46 41
0.91965 51 40
1.62553 58 41
0.30075 0 0
0.60150 49 33
0.90226 42 41
0.33333 0 0
0.35364 50 53
0.31725 49 33
1.00422 44 39
0.30028 0 0
0.60000 49 33
0.90028 42 39
0.33333 0 0
0.35364 50 55
0.31579 49 33
1.00276 44 40
0.96447 42 39
0.96584 54 43
0.96615 47 40
0.96522 56 43
0.60000 59 37
0.93333 49 43
0.61915 54 32
0.61915 58 43
0.63369 0 0
0.60000 53 25
0.93369 46 43
0.60000 59 33
0.60000 56 25
0.33283 0 0
0.60000 53 24
0.93283 46 43
0.60000 59 32
0.60000 56 24
0.35104 0 0
1.50000 56 24
1.85104 46 43
1.50000 53 24
1.50000 59 32
0.33106 0 0
0.60083 71 32
0.93189 58 43
0.60083 68 24
0.60083 65 24
0.33333 0 0
1.48020 71 32
1.09175 70 40
2.57195 65 24
2.57195 68 24
2.90528 58 43
0.37465 0 0
0.60000 58 32
0.97465 51 40
0.30928 0 0
0.29688 58 31
0.90928 53 41
0.30534 0 0
0.60000 58 30
0.90534 55 40
0.30457 0 0
0.60000 58 32
0.90457 50 43
0.30848 0 0
0.60000 58 36
0.90848 51 40
0.32086 44 41
0.60000 56 24
0.60000 60 32
0.30848 46 40
0.60000 58 23
0.60000 65 31
0.60000 56 23
0.30848 51 47
0.60000 58 30
0.60000 55 30
0.60000 63 40
0.33426 0 0
0.60150 58 40
0.93577 51 46
0.30691 0 0
0.60000 58 32
0.90691 53 43
0.30769 0 0
0.60000 58 32
0.90769 55 43
0.32520 0 0
0.60000 58 35
0.92520 50 45
0.30303 0 0
0.60000 58 38
0.60000 51 28
0.90303 49 45
0.30612 0 0
0.60000 56 41
0.60000 51 30
0.90612 48 62
0.30534 0 0
0.60000 50 33
0.60000 57 44
0.90534 48 71
0.30691 0 0
0.60000 55 42
0.60000 50 31
0.90691 47 72
0.30612 0 0
0.60000 55 45
0.60000 48 34
0.90612 46 72
0.32086 0 0
0.60000 53 45
0.60000 48 34
0.92086 44 72
0.30534 0 0
0.60000 53 35
0.60000 56 47
0.90534 46 71
0.33426 0 0
0.60057 63 57
0.93483 51 72
0.33426 0 0
0.60057 56 57
0.93483 44 73
0.33333 0 0
0.60000 58 56
0.93333 46 72
0.34188 0 0
0.60000 51 54
0.94188 39 73
0.36254 0 0
0.60000 44 64
0.96254 32 75
0.33333 0 0
0.60000 46 57
0.93333 34 76
0.30000 39 58
0.66611 46 54
0.66611 50 72
0.15056 39 56
0.15000 0 0
0.66611 46 61
0.66611 50 81
0.15038 39 64
0.15038 0 0
0.66667 50 81
0.66667 46 61
0.10000 39 72
0.10000 41 72
0.10000 42 72
0.10000 44 76
0.10000 46 78
0.10000 48 74
0.10000 50 81
0.10000 51 82
0.10000 53 79
0.60000 54 86
0.30000 0 0
0.60000 54 68
0.60000 42 68
0.34384 0 0
0.16667 35 65
0.16667 0 0
0.66667 54 59
0.66667 50 53
0.66667 47 53
0.16667 35 67
0.16667 0 0
0.66667 55 57
0.66667 47 51
0.66667 49 51
0.66667 52 51
0.15831 0 0
0.15831 59 58
0.15831 54 52
0.31662 50 72
0.15831 0 0
0.15831 58 62
0.15831 54 55
0.31662 49 80
0.15831 0 0
0.15831 59 57
0.15831 54 51
0.31662 47 72
0.33333 42 80
0.66667 58 57
0.66667 54 51
0.33333 42 81
0.66667 61 64
0.66667 58 57
0.66667 54 57
0.33333 47 80
0.66667 59 56
0.66667 54 50
0.16129 43 72
0.16129 55 56
0.16129 40 79
0.16129 52 59
0.16129 43 72
0.16129 55 57
0.33426 47 79
0.69680 59 64
0.69680 54 57
0.16667 35 45
0.16667 0 0
0.66667 54 32
0.66667 50 28
0.66667 47 28
0.16667 35 43
0.16667 0 0
0.66667 55 32
0.66667 47 28
0.66667 49 28
0.66667 52 28
0.16086 0 0
0.16086 59 40
0.16086 54 36
0.32172 50 45
0.16086 0 0
0.16086 58 42
0.16086 54 37
0.32172 49 48
0.16086 0 0
0.16086 59 40
0.16086 54 36
0.32172 47 45
0.33333 42 44
0.66667 58 35
0.66667 54 31
0.33333 42 74
0.66667 61 64
0.66667 58 57
0.66667 54 57
0.33333 47 73
0.66667 59 63
0.66667 54 56
0.15819 38 64
0.15789 50 57
0.15789 35 72
0.15789 47 60
0.15789 38 64
0.15789 50 57
0.33426 37 81
0.70796 56 48
0.70796 53 43
0.70796 49 43
0.16656 42 48
0.16621 0 0
0.66482 54 40
0.16620 35 48
0.16621 0 0
0.66482 50 40
0.66482 47 36
0.31607 37 48
0.31579 49 36
0.31579 53 40
0.31579 37 40
0.33333 42 40
0.66667 49 32
0.66667 45 28
0.39889 35 77
0.66962 47 57
0.66962 50 57
0.66962 53 64
0.33426 30 64
0.66852 45 37
0.66852 49 42
0.31692 37 63
0.63325 49 63
0.33333 30 64
0.66667 42 43
0.66667 45 43
0.66667 49 48
0.40134 35 84
0.66780 47 64
0.66780 50 64
0.66780 53 72
0.33333 30 64
0.66667 45 39
0.66667 49 44
0.32258 37 64
0.64516 49 64
0.33315 30 64
0.67717 42 36
0.67717 45 36
0.67717 49 40
0.33333 41 81
0.66667 56 64
0.66667 53 57
0.33333 40 81
0.66667 55 61
0.66667 52 54
0.15819 0 0
0.15789 59 57
0.15789 54 51
0.31608 50 72
0.15789 0 0
0.15789 58 57
0.15789 54 51
0.31579 49 72
0.15789 0 0
0.15789 59 57
0.15789 54 51
0.31579 47 72
0.33333 42 72
0.73333 58 64
0.73333 54 57
0.33333 46 72
0.66667 58 57
0.66667 61 64
0.33333 45 80
0.66667 57 54
0.66667 60 62
0.15584 0 0
0.15584 59 64
0.15584 64 72
0.31169 55 81
0.15584 0 0
0.15584 59 64
0.15584 63 72
0.31169 54 81
0.15584 0 0
0.15584 64 72
0.15584 59 64
0.31169 52 81
0.33426 47 81
0.68767 62 68
0.68767 59 61
0.16043 35 72
0.16043 47 58
0.16043 37 72
0.16043 49 57
0.16043 38 72
0.16043 50 57
0.33333 37 72
0.68493 56 60
0.68493 53 53
0.68493 49 53
0.16129 30 72
0.16129 42 57
0.16129 32 72
0.16129 44 56
0.16129 33 72
0.16129 45 56
0.33333 32 72
0.70951 44 58
0.70951 48 58
0.70951 51 65
0.33405 37 48
0.11111 53 50
0.11111 56 32
0.11111 61 32
0.33333 53 32
0.66667 49 45
0.33333 33 48
0.11111 54 46
0.11111 57 32
0.11111 61 32
0.37618 54 32
0.70951 45 37
0.16667 59 76
0.16667 35 76
0.16667 55 68
0.16667 62 60
0.16667 47 60
0.16667 37 76
0.16667 57 76
0.16667 54 68
0.16667 49 60
0.16667 61 60
0.16667 37 76
0.16667 56 76
0.16667 53 68
0.16667 49 60
0.16667 61 60
0.11170 54 75
0.11349 50 69
0.11533 49 74
0.34052 42 67
0.11723 47 75
0.11922 45 69
0.12125 44 69
0.18566 42 79
0.21505 0 0
0.33333 35 48
0.66667 54 32
0.66667 50 28
0.66667 47 28
0.33333 35 48
0.66667 55 32
0.66667 47 28
0.66667 49 28
0.66667 52 28
0.15819 0 0
0.15789 59 32
0.15789 54 28
0.31608 50 48
0.15789 0 0
0.15789 58 32
0.15789 54 28
0.31579 49 48
0.15789 0 0
0.15789 59 32
0.15789 54 28
0.31579 47 48
0.33260 42 48
0.71058 58 32
0.71058 54 28
0.33333 42 48
0.66667 61 40
0.66667 58 36
0.66667 54 36
0.33333 47 48
0.66667 59 32
0.66667 54 28
0.15831 43 48
0.15831 55 32
0.15831 40 48
0.15831 52 32
0.15831 43 48
0.15831 55 32
0.33333 47 48
0.73333 59 32
0.73333 54 28
0.16667 40 81
0.16667 0 0
0.66667 59 64
0.66667 55 57
0.66667 52 57
0.33333 40 81
0.66667 60 64
0.66667 52 57
0.66667 54 57
0.66667 57 57
0.16129 0 0
0.16129 64 57
0.16129 59 51
0.32258 55 64
0.16129 0 0
0.16129 63 57
0.16129 59 51
0.32258 54 64
0.16129 0 0
0.16129 64 57
0.16129 59 51
0.32258 52 64
0.33333 47 64
0.73200 59 50
0.73200 63 56
0.33333 47 81
0.66667 66 64
0.66667 63 57
0.66667 59 57
0.33333 52 81
0.66667 59 57
0.66667 64 64
0.16086 43 57
0.16086 55 45
0.16086 40 64
0.16086 52 54
0.16086 43 57
0.16086 55 45
0.33333 42 64
0.67816 61 56
0.67816 58 50
0.67816 54 50
0.33333 47 48
0.71550 59 32
0.71550 54 28
0.33415 40 48
0.66667 55 32
0.66667 52 28
0.31690 42 48
0.31662 58 32
0.31662 54 28
0.31662 42 48
0.33305 35 48
0.72807 54 32
0.72807 50 28
0.72807 47 28
0.16713 40 73
0.16713 0 0
0.70926 58 67
0.70926 55 60
0.70926 52 60
0.33403 35 48
0.66667 54 32
0.66667 50 28
0.32172 42 48
0.64343 54 48
0.33333 35 48
0.72421 54 32
0.72421 50 28
0.72421 47 28
0.16667 40 71
0.16667 0 0
0.70649 52 57
0.70649 55 57
0.70649 58 64
0.33401 35 48
0.66667 54 32
0.66667 50 28
0.32432 42 48
0.64865 54 47
0.33333 35 48
0.70764 54 32
0.70764 50 28
0.70764 47 28
0.33333 35 81
0.70833 54 60
0.70833 50 54
0.70833 47 54
0.33333 35 81
0.70764 54 60
0.70764 50 54
0.70764 47 54
0.31608 35 73
0.31579 54 60
0.31579 50 54
0.31579 47 54
0.31579 35 73
0.31579 54 60
0.31579 50 54
0.31579 47 54
0.31579 35 74
0.40000 54 60
0.40000 50 54
0.40000 47 54
0.33333 34 72
0.70879 54 60
0.70879 51 54
0.70879 46 54
0.33405 34 81
0.66667 54 60
0.66667 51 54
0.66667 46 54
0.31915 34 83
0.31915 54 65
0.31915 51 58
0.31915 46 58
0.31915 34 86
0.31915 54 67
0.31915 51 60
0.31915 46 60
0.32055 34 87
0.37500 54 68
0.37500 51 61
0.37500 46 61
0.33403 44 89
0.33403 32 75
0.66667 44 72
0.66667 53 80
0.66667 51 72
0.66667 47 72
0.66667 44 63
0.66667 47 63
0.66667 54 71
0.66667 51 63
0.33333 44 68
0.33333 54 76
0.33333 51 68
0.33333 47 68
1.94097 46 68
1.94097 59 76
1.94097 56 68
1.94097 53 68
2.31704 46 45
2.31704 58 50
2.31704 56 45
2.31704 53 45
0.33241 0 0
0.60000 58 23
0.93241 51 32
0.30612 0 0
0.29688 58 27
0.90612 53 36
0.30691 0 0
0.60000 58 29
0.90690 55 41
0.30534 0 0
0.60000 58 31
0.90534 50 45
0.30457 0 0
0.60000 58 31
0.90457 51 42
0.31250 44 41
0.60000 56 26
0.60000 60 29
0.30534 46 40
0.60000 58 27
0.60000 62 30
0.60000 56 27
0.30457 51 45
0.60000 55 27
0.60000 58 27
0.60000 63 30
0.33241 0 0
0.60000 58 41
0.93241 51 48
0.30534 0 0
0.29688 58 40
0.90534 53 52
0.30534 0 0
0.60000 58 45
0.90534 55 56
0.30457 0 0
0.60000 58 42
0.90457 50 56
0.30457 0 0
0.60000 58 40
0.90457 51 51
0.31250 44 60
0.60000 56 42
0.60000 60 47
0.30691 46 59
0.60000 58 40
0.60000 62 45
0.60000 56 40
0.30612 51 60
0.60000 55 41
0.60000 58 41
0.60000 63 46
0.33426 0 0
0.60150 58 46
0.93577 51 58
0.30587 0 0
0.60000 58 45
0.90587 53 56
0.30534 0 0
0.60000 58 45
0.90534 55 56
0.30769 0 0
0.60000 58 54
0.90769 50 70
0.30534 0 0
0.60000 58 46
0.90534 51 54
0.33369 44 47
0.60057 56 36
0.60057 60 41
0.30612 46 47
0.60000 58 36
0.60000 62 40
0.60000 56 36
0.30612 51 40
0.60000 55 31
0.60000 58 31
0.60000 63 35
0.30691 0 0
0.60000 51 32
0.90690 39 44
0.33898 0 0
0.64000 56 32
0.97898 44 42
0.30000 0 0
0.60000 49 32
0.90000 37 44
0.33292 0 0
0.63283 54 32
0.96575 42 43
0.30000 0 0
0.60000 47 32
0.90000 35 44
0.34384 0 0
0.64865 53 32
0.99249 41 42
0.30000 0 0
0.60000 46 32
0.90000 34 44
0.33292 0 0
0.63283 51 32
0.96575 39 43
0.33292 0 0
0.63325 56 32
0.96616 44 43
1.05822 46 41
0.90928 51 40
1.61516 58 41
0.30000 0 0
0.60000 49 33
0.90000 42 41
0.33333 0 0
0.35364 50 53
0.31725 49 33
1.00422 44 39
0.30028 0 0
0.60000 49 33
0.90028 42 39
0.33333 0 0
0.35364 50 55
0.31579 49 33
1.00276 44 40
0.96447 46 39
0.96584 54 43
0.96615 47 40
0.96522 56 43
0.60000 59 37
0.93333 49 43
0.62172 54 38
0.62172 58 43
0.63369 0 0
0.60000 53 29
0.93369 46 43
0.60000 59 33
0.60000 56 29
0.33283 0 0
0.60000 53 28
0.93283 46 43
0.60000 59 32
0.60000 56 28
0.35104 0 0
1.50000 59 32
1.85104 46 43
1.50000 53 28
1.50000 56 28
0.33106 0 0
0.60083 65 28
0.93189 58 43
0.60083 71 32
0.60083 68 28
0.33333 0 0
1.47382 71 32
1.06977 70 43
2.54359 65 28
2.54359 68 28
2.87692 58 43
0.37465 0 0
0.60000 58 30
0.97465 51 41
0.30612 0 0
0.29688 58 32
0.90612 53 41
0.30691 0 0
0.60000 58 32
0.90690 55 41
0.32000 0 0
0.60000 58 32
0.92000 50 41
0.30612 0 0
0.60000 58 31
0.90612 51 40
0.30612 44 41
0.60000 56 28
0.60000 60 32
0.30691 46 41
0.60000 58 28
0.60000 65 32
0.60000 56 28
0.30438 51 45
0.60000 55 32
0.60000 58 32
0.60000 63 36
0.33426 0 0
0.60150 58 35
0.93577 51 44
0.30612 0 0
0.60000 58 34
0.90612 53 42
0.30691 0 0
0.60000 58 32
0.90690 55 40
0.30534 0 0
0.60000 58 40
0.90534 50 48
0.30534 0 0
0.60000 58 38
0.60000 51 34
0.90534 49 47
0.30612 0 0
0.60000 56 36
0.60000 51 32
0.90612 48 56
0.30534 0 0
0.60000 57 37
0.60000 50 33
0.90534 48 60
0.30691 0 0
0.60000 55 41
0.60000 50 36
0.90690 47 63
0.30928 0 0
0.60000 55 43
0.60000 48 38
0.90928 46 64
0.31579 0 0
0.60000 53 42
0.60000 48 37
0.91579 44 68
0.30612 0 0
0.60000 53 36
0.60000 56 40
0.90612 46 68
0.33426 0 0
0.60057 63 56
0.93483 51 72
0.33426 0 0
0.60057 56 56
0.93483 44 72
0.33333 0 0
0.60000 58 56
0.93333 46 72
0.34286 0 0
0.60000 51 53
0.94286 39 72
0.36254 0 0
0.60000 44 57
0.96254 32 79
0.33333 0 0
0.60000 46 57
0.93333 34 76
0.30000 39 64
0.66611 50 81
0.66611 46 72
0.15056 39 64
0.15000 0 0
0.66611 50 81
0.66611 46 72
0.15038 39 64
0.15038 0 0
0.66667 50 81
0.66667 46 72
0.10000 39 72
0.10000 41 72
0.10000 42 74
0.10000 44 76
0.10000 46 78
0.10000 48 80
0.10000 50 81
0.10000 51 82
0.10000 53 84
0.60000 54 86
0.30000 0 0
0.60000 54 82
0.60000 42 73
0.36145 0 0
0.16667 35 65
0.16667 0 0
0.66667 54 66
0.66667 50 59
0.66667 47 59
0.16667 35 67
0.16667 0 0
0.66667 55 64
0.66667 47 57
0.66667 49 57
0.66667 52 57
0.15831 0 0
0.15831 59 65
0.15831 54 58
0.31662 50 72
0.15831 0 0
0.15831 58 69
0.15831 54 62
0.31662 49 80
0.15831 0 0
0.15831 59 64
0.15831 54 57
0.31662 47 72
0.33333 42 72
0.68524 58 64
0.68524 54 57
0.33333 46 80
0.66667 58 64
0.66667 53 57
0.66667 56 57
0.33333 39 80
0.66667 58 64
0.66667 54 57
0.66667 51 57
0.31608 46 64
0.31579 58 57
0.31579 62 64
0.31579 56 57
0.31579 46 64
0.33304 51 81
0.72168 54 57
0.72168 58 64
0.33333 35 82
0.67816 47 71
0.67816 50 71
0.67816 54 79
0.33333 35 85
0.66667 47 69
0.66667 49 69
0.66667 52 69
0.66667 55 77
0.15666 0 0
0.15666 59 72
0.15666 54 64
0.31332 50 64
0.15666 0 0
0.15666 58 72
0.15666 54 64
0.31332 49 64
0.15666 0 0
0.15666 59 72
0.15666 54 64
0.31332 47 64
0.33333 42 97
0.70951 54 72
0.70951 58 81
0.33333 46 97
0.66667 58 81
0.66667 56 72
0.66667 53 72
0.33333 39 97
0.66667 58 81
0.66667 54 72
0.66667 51 72
0.32086 46 72
0.32086 58 72
0.32086 62 81
0.32086 56 72
0.32086 46 72
0.33313 51 85
0.72277 54 66
0.72277 58 66
0.72277 63 74
0.33333 46 90
0.66667 58 66
0.66667 68 74
0.66667 65 66
0.66667 62 66
0.32609 51 88
0.65162 58 66
0.65162 63 66
0.65162 66 74
0.30380 65 72
0.30380 59 64
0.30380 56 64
0.30380 58 65
0.30380 63 65
0.30380 66 73
0.30380 68 73
0.30380 65 65
0.30380 58 65
0.31662 51 85
0.66896 58 66
0.66896 63 66
0.66896 66 74
0.31580 46 88
0.63158 58 66
0.63158 68 74
0.63158 65 66
0.63158 62 66
0.31088 51 88
0.62176 58 66
0.62176 63 66
0.62176 66 74
0.29056 65 73
0.29056 59 65
0.29056 56 65
0.29056 58 65
0.29056 63 65
0.29056 66 73
0.29056 68 73
0.29056 65 65
0.29056 58 65
0.30075 51 85
0.60150 58 66
0.60150 63 66
0.60150 66 74
0.30075 65 72
0.30075 59 64
0.30075 56 64
0.30075 58 65
0.30075 63 65
0.30075 66 73
0.30075 68 73
0.30075 65 65
0.30075 58 65
0.57033 51 72
0.57033 63 81
0.57033 58 72
0.57033 54 72
0.14252 51 57
0.14252 56 57
0.14252 59 57
0.14252 63 63
0.14245 0 0
0.56471 51 73
0.56471 54 73
0.56471 63 82
0.56471 58 73
0.14118 51 57
0.14118 56 57
0.14118 63 64
0.14118 59 57
0.14114 0 0
0.56075 39 77
0.56075 51 86
0.56075 46 77
0.56075 42 77
0.14019 39 61
0.14019 44 61
0.14019 51 68
0.14019 47 61
0.14014 0 0
0.55684 39 72
0.55684 51 81
0.55684 46 72
0.55684 42 72
0.13921 39 57
0.13921 44 57
0.13921 47 64
0.13921 0 0
0.13921 58 80
0.13921 42 72
0.13921 46 72
0.13921 39 72
0.13921 54 72
0.13921 51 72
0.13948 0 0
0.13978 39 72
0.13978 56 72
0.13978 51 72
0.13978 59 80
0.13978 44 72
0.13978 47 72
0.14008 0 0
0.14038 58 80
0.14038 39 72
0.14038 42 72
0.14038 51 72
0.14038 54 72
0.14038 46 72
0.14068 0 0
0.14074 39 72
0.14074 56 72
0.14074 51 72
0.14074 59 80
0.14074 44 72
0.14074 47 72
0.14151 0 0
0.14235 58 80
0.14235 39 72
0.14235 42 72
0.14235 51 72
0.14235 54 72
0.14235 46 72
0.14323 0 0
0.14409 39 72
0.14409 59 80
0.14409 56 72
0.14409 51 72
0.14409 44 72
0.14409 47 72
0.14496 0 0
0.30690 46 87
0.30690 34 78
0.61381 0 0
0.30691 51 87
0.30691 39 78
0.30691 46 78
