"schumm-4"

#  Piano right
0.87810 0 0
0.29580 68 60
0.14790 64 66
0.14530 61 60
0.14603 64 60
0.14677 68 60
0.14753 64 64
0.14485 61 60
0.14519 64 60
0.14612 69 60
0.14694 63 63
0.14530 60 60
0.14603 63 60
0.14675 69 60
0.14751 63 63
0.14507 60 60
0.14554 63 60
0.14601 68 60
0.14659 68 66
0.14473 64 63
0.14556 68 63
0.14640 76 63
0.14727 68 66
0.14507 64 63
0.14554 68 63
0.14612 73 63
0.14670 69 67
0.14438 68 60
0.14507 66 61
0.14577 73 62
0.14647 72 68
0.14692 66 65
0.14589 68 66
0.14674 72 67
0.14763 73 72
0.14491 64 63
0.14565 68 65
0.14637 73 67
0.14712 76 69
0.14443 68 64
0.14516 76 66
0.14613 80 68
0.14854 76 73
0.14606 69 64
0.14606 76 66
0.14606 80 68
0.14606 74 70
0.14606 78 67
0.14606 73 70
0.14606 76 67
0.14491 72 68
0.14570 75 65
0.14647 73 67
0.14725 76 65
0.14804 75 68
0.14884 78 64
0.14977 72 69
0.15397 75 64
0.14624 76 68
0.14725 73 67
0.14850 71 66
0.14954 69 64
0.15070 68 63
0.15200 66 62
0.15309 64 60
0.15431 63 59
0.15700 64 62
0.14841 61 57
0.14889 64 57
0.14937 68 57
0.14949 64 60
0.14783 61 57
0.14853 64 57
0.14913 69 57
0.14914 63 59
0.14783 59 57
0.14865 63 57
0.14949 69 57
0.15032 63 59
0.14841 59 57
0.14889 63 57
0.14949 68 57
0.15009 68 62
0.14771 61 59
0.14841 68 59
0.14913 73 59
0.14997 66 62
0.14841 63 59
0.14889 66 59
0.14937 73 59
0.14997 68 63
0.14713 64 59
0.14794 68 59
0.14889 73 59
0.14771 68 62
0.14830 64 60
0.14889 68 60
0.14949 71 60
0.15020 67 68
0.14825 64 59
0.14900 67 61
0.14973 70 63
0.15050 76 65
0.14776 70 60
0.14850 76 62
0.14949 79 64
0.14771 75 64
0.14830 79 62
0.14889 75 63
0.14949 78 61
0.15020 69 62
0.15081 76 61
0.15142 69 62
0.15216 75 60
0.15278 69 59
0.15353 78 56
0.15416 68 59
0.15480 76 56
0.15558 64 58
0.15623 73 55
0.15688 61 57
0.15730 69 55
0.15707 59 57
0.15612 68 55
0.15517 64 57
0.15437 71 56
0.15345 59 57
0.15254 69 56
0.15164 63 57
0.15088 71 56
0.14988 0 0
0.14901 63 54
0.14913 59 54
0.44801 69 57
0.14925 69 57
0.14925 68 57
0.14863 64 53
0.14674 68 55
0.14834 69 57
0.15228 71 59
0.15306 68 50
0.15385 71 53
0.15385 80 46
0.15075 71 49
0.15075 78 44
0.15075 72 49
0.15075 76 46
0.16162 73 53
0.15765 64 56
0.15815 73 54
0.15865 76 55
0.15915 71 59
0.15703 75 54
0.15790 69 57
0.15877 73 54
0.15966 68 57
0.15765 59 54
0.15815 68 54
0.15865 71 54
0.15915 64 57
0.15765 58 51
0.15839 64 52
0.15915 73 52
0.16410 66 54
0.16176 57 49
0.16176 66 49
0.16176 71 49
0.16176 66 53
0.16176 57 48
0.16176 66 48
0.16176 71 48
0.15477 64 48
0.15477 56 44
0.15477 64 44
0.15477 68 44
0.61907 0 0
0.15477 63 48
0.15477 57 43
0.15477 63 43
0.15477 71 43
0.61907 0 0
0.15671 64 48
0.15671 56 45
0.15671 64 45
0.15671 68 45
0.15696 68 44
0.15798 71 49
0.15900 76 53
0.17435 80 58
0.15740 0 0
0.15740 68 46
0.31480 80 62
0.15740 0 0
0.15740 68 47
0.31480 76 56
0.15740 0 0
0.15740 68 44
0.31480 75 53
0.15740 0 0
0.15740 68 44
0.31480 74 50
0.15272 73 48
0.15272 61 43
0.15272 69 43
0.15272 73 43
0.61087 0 0
0.15272 68 48
0.15272 62 42
0.15272 68 42
0.15272 76 42
0.61087 0 0
0.15272 69 48
0.15272 61 42
0.15272 69 42
0.15272 73 43
0.15224 73 43
0.15346 76 48
0.15469 81 53
0.17819 85 59
0.15526 85 64
0.15526 73 56
0.15526 81 61
0.15526 73 56
0.15526 80 61
0.15526 76 56
0.15526 78 61
0.15526 75 55
0.16195 76 66
0.16195 68 66
0.16195 64 66
0.16483 68 61
0.16627 66 61
0.16804 68 61
0.16954 64 58
0.17122 68 62
0.17294 63 66
0.17403 68 69
0.15858 64 80
0.15858 61 74
0.15858 64 74
0.15858 68 74
0.15858 64 78
0.15858 61 74
0.15291 64 74
0.15343 69 74
0.15395 63 76
0.15461 60 74
0.15528 63 74
0.15595 69 74
0.15650 63 76
0.15720 60 74
0.15213 63 74
0.15278 68 74
0.15356 68 80
0.15422 64 76
0.15501 68 76
0.15568 76 76
0.15650 68 80
0.15706 64 76
0.15213 68 76
0.15291 73 76
0.15369 69 82
0.15461 68 74
0.15541 66 75
0.15623 73 76
0.15706 72 83
0.15788 63 79
0.15213 68 80
0.15291 72 82
0.15369 73 88
0.15461 68 76
0.15541 73 79
0.15623 76 82
0.15706 76 84
0.15816 68 82
0.15291 76 86
0.15369 80 90
0.15461 76 93
0.15541 69 90
0.15623 76 88
0.15720 80 85
0.15802 74 86
0.15900 78 82
0.15213 73 86
0.15213 76 82
0.15291 72 83
0.15304 75 79
0.15369 73 82
0.15382 76 76
0.15448 75 81
0.15475 78 75
0.15528 72 79
0.15528 75 72
0.15291 76 79
0.15382 73 74
0.15475 71 69
0.15555 69 65
0.15650 68 61
0.15747 66 57
0.15830 64 53
0.15928 63 48
0.16540 64 42
0.15491 61 45
0.15635 64 45
0.15768 68 45
0.15930 64 48
0.15556 61 45
0.15648 64 45
0.15741 69 45
0.15835 63 47
0.15465 59 45
0.15556 63 45
0.15648 69 45
0.15741 63 47
0.15556 59 45
0.15648 63 45
0.15754 68 45
0.15862 68 49
0.15478 61 47
0.15569 68 47
0.15674 73 47
0.15781 66 49
0.15542 63 47
0.15635 66 47
0.15714 73 47
0.15655 68 50
0.15478 64 47
0.15582 68 47
0.15674 73 47
0.15808 68 49
0.15478 64 48
0.15569 68 48
0.15674 71 48
0.15781 67 54
0.15504 64 47
0.15661 67 48
0.15821 70 50
0.15998 76 52
0.15491 70 48
0.15595 76 49
0.15727 79 51
0.15835 75 51
0.15388 79 49
0.15453 75 50
0.15530 78 48
0.15609 69 49
0.15687 76 48
0.15768 69 49
0.15848 75 48
0.15930 69 47
0.15998 78 44
0.16082 68 47
0.16166 76 44
0.16251 64 46
0.16336 73 44
0.16423 61 45
0.16511 69 44
0.15789 59 45
0.15789 68 44
0.15789 64 45
0.15789 71 44
0.15816 59 45
0.15688 69 44
0.15555 63 45
0.15409 71 44
0.15268 0 0
0.15242 63 43
0.15332 59 43
0.45843 69 45
0.15422 69 45
0.15528 68 45
0.15621 59 42
0.15373 64 44
0.15345 66 45
0.15459 68 47
0.15301 64 43
0.15387 68 45
0.15435 76 44
0.15738 68 47
0.15738 75 44
0.15738 68 48
0.15738 73 44
0.15839 69 48
0.15388 61 44
0.15437 69 46
0.15486 73 46
0.15534 68 47
0.15326 71 43
0.15413 66 45
0.15498 69 43
0.17808 64 45
0.17581 56 43
0.17639 64 43
0.17696 68 43
0.17751 61 45
0.17581 55 40
0.17668 61 41
0.17751 69 41
0.19033 63 43
0.18759 54 39
0.18759 63 39
0.18759 68 39
0.18759 63 42
0.18759 54 38
0.18759 63 38
0.18759 68 38
0.17581 61 38
0.17581 52 35
0.17581 61 35
0.17581 64 35
0.70323 0 0
0.17581 61 38
0.17581 52 34
0.17581 61 34
0.17581 64 34
0.70323 0 0
0.15136 62 38
0.15136 57 36
0.15136 62 36
0.15136 66 36
0.15161 66 35
0.15258 69 39
0.15355 74 42
0.16840 78 46
0.16854 0 0
0.16854 74 36
0.33708 81 49
0.16854 69 37
0.16854 71 37
0.33708 78 44
0.16854 73 35
0.16854 68 35
0.33708 76 42
0.16854 72 35
0.16854 68 35
0.33708 75 40
0.15496 73 38
0.15496 64 34
0.15496 73 34
0.15496 76 34
0.61984 0 0
0.15496 73 38
0.15496 64 33
0.15496 73 33
0.15496 76 33
0.61983 0 0
0.14822 74 38
0.14822 69 39
0.14822 74 44
0.14822 78 49
0.14776 81 55
0.14894 78 53
0.15013 74 50
0.17293 69 47
0.16393 68 44
0.16393 76 44
0.16393 64 48
0.16393 73 44
0.16393 66 48
0.16393 75 44
0.16393 63 48
0.16393 72 44
0.18750 64 51
0.18750 73 42
0.18750 64 43
0.18750 61 43
0.18750 68 35
0.20132 66 38
0.20132 63 38
0.20981 68 31
0.21662 63 34
0.21662 60 34
0.22390 68 30
1.95122 0 0
0.19481 65 36
0.21429 68 36
0.82192 70 32
0.82192 66 32
0.29221 68 28
0.29221 65 28
0.09740 0 0
0.19481 65 36
0.20979 68 36
0.82192 73 33
0.82192 70 33
0.82192 66 33
0.29221 68 30
0.29221 65 30
0.09740 0 0
0.19481 68 37
0.19481 65 37
0.19481 62 37
0.80000 66 39
0.80000 63 39
0.38462 75 36
0.38462 66 36
0.19231 77 39
0.19231 68 39
0.19231 75 37
0.19231 66 37
0.80000 73 38
0.80000 65 38
0.30822 68 31
0.30822 65 31
0.10274 0 0
0.18750 65 36
0.18750 68 36
0.78431 70 32
0.78431 66 32
0.28302 68 30
0.28302 65 30
0.09434 0 0
0.18868 65 36
0.21583 68 36
0.78947 73 32
0.78947 70 32
0.78947 66 32
0.28302 68 28
0.28302 65 28
0.09434 0 0
0.18868 68 37
0.18868 65 37
0.18868 62 37
0.56604 66 39
0.56604 63 39
0.18405 75 36
0.18405 66 36
0.18405 77 37
0.18405 68 37
0.18405 75 36
0.18405 66 36
0.18405 73 37
0.18405 65 37
0.18405 75 37
0.18405 66 37
1.25000 73 40
1.25000 65 40
0.20000 56 43
0.20000 60 43
0.81633 61 47
0.81633 56 47
0.81633 52 47
0.38961 60 38
0.38961 56 38
0.38961 51 38
0.19737 56 48
0.19737 60 48
0.81081 61 53
0.81081 64 53
0.81081 56 53
0.38217 60 45
0.38217 63 45
0.38217 56 45
0.20134 63 53
0.20134 60 53
0.20134 69 53
1.05263 68 56
1.05263 64 56
1.05263 61 56
0.61856 68 38
0.61856 63 38
0.61856 60 38
0.35714 69 27
0.35714 71 27
0.71429 63 25
0.71429 59 25
1.89474 68 26
1.89474 64 24
1.89474 59 24
0.19907 65 32
0.21739 68 32
0.83998 70 27
0.83998 66 23
0.29221 68 25
0.29221 65 21
0.09740 0 0
0.19481 65 32
0.20833 68 32
0.81081 73 30
0.81081 70 25
0.81081 66 25
0.27778 68 24
0.27778 65 20
0.09259 0 0
0.18519 68 33
0.18519 65 28
0.18519 62 33
0.76923 66 38
0.76923 63 32
0.38462 75 31
0.38462 66 26
0.19108 77 37
0.19108 68 31
0.19108 75 33
0.19108 66 28
0.78947 73 40
0.78947 65 34
0.28662 68 30
0.28662 65 25
0.09554 0 0
0.19108 65 32
0.20000 68 32
0.77922 70 31
0.77922 66 26
0.28302 68 30
0.28302 65 25
0.09434 0 0
0.18868 65 32
0.20000 68 32
0.77419 73 31
0.77419 70 26
0.77419 66 26
0.27778 68 26
0.27778 65 22
0.09259 0 0
0.18519 68 33
0.18519 65 28
0.19737 62 33
0.57692 66 40
0.57692 63 34
0.18072 75 32
0.18072 66 27
0.18072 77 33
0.18072 68 28
0.18072 75 32
0.18072 66 27
0.18072 73 33
0.18072 65 28
0.18072 75 33
0.18072 66 28
1.27732 73 36
1.27732 65 30
0.19526 56 36
0.19526 60 36
0.80678 61 39
0.80678 56 36
0.80678 52 36
0.39052 60 31
0.39052 56 29
0.39052 51 29
0.19526 56 39
0.19526 60 39
0.79470 61 40
0.79470 64 44
0.79470 56 40
0.39052 60 34
0.39052 63 37
0.39052 56 34
0.19526 63 44
0.19526 60 40
0.19526 69 44
1.00840 68 48
1.00840 64 44
1.00840 61 44
0.59406 68 38
0.59406 63 35
0.59406 60 35
0.40000 69 26
0.40000 71 26
0.80000 63 24
0.80000 59 24
1.32353 68 26
1.32353 64 24
1.32353 59 24
0.18519 68 47
0.18519 69 47
0.37037 64 47
0.37037 59 47
0.74074 66 51
0.74074 63 51
0.74074 59 51
0.35088 68 44
0.35088 64 44
0.35088 59 44
0.17544 68 49
0.17544 69 49
0.35088 64 49
0.35088 59 49
0.71856 66 53
0.71856 63 53
0.71856 59 53
0.34286 68 48
0.34286 64 48
0.34286 59 48
0.17143 66 53
0.17143 68 53
0.34286 63 53
0.34286 59 53
0.71429 64 56
0.71429 61 56
0.71429 56 56
0.34091 66 60
0.34091 61 60
0.34091 57 60
0.17341 63 56
0.17341 66 56
0.34682 57 56
0.66265 64 52
0.66265 56 52
0.06024 0 0
0.34286 76 45
0.34286 68 45
0.17143 76 48
0.17143 80 48
0.34286 69 48
0.70588 78 51
0.70588 69 51
0.34091 69 47
0.34091 66 47
0.17045 68 53
0.17045 64 53
0.17045 69 53
0.17045 66 53
0.69767 71 54
0.69767 68 54
0.33708 76 48
0.33708 68 48
0.16854 76 54
0.16854 80 54
0.33708 69 54
0.68571 78 55
0.68571 69 55
0.33333 69 51
0.33333 75 51
0.16667 76 51
0.16667 68 51
0.16667 73 51
0.16667 69 51
0.68965 71 50
0.68965 68 50
0.34483 64 47
0.34483 68 47
0.34483 59 47
0.17241 68 60
0.17241 69 60
0.34483 64 60
0.34483 59 60
0.70175 66 65
0.70175 63 65
0.70175 59 65
0.34091 68 55
0.34091 64 55
0.34091 59 55
0.17045 68 62
0.17045 69 62
0.34091 64 62
0.34091 59 62
0.69767 66 67
0.69767 63 67
0.69767 59 67
0.34884 68 61
0.34884 64 61
0.34884 59 61
0.19481 66 67
0.19481 68 67
0.38961 63 67
0.38961 59 67
0.79978 64 72
0.79978 61 72
0.79978 56 72
0.20068 63 72
0.20479 61 70
0.20907 60 72
0.21513 63 70
0.87302 61 66
0.07937 0 0
0.44444 73 40
0.44444 65 40
0.22222 74 42
0.22222 77 42
0.44444 66 42
0.81081 75 40
0.81081 66 40
0.38961 66 34
0.38961 63 34
0.19481 65 37
0.19481 66 37
0.19481 63 37
0.80000 68 40
0.80000 65 40
0.38961 65 38
0.38961 73 38
0.19481 74 40
0.19481 77 40
0.38961 66 40
0.81081 75 38
0.81081 66 38
0.46512 77 32
0.46512 71 32
0.28302 77 35
0.28302 80 35
0.56604 72 35
2.57143 78 32
2.57143 72 32
0.20270 65 31
0.21898 68 31
0.83916 70 29
0.83916 66 27
0.30000 68 27
0.30000 65 25
0.10000 0 0
0.19481 65 31
0.19481 68 31
0.83916 73 28
0.83916 70 26
0.83916 66 26
0.29221 68 26
0.29221 65 24
0.09740 0 0
0.18868 68 33
0.18868 65 30
0.18868 62 33
0.77922 66 34
0.77922 63 31
0.37975 75 31
0.37975 66 29
0.18987 77 36
0.18987 68 33
0.18987 75 33
0.18987 66 30
0.79470 73 35
0.79470 65 32
0.29221 68 29
0.29221 65 27
0.09740 0 0
0.19481 65 31
0.19481 68 31
0.80537 70 28
0.80537 66 26
0.29221 68 28
0.29221 65 26
0.09740 0 0
0.19481 65 31
0.19481 68 31
0.80000 73 29
0.80000 70 27
0.80000 66 27
0.28662 68 26
0.28662 65 24
0.09554 0 0
0.19108 68 33
0.19108 65 30
0.19108 62 33
0.60000 66 39
0.60000 63 36
0.18405 75 31
0.18405 66 29
0.18405 77 33
0.18405 68 30
0.18405 75 31
0.18405 66 29
0.18405 73 33
0.18405 65 30
0.18405 75 33
0.18405 66 30
1.56522 73 35
1.56522 65 32
3.06887 0 0
0.23622 57 42
0.23622 60 42
0.23622 66 42
0.86956 65 46
0.86956 61 46
0.86956 58 46
0.50000 65 36
0.50000 60 36
0.50000 57 36
0.32258 66 27
0.32258 68 27
0.64516 60 25
0.64516 56 25
1.29032 0 0
0.35928 64 47
0.35928 68 47
1.64960 65 27
1.64960 56 25
1.64960 61 25
0.35928 59 47
0.02395 59 47
0.17964 68 47
0.17964 69 47
0.35928 64 47
0.74074 66 51
0.74074 63 51
0.74074 59 51
0.35088 68 44
0.35088 64 44
0.35088 59 44
0.17544 68 49
0.17544 69 49
0.35088 64 49
0.35088 59 49
0.71856 66 53
0.71856 63 53
0.71856 59 53
0.34286 68 48
0.34286 64 48
0.34286 59 48
0.17143 66 53
0.17143 68 53
0.34286 63 53
0.34286 59 53
0.71429 64 56
0.71429 61 56
0.71429 56 56
0.34091 66 60
0.34091 61 60
0.34091 57 60
0.17341 63 56
0.17341 66 56
0.34682 57 56
0.66265 64 52
0.66265 56 52
0.06024 0 0
0.33898 76 45
0.33898 68 45
0.16949 76 48
0.16949 80 48
0.33898 69 48
0.70588 78 51
0.70588 69 51
0.33520 69 47
0.33520 66 47
0.16760 68 53
0.16760 69 53
0.16760 66 53
0.68571 71 54
0.68571 68 54
0.32787 76 48
0.32787 68 48
0.16393 76 54
0.16393 80 54
0.32787 69 54
0.66298 78 55
0.66298 69 55
0.32609 69 51
0.32609 75 51
0.16304 76 51
0.16304 68 51
0.16304 73 51
0.16304 69 51
0.68965 71 50
0.68965 68 50
0.34483 64 47
0.34483 68 47
0.34483 59 47
0.17241 68 67
0.17241 69 67
0.34483 64 67
0.34483 59 67
0.70175 66 73
0.70175 63 73
0.70175 59 73
0.34091 68 62
0.34091 64 62
0.34091 59 62
0.17045 68 69
0.17045 69 69
0.34091 64 69
0.34091 59 69
0.69767 66 75
0.69767 63 75
0.69767 59 75
0.34884 68 68
0.34884 64 68
0.34884 59 68
0.19481 66 75
0.19481 68 75
0.38961 63 75
0.38961 59 75
0.80115 64 80
0.80115 61 80
0.80115 56 80
0.20834 63 81
0.21277 61 78
0.21662 60 80
0.22141 63 78
0.94828 61 74
0.08621 0 0
0.45455 73 40
0.45455 65 40
0.22727 74 42
0.22727 77 42
0.45455 66 42
0.81081 75 40
0.81081 66 40
0.38961 66 34
0.38961 63 34
0.19481 65 37
0.19481 66 37
0.19481 63 37
0.80000 68 40
0.80000 65 40
0.38961 65 38
0.38961 73 38
0.19481 74 40
0.19481 77 40
0.38961 66 40
0.81081 75 38
0.81081 66 38
0.49180 77 32
0.49180 71 32
0.28302 77 35
0.28302 80 35
0.56604 72 35
2.57143 78 32
2.57143 72 32
0.20270 65 31
0.20690 68 31
0.83916 70 28
0.83916 66 26
0.30000 68 27
0.30000 65 25
0.10000 0 0
0.19481 65 31
0.19481 68 31
0.83916 73 30
0.83916 70 28
0.83916 66 28
0.28481 68 26
0.28481 65 24
0.09494 0 0
0.19481 68 33
0.19481 65 30
0.19481 62 33
0.77922 66 34
0.77922 63 31
0.37975 75 31
0.37975 66 29
0.18519 77 36
0.18519 68 33
0.18519 75 33
0.18519 66 30
0.79470 73 35
0.79470 65 32
0.29221 68 29
0.29221 65 27
0.09740 0 0
0.19481 65 31
0.19481 68 31
0.80537 70 27
0.80537 66 25
0.29221 68 28
0.29221 65 26
0.09740 0 0
0.19481 65 31
0.19481 68 31
0.80000 73 28
0.80000 70 26
0.80000 66 26
0.28662 68 26
0.28662 65 24
0.09554 0 0
0.19108 68 33
0.19108 65 30
0.19108 62 33
0.60000 66 39
0.60000 63 36
0.18634 75 31
0.18634 66 29
0.18634 77 33
0.18634 68 30
0.18634 75 31
0.18634 66 29
0.18634 73 33
0.18634 65 30
0.18634 75 33
0.18634 66 30
1.65138 73 35
1.65138 65 32
3.06887 0 0
0.25641 57 29
0.25641 60 29
0.25641 66 29
0.93023 65 33
0.93023 61 33
0.93023 58 33
0.60000 65 28
0.60000 60 24
0.60000 57 24
0.42254 66 22
0.42254 68 22
0.84507 60 18
0.84507 56 18
2.92683 0 0
0.30000 68 60
3.22683 56 18
3.22683 61 18
3.22683 65 22
0.15000 64 66
0.14530 61 60
0.14603 64 60
0.14680 68 60
0.14753 64 64
0.14485 61 60
0.14519 64 60
0.14612 69 60
0.14694 63 63
0.14530 60 60
0.14603 63 60
0.14675 69 60
0.14751 63 63
0.14507 60 60
0.14554 63 60
0.14601 68 60
0.14659 68 66
0.14473 64 63
0.14556 68 63
0.14640 76 63
0.14727 68 66
0.14507 64 63
0.14554 68 63
0.14612 73 63
0.14670 69 67
0.14438 68 60
0.14507 66 61
0.14577 73 62
0.14647 72 68
0.14692 66 65
0.14589 68 66
0.14674 72 67
0.14763 73 72
0.14491 64 63
0.14565 68 65
0.14637 73 67
0.14712 76 69
0.14443 68 64
0.14516 76 66
0.14613 80 68
0.14854 76 73
0.14606 69 64
0.14606 76 66
0.14606 80 68
0.14606 74 70
0.14606 78 67
0.14606 73 70
0.14606 76 67
0.14491 72 68
0.14570 75 65
0.14647 73 67
0.14725 76 65
0.14804 75 68
0.14884 78 64
0.14977 72 69
0.15397 75 64
0.14624 76 68
0.14725 73 67
0.14850 71 66
0.14954 69 64
0.15070 68 63
0.15200 66 62
0.15309 64 60
0.15431 63 59
0.15700 64 62
0.14841 61 57
0.14889 64 57
0.14937 68 57
0.14949 64 60
0.14783 61 57
0.14853 64 57
0.14914 69 57
0.14914 63 59
0.14783 59 57
0.14865 63 57
0.14949 69 57
0.15032 63 59
0.14841 59 57
0.14889 63 57
0.14949 68 57
0.15009 68 62
0.14771 61 59
0.14841 68 59
0.14914 73 59
0.14997 66 62
0.14841 63 59
0.14889 66 59
0.14937 73 59
0.14997 68 63
0.14713 64 59
0.14794 68 59
0.14889 73 59
0.14771 68 62
0.14830 64 60
0.14889 68 60
0.14949 71 60
0.15020 67 68
0.14825 64 59
0.14900 67 61
0.14973 70 63
0.15050 76 65
0.14776 70 60
0.14850 76 62
0.14949 79 64
0.14771 75 64
0.14830 79 62
0.14889 75 63
0.14949 78 61
0.15020 69 62
0.15081 76 61
0.15142 69 62
0.15216 75 60
0.15278 69 59
0.15353 78 56
0.15416 68 59
0.15480 76 56
0.15558 64 58
0.15623 73 55
0.15688 61 57
0.15744 69 55
0.15776 59 57
0.15680 68 55
0.15585 64 57
0.15504 71 56
0.15411 59 57
0.15319 69 56
0.15228 63 57
0.15139 71 56
0.15050 0 0
0.14963 63 54
0.14925 59 54
0.44938 69 57
0.14925 69 57
0.15000 68 57
0.14927 64 53
0.14754 68 55
0.14903 69 57
0.15228 71 59
0.15306 68 50
0.15385 71 53
0.15385 80 46
0.15075 71 49
0.15075 78 44
0.15075 72 49
0.15075 76 46
0.16162 73 53
0.15765 64 56
0.15815 73 54
0.15865 76 55
0.15915 71 59
0.15703 75 54
0.15790 69 57
0.15877 73 54
0.15966 68 57
0.15765 59 54
0.15815 68 54
0.15865 71 54
0.15915 64 57
0.15765 58 51
0.15840 64 52
0.15915 73 52
0.16410 66 54
0.16176 57 49
0.16176 66 49
0.16176 71 49
0.16176 66 53
0.16176 57 48
0.16176 66 48
0.16176 71 48
0.15477 64 48
0.15477 56 44
0.15477 64 44
0.15477 68 44
0.61907 0 0
0.15477 63 48
0.15477 57 43
0.15477 63 43
0.15477 71 43
0.61907 0 0
0.15671 64 48
0.15671 56 45
0.15671 64 45
0.15671 68 45
0.15696 68 44
0.15798 71 49
0.15900 76 53
0.17435 80 58
0.15740 0 0
0.15740 68 46
0.31480 80 62
0.15740 0 0
0.15740 68 47
0.31480 76 56
0.15740 0 0
0.15740 68 44
0.31480 75 53
0.15740 0 0
0.15740 68 44
0.31480 74 50
0.15272 73 48
0.15272 61 43
0.15272 69 43
0.15272 73 43
0.61087 0 0
0.15272 68 48
0.15272 62 42
0.15272 68 42
0.15272 76 42
0.61087 0 0
0.15272 69 48
0.15272 61 42
0.15272 69 42
0.15272 73 43
0.15224 73 43
0.15346 76 48
0.15469 81 53
0.17819 85 59
0.15526 85 64
0.15526 73 56
0.15526 81 61
0.15526 73 56
0.15526 80 61
0.15526 76 56
0.15526 78 61
0.15526 75 55
0.16195 76 66
0.16195 68 66
0.16195 64 66
0.16483 68 61
0.16627 66 61
0.16804 68 61
0.16954 64 58
0.17122 68 62
0.17294 63 66
0.17403 68 69
0.15858 64 80
0.15858 61 74
0.15858 64 74
0.15858 68 74
0.15858 64 78
0.15858 61 74
0.15291 64 74
0.15343 69 74
0.15395 63 76
0.15461 60 74
0.15528 63 74
0.15595 69 74
0.15650 63 76
0.15720 60 74
0.15213 63 74
0.15278 68 74
0.15356 68 80
0.15422 64 76
0.15501 68 76
0.15568 76 76
0.15650 68 80
0.15706 64 76
0.15213 68 76
0.15291 73 76
0.15369 69 82
0.15461 68 74
0.15541 66 75
0.15623 73 76
0.15706 72 83
0.15788 63 79
0.15213 68 80
0.15291 72 82
0.15369 73 88
0.15461 68 76
0.15541 73 79
0.15623 76 82
0.15706 76 84
0.15816 68 82
0.15291 76 86
0.15369 80 90
0.15461 76 93
0.15541 69 90
0.15623 76 88
0.15720 80 85
0.15802 74 86
0.15900 78 82
0.15213 73 86
0.15213 76 82
0.15291 72 83
0.15304 75 79
0.15369 73 82
0.15382 76 76
0.15448 75 81
0.15475 78 75
0.15528 72 79
0.15528 75 72
0.15291 76 79
0.15382 73 74
0.15475 71 69
0.15555 69 65
0.15650 68 61
0.15747 66 57
0.15830 64 53
0.15928 63 48
0.16540 64 42
0.15491 61 45
0.15635 64 45
0.15768 68 45
0.15930 64 48
0.15556 61 45
0.15648 64 45
0.15741 69 45
0.15835 63 47
0.15465 59 45
0.15556 63 45
0.15648 69 45
0.15741 63 47
0.15556 59 45
0.15648 63 45
0.15754 68 45
0.15862 68 49
0.15478 61 47
0.15569 68 47
0.15674 73 47
0.15781 66 49
0.15542 63 47
0.15635 66 47
0.15714 73 47
0.15655 68 50
0.15478 64 47
0.15582 68 47
0.15674 73 47
0.15808 68 49
0.15478 64 48
0.15569 68 48
0.15674 71 48
0.15781 67 54
0.15504 64 47
0.15661 67 48
0.15821 70 50
0.15998 76 52
0.15491 70 48
0.15595 76 49
0.15727 79 51
0.15835 75 51
0.15388 79 49
0.15453 75 50
0.15530 78 48
0.15609 69 49
0.15687 76 48
0.15768 69 49
0.15848 75 48
0.15930 69 47
0.15998 78 44
0.16082 68 47
0.16166 76 44
0.16251 64 46
0.16336 73 44
0.16423 61 45
0.16511 69 44
0.15789 59 45
0.15789 68 44
0.15789 64 45
0.15789 71 44
0.15853 59 45
0.15803 69 44
0.15680 63 45
0.15585 71 44
0.15491 0 0
0.15385 63 43
0.15385 59 43
0.46260 69 45
0.15464 69 45
0.15504 68 45
0.15558 59 42
0.15357 64 44
0.15345 66 45
0.15459 68 47
0.15301 64 43
0.15387 68 45
0.15435 76 44
0.15738 68 47
0.15738 75 44
0.15738 68 48
0.15738 73 44
0.15839 69 48
0.15388 61 44
0.15437 69 46
0.15486 73 46
0.15534 68 47
0.15326 71 43
0.15413 66 45
0.15498 69 43
0.17808 64 45
0.17581 56 43
0.17639 64 43
0.17696 68 43
0.17751 61 45
0.17581 55 40
0.17668 61 41
0.17751 69 41
0.19033 63 43
0.18759 54 39
0.18759 63 39
0.18759 68 39
0.18759 63 42
0.18759 54 38
0.18759 63 38
0.18759 68 38
0.17581 61 38
0.17581 52 35
0.17581 61 35
0.17581 64 35
0.70324 0 0
0.17581 61 38
0.17581 52 34
0.17581 61 34
0.17581 64 34
0.70324 0 0
0.15464 62 38
0.15464 57 36
0.15464 62 36
0.15464 66 36
0.15423 66 35
0.15585 69 39
0.15707 74 42
0.16840 78 46
0.16854 0 0
0.16854 74 36
0.33708 81 49
0.16854 69 37
0.16854 71 37
0.33708 78 44
0.16854 73 35
0.16854 68 35
0.33708 76 42
0.16854 72 35
0.16854 68 35
0.33708 75 40
0.15789 73 38
0.15789 64 34
0.15789 73 34
0.15789 76 34
0.63158 0 0
0.15789 73 38
0.15789 64 33
0.15789 73 33
0.15789 76 33
0.63158 0 0
0.15152 74 38
0.15152 69 39
0.15152 74 44
0.15152 78 49
0.15190 81 55
0.15332 78 53
0.15477 74 50
0.17293 69 47
0.16760 68 44
0.16760 76 43
0.16760 64 47
0.16760 73 42
0.17241 66 46
0.17241 75 41
0.17241 63 44
0.17241 72 40
0.19108 64 46
0.19108 73 37
0.19108 64 37
0.19108 61 37
0.19108 68 30
0.24194 66 32
0.24194 63 32
0.24194 68 26
0.26521 63 28
0.26521 60 28
0.30213 68 24
1.95122 0 0
0.23810 65 25
0.23810 68 25
1.00000 70 21
1.00000 66 18
0.54054 68 19
0.54054 65 16
0.27027 65 25
0.35714 68 25
1.33197 73 24
1.33197 70 20
1.33197 66 20
1.50000 68 22
1.50000 65 16
3.00000 68 21
3.00000 65 17
#  Piano left
1.17390 0 0
0.14790 49 54
0.14530 0 0
0.14603 56 50
0.14677 0 0
0.14753 49 54
0.14485 0 0
0.14519 57 50
0.14612 0 0
0.14694 48 54
0.14530 0 0
0.14603 57 51
0.14675 0 0
0.14751 48 54
0.14507 0 0
0.14554 56 50
0.14601 0 0
0.14659 49 55
0.14473 0 0
0.14556 56 51
0.14640 0 0
0.14727 52 55
0.14507 0 0
0.14554 56 52
0.14612 0 0
0.14670 51 56
0.14438 0 0
0.14507 57 52
0.14577 0 0
0.14647 51 55
0.14692 0 0
0.14589 56 52
0.14674 0 0
0.14763 49 56
0.14491 0 0
0.14565 61 50
0.14637 0 0
0.14712 49 55
0.14443 0 0
0.14516 59 51
0.14613 0 0
0.14854 54 57
0.14606 0 0
0.14606 57 56
0.14606 0 0
0.14606 54 57
0.14606 0 0
0.14606 57 54
0.14606 0 0
0.14491 45 58
0.14570 0 0
0.14647 54 54
0.14725 0 0
0.14804 44 56
0.14884 0 0
0.14977 56 54
0.15397 0 0
0.14624 49 54
0.14725 0 0
0.14850 51 54
0.14954 0 0
0.15070 52 55
0.15200 0 0
0.15309 56 56
0.15431 0 0
0.15700 49 51
0.14841 0 0
0.14889 56 47
0.14937 0 0
0.14949 49 51
0.14783 0 0
0.14853 57 47
0.14913 0 0
0.14914 47 51
0.14783 0 0
0.14865 57 48
0.14949 0 0
0.15032 47 51
0.14841 0 0
0.14889 56 47
0.14949 0 0
0.15009 52 52
0.14771 0 0
0.14841 56 48
0.14913 0 0
0.14997 45 52
0.14841 0 0
0.14889 57 49
0.14937 0 0
0.14997 44 51
0.14713 0 0
0.14794 59 49
0.14889 0 0
0.14771 56 52
0.14830 0 0
0.14889 59 49
0.14949 0 0
0.15020 49 52
0.14825 0 0
0.14900 52 47
0.14973 0 0
0.15050 48 52
0.14776 0 0
0.14850 58 44
0.14949 0 0
0.14771 47 48
0.14830 0 0
0.14889 59 45
0.14949 0 0
0.15020 48 48
0.15081 0 0
0.15142 54 43
0.15216 0 0
0.15278 49 45
0.15353 0 0
0.15416 52 39
0.15480 0 0
0.15558 45 46
0.15623 0 0
0.15688 54 40
0.15730 0 0
0.15707 47 46
0.15612 0 0
0.15517 56 43
0.15437 0 0
0.15345 47 45
0.15254 0 0
0.15164 57 41
0.15088 0 0
0.14988 47 46
0.14901 0 0
0.14913 54 39
0.14925 0 0
0.14925 52 47
0.14863 0 0
0.14674 54 41
0.14834 0 0
0.15228 56 45
0.15306 0 0
0.15385 59 36
0.15385 0 0
0.15075 56 34
0.15075 0 0
0.15075 64 31
0.15075 0 0
0.16162 57 45
0.15765 0 0
0.15815 45 40
0.15865 0 0
0.15915 47 41
0.15703 0 0
0.15790 49 42
0.15877 0 0
0.15966 47 45
0.15765 0 0
0.15815 52 39
0.15865 0 0
0.15915 47 43
0.15765 0 0
0.15839 55 41
0.15915 0 0
0.16410 47 41
0.16176 0 0
0.16176 52 39
0.16176 0 0
0.16176 47 41
0.16176 0 0
0.16176 51 37
0.16176 0 0
0.30953 52 48
0.30953 0 0
0.15477 47 48
0.15477 40 44
0.15477 47 44
0.15477 52 45
0.61907 0 0
0.15477 47 48
0.15477 40 44
0.15477 47 44
0.15477 54 44
0.62683 0 0
0.15696 52 46
0.15798 56 47
0.15900 59 52
0.17435 64 56
0.31480 64 58
0.31480 61 55
0.31480 60 52
0.31480 59 49
0.30544 57 46
0.30544 0 0
0.15272 52 48
0.15272 45 44
0.15272 52 44
0.15272 57 44
0.61087 0 0
0.15272 52 48
0.15272 45 41
0.15272 52 41
0.15272 59 41
0.61087 0 0
0.15224 57 44
0.15346 61 49
0.15469 64 54
0.17819 69 59
0.31053 69 62
0.31053 66 51
0.31053 71 51
0.31053 59 51
0.31053 69 51
0.32679 0 0
0.33431 54 62
0.34075 52 71
0.34697 51 78
1.02203 56 62
0.15858 49 85
0.15858 0 0
0.15858 48 77
0.15858 0 0
0.15858 49 76
0.15858 0 0
0.15291 52 76
0.15343 0 0
0.15395 48 82
0.15461 0 0
0.15528 51 76
0.15595 0 0
0.15650 56 76
0.15720 0 0
0.15213 48 76
0.15278 0 0
0.15356 49 80
0.15422 0 0
0.15501 51 76
0.15568 0 0
0.15650 52 76
0.15706 0 0
0.15213 49 76
0.15291 0 0
0.15369 51 76
0.15461 0 0
0.15541 57 83
0.15623 0 0
0.15706 56 81
0.15788 0 0
0.15213 54 76
0.15291 0 0
0.15369 52 74
0.15461 0 0
0.15541 51 76
0.15623 0 0
0.15706 49 79
0.15816 0 0
0.15291 47 80
0.15369 0 0
0.15461 45 84
0.15541 0 0
0.07804 42 78
0.07818 0 0
0.07846 44 78
0.07874 0 0
0.15802 45 83
0.15900 0 0
0.15213 42 79
0.15213 0 0
0.15291 44 85
0.15304 0 0
0.07684 42 80
0.07684 0 0
0.07684 40 80
0.07698 0 0
0.15448 39 85
0.15475 0 0
0.15528 44 80
0.15528 0 0
0.15291 37 88
0.15382 0 0
0.31030 44 70
0.31397 46 58
0.31758 48 48
0.32031 49 40
0.31402 52 37
0.31486 51 38
0.31389 49 37
0.31300 47 40
0.31204 51 38
0.31296 56 40
0.31402 47 37
0.31340 45 41
0.31243 49 38
0.31323 47 38
0.31349 45 39
0.31133 44 40
0.31256 47 39
0.31286 52 41
0.31243 44 39
0.31285 40 41
0.15661 52 37
0.15821 51 37
0.31490 49 36
0.31323 48 38
0.31222 47 43
0.30982 54 39
0.31296 59 47
0.31616 47 34
0.31929 48 36
0.32247 49 31
0.32587 44 36
0.32934 45 32
0.31579 47 36
0.31579 56 34
0.31504 47 36
0.30964 57 32
0.30511 47 36
0.30755 54 31
0.31149 52 37
0.15373 49 32
0.15345 51 32
0.30760 52 36
0.30822 56 33
0.31476 53 36
0.31476 61 33
0.31227 54 36
0.30924 42 32
0.30861 44 32
0.30911 45 33
0.35389 44 36
0.35335 49 31
0.35332 44 34
0.35419 52 32
0.37792 44 32
0.37519 49 31
0.37519 44 32
0.37519 48 29
0.35162 49 38
0.35162 0 0
0.17581 44 38
0.17581 37 35
0.17581 44 35
0.17581 49 36
0.35162 45 38
0.35162 0 0
0.17581 40 38
0.17581 33 35
0.17581 40 35
0.17581 45 35
0.30272 42 38
0.30272 0 0
0.15161 50 36
0.15258 54 37
0.15355 57 41
0.16840 62 44
0.33708 66 46
0.33708 62 44
0.33708 54 44
0.33708 64 41
0.33708 56 41
0.33708 66 39
0.33708 56 39
0.14850 64 36
0.30992 61 36
0.30992 0 0
0.15496 56 38
0.15496 49 35
0.15496 56 35
0.15496 61 35
0.30992 57 36
0.30992 0 0
0.15496 52 38
0.15496 45 32
0.15496 52 32
0.15496 57 32
0.29644 54 38
0.14822 57 41
0.14822 62 47
0.14776 66 53
0.14894 62 50
0.15013 57 48
0.17293 54 46
0.32787 56 44
0.32787 56 40
0.32787 56 40
0.32787 56 40
0.37500 56 39
0.37500 44 37
0.41113 44 32
0.44053 44 29
1.95122 0 0
0.40909 61 22
0.40909 56 22
0.40909 49 22
0.82192 61 20
0.82192 56 20
0.82192 49 20
0.29221 61 18
0.29221 56 18
0.29221 49 18
0.09740 0 0
0.40460 61 19
0.40460 56 19
0.40460 49 19
0.82192 61 20
0.82192 56 20
0.82192 49 20
0.29221 61 18
0.29221 56 18
0.29221 49 18
0.09740 0 0
0.38961 60 19
0.38961 56 19
0.80000 60 19
0.80000 56 19
0.38462 60 25
0.38462 56 25
0.38462 61 25
0.38462 56 25
0.38462 49 25
0.80000 61 26
0.80000 56 26
0.80000 49 26
0.30822 61 22
0.30822 56 22
0.30822 49 22
0.10274 0 0
0.37500 61 22
0.37500 56 22
0.37500 49 22
0.78431 61 21
0.78431 56 21
0.78431 49 21
0.28302 61 21
0.28302 56 21
0.28302 49 21
0.09434 0 0
0.40451 61 23
0.40451 56 23
0.40451 49 23
0.78947 61 21
0.78947 56 21
0.78947 49 21
0.28302 61 19
0.28302 56 19
0.28302 49 19
0.09434 0 0
0.37736 60 25
0.37736 56 25
0.75009 60 28
0.75009 56 28
0.36810 60 24
0.36810 56 24
0.36810 61 25
0.36810 56 25
0.36810 49 25
1.24653 56 25
1.25000 61 25
1.25000 49 25
0.40000 44 40
0.40000 32 40
0.81633 44 42
0.81633 37 42
0.38961 44 36
0.38961 32 36
0.39474 44 37
0.39474 32 37
0.81081 44 45
0.81081 37 45
0.38217 44 40
0.38217 32 40
0.40268 44 46
0.40268 32 46
1.05263 44 49
1.05263 37 49
0.61856 44 36
0.61856 32 36
0.71429 47 21
0.71429 42 21
1.89474 47 21
1.89474 40 21
0.41646 61 18
0.41646 56 18
0.41646 49 18
0.83998 61 18
0.83998 56 18
0.83998 49 18
0.29221 61 15
0.29221 56 15
0.29221 49 15
0.09740 0 0
0.40314 61 18
0.40314 56 18
0.40314 49 18
0.81081 61 18
0.81081 56 18
0.81081 49 18
0.27778 61 15
0.27778 56 15
0.27778 49 15
0.09259 0 0
0.37037 60 18
0.37037 56 18
0.76923 60 18
0.76923 56 18
0.38462 60 18
0.38462 56 18
0.38217 61 20
0.38217 56 20
0.38217 49 20
0.78947 61 21
0.78947 56 21
0.78947 49 21
0.28662 61 18
0.28662 56 18
0.28662 49 18
0.09554 0 0
0.39108 61 18
0.39108 56 18
0.39108 49 18
0.77922 61 18
0.77922 56 18
0.77922 49 18
0.28302 61 18
0.28302 56 18
0.28302 49 18
0.09434 0 0
0.38868 61 18
0.38868 56 18
0.38868 49 18
0.77419 61 18
0.77419 56 18
0.77419 49 18
0.27778 61 17
0.27778 56 17
0.27778 49 17
0.09259 0 0
0.38255 60 20
0.38255 56 20
0.75765 60 22
0.75765 56 22
0.36145 60 19
0.36145 56 19
0.36145 61 20
0.36145 56 20
0.36145 49 20
1.27377 56 21
1.27732 61 21
1.27732 49 21
0.39052 44 30
0.39052 32 30
0.80678 44 32
0.80678 37 32
0.39052 44 27
0.39052 32 27
0.39052 44 30
0.39052 32 30
0.79470 44 34
0.79470 37 34
0.39052 44 30
0.39052 32 30
0.39052 44 34
0.39052 32 34
1.00840 44 36
1.00840 37 36
0.59406 44 31
0.59406 32 31
0.80000 47 19
0.80000 42 19
1.32353 47 19
1.32353 40 19
0.37037 52 45
0.37037 40 45
0.74074 47 48
0.74074 35 48
0.35088 52 46
0.35088 40 46
0.35088 52 50
0.35088 40 50
0.71856 47 53
0.71856 35 53
0.34286 52 50
0.34286 40 50
0.34286 47 54
0.34286 35 54
0.71429 49 58
0.71429 37 58
0.34091 45 60
0.34091 33 60
0.34682 47 57
0.34682 35 57
0.66265 47 54
0.66265 40 54
0.06024 0 0
0.34286 59 45
0.34286 59 39
0.34286 63 39
0.70588 63 48
0.70588 59 48
0.34091 63 48
0.34091 59 48
0.34091 59 53
0.34091 64 53
0.69767 64 54
0.69767 59 54
0.33708 64 47
0.33708 59 47
0.33708 59 51
0.33708 63 51
0.68571 63 54
0.68571 59 54
0.33333 66 51
0.33333 59 51
0.33333 52 53
0.33333 59 53
0.33333 64 53
0.68678 64 53
0.68678 59 53
0.68965 52 53
0.34483 52 47
0.34483 40 47
0.34483 52 56
0.34483 40 56
0.70175 47 61
0.70175 35 61
0.34091 52 59
0.34091 40 59
0.34091 52 64
0.34091 40 64
0.69767 47 67
0.69767 35 67
0.34884 52 64
0.34884 40 64
0.38961 47 69
0.38961 35 69
0.79978 49 73
0.79978 37 73
0.40546 42 61
0.40546 57 72
0.40546 54 61
0.40546 30 61
0.42420 44 61
0.42420 32 61
0.42420 54 72
0.87302 44 58
0.87302 37 58
0.87302 53 69
0.07937 0 0
0.44444 61 28
0.44444 56 28
0.44444 56 29
0.44444 60 29
0.81081 56 28
0.81081 60 28
0.38961 56 24
0.38961 60 24
0.38961 56 26
0.38961 61 26
0.80000 56 28
0.80000 61 28
0.38961 56 26
0.38961 61 26
0.38961 56 28
0.38961 60 28
0.81081 56 25
0.81081 60 25
0.46512 56 25
0.46512 62 25
0.56604 56 26
0.56604 63 26
2.57143 56 23
2.57143 63 23
0.42168 61 16
0.42168 56 16
0.42168 49 16
0.83916 61 18
0.83916 56 18
0.83916 49 18
0.30000 61 15
0.30000 56 15
0.30000 49 15
0.10000 0 0
0.38961 61 18
0.38961 56 18
0.38961 49 18
0.83916 61 18
0.83916 56 18
0.83916 49 18
0.29221 61 16
0.29221 56 16
0.29221 49 16
0.09740 0 0
0.37736 60 20
0.37736 56 20
0.77922 60 22
0.77922 56 22
0.37975 60 20
0.37975 56 20
0.37975 61 20
0.37975 56 20
0.37975 49 20
0.79470 61 21
0.79470 56 21
0.79470 49 21
0.29221 61 18
0.29221 56 18
0.29221 49 18
0.09740 0 0
0.38961 61 18
0.38961 56 18
0.38961 49 18
0.80537 61 19
0.80537 56 19
0.80537 49 19
0.29221 61 17
0.29221 56 17
0.29221 49 17
0.09740 0 0
0.38961 61 18
0.38961 56 18
0.38961 49 18
0.80000 61 18
0.80000 56 18
0.80000 49 18
0.28662 61 17
0.28662 56 17
0.28662 49 17
0.09554 0 0
0.38217 60 20
0.38217 56 20
0.78405 60 22
0.78405 56 22
0.36810 60 19
0.36810 56 19
0.36810 61 20
0.36810 56 20
0.36810 49 20
1.56522 61 21
1.56522 56 21
1.56522 49 21
0.18634 53 35
0.18634 57 35
0.37267 41 32
0.37267 29 32
0.77922 41 34
0.77922 58 38
0.77922 49 38
0.77922 53 38
0.77922 34 34
0.37267 41 29
0.37267 57 31
0.37267 48 31
0.37267 53 31
0.37267 29 29
0.18634 53 39
0.18634 57 39
0.37267 41 32
0.37267 29 32
0.78947 41 36
0.78947 53 43
0.78947 61 43
0.78947 58 43
0.78947 34 36
0.37898 57 36
0.37898 60 36
0.38217 29 32
0.38217 53 36
0.38217 41 32
0.47244 41 36
0.47244 29 36
0.86956 41 38
0.86956 34 38
0.50000 41 33
0.50000 29 33
0.64516 44 21
0.64516 39 21
1.29032 0 0
0.35928 52 45
1.64960 37 21
1.64960 44 21
0.35928 40 45
0.35928 52 45
0.35928 40 45
0.74074 47 48
0.74074 35 48
0.35088 52 46
0.35088 40 46
0.35088 52 50
0.35088 40 50
0.71856 47 53
0.71856 35 53
0.34286 52 50
0.34286 40 50
0.34286 47 54
0.34286 35 54
0.71429 49 58
0.71429 37 58
0.34091 45 60
0.34091 33 60
0.34682 47 57
0.34682 35 57
0.66265 47 54
0.66265 40 54
0.06024 0 0
0.33898 59 45
0.33898 59 39
0.33898 63 39
0.70588 63 48
0.70588 59 48
0.33520 63 48
0.33520 59 48
0.33520 59 53
0.33520 64 53
0.68571 64 54
0.68571 59 54
0.32787 64 47
0.32787 59 47
0.32787 59 51
0.32787 63 51
0.66298 63 54
0.66298 59 54
0.32609 66 51
0.32609 59 51
0.32609 52 53
0.32609 59 53
0.32609 64 53
0.68678 64 53
0.68678 59 53
0.68965 52 53
0.34483 52 47
0.34483 40 47
0.34483 52 63
0.34483 40 63
0.70175 47 68
0.70175 35 68
0.34091 52 66
0.34091 40 66
0.34091 52 72
0.34091 40 72
0.69767 47 75
0.69767 35 75
0.34884 52 72
0.34884 40 72
0.38961 47 77
0.38961 35 77
0.80115 49 82
0.80115 37 82
0.42111 42 68
0.42111 57 85
0.42111 54 68
0.42111 30 68
0.43803 44 68
0.43803 32 68
0.43803 54 85
0.94828 44 65
0.94828 37 65
0.94828 53 85
0.08621 0 0
0.45455 61 28
0.45455 56 28
0.45455 56 29
0.45455 60 29
0.81081 56 28
0.81081 60 28
0.38961 56 24
0.38961 60 24
0.38961 56 26
0.38961 61 26
0.80000 56 28
0.80000 61 28
0.38961 56 26
0.38961 61 26
0.38961 56 28
0.38961 60 28
0.81081 56 25
0.81081 60 25
0.49180 56 25
0.49180 62 25
0.56604 56 26
0.56604 63 26
2.57143 56 23
2.57143 63 23
0.40960 61 16
0.40960 56 16
0.40960 49 16
0.83916 61 18
0.83916 56 18
0.83916 49 18
0.30000 61 15
0.30000 56 15
0.30000 49 15
0.10000 0 0
0.38961 61 18
0.38961 56 18
0.38961 49 18
0.83916 61 18
0.83916 56 18
0.83916 49 18
0.28481 61 16
0.28481 56 16
0.28481 49 16
0.09494 0 0
0.38961 60 20
0.38961 56 20
0.77922 60 22
0.77922 56 22
0.37975 60 20
0.37975 56 20
0.37037 61 20
0.37037 56 20
0.37037 49 20
0.79470 61 21
0.79470 56 21
0.79470 49 21
0.29221 61 18
0.29221 56 18
0.29221 49 18
0.09740 0 0
0.38961 61 18
0.38961 56 18
0.38961 49 18
0.80537 61 19
0.80537 56 19
0.80537 49 19
0.29221 61 17
0.29221 56 17
0.29221 49 17
0.09740 0 0
0.38961 61 18
0.38961 56 18
0.38961 49 18
0.80000 61 18
0.80000 56 18
0.80000 49 18
0.28662 61 17
0.28662 56 17
0.28662 49 17
0.09554 0 0
0.38217 60 20
0.38217 56 20
0.78634 60 22
0.78634 56 22
0.37267 60 19
0.37267 56 19
0.37267 61 20
0.37267 56 20
0.37267 49 20
1.65138 61 21
1.65138 56 21
1.65138 49 21
0.18634 53 35
0.18634 57 35
0.37267 41 32
0.37267 29 32
0.77922 41 34
0.77922 58 38
0.77922 49 38
0.77922 53 38
0.77922 34 34
0.37267 41 29
0.37267 57 31
0.37267 48 31
0.37267 53 31
0.37267 29 29
0.18634 53 39
0.18634 57 39
0.37267 41 32
0.37267 29 32
0.78947 41 36
0.78947 53 43
0.78947 61 43
0.78947 58 43
0.78947 34 36
0.37898 57 31
0.37898 60 31
0.37898 53 31
0.38217 29 31
0.38217 41 31
0.51282 41 24
0.51282 29 24
0.93023 41 24
0.93023 34 24
0.60000 41 20
0.60000 29 20
0.84507 44 17
0.84507 39 17
3.22683 44 17
3.22683 37 17
0.15000 49 54
0.14530 0 0
0.14603 56 50
0.14680 0 0
0.14753 49 54
0.14485 0 0
0.14519 57 50
0.14612 0 0
0.14694 48 54
0.14530 0 0
0.14603 57 51
0.14675 0 0
0.14751 48 54
0.14507 0 0
0.14554 56 50
0.14601 0 0
0.14659 49 55
0.14473 0 0
0.14556 56 51
0.14640 0 0
0.14727 52 55
0.14507 0 0
0.14554 56 52
0.14612 0 0
0.14670 51 56
0.14438 0 0
0.14507 57 52
0.14577 0 0
0.14647 51 55
0.14692 0 0
0.14589 56 52
0.14674 0 0
0.14763 49 56
0.14491 0 0
0.14565 61 50
0.14637 0 0
0.14712 49 55
0.14443 0 0
0.14516 59 51
0.14613 0 0
0.14854 54 57
0.14606 0 0
0.14606 57 56
0.14606 0 0
0.14606 54 57
0.14606 0 0
0.14606 57 54
0.14606 0 0
0.14491 45 58
0.14570 0 0
0.14647 54 54
0.14725 0 0
0.14804 44 56
0.14884 0 0
0.14977 56 54
0.15397 0 0
0.14624 49 54
0.14725 0 0
0.14850 51 54
0.14954 0 0
0.15070 52 55
0.15200 0 0
0.15309 56 56
0.15431 0 0
0.15700 49 51
0.14841 0 0
0.14889 56 47
0.14937 0 0
0.14949 49 51
0.14783 0 0
0.14853 57 47
0.14914 0 0
0.14914 47 51
0.14783 0 0
0.14865 57 48
0.14949 0 0
0.15032 47 51
0.14841 0 0
0.14889 56 47
0.14949 0 0
0.15009 52 52
0.14771 0 0
0.14841 56 48
0.14914 0 0
0.14997 45 52
0.14841 0 0
0.14889 57 49
0.14937 0 0
0.14997 44 51
0.14713 0 0
0.14794 59 49
0.14889 0 0
0.14771 56 52
0.14830 0 0
0.14889 59 49
0.14949 0 0
0.15020 49 52
0.14825 0 0
0.14900 52 47
0.14973 0 0
0.15050 48 52
0.14776 0 0
0.14850 58 44
0.14949 0 0
0.14771 47 48
0.14830 0 0
0.14889 59 45
0.14949 0 0
0.15020 48 48
0.15081 0 0
0.15142 54 43
0.15216 0 0
0.15278 49 45
0.15353 0 0
0.15416 52 39
0.15480 0 0
0.15558 45 46
0.15623 0 0
0.15688 54 40
0.15744 0 0
0.15776 47 46
0.15680 0 0
0.15585 56 43
0.15504 0 0
0.15411 47 45
0.15319 0 0
0.15228 57 41
0.15139 0 0
0.15050 47 46
0.14963 0 0
0.14925 54 39
0.14925 0 0
0.15000 52 47
0.14927 0 0
0.14754 54 41
0.14903 0 0
0.15228 56 45
0.15306 0 0
0.15385 59 36
0.15385 0 0
0.15075 56 34
0.15075 0 0
0.15075 64 31
0.15075 0 0
0.16162 57 45
0.15765 0 0
0.15815 45 40
0.15865 0 0
0.15915 47 41
0.15703 0 0
0.15790 49 42
0.15877 0 0
0.15966 47 45
0.15765 0 0
0.15815 52 39
0.15865 0 0
0.15915 47 43
0.15765 0 0
0.15840 55 41
0.15915 0 0
0.16410 47 41
0.16176 0 0
0.16176 52 39
0.16176 0 0
0.16176 47 41
0.16176 0 0
0.16176 51 37
0.16176 0 0
0.30953 52 48
0.30953 0 0
0.15477 47 48
0.15477 40 44
0.15477 47 44
0.15477 52 45
0.61907 0 0
0.15477 47 48
0.15477 40 44
0.15477 47 44
0.15477 54 44
0.62683 0 0
0.15696 52 46
0.15798 56 47
0.15900 59 52
0.17435 64 56
0.31480 64 58
0.31480 61 55
0.31480 60 52
0.31480 59 49
0.30544 57 46
0.30544 0 0
0.15272 52 48
0.15272 45 44
0.15272 52 44
0.15272 57 44
0.61087 0 0
0.15272 52 48
0.15272 45 41
0.15272 52 41
0.15272 59 41
0.61087 0 0
0.15224 57 44
0.15346 61 49
0.15469 64 54
0.17819 69 59
0.31053 69 62
0.31053 66 51
0.31053 71 51
0.31053 69 51
0.31053 59 51
0.32679 0 0
0.33431 54 62
0.34075 52 71
0.34697 51 78
1.02203 56 62
0.15858 49 85
0.15858 0 0
0.15858 48 77
0.15858 0 0
0.15858 49 76
0.15858 0 0
0.15291 52 76
0.15343 0 0
0.15395 48 82
0.15461 0 0
0.15528 51 76
0.15595 0 0
0.15650 56 76
0.15720 0 0
0.15213 48 76
0.15278 0 0
0.15356 49 80
0.15422 0 0
0.15501 51 76
0.15568 0 0
0.15650 52 76
0.15706 0 0
0.15213 49 76
0.15291 0 0
0.15369 51 76
0.15461 0 0
0.15541 57 83
0.15623 0 0
0.15706 56 81
0.15788 0 0
0.15213 54 76
0.15291 0 0
0.15369 52 74
0.15461 0 0
0.15541 51 76
0.15623 0 0
0.15706 49 79
0.15816 0 0
0.15291 47 80
0.15369 0 0
0.15461 45 84
0.15541 0 0
0.07804 42 78
0.07818 0 0
0.07846 44 78
0.07874 0 0
0.15802 45 83
0.15900 0 0
0.15213 42 79
0.15213 0 0
0.15291 44 85
0.15304 0 0
0.07684 42 80
0.07684 0 0
0.07684 40 80
0.07698 0 0
0.15448 39 85
0.15475 0 0
0.15528 44 80
0.15528 0 0
0.15291 37 88
0.15382 0 0
0.31030 44 70
0.31397 46 58
0.31758 48 48
0.32031 49 40
0.31402 52 37
0.31486 51 38
0.31389 49 37
0.31300 47 40
0.31204 51 38
0.31296 56 40
0.31402 47 37
0.31340 45 41
0.31243 49 38
0.31323 47 38
0.31349 45 39
0.31133 44 40
0.31256 47 39
0.31286 52 41
0.31243 44 39
0.31285 40 41
0.15661 52 37
0.15821 51 37
0.31490 49 36
0.31323 48 38
0.31222 47 43
0.30982 54 39
0.31296 59 47
0.31616 47 34
0.31928 48 36
0.32247 49 31
0.32587 44 36
0.32934 45 32
0.31579 47 36
0.31579 56 34
0.31657 47 36
0.31264 57 32
0.30875 47 36
0.30849 54 31
0.31062 52 37
0.15357 49 32
0.15345 51 32
0.30760 52 36
0.30822 56 33
0.31476 53 36
0.31476 61 33
0.31227 54 36
0.30924 42 32
0.30861 44 32
0.30911 45 33
0.35389 44 36
0.35335 49 31
0.35332 44 34
0.35419 52 32
0.37793 44 32
0.37519 49 31
0.37519 44 32
0.37519 48 29
0.35162 49 38
0.35162 0 0
0.17581 44 38
0.17581 37 35
0.17581 44 35
0.17581 49 36
0.35162 45 38
0.35162 0 0
0.17581 40 38
0.17581 33 35
0.17581 40 35
0.17581 45 35
0.30928 42 38
0.30928 0 0
0.15423 50 36
0.15585 54 37
0.15707 57 41
0.16840 62 44
0.33708 66 46
0.33708 62 44
0.33708 54 44
0.33708 64 41
0.33708 56 41
0.33708 66 39
0.33708 56 39
0.15132 64 36
0.31579 61 36
0.31579 0 0
0.15789 56 38
0.15789 49 35
0.15789 56 35
0.15789 61 35
0.31579 57 36
0.31579 0 0
0.15789 52 38
0.15789 45 32
0.15789 52 32
0.15789 57 32
0.30303 54 38
0.15152 57 41
0.15152 62 47
0.15190 66 53
0.15332 62 50
0.15477 57 48
0.17293 54 46
0.33520 56 44
0.33520 56 39
0.34483 56 38
0.34483 56 37
0.38217 0 0
0.38217 44 32
0.76433 56 35
0.48387 44 27
0.56734 44 24
1.95122 0 0
0.47619 61 14
0.47619 56 14
0.47619 49 14
1.00000 61 14
1.00000 56 14
1.00000 49 14
0.54054 61 12
0.54054 56 12
0.54054 49 12
0.62741 61 14
0.62741 56 14
0.62741 49 14
1.33197 61 14
1.33197 56 14
1.33197 49 14
1.50000 61 14
1.50000 56 14
1.50000 49 14
3.00000 61 12
3.00000 56 12
3.00000 49 12
0.26242 54 24
0.25354 63 20
0.51596 44 24
0.24525 51 24
0.23749 60 19
0.48274 44 24
0.25532 52 27
0.25975 61 22
0.51507 44 27
0.26432 56 28
0.26947 64 25
0.53380 44 28
0.32670 54 23
0.33584 63 19
0.66254 44 23
0.34486 51 22
0.60000 60 17
0.94486 44 22
4.80000 61 17
4.80000 44 14
4.80000 49 14
4.80000 37 14
4.80000 56 14
4.80000 52 14
