"schuim-1"

#  Piano right
2.23101 79 95
2.23101 67 84
0.04747 0 0
0.41375 71 44
0.13792 72 38
0.39739 74 51
0.16695 0 0
0.38472 74 42
0.16163 0 0
0.38441 74 42
0.16150 0 0
0.41375 72 46
0.13792 74 47
0.82751 75 53
0.27584 74 44
0.55167 72 39
0.40731 74 49
0.14241 72 42
0.55167 71 46
0.41375 69 44
0.13792 71 36
0.56833 72 48
0.41931 74 43
0.14805 75 44
1.77655 74 51
0.27699 71 44
0.27699 67 37
0.27699 62 37
0.13677 0 0
0.06896 72 42
0.06896 67 35
0.06896 63 35
0.06896 0 0
0.27184 74 51
0.27184 67 43
0.27184 65 43
0.26958 0 0
0.27557 74 42
0.27557 67 35
0.27557 65 35
0.27328 0 0
0.27409 74 42
0.27409 67 35
0.27409 65 35
0.27181 0 0
0.27699 72 39
0.27699 67 39
0.27699 63 39
0.13677 0 0
0.06896 74 47
0.06896 67 39
0.06896 65 39
0.06896 0 0
0.94542 75 53
0.94542 67 45
0.06849 74 44
0.06849 67 37
0.06849 65 37
0.06849 0 0
0.27397 72 39
0.27397 67 33
0.27397 63 33
0.27397 0 0
0.27267 74 49
0.27267 68 41
0.27267 65 41
0.13464 0 0
0.07120 72 42
0.07120 68 42
0.07120 63 35
0.07120 0 0
0.27584 71 46
0.27584 67 39
0.27584 62 39
0.27584 0 0
0.27699 69 44
0.27699 67 37
0.27699 60 37
0.13677 0 0
0.06896 71 36
0.06896 67 30
0.06896 62 30
0.06896 0 0
0.28177 72 48
0.28177 67 40
0.28177 63 40
0.30151 0 0
0.28420 75 53
0.28420 67 45
0.14033 0 0
0.07402 74 44
0.07402 67 37
0.07402 65 37
0.07402 0 0
1.77655 72 51
1.77655 67 43
1.77655 63 43
0.41375 74 44
0.13792 75 38
0.39368 77 51
0.16539 0 0
0.38826 77 42
0.16311 0 0
0.38441 77 42
0.16150 0 0
0.41375 75 46
0.13792 74 47
0.82751 79 53
0.27584 77 44
0.55908 75 39
0.40731 74 49
0.14241 72 42
0.55167 71 46
0.41375 69 44
0.13792 71 36
0.57515 72 48
0.41931 77 43
0.14805 75 44
1.77655 74 51
0.27699 74 44
0.27699 70 37
0.27699 65 37
0.13677 0 0
0.06896 75 42
0.06896 70 35
0.06896 67 35
0.06896 0 0
0.27699 77 51
0.27699 70 43
0.27699 68 43
0.27469 0 0
0.27699 77 42
0.27699 70 35
0.27699 68 35
0.27469 0 0
0.27409 77 42
0.27409 70 35
0.27409 68 35
0.27181 0 0
0.27699 75 46
0.27699 70 39
0.27699 67 39
0.13677 0 0
0.06896 74 47
0.06896 70 39
0.06896 65 39
0.06896 0 0
0.94542 79 56
0.94542 70 47
0.06849 77 49
0.06849 70 41
0.06849 68 41
0.06849 0 0
0.27397 75 42
0.27397 70 35
0.27397 67 35
0.27397 0 0
0.27267 74 52
0.27267 68 44
0.27267 65 44
0.13464 0 0
0.07120 72 42
0.07120 68 35
0.07120 63 35
0.07120 0 0
0.27584 71 46
0.27584 67 39
0.27584 62 39
0.27584 0 0
0.27699 69 44
0.27699 67 37
0.27699 60 37
0.13677 0 0
0.06896 71 36
0.06896 67 30
0.06896 62 30
0.06896 0 0
0.28177 72 48
0.28177 67 40
0.28177 63 40
0.30939 0 0
0.28420 75 53
0.28420 67 45
0.14033 0 0
0.07402 74 44
0.07402 67 37
0.07402 65 37
0.07402 0 0
1.77655 72 51
1.77655 67 43
1.77655 63 43
0.41375 71 48
0.13792 72 41
0.38847 74 56
0.16320 0 0
0.38847 74 46
0.41375 71 46
0.41375 68 39
0.13792 0 0
0.38441 74 46
0.40943 72 39
0.40943 69 39
0.13648 0 0
0.41375 72 50
0.13792 74 51
0.55167 69 39
0.06561 72 50
0.06561 74 53
0.68406 75 58
0.27442 74 48
0.54885 72 42
1.63854 69 49
0.40731 74 55
0.14241 72 48
0.54972 69 40
0.55167 71 52
0.55167 67 44
0.41375 69 54
0.41375 67 46
0.13792 71 44
0.13792 67 36
0.56354 72 59
0.56354 67 50
0.42265 74 61
0.42265 67 51
0.14805 75 62
0.14805 67 52
1.77655 74 73
1.77655 67 61
0.27699 71 77
0.27699 67 64
0.27699 62 64
0.13677 0 0
0.06896 72 73
0.06896 67 61
0.06896 63 61
0.06896 0 0
0.27699 74 89
0.27699 67 74
0.27699 65 74
0.27469 0 0
0.27699 74 81
0.27699 67 68
0.27699 65 68
0.27469 0 0
0.27409 74 81
0.27409 67 68
0.27409 65 68
0.27181 0 0
0.27699 72 80
0.27699 67 68
0.27699 63 68
0.13677 0 0
0.06896 74 82
0.06896 67 69
0.06896 65 69
0.06896 0 0
0.94542 75 92
0.94542 67 78
0.13699 74 77
0.13699 67 64
0.13699 65 64
0.27397 72 68
0.27397 67 57
0.27397 63 57
0.27397 0 0
0.27267 74 85
0.27267 68 72
0.27267 65 72
0.13464 0 0
0.07120 72 73
0.07120 68 61
0.07120 63 61
0.07120 0 0
0.27584 71 80
0.27584 67 68
0.27584 62 68
0.27584 0 0
0.27699 69 77
0.27699 67 64
0.27699 60 64
0.13677 0 0
0.06896 71 62
0.06896 67 52
0.06896 62 52
0.06896 0 0
0.28177 72 83
0.28177 67 70
0.28177 63 70
0.30151 0 0
0.28420 75 92
0.28420 67 78
0.14033 0 0
0.07402 74 77
0.07402 67 64
0.07402 65 64
0.07402 0 0
1.77655 72 89
1.77655 67 74
1.77655 63 74
0.41375 74 55
0.13792 75 47
0.38847 77 64
0.16320 0 0
0.38847 77 52
0.41375 71 44
0.41375 68 44
0.41375 74 44
0.13792 0 0
0.36322 77 52
0.38686 70 44
0.38686 68 44
0.12895 0 0
0.06082 75 47
0.06082 77 47
0.31414 75 70
0.16700 74 58
0.60277 68 39
0.60277 70 39
0.54459 67 56
0.54459 70 56
0.95812 79 66
0.13784 77 55
0.55137 68 36
0.55137 74 44
0.55137 75 48
0.55137 67 56
0.40731 74 63
0.40731 65 53
0.14241 72 54
0.14241 63 46
0.54972 68 46
0.55167 71 59
0.55167 67 50
0.55167 62 50
0.41375 69 61
0.41375 67 52
0.41375 60 52
0.13792 71 50
0.13792 67 42
0.13792 62 42
0.56354 72 68
0.56354 67 57
0.56354 63 57
0.42265 77 78
0.42265 67 59
0.14805 75 71
0.14805 67 60
1.77655 74 84
1.77655 67 71
0.27699 74 83
0.27699 70 70
0.27699 65 70
0.13677 0 0
0.06896 75 79
0.06896 70 67
0.06896 67 67
0.06896 0 0
0.27699 77 96
0.27699 70 81
0.27699 68 64
0.27469 0 0
0.27699 77 88
0.27699 70 75
0.27699 68 60
0.27469 0 0
0.27409 77 88
0.27409 70 75
0.27409 68 60
0.27181 0 0
0.27699 75 86
0.27699 70 73
0.27699 67 58
0.13677 0 0
0.06896 74 89
0.06896 70 76
0.06896 65 60
0.06896 0 0
0.94542 79 99
0.94542 70 84
0.13699 77 83
0.13699 70 70
0.13699 68 70
0.27397 75 74
0.27397 70 62
0.27397 67 62
0.27397 0 0
0.27267 74 92
0.27267 68 77
0.27267 65 77
0.13464 0 0
0.07120 72 79
0.07120 68 67
0.07120 63 67
0.07120 0 0
0.27584 71 86
0.27584 67 73
0.27584 62 73
0.27584 0 0
0.27699 69 83
0.27699 67 70
0.27699 60 70
0.13677 0 0
0.06896 71 67
0.06896 67 57
0.06896 62 57
0.06896 0 0
0.28177 72 90
0.28177 67 76
0.28177 63 76
0.31976 0 0
0.28420 75 99
0.28420 67 84
0.14033 0 0
0.07402 74 83
0.07402 67 70
0.07402 65 70
0.07402 0 0
1.77655 72 96
1.77655 67 81
1.77655 63 81
0.42453 75 78
0.14805 74 70
1.77655 72 83
1.77655 68 71
1.77655 63 71
0.07952 72 69
0.36168 75 78
0.14805 74 70
1.77655 72 83
1.77655 67 71
0.40731 74 78
0.14241 75 67
0.55167 77 73
0.55167 72 62
0.55167 68 62
0.27699 75 70
0.27699 72 59
0.27699 67 59
0.13677 0 0
0.06896 74 57
0.06896 65 48
0.06896 0 0
0.58328 72 76
0.58328 63 64
0.57257 67 60
0.57504 71 71
0.57504 62 60
1.77655 67 57
1.77655 63 57
1.77655 72 68
0.42453 75 60
0.16336 74 54
1.77655 72 65
1.77655 68 55
1.77655 63 55
0.42453 75 59
0.16700 74 52
1.77655 72 61
1.77655 67 51
0.40731 73 54
0.14241 75 46
0.06504 73 40
0.06504 75 43
0.41353 77 51
0.54360 68 40
0.27683 75 49
0.27683 68 41
0.13669 0 0
0.06892 73 39
0.06892 68 33
0.06892 0 0
0.28177 72 53
0.28177 68 44
0.30151 0 0
0.28302 67 37
0.28302 63 37
0.28420 61 37
0.28420 70 44
0.28838 0 0
1.16459 68 47
1.16459 63 39
1.16459 60 39
0.57241 0 0
0.41375 68 53
0.15334 72 47
0.42325 75 57
0.14108 0 0
0.40976 75 51
0.13659 0 0
0.40943 75 53
0.13648 0 0
0.42611 75 52
0.15027 0 0
1.09108 77 58
1.09898 75 55
1.09308 73 58
1.09578 72 52
0.54885 70 40
0.54885 73 34
0.55648 72 40
0.56433 70 37
1.14505 68 48
0.55908 0 0
0.41375 68 53
0.15334 72 47
0.39739 75 57
0.16695 0 0
0.40976 75 51
0.40976 63 42
0.13659 0 0
0.40943 75 53
0.40943 63 45
0.13648 0 0
0.42611 75 52
0.42611 63 44
0.18792 0 0
1.10150 76 58
1.10150 64 49
1.09898 75 55
1.09898 63 46
1.09308 73 58
0.81464 71 52
0.26829 70 45
0.53841 68 40
0.06737 68 33
0.47161 76 52
0.55648 75 46
0.56433 73 42
1.70659 71 48
0.41375 71 57
0.15334 75 50
0.56052 78 62
0.56052 66 46
0.00117 0 0
0.54521 78 59
0.54521 66 48
0.00114 0 0
0.54476 79 67
0.54476 67 57
0.00114 0 0
0.55052 80 71
0.55052 68 59
0.00115 0 0
0.54521 82 79
0.54521 70 64
0.00114 0 0
0.54476 85 77
0.54476 73 64
0.00114 0 0
0.55052 83 74
0.55052 71 62
0.00115 0 0
0.41375 82 58
0.41375 70 49
0.14518 80 51
0.14518 68 42
0.56700 79 58
0.56700 67 49
0.55648 79 55
0.55648 67 46
0.27317 80 53
0.27317 68 45
0.27317 79 45
0.27317 67 37
0.28217 77 46
0.28217 65 38
0.29443 79 45
0.29443 67 37
1.70659 80 48
1.70659 68 40
0.41375 80 57
0.15334 84 50
0.42325 87 68
0.42325 75 57
0.14108 0 0
0.40976 87 62
0.40976 75 52
0.13659 0 0
0.40943 87 67
0.40943 75 56
0.13648 0 0
0.41375 87 71
0.41375 75 60
0.13792 0 0
0.54521 89 69
0.54521 77 58
0.00114 0 0
0.54476 91 72
0.54476 79 57
0.00114 0 0
0.55052 92 69
0.55052 80 58
0.00115 0 0
0.41375 87 61
0.41375 75 51
0.14518 0 0
0.56433 87 66
0.56433 75 56
0.27317 85 54
0.27317 73 45
0.27317 0 0
0.54590 85 62
0.54590 73 52
0.27584 84 55
0.27584 72 46
0.27584 0 0
0.54885 82 56
0.54885 85 50
0.55648 84 57
0.56433 82 49
0.19264 80 53
0.19264 63 48
0.19264 68 48
0.18900 72 59
0.18900 68 48
0.18900 63 49
0.18636 75 59
0.18636 72 53
0.18636 68 54
0.18389 68 59
0.18389 72 53
0.19932 75 53
0.18723 75 59
0.18723 70 53
0.18723 67 53
0.18212 75 59
0.18212 70 52
0.18212 67 52
0.18197 75 59
0.18197 72 51
0.18197 68 51
0.18389 70 62
0.18780 75 55
0.19172 79 57
0.18295 80 66
0.18295 75 59
0.18295 68 59
0.17572 80 67
0.17572 74 59
0.19080 68 59
0.18379 80 65
0.18379 75 54
0.17230 70 54
0.01149 0 0
0.17886 70 61
0.17886 75 52
0.18990 79 52
0.18295 77 59
0.18295 70 51
0.18295 67 52
0.17806 77 59
0.17806 71 53
0.18811 67 53
0.18212 77 57
0.18212 72 51
0.17073 68 51
0.01138 0 0
0.17886 68 59
0.17886 72 52
0.19172 75 52
0.18295 61 59
0.18295 68 54
0.18295 73 54
0.18295 65 59
0.18295 68 55
0.18295 70 56
0.18549 63 59
0.18549 68 54
0.18549 72 54
0.18811 0 0
0.18811 75 63
0.18811 73 67
0.56433 67 70
0.56433 63 59
0.19264 72 71
0.19264 68 60
0.19264 63 60
0.19264 63 59
0.19264 68 59
0.18900 72 67
0.18900 68 56
0.18900 63 56
0.18549 75 66
0.18549 72 57
0.17390 68 57
0.01159 0 0
0.18389 68 68
0.18389 72 60
0.19932 75 60
0.18811 75 69
0.18811 70 59
0.18811 67 59
0.18212 75 70
0.18212 70 57
0.18212 67 57
0.18197 75 71
0.18197 71 61
0.18197 68 59
0.18389 70 68
0.18780 75 62
0.19972 79 63
0.18723 80 68
0.18723 75 58
0.18723 68 58
0.17966 80 67
0.17966 73 59
0.19080 70 59
0.18379 80 67
0.18379 75 57
0.17230 71 57
0.01149 0 0
0.17886 71 65
0.17886 75 57
0.19349 78 57
0.18295 76 65
0.18295 71 55
0.18295 67 55
0.17806 76 62
0.17806 70 53
0.18811 67 53
0.18212 76 64
0.18212 71 55
0.17073 68 55
0.01138 0 0
0.17886 68 65
0.17886 71 56
0.19060 75 56
0.18295 68 66
0.18295 71 59
0.17928 73 57
0.18295 68 67
0.18295 71 56
0.19753 76 56
0.18549 66 66
0.18549 71 56
0.18549 75 56
0.18811 0 0
0.18811 78 57
0.20777 76 57
0.58399 70 67
0.58399 66 56
0.19264 75 53
0.19264 71 53
0.19264 66 53
0.19264 63 48
0.19264 66 48
0.18900 71 59
0.18900 66 48
0.18900 63 49
0.18636 75 59
0.18636 71 53
0.18636 66 54
0.18389 71 59
0.18389 75 53
0.19932 78 53
0.42127 78 62
0.42127 66 46
0.14042 0 0
0.54521 78 59
0.54521 66 48
0.00114 0 0
0.54476 79 67
0.54476 67 57
0.00114 0 0
0.55052 80 72
0.55052 68 60
0.00115 0 0
0.54521 82 79
0.54521 70 64
0.00114 0 0
0.54476 85 77
0.54476 73 64
0.00114 0 0
0.55052 83 74
0.55052 71 62
0.00115 0 0
0.41375 82 58
0.41375 70 49
0.14518 80 51
0.14518 68 42
0.56700 79 58
0.56700 67 49
0.55648 79 55
0.55648 67 46
0.27317 80 53
0.27317 68 45
0.27317 79 45
0.27317 67 37
0.28217 77 46
0.28217 65 38
0.29443 79 45
0.29443 67 37
1.14226 80 48
1.14226 68 40
0.28683 73 53
0.28715 72 53
0.29351 71 53
0.26654 72 53
0.13355 72 48
0.99160 77 48
0.28683 72 53
0.28715 70 53
0.29351 69 53
0.26872 70 53
0.13064 70 48
0.99778 75 48
0.28683 73 58
0.28715 72 60
0.29351 70 63
0.29470 68 66
0.26829 75 68
0.26829 67 57
0.26829 73 66
0.26829 65 56
0.27317 72 63
0.27317 63 53
0.29151 70 60
0.29151 61 51
0.57312 68 58
0.57312 60 49
0.41931 72 55
0.41931 63 55
0.15493 70 54
0.15493 61 54
0.57792 68 48
0.57792 60 40
0.56433 0 0
0.28683 73 53
0.28715 72 53
0.29351 71 53
0.28929 72 53
0.29709 84 53
0.29895 82 53
0.29628 81 53
0.28217 82 53
1.13203 77 48
0.28683 72 53
0.28715 70 53
0.29351 69 53
0.28425 70 53
0.28556 82 58
0.28896 80 60
0.28217 79 63
0.28217 80 66
1.13886 75 48
0.28683 73 58
0.28715 72 60
0.29351 70 63
0.29470 68 66
0.26829 79 68
0.26829 67 57
0.26829 75 57
0.26829 77 66
0.26829 65 56
0.26829 73 56
0.27317 75 63
0.27317 63 53
0.27317 72 53
0.29151 73 60
0.29151 61 51
0.29151 70 51
0.57312 68 49
0.57312 60 49
0.57312 72 58
0.41931 73 55
0.15493 70 54
0.57423 67 46
0.57423 61 46
1.68861 68 48
1.68861 56 40
1.68861 63 40
1.68861 60 40
0.41931 60 40
0.14896 63 37
0.43344 68 44
0.43344 56 37
0.14448 0 0
0.42325 68 40
0.42325 56 34
0.14108 0 0
0.40976 68 40
0.40976 56 34
0.13659 0 0
0.41931 68 40
0.41931 56 34
0.20492 0 0
1.68861 67 48
1.68861 55 40
0.41931 60 40
0.14896 63 37
0.43344 67 44
0.43344 55 37
0.14448 0 0
0.42325 55 37
0.42325 67 43
0.14108 0 0
0.40976 67 50
0.40976 55 42
0.13659 0 0
0.41931 67 56
0.41931 55 47
0.20492 0 0
1.21988 65 73
1.21988 53 60
1.15409 66 73
1.15409 54 60
0.14218 55 39
0.14218 67 39
0.04739 0 0
0.14218 67 27
0.14218 55 22
0.04739 0 0
0.14218 67 27
0.14218 55 22
0.04739 0 0
0.14218 67 30
0.14218 55 25
0.04739 0 0
0.14218 67 30
0.14218 55 25
0.04739 0 0
0.14218 67 30
0.14218 55 25
0.04739 0 0
0.14218 67 38
0.14218 55 32
0.04739 0 0
0.14218 67 28
0.14218 55 24
0.04739 0 0
0.14218 67 30
0.14218 55 25
0.04739 0 0
0.13792 67 39
0.13792 55 33
0.04597 0 0
0.13792 67 30
0.13792 55 25
0.04597 0 0
0.13792 67 30
0.13792 55 25
0.04597 0 0
0.14108 55 39
0.14108 67 39
0.04703 0 0
0.14108 67 27
0.14108 55 22
0.04703 0 0
0.14108 67 27
0.14108 55 22
0.04703 0 0
0.13659 67 30
0.13659 55 25
0.04553 0 0
0.13659 67 30
0.13659 55 25
0.04553 0 0
0.13659 67 30
0.13659 55 25
0.04553 0 0
0.13648 67 38
0.13648 55 32
0.04549 0 0
0.13648 67 28
0.13648 55 24
0.04549 0 0
0.13648 67 30
0.13648 55 25
0.04549 0 0
0.13792 67 39
0.13792 55 33
0.04597 0 0
0.13792 67 30
0.13792 55 25
0.04597 0 0
0.13792 67 30
0.13792 55 25
0.04597 0 0
0.13792 55 39
0.13792 67 39
0.04597 0 0
0.13792 67 27
0.13792 55 22
0.04597 0 0
0.13792 67 27
0.13792 55 22
0.04597 0 0
0.13792 67 30
0.13792 55 25
0.04597 0 0
0.13792 67 30
0.13792 55 25
0.04597 0 0
0.13792 67 30
0.13792 55 25
0.04597 0 0
0.13792 67 38
0.13792 55 32
0.04597 0 0
0.13792 67 28
0.13792 55 24
0.04597 0 0
0.13792 67 30
0.13792 55 25
0.04597 0 0
0.13577 67 39
0.13577 55 33
0.04526 0 0
0.13577 67 30
0.13577 55 25
0.04526 0 0
0.14020 65 30
0.14020 53 25
0.04747 0 0
0.13792 55 39
0.13792 63 39
0.13792 60 39
0.13792 67 39
0.04597 0 0
0.13792 67 27
0.13792 63 22
0.13792 60 22
0.13792 55 22
0.04597 0 0
0.13792 67 27
0.13792 63 22
0.13792 60 22
0.13792 55 22
0.04597 0 0
0.13792 67 30
0.13792 63 22
0.13792 60 22
0.13792 55 25
0.04597 0 0
0.13792 67 30
0.13792 63 22
0.13792 60 22
0.13792 55 25
0.04597 0 0
0.13792 67 30
0.13792 63 22
0.13792 60 22
0.13792 55 25
0.04597 0 0
0.13792 67 38
0.13792 62 32
0.13792 59 32
0.13792 55 32
0.04597 0 0
0.13792 67 28
0.13792 62 32
0.13792 59 32
0.13792 55 24
0.04597 0 0
0.13792 67 30
0.13792 62 32
0.13792 59 32
0.13792 55 25
0.04597 0 0
0.13792 67 39
0.13792 62 33
0.13792 59 33
0.13792 55 33
0.04597 0 0
0.13792 67 30
0.13792 62 25
0.13792 59 25
0.13792 55 25
0.04597 0 0
0.13792 67 30
0.13792 62 25
0.13792 59 25
0.13792 55 25
0.04597 0 0
0.14218 55 39
0.14218 63 39
0.14218 60 39
0.14218 67 39
0.04739 0 0
0.14218 67 27
0.14218 55 22
0.04739 0 0
0.14218 67 27
0.14218 55 22
0.04739 0 0
0.13889 67 34
0.13889 55 28
0.04630 0 0
0.13889 67 35
0.13889 55 29
0.04630 0 0
0.13889 67 36
0.13889 55 30
0.04630 0 0
0.13889 67 48
0.13889 55 40
0.04630 0 0
0.13889 67 36
0.13889 55 32
0.04630 0 0
0.13889 67 41
0.13889 55 34
0.04630 0 0
0.13792 67 56
0.13792 55 47
0.04597 0 0
0.13792 67 43
0.13792 55 36
0.04597 0 0
0.13792 67 44
0.13792 55 37
0.04597 0 0
0.14108 55 59
0.14108 67 59
0.04703 0 0
0.14108 67 41
0.14108 55 33
0.04703 0 0
0.14108 67 41
0.14108 55 33
0.04703 0 0
0.13659 67 46
0.13659 55 37
0.04553 0 0
0.13659 67 46
0.13659 55 37
0.04553 0 0
0.13659 67 46
0.13659 55 37
0.04553 0 0
0.13648 67 58
0.13648 55 49
0.04549 0 0
0.13648 67 42
0.13648 55 36
0.04549 0 0
0.13648 67 46
0.13648 55 37
0.04549 0 0
0.13792 68 65
0.13792 56 55
0.04597 0 0
0.13792 68 52
0.13792 56 42
0.04597 0 0
0.15124 68 55
0.15124 56 44
0.05263 0 0
0.13761 55 70
0.13761 67 70
0.04587 0 0
0.13761 67 50
0.13761 55 40
0.04587 0 0
0.13761 67 50
0.13761 55 40
0.04587 0 0
0.13761 67 55
0.13761 55 46
0.04587 0 0
0.13761 67 55
0.13761 55 44
0.04587 0 0
0.13761 67 54
0.13761 55 44
0.04587 0 0
0.13761 67 69
0.13761 55 57
0.04587 0 0
0.13761 67 49
0.13761 55 42
0.04587 0 0
0.13761 67 52
0.13761 55 42
0.04587 0 0
0.13577 67 67
0.13577 55 57
0.04526 0 0
0.13577 67 51
0.13577 55 42
0.04526 0 0
0.14020 65 50
0.14020 53 41
0.04747 0 0
0.13792 55 59
0.13792 63 59
0.13792 60 59
0.13792 67 59
0.04597 0 0
0.13792 67 41
0.13792 63 33
0.13792 60 33
0.13792 55 33
0.04597 0 0
0.13792 67 41
0.13792 63 33
0.13792 60 33
0.13792 55 33
0.04597 0 0
0.13514 67 46
0.13514 63 33
0.13514 60 33
0.13514 55 37
0.04505 0 0
0.13514 67 46
0.13514 63 33
0.13514 60 33
0.13514 55 37
0.04505 0 0
0.13514 67 46
0.13514 63 33
0.13514 60 33
0.13514 55 37
0.04505 0 0
0.13514 67 58
0.13514 62 49
0.13514 59 49
0.13514 55 49
0.04505 0 0
0.13514 67 42
0.13514 62 49
0.13514 59 49
0.13514 55 36
0.04505 0 0
0.13514 67 46
0.13514 62 49
0.13514 59 49
0.13514 55 37
0.04505 0 0
0.13699 67 59
0.13699 62 50
0.13699 59 50
0.13699 55 50
0.04566 0 0
0.13699 67 46
0.13699 62 37
0.13699 59 37
0.13699 55 37
0.04566 0 0
0.15148 67 46
0.15148 62 37
0.15148 59 37
0.15148 55 37
0.05291 0 0
1.09589 67 48
1.09589 55 40
1.09589 60 40
1.09589 63 40
0.54794 0 0
0.41375 71 44
0.13792 72 38
0.39739 74 51
0.16695 0 0
0.38472 74 42
0.40976 65 35
0.13659 0 0
0.38441 74 42
0.40943 68 35
0.13648 0 0
0.41375 72 46
0.13792 74 47
0.82751 75 53
0.27584 74 44
0.55167 63 39
0.55167 72 39
0.55167 67 33
0.40731 74 49
0.14241 72 42
0.55167 71 46
0.41375 69 44
0.13792 71 36
0.55167 65 37
0.56833 72 48
0.56833 63 37
0.41931 74 43
0.14805 75 44
0.56735 60 37
0.14805 68 47
1.57171 67 43
1.71976 74 51
0.41375 71 62
0.41375 67 52
0.41375 59 52
0.14925 72 60
0.14925 69 50
0.14925 60 50
0.54142 74 73
0.54142 71 61
0.54142 62 61
0.54885 74 66
0.54885 71 55
0.54885 62 55
0.54590 74 66
0.54590 71 55
0.54590 62 55
0.41375 72 66
0.41375 67 64
0.41375 60 63
0.14925 74 67
0.14925 67 55
0.14925 62 55
0.95111 75 75
0.95111 63 64
0.13699 74 69
0.13699 62 69
1.08810 67 64
0.57854 72 76
0.57854 67 64
0.57854 60 60
0.41096 74 69
0.14241 72 60
0.55337 62 58
0.55337 66 58
0.55556 71 66
0.55556 65 55
0.55556 62 55
0.41284 67 52
0.13761 68 51
0.55046 71 62
0.55046 62 52
0.58328 72 73
0.58328 67 59
0.58328 60 57
0.42453 75 75
0.14805 74 62
0.57257 71 64
0.57257 65 64
1.77655 72 73
1.77655 63 61
0.41375 74 44
0.13792 75 38
0.55908 77 51
0.55137 77 42
0.55137 65 35
0.54590 77 42
0.54590 68 35
0.41375 75 46
0.13792 74 47
0.82751 79 53
0.41375 67 50
0.13792 68 53
0.27584 77 44
0.55908 75 39
0.40731 74 49
0.14241 72 42
0.55167 71 46
0.27584 68 41
0.27584 67 40
0.55167 71 44
0.28758 65 41
0.28758 63 41
0.57515 72 48
0.27954 62 41
0.41931 77 43
0.14805 75 44
0.28781 60 41
0.14805 68 41
1.62850 67 47
1.77655 74 51
0.41375 74 62
0.13792 75 60
0.55167 77 73
0.55167 74 61
0.55167 65 61
0.55167 77 60
0.55167 74 50
0.55167 65 50
0.54590 77 60
0.54590 74 50
0.54590 65 50
0.41375 79 63
0.41375 75 63
0.41375 67 63
0.13792 80 67
0.13792 77 55
0.13792 68 55
0.53446 82 75
0.53446 70 64
0.53446 79 64
0.54794 80 69
0.54794 68 69
0.54794 79 76
0.54794 75 64
0.40731 77 69
0.14241 74 60
0.54972 65 58
0.55167 71 66
0.55167 65 55
0.55167 62 55
0.41375 67 52
0.13792 68 51
0.55167 71 62
0.55167 62 52
0.59116 72 73
0.59116 67 59
0.59116 60 57
0.42453 75 75
0.14805 74 62
0.57257 71 64
0.57257 65 64
1.75365 72 76
1.75365 63 64
0.17506 72 86
0.17506 60 72
0.01945 0 0
0.17506 72 86
0.17506 60 72
0.01945 0 0
0.20853 72 86
0.20853 60 72
0.02317 0 0
1.75938 72 79
1.75938 84 94
1.75938 80 79
1.75938 74 79
0.17422 72 83
0.17422 60 71
0.01936 0 0
0.17422 72 83
0.17422 60 71
0.01936 0 0
0.19497 72 83
0.19497 60 71
0.02166 0 0
1.72274 72 80
1.72274 84 95
1.72274 79 80
1.72274 75 80
0.17506 72 83
0.17506 60 71
0.01945 0 0
0.17506 72 83
0.17506 60 71
0.01945 0 0
0.21221 72 83
0.21221 60 71
0.02358 0 0
0.57792 61 77
0.57792 65 77
0.57792 73 90
0.43766 77 88
0.43766 65 74
0.14589 80 79
0.14589 68 66
0.59512 79 89
0.59512 67 75
0.59512 72 75
0.59512 75 75
0.61025 79 83
0.61025 67 71
0.61025 71 71
0.61025 74 71
1.75365 72 76
1.75365 67 64
1.75365 60 64
1.75365 63 64
0.17506 72 86
0.17506 60 72
0.01945 0 0
0.17506 72 86
0.17506 60 72
0.01945 0 0
0.20853 72 86
0.20853 60 72
0.02317 0 0
1.75938 72 79
1.75938 74 79
1.75938 84 94
0.17422 72 83
0.17422 60 71
0.01936 0 0
0.17422 72 83
0.17422 60 71
0.01936 0 0
0.19497 72 83
0.19497 60 71
0.02166 0 0
1.72274 72 80
1.72274 79 80
1.72274 84 95
0.17506 72 83
0.17506 60 71
0.01945 0 0
0.17506 72 83
0.17506 60 71
0.01945 0 0
0.21221 72 83
0.21221 60 71
0.02358 0 0
0.57792 61 77
0.57792 65 77
0.57792 73 90
0.43766 77 88
0.43766 65 74
0.14589 80 79
0.14589 68 66
0.59512 79 89
0.59512 67 75
0.59512 72 75
0.59512 75 75
0.61025 79 83
0.61025 67 71
0.61025 71 71
0.61025 74 71
1.75365 72 76
1.75365 67 64
1.75365 60 64
1.75365 63 64
0.14589 72 57
0.14589 60 68
0.04863 0 0
0.14589 72 53
0.14589 60 63
0.04863 0 0
0.14589 72 53
0.14589 60 63
0.04863 0 0
0.14423 72 52
0.14423 61 62
0.04808 0 0
0.14423 61 55
0.14423 72 46
0.04808 0 0
0.14423 72 46
0.14423 61 55
0.04808 0 0
0.14589 72 49
0.14589 62 58
0.04863 0 0
0.14589 62 50
0.14589 72 42
0.04863 0 0
0.14589 72 42
0.14589 62 50
0.04863 0 0
0.14448 63 55
0.14448 72 46
0.04816 0 0
0.14448 63 50
0.14448 72 42
0.04816 0 0
0.14448 72 45
0.14448 63 54
0.04816 0 0
0.14218 72 49
0.14218 64 54
0.04739 0 0
0.14218 64 44
0.14218 72 37
0.04739 0 0
0.14218 64 44
0.14218 72 37
0.04739 0 0
0.14151 72 39
0.14151 64 47
0.04717 0 0
0.14151 72 31
0.14151 64 37
0.04717 0 0
0.14151 72 31
0.14151 64 37
0.04717 0 0
0.14151 72 38
0.14151 64 46
0.04717 0 0
0.14151 72 30
0.14151 64 37
0.04717 0 0
0.14151 72 30
0.14151 64 36
0.04717 0 0
0.14286 72 38
0.14286 65 45
0.04762 0 0
0.14286 72 29
0.14286 65 36
0.04762 0 0
0.14286 72 29
0.14286 65 35
0.04762 0 0
0.14151 72 37
0.14151 66 31
0.14151 63 31
0.04717 0 0
0.14151 72 31
0.14151 66 26
0.14151 63 26
0.04717 0 0
0.14151 72 31
0.14151 66 26
0.14151 63 26
0.04717 0 0
0.14085 72 37
0.14085 66 31
0.14085 63 31
0.04695 0 0
0.14085 72 32
0.14085 66 27
0.14085 62 27
0.04695 0 0
0.14085 72 32
0.14085 66 27
0.14085 62 27
0.04695 0 0
0.14019 72 37
0.14019 66 31
0.14019 62 31
0.04673 0 0
0.14019 72 31
0.14019 66 26
0.14019 62 26
0.04673 0 0
0.14019 72 31
0.14019 66 26
0.14019 62 26
0.04673 0 0
0.14151 72 37
0.14151 67 31
0.14151 62 31
0.04717 0 0
0.14151 72 32
0.14151 67 27
0.14151 62 27
0.04717 0 0
0.14151 72 32
0.14151 67 27
0.14151 62 27
0.04717 0 0
0.14354 70 37
0.14354 67 31
0.14354 62 31
0.04785 0 0
0.14354 70 32
0.14354 67 27
0.14354 62 27
0.04785 0 0
0.14354 70 32
0.14354 67 27
0.14354 62 27
0.04785 0 0
0.14019 70 37
0.14019 63 31
0.14019 60 31
0.04673 0 0
0.14019 70 31
0.14019 63 26
0.14019 60 26
0.04673 0 0
0.14019 70 31
0.14019 63 26
0.14019 60 26
0.04673 0 0
0.14218 69 37
0.14218 63 31
0.14218 60 31
0.04739 0 0
0.14218 69 32
0.14218 63 27
0.14218 60 27
0.04739 0 0
0.14218 69 32
0.14218 63 27
0.14218 60 27
0.04739 0 0
0.14151 67 37
0.14151 62 31
0.14151 58 31
0.04717 0 0
0.14151 67 31
0.14151 62 26
0.14151 58 26
0.04717 0 0
0.14151 67 31
0.14151 62 26
0.14151 58 26
0.04717 0 0
0.14493 66 37
0.14493 62 31
0.14493 57 31
0.04831 0 0
0.14493 66 32
0.14493 62 27
0.14493 57 27
0.04831 0 0
0.14493 66 32
0.14493 62 27
0.14493 57 27
0.04831 0 0
1.14974 67 37
1.14974 62 31
1.14974 58 31
0.56520 0 0
0.41375 67 39
0.15334 70 39
0.14108 0 0
0.15519 62 29
0.15519 67 30
0.14108 70 28
0.56433 74 44
0.13659 0 0
0.15025 62 28
0.15025 67 30
0.13659 70 28
0.54635 74 40
0.13648 0 0
0.15012 62 27
0.15012 66 30
0.13648 69 28
0.54590 74 45
0.13792 0 0
0.15241 62 27
0.15942 67 30
0.14493 70 26
0.56569 74 46
0.13721 0 0
0.15093 63 31
0.15039 67 33
0.14956 72 31
0.14956 66 36
0.14956 72 27
0.15266 69 30
0.14310 66 27
1.10057 75 51
0.13784 0 0
0.15163 62 27
0.15163 67 30
0.15138 70 26
0.14895 62 30
0.14956 70 28
0.15236 67 30
0.14242 62 27
1.10323 74 41
0.13721 0 0
0.15093 60 28
0.15093 63 30
0.15063 66 28
0.14756 60 30
0.14756 66 30
0.15057 63 30
0.14108 60 27
1.09468 72 50
0.13659 0 0
0.15022 58 27
0.15000 62 30
0.14996 67 27
0.14950 58 30
0.14889 67 28
0.15254 62 30
0.14379 58 28
1.09918 70 45
0.13721 0 0
0.15073 57 28
0.14970 60 30
0.14286 67 28
0.55269 69 50
0.13889 0 0
0.14865 63 29
0.14865 67 30
0.13514 69 28
0.54429 72 46
0.13912 0 0
0.15303 58 27
0.15303 62 30
0.13912 67 27
0.55648 70 49
0.14108 0 0
0.15519 60 26
0.15519 62 30
0.14108 66 27
0.56433 69 45
0.14518 0 0
0.15970 55 28
0.15970 58 32
0.15929 62 34
0.15519 63 35
0.15519 60 37
0.15519 57 39
0.15506 63 44
0.15375 62 44
0.15375 58 33
0.15375 62 37
1.70413 67 50
0.15375 66 28
0.15375 67 34
0.15375 62 26
0.15375 67 30
0.13977 70 26
0.14108 0 0
0.15519 62 29
0.15519 67 30
0.14108 70 28
0.56433 74 44
0.13659 0 0
0.15025 62 28
0.15025 67 30
0.13659 70 28
0.54635 74 40
0.13648 0 0
0.14981 62 27
0.14667 66 30
0.13333 69 28
0.53962 74 45
0.13792 0 0
0.15241 62 27
0.15942 67 30
0.14493 70 26
0.56569 74 46
0.13721 0 0
0.15093 63 31
0.15093 67 33
0.15087 72 31
0.15025 69 41
0.15025 72 33
0.15307 69 41
0.14310 65 34
1.10388 75 51
0.13784 0 0
0.15163 62 34
0.15163 65 40
0.15132 70 33
0.14822 65 41
0.14822 70 28
0.15155 65 35
0.14242 62 27
1.10059 74 57
0.13721 0 0
0.15073 60 35
0.14865 63 39
0.14853 69 28
0.14740 66 40
0.14822 69 27
0.15097 66 30
0.14108 62 27
1.09131 72 60
0.13659 0 0
0.15004 58 27
0.14798 62 30
0.14806 67 27
0.14887 58 30
0.14865 67 28
0.15240 62 30
0.14379 58 28
1.09453 70 45
0.13721 0 0
0.15073 63 28
0.14942 62 30
0.14286 60 28
0.55242 67 50
0.13889 0 0
0.14602 63 29
0.14602 67 30
0.13274 72 28
0.53712 75 46
0.13636 0 0
0.15000 62 27
0.15000 65 30
0.13636 70 27
0.54546 74 49
0.14108 0 0
0.15519 63 26
0.15519 65 30
0.14108 69 27
0.56433 72 45
0.14518 0 0
0.15970 58 28
0.15970 62 32
0.15929 65 34
0.15519 66 35
0.15519 63 37
0.15519 60 39
0.15506 66 44
0.15375 65 44
0.15375 62 33
0.15375 65 37
1.70413 70 50
0.15375 69 34
0.15375 70 40
0.15375 65 43
0.15375 70 46
0.13977 74 49
0.42127 77 55
0.42127 65 41
0.14042 0 0
0.53985 77 54
0.53985 65 44
0.00112 0 0
0.53538 78 64
0.53538 66 54
0.00111 0 0
0.53689 79 72
0.53689 67 60
0.00112 0 0
0.53460 81 75
0.53460 69 61
0.00112 0 0
0.54476 84 78
0.54476 72 64
0.00114 0 0
0.55052 82 77
0.55052 70 63
0.00115 0 0
0.41375 81 58
0.41375 69 49
0.14518 79 51
0.14518 67 42
0.56700 78 58
0.56700 66 49
0.55648 78 55
0.55648 66 46
0.27317 79 53
0.27317 67 45
0.27317 78 45
0.27317 66 37
0.28217 76 46
0.28217 64 38
0.29443 78 45
0.29443 66 37
1.14226 79 48
1.14226 67 40
0.14108 0 0
0.14108 67 53
0.14108 70 55
0.14108 74 57
0.13792 79 59
0.13792 70 61
0.13792 74 63
0.15334 79 65
0.28085 0 0
0.14042 78 74
0.14042 74 63
0.14042 69 63
0.41360 0 0
0.13659 74 63
0.13659 72 63
0.13659 81 74
0.40954 0 0
0.13648 79 74
0.13648 74 63
0.13648 70 63
0.41231 0 0
0.14379 78 74
0.14379 74 63
0.14379 69 63
0.41821 0 0
0.13721 79 78
0.13721 74 65
0.13721 67 65
0.13721 0 0
0.13179 79 79
0.13179 72 66
0.13179 67 66
0.13535 0 0
0.13794 73 71
0.13794 79 71
0.13794 85 83
0.41879 0 0
0.13784 74 71
0.13784 86 83
0.13784 81 83
0.13784 79 71
0.13784 0 0
0.13179 86 81
0.13179 74 69
0.13179 78 69
0.13179 81 69
0.13659 0 0
0.13853 74 79
0.13853 69 66
0.13853 66 66
0.41685 0 0
0.13721 75 74
0.13721 70 63
0.13721 63 63
0.13721 0 0
0.13007 75 81
0.13007 69 69
0.13007 63 69
0.13296 0 0
0.13566 69 63
0.13566 75 63
0.13566 81 74
0.41426 0 0
0.13659 70 63
0.13659 82 74
0.13659 77 63
0.13659 75 63
0.13659 0 0
0.13414 82 79
0.13414 70 66
0.13414 74 66
0.13414 77 66
0.13414 0 0
0.13736 70 74
0.13736 65 63
0.13736 62 63
0.40853 0 0
0.13659 72 74
0.13659 67 63
0.13659 63 63
0.40132 0 0
0.13597 75 74
0.13597 69 63
0.13597 66 63
0.41421 0 0
0.13912 74 78
0.13912 70 65
0.13912 67 65
0.41997 0 0
0.14042 78 79
0.14042 74 66
0.14042 72 66
0.42938 0 0
0.27696 79 81
0.27696 74 69
0.27696 70 69
0.27824 74 80
0.27824 70 67
0.27824 62 67
0.27824 72 78
0.27824 69 65
0.27824 62 65
0.27568 70 64
0.27568 67 64
0.27568 62 64
0.27568 74 74
0.27568 70 63
0.27568 67 63
0.27584 79 74
0.27584 74 63
0.27584 70 63
0.29126 74 74
0.29126 70 63
0.29126 67 63
0.28217 0 0
0.14108 74 74
0.14108 69 63
0.14108 66 63
0.40582 0 0
0.13659 74 63
0.13659 72 63
0.13659 81 74
0.40368 0 0
0.13597 79 74
0.13597 74 63
0.13597 70 63
0.41180 0 0
0.14379 78 74
0.14379 74 63
0.14379 69 63
0.43264 0 0
0.14042 79 78
0.14042 74 65
0.14042 67 65
0.14042 0 0
0.13475 79 79
0.13475 72 66
0.13475 67 66
0.13848 0 0
0.14002 73 71
0.14002 79 71
0.14002 85 83
0.41879 0 0
0.13784 74 71
0.13784 86 83
0.13784 81 83
0.13784 79 71
0.13784 0 0
0.13121 86 81
0.13121 74 69
0.13121 77 69
0.13121 81 69
0.13721 0 0
0.13721 74 79
0.13721 69 66
0.13721 65 66
0.42320 0 0
0.13721 75 74
0.13721 70 63
0.13721 63 63
0.13721 0 0
0.13007 75 81
0.13007 69 69
0.13007 63 69
0.13597 0 0
0.13767 69 63
0.13767 75 63
0.13767 81 74
0.41426 0 0
0.13659 70 63
0.13659 82 74
0.13659 77 63
0.13659 75 63
0.13659 0 0
0.13414 82 79
0.13414 70 66
0.13414 74 66
0.13414 77 66
0.13414 0 0
0.13414 72 74
0.13414 65 63
0.40699 0 0
0.13659 75 74
0.13659 70 63
0.13659 63 63
0.41101 0 0
0.13721 72 74
0.13721 70 63
0.13721 67 63
0.40871 0 0
0.13912 77 78
0.13912 70 65
0.13912 65 65
0.42129 0 0
0.14108 81 79
0.14108 69 50
0.14108 75 66
0.14108 77 66
0.44075 0 0
0.28350 82 81
0.28350 75 69
0.28350 70 69
0.28350 77 69
0.28350 82 80
0.28350 74 67
0.28350 70 67
0.28350 77 67
0.28350 77 78
0.28350 74 65
0.28350 70 65
0.28350 74 64
0.28350 70 54
0.28350 65 54
0.28350 70 63
0.28350 65 53
0.28350 62 53
0.42525 70 55
0.42525 58 46
0.15027 74 55
0.15027 62 46
0.42127 77 55
0.42127 65 41
0.14042 0 0
0.54521 77 54
0.54521 65 44
0.00114 0 0
0.54476 78 63
0.54476 66 53
0.00114 0 0
0.55052 79 68
0.55052 67 57
0.00115 0 0
0.54521 81 71
0.54521 69 58
0.00114 0 0
0.54476 84 72
0.54476 72 60
0.00114 0 0
0.55052 82 70
0.55052 70 58
0.00115 0 0
0.41375 81 58
0.41375 69 49
0.14518 79 51
0.14518 67 42
0.56700 78 58
0.56700 66 49
0.55648 78 55
0.55648 66 46
0.27317 79 53
0.27317 67 45
0.27317 78 45
0.27317 66 37
0.28217 76 46
0.28217 64 38
0.29443 78 45
0.29443 66 37
1.14226 79 48
1.14226 67 40
0.28683 72 53
0.28715 71 53
0.29351 70 53
0.26654 71 53
0.13355 71 48
0.99160 76 48
0.28683 71 53
0.28715 69 53
0.29351 68 53
0.26872 69 53
0.13064 69 48
0.99778 74 48
0.28683 72 58
0.28715 71 60
0.29351 69 63
0.29470 67 66
0.26829 74 68
0.26829 66 57
0.26829 72 66
0.26829 64 56
0.27317 71 63
0.27317 62 53
0.29151 69 60
0.29151 60 51
0.57312 67 58
0.57312 59 49
0.41931 71 55
0.41931 62 55
0.15493 69 54
0.15493 60 54
0.57792 67 48
0.57792 59 40
0.56433 0 0
0.28683 72 53
0.28715 71 53
0.29351 70 53
0.28929 71 53
0.29709 83 53
0.29895 81 53
0.29628 80 53
0.28217 81 53
1.13203 76 48
0.28683 71 53
0.28715 69 53
0.29351 68 53
0.28425 69 53
0.28556 81 58
0.28896 79 60
0.28217 78 63
0.28217 79 66
1.13886 74 48
0.28683 72 58
0.28715 71 60
0.29351 69 63
0.29470 67 66
0.26829 78 68
0.26829 66 57
0.26829 74 57
0.26829 76 66
0.26829 64 56
0.26829 72 56
0.27317 74 63
0.27317 62 53
0.27317 71 53
0.29151 72 60
0.29151 60 51
0.29151 69 51
0.57312 67 49
0.57312 59 49
0.57312 71 58
0.41931 72 55
0.15493 69 54
0.57423 66 46
0.57423 60 46
0.14218 55 39
0.14218 67 39
0.04739 0 0
0.14218 67 27
0.14218 55 22
0.04739 0 0
0.14218 67 27
0.14218 55 22
0.04739 0 0
0.14218 67 30
0.14218 55 25
0.04739 0 0
0.14218 67 30
0.14218 55 25
0.04739 0 0
0.14218 67 30
0.14218 55 25
0.04739 0 0
0.14218 67 38
0.14218 55 32
0.04739 0 0
0.14218 67 28
0.14218 55 24
0.04739 0 0
0.14218 67 30
0.14218 55 25
0.04739 0 0
0.13792 67 39
0.13792 55 33
0.04597 0 0
0.13792 67 30
0.13792 55 25
0.04597 0 0
0.13792 67 30
0.13792 55 25
0.04597 0 0
0.14108 55 39
0.14108 67 39
0.04703 0 0
0.14108 67 27
0.14108 55 22
0.04703 0 0
0.14108 67 27
0.14108 55 22
0.04703 0 0
0.13659 67 30
0.13659 55 25
0.04553 0 0
0.13659 67 30
0.13659 55 25
0.04553 0 0
0.13659 67 30
0.13659 55 25
0.04553 0 0
0.13648 67 38
0.13648 55 32
0.04549 0 0
0.13648 67 28
0.13648 55 24
0.04549 0 0
0.13648 67 30
0.13648 55 25
0.04549 0 0
0.13792 67 39
0.13792 55 33
0.04597 0 0
0.13792 67 30
0.13792 55 25
0.04597 0 0
0.13792 67 30
0.13792 55 25
0.04597 0 0
0.13792 55 39
0.13792 67 39
0.04597 0 0
0.13792 67 27
0.13792 55 22
0.04597 0 0
0.13792 67 27
0.13792 55 22
0.04597 0 0
0.13792 67 30
0.13792 55 25
0.04597 0 0
0.13792 67 30
0.13792 55 25
0.04597 0 0
0.13792 67 30
0.13792 55 25
0.04597 0 0
0.13792 67 38
0.13792 55 32
0.04597 0 0
0.13792 67 28
0.13792 55 24
0.04597 0 0
0.13792 67 30
0.13792 55 25
0.04597 0 0
0.13577 67 39
0.13577 55 33
0.04526 0 0
0.13577 67 30
0.13577 55 25
0.04526 0 0
0.14020 65 30
0.14020 53 25
0.04747 0 0
0.13792 55 39
0.13792 63 39
0.13792 60 39
0.13792 67 39
0.04597 0 0
0.13792 67 27
0.13792 63 22
0.13792 60 22
0.13792 55 22
0.04597 0 0
0.13792 67 27
0.13792 63 22
0.13792 60 22
0.13792 55 22
0.04597 0 0
0.13792 67 30
0.13792 63 22
0.13792 60 22
0.13792 55 25
0.04597 0 0
0.13792 67 30
0.13792 63 22
0.13792 60 22
0.13792 55 25
0.04597 0 0
0.13792 67 30
0.13792 63 22
0.13792 60 22
0.13792 55 25
0.04597 0 0
0.13792 67 38
0.13792 62 32
0.13792 59 32
0.13792 55 32
0.04597 0 0
0.13792 67 28
0.13792 62 32
0.13792 59 32
0.13792 55 24
0.04597 0 0
0.13792 67 30
0.13792 62 32
0.13792 59 32
0.13792 55 25
0.04597 0 0
0.13792 67 39
0.13792 62 33
0.13792 59 33
0.13792 55 33
0.04597 0 0
0.13792 67 30
0.13792 62 25
0.13792 59 25
0.13792 55 25
0.04597 0 0
0.13792 67 30
0.13792 62 25
0.13792 59 25
0.13792 55 25
0.04597 0 0
0.14218 55 39
0.14218 63 39
0.14218 60 39
0.14218 67 39
0.04739 0 0
0.14218 67 27
0.14218 55 22
0.04739 0 0
0.14218 67 27
0.14218 55 22
0.04739 0 0
0.13889 67 34
0.13889 55 28
0.04630 0 0
0.13889 67 35
0.13889 55 29
0.04630 0 0
0.13889 67 36
0.13889 55 30
0.04630 0 0
0.13889 67 48
0.13889 55 40
0.04630 0 0
0.13889 67 36
0.13889 55 32
0.04630 0 0
0.13889 67 41
0.13889 55 34
0.04630 0 0
0.13792 67 56
0.13792 55 47
0.04597 0 0
0.13792 67 43
0.13792 55 36
0.04597 0 0
0.13792 67 44
0.13792 55 37
0.04597 0 0
0.14108 55 59
0.14108 67 59
0.04703 0 0
0.14108 67 41
0.14108 55 33
0.04703 0 0
0.14108 67 41
0.14108 55 33
0.04703 0 0
0.13659 67 46
0.13659 55 37
0.04553 0 0
0.13659 67 46
0.13659 55 37
0.04553 0 0
0.13659 67 46
0.13659 55 37
0.04553 0 0
0.13648 67 58
0.13648 55 49
0.04549 0 0
0.13648 67 42
0.13648 55 36
0.04549 0 0
0.13648 67 46
0.13648 55 37
0.04549 0 0
0.13792 68 65
0.13792 56 55
0.04597 0 0
0.13792 68 52
0.13792 56 42
0.04597 0 0
0.15124 68 55
0.15124 56 44
0.05263 0 0
0.13761 55 70
0.13761 67 70
0.04587 0 0
0.13761 67 50
0.13761 55 40
0.04587 0 0
0.13761 67 50
0.13761 55 40
0.04587 0 0
0.13761 67 55
0.13761 55 46
0.04587 0 0
0.13761 67 55
0.13761 55 44
0.04587 0 0
0.13761 67 54
0.13761 55 44
0.04587 0 0
0.13761 67 69
0.13761 55 57
0.04587 0 0
0.13761 67 49
0.13761 55 42
0.04587 0 0
0.13761 67 52
0.13761 55 42
0.04587 0 0
0.13577 67 67
0.13577 55 57
0.04526 0 0
0.13577 67 51
0.13577 55 42
0.04526 0 0
0.14020 65 50
0.14020 53 41
0.04747 0 0
0.13792 55 59
0.13792 64 59
0.13792 60 59
0.13792 67 59
0.04597 0 0
0.13792 67 41
0.13792 64 33
0.13792 60 33
0.13792 55 33
0.04597 0 0
0.13792 67 41
0.13792 64 33
0.13792 60 33
0.13792 55 33
0.04597 0 0
0.13514 67 46
0.13514 64 33
0.13514 60 33
0.13514 55 37
0.04505 0 0
0.13514 67 46
0.13514 64 33
0.13514 60 33
0.13514 55 37
0.04505 0 0
0.13514 67 46
0.13514 64 33
0.13514 60 33
0.13514 55 37
0.04505 0 0
0.13514 67 58
0.13514 62 49
0.13514 59 49
0.13514 55 49
0.04505 0 0
0.13514 67 42
0.13514 62 49
0.13514 59 49
0.13514 55 36
0.04505 0 0
0.13514 67 46
0.13514 62 49
0.13514 59 49
0.13514 55 37
0.04505 0 0
0.13699 67 59
0.13699 62 50
0.13699 59 50
0.13699 55 50
0.04566 0 0
0.13699 67 46
0.13699 62 37
0.13699 59 37
0.13699 55 37
0.04566 0 0
0.15148 67 46
0.15148 62 37
0.15148 59 37
0.15148 55 37
0.05291 0 0
1.09589 67 48
1.09589 55 40
1.09589 60 40
1.09589 64 40
0.54795 0 0
0.41375 71 44
0.41375 67 37
0.41375 62 37
0.13792 72 38
0.13792 67 32
0.13792 64 32
0.39739 74 51
0.42325 67 35
0.42325 65 35
0.14108 0 0
0.38472 74 42
0.40976 65 35
0.40976 67 35
0.13659 0 0
0.38441 74 42
0.40943 67 35
0.40943 65 35
0.13648 0 0
0.41375 72 46
0.41375 67 39
0.41375 64 39
0.13792 74 47
0.13792 67 39
0.13792 65 39
0.82751 76 53
0.82751 67 45
0.27584 74 44
0.27584 67 37
0.27584 65 37
0.55167 72 39
0.55167 67 33
0.55167 64 33
0.40731 74 49
0.40731 67 41
0.40731 65 41
0.14241 72 42
0.14241 67 35
0.14241 64 35
0.55167 71 46
0.55167 67 39
0.55167 62 39
0.41375 69 44
0.41375 67 37
0.41375 60 37
0.13792 71 36
0.13792 67 30
0.13792 62 30
0.56833 72 48
0.56833 67 40
0.56833 64 40
0.41931 74 43
0.41931 71 36
0.41931 67 36
0.14805 76 44
0.14805 72 37
0.14805 67 37
1.71976 74 51
1.71976 67 43
1.71976 71 43
0.41375 71 62
0.41375 67 52
0.41375 59 52
0.14925 72 60
0.14925 69 50
0.14925 60 50
0.54142 74 73
0.54142 71 61
0.54142 62 61
0.53571 74 60
0.53571 71 50
0.53571 62 50
0.55723 74 60
0.55723 71 50
0.55723 62 50
0.41375 76 61
0.41375 72 51
0.41375 64 49
0.14925 77 67
0.14925 74 46
0.14925 65 46
0.54015 79 75
0.54015 67 54
0.54015 76 54
0.54795 77 69
0.54795 71 58
0.54795 74 58
0.57854 76 76
0.57854 72 54
0.41096 77 69
0.41096 69 58
0.14241 74 60
0.14241 69 51
0.14241 65 51
0.55556 71 66
0.55556 65 55
0.55556 62 55
0.55046 62 55
0.55046 71 66
0.55046 65 55
0.58328 62 55
0.58328 65 55
0.58328 71 66
0.42453 67 64
0.42453 76 75
0.14805 74 62
0.14805 67 52
0.14805 65 52
1.18437 72 73
1.18437 64 61
1.18437 67 61
0.59218 0 0
0.41375 83 52
0.13792 84 45
0.55908 86 61
0.55137 86 50
0.55137 77 35
0.55137 80 35
0.55137 83 35
0.54590 86 50
0.54590 78 35
0.54590 81 35
0.54590 84 35
0.41375 84 55
0.13792 86 56
0.55167 81 35
0.55167 78 35
0.82751 87 63
0.27584 86 52
0.55908 84 46
1.66242 81 35
1.66242 78 35
0.40731 86 58
0.14241 84 50
0.54972 81 35
0.54972 74 35
0.55167 83 55
0.55167 79 35
0.55167 74 35
0.41375 81 52
0.13792 83 52
0.55167 79 35
0.55167 74 35
0.57515 84 57
0.57515 79 35
0.57515 72 35
0.41931 86 51
0.41931 83 39
0.14805 87 52
0.14805 84 40
0.56735 79 35
1.77655 86 51
1.77655 83 39
1.77655 79 39
0.41375 74 55
0.13792 75 47
0.38847 77 64
0.16320 0 0
0.38847 77 52
0.41375 71 44
0.41375 68 44
0.41375 74 44
0.13792 0 0
0.36322 77 52
0.38686 70 44
0.38686 68 44
0.12895 0 0
0.06082 75 47
0.06082 77 47
0.29268 75 70
0.16700 74 58
0.58132 68 39
0.58132 70 39
0.54459 67 56
0.54459 70 56
0.82027 79 66
0.27568 77 55
0.55137 68 36
0.55137 74 44
0.55137 75 48
0.55137 67 56
0.40731 74 63
0.40731 65 53
0.14241 72 54
0.14241 63 46
0.54972 68 46
0.55167 71 59
0.55167 67 50
0.55167 62 50
0.41375 69 61
0.13792 71 50
0.55167 67 47
0.55167 62 49
0.56354 72 63
0.56354 67 63
0.56354 60 63
0.42265 77 63
0.14805 75 55
0.14805 72 46
0.57070 67 53
1.71976 74 51
1.71976 67 43
1.71976 71 43
0.41375 71 68
0.41375 67 57
0.41375 59 57
0.14925 72 66
0.14925 69 55
0.14925 60 55
0.55414 74 80
0.55414 71 67
0.55414 62 67
0.53887 74 66
0.53887 71 55
0.53887 62 55
0.53333 74 67
0.53333 71 56
0.53333 62 56
0.41375 76 63
0.41375 72 53
0.41375 64 53
0.19400 77 79
0.19400 74 54
0.19400 65 54
0.81914 79 93
0.81914 67 67
0.81914 76 67
0.27397 77 74
0.27397 65 62
0.27397 74 62
0.56383 76 77
0.56383 73 55
0.56383 64 55
0.57971 0 0
0.83112 64 60
0.28302 65 54
0.56471 64 50
1.67885 61 51
1.67885 55 51
0.56872 0 0
0.81914 77 93
0.81914 65 67
0.81914 74 67
0.27397 75 74
0.27397 63 62
0.27397 72 62
0.56383 74 77
0.56383 71 55
0.56383 62 55
0.57971 0 0
0.83112 62 60
0.28302 63 54
0.56471 62 50
1.67885 59 51
1.67885 53 51
0.56872 0 0
1.12152 75 60
0.55814 74 53
0.58109 72 50
2.26075 69 43
1.13535 67 51
0.28169 72 51
0.28169 71 46
0.28169 69 49
0.29192 71 41
1.13699 65 36
3.36679 64 34
3.95503 72 48
0.41375 71 37
0.13792 72 32
0.39739 74 43
0.16695 0 0
0.39486 74 35
0.16589 0 0
0.38235 74 35
0.16063 0 0
0.27584 72 39
0.29126 71 39
0.81818 75 45
0.27273 74 37
0.27273 72 33
0.29703 67 33
0.27650 72 35
0.29126 74 40
0.56338 75 45
0.28571 74 45
0.28571 72 42
0.44554 67 46
0.14851 0 0
0.46875 65 32
0.46875 71 38
0.15625 0 0
1.87500 72 43
1.87500 64 36
1.11601 0 0
1.10665 79 37
1.10665 67 29
1.11255 0 0
1.11521 79 36
1.11521 67 29
0.27650 75 35
0.29126 77 40
0.28169 79 45
0.28169 75 40
0.28571 71 45
0.28571 72 42
0.44554 67 46
0.14851 0 0
0.46875 65 32
0.46875 71 38
0.15625 0 0
1.25000 72 43
1.25000 64 36
0.44554 67 46
0.14851 0 0
0.46875 65 32
0.46875 71 38
0.15625 0 0
1.25000 72 43
1.25000 64 36
0.59406 55 48
0.64865 53 34
0.64865 59 41
1.37931 60 48
1.37931 52 40
1.51899 60 46
1.51899 52 38
1.51899 55 38
3.66412 60 46
3.66412 52 38
3.66412 55 38
#  Piano left
2.23101 31 60
2.23101 43 70
9.02772 0 0
0.27584 55 35
0.13792 0 0
0.06896 55 33
0.06896 0 0
0.27071 55 40
0.27071 0 0
0.27442 55 33
0.27442 0 0
0.27295 55 33
0.27295 0 0
0.27584 55 46
0.13792 0 0
0.06896 55 47
0.06896 0 0
0.13792 55 53
0.39654 0 0
0.13699 57 53
0.27397 0 0
0.06849 59 43
0.06849 0 0
0.27397 60 49
0.27397 0 0
0.27154 53 45
0.13577 0 0
0.07120 53 36
0.07120 0 0
0.96543 55 44
0.06896 53 30
0.06896 55 36
0.06896 0 0
0.28177 55 48
0.28177 51 40
0.30151 0 0
0.28302 55 53
0.28302 43 45
0.14151 0 0
0.07402 43 37
0.07402 55 44
0.07402 0 0
1.77655 55 55
1.77655 48 46
8.99424 0 0
0.27584 58 35
0.13792 0 0
0.06896 58 33
0.06896 0 0
0.27584 58 40
0.27584 0 0
0.27584 58 33
0.27584 0 0
0.27295 58 33
0.27295 0 0
0.27584 58 46
0.13792 0 0
0.06896 58 47
0.06896 0 0
0.13792 58 53
0.39654 0 0
0.13699 60 53
0.27397 0 0
0.06849 62 43
0.06849 0 0
0.27397 63 49
0.27397 0 0
0.27154 53 45
0.13577 0 0
0.07120 53 36
0.07120 0 0
0.96543 55 44
0.06896 55 36
0.06896 53 30
0.06896 0 0
0.28177 55 48
0.28177 51 40
0.30939 0 0
0.28302 43 45
0.28302 55 53
0.14151 0 0
0.07402 43 37
0.07402 55 44
0.07402 0 0
1.77655 55 55
1.77655 48 46
1.10335 0 0
0.41375 65 36
0.13792 0 0
0.40943 66 36
0.13648 0 0
0.55167 62 30
0.55167 66 36
0.81527 60 46
0.27442 62 46
0.54885 63 46
1.63854 66 39
0.54972 62 37
0.54972 54 31
0.55167 62 42
0.55167 55 35
0.41375 55 35
0.41375 62 43
0.41375 53 35
0.13792 62 35
0.13792 53 29
0.13792 55 29
0.56354 60 47
0.56354 51 39
0.56354 55 39
0.42265 50 40
0.42265 55 40
0.42265 59 48
0.14805 55 41
0.14805 60 49
0.14805 48 41
1.77655 55 48
1.77655 59 57
0.27584 43 51
0.27584 55 61
0.13792 0 0
0.06896 43 48
0.06896 55 57
0.06896 0 0
0.27584 43 59
0.27584 55 70
0.27584 0 0
0.27584 43 55
0.27584 55 64
0.27584 0 0
0.27295 43 56
0.27295 55 66
0.27295 0 0
0.27584 43 68
0.27584 55 80
0.13792 0 0
0.06896 55 66
0.06896 43 56
0.06896 0 0
0.13792 43 61
0.13792 55 73
0.39654 0 0
0.13699 45 70
0.13699 57 84
0.27397 0 0
0.13699 59 68
0.13699 47 56
0.27397 60 78
0.27397 48 64
0.27397 0 0
0.27154 41 52
0.27154 53 62
0.13577 0 0
0.07120 41 41
0.07120 53 49
0.07120 0 0
0.27584 55 61
0.27584 43 51
0.27584 0 0
0.27584 55 61
0.13792 0 0
0.06896 53 41
0.06896 55 49
0.06896 0 0
0.28177 55 66
0.28177 51 56
0.30151 0 0
0.28302 43 73
0.28302 31 61
0.14151 0 0
0.07402 31 51
0.07402 43 61
0.07402 0 0
1.77655 36 64
1.77655 43 77
1.10335 0 0
0.41375 65 41
0.13792 0 0
0.38686 65 41
0.38686 62 34
0.12895 0 0
0.60277 65 41
0.60277 58 34
0.54459 63 52
0.55137 62 30
0.55137 65 36
0.55137 59 30
0.55137 63 52
0.55137 60 44
0.54972 53 43
0.55167 55 48
0.41375 55 49
0.13792 55 40
0.13792 53 34
0.56354 55 53
0.56354 51 45
0.42265 59 55
0.42265 55 46
0.42265 50 46
0.14805 48 47
0.14805 55 47
0.14805 60 56
1.77655 59 64
1.77655 55 55
0.27584 46 66
0.27584 34 56
0.13792 0 0
0.06896 34 52
0.06896 46 60
0.06896 0 0
0.27584 34 64
0.27584 46 76
0.27584 0 0
0.27584 46 69
0.27584 34 57
0.27584 0 0
0.27295 34 59
0.27295 46 71
0.27295 0 0
0.27584 34 73
0.27584 46 86
0.13792 0 0
0.06896 46 71
0.06896 34 59
0.06896 0 0
0.13792 46 79
0.13792 34 67
0.39654 0 0
0.13699 48 91
0.13699 36 76
0.27397 0 0
0.13699 50 74
0.13699 38 60
0.27397 51 84
0.27397 39 71
0.27397 0 0
0.27154 53 67
0.27154 41 57
0.13577 0 0
0.07120 53 53
0.07120 41 44
0.07120 0 0
0.27584 43 56
0.27584 55 66
0.27584 0 0
0.27584 55 66
0.13792 0 0
0.06896 53 44
0.06896 55 53
0.06896 0 0
0.28177 55 71
0.28177 51 59
0.31976 0 0
0.28302 31 67
0.28302 43 79
0.14151 0 0
0.07402 31 56
0.07402 43 66
0.07402 0 0
1.77655 36 70
1.77655 43 83
0.57257 0 0
1.77655 56 72
1.77655 51 61
1.77655 44 61
0.58925 0 0
1.77655 51 72
1.77655 39 61
1.77655 48 61
0.54972 60 57
0.54972 48 48
0.55167 41 47
0.55167 53 56
0.27584 55 56
0.27584 43 47
0.13792 0 0
0.06896 56 45
0.06896 44 38
0.06896 0 0
0.58328 43 51
0.58328 55 60
0.57257 31 47
0.57257 43 56
1.77655 36 50
1.77655 43 50
1.77655 48 59
0.58789 0 0
1.77655 56 56
1.77655 51 47
1.77655 44 47
0.59153 0 0
1.77655 51 59
1.77655 48 50
1.77655 39 50
0.54972 0 0
0.54360 49 39
0.27568 51 39
0.13784 0 0
0.06892 53 31
0.06892 0 0
0.28177 51 42
0.30151 0 0
0.28302 39 28
0.28302 51 35
0.28956 0 0
0.19739 44 40
0.19739 48 33
0.19739 51 33
0.19080 48 40
0.19080 51 29
0.19080 56 30
0.19080 47 40
0.19080 50 33
0.19080 56 33
0.18389 48 40
0.18389 51 35
0.19932 56 35
0.18811 44 40
0.18811 48 33
0.18811 56 33
0.18212 48 40
0.18212 51 29
0.18212 56 30
0.18197 47 40
0.18197 50 33
0.18197 56 33
0.18389 48 40
0.19213 51 35
0.20036 56 35
0.18295 49 40
0.18295 53 33
0.18295 56 33
0.17572 49 40
0.17572 55 29
0.19080 58 30
0.18379 48 40
0.18379 56 33
0.18379 60 33
0.17886 48 40
0.17886 51 35
0.18990 56 35
0.18295 46 40
0.18295 51 33
0.18295 56 33
0.17806 46 40
0.17806 51 29
0.18811 55 30
0.18212 44 35
0.18212 51 28
0.18212 58 28
0.17886 44 35
0.17886 51 27
0.19172 56 35
0.18295 49 30
0.18295 56 24
0.18295 58 24
0.18295 53 32
0.18295 56 23
0.18295 61 24
0.18549 51 30
0.18549 56 23
0.18549 60 23
0.18811 51 29
0.18811 55 23
0.18811 58 23
0.19357 44 33
0.19357 48 23
0.19357 56 23
0.18811 48 31
0.18811 51 25
0.18811 56 26
0.18636 47 40
0.18636 50 31
0.18636 56 31
0.18389 48 40
0.18389 51 35
0.19932 56 35
0.18811 44 40
0.18811 48 33
0.18811 56 33
0.18212 48 40
0.18212 51 29
0.18212 56 30
0.18197 47 40
0.18197 50 33
0.18197 56 33
0.18389 48 40
0.19213 51 35
0.23801 56 35
0.18379 49 40
0.18379 52 33
0.18379 56 33
0.17966 49 40
0.17966 52 29
0.19080 58 30
0.18379 47 40
0.18379 54 33
0.18379 59 33
0.17886 47 40
0.17886 54 35
0.18990 59 35
0.18295 52 40
0.18295 56 33
0.18295 61 33
0.17806 52 40
0.17806 54 29
0.18811 58 30
0.18212 51 35
0.18212 54 28
0.18212 59 28
0.17886 51 35
0.17886 55 27
0.17886 61 35
0.18295 52 30
0.18295 56 24
0.17251 59 24
0.17966 56 32
0.17966 59 23
0.17966 64 24
0.18549 54 30
0.18549 59 23
0.18549 63 23
0.18811 54 29
0.18811 58 23
0.18811 61 23
0.19264 47 33
0.19264 51 23
0.19264 59 23
0.18811 51 31
0.18811 54 25
0.18811 59 27
0.18811 50 42
0.18811 53 32
0.18811 59 32
0.18389 51 42
0.18389 54 37
0.19932 59 38
0.18723 47 44
0.18723 51 36
0.18723 54 37
0.18212 47 47
0.18212 51 34
0.18212 54 36
0.18197 46 51
0.18197 49 48
0.18197 51 49
0.18389 44 62
0.18389 49 55
0.18389 51 56
0.18212 43 72
0.18212 49 58
0.18212 51 62
0.18197 43 69
0.18197 46 48
0.18197 51 55
0.18389 44 62
0.18389 47 49
0.18389 51 48
0.18389 49 44
0.18389 52 38
0.19115 58 38
0.18900 51 33
0.18900 58 27
0.18900 61 27
0.18549 51 34
0.18549 58 25
0.18549 61 26
0.18212 51 36
0.18212 58 29
0.18212 61 29
0.18811 51 35
0.18811 58 28
0.20037 61 28
0.19264 56 33
0.19264 60 23
0.19264 63 23
0.18811 60 31
0.18811 63 25
0.18811 68 27
0.18811 59 38
0.18811 62 32
0.18811 68 32
0.18389 60 42
0.18389 63 37
0.19932 68 38
0.18811 56 44
0.18811 60 36
0.18811 68 37
0.18212 60 47
0.18212 63 34
0.18212 68 36
0.18197 59 50
0.18197 62 42
0.18197 68 43
0.18389 60 55
0.18389 63 47
0.18389 68 45
0.18212 61 61
0.18212 65 46
0.18212 68 51
0.18197 61 61
0.18197 63 49
0.18197 70 49
0.18389 60 57
0.18389 63 45
0.18389 68 44
0.18389 60 44
0.18389 63 38
0.19115 68 38
0.18811 58 44
0.18811 63 36
0.18811 70 37
0.18212 58 47
0.18212 63 34
0.18212 67 36
0.18197 56 45
0.18197 63 36
0.18197 68 36
0.18389 56 46
0.18389 63 37
0.18389 68 36
0.18295 61 30
0.18295 68 24
0.18295 70 24
0.18295 65 32
0.18295 68 23
0.18295 73 24
0.18549 63 30
0.18549 68 23
0.18549 72 23
0.18811 63 29
0.18811 67 23
0.18811 70 23
0.28896 68 30
0.28896 56 25
0.28896 60 25
1.41504 0 0
0.41375 56 58
0.15334 60 51
0.42127 63 62
0.14042 0 0
0.40976 63 56
0.13659 0 0
0.40943 63 58
0.13648 0 0
0.41962 63 57
0.14379 0 0
1.09108 65 63
1.09898 63 60
1.09308 61 63
1.09578 60 57
0.54885 58 57
0.54885 61 55
0.55648 60 61
0.56433 58 54
0.56433 51 45
0.57792 44 51
0.57792 51 51
0.57792 56 60
1.12348 0 0
0.41375 44 63
0.41375 56 63
0.15334 60 56
0.15334 48 56
0.39739 63 68
0.42325 51 68
0.14108 0 0
0.40976 51 50
0.40976 63 61
0.13659 0 0
0.40943 63 63
0.40943 51 53
0.13648 0 0
0.41962 63 62
0.41962 51 52
0.15179 0 0
1.11182 64 69
1.11182 52 58
1.10258 63 66
1.10258 51 55
1.09308 61 69
1.09308 49 58
0.81464 59 62
0.28003 58 68
1.09467 47 52
0.54518 52 52
0.54518 56 61
0.56343 64 55
0.56343 56 46
0.56343 49 46
0.55648 54 47
0.55648 63 56
0.58399 61 50
0.58399 54 42
0.57792 59 59
0.57792 54 50
0.57792 47 50
1.69317 0 0
0.18723 47 44
0.18723 51 36
0.18723 54 37
0.18212 47 47
0.18212 51 34
0.18212 54 36
0.18197 46 51
0.18197 49 48
0.18197 51 49
0.18389 44 62
0.18389 49 55
0.18389 51 56
0.18212 43 72
0.18212 49 58
0.18212 51 62
0.18197 43 69
0.18197 46 48
0.18197 51 55
0.18389 44 62
0.18389 47 49
0.18389 51 48
0.18389 49 44
0.18389 52 38
0.19115 58 38
0.18900 51 33
0.18900 58 27
0.18900 61 27
0.18549 51 34
0.18549 58 25
0.18549 61 26
0.18212 51 36
0.18212 58 29
0.18212 61 29
0.18811 51 35
0.18811 58 28
0.20037 61 28
0.14448 44 33
0.04816 0 0
0.14448 60 23
0.14448 56 19
0.14448 51 19
0.04816 0 0
0.14448 60 23
0.14448 56 19
0.14448 51 19
0.04816 0 0
0.14108 60 25
0.14108 56 21
0.14108 51 21
0.04703 0 0
0.14108 56 21
0.14108 60 25
0.14108 51 21
0.04703 0 0
0.14108 51 21
0.14108 56 21
0.14108 60 25
0.04703 0 0
0.13659 56 27
0.13659 51 27
0.13659 60 32
0.04553 0 0
0.13659 56 20
0.13659 51 20
0.13659 60 24
0.04553 0 0
0.13659 56 21
0.13659 60 25
0.13659 51 21
0.04553 0 0
0.13977 51 28
0.13977 56 28
0.13977 60 33
0.04659 0 0
0.13977 51 21
0.13977 60 25
0.13977 56 21
0.04659 0 0
0.13111 51 21
0.13111 56 21
0.13111 60 25
0.04226 0 0
0.13355 37 33
0.04747 0 0
0.14242 49 19
0.14242 60 23
0.14242 53 19
0.04747 0 0
0.14242 49 19
0.14242 53 19
0.14242 60 23
0.04747 0 0
0.14108 53 25
0.14108 49 25
0.14108 57 30
0.04703 0 0
0.14108 57 25
0.14108 49 21
0.14108 53 21
0.04703 0 0
0.14108 53 21
0.14108 57 25
0.14108 49 21
0.04703 0 0
0.13659 53 27
0.13659 58 32
0.13659 49 27
0.04553 0 0
0.13659 58 24
0.13659 53 20
0.13659 49 20
0.04553 0 0
0.13659 53 21
0.13659 49 21
0.13659 58 25
0.04553 0 0
0.13977 53 28
0.13977 58 33
0.13977 49 28
0.04659 0 0
0.13977 58 25
0.13977 53 21
0.13977 49 21
0.04659 0 0
0.13256 58 25
0.13256 49 21
0.13256 53 21
0.04298 0 0
0.13064 36 33
0.04816 0 0
0.14448 58 23
0.14448 51 19
0.14448 48 19
0.04816 0 0
0.14448 58 23
0.14448 48 19
0.14448 51 19
0.04816 0 0
0.14108 51 25
0.14108 55 30
0.14108 48 25
0.04703 0 0
0.14108 48 21
0.14108 51 21
0.14108 55 25
0.04703 0 0
0.14108 55 25
0.14108 51 21
0.14108 48 21
0.04703 0 0
0.13659 48 29
0.13659 51 29
0.13659 56 35
0.04553 0 0
0.13659 56 27
0.13659 48 22
0.13659 51 22
0.04553 0 0
0.13659 48 24
0.13659 56 29
0.13659 51 24
0.04553 0 0
0.13977 51 33
0.13977 56 39
0.13977 48 33
0.04659 0 0
0.13977 51 25
0.13977 56 30
0.13977 48 25
0.04659 0 0
0.14987 56 31
0.14987 48 26
0.14987 51 26
0.05164 0 0
0.13414 37 42
0.04471 0 0
0.13414 49 25
0.13414 53 30
0.04471 0 0
0.13414 49 26
0.13414 53 31
0.04471 0 0
0.13659 53 39
0.13659 49 33
0.04553 0 0
0.13659 53 29
0.13659 49 24
0.04553 0 0
0.14881 49 23
0.14881 53 28
0.05164 0 0
0.13659 39 36
0.04553 0 0
0.13659 56 26
0.13659 51 21
0.04553 0 0
0.15444 51 22
0.15444 56 26
0.05445 0 0
0.13977 39 34
0.04659 0 0
0.13977 55 26
0.13977 51 21
0.04659 0 0
0.14987 55 25
0.14987 51 21
0.05164 0 0
0.14448 44 33
0.04816 0 0
0.14448 56 19
0.14448 51 19
0.14448 60 23
0.04816 0 0
0.14448 51 19
0.14448 60 23
0.14448 56 19
0.04816 0 0
0.14108 56 21
0.14108 51 21
0.14108 60 25
0.04703 0 0
0.14108 51 21
0.14108 56 21
0.14108 60 25
0.04703 0 0
0.14108 56 21
0.14108 51 21
0.14108 60 25
0.04703 0 0
0.13659 56 27
0.13659 51 27
0.13659 60 32
0.04553 0 0
0.13659 51 20
0.13659 60 24
0.13659 56 20
0.04553 0 0
0.13659 60 25
0.13659 56 21
0.13659 51 21
0.04553 0 0
0.13977 51 28
0.13977 56 28
0.13977 60 33
0.04659 0 0
0.13977 60 25
0.13977 56 21
0.13977 51 21
0.04659 0 0
0.14627 56 21
0.14627 60 25
0.14627 51 21
0.04984 0 0
0.14042 37 33
0.04747 0 0
0.14242 60 23
0.14242 53 19
0.14242 49 19
0.04747 0 0
0.14242 49 19
0.14242 53 19
0.14242 60 23
0.04747 0 0
0.14108 53 25
0.14108 60 30
0.14108 49 25
0.04703 0 0
0.14108 49 21
0.14108 60 25
0.14108 53 21
0.04703 0 0
0.14108 60 25
0.14108 49 21
0.14108 53 21
0.04703 0 0
0.13659 49 27
0.13659 53 27
0.13659 58 32
0.04553 0 0
0.13659 49 20
0.13659 58 24
0.13659 53 20
0.04553 0 0
0.13659 49 21
0.13659 58 25
0.13659 53 21
0.04553 0 0
0.13977 49 28
0.13977 58 33
0.13977 53 28
0.04659 0 0
0.13977 58 25
0.13977 49 21
0.13977 53 21
0.04659 0 0
0.14291 53 21
0.14291 58 25
0.14291 49 21
0.04816 0 0
0.14108 36 33
0.04816 0 0
0.14448 48 19
0.14448 51 19
0.14448 58 23
0.04816 0 0
0.14448 51 19
0.14448 48 19
0.14448 58 23
0.04816 0 0
0.14108 48 25
0.14108 58 30
0.14108 51 25
0.04703 0 0
0.14108 58 25
0.14108 48 21
0.14108 51 21
0.04703 0 0
0.14108 51 21
0.14108 48 21
0.14108 58 25
0.04703 0 0
0.13659 56 35
0.13659 48 29
0.13659 51 29
0.04553 0 0
0.13659 51 22
0.13659 48 22
0.13659 56 27
0.04553 0 0
0.13659 56 29
0.13659 48 24
0.13659 51 24
0.04553 0 0
0.13977 48 33
0.13977 56 39
0.13977 51 33
0.04659 0 0
0.13977 56 30
0.13977 48 25
0.13977 51 25
0.04659 0 0
0.14987 48 26
0.14987 56 31
0.14987 51 26
0.05164 0 0
0.13414 37 42
0.04471 0 0
0.13414 53 25
0.13414 49 25
0.13414 56 30
0.04471 0 0
0.13414 49 26
0.13414 56 31
0.13414 53 26
0.04471 0 0
0.13659 49 33
0.13659 57 39
0.13659 53 33
0.04553 0 0
0.13659 57 29
0.13659 49 24
0.13659 53 24
0.04553 0 0
0.14881 53 23
0.14881 49 23
0.14881 58 28
0.05164 0 0
0.13659 39 36
0.04553 0 0
0.13659 56 26
0.13659 51 21
0.04553 0 0
0.15444 56 26
0.15444 51 22
0.05445 0 0
0.13977 39 34
0.04659 0 0
0.13977 51 21
0.13977 55 21
0.13977 58 26
0.04659 0 0
0.14987 51 21
0.14987 55 21
0.14987 58 25
0.05164 0 0
0.14448 44 33
0.04816 0 0
0.14448 48 21
0.14448 44 19
0.14448 51 23
0.04816 0 0
0.14448 51 23
0.14448 44 19
0.14448 48 19
0.04816 0 0
0.14108 51 25
0.14108 48 21
0.14108 44 21
0.04703 0 0
0.14108 44 21
0.14108 51 25
0.14108 48 21
0.04703 0 0
0.14108 44 21
0.14108 48 21
0.14108 51 25
0.04703 0 0
0.13659 48 27
0.13659 51 32
0.13659 44 27
0.04553 0 0
0.13659 48 27
0.13659 51 24
0.13659 44 20
0.04553 0 0
0.13659 51 25
0.13659 48 21
0.13659 44 21
1.68861 32 33
0.13977 44 28
0.13977 48 28
0.13977 51 33
0.04659 0 0
0.13977 51 25
0.13977 48 21
0.13977 44 21
0.04659 0 0
0.14589 51 25
0.14589 48 21
0.14589 44 21
0.04965 0 0
0.14448 44 33
0.04816 0 0
0.14448 48 21
0.14448 44 19
0.14448 51 23
0.04816 0 0
0.14448 51 23
0.14448 44 19
0.14448 48 19
0.04816 0 0
0.14108 51 25
0.14108 48 21
0.14108 44 21
0.04703 0 0
0.14108 44 21
0.14108 51 25
0.14108 48 21
0.04703 0 0
0.14108 51 25
0.14108 44 21
0.14108 48 21
1.14226 32 33
0.13659 44 27
0.13659 48 27
0.13659 51 32
0.04553 0 0
0.13659 51 24
0.13659 44 20
0.13659 48 27
0.04553 0 0
0.13659 48 21
0.13659 44 21
0.13659 51 25
0.04553 0 0
0.13977 48 28
0.13977 51 33
0.13977 44 28
0.04659 0 0
0.13977 44 21
0.13977 48 21
0.13977 51 25
0.04659 0 0
0.18320 48 21
0.18320 51 25
0.18320 44 21
0.06831 0 0
0.14448 43 33
0.04816 0 0
0.14448 48 21
0.14448 51 23
0.14448 43 19
0.04816 0 0
0.14448 43 19
0.14448 51 23
0.14448 48 19
0.04816 0 0
0.14108 43 21
0.14108 51 25
0.14108 48 21
0.04703 0 0
0.14108 51 25
0.14108 48 21
0.14108 43 21
0.04703 0 0
0.14108 51 25
0.14108 43 21
0.14108 48 21
1.14226 31 33
0.13659 48 27
0.13659 51 32
0.13659 43 27
0.04553 0 0
0.13659 43 20
0.13659 48 27
0.13659 51 24
0.04553 0 0
0.13659 43 21
0.13659 51 25
0.13659 48 21
0.04553 0 0
0.13977 48 28
0.13977 51 33
0.13977 43 28
0.04659 0 0
0.13977 48 21
0.13977 43 21
0.13977 51 25
0.04659 0 0
0.14589 51 25
0.14589 43 21
0.14589 48 21
0.04965 0 0
0.14448 43 33
0.04816 0 0
0.14448 48 21
0.14448 43 19
0.14448 51 23
0.04816 0 0
0.14448 43 19
0.14448 48 19
0.14448 51 24
0.04816 0 0
0.14108 51 26
0.14108 48 22
0.14108 43 22
0.04703 0 0
0.14108 51 28
0.14108 43 24
0.14108 48 24
0.04703 0 0
0.14108 43 24
0.14108 48 24
0.14108 51 29
1.14226 31 33
0.13659 43 33
0.13659 48 33
0.13659 51 39
0.04553 0 0
0.13659 48 34
0.13659 43 24
0.13659 51 31
0.04553 0 0
0.13659 43 28
0.13659 48 28
0.13659 51 34
0.04553 0 0
0.13977 51 46
0.13977 48 39
0.13977 43 39
0.04659 0 0
0.13977 48 31
0.13977 51 36
0.13977 43 31
0.04659 0 0
0.18320 43 31
0.18320 48 31
0.18320 51 37
0.06831 0 0
0.14634 41 55
0.04878 0 0
0.14634 48 32
0.14634 51 35
0.14634 41 28
0.04878 0 0
0.14634 48 28
0.14634 51 35
0.14634 41 28
0.04878 0 0
0.14108 51 37
0.14108 48 32
0.14108 41 32
0.04703 0 0
0.14108 51 37
0.14108 41 32
0.14108 48 32
0.04703 0 0
0.18787 41 32
0.18787 48 32
0.18787 51 37
1.21988 29 55
0.14634 42 55
0.04878 0 0
0.14634 51 35
0.14634 42 28
0.14634 48 32
0.04878 0 0
0.14634 48 28
0.14634 42 28
0.14634 51 35
0.04878 0 0
0.14218 42 32
0.14218 48 32
0.14218 51 37
0.04739 0 0
0.14218 42 32
0.14218 48 32
0.14218 51 37
0.04739 0 0
0.14218 51 37
0.14218 48 32
0.14218 42 32
1.15409 30 55
1.70616 50 48
1.70616 47 48
1.70616 43 48
0.41375 47 35
0.13792 48 30
0.39739 50 40
0.16695 0 0
0.38472 50 33
0.16163 0 0
0.38441 50 33
0.16150 0 0
0.41375 48 36
0.13792 50 37
0.82751 51 42
0.27584 50 35
0.55167 48 31
0.40731 46 39
0.14241 44 33
0.55167 43 36
0.55167 43 36
0.55167 43 36
0.55167 43 36
1.12428 48 48
0.55556 0 0
0.41375 47 50
0.41375 35 42
0.13792 48 44
0.13792 36 37
0.39739 50 62
0.42325 38 51
0.14108 0 0
0.38472 50 50
0.40976 38 42
0.13659 0 0
0.38441 50 50
0.40943 38 42
0.13648 0 0
0.41375 48 59
0.41375 36 50
0.15789 50 67
0.15789 38 57
0.82569 51 76
0.82569 39 63
0.27523 50 64
0.27523 38 54
0.55046 48 55
0.55046 36 46
0.40731 46 67
0.40731 34 57
0.14241 32 46
0.14241 44 55
0.55167 43 55
0.55167 31 46
0.54054 43 55
0.54054 31 46
0.54054 31 46
0.54054 43 55
0.56969 31 46
0.56969 43 55
0.18265 48 40
0.18265 36 40
0.13699 55 31
0.04566 0 0
0.13699 55 31
0.04566 0 0
0.13699 55 31
0.04566 0 0
0.13699 55 29
0.04566 0 0
0.13699 55 29
0.04566 0 0
0.13699 55 29
0.04566 0 0
0.13699 55 28
0.04566 0 0
0.13699 55 28
0.04566 0 0
0.13792 55 31
0.04597 0 0
0.13792 55 30
0.04597 0 0
0.13792 55 30
0.04597 0 0
0.14108 55 31
0.04703 0 0
0.14108 55 27
0.04703 0 0
0.14108 55 27
0.04703 0 0
0.13659 55 31
0.04553 0 0
0.13659 55 28
0.04553 0 0
0.13659 55 28
0.04553 0 0
0.13648 55 31
0.04549 0 0
0.13648 55 31
0.04549 0 0
0.13648 55 31
0.04549 0 0
0.13792 55 31
0.04597 0 0
0.13792 55 31
0.04597 0 0
0.13792 55 32
0.04597 0 0
0.13792 55 40
0.04597 0 0
0.13792 55 31
0.04597 0 0
0.13792 55 26
0.04597 0 0
0.13792 55 33
0.04597 0 0
0.13792 55 29
0.04597 0 0
0.13792 55 26
0.04597 0 0
0.13792 55 33
0.04597 0 0
0.13792 55 30
0.04597 0 0
0.13792 55 29
0.04597 0 0
0.13577 55 33
0.04526 0 0
0.13577 55 30
0.04526 0 0
0.14020 55 30
0.04747 0 0
0.13792 55 31
0.04597 0 0
0.13792 55 28
0.04597 0 0
0.13792 55 28
0.04597 0 0
0.13792 55 31
0.04597 0 0
0.13792 55 28
0.04597 0 0
0.13792 55 31
0.04597 0 0
0.14088 55 36
0.04696 0 0
0.14088 55 29
0.04696 0 0
0.14448 55 29
0.04816 0 0
0.13977 55 36
0.04659 0 0
0.13977 55 31
0.04659 0 0
0.14529 55 31
0.04935 0 0
0.14805 55 37
0.04935 0 0
0.14805 55 29
0.04935 0 0
0.14805 55 29
0.04675 0 0
0.13896 55 44
0.04651 0 0
0.13983 55 37
0.04673 0 0
0.14070 55 39
0.04703 0 0
0.14159 55 53
0.04739 0 0
0.14248 55 39
0.04762 0 0
0.14339 55 40
0.04793 0 0
0.13792 55 52
0.04597 0 0
0.13792 55 45
0.04597 0 0
0.14548 55 52
0.04975 0 0
0.13535 55 59
0.04512 0 0
0.13535 55 47
0.04512 0 0
0.13535 55 47
0.04512 0 0
0.13721 54 52
0.13721 55 52
0.04574 0 0
0.13721 54 43
0.13721 55 43
0.04574 0 0
0.13721 54 43
0.13721 55 43
0.04574 0 0
0.13648 55 54
0.13648 53 54
0.04549 0 0
0.13648 53 45
0.13648 55 45
0.04549 0 0
0.13648 53 45
0.13648 55 45
0.04549 0 0
0.13792 51 53
0.13792 55 53
0.04597 0 0
0.13792 55 43
0.13792 50 43
0.04597 0 0
0.14548 55 44
0.14548 48 44
0.04975 0 0
0.13792 55 57
0.13792 48 57
0.04597 0 0
0.13600 55 45
0.13600 48 45
0.04405 0 0
0.13216 48 45
0.13216 55 45
0.04405 0 0
0.13699 46 54
0.13699 55 54
0.04566 0 0
0.13699 46 45
0.13699 55 45
0.04566 0 0
0.13699 55 45
0.13699 46 45
0.04566 0 0
0.13699 55 55
0.13699 45 55
0.04566 0 0
0.14209 55 43
0.14209 45 43
0.05076 0 0
0.15228 55 43
0.15228 45 43
0.05076 0 0
0.13699 54 52
0.13699 44 52
0.04566 0 0
0.13699 54 43
0.13699 44 43
0.04566 0 0
0.14060 44 42
0.14060 54 42
0.04747 0 0
0.13889 53 54
0.13889 43 54
0.04630 0 0
0.13889 53 45
0.13889 43 45
0.04630 0 0
0.13889 53 45
0.13889 43 45
0.04630 0 0
0.13761 41 54
0.13761 43 54
0.04587 0 0
0.13761 43 43
0.13761 41 43
0.04587 0 0
0.13761 41 43
0.13761 43 43
0.04587 0 0
0.14088 43 55
0.14088 39 55
0.04696 0 0
0.14417 39 43
0.14417 43 43
0.05025 0 0
0.15075 43 43
0.15075 39 43
0.05025 0 0
0.14151 43 57
0.14151 31 57
0.04717 0 0
0.14151 31 43
0.14151 43 43
0.04717 0 0
0.14587 31 43
0.14587 43 43
0.04935 0 0
0.19739 48 40
0.19739 36 40
0.14805 55 31
0.04935 0 0
0.14805 55 31
0.04935 0 0
0.14805 55 31
0.04935 0 0
0.14805 55 29
0.04935 0 0
0.14805 55 29
0.04935 0 0
0.14805 55 29
0.04935 0 0
0.14805 55 28
0.04935 0 0
0.14805 55 28
0.04935 0 0
0.13792 55 31
0.04597 0 0
0.13792 55 30
0.04597 0 0
0.13792 55 30
0.04597 0 0
0.13977 56 31
0.04659 0 0
0.13977 56 27
0.04659 0 0
0.13977 56 27
0.04659 0 0
0.13784 57 31
0.04595 0 0
0.13784 57 28
0.04595 0 0
0.13784 57 28
0.04595 0 0
0.13648 58 31
0.04549 0 0
0.13648 58 31
0.04549 0 0
0.13648 58 31
0.04549 0 0
0.13792 58 31
0.04597 0 0
0.13792 58 31
0.04597 0 0
0.13792 58 32
0.04597 0 0
0.13792 58 40
0.04597 0 0
0.13792 58 31
0.04597 0 0
0.13792 58 26
0.04597 0 0
0.13792 59 33
0.04597 0 0
0.13792 59 29
0.04597 0 0
0.13792 59 26
0.04597 0 0
0.13977 60 33
0.04659 0 0
0.13977 55 30
0.04659 0 0
0.13977 55 29
0.04659 0 0
0.13577 55 33
0.04526 0 0
0.13577 55 30
0.04526 0 0
0.14020 55 30
0.04747 0 0
0.13792 55 31
0.04597 0 0
0.13792 55 28
0.04597 0 0
0.13792 55 28
0.04597 0 0
0.13792 55 31
0.04597 0 0
0.13792 55 28
0.04597 0 0
0.13792 55 31
0.04597 0 0
0.14379 55 36
0.04793 0 0
0.14379 55 29
0.04793 0 0
0.14379 55 29
0.04793 0 0
0.13977 55 36
0.04659 0 0
0.13977 55 31
0.04659 0 0
0.14529 55 31
0.04935 0 0
0.14805 55 37
0.04935 0 0
0.14805 55 29
0.04935 0 0
0.14805 55 29
0.04935 0 0
0.14805 55 42
0.04935 0 0
0.14805 55 35
0.04935 0 0
0.14805 55 37
0.04935 0 0
0.19739 55 49
0.19739 56 36
0.19739 57 36
0.13792 58 52
0.04597 0 0
0.13792 58 45
0.04597 0 0
0.13792 58 52
0.04597 0 0
0.13792 58 59
0.04597 0 0
0.13792 58 47
0.04597 0 0
0.13792 58 47
0.04597 0 0
0.13792 58 52
0.13792 57 44
0.04597 0 0
0.13792 57 36
0.13792 58 43
0.04597 0 0
0.13792 57 36
0.13792 58 43
0.04597 0 0
0.13648 56 45
0.13648 58 54
0.04549 0 0
0.13648 58 45
0.13648 56 38
0.04549 0 0
0.13648 58 45
0.13648 56 38
0.04549 0 0
0.13792 55 45
0.13792 58 53
0.04597 0 0
0.13792 55 36
0.13792 58 43
0.04597 0 0
0.13792 56 37
0.13792 58 44
0.13792 53 37
0.04597 0 0
0.13792 55 57
0.13792 58 57
0.13792 51 48
0.04597 0 0
0.13505 58 45
0.13505 55 45
0.13505 51 38
0.04310 0 0
0.12931 55 45
0.12931 58 45
0.12931 51 38
0.04310 0 0
0.13699 56 54
0.13699 53 45
0.13699 47 45
0.04566 0 0
0.13699 56 45
0.13699 53 45
0.13699 47 38
0.04566 0 0
0.13699 56 45
0.13699 53 45
0.13699 47 38
0.04566 0 0
0.13699 51 46
0.13699 55 55
0.13699 48 46
0.04566 0 0
0.13699 55 43
0.13699 51 36
0.13699 48 36
0.04566 0 0
0.13699 55 43
0.13699 51 36
0.13699 48 36
0.04566 0 0
0.13577 53 52
0.13577 44 44
0.04526 0 0
0.13577 46 36
0.13577 53 43
0.04526 0 0
0.14020 44 35
0.14020 53 42
0.04747 0 0
0.13792 53 56
0.13792 43 47
0.04597 0 0
0.13792 53 47
0.13792 44 40
0.04597 0 0
0.13792 53 48
0.13792 43 40
0.04597 0 0
0.13792 41 48
0.13792 43 58
0.04597 0 0
0.13792 43 47
0.04597 0 0
0.13792 41 39
0.13792 43 47
0.04597 0 0
0.14088 43 61
0.14088 39 51
0.04696 0 0
0.14088 43 49
0.14088 41 41
0.04696 0 0
0.16160 39 41
0.16160 43 49
0.05387 0 0
0.14151 43 66
0.14151 31 55
0.04717 0 0
0.14151 32 42
0.14151 43 50
0.04717 0 0
0.14587 31 42
0.14587 43 51
0.04935 0 0
0.19739 48 63
0.19739 43 53
0.19739 36 53
0.19739 50 60
0.19739 48 60
0.19451 46 68
0.19451 48 62
0.19451 46 62
0.17338 48 62
0.17338 44 73
0.01926 0 0
0.17338 48 53
0.17338 46 63
0.01926 0 0
0.17338 48 54
0.17338 44 64
0.01926 0 0
0.17506 48 65
0.17506 43 78
0.01945 0 0
0.17506 48 55
0.17506 44 65
0.01945 0 0
0.20853 48 55
0.20853 43 65
0.02317 0 0
0.19739 48 66
0.19739 41 79
0.19739 48 55
0.19739 43 65
0.19739 48 55
0.19739 41 65
0.19643 48 65
0.19643 44 78
0.19643 48 55
0.19643 46 65
0.19642 48 55
0.19642 44 65
0.17338 48 62
0.17338 43 73
0.01926 0 0
0.17338 48 55
0.17338 44 65
0.01926 0 0
0.17338 48 55
0.17338 43 65
0.01926 0 0
0.17422 48 63
0.17422 41 74
0.01936 0 0
0.17422 48 55
0.17422 43 65
0.01936 0 0
0.19497 48 55
0.19497 41 65
0.02166 0 0
0.17338 48 66
0.17338 39 79
0.01926 0 0
0.17338 48 55
0.17338 41 65
0.01926 0 0
0.17338 48 55
0.17338 39 65
0.01926 0 0
0.17172 48 64
0.17172 43 77
0.01908 0 0
0.17172 48 55
0.17172 44 65
0.01908 0 0
0.17172 48 55
0.17172 43 65
0.01908 0 0
0.17172 48 64
0.17172 41 75
0.01908 0 0
0.17172 48 55
0.17172 43 65
0.01908 0 0
0.17172 48 55
0.17172 41 65
0.01908 0 0
0.17506 48 63
0.17506 39 74
0.01945 0 0
0.17506 48 56
0.17506 41 66
0.01945 0 0
0.21221 48 56
0.21221 39 66
0.02358 0 0
0.17338 44 64
0.17338 37 75
0.01926 0 0
0.17338 44 54
0.17338 39 64
0.01926 0 0
0.17338 44 54
0.17338 36 64
0.01926 0 0
0.17506 44 60
0.17506 37 72
0.01945 0 0
0.17506 44 52
0.17506 39 63
0.01945 0 0
0.17506 44 52
0.17506 41 63
0.01945 0 0
0.17854 43 73
0.17854 31 62
0.01984 0 0
0.17854 43 65
0.01984 0 0
0.17854 43 60
0.01984 0 0
0.18308 43 71
0.18308 31 59
0.02034 0 0
0.18308 43 63
0.02034 0 0
0.18308 43 63
0.02034 0 0
0.19739 48 63
0.19739 43 53
0.19739 36 53
0.19739 51 60
0.19739 50 60
0.19451 48 68
0.19451 50 62
0.19451 48 62
0.19264 47 73
0.19264 48 63
0.19264 47 64
0.19451 46 78
0.19451 48 65
0.23170 46 65
0.17765 48 66
0.17765 45 79
0.01974 0 0
0.17765 48 55
0.17765 46 65
0.01974 0 0
0.17765 48 55
0.17765 45 65
0.01974 0 0
0.17678 48 65
0.17678 44 78
0.01964 0 0
0.17678 48 55
0.17678 46 65
0.01964 0 0
0.17678 48 55
0.17678 44 65
0.01964 0 0
0.17338 48 62
0.17338 43 73
0.01926 0 0
0.17338 48 55
0.17338 44 65
0.01926 0 0
0.17338 48 55
0.17338 43 65
0.01926 0 0
0.17422 48 63
0.17422 41 74
0.01936 0 0
0.17422 48 55
0.17422 43 65
0.01936 0 0
0.19497 48 55
0.19497 41 65
0.02166 0 0
0.17338 48 66
0.17338 40 79
0.01926 0 0
0.17338 48 55
0.17338 41 65
0.01926 0 0
0.17338 48 55
0.17338 40 65
0.01926 0 0
0.17172 48 64
0.17172 39 77
0.01908 0 0
0.17172 48 55
0.17172 41 65
0.01908 0 0
0.17172 48 55
0.17172 39 65
0.01908 0 0
0.17172 48 64
0.17172 38 75
0.01908 0 0
0.17172 48 55
0.17172 39 65
0.01908 0 0
0.17172 48 55
0.17172 38 65
0.01908 0 0
0.17506 48 63
0.17506 36 74
0.01945 0 0
0.17506 48 56
0.17506 38 66
0.01945 0 0
0.21221 48 56
0.21221 39 66
0.02358 0 0
0.17338 44 64
0.17338 41 75
0.01926 0 0
0.17338 44 54
0.17338 39 64
0.01926 0 0
0.16254 44 54
0.16254 37 64
0.03010 0 0
0.17506 44 60
0.17506 37 72
0.01945 0 0
0.17506 44 52
0.17506 39 63
0.01945 0 0
0.17506 44 52
0.17506 41 63
0.01945 0 0
0.17854 43 73
0.17854 31 62
0.01984 0 0
0.17854 43 65
0.01984 0 0
0.17854 43 60
0.01984 0 0
0.18308 43 71
0.18308 31 59
0.02034 0 0
0.18308 43 63
0.02034 0 0
0.18308 43 63
0.02034 0 0
0.14805 48 62
0.14805 36 74
0.04935 0 0
0.14805 48 56
0.14805 36 67
0.04935 0 0
0.14805 48 56
0.14805 36 67
0.04935 0 0
0.14589 48 62
0.14589 38 74
0.04863 0 0
0.14589 48 58
0.14589 38 69
0.04863 0 0
0.14589 48 55
0.14589 38 65
0.04863 0 0
0.14448 48 62
0.14448 39 74
0.04816 0 0
0.14448 48 56
0.14448 39 67
0.04816 0 0
0.14448 48 56
0.14448 39 67
0.04816 0 0
0.14589 48 62
0.14589 40 73
0.04863 0 0
0.14589 48 56
0.14589 40 66
0.04863 0 0
0.14589 48 56
0.14589 40 66
0.04863 0 0
0.14423 48 61
0.14423 41 72
0.04808 0 0
0.14423 48 57
0.14423 41 68
0.04808 0 0
0.14423 48 57
0.14423 41 68
0.04808 0 0
0.14589 46 58
0.14589 42 69
0.04863 0 0
0.14589 46 53
0.14589 42 63
0.04863 0 0
0.14589 46 53
0.14589 42 63
0.04863 0 0
0.14448 48 56
0.14448 43 66
0.04816 0 0
0.14448 48 51
0.14448 43 60
0.04816 0 0
0.14448 48 56
0.14448 43 66
0.04816 0 0
0.14218 48 61
0.14218 44 69
0.04739 0 0
0.14218 48 48
0.14218 44 57
0.04739 0 0
0.14218 48 48
0.14218 44 57
0.04739 0 0
0.14151 48 46
0.14151 44 55
0.04717 0 0
0.14151 48 42
0.14151 44 54
0.04717 0 0
0.14151 48 41
0.14151 44 53
0.04717 0 0
0.14151 48 45
0.14151 44 53
0.04717 0 0
0.14151 48 40
0.14151 44 47
0.04717 0 0
0.14151 48 39
0.14151 44 46
0.04717 0 0
0.14286 48 43
0.14286 44 51
0.04762 0 0
0.14286 48 39
0.14286 44 46
0.04762 0 0
0.14286 48 39
0.14286 44 46
0.04762 0 0
0.14151 48 37
0.14151 45 31
0.04717 0 0
0.14151 48 31
0.14151 45 26
0.04717 0 0
0.14151 48 31
0.14151 45 26
0.04717 0 0
0.14085 48 40
0.14085 45 34
0.04695 0 0
0.14085 50 32
0.14085 45 27
0.04695 0 0
0.14085 50 33
0.14085 45 28
0.04695 0 0
0.14019 50 37
0.14019 45 31
0.04673 0 0
0.14019 50 33
0.14019 45 28
0.04673 0 0
0.14019 50 33
0.14019 45 28
0.04673 0 0
0.14151 50 38
0.14151 46 32
0.04717 0 0
0.14151 50 34
0.14151 46 28
0.04717 0 0
0.14151 50 34
0.14151 46 28
0.04717 0 0
0.14354 50 37
0.14354 46 31
0.04785 0 0
0.14354 50 33
0.14354 46 28
0.04785 0 0
0.14354 50 33
0.14354 46 28
0.04785 0 0
0.14019 51 37
0.14019 48 31
0.04673 0 0
0.14019 51 32
0.14019 48 27
0.04673 0 0
0.14019 51 32
0.14019 48 27
0.04673 0 0
0.14218 51 37
0.14218 48 31
0.04739 0 0
0.14218 51 31
0.14218 48 26
0.04739 0 0
0.14218 51 31
0.14218 48 26
0.04739 0 0
0.14151 50 37
0.04717 0 0
0.14151 50 32
0.04717 0 0
0.14151 50 32
0.04717 0 0
0.14493 50 37
0.04831 0 0
0.14493 50 32
0.04831 0 0
0.14493 50 32
0.04831 0 0
0.14493 50 37
0.04831 0 0
0.14493 50 29
0.04823 0 0
0.14423 50 29
0.04800 0 0
0.14354 50 32
0.04777 0 0
0.14286 50 29
0.04754 0 0
0.14218 50 29
1.14974 43 31
0.14085 50 31
0.04695 0 0
0.14125 50 29
0.04717 0 0
0.14159 50 29
0.04739 0 0
0.13792 50 32
0.04597 0 0
0.13792 50 29
0.04597 0 0
0.14820 50 29
0.33328 0 0
0.14108 43 32
0.41426 0 0
0.13659 43 32
0.40954 0 0
0.13648 38 36
0.41231 0 0
0.14493 43 32
0.41935 0 0
0.13680 36 38
0.40790 0 0
0.13835 36 35
0.41879 0 0
0.13784 43 37
0.40916 0 0
0.13812 43 32
0.41685 0 0
0.13721 44 36
0.40550 0 0
0.13646 45 32
0.41426 0 0
0.13636 46 32
0.40769 0 0
0.13817 50 32
0.41821 0 0
0.13541 51 39
0.41688 0 0
0.13514 48 32
0.41338 0 0
0.13912 50 32
0.42129 0 0
0.14108 38 32
0.43144 0 0
0.14518 43 30
0.14518 0 0
0.14108 45 37
0.14108 0 0
0.14108 48 40
0.14108 0 0
0.13977 50 44
0.13977 0 0
0.13977 55 35
0.13977 0 0
0.13977 50 39
0.13977 0 0
0.13977 46 32
0.42194 0 0
0.14108 43 32
0.41426 0 0
0.13659 43 32
0.40954 0 0
0.13333 38 36
0.40917 0 0
0.14493 43 32
0.41935 0 0
0.13721 36 38
0.41039 0 0
0.13876 41 43
0.41879 0 0
0.13784 34 45
0.40734 0 0
0.13731 46 43
0.41685 0 0
0.13514 45 50
0.40381 0 0
0.13686 38 42
0.41426 0 0
0.13453 43 42
0.40502 0 0
0.13802 31 41
0.41821 0 0
0.13514 39 39
0.41449 0 0
0.13274 36 32
0.40547 0 0
0.13636 41 32
0.41853 0 0
0.14108 29 32
0.43144 0 0
0.14518 46 30
0.14518 0 0
0.14108 48 37
0.14108 0 0
0.14108 51 40
0.14108 0 0
0.13977 50 44
0.13977 0 0
0.13977 58 35
0.13977 0 0
0.13977 53 39
0.13977 0 0
0.13977 50 32
0.13977 0 0
0.14042 46 44
0.14042 50 36
0.14042 53 36
0.14042 50 36
0.13608 46 45
0.13514 50 38
0.13514 53 38
0.13462 50 46
0.13453 45 55
0.13422 48 46
0.13393 50 47
0.13382 48 50
0.13453 43 60
0.13453 48 52
0.13453 50 49
0.13442 48 50
0.13393 42 72
0.13393 48 55
0.13393 50 59
0.13393 48 59
0.13648 42 68
0.13648 45 53
0.13648 50 53
0.13648 45 53
0.13792 43 63
0.13792 46 48
0.13792 50 48
0.13792 46 48
0.13792 48 48
0.13792 51 35
0.13792 57 35
0.14518 51 36
0.14175 50 50
0.14175 57 39
0.14175 60 39
0.14175 57 39
0.13912 50 47
0.13912 57 39
0.13912 60 39
0.13912 57 39
0.13659 50 47
0.13659 57 40
0.13659 60 40
0.13659 57 40
0.14108 50 44
0.14108 57 36
0.14108 60 36
0.15334 57 36
0.14448 55 44
0.14448 58 37
0.14448 55 37
0.14448 50 37
0.14108 46 44
0.14108 55 38
0.14108 50 38
0.14108 46 38
0.14108 43 44
0.42325 0 0
0.41375 55 69
0.41375 43 58
0.15334 58 61
0.15334 46 51
0.42127 62 74
0.42127 50 62
0.14042 0 0
0.40976 62 67
0.40976 50 56
0.13659 0 0
0.40943 62 69
0.40943 50 58
0.13648 0 0
0.41962 62 68
0.41962 50 57
0.14379 0 0
1.09703 63 75
1.09703 51 63
1.10070 62 72
1.10070 50 61
1.08862 60 75
1.08862 48 63
1.09578 58 68
1.09578 46 57
0.53791 57 68
0.53791 45 57
0.53667 60 66
0.53667 48 56
0.55648 58 73
0.55648 46 62
0.56169 57 64
0.56169 45 45
1.67377 43 51
1.67377 55 72
0.41375 43 69
0.41375 55 69
0.15334 58 61
0.15334 46 61
0.39739 62 74
0.42325 50 74
0.14108 0 0
0.40132 50 55
0.40132 62 67
0.13659 0 0
0.40306 62 69
0.40306 50 58
0.13597 0 0
0.41962 62 68
0.41962 50 57
0.15179 0 0
1.11804 63 75
1.11804 51 63
1.10578 62 72
1.10578 50 60
1.09364 60 75
1.09364 48 63
0.81464 46 57
0.81464 58 68
0.27523 57 66
0.27523 45 60
0.53909 43 60
0.53909 55 70
0.55206 63 66
0.55206 51 55
0.54653 50 56
0.54653 62 67
0.57504 60 60
0.57504 48 50
1.70646 58 70
1.70646 46 60
0.57552 0 0
0.14042 46 44
0.14042 50 36
0.14042 53 36
0.14042 50 36
0.13659 46 45
0.13659 50 38
0.13659 53 38
0.13659 50 46
0.13648 45 54
0.13648 48 45
0.13648 50 45
0.13648 48 48
0.13792 43 57
0.13792 48 49
0.13792 50 46
0.13792 48 46
0.13659 42 66
0.13659 48 50
0.13659 50 54
0.13659 48 54
0.13648 42 62
0.13648 45 49
0.13648 50 49
0.13648 45 49
0.13792 43 58
0.13792 46 44
0.13792 50 44
0.13792 46 44
0.13792 48 48
0.13792 51 35
0.13792 57 35
0.14518 51 36
0.14175 50 50
0.14175 57 39
0.14175 60 39
0.14175 57 39
0.13912 50 47
0.13912 57 39
0.13912 60 39
0.13912 57 39
0.13659 50 47
0.13659 57 40
0.13659 60 40
0.13659 57 40
0.14108 50 44
0.14108 57 36
0.14108 60 36
0.15334 57 36
0.14448 43 33
0.04816 0 0
0.14448 59 23
0.14448 55 19
0.14448 50 19
0.04816 0 0
0.14448 59 23
0.14448 55 19
0.14448 50 19
0.04816 0 0
0.14108 59 25
0.14108 55 21
0.14108 50 21
0.04703 0 0
0.14108 55 21
0.14108 59 25
0.14108 50 21
0.04703 0 0
0.14108 50 21
0.14108 55 21
0.14108 59 25
0.04703 0 0
0.13659 55 27
0.13659 50 27
0.13659 59 32
0.04553 0 0
0.13659 55 20
0.13659 50 20
0.13659 59 24
0.04553 0 0
0.13659 55 21
0.13659 59 25
0.13659 50 21
0.04553 0 0
0.13977 50 28
0.13977 55 28
0.13977 59 33
0.04659 0 0
0.13977 50 21
0.13977 59 25
0.13977 55 21
0.04659 0 0
0.13111 50 21
0.13111 55 21
0.13111 59 25
0.04226 0 0
0.13355 36 33
0.04747 0 0
0.14242 48 19
0.14242 59 23
0.14242 52 19
0.04747 0 0
0.14242 48 19
0.14242 52 19
0.14242 59 23
0.04747 0 0
0.14108 52 25
0.14108 48 25
0.14108 56 30
0.04703 0 0
0.14108 56 25
0.14108 48 21
0.14108 52 21
0.04703 0 0
0.14108 52 21
0.14108 56 25
0.14108 48 21
0.04703 0 0
0.13659 52 27
0.13659 57 32
0.13659 48 27
0.04553 0 0
0.13659 57 24
0.13659 52 20
0.13659 48 20
0.04553 0 0
0.13659 52 21
0.13659 48 21
0.13659 57 25
0.04553 0 0
0.13977 52 28
0.13977 57 33
0.13977 48 28
0.04659 0 0
0.13977 57 25
0.13977 52 21
0.13977 48 21
0.04659 0 0
0.13256 57 25
0.13256 48 21
0.13256 52 21
0.04298 0 0
0.13064 35 33
0.04816 0 0
0.14448 57 23
0.14448 50 19
0.14448 47 19
0.04816 0 0
0.14448 57 23
0.14448 47 19
0.14448 50 19
0.04816 0 0
0.14108 50 25
0.14108 54 30
0.14108 47 25
0.04703 0 0
0.14108 47 21
0.14108 50 21
0.14108 54 25
0.04703 0 0
0.14108 54 25
0.14108 50 21
0.14108 47 21
0.04703 0 0
0.13659 47 29
0.13659 50 29
0.13659 55 35
0.04553 0 0
0.13659 55 27
0.13659 47 22
0.13659 50 22
0.04553 0 0
0.13659 47 24
0.13659 55 29
0.13659 50 24
0.04553 0 0
0.13977 50 33
0.13977 55 39
0.13977 47 33
0.04659 0 0
0.13977 50 25
0.13977 55 30
0.13977 47 25
0.04659 0 0
0.14987 55 31
0.14987 47 26
0.14987 50 26
0.05164 0 0
0.13414 36 42
0.04471 0 0
0.13414 48 25
0.13414 52 30
0.04471 0 0
0.13414 48 26
0.13414 52 31
0.04471 0 0
0.13659 52 39
0.13659 48 33
0.04553 0 0
0.13659 52 29
0.13659 48 24
0.04553 0 0
0.14881 48 23
0.14881 52 28
0.05164 0 0
0.13659 38 36
0.04553 0 0
0.13659 55 26
0.13659 50 21
0.04553 0 0
0.15444 50 22
0.15444 55 26
0.05445 0 0
0.13977 38 34
0.04659 0 0
0.13977 54 26
0.13977 50 21
0.04659 0 0
0.14987 54 25
0.14987 50 21
0.05164 0 0
0.14448 43 33
0.04816 0 0
0.14448 55 19
0.14448 50 19
0.14448 59 23
0.04816 0 0
0.14448 50 19
0.14448 59 23
0.14448 55 19
0.04816 0 0
0.14108 55 21
0.14108 50 21
0.14108 59 25
0.04703 0 0
0.14108 50 21
0.14108 55 21
0.14108 59 25
0.04703 0 0
0.14108 55 21
0.14108 50 21
0.14108 59 25
0.04703 0 0
0.13659 55 27
0.13659 50 27
0.13659 59 32
0.04553 0 0
0.13659 50 20
0.13659 59 24
0.13659 55 20
0.04553 0 0
0.13659 59 25
0.13659 55 21
0.13659 50 21
0.04553 0 0
0.13977 50 28
0.13977 55 28
0.13977 59 33
0.04659 0 0
0.13977 59 25
0.13977 55 21
0.13977 50 21
0.04659 0 0
0.14627 55 21
0.14627 59 25
0.14627 50 21
0.04984 0 0
0.14042 36 33
0.04747 0 0
0.14242 59 23
0.14242 52 19
0.14242 48 19
0.04747 0 0
0.14242 48 19
0.14242 52 19
0.14242 59 23
0.04747 0 0
0.14108 52 25
0.14108 59 30
0.14108 48 25
0.04703 0 0
0.14108 48 21
0.14108 59 25
0.14108 52 21
0.04703 0 0
0.14108 59 25
0.14108 48 21
0.14108 52 21
0.04703 0 0
0.13659 48 27
0.13659 52 27
0.13659 57 32
0.04553 0 0
0.13659 48 20
0.13659 57 24
0.13659 52 20
0.04553 0 0
0.13659 48 21
0.13659 57 25
0.13659 52 21
0.04553 0 0
0.13977 48 28
0.13977 57 33
0.13977 52 28
0.04659 0 0
0.13977 57 25
0.13977 48 21
0.13977 52 21
0.04659 0 0
0.14291 52 21
0.14291 57 25
0.14291 48 21
0.04816 0 0
0.14108 35 33
0.04816 0 0
0.14448 47 19
0.14448 50 19
0.14448 57 23
0.04816 0 0
0.14448 50 19
0.14448 47 19
0.14448 57 23
0.04816 0 0
0.14108 47 25
0.14108 57 30
0.14108 50 25
0.04703 0 0
0.14108 57 25
0.14108 47 21
0.14108 50 21
0.04703 0 0
0.14108 50 21
0.14108 47 21
0.14108 57 25
0.04703 0 0
0.13659 55 35
0.13659 47 29
0.13659 50 29
0.04553 0 0
0.13659 50 22
0.13659 47 22
0.13659 55 27
0.04553 0 0
0.13659 55 29
0.13659 47 24
0.13659 50 24
0.04553 0 0
0.13977 47 33
0.13977 55 39
0.13977 50 33
0.04659 0 0
0.13977 55 30
0.13977 47 25
0.13977 50 25
0.04659 0 0
0.14987 47 26
0.14987 55 31
0.14987 50 26
0.05164 0 0
0.13414 36 42
0.04471 0 0
0.13414 52 25
0.13414 48 25
0.13414 55 30
0.04471 0 0
0.13414 48 26
0.13414 55 31
0.13414 52 26
0.04471 0 0
0.13659 48 33
0.13659 56 39
0.13659 52 33
0.04553 0 0
0.13659 56 29
0.13659 48 24
0.13659 52 24
0.04553 0 0
0.14881 52 23
0.14881 48 23
0.14881 57 28
0.05164 0 0
0.13659 38 36
0.04553 0 0
0.13659 55 26
0.13659 50 21
0.04553 0 0
0.15444 55 26
0.15444 50 22
0.05445 0 0
0.13977 38 34
0.04659 0 0
0.13977 50 21
0.13977 57 26
0.13977 54 21
0.04659 0 0
0.14987 50 21
0.14987 57 25
0.14987 54 21
0.05164 0 0
0.56872 55 48
0.56872 50 48
0.56872 43 48
1.13744 0 0
0.41375 47 35
0.13792 48 30
0.39739 50 40
0.16695 0 0
0.38472 50 33
0.16163 0 0
0.38441 50 33
0.16150 0 0
0.41375 48 36
0.13792 50 37
0.82751 51 42
0.27584 50 35
0.55167 48 31
0.40731 46 39
0.14241 44 33
0.55167 43 36
0.55167 43 36
0.55167 43 36
0.55167 43 36
1.12428 48 48
0.55556 0 0
0.41375 47 50
0.41375 35 42
0.13792 48 44
0.13792 36 37
0.39739 50 62
0.42325 38 51
0.14108 0 0
0.38472 50 50
0.40976 38 42
0.13659 0 0
0.38441 50 50
0.40943 38 42
0.13648 0 0
0.41375 48 59
0.41375 36 50
0.15789 50 67
0.15789 38 57
0.82569 51 76
0.82569 39 63
0.27523 50 64
0.27523 38 54
0.55046 48 55
0.55046 36 46
0.40731 46 67
0.40731 34 57
0.14241 32 46
0.14241 44 55
0.55167 43 55
0.55167 31 46
0.54054 43 55
0.54054 31 46
0.54054 31 46
0.54054 43 55
0.56969 31 46
0.56969 43 55
0.18265 48 40
0.18265 36 40
0.13699 55 31
0.04566 0 0
0.13699 55 31
0.04566 0 0
0.13699 55 31
0.04566 0 0
0.13699 55 29
0.04566 0 0
0.13699 55 29
0.04566 0 0
0.13699 55 29
0.04566 0 0
0.13699 55 28
0.04566 0 0
0.13699 55 28
0.04566 0 0
0.13792 55 31
0.04597 0 0
0.13792 55 30
0.04597 0 0
0.13792 55 30
0.04597 0 0
0.14108 55 31
0.04703 0 0
0.14108 55 27
0.04703 0 0
0.14108 55 27
0.04703 0 0
0.13659 55 31
0.04553 0 0
0.13659 55 28
0.04553 0 0
0.13659 55 28
0.04553 0 0
0.13648 55 31
0.04549 0 0
0.13648 55 31
0.04549 0 0
0.13648 55 31
0.04549 0 0
0.13792 55 31
0.04597 0 0
0.13792 55 31
0.04597 0 0
0.13792 55 32
0.04597 0 0
0.13792 55 40
0.04597 0 0
0.13792 55 31
0.04597 0 0
0.13792 55 26
0.04597 0 0
0.13792 55 33
0.04597 0 0
0.13792 55 29
0.04597 0 0
0.13792 55 26
0.04597 0 0
0.13792 55 33
0.04597 0 0
0.13792 55 30
0.04597 0 0
0.13792 55 29
0.04597 0 0
0.13577 55 33
0.04526 0 0
0.13577 55 30
0.04526 0 0
0.14020 55 30
0.04747 0 0
0.13792 55 31
0.04597 0 0
0.13792 55 28
0.04597 0 0
0.13792 55 28
0.04597 0 0
0.13792 55 31
0.04597 0 0
0.13792 55 28
0.04597 0 0
0.13792 55 31
0.13792 53 26
0.04597 0 0
0.14088 55 36
0.14088 52 30
0.04696 0 0
0.14088 55 29
0.04696 0 0
0.14448 55 29
0.04816 0 0
0.13977 55 36
0.13977 48 30
0.04659 0 0
0.13977 55 31
0.04659 0 0
0.14529 55 31
0.04935 0 0
0.14805 55 37
0.14805 43 35
0.04935 0 0
0.14805 55 29
0.04935 0 0
0.14805 55 29
0.04675 0 0
0.13896 55 44
0.04651 0 0
0.13983 55 37
0.04673 0 0
0.14070 55 39
0.04703 0 0
0.14159 55 53
0.04739 0 0
0.14248 55 39
0.04762 0 0
0.14339 55 40
0.04793 0 0
0.13792 55 52
0.04597 0 0
0.13792 55 45
0.04597 0 0
0.14548 55 52
0.04975 0 0
0.13535 55 59
0.04512 0 0
0.13535 55 47
0.04512 0 0
0.13535 55 47
0.04512 0 0
0.13393 54 52
0.13393 55 52
0.04464 0 0
0.13393 54 43
0.13393 55 43
0.04464 0 0
0.13393 54 43
0.13393 55 43
0.04464 0 0
0.13393 55 54
0.13393 53 54
0.04464 0 0
0.13393 53 45
0.13393 55 45
0.04464 0 0
0.14827 53 45
0.14827 55 45
0.05181 0 0
0.13792 52 53
0.13792 55 53
0.04597 0 0
0.13792 55 43
0.13792 52 43
0.04597 0 0
0.14548 55 44
0.14548 50 44
0.14548 53 44
0.04975 0 0
0.13792 55 57
0.13792 48 57
0.13792 52 57
0.04597 0 0
0.13600 55 45
0.13600 48 45
0.13600 52 45
0.04405 0 0
0.13216 48 45
0.13216 55 45
0.13216 52 45
0.04405 0 0
0.13699 50 54
0.13699 53 54
0.13699 44 54
0.04566 0 0
0.13699 50 45
0.13699 53 45
0.13699 44 45
0.04566 0 0
0.13699 53 45
0.13699 50 45
0.13699 44 45
0.04566 0 0
0.13699 52 55
0.13699 45 55
0.13699 48 55
0.04566 0 0
0.14209 52 43
0.14209 45 43
0.14209 48 43
0.05076 0 0
0.15228 52 43
0.15228 45 43
0.15228 48 43
0.05076 0 0
0.18265 41 52
0.13699 57 43
0.13699 53 43
0.04566 0 0
0.14060 53 42
0.14060 57 42
0.04747 0 0
0.18519 43 54
0.13889 55 45
0.04630 0 0
0.13889 55 45
0.04630 0 0
0.18349 43 54
0.13761 55 45
0.04587 0 0
0.13761 55 45
0.04587 0 0
0.18785 43 54
0.14417 55 45
0.05025 0 0
0.15075 55 45
0.05025 0 0
0.14151 55 57
0.04717 0 0
0.14151 55 43
0.14151 57 43
0.04717 0 0
0.14587 55 43
0.14587 59 43
0.04935 0 0
0.19739 60 40
0.19739 48 40
0.22207 55 40
0.02467 55 31
0.17272 0 0
0.14805 55 31
0.04935 0 0
0.14805 55 31
0.04935 0 0
0.14805 55 29
0.04935 0 0
0.14805 55 29
0.04935 0 0
0.14805 55 29
0.04935 0 0
0.14805 55 28
0.04935 0 0
0.14805 55 28
0.04935 0 0
0.13792 55 31
0.04597 0 0
0.13792 55 30
0.04597 0 0
0.13792 55 30
0.04597 0 0
0.13977 55 31
0.04659 0 0
0.13977 55 27
0.04659 0 0
0.13977 55 27
0.04659 0 0
0.13784 55 31
0.04595 0 0
0.13784 55 28
0.04595 0 0
0.13784 55 28
0.04595 0 0
0.13648 55 31
0.04549 0 0
0.13648 55 31
0.04549 0 0
0.13648 55 31
0.04549 0 0
0.13792 55 31
0.04597 0 0
0.13792 55 31
0.04597 0 0
0.13792 55 32
0.04597 0 0
0.13792 55 40
0.04597 0 0
0.13792 55 31
0.04597 0 0
0.13792 55 26
0.04597 0 0
0.13792 55 33
0.82751 60 53
0.13792 55 29
0.04597 0 0
0.13792 55 26
0.27584 62 44
0.13977 55 33
0.04659 0 0
0.13977 55 30
0.04659 0 0
0.13977 55 29
0.55908 63 39
0.13577 55 33
0.04526 0 0
0.13577 55 30
0.04526 0 0
0.14020 55 30
0.54972 66 39
0.13792 55 31
0.04597 0 0
0.13792 55 28
0.04597 0 0
0.13792 55 28
0.55167 67 39
0.13792 55 31
0.04597 0 0
0.13792 55 28
0.04597 0 0
0.13792 55 31
0.55167 65 39
0.14379 55 36
0.04793 0 0
0.14379 55 29
0.04793 0 0
0.14379 55 29
0.57515 63 37
0.13977 55 36
0.04659 0 0
0.13977 55 31
0.04659 0 0
0.14529 55 31
0.56735 60 35
0.14805 55 37
0.04935 0 0
0.14805 55 29
0.04935 0 0
0.14805 55 29
0.04935 0 0
0.14805 55 42
0.04935 0 0
0.14805 55 35
0.04935 0 0
0.14805 55 37
1.18437 67 35
0.19739 55 49
0.19739 56 36
0.19739 57 36
0.13792 58 52
0.04597 0 0
0.13792 58 45
0.04597 0 0
0.13792 58 52
0.04597 0 0
0.13792 58 52
0.04597 0 0
0.13792 58 46
0.04597 0 0
0.13792 58 46
0.04597 0 0
0.13792 65 52
0.13792 58 44
0.04597 0 0
0.13792 65 46
0.13792 58 39
0.04597 0 0
0.13792 65 46
0.13792 58 39
0.04597 0 0
0.12895 62 52
0.12895 58 44
0.04298 0 0
0.12895 62 45
0.12895 58 38
0.04298 0 0
0.12895 62 45
0.12895 58 45
0.04298 0 0
0.12163 58 52
0.04878 0 0
0.14634 58 47
0.04878 0 0
0.16011 58 47
0.05567 0 0
0.14108 63 56
0.04703 0 0
0.13779 63 39
0.04374 0 0
0.13121 63 39
0.04374 0 0
0.13784 65 45
0.13784 62 38
0.13784 59 38
0.04595 0 0
0.13784 65 38
0.13784 62 32
0.13784 59 32
0.04595 0 0
0.13784 65 38
0.13784 62 32
0.13784 59 32
0.04595 0 0
0.13784 60 39
0.13784 63 47
0.04595 0 0
0.13784 60 35
0.13784 63 42
0.04595 0 0
0.13784 60 35
0.13784 63 42
0.04595 0 0
0.13577 56 52
0.13577 53 44
0.04526 0 0
0.13577 56 45
0.13577 53 38
0.04526 0 0
0.14020 56 45
0.14020 53 38
0.04747 0 0
0.13792 55 50
0.04597 0 0
0.13792 55 40
0.04597 0 0
0.13792 55 40
0.04597 0 0
0.13792 55 50
0.13792 53 42
0.04597 0 0
0.13792 55 39
0.04597 0 0
0.13792 55 39
0.04597 0 0
0.14088 55 47
0.14088 51 39
0.04696 0 0
0.14088 55 38
0.04696 0 0
0.14088 55 38
0.04696 0 0
0.14088 55 48
0.14088 48 40
0.04696 0 0
0.14088 55 38
0.04696 0 0
0.14566 55 38
0.04935 0 0
0.14805 55 45
0.14805 43 45
0.04935 0 0
0.14805 55 36
0.04935 0 0
0.14805 55 36
0.04675 0 0
0.13896 55 42
0.04651 0 0
0.13983 55 35
0.04673 0 0
0.14070 55 37
0.04703 0 0
0.14159 55 49
0.04739 0 0
0.14248 55 36
0.04762 0 0
0.14339 55 36
0.04793 0 0
0.13792 55 57
0.04597 0 0
0.13792 55 49
0.04597 0 0
0.14548 55 57
0.04975 0 0
0.13973 55 64
0.04651 0 0
0.13875 55 51
0.04608 0 0
0.13748 55 51
0.04559 0 0
0.13609 54 57
0.13609 55 57
0.04518 0 0
0.13487 54 47
0.13487 55 47
0.04478 0 0
0.13367 54 47
0.13367 55 47
0.04428 0 0
0.13333 55 60
0.13333 53 60
0.04444 0 0
0.13333 52 50
0.13333 55 50
0.04444 0 0
0.13333 50 51
0.13333 55 51
0.04444 0 0
0.13792 48 61
0.13792 55 61
0.04597 0 0
0.13792 55 50
0.13792 47 50
0.04597 0 0
0.17531 46 52
0.17531 55 51
0.06467 0 0
0.14042 55 71
0.14042 45 71
0.04681 0 0
0.13767 55 54
0.13767 45 54
0.04405 0 0
0.13216 45 53
0.13216 55 53
0.04405 0 0
0.13699 55 61
0.13699 45 61
0.04566 0 0
0.13699 55 49
0.13699 45 49
0.04566 0 0
0.13699 55 47
0.13699 45 47
0.04566 0 0
0.13699 55 56
0.13699 45 56
0.04566 0 0
0.13963 45 43
0.04831 0 0
0.14493 45 43
0.04831 0 0
0.14493 45 54
0.04831 0 0
0.14493 45 46
0.04831 0 0
0.14493 45 46
0.04831 0 0
0.14085 46 50
0.04695 0 0
0.13874 45 41
0.04484 0 0
0.13453 45 41
0.04484 0 0
0.14019 45 48
0.04673 0 0
0.14063 45 41
0.04717 0 0
0.14151 45 41
0.04717 0 0
0.14151 45 49
0.04717 0 0
0.14129 45 41
0.04695 0 0
0.14084 45 41
0.04695 0 0
0.14218 45 41
0.04739 0 0
0.14218 45 41
0.04739 0 0
0.14218 45 41
0.04739 0 0
0.14042 44 71
0.04681 0 0
0.13767 44 54
0.04405 0 0
0.13216 44 53
0.04405 0 0
0.13699 44 61
0.04566 0 0
0.13699 44 49
0.04566 0 0
0.13699 44 47
0.04566 0 0
0.13699 44 56
0.04566 0 0
0.13963 44 43
0.04831 0 0
0.14493 44 43
0.04831 0 0
0.14493 44 54
0.04831 0 0
0.14493 44 46
0.04831 0 0
0.14493 44 46
0.04831 0 0
0.14085 43 50
0.04695 0 0
0.13874 44 41
0.04484 0 0
0.13453 44 41
0.04484 0 0
0.14019 44 48
0.04673 0 0
0.14063 44 41
0.04717 0 0
0.14151 44 41
0.04717 0 0
0.14151 44 49
0.04717 0 0
0.14129 44 41
0.04695 0 0
0.14084 44 41
0.04695 0 0
0.14218 43 41
0.04739 0 0
0.14218 43 41
0.04739 0 0
0.14218 43 41
0.04739 0 0
0.14085 42 34
0.04695 0 0
0.14085 42 34
0.04695 0 0
0.14085 42 34
0.04695 0 0
0.13954 42 41
0.04651 0 0
0.13954 42 33
0.04651 0 0
0.13953 42 33
1.12152 48 53
0.13954 42 34
0.04651 0 0
0.13953 42 32
0.04651 0 0
0.13954 42 32
0.55814 50 43
0.14019 42 34
0.04673 0 0
0.14019 42 33
0.04673 0 0
0.15544 42 33
0.58109 51 44
0.13889 43 34
0.04630 0 0
0.13889 43 34
0.04630 0 0
0.13889 43 34
0.04630 0 0
0.13889 43 34
0.04630 0 0
0.13889 43 34
0.04630 0 0
0.15707 43 34
1.13535 52 46
0.14085 43 34
0.04695 0 0
0.14085 43 34
0.04695 0 0
0.14085 43 35
0.04695 0 0
0.14085 43 35
0.04695 0 0
0.14085 43 30
0.04695 0 0
0.14851 43 30
1.13699 50 45
0.14085 36 32
0.04695 0 0
0.14085 36 38
0.04695 0 0
0.14085 36 37
0.04695 0 0
0.13889 36 37
0.04630 0 0
0.13889 36 36
0.04630 0 0
0.13889 36 35
0.04630 0 0
0.14019 36 35
0.04673 0 0
0.14019 36 34
0.04673 0 0
0.14019 36 34
0.04673 0 0
0.14085 36 33
0.04695 0 0
0.14085 36 33
0.04695 0 0
0.14085 36 32
0.04695 0 0
0.13889 36 31
0.04630 0 0
0.13889 36 31
0.04630 0 0
0.13889 36 30
0.04630 0 0
0.13954 36 30
0.04651 0 0
0.13954 36 29
0.04651 0 0
0.14706 36 28
3.36679 48 38
0.58823 36 34
1.11601 0 0
1.10373 55 24
1.10373 67 29
1.11255 0 0
1.11521 67 29
1.11521 55 24
0.27650 60 29
0.29126 62 35
0.56338 63 40
0.28571 62 33
0.28571 60 30
0.44554 55 28
0.44554 64 33
0.14851 0 0
0.46875 55 25
0.46875 62 30
0.15625 0 0
1.87500 60 33
1.87500 55 27
1.87500 48 24
0.41375 59 33
0.13792 60 28
0.39739 62 38
0.16695 0 0
0.39486 62 31
0.16589 0 0
0.38441 62 31
0.16150 0 0
0.42147 60 35
0.14563 62 35
0.81818 63 40
0.27273 62 33
0.27273 60 29
0.29703 55 29
0.27650 60 29
0.29126 62 35
0.56338 63 40
0.28571 62 33
0.28571 60 30
0.44554 55 28
0.44554 64 33
0.14851 0 0
0.46875 55 25
0.46875 62 30
0.15625 0 0
1.25000 60 30
1.25000 55 25
1.25000 48 25
0.44554 55 28
0.44554 64 33
0.14851 0 0
0.46875 55 25
0.46875 62 30
0.15625 0 0
1.25000 60 30
1.25000 55 25
1.25000 48 25
0.59406 43 29
0.59406 52 34
0.64865 43 27
0.64865 50 32
1.37931 48 36
1.37931 43 29
1.37931 36 29
1.51899 48 34
1.51899 43 28
1.51899 36 28
3.66412 48 34
3.66412 43 28
3.66412 36 28
