"scn15_10"

#  Piano right
1.73077 0 0
0.58252 63 47
0.55513 68 53
0.54051 59 26
0.52632 71 45
0.55046 70 50
0.53839 61 27
0.52632 67 46
0.55556 68 50
0.54326 59 28
0.53097 70 51
0.56075 71 53
0.55064 59 30
0.54054 73 51
0.57143 75 44
0.56609 63 28
0.56075 76 38
0.62500 73 41
0.64583 64 26
0.66667 75 37
0.76550 71 36
1.57609 63 29
0.32609 0 0
0.55556 66 47
0.52632 71 53
0.51957 63 26
0.51282 75 45
0.53097 73 50
0.52864 64 27
0.52632 70 46
0.54054 71 50
0.53576 63 28
0.53097 73 51
0.56075 75 53
0.54586 63 30
0.53097 77 57
0.57143 78 61
0.56609 66 35
0.56075 80 52
0.62500 77 55
0.66544 68 26
0.70588 78 44
0.38961 0 0
1.58333 66 26
1.97294 75 34
0.33333 0 0
0.55556 75 48
0.52632 76 51
0.52403 67 27
0.52174 73 45
0.54054 75 48
0.54054 68 28
0.54054 71 45
0.57143 71 44
0.58571 62 27
0.60000 68 39
0.69112 67 35
1.08434 70 25
1.44578 63 26
0.36145 0 0
0.55896 63 45
0.00708 0 0
0.53571 68 51
0.52873 59 28
0.52174 70 53
0.52174 71 55
0.52174 61 28
0.52174 73 52
0.52632 75 55
0.51316 61 33
0.50000 73 53
0.27778 71 50
0.54326 59 27
0.53097 71 46
0.59738 71 49
0.44590 61 42
0.46392 63 37
0.61856 70 46
0.57692 68 46
0.55873 59 26
0.54054 71 44
0.55556 70 46
0.53865 61 27
0.52174 67 46
0.54545 68 50
0.52914 59 28
0.51282 70 51
0.56075 71 53
0.55064 59 30
0.54054 73 51
0.58824 75 44
0.57449 63 28
0.56075 76 38
0.64516 73 41
0.66349 64 26
0.68182 75 37
0.38961 0 0
1.76471 63 29
2.15432 71 36
0.44118 0 0
0.55556 66 51
0.52632 71 53
0.51957 63 26
0.51282 75 45
0.53097 73 50
0.52864 64 27
0.52632 70 46
0.54054 71 50
0.53576 63 28
0.53097 73 51
0.56075 75 53
0.54586 63 30
0.53097 77 57
0.57143 78 61
0.56609 66 35
0.56075 80 52
0.62500 77 55
0.66544 68 26
0.70588 78 44
0.38961 0 0
1.58333 66 26
1.97294 75 34
0.33333 0 0
0.55556 75 48
0.52632 76 51
0.52403 67 27
0.52174 73 45
0.54054 75 48
0.54054 68 28
0.54054 71 45
0.57143 71 44
0.58571 62 27
0.60000 68 39
0.69112 67 38
1.08434 70 25
1.44578 63 26
0.36145 0 0
0.55896 63 45
0.00708 0 0
0.53571 68 51
0.52873 59 28
0.52174 70 53
0.52174 71 55
0.52174 61 28
0.52174 73 52
0.52632 75 55
0.51316 61 33
0.50000 73 53
0.27778 71 50
0.54326 59 27
0.53097 71 46
0.59738 71 49
0.45431 61 42
0.47594 63 41
0.63899 70 46
0.57692 68 46
0.55632 59 29
0.53571 70 50
0.56075 71 52
0.56884 59 34
0.57692 75 56
0.60606 80 61
0.67416 58 47
0.74074 59 38
0.85714 0 0
3.42857 68 29
4.28571 63 36
#  Piano left
2.02203 0 0
0.29126 44 29
0.27778 63 35
0.27736 56 23
0.26316 51 29
0.26316 44 33
0.27523 63 27
0.27523 55 26
0.26316 51 30
0.26316 44 30
0.27778 63 36
0.27778 56 26
0.26549 51 28
0.26549 43 30
0.28037 64 35
0.28037 61 26
0.27027 52 33
0.27027 42 35
0.28571 66 38
0.28571 59 24
0.28037 54 29
0.28037 42 33
0.31250 66 27
0.31250 58 27
0.33333 54 27
0.33333 47 28
0.76550 0 0
1.15942 54 26
1.57609 59 28
1.92492 66 30
0.60386 0 0
0.27778 47 29
0.26316 66 34
0.26316 59 23
0.25641 54 29
0.25641 47 33
0.26549 0 0
0.26549 61 26
0.26316 54 30
0.79413 67 27
0.26316 47 30
0.27027 66 34
0.27027 59 26
0.26549 54 28
0.26549 44 30
0.28037 65 35
0.28037 59 26
0.26549 53 33
0.26549 46 35
0.28571 70 38
0.28571 63 24
0.28037 58 29
0.28037 46 33
0.31250 0 0
0.31250 62 27
0.35294 58 27
0.97794 71 27
0.35294 51 28
0.80628 0 0
1.16667 58 26
1.58333 63 26
1.97294 70 27
0.61111 0 0
0.27778 51 28
0.26316 70 31
0.26316 64 24
0.26087 61 30
0.26087 51 27
0.27027 71 30
0.27027 63 25
0.27027 59 28
0.27027 51 28
0.28571 65 29
0.28571 59 24
0.30000 56 28
0.30000 39 33
0.32967 0 0
1.44578 58 23
1.77545 67 28
0.64446 0 0
0.28302 44 27
0.26786 63 27
0.26786 56 22
0.26087 51 27
0.26087 40 34
0.26087 0 0
0.26087 56 22
0.26087 55 27
0.52174 59 22
0.78261 64 29
0.26087 42 30
0.26316 0 0
0.26316 54 22
0.25000 52 27
0.51316 58 22
0.77632 64 31
0.25000 35 42
0.27778 63 27
0.27778 54 25
0.26549 51 27
0.26549 39 44
0.30612 63 27
0.29126 55 27
0.30928 51 27
0.30928 44 33
0.28846 63 33
0.28846 56 23
0.27027 51 29
0.27027 44 33
0.27778 63 27
0.27778 55 26
0.26087 51 30
0.26087 44 30
0.27273 63 36
0.27273 56 26
0.25641 51 28
0.25641 43 30
0.28037 64 35
0.28037 61 26
0.27027 52 33
0.27027 42 40
0.29412 66 38
0.29412 59 24
0.28037 54 29
0.28037 42 36
0.32258 66 27
0.32258 58 27
0.34091 54 27
0.34091 47 28
0.83079 0 0
1.32353 54 26
1.76471 59 28
2.15432 66 30
0.71895 0 0
0.27778 47 29
0.26316 66 34
0.26316 59 23
0.25641 54 29
0.25641 47 33
0.26549 0 0
0.26549 61 26
0.26316 54 30
0.79413 67 27
0.26316 47 30
0.27027 66 34
0.27027 59 26
0.26549 54 28
0.26549 44 30
0.28037 65 35
0.28037 59 26
0.26549 53 33
0.26549 46 35
0.28571 70 38
0.28571 63 24
0.28037 58 29
0.28037 46 33
0.31250 0 0
0.31250 62 27
0.35294 58 27
0.97794 71 27
0.35294 51 28
0.80628 0 0
1.16667 58 26
1.58333 63 26
1.97294 70 27
0.61111 0 0
0.27778 51 28
0.26316 70 31
0.26316 64 24
0.26087 61 30
0.26087 51 27
0.27027 71 30
0.27027 63 25
0.27027 59 28
0.27027 51 28
0.28571 65 29
0.28571 59 24
0.30000 56 28
0.30000 39 33
0.32967 0 0
1.44578 58 23
1.77545 67 28
0.64446 0 0
0.28302 44 27
0.26786 63 27
0.26786 56 22
0.26087 51 27
0.26087 40 34
0.26087 0 0
0.26087 56 22
0.26087 55 27
0.52174 59 22
0.78261 64 29
0.26087 42 30
0.26316 0 0
0.26316 54 22
0.25000 52 27
0.51316 58 22
0.77632 64 31
0.25000 35 44
0.27778 63 27
0.27778 54 25
0.26549 51 27
0.26549 39 44
0.30612 63 27
0.29126 55 27
0.32971 51 27
0.30928 44 33
0.28846 63 33
0.28846 56 23
0.26786 51 29
0.26786 44 33
0.28037 63 35
0.28037 56 28
0.28846 51 31
0.28846 44 33
0.30303 63 40
0.30303 56 33
0.33708 51 31
0.33708 44 30
0.37037 63 33
0.37037 56 30
0.85714 51 29
3.42857 32 30
