"scn16_1"

#  Piano right
1.07582 0 0
0.17900 57 47
0.11120 58 63
0.10693 52 46
0.10693 61 46
0.10693 64 63
0.10693 55 47
0.10693 57 47
0.11120 58 63
0.10522 53 48
0.10522 62 48
0.10522 65 62
0.10522 57 47
0.10522 60 47
0.11182 61 62
0.10193 55 47
0.10193 64 47
0.10193 67 62
0.10193 58 47
0.10193 62 47
0.10636 63 62
0.09883 57 46
0.09883 69 47
0.09883 72 62
0.09883 60 48
0.09883 62 49
0.10355 63 65
0.09688 58 49
0.09688 67 49
0.09688 70 65
0.09688 62 50
0.09688 64 50
0.10140 65 67
0.09688 59 51
0.09688 71 51
0.09688 74 67
0.09688 65 52
0.09688 67 52
0.10522 68 69
0.10730 62 52
0.10994 74 56
0.10193 77 71
0.09883 65 57
0.09883 68 59
0.09592 69 76
0.09592 64 63
0.09592 73 63
0.09592 76 77
0.09592 67 66
0.10036 69 67
0.10636 70 81
0.09984 64 63
0.09984 73 59
0.09984 76 63
0.09984 67 47
0.09984 69 47
0.10522 70 63
0.09934 65 48
0.09934 74 48
0.09640 77 62
0.09640 69 47
0.09640 72 47
0.10693 73 62
0.09883 67 47
0.09883 76 47
0.09688 79 62
0.09688 70 47
0.09688 74 47
0.10753 75 62
0.09835 69 46
0.09835 81 47
0.09736 84 62
0.09736 72 48
0.09736 74 49
0.10693 75 65
0.09984 70 49
0.09984 79 49
0.09984 82 72
0.09984 74 57
0.09984 76 57
0.10578 77 74
0.10246 71 57
0.10300 86 57
0.10300 89 76
0.10300 77 61
0.10300 83 61
0.10693 85 82
0.10193 76 62
0.10193 88 65
0.10753 93 82
0.10753 81 67
0.10753 86 80
0.32258 98 95
0.16129 0 0
0.17900 57 47
0.11120 58 63
0.10693 52 46
0.10693 61 46
0.10693 64 63
0.10693 55 47
0.10693 57 47
0.11120 58 63
0.10246 53 48
0.10246 62 48
0.10246 65 62
0.10246 57 47
0.10246 60 47
0.11182 61 62
0.10193 55 47
0.10193 64 47
0.10193 67 62
0.10193 58 47
0.10193 62 47
0.10636 63 62
0.09883 57 46
0.09883 69 47
0.09883 72 62
0.09883 60 48
0.09883 62 49
0.10355 63 65
0.09557 58 49
0.09557 67 49
0.09557 70 65
0.09557 62 50
0.09557 64 50
0.10140 65 67
0.09688 59 51
0.09688 71 51
0.09688 74 67
0.09688 65 52
0.09688 67 52
0.10522 68 69
0.10730 62 52
0.10994 74 56
0.10193 77 71
0.09883 65 57
0.09883 68 59
0.09592 69 76
0.09592 64 63
0.09592 73 63
0.09592 76 77
0.09592 67 66
0.10036 69 67
0.10636 70 81
0.09732 64 63
0.09732 73 59
0.09732 76 63
0.09732 67 47
0.09732 69 47
0.10522 70 63
0.09934 65 48
0.09934 74 48
0.09515 77 62
0.09515 69 47
0.09515 72 47
0.10693 73 62
0.09883 67 47
0.09883 76 47
0.09557 79 62
0.09557 70 47
0.09557 74 47
0.10753 75 62
0.09835 69 46
0.09835 81 47
0.09736 84 62
0.09736 72 48
0.09736 74 49
0.10693 75 65
0.09984 70 49
0.09984 79 49
0.09984 82 72
0.09984 74 57
0.09984 76 57
0.10578 77 74
0.10246 71 57
0.10300 86 57
0.10300 89 76
0.10300 77 61
0.10300 83 61
0.10693 85 82
0.10193 76 62
0.10193 88 65
0.10753 93 82
0.10753 81 67
0.10753 86 80
0.32258 98 95
0.10753 0 0
0.09984 77 74
0.09984 81 74
0.10193 82 82
0.10193 77 76
0.12231 86 72
0.10601 89 87
0.10601 77 81
0.10601 81 84
0.10300 82 93
0.10300 76 81
0.10300 80 74
0.10293 81 82
0.10293 77 71
0.10293 81 66
0.10193 82 82
0.10193 77 76
0.12231 86 72
0.10601 89 87
0.10013 77 81
0.10293 81 84
0.10053 82 93
0.10053 76 81
0.10053 80 69
0.10198 81 82
0.10198 76 71
0.10198 81 62
0.10193 86 82
0.10193 74 71
0.12231 79 61
0.10004 81 80
0.10004 74 72
0.10004 79 65
0.10394 84 77
0.10394 72 67
0.10394 77 63
0.10394 79 67
0.10394 72 59
0.10394 77 52
0.10193 82 72
0.10193 70 66
0.12231 76 59
0.10051 77 69
0.10051 70 60
0.10051 76 52
0.10445 81 68
0.10445 69 59
0.10445 74 52
0.10445 76 65
0.10445 69 54
0.10445 74 48
0.10193 75 73
0.10193 70 68
0.12231 79 65
0.10549 82 77
0.10549 70 72
0.10549 74 76
0.10300 79 83
0.10300 70 72
0.10300 74 67
0.10300 75 73
0.10300 70 63
0.10300 74 57
0.10193 75 73
0.10193 70 68
0.12231 79 65
0.10445 82 77
0.10445 70 72
0.10445 74 76
0.10300 79 83
0.10300 70 72
0.10300 74 67
0.10300 75 73
0.10300 71 63
0.10300 75 57
0.09772 78 76
0.09772 66 63
0.09772 71 69
0.10355 75 76
0.10355 63 66
0.10375 66 59
0.10409 71 73
0.10409 61 65
0.10409 67 57
0.10409 70 69
0.10409 60 59
0.10346 63 51
0.09689 69 67
0.09735 58 57
0.09792 62 52
0.09840 67 74
0.09897 59 57
0.09949 62 52
0.10027 65 76
0.10031 57 62
0.10069 61 55
0.10119 64 76
0.10390 55 61
0.10955 57 56
0.11120 58 77
0.10693 52 57
0.10693 61 51
0.10693 64 63
0.10693 55 47
0.10693 57 47
0.11120 58 63
0.10522 53 48
0.10522 62 42
0.10522 65 62
0.10522 57 47
0.10522 60 42
0.11182 61 62
0.09732 55 47
0.09732 64 47
0.09732 67 62
0.09732 58 47
0.09732 62 42
0.10636 63 62
0.09732 57 46
0.09732 69 47
0.09732 72 62
0.09732 60 48
0.09732 62 49
0.10355 63 65
0.09688 58 49
0.09688 67 44
0.09688 70 65
0.09688 62 50
0.09688 64 45
0.10140 65 67
0.09515 59 51
0.09515 71 48
0.09515 74 67
0.09515 65 52
0.09515 67 47
0.10522 68 69
0.10730 62 52
0.10994 74 54
0.10193 77 71
0.09883 65 57
0.09883 68 59
0.09592 69 76
0.09592 64 63
0.09592 73 63
0.09592 76 77
0.09592 67 66
0.10036 69 67
0.10636 70 81
0.09688 64 63
0.09688 73 59
0.09688 76 72
0.09688 67 52
0.09688 69 52
0.10522 70 73
0.09934 65 55
0.09934 74 55
0.09640 77 70
0.09640 69 54
0.09640 72 55
0.10693 73 74
0.09883 67 54
0.09883 76 55
0.09688 79 72
0.09688 70 54
0.09688 74 54
0.10753 75 73
0.09835 69 52
0.09835 81 54
0.09736 84 71
0.09736 72 52
0.09736 74 55
0.10693 75 72
0.09984 70 57
0.09984 79 57
0.09984 82 74
0.09984 74 57
0.09984 76 57
0.10578 77 79
0.10246 71 57
0.10300 86 57
0.10300 89 79
0.10300 77 61
0.10300 83 61
0.10693 85 82
0.10193 76 62
0.10193 88 65
0.10753 93 82
0.10753 81 67
0.10753 86 80
0.34738 98 95
0.10753 0 0
0.09984 77 74
0.09984 81 74
0.10193 82 82
0.10193 77 76
0.12231 86 68
0.10196 89 87
0.10196 77 81
0.10196 81 84
0.09913 82 93
0.09913 76 74
0.09913 80 70
0.10246 81 82
0.10246 77 71
0.10246 81 62
0.10193 82 82
0.10193 77 76
0.12231 86 72
0.10394 89 87
0.10394 77 81
0.10394 81 84
0.10300 82 93
0.10300 76 81
0.10300 80 74
0.10300 81 82
0.10300 76 71
0.10300 81 66
0.10193 86 82
0.10193 74 71
0.12231 79 59
0.10051 81 80
0.10051 74 70
0.10051 79 62
0.10496 84 77
0.10496 72 67
0.10496 77 59
0.10496 79 73
0.10496 72 61
0.10496 77 54
0.10193 82 72
0.10193 70 66
0.12231 76 53
0.10147 77 69
0.10147 70 60
0.10147 76 54
0.10445 81 68
0.10445 69 59
0.10445 74 52
0.10445 76 65
0.10445 69 54
0.10445 74 48
0.10193 75 73
0.10193 70 68
0.12231 79 65
0.10496 82 77
0.10496 70 72
0.10496 74 76
0.10300 79 83
0.10300 70 72
0.10300 74 67
0.10300 75 73
0.10300 70 66
0.10300 74 57
0.10193 75 73
0.10193 70 68
0.12231 79 65
0.10343 82 77
0.10343 70 72
0.10343 74 76
0.09867 79 83
0.09867 70 72
0.09867 74 67
0.10053 75 73
0.10053 71 63
0.10053 75 57
0.09772 78 76
0.09772 66 63
0.09772 71 69
0.10355 75 76
0.10355 63 66
0.10375 66 66
0.10409 71 73
0.10409 61 62
0.10409 67 57
0.10409 70 69
0.10409 60 59
0.10346 63 55
0.09689 69 67
0.09735 58 57
0.09792 62 52
0.09840 67 74
0.09897 59 57
0.09949 62 52
0.10027 65 76
0.10031 57 62
0.10069 61 57
0.10119 64 76
0.10390 55 61
0.10955 57 55
0.11120 58 77
0.10693 52 57
0.10693 61 51
0.10693 64 63
0.10693 55 47
0.10693 57 47
0.11120 58 63
0.10522 53 48
0.10522 62 48
0.10522 65 62
0.10522 57 47
0.10522 60 47
0.11182 61 62
0.10193 55 47
0.10193 64 47
0.10193 67 62
0.10193 58 68
0.10193 62 47
0.10636 63 62
0.09883 57 46
0.09883 69 47
0.09883 72 62
0.09883 60 48
0.09883 62 49
0.10355 63 65
0.09688 58 49
0.09688 67 49
0.09688 70 65
0.09688 62 50
0.09688 64 50
0.10140 65 67
0.09688 59 51
0.09688 71 51
0.09688 74 67
0.09688 65 52
0.09688 67 52
0.10522 68 69
0.10730 62 52
0.10994 74 56
0.10193 77 71
0.09883 65 57
0.09883 68 59
0.09592 69 76
0.09592 64 63
0.09592 73 63
0.09592 76 77
0.09592 67 66
0.10036 69 67
0.10636 70 81
0.09732 64 63
0.09732 73 59
0.09732 76 72
0.09732 67 52
0.09732 69 52
0.10522 70 73
0.09934 65 55
0.09934 74 55
0.09472 77 70
0.09472 69 54
0.09472 72 55
0.10693 73 74
0.09883 67 54
0.09883 76 55
0.09557 79 72
0.09557 70 54
0.09557 74 54
0.10753 75 73
0.09835 69 52
0.09835 81 54
0.09688 84 71
0.09688 72 52
0.09688 74 55
0.10693 75 72
0.09984 70 57
0.09984 79 57
0.09984 82 74
0.09984 74 57
0.09984 76 57
0.10578 77 79
0.10246 71 57
0.10300 86 57
0.10300 89 79
0.10300 77 61
0.10300 83 61
0.10693 85 82
0.10193 76 62
0.10193 88 65
0.10873 93 82
0.10873 81 67
0.10873 86 80
0.17756 98 95
0.41492 0 0
0.12139 79 45
0.12018 77 51
0.11215 70 35
0.11215 74 35
0.11215 65 30
0.12644 58 24
0.12018 75 47
0.11156 74 51
0.11156 65 36
0.11156 70 35
0.11156 62 27
0.12710 58 23
0.11901 74 50
0.11959 72 51
0.10983 65 35
0.10983 66 35
0.10983 63 29
0.12644 58 23
0.11901 74 48
0.11040 75 52
0.11040 65 38
0.11040 66 36
0.11040 63 33
0.12710 58 31
0.12018 74 53
0.11098 72 54
0.11098 65 38
0.11098 66 38
0.11098 63 32
0.12644 58 28
0.11959 74 52
0.11098 75 56
0.11098 65 42
0.11098 63 39
0.11098 60 33
0.13791 58 29
0.12077 69 56
0.11273 70 57
0.11273 65 40
0.11273 62 40
0.11273 58 33
0.12644 57 27
0.11901 72 54
0.11215 74 62
0.11215 65 47
0.11215 62 42
0.11215 58 35
0.13193 55 30
0.11959 72 57
0.11273 70 62
0.11273 65 44
0.11273 62 44
0.11273 58 36
0.13122 53 33
0.11959 72 54
0.11393 74 57
0.11393 67 47
0.11393 60 42
0.11393 58 37
0.13412 52 29
0.12139 70 57
0.11643 69 57
0.11643 65 40
0.11643 60 40
0.11643 57 35
0.12644 53 28
0.12077 70 56
0.11786 72 61
0.11785 65 44
0.11786 60 44
0.11785 56 36
0.15170 50 31
0.12710 71 57
0.11843 72 62
0.11843 65 44
0.11843 60 44
0.11843 57 38
0.14194 48 33
0.12450 73 56
0.11969 74 61
0.11969 64 43
0.11969 58 43
0.11969 55 35
0.13264 48 29
0.12387 69 56
0.12644 70 57
0.12644 60 41
0.12644 58 40
0.12644 52 34
0.13122 48 28
0.12913 64 51
0.12972 65 54
0.12972 60 37
0.12972 57 37
0.12972 48 33
0.17212 41 29
0.11561 79 50
0.12018 77 51
0.11333 70 35
0.11333 74 35
0.11333 65 28
0.12644 58 25
0.12018 75 47
0.11333 74 51
0.11333 65 36
0.11333 70 35
0.11333 62 28
0.12710 58 23
0.11901 74 50
0.11959 72 51
0.11215 65 35
0.11215 66 35
0.11215 63 30
0.12644 58 24
0.11901 74 48
0.11215 75 52
0.11215 65 38
0.11215 66 36
0.11215 63 31
0.12710 58 25
0.12018 74 53
0.11215 72 54
0.11215 65 38
0.11215 66 38
0.11215 63 31
0.12644 58 27
0.11959 74 52
0.11156 75 56
0.11156 65 42
0.11156 63 39
0.11156 60 34
0.13791 58 29
0.12077 69 56
0.11273 70 57
0.11273 65 40
0.11273 62 40
0.11273 58 33
0.12644 57 27
0.11901 72 54
0.11215 74 57
0.11215 65 47
0.11215 62 42
0.11215 58 34
0.13193 55 31
0.11959 72 57
0.11156 70 57
0.11156 65 44
0.11156 62 44
0.11156 58 39
0.13122 53 33
0.11959 72 54
0.11273 74 57
0.11273 67 47
0.11273 60 42
0.11273 58 37
0.13412 52 32
0.12139 70 57
0.11455 69 57
0.11455 65 40
0.11455 60 40
0.11455 57 36
0.12644 53 31
0.12077 70 56
0.11643 72 61
0.11643 65 44
0.11643 60 44
0.11643 56 39
0.15170 50 34
0.12710 71 57
0.11843 72 62
0.11843 65 44
0.11843 60 44
0.11843 57 40
0.14194 48 35
0.12450 73 56
0.12035 74 61
0.12035 64 43
0.12035 58 43
0.12035 55 38
0.13264 48 32
0.12387 69 56
0.12256 70 57
0.12256 60 41
0.12256 58 40
0.13497 52 34
0.13122 48 29
0.12913 64 51
0.12806 65 54
0.12806 60 37
0.12806 57 37
0.12806 48 31
0.18811 41 25
0.11561 79 50
0.12018 77 51
0.11455 68 35
0.11455 72 35
0.11455 65 32
0.12644 62 28
0.12018 75 47
0.11455 74 51
0.11455 67 36
0.11455 62 35
0.11455 59 28
0.12710 53 23
0.11901 71 50
0.11959 72 51
0.11393 67 35
0.11393 68 35
0.11393 63 30
0.12644 60 27
0.11901 74 48
0.11671 75 52
0.11671 67 38
0.11959 60 36
0.11959 55 32
0.13870 51 28
0.12018 72 58
0.11156 80 64
0.11156 68 43
0.11156 60 43
0.11156 53 40
0.12644 50 31
0.11959 80 61
0.11098 79 66
0.11098 67 45
0.11098 59 43
0.11098 50 36
0.13791 43 31
0.12077 79 56
0.11215 75 63
0.11215 67 40
0.11215 60 40
0.11215 51 35
0.12644 48 30
0.11901 75 51
0.11273 72 54
0.11273 67 42
0.11273 60 36
0.11273 55 30
0.15076 51 25
0.11959 77 50
0.11273 75 56
0.11273 66 41
0.11273 70 44
0.11273 63 35
0.13122 60 33
0.11959 73 50
0.11579 72 54
0.11579 65 44
0.11579 60 39
0.11579 57 37
0.13412 51 32
0.12139 69 52
0.11786 70 56
0.11785 65 40
0.11786 66 40
0.11785 61 36
0.12644 58 31
0.12077 72 53
0.11786 73 61
0.11785 65 43
0.11786 58 42
0.11785 53 39
0.15170 49 34
0.12710 70 57
0.12182 78 67
0.12182 66 49
0.12182 63 44
0.12182 58 40
0.14194 51 35
0.12450 78 56
0.12332 81 65
0.12332 69 48
0.11969 66 43
0.13193 63 38
0.14710 54 32
0.14710 81 49
0.13307 82 60
0.12892 70 38
0.13000 67 38
0.13109 63 33
0.13150 55 29
0.13435 79 46
0.13679 77 53
0.13682 72 32
0.13682 65 32
0.13682 63 27
0.25265 57 23
0.11561 79 50
0.12018 77 51
0.11393 70 35
0.11393 74 35
0.11393 65 30
0.12644 58 25
0.12018 75 47
0.11393 74 51
0.11393 65 36
0.11393 70 35
0.11393 62 26
0.12710 58 23
0.11901 74 50
0.11959 72 51
0.11156 65 35
0.11156 66 35
0.11156 63 28
0.12644 58 23
0.11901 74 48
0.11215 75 52
0.11215 65 38
0.11215 66 36
0.11215 63 30
0.12710 58 27
0.12018 74 53
0.11273 72 54
0.11273 65 38
0.11273 66 38
0.11273 63 33
0.12644 58 29
0.11959 74 52
0.11215 75 56
0.11215 65 42
0.11215 63 39
0.11215 60 35
0.13791 58 29
0.12077 69 56
0.11273 70 60
0.11273 65 40
0.11273 62 40
0.11273 58 34
0.12644 57 30
0.11901 72 57
0.11333 74 64
0.11333 65 47
0.11333 62 42
0.11333 58 36
0.13193 56 31
0.11959 70 57
0.11215 75 62
0.11215 63 44
0.11215 67 44
0.11215 58 39
0.13122 55 33
0.11959 75 54
0.11333 71 57
0.11333 68 47
0.11333 62 42
0.11333 56 37
0.13412 53 32
0.12139 71 57
0.11643 72 57
0.11643 60 40
0.11643 63 40
0.11643 55 36
0.12644 51 31
0.12077 72 56
0.11843 66 61
0.11843 62 44
0.11843 57 44
0.11843 50 36
0.15170 48 34
0.12710 66 57
0.11901 67 62
0.11901 55 44
0.11901 58 44
0.11901 50 40
0.14194 46 35
0.12450 67 56
0.12108 66 61
0.12108 58 43
0.12108 54 43
0.12108 46 38
0.13264 39 32
0.12387 66 56
0.12408 65 57
0.12408 57 41
0.12408 53 40
0.13317 45 36
0.13122 41 29
0.12913 65 51
0.12972 62 54
0.12972 58 37
0.12972 50 37
0.12972 41 35
0.17212 34 32
0.11561 79 50
0.12018 77 51
0.11393 68 35
0.11393 72 35
0.11393 65 29
0.12644 62 26
0.12018 75 47
0.11393 74 51
0.11393 67 36
0.11393 62 35
0.11393 59 28
0.12710 53 23
0.11901 71 50
0.11959 72 51
0.11273 67 35
0.11273 68 35
0.11273 63 32
0.12644 60 27
0.11901 74 48
0.11393 75 52
0.11393 67 38
0.11959 60 36
0.11959 55 33
0.13870 51 31
0.12018 72 55
0.11156 80 62
0.11156 68 43
0.11156 60 43
0.11156 53 38
0.12644 50 31
0.11959 80 57
0.11215 79 62
0.11215 67 45
0.11215 59 43
0.11215 50 38
0.13791 43 31
0.12077 79 56
0.11333 75 63
0.11333 67 40
0.11333 60 40
0.11333 51 35
0.12644 48 30
0.11901 75 51
0.11455 72 54
0.11455 67 42
0.11455 60 36
0.11455 55 30
0.15076 51 27
0.11959 77 50
0.11455 75 56
0.11455 66 41
0.11455 70 44
0.11455 63 35
0.13122 60 33
0.11959 73 50
0.11643 72 54
0.11643 65 44
0.11643 60 39
0.11643 57 37
0.13412 51 32
0.12139 69 52
0.11579 70 56
0.11579 65 40
0.11579 66 40
0.11579 61 36
0.12644 58 31
0.12077 72 53
0.11786 73 61
0.11785 65 43
0.11786 58 42
0.11785 53 39
0.15170 49 34
0.12710 70 57
0.11843 78 67
0.11843 66 49
0.11843 63 44
0.11843 58 40
0.14194 51 35
0.12450 78 56
0.12182 81 65
0.12182 69 48
0.11786 66 43
0.13193 63 37
0.14710 54 32
0.14710 81 49
0.13229 82 60
0.13229 70 38
0.13229 67 35
0.13214 63 32
0.13243 55 26
0.13471 79 46
0.13497 77 53
0.13497 72 32
0.13497 65 32
0.13497 63 27
0.25265 57 23
0.11561 79 50
0.12018 77 51
0.11517 70 35
0.11517 74 35
0.11517 65 30
0.12644 58 24
0.12018 75 47
0.11393 74 51
0.11393 65 36
0.11393 70 35
0.11393 62 28
0.12710 58 23
0.11901 74 50
0.11959 72 51
0.11215 65 35
0.11215 66 35
0.11215 63 32
0.12644 58 27
0.11901 74 48
0.11393 75 52
0.11393 65 38
0.11393 66 36
0.11393 63 32
0.12710 58 29
0.12018 74 53
0.11393 72 54
0.11393 65 38
0.11393 66 38
0.11393 63 33
0.12644 58 27
0.11959 74 52
0.11333 75 56
0.11333 65 42
0.11333 63 39
0.11333 60 36
0.13791 58 31
0.12077 69 56
0.11273 70 57
0.11273 65 40
0.11273 62 40
0.11273 58 36
0.12644 57 30
0.11901 72 54
0.11273 74 57
0.11273 65 47
0.11273 62 42
0.11273 58 36
0.13193 56 30
0.11959 70 57
0.11273 75 57
0.11273 63 44
0.11273 67 44
0.11273 58 38
0.13122 55 33
0.11959 75 54
0.11333 71 57
0.11333 68 47
0.11333 62 42
0.11333 56 36
0.13412 53 31
0.12139 71 57
0.11517 72 57
0.11517 60 40
0.11517 63 40
0.11517 55 36
0.12644 51 31
0.12077 72 56
0.11843 66 61
0.11843 62 44
0.11843 57 44
0.11843 50 38
0.15170 48 32
0.12710 66 57
0.11901 67 62
0.11901 55 44
0.11901 58 44
0.11901 50 38
0.14194 46 32
0.12450 67 56
0.11959 66 61
0.11959 58 43
0.11959 54 43
0.11959 46 38
0.13264 39 32
0.12387 66 56
0.12018 65 57
0.12018 57 41
0.12018 53 40
0.12018 45 36
0.13122 41 29
0.12913 65 51
0.12450 62 54
0.12450 58 37
0.12450 50 37
0.12450 41 35
0.17212 34 32
0.11561 57 50
0.12669 58 57
0.10693 52 42
0.10693 61 42
0.10693 64 57
0.10693 55 43
0.10693 57 43
0.11120 58 57
0.10522 53 44
0.10522 62 44
0.10522 65 57
0.10522 57 43
0.10522 60 44
0.11182 61 57
0.10193 55 44
0.10193 64 44
0.10193 67 59
0.10193 58 44
0.10193 62 44
0.10636 63 59
0.09883 57 44
0.09883 69 45
0.09883 72 59
0.09883 60 46
0.09883 62 47
0.10355 63 62
0.09557 58 47
0.09557 67 48
0.09557 70 63
0.09557 62 49
0.09557 64 49
0.10140 65 65
0.09515 59 50
0.09515 71 50
0.09515 74 66
0.09515 65 52
0.09515 67 52
0.10522 68 69
0.10730 62 52
0.10994 74 56
0.10193 77 71
0.09883 65 57
0.09883 68 59
0.09592 69 76
0.09592 64 63
0.09592 73 63
0.09592 76 77
0.09592 67 66
0.10036 69 67
0.10636 70 81
0.09601 64 63
0.09601 73 59
0.09601 76 63
0.09601 67 47
0.09601 69 47
0.10522 70 63
0.09934 65 48
0.09934 74 48
0.09640 77 62
0.09640 69 47
0.09640 72 47
0.10693 73 62
0.09883 67 47
0.09883 76 47
0.09688 79 62
0.09688 70 47
0.09688 74 47
0.10753 75 62
0.09835 69 46
0.09835 81 47
0.09736 84 62
0.09736 72 48
0.09736 74 49
0.10693 75 65
0.09984 70 49
0.09984 79 49
0.09984 82 72
0.09984 74 57
0.09984 76 57
0.10578 77 74
0.10246 71 57
0.10300 86 57
0.10300 89 76
0.10300 77 61
0.10300 83 61
0.10693 85 82
0.10193 76 62
0.10193 88 65
0.10753 93 82
0.10753 81 67
0.10753 86 80
0.32258 98 95
0.10753 0 0
0.09984 77 74
0.09984 81 74
0.10193 82 82
0.10193 77 76
0.12231 86 72
0.10601 89 87
0.10601 77 81
0.10601 81 84
0.10300 82 93
0.10300 76 81
0.10300 80 74
0.10300 81 82
0.10300 77 71
0.10300 81 66
0.10193 82 82
0.10193 77 76
0.12231 86 72
0.10601 89 87
0.10601 77 81
0.10601 81 84
0.10300 82 93
0.10300 76 81
0.10300 80 74
0.10300 81 82
0.10300 76 71
0.10300 81 66
0.10193 86 82
0.10193 74 71
0.12231 79 66
0.10004 81 80
0.10004 74 72
0.10004 79 71
0.10394 84 77
0.10394 72 67
0.10394 77 63
0.10394 79 73
0.10394 72 61
0.10394 77 61
0.10193 82 72
0.10193 70 66
0.12231 76 59
0.10051 77 69
0.10051 70 60
0.10051 76 60
0.10445 81 68
0.10445 69 59
0.10445 74 52
0.10445 76 65
0.10445 69 54
0.10445 74 48
0.10193 75 73
0.10193 70 68
0.12231 79 65
0.10293 82 77
0.10293 70 72
0.10293 74 76
0.09732 79 83
0.09732 70 72
0.09732 74 67
0.10198 75 73
0.10198 70 63
0.10198 74 57
0.10193 75 73
0.10193 70 68
0.12231 79 65
0.10293 82 77
0.09962 70 72
0.10147 74 69
0.10346 79 83
0.10346 70 72
0.10149 74 67
0.10149 75 73
0.10149 71 63
0.10149 75 57
0.09772 78 76
0.09772 66 63
0.09772 71 69
0.10355 75 76
0.10355 63 66
0.10375 66 66
0.10409 71 73
0.10409 61 65
0.10409 67 61
0.10409 70 69
0.10409 60 59
0.10346 63 54
0.09689 69 67
0.09735 58 57
0.09792 62 54
0.09840 67 74
0.09897 59 57
0.09949 62 53
0.10027 65 76
0.10031 57 62
0.10069 61 57
0.10119 64 76
0.10390 55 61
0.10955 57 61
0.11120 58 77
0.10693 52 57
0.10693 61 57
0.10693 64 63
0.10693 55 47
0.10693 57 47
0.11120 58 63
0.10522 53 48
0.10522 62 48
0.10522 65 62
0.10522 57 47
0.10522 60 47
0.11182 61 62
0.10053 55 47
0.10053 64 47
0.10053 67 62
0.10053 58 47
0.10053 62 47
0.10636 63 62
0.09644 57 46
0.09644 69 47
0.09644 72 62
0.09644 60 48
0.09644 62 49
0.10355 63 65
0.09472 58 49
0.09472 67 49
0.09472 70 65
0.09472 62 50
0.09472 64 50
0.10140 65 67
0.09515 59 51
0.09515 71 51
0.09515 74 67
0.09515 65 52
0.09515 67 52
0.10522 68 69
0.10730 62 52
0.10994 74 56
0.10193 77 71
0.09883 65 57
0.09883 68 59
0.09472 69 76
0.09472 64 63
0.09472 73 63
0.09472 76 77
0.09472 67 66
0.10036 69 67
0.10636 70 81
0.09821 64 63
0.09821 73 59
0.09821 76 72
0.09821 67 52
0.09821 69 52
0.10522 70 73
0.09934 65 55
0.09934 74 55
0.09515 77 70
0.09515 69 54
0.09515 72 55
0.10693 73 74
0.09883 67 54
0.09883 76 55
0.09644 79 72
0.09644 70 54
0.09644 74 54
0.10753 75 73
0.09835 69 52
0.09835 81 54
0.09736 84 71
0.09736 72 52
0.09736 74 55
0.10693 75 72
0.09984 70 57
0.09984 79 57
0.09984 82 74
0.09984 74 57
0.09984 76 57
0.10578 77 79
0.10246 71 57
0.10300 86 57
0.10300 89 79
0.10300 77 61
0.10300 83 61
0.10693 85 82
0.11519 76 62
0.11519 88 65
0.12390 93 82
0.12390 81 67
0.12390 86 80
0.35706 98 95
#  Piano left
1.57987 0 0
0.12030 45 60
0.12030 33 50
0.52213 0 0
0.11837 50 60
0.11837 38 50
0.51296 0 0
0.11467 40 50
0.11467 52 60
0.49514 0 0
0.11119 54 61
0.11119 42 51
0.48263 0 0
0.10899 55 63
0.10899 43 53
0.47681 0 0
0.10899 44 54
0.10899 56 65
0.50411 0 0
0.87957 57 72
0.87957 45 60
0.30604 0 0
0.11232 49 50
0.11232 57 60
0.11232 45 50
0.49111 0 0
0.10845 62 60
0.10845 53 50
0.10845 50 50
0.48535 0 0
0.10899 55 50
0.10899 52 50
0.10899 61 60
0.48587 0 0
0.10953 54 51
0.10953 60 51
0.10953 57 51
0.10953 62 61
0.48916 0 0
0.11232 55 53
0.11232 67 63
0.11232 63 53
0.11232 58 53
0.49843 0 0
0.11587 59 54
0.11587 56 54
0.11587 62 54
0.11587 65 65
0.50390 0 0
0.32258 69 68
0.32258 57 56
0.32258 61 56
0.32258 69 56
0.32258 65 56
0.32258 62 56
0.32258 74 68
0.66534 0 0
0.12030 33 50
0.12030 45 60
0.51661 0 0
0.11527 50 60
0.11527 38 50
0.50778 0 0
0.11467 40 50
0.11467 52 60
0.49514 0 0
0.11119 54 61
0.11119 42 51
0.48001 0 0
0.10752 55 63
0.10752 43 53
0.47436 0 0
0.10899 44 54
0.10899 56 65
0.50411 0 0
0.87957 45 60
0.87957 57 72
0.30101 0 0
0.10949 45 50
0.10949 49 50
0.10949 57 60
0.48639 0 0
0.10704 50 50
0.10704 53 50
0.10704 62 60
0.48300 0 0
0.10752 61 60
0.10752 52 50
0.10752 55 50
0.48343 0 0
0.10953 62 61
0.10953 60 51
0.10953 57 51
0.10953 54 51
0.48916 0 0
0.11232 63 53
0.11232 67 63
0.11232 58 53
0.11232 55 53
0.49843 0 0
0.11587 65 65
0.11587 59 54
0.11587 62 54
0.11587 56 54
0.50390 0 0
0.32258 69 68
0.32258 57 56
0.32258 61 56
0.32258 69 56
0.32258 74 68
0.32258 62 56
0.32258 65 56
0.63337 0 0
0.31803 69 73
0.30899 70 80
0.62702 62 54
0.30880 69 73
0.30880 60 56
0.32616 0 0
0.30907 69 73
0.30160 70 80
0.61067 62 49
0.30594 60 51
0.63210 69 73
0.62628 58 59
0.61194 67 76
0.62364 57 60
0.63798 65 76
0.62770 55 59
0.61489 64 71
0.31335 62 68
0.62670 53 54
0.32616 0 0
0.31646 63 66
0.31646 58 55
0.31646 55 55
0.30899 62 59
0.30899 56 49
0.30899 67 71
0.30899 58 49
0.30899 58 55
0.30899 55 55
0.30899 63 66
0.32616 0 0
0.31335 55 55
0.31335 63 66
0.31335 58 55
0.30899 62 59
0.30899 58 49
0.30899 56 49
0.30899 67 71
0.30899 63 66
0.30899 55 55
0.30899 58 55
0.14658 66 71
0.14658 54 57
0.14658 0 0
0.62312 51 66
0.31164 52 59
0.29216 54 59
0.29686 55 65
0.30127 56 70
0.19143 57 74
0.44827 0 0
0.12030 45 60
0.12030 33 50
0.52213 0 0
0.11837 50 60
0.11837 38 50
0.50375 0 0
0.10949 52 60
0.10949 40 50
0.48349 0 0
0.10949 54 61
0.10949 42 51
0.47979 0 0
0.10899 43 53
0.10899 55 63
0.47335 0 0
0.10704 44 54
0.10704 56 65
1.08822 0 0
0.29221 61 73
0.87957 57 72
0.87957 45 60
0.07527 45 49
0.30012 0 0
0.29064 61 62
0.59076 57 73
0.11212 50 51
0.26445 0 0
0.28921 65 62
0.59312 62 81
0.11240 52 49
0.26450 0 0
0.29064 67 67
0.59524 64 76
0.11298 54 52
0.26390 0 0
0.29208 69 67
0.59631 66 81
0.11312 55 55
0.26651 0 0
0.29952 70 68
0.60613 67 84
0.11455 56 57
0.27157 0 0
0.30899 71 68
0.62023 68 87
0.31078 69 76
0.31078 57 63
0.32258 67 63
0.32258 64 63
0.32258 73 76
0.32258 69 63
0.34738 62 63
0.34738 69 63
0.34738 65 63
0.34738 74 76
0.63337 0 0
0.30587 69 73
0.29738 70 80
0.60326 62 48
0.30738 60 55
0.30738 69 73
0.32616 0 0
0.31182 69 73
0.30899 70 80
0.62081 62 48
0.30899 60 56
0.63515 69 73
0.62770 58 59
0.61643 67 76
0.62979 57 60
0.64106 65 76
0.63058 55 59
0.61776 64 71
0.31335 62 68
0.62670 53 54
0.32616 0 0
0.31489 63 66
0.31489 58 55
0.31489 55 55
0.30899 56 49
0.30899 62 59
0.30899 67 71
0.30899 58 49
0.30899 58 55
0.30899 55 55
0.30899 63 66
0.32616 0 0
0.31030 63 66
0.31030 58 55
0.31030 55 55
0.29600 67 71
0.29600 56 49
0.29600 58 49
0.29600 62 59
0.30160 63 66
0.30160 58 55
0.30160 55 55
0.14658 66 71
0.14658 54 57
0.14658 0 0
0.62312 51 66
0.31164 52 59
0.29216 54 59
0.29686 55 65
0.30127 56 70
0.19143 57 74
0.44827 0 0
0.12030 45 60
0.12030 33 50
0.52213 0 0
0.11837 50 60
0.11837 38 50
0.51296 0 0
0.11467 52 60
0.11467 40 50
0.49514 0 0
0.11119 54 61
0.11119 42 51
0.48263 0 0
0.10899 55 63
0.10899 43 53
0.47681 0 0
0.10899 56 65
0.10899 44 54
1.09147 0 0
0.29221 61 73
0.87957 45 60
0.07527 45 49
0.87957 57 72
0.30101 0 0
0.29197 61 62
0.59298 57 73
0.11245 50 51
0.26445 0 0
0.28417 65 62
0.58808 62 81
0.11114 52 49
0.26450 0 0
0.28672 67 67
0.59132 64 76
0.11200 54 52
0.26390 0 0
0.29064 69 67
0.59486 66 81
0.11276 55 55
0.26651 0 0
0.29952 70 68
0.60613 67 84
0.11455 56 57
0.27157 0 0
0.30899 71 68
0.62023 68 87
0.31078 69 76
0.31078 57 63
0.32619 69 63
0.32619 64 63
0.32619 67 63
0.32619 73 76
0.17756 69 63
0.17756 65 63
0.17756 62 63
0.17756 74 76
70.51806 0 0
0.12030 33 45
0.12030 45 54
0.52213 0 0
0.11837 50 55
0.11837 38 46
0.51296 0 0
0.11467 40 47
0.11467 52 56
0.49514 0 0
0.11119 54 58
0.11119 42 48
0.48001 0 0
0.10752 55 62
0.10752 43 51
0.47090 0 0
0.10704 44 54
0.10704 56 65
0.50086 0 0
0.87957 45 60
0.87957 57 72
0.29837 0 0
0.10801 45 50
0.10801 49 50
0.10801 57 60
0.48392 0 0
0.10845 50 50
0.10845 53 50
0.10845 62 60
0.48535 0 0
0.10899 61 60
0.10899 52 50
0.10899 55 50
0.48587 0 0
0.10953 62 61
0.10953 60 51
0.10953 57 51
0.10953 54 51
0.48916 0 0
0.11232 63 53
0.11232 67 63
0.11232 58 53
0.11232 55 53
0.49843 0 0
0.11587 65 65
0.11587 59 54
0.11587 62 54
0.11587 56 54
0.50390 0 0
0.32258 69 68
0.32258 57 56
0.32258 61 56
0.32258 69 56
0.32258 74 68
0.32258 62 56
0.32258 65 56
0.63337 0 0
0.31803 69 73
0.30899 70 80
0.62702 62 51
0.30899 69 73
0.30899 60 56
0.32616 0 0
0.31803 69 73
0.30899 70 80
0.62702 62 49
0.30899 60 55
0.63515 69 73
0.62628 58 59
0.61194 67 76
0.62364 57 60
0.63798 65 76
0.62770 55 59
0.61489 64 71
0.31335 62 68
0.62670 53 54
0.32616 0 0
0.30880 63 66
0.30880 58 55
0.30880 55 55
0.29197 62 59
0.29197 56 49
0.29197 67 71
0.29197 58 49
0.30594 58 55
0.30594 55 55
0.30594 63 66
0.32616 0 0
0.30403 55 55
0.30403 63 66
0.30403 58 55
0.30840 62 59
0.30840 58 49
0.30840 56 49
0.30840 67 71
0.30448 63 66
0.30448 55 55
0.30448 58 55
0.14658 66 71
0.14658 54 57
0.14658 0 0
0.62312 51 66
0.31164 52 59
0.29216 54 59
0.29686 55 65
0.30127 56 70
0.19143 57 74
0.44827 0 0
0.12030 45 60
0.12030 33 50
0.52213 0 0
0.11837 50 60
0.11837 38 50
0.51017 0 0
0.11310 52 60
0.11310 40 50
0.48774 0 0
0.10850 54 61
0.10850 42 51
0.47383 0 0
0.10656 43 53
0.10656 55 63
0.46930 0 0
0.10704 44 54
0.10704 56 65
1.08462 0 0
0.28981 61 82
0.87357 57 72
0.87357 45 60
0.07527 45 49
0.30279 0 0
0.29464 61 62
0.59742 57 73
0.11312 50 51
0.26445 0 0
0.28544 65 62
0.58935 62 81
0.11146 52 49
0.26450 0 0
0.28932 67 67
0.59392 64 76
0.11265 54 52
0.26390 0 0
0.29208 69 67
0.59631 66 81
0.11312 55 55
0.26651 0 0
0.29952 70 68
0.60613 67 84
0.11455 56 57
0.27157 0 0
0.30899 71 68
0.62023 68 87
0.33732 69 76
0.33732 57 63
0.37170 64 63
0.37170 67 63
0.37170 73 76
0.37170 69 63
0.35706 62 63
0.35706 69 63
0.35706 65 63
0.35706 74 76
