"scn15_2"

#  Piano right
0.89239 0 0
0.33465 66 62
0.05330 71 50
0.05330 69 55
0.00089 0 0
0.05423 67 62
0.05423 61 62
0.27113 0 0
0.05282 66 57
0.05282 61 57
0.05282 0 0
0.21127 61 60
0.21127 67 60
0.23572 0 0
0.44147 71 62
0.44147 61 62
0.86442 62 64
0.86442 69 64
0.44147 69 64
0.44147 74 64
0.05423 67 64
0.05423 73 64
0.27113 0 0
0.05263 71 56
0.05263 66 56
0.05263 0 0
0.21053 64 60
0.21053 69 60
0.24120 0 0
0.44620 69 67
0.44620 67 67
0.44620 79 67
0.05441 78 67
0.05441 74 67
0.05441 66 67
0.27207 0 0
0.05282 73 59
0.05282 76 59
0.05282 67 59
0.05282 0 0
0.21127 74 56
0.21127 69 56
0.22152 0 0
0.33110 66 58
0.05258 71 50
0.05258 69 55
0.00088 0 0
0.08023 61 61
0.08023 67 61
0.24068 0 0
0.05226 61 57
0.05226 66 57
0.05226 0 0
0.20906 61 61
0.20906 67 61
0.23661 0 0
0.44303 71 64
0.44303 61 64
0.87368 69 64
0.87368 62 64
0.32536 74 60
0.11155 73 56
0.43690 69 60
0.24541 73 60
0.24486 74 54
0.23943 76 57
0.21766 78 60
0.88152 69 60
0.37481 78 62
0.14945 80 55
0.49975 80 51
1.02401 74 45
0.39872 73 40
0.39872 81 46
0.13291 0 0
0.33465 66 59
0.05334 71 50
0.05330 69 55
0.05421 67 63
0.05421 61 63
0.27113 0 0
0.05226 66 56
0.05226 61 56
0.05226 0 0
0.20906 67 60
0.20906 61 60
0.23561 0 0
0.44153 71 63
0.44153 61 63
0.86376 69 63
0.86376 62 63
0.44147 74 64
0.44147 69 64
0.05424 73 64
0.05424 67 64
0.27113 0 0
0.05263 71 57
0.05263 66 57
0.05263 0 0
0.21053 69 60
0.21053 64 60
0.24691 0 0
0.44630 79 68
0.44630 69 68
0.44630 67 68
0.05444 78 68
0.05444 74 68
0.05444 66 68
0.27207 0 0
0.05223 76 60
0.05223 73 60
0.05223 67 60
0.05223 0 0
0.20891 74 57
0.20891 69 57
0.22146 0 0
0.33111 66 59
0.05263 71 50
0.05258 69 55
0.00088 0 0
0.08021 67 65
0.08021 61 65
0.24068 0 0
0.05208 66 57
0.05208 61 57
0.05208 0 0
0.20833 67 60
0.20833 61 60
0.23935 0 0
0.44311 71 63
0.44311 61 63
0.87187 69 63
0.87187 62 63
0.32541 74 60
0.11152 73 56
0.43693 69 60
0.24541 73 60
0.24489 74 54
0.23945 76 57
0.21766 78 60
0.88154 69 60
0.40388 78 62
0.14932 80 55
0.51221 80 51
1.06541 74 45
0.38402 81 46
0.38402 73 40
0.12801 0 0
0.26153 76 41
0.47247 72 41
0.25828 78 41
0.26248 79 45
0.25781 81 41
0.25736 79 41
0.93768 71 40
0.25305 78 41
0.25576 79 43
0.47262 75 40
0.26404 78 45
0.92308 76 47
0.92308 72 47
0.25984 74 44
0.47244 69 44
0.25984 72 43
0.47244 71 41
0.47244 67 41
0.26939 67 44
0.48980 72 44
0.26939 69 43
0.02449 69 42
0.27021 62 42
0.25316 67 41
0.49806 71 42
0.24742 62 37
0.27232 67 37
0.27459 66 35
0.27689 64 34
0.25379 62 32
1.00227 69 37
0.22310 62 42
0.33465 66 42
0.05330 71 40
0.16485 60 45
0.05330 69 44
0.00089 0 0
0.05423 67 49
0.05423 61 49
0.27113 0 0
0.05263 66 44
0.05263 61 44
0.05263 0 0
0.21053 67 47
0.21053 61 47
0.23572 0 0
0.44147 71 49
0.44147 61 49
0.86330 69 51
0.86330 62 51
0.44147 74 51
0.44147 69 51
0.05423 73 51
0.05423 67 51
0.27113 0 0
0.05263 71 45
0.05263 66 45
0.05263 0 0
0.21053 69 49
0.21053 64 49
0.24120 0 0
0.44620 79 53
0.44620 69 53
0.44620 67 53
0.05441 78 53
0.05441 74 53
0.05441 66 53
0.27207 0 0
0.05263 76 48
0.05263 73 48
0.05263 67 48
0.05263 0 0
0.21053 74 45
0.21053 69 45
0.22152 0 0
0.33110 66 56
0.05258 71 50
0.05258 69 55
0.00088 0 0
0.08023 67 61
0.08023 61 61
0.24068 0 0
0.05208 66 56
0.05208 61 56
0.05208 0 0
0.20833 67 59
0.20833 61 59
0.23661 0 0
0.32536 71 60
0.11673 69 56
0.44209 61 60
0.26698 69 60
0.47467 62 60
0.25259 71 52
0.24117 73 54
0.22989 74 55
0.27223 74 57
0.50008 71 57
0.27716 76 59
0.48000 69 61
0.26869 69 52
0.26316 71 51
0.98553 78 61
0.30600 71 48
0.34048 73 48
0.03279 73 46
1.23866 76 48
0.49180 74 38
0.16393 0 0
0.26353 76 41
0.47529 72 41
0.25920 78 41
0.26248 79 45
0.25772 81 41
0.25645 79 41
0.93677 71 40
0.25341 78 41
0.25939 79 43
0.47626 75 40
0.26404 78 45
0.92308 76 47
0.92308 72 47
0.25984 74 44
0.47244 69 44
0.25984 72 43
0.47244 71 41
0.47244 67 41
0.26939 67 44
0.24490 69 43
0.48980 72 44
0.24490 69 42
0.24490 62 42
0.25316 67 41
0.49806 71 42
0.24742 62 37
0.27232 67 37
0.27459 66 35
0.27689 64 34
0.25379 62 32
1.00227 69 37
0.22310 62 42
0.33465 66 42
0.05330 71 40
0.16485 60 45
0.05330 69 44
0.00089 0 0
0.05423 67 49
0.05423 61 49
0.27113 0 0
0.05245 66 47
0.05245 61 47
0.05245 0 0
0.20979 67 50
0.20979 61 50
0.23572 0 0
0.44147 71 49
0.44147 61 49
0.86220 69 51
0.86220 62 51
0.44147 74 51
0.44147 69 51
0.05423 73 51
0.05423 67 51
0.27113 0 0
0.05258 71 47
0.05258 66 47
0.05258 0 0
0.21033 69 50
0.21033 64 50
0.24120 0 0
0.44620 79 53
0.44620 69 53
0.44620 67 53
0.05441 78 53
0.05441 74 53
0.05441 66 53
0.27207 0 0
0.05300 76 49
0.05300 73 49
0.05300 67 49
0.05300 0 0
0.21201 74 48
0.21201 69 48
0.22152 0 0
0.33110 66 56
0.05258 71 50
0.05258 69 55
0.00088 0 0
0.08023 67 61
0.08023 61 61
0.24068 0 0
0.05190 66 53
0.05190 61 53
0.05190 0 0
0.20761 67 57
0.20761 61 57
0.23661 0 0
0.32536 71 60
0.11673 69 56
0.44209 61 60
0.26698 69 60
0.47467 62 60
0.25259 71 52
0.24117 73 54
0.22989 74 55
0.28129 74 57
0.51506 71 57
0.28485 76 59
0.50324 69 61
0.28125 69 52
0.27907 71 51
1.03565 78 61
0.34061 71 48
0.37931 73 48
0.03448 73 46
1.34061 76 48
0.68965 74 38
#  Piano left
0.89239 0 0
0.44125 57 51
0.44125 50 51
0.05423 52 56
0.05423 57 56
0.27113 0 0
0.05282 57 47
0.05282 51 47
0.05282 0 0
0.21127 57 51
0.21127 52 51
0.23572 0 0
0.44147 55 55
0.44147 57 55
0.05441 57 55
0.05441 54 55
0.27158 0 0
0.05282 53 49
0.05282 57 49
0.05282 0 0
0.21127 54 52
0.21127 57 52
0.22152 0 0
0.44147 54 55
0.44147 57 55
0.05423 57 55
0.05423 52 55
0.27113 0 0
0.05263 50 52
0.05263 57 52
0.05263 0 0
0.21053 49 56
0.21053 57 56
0.24120 0 0
0.44620 57 61
0.44620 45 61
0.05441 50 58
0.05441 57 58
0.27207 0 0
0.05282 57 56
0.05282 52 56
0.05282 0 0
0.21127 54 53
0.21127 57 53
0.22152 0 0
0.43627 57 50
0.43627 50 50
0.08023 57 56
0.08023 52 56
0.24068 0 0
0.05226 51 53
0.05226 57 53
0.05226 0 0
0.20906 52 56
0.20906 57 56
0.23661 0 0
0.44303 57 58
0.44303 55 58
0.08162 54 58
0.08162 57 58
0.24438 0 0
0.05300 57 54
0.05300 53 54
0.05300 0 0
0.21201 54 58
0.21201 57 58
0.22966 0 0
0.21690 57 52
0.22000 59 49
0.43690 54 52
0.24541 61 48
0.44620 52 48
0.24486 62 50
0.23943 64 51
0.21766 66 53
0.37481 66 55
0.14945 68 48
0.49975 68 45
1.02401 64 45
0.39872 69 37
0.39872 57 37
0.13291 0 0
0.44129 57 50
0.44129 50 50
0.05421 57 58
0.05421 52 58
0.27113 0 0
0.05226 57 54
0.05226 51 54
0.05226 0 0
0.20906 57 57
0.20906 52 57
0.23561 0 0
0.44153 57 57
0.44153 55 57
0.05443 57 57
0.05443 54 57
0.27207 0 0
0.05263 57 53
0.05263 53 53
0.05263 0 0
0.21053 57 57
0.21053 54 57
0.22147 0 0
0.44147 57 56
0.44147 54 56
0.05424 57 56
0.05424 52 56
0.27113 0 0
0.05263 57 53
0.05263 50 53
0.05263 0 0
0.21053 57 57
0.21053 49 57
0.24691 0 0
0.44630 57 60
0.44630 45 60
0.05444 57 57
0.05444 50 57
0.27207 0 0
0.05223 57 55
0.05223 52 55
0.05223 0 0
0.20891 57 55
0.20891 54 55
0.22146 0 0
0.43632 57 52
0.43632 50 52
0.08021 57 56
0.08021 52 56
0.24068 0 0
0.05208 57 53
0.05208 51 53
0.05208 0 0
0.20833 57 55
0.20833 52 55
0.23935 0 0
0.44311 57 56
0.44311 55 56
0.08164 57 56
0.08164 54 56
0.24487 0 0
0.05263 57 54
0.05263 53 54
0.05263 0 0
0.21053 57 58
0.21053 54 58
0.22958 0 0
0.21696 57 52
0.21998 59 49
0.43693 54 52
0.24541 61 48
0.44620 52 48
0.24489 62 50
0.23945 64 51
0.21766 66 53
0.40388 66 55
0.14932 68 48
0.51221 68 45
1.06541 64 45
0.38402 57 37
0.38402 69 37
0.12801 0 0
0.26153 64 41
0.47247 57 41
0.25828 66 41
0.26248 67 44
0.25781 69 41
0.25736 67 41
0.93768 59 40
0.25305 66 39
0.25576 67 41
0.47262 59 40
0.26404 66 44
0.25385 60 46
0.25385 59 43
0.25385 57 42
0.23077 55 41
0.92308 64 46
0.25984 55 44
0.25984 54 43
0.25984 55 43
0.94488 62 44
0.26071 54 42
0.26939 52 41
0.48980 60 41
0.26939 54 40
0.27021 55 41
0.25316 50 41
0.49806 59 41
0.24742 55 36
0.27459 54 35
0.27689 52 34
1.00227 50 36
0.25379 50 32
1.09151 57 36
0.08924 57 40
0.22310 50 40
0.21815 51 43
0.05423 57 44
0.05423 52 44
0.27113 0 0
0.05263 57 38
0.05263 51 38
0.05263 0 0
0.21053 57 40
0.21053 52 40
0.23572 0 0
0.44147 57 44
0.44147 55 44
0.05441 57 44
0.05441 54 44
0.27158 0 0
0.05263 57 39
0.05263 53 39
0.05263 0 0
0.21053 57 43
0.21053 54 43
0.22152 0 0
0.44147 57 44
0.44147 54 44
0.05423 57 44
0.05423 52 44
0.27113 0 0
0.05263 57 40
0.05263 50 40
0.05263 0 0
0.21053 57 44
0.21053 49 44
0.24120 0 0
0.22310 45 48
0.22310 49 48
0.44620 57 48
0.05441 57 46
0.05441 50 46
0.27207 0 0
0.05263 57 41
0.05263 52 41
0.05263 0 0
0.21053 57 41
0.21053 54 41
0.22152 0 0
0.43627 57 55
0.43627 50 55
0.08023 57 56
0.08023 52 56
0.24068 0 0
0.05208 57 47
0.05208 51 47
0.05208 0 0
0.20833 57 50
0.20833 52 50
0.23661 0 0
0.44209 55 52
0.44209 57 52
0.26698 57 45
0.25259 59 45
0.24117 61 46
0.22989 62 47
0.92274 54 45
0.27223 62 48
0.50008 55 48
0.27716 64 49
0.26400 66 50
0.26400 67 47
1.56845 57 50
1.23866 67 41
0.49180 66 35
1.31148 62 43
0.26353 64 41
0.47529 57 41
0.25920 66 41
0.26248 67 44
0.25772 69 41
0.25645 67 41
0.93677 59 40
0.25341 66 39
0.25939 67 41
0.47626 59 40
0.26404 66 44
0.25385 60 46
0.25385 59 43
0.25385 57 42
0.23077 55 41
0.92308 64 46
0.25984 55 44
0.25984 54 43
0.25984 55 43
0.94488 62 44
0.26071 54 42
0.26939 52 41
0.48980 60 41
0.26939 54 40
0.27021 55 41
0.25316 50 41
0.49806 59 41
0.24742 55 36
0.27459 54 35
0.27689 52 34
1.00227 50 36
0.25379 50 32
1.09151 57 36
0.08924 57 40
0.22310 50 40
0.21815 51 43
0.05423 57 44
0.05423 52 44
0.27113 0 0
0.05245 57 39
0.05245 51 39
0.05245 0 0
0.20979 57 43
0.20979 52 43
0.23572 0 0
0.44147 57 44
0.44147 55 44
0.05441 57 44
0.05441 54 44
0.27158 0 0
0.05245 57 38
0.05245 53 38
0.05245 0 0
0.20979 57 43
0.20979 54 43
0.22152 0 0
0.44147 57 44
0.44147 54 44
0.05423 57 44
0.05423 52 44
0.27113 0 0
0.05258 57 41
0.05258 50 41
0.05258 0 0
0.21033 57 44
0.21033 49 44
0.24120 0 0
0.22310 45 48
0.22310 49 48
0.44620 57 48
0.05441 57 46
0.05441 50 46
0.27207 0 0
0.05300 57 42
0.05300 52 42
0.05300 0 0
0.21201 57 42
0.21201 54 42
0.22152 0 0
0.43627 57 55
0.43627 50 55
0.08023 57 56
0.08023 52 56
0.24068 0 0
0.05190 57 47
0.05190 51 47
0.05190 0 0
0.20761 57 52
0.20761 52 52
0.23661 0 0
0.44209 55 52
0.44209 57 52
0.26698 57 45
0.25259 59 45
0.24117 61 46
0.22989 62 47
0.92274 54 45
0.28129 62 48
0.51506 55 48
0.28485 64 49
0.27626 66 50
0.27751 67 47
1.68660 57 50
1.34061 67 41
0.68965 66 35
1.37931 62 43
