"scn15_5"

#  Piano right
1.31250 0 0
0.18750 64 35
0.18750 67 35
0.37500 68 59
0.18692 0 0
0.18424 67 35
0.18424 64 35
0.37116 69 62
0.18182 0 0
0.17946 67 37
0.17946 69 37
0.36129 73 64
0.17751 0 0
0.17751 69 40
0.17751 67 40
0.35503 78 68
0.17751 0 0
0.17751 69 40
0.17751 67 40
0.35503 76 68
0.18615 0 0
0.18330 66 38
0.18330 62 38
0.36945 74 66
0.18073 0 0
0.17805 66 36
0.17805 62 36
0.35877 69 63
0.17442 0 0
0.17442 66 38
0.17442 62 38
0.08721 69 64
0.08721 0 0
0.17442 66 39
0.17442 62 39
0.17442 69 67
0.08721 64 48
0.08721 61 48
0.08721 0 0
0.17442 64 56
0.17442 66 45
0.34884 61 56
0.17442 0 0
0.17442 64 42
0.17442 61 42
0.34884 67 59
0.17442 0 0
0.17408 67 43
0.17408 59 43
0.34850 71 59
0.17291 0 0
0.17459 66 39
0.17459 57 39
0.34750 69 57
0.17630 0 0
0.17804 62 36
0.17804 57 36
0.35434 66 55
0.17982 0 0
0.18164 61 34
0.18164 57 34
0.36146 64 53
0.18405 0 0
0.18405 67 40
0.18405 64 40
0.36810 68 59
0.18293 0 0
0.18091 67 38
0.18091 64 38
0.17911 0 0
0.17699 57 40
0.17699 55 40
0.71994 69 69
0.17544 0 0
0.17544 57 38
0.17544 55 38
0.17544 0 0
0.17544 57 38
0.17544 55 38
0.35088 61 45
0.18237 0 0
0.17982 54 38
0.17982 57 38
0.36220 62 62
0.17752 0 0
0.17527 62 39
0.17527 57 39
0.35279 66 64
0.17341 0 0
0.17341 62 40
0.17341 66 40
0.34682 71 68
0.17341 0 0
0.17341 62 40
0.17341 66 40
0.34682 69 68
0.17476 0 0
0.17665 55 40
0.17665 62 40
0.35141 67 68
0.17911 0 0
0.18127 67 42
0.18127 62 42
0.36038 71 70
0.17341 0 0
0.17341 64 44
0.17341 67 44
0.34682 76 74
0.17341 0 0
0.17341 62 41
0.17341 67 41
0.34682 74 72
0.17192 0 0
0.17425 67 38
0.17425 61 38
0.34617 73 68
0.17647 0 0
0.17875 67 38
0.17875 62 38
0.35523 71 65
0.18072 0 0
0.18072 67 35
0.18072 63 35
0.36145 69 60
0.18072 0 0
0.18072 67 35
0.18072 64 35
0.36145 68 59
0.18692 0 0
0.18443 67 35
0.18443 64 35
0.37135 69 62
0.18405 0 0
0.19231 69 37
0.19231 67 37
0.37636 73 64
0.18072 0 0
0.18072 69 40
0.18072 67 40
0.36145 78 68
0.18072 0 0
0.18072 69 40
0.18072 67 40
0.36145 76 68
0.18615 0 0
0.18330 66 38
0.18330 62 38
0.36945 74 66
0.18073 0 0
0.17805 66 36
0.17805 62 36
0.35877 69 63
0.17442 0 0
0.17442 66 38
0.17442 62 38
0.08721 69 64
0.08721 0 0
0.17442 66 39
0.17442 62 39
0.17442 69 67
0.08721 64 48
0.08721 61 48
0.08721 0 0
0.17442 64 56
0.17442 66 45
0.34884 61 56
0.17442 0 0
0.17442 64 42
0.17442 61 42
0.34884 67 59
0.17442 0 0
0.17408 67 39
0.17408 59 39
0.34850 71 59
0.18046 0 0
0.17459 66 36
0.17459 57 36
0.35505 69 56
0.17630 0 0
0.17804 62 35
0.17804 57 35
0.35434 66 55
0.17982 0 0
0.18164 61 34
0.18164 57 34
0.36146 64 51
0.18405 0 0
0.19231 67 40
0.19231 64 40
0.37636 68 59
0.18431 0 0
0.18091 67 38
0.18091 64 38
0.17911 0 0
0.17699 57 40
0.17699 55 40
0.72131 69 69
0.17544 0 0
0.17544 57 38
0.17544 55 38
0.17544 0 0
0.17544 57 38
0.17544 55 38
0.35088 61 45
0.18237 0 0
0.17982 54 38
0.17982 57 38
0.36220 62 62
0.17752 0 0
0.17527 62 39
0.17527 57 39
0.35279 66 64
0.17341 0 0
0.17341 62 40
0.17341 66 40
0.34682 71 68
0.17341 0 0
0.17341 62 40
0.17341 66 40
0.34682 69 68
0.17476 0 0
0.17665 55 40
0.17665 62 40
0.35141 67 68
0.17911 0 0
0.18127 67 42
0.18127 62 42
0.36038 71 70
0.17341 0 0
0.17341 64 44
0.17341 67 44
0.34682 76 74
0.17341 0 0
0.17341 62 41
0.17341 67 41
0.34682 74 72
0.18205 0 0
0.18557 67 38
0.18557 61 38
0.36762 73 63
0.18849 0 0
0.19129 67 38
0.19129 62 38
0.37977 71 58
0.19355 0 0
0.19355 67 35
0.19355 63 35
0.38710 69 53
0.20134 0 0
0.20134 64 29
0.20134 67 29
0.40268 69 50
0.19231 0 0
0.18599 64 29
0.18599 67 29
0.37830 70 52
0.18405 0 0
0.19558 70 31
0.19558 67 31
0.37963 76 54
0.17751 0 0
0.17751 70 34
0.17751 67 34
0.35503 81 57
0.17751 0 0
0.17751 67 34
0.17751 70 34
0.35503 79 57
0.18615 0 0
0.18349 65 32
0.18349 69 32
0.36963 77 56
0.18293 0 0
0.18185 69 30
0.18185 65 30
0.36478 72 53
0.17442 0 0
0.17442 65 32
0.17442 69 32
0.08721 72 54
0.08721 0 0
0.17442 69 33
0.17442 65 33
0.17442 72 56
0.08721 64 40
0.08721 67 40
0.08721 0 0
0.17442 67 47
0.17442 69 38
0.34884 64 47
0.17442 0 0
0.17442 64 35
0.17442 67 35
0.34884 70 50
0.17442 0 0
0.17408 70 36
0.17408 60 36
0.34850 74 52
0.17291 0 0
0.17459 69 34
0.17459 60 34
0.34750 72 51
0.17630 0 0
0.17804 60 33
0.17804 65 33
0.35434 69 49
0.17982 0 0
0.18164 60 33
0.36146 67 47
0.18405 0 0
0.18405 67 34
0.18405 64 34
0.36810 69 56
0.19231 0 0
0.18599 64 37
0.18599 67 37
0.37830 70 60
0.18405 0 0
0.18939 70 40
0.18939 67 40
0.37344 76 63
0.17751 0 0
0.17751 70 42
0.17751 67 42
0.35503 81 67
0.17751 0 0
0.17751 67 40
0.17751 70 40
0.35503 79 63
0.18293 0 0
0.18293 69 39
0.18293 66 39
0.36585 78 64
0.17647 0 0
0.17647 69 39
0.17647 67 39
0.35294 73 59
0.17647 0 0
0.17647 69 42
0.17647 64 42
0.35294 76 63
0.17647 0 0
0.17647 69 39
0.17647 62 39
0.35294 74 62
0.20000 0 0
0.20000 67 39
0.20000 62 39
0.40000 71 62
0.19108 0 0
0.19831 62 31
0.19831 60 31
0.38939 66 49
0.21378 0 0
0.21687 62 32
0.21687 57 32
0.43065 69 52
0.21951 0 0
0.22277 62 31
0.22277 55 31
0.44229 67 48
0.22934 0 0
0.23844 62 30
0.23844 57 30
0.46777 66 45
0.24762 0 0
0.25792 61 28
0.25792 55 28
0.50555 64 39
1.26683 62 38
0.96924 57 22
0.96924 54 22
0.09715 0 0
0.19430 64 35
0.19430 67 35
0.38860 68 59
0.18634 0 0
0.18293 67 35
0.18293 64 35
0.36927 69 62
0.17965 0 0
0.17647 69 37
0.17647 67 37
0.35612 73 64
0.17442 0 0
0.17442 69 40
0.17442 67 40
0.34884 78 70
0.17442 0 0
0.17442 69 40
0.17442 67 40
0.34884 76 68
0.18256 0 0
0.17965 66 38
0.17965 62 38
0.36220 74 66
0.17717 0 0
0.17442 66 36
0.17442 62 36
0.35159 69 63
0.17241 0 0
0.17241 66 38
0.17241 62 38
0.08621 69 64
0.08621 0 0
0.17241 66 39
0.17241 62 39
0.17241 69 67
0.08621 64 48
0.08621 61 48
0.08621 0 0
0.17241 64 56
0.17241 66 45
0.34483 61 56
0.17241 0 0
0.17241 64 42
0.17241 61 42
0.34483 67 59
0.17241 0 0
0.17241 67 43
0.17241 59 43
0.34483 71 59
0.17176 0 0
0.17308 66 39
0.17308 57 39
0.34484 69 57
0.17510 0 0
0.17682 62 36
0.17682 57 36
0.35192 66 55
0.17893 0 0
0.18091 61 34
0.18091 57 34
0.35984 64 53
0.18293 0 0
0.18293 67 40
0.18293 64 40
0.36585 68 59
0.18274 0 0
0.18091 67 38
0.18091 64 38
0.17911 0 0
0.17699 57 40
0.17699 55 40
0.71975 69 69
0.17544 0 0
0.17544 57 38
0.17544 55 38
0.17544 0 0
0.17544 57 38
0.17544 55 38
0.35088 61 45
0.17964 0 0
0.17822 54 38
0.17822 57 38
0.35786 62 62
0.17717 0 0
0.17578 62 39
0.17578 57 39
0.35295 66 64
0.17442 0 0
0.17442 62 40
0.17442 66 40
0.34884 71 68
0.17442 0 0
0.17442 62 40
0.17442 66 40
0.34884 69 68
0.17476 0 0
0.17665 55 40
0.17665 62 40
0.35141 67 68
0.17911 0 0
0.18127 67 42
0.18127 62 42
0.36038 71 70
0.17341 0 0
0.17341 64 44
0.17341 67 44
0.34682 76 74
0.17341 0 0
0.17341 62 41
0.17341 67 41
0.34682 74 72
0.18205 0 0
0.18557 67 38
0.18557 61 38
0.36762 73 63
0.18849 0 0
0.19129 67 38
0.19129 62 38
0.37977 71 58
0.19355 0 0
0.19355 67 35
0.19355 63 35
0.38710 69 53
0.20000 0 0
0.20000 64 29
0.20000 67 29
0.40000 69 50
0.19231 0 0
0.18450 64 29
0.18450 67 29
0.37682 70 52
0.18182 0 0
0.19558 70 31
0.19558 67 31
0.37740 76 54
0.17544 0 0
0.17544 70 34
0.17544 67 34
0.35088 81 57
0.17544 0 0
0.17544 67 34
0.17544 70 34
0.35088 79 57
0.18615 0 0
0.18349 65 32
0.18349 69 32
0.36963 77 56
0.18072 0 0
0.18001 69 30
0.18001 65 30
0.36074 72 53
0.17442 0 0
0.17442 65 32
0.17442 69 32
0.08721 72 54
0.08721 0 0
0.17442 69 33
0.17442 65 33
0.17241 72 56
0.08621 64 40
0.08621 67 40
0.08621 0 0
0.17241 67 47
0.17241 69 38
0.34483 64 47
0.17241 0 0
0.17241 64 35
0.17241 67 35
0.34483 70 50
0.17241 0 0
0.17241 70 36
0.17241 60 36
0.34483 74 52
0.17341 0 0
0.17544 69 34
0.17544 60 34
0.34886 72 51
0.17752 0 0
0.17965 60 33
0.17965 65 33
0.35716 69 49
0.18182 0 0
0.18368 60 33
0.36550 67 47
0.18405 0 0
0.18405 67 34
0.18405 64 34
0.36810 69 56
0.19231 0 0
0.18599 64 37
0.18599 67 37
0.37830 70 62
0.18405 0 0
0.18939 70 40
0.18939 67 40
0.37344 76 65
0.17751 0 0
0.17751 70 42
0.17751 67 42
0.35503 81 69
0.17751 0 0
0.17751 67 40
0.17751 70 40
0.35503 79 63
0.18293 0 0
0.18293 69 39
0.18293 66 39
0.36585 78 64
0.17647 0 0
0.17647 69 39
0.17647 67 39
0.35294 73 59
0.17647 0 0
0.17647 69 42
0.17647 64 42
0.35294 76 63
0.17647 0 0
0.17647 69 39
0.17647 62 39
0.35294 74 62
0.20000 0 0
0.20000 67 39
0.20000 62 39
0.40000 71 62
0.19108 0 0
0.19108 62 31
0.19108 60 31
0.38217 66 49
0.21978 0 0
0.22361 62 32
0.22361 57 32
0.44339 69 52
0.22728 0 0
0.23107 62 31
0.23107 55 31
0.45835 67 48
0.24795 0 0
0.25642 62 30
0.25642 57 30
0.50437 66 45
0.26550 0 0
0.27324 61 28
0.27324 55 28
0.53874 64 39
0.39474 0 0
1.18421 57 22
1.18421 54 22
1.57895 62 38
#  Piano left
1.50000 0 0
0.18692 33 51
0.18692 45 51
0.90056 0 0
0.35503 49 51
0.36945 50 54
0.35877 54 57
0.34884 59 61
0.34884 57 59
1.42590 45 54
0.17442 45 51
0.08721 57 38
0.08721 55 38
0.08721 0 0
0.17442 55 41
0.17442 54 38
0.34884 52 51
0.69767 57 41
0.34850 33 44
0.34750 38 52
0.35434 42 49
1.59586 45 44
0.54551 45 45
0.18405 33 53
0.36384 0 0
0.35610 49 58
0.35088 54 63
0.35088 52 61
1.42169 45 53
1.06181 50 51
1.06181 38 51
0.34682 48 47
0.34682 36 47
1.05860 47 56
1.05860 35 56
0.34682 46 43
0.34682 34 43
0.34617 45 45
0.34617 33 45
0.35523 47 43
0.35523 35 43
0.36145 48 40
0.36145 36 40
0.73279 49 51
0.73279 37 51
0.37636 33 51
0.36145 0 0
0.36145 49 51
0.36945 50 54
0.35877 54 57
0.34884 59 61
0.34884 57 59
1.42590 45 54
0.17442 45 51
0.08721 57 38
0.08721 55 38
0.08721 0 0
0.17442 55 41
0.17442 54 38
0.34884 52 51
0.69767 57 41
0.34850 33 44
0.35505 38 51
0.35434 42 47
1.60340 45 44
0.54551 45 45
0.19231 33 53
0.36521 0 0
0.35610 49 58
0.35088 54 63
0.35088 52 61
1.42307 45 53
1.06181 50 51
1.06181 38 51
0.34682 48 47
0.34682 36 47
1.05860 47 56
1.05860 35 56
0.34682 46 43
0.34682 34 43
0.36762 45 42
0.36762 33 42
0.37977 47 40
0.37977 35 40
0.38710 49 38
0.38710 37 38
1.51564 48 38
1.51564 36 38
0.35503 52 43
0.36963 53 45
0.36478 57 48
0.34884 62 51
0.34884 60 50
1.43209 48 45
0.17442 48 43
0.08721 62 32
0.08721 58 32
0.08721 0 0
0.17442 58 34
0.17442 57 32
0.34884 55 43
0.69767 62 34
0.34850 36 37
0.34850 52 37
0.34750 41 45
0.35434 45 40
0.70185 53 45
0.72956 48 39
0.72956 52 39
1.10678 48 48
1.10678 36 48
0.35503 49 39
0.35503 37 39
0.36585 50 39
0.36585 38 39
0.35294 52 38
0.35294 40 38
0.35294 53 36
0.35294 41 36
0.35294 54 35
0.35294 42 35
0.40000 55 34
0.40000 43 34
0.38939 57 23
0.38939 45 23
0.43065 58 28
0.43065 46 28
0.44229 59 22
0.44229 47 22
0.46777 0 0
0.50555 33 20
1.26683 38 22
2.62875 45 24
0.18634 45 51
0.18634 33 51
0.88789 0 0
0.34884 49 51
0.36220 50 54
0.35159 54 58
0.34483 59 62
0.34483 57 59
1.40345 45 54
0.17241 45 51
0.08621 57 38
0.08621 55 38
0.08621 0 0
0.17241 55 41
0.17241 54 38
0.34483 52 51
0.68965 57 41
0.34483 33 44
0.34484 38 52
0.35192 42 49
1.58435 45 44
0.54277 45 45
0.18293 33 53
0.36365 0 0
0.35610 49 59
0.35088 54 63
0.35088 52 61
1.42150 45 53
1.05965 50 51
1.05965 38 51
0.34884 48 47
0.34884 36 47
1.05860 47 56
1.05860 35 56
0.34682 46 43
0.34682 34 43
0.36762 45 42
0.36762 33 42
0.37977 47 40
0.37977 35 40
0.38710 49 38
0.38710 37 38
1.50509 48 38
1.50509 36 38
0.35088 52 43
0.36963 53 45
0.36074 57 49
0.34884 62 53
0.34884 60 50
1.42805 48 45
0.17241 48 43
0.08621 62 32
0.08621 58 32
0.08621 0 0
0.17241 58 34
0.17241 57 32
0.34483 55 43
0.68966 62 34
0.34483 36 37
0.34483 52 37
0.34886 41 45
0.35716 45 40
0.70602 53 45
0.73360 48 39
0.73360 52 39
1.10678 48 48
1.10678 36 48
0.35503 49 39
0.35503 37 39
0.36585 50 39
0.36585 38 39
0.35294 52 38
0.35294 40 38
0.35294 53 36
0.35294 41 36
0.35294 54 35
0.35294 42 35
0.40000 55 34
0.40000 43 34
0.38217 57 23
0.38217 45 23
0.44339 58 28
0.44339 46 28
0.45835 59 22
0.45835 47 22
0.50437 0 0
0.53874 33 20
1.57895 38 22
2.62206 45 24
