"scn16_8"

#  Piano right
1.07248 0 0
0.07842 62 27
0.11693 66 40
0.11693 60 40
0.11693 0 0
0.11168 67 45
0.11168 58 45
0.22336 0 0
0.07881 66 27
0.11454 69 42
0.11454 62 42
0.11454 0 0
0.11089 70 45
0.11089 67 45
0.22712 0 0
0.07901 69 26
0.11623 72 45
0.11623 67 45
0.11623 0 0
0.10566 74 45
0.10566 70 45
0.23377 0 0
0.07374 75 26
0.23247 79 42
0.23247 72 35
0.22992 74 42
0.22992 70 35
0.11496 0 0
0.08023 67 28
0.11580 70 45
0.11580 62 45
0.11580 0 0
0.11128 69 47
0.22257 0 0
0.08127 69 36
0.11623 72 45
0.11623 63 45
0.11623 0 0
0.11249 70 46
0.22497 0 0
0.08299 66 29
0.11979 69 36
0.11979 60 36
0.11979 0 0
0.11623 67 42
0.11623 58 42
0.23247 0 0
0.08525 60 22
0.12071 63 36
0.12071 57 36
0.12071 0 0
0.12071 62 36
0.12071 58 36
0.24143 0 0
0.07842 62 27
0.11693 66 40
0.11693 60 40
0.11693 0 0
0.11168 67 45
0.11168 58 45
0.22336 0 0
0.07881 66 27
0.11454 69 42
0.11454 62 42
0.11454 0 0
0.11089 70 45
0.11089 67 45
0.22712 0 0
0.07901 69 26
0.11623 72 45
0.11623 67 45
0.11623 0 0
0.10566 74 45
0.10566 70 45
0.24851 0 0
0.07374 75 26
0.23247 79 42
0.23247 72 35
0.22992 74 42
0.22992 70 35
0.11496 0 0
0.08023 67 28
0.11580 70 45
0.11580 62 45
0.11580 0 0
0.11128 69 47
0.22257 0 0
0.08127 69 36
0.11623 72 45
0.11623 63 45
0.11623 0 0
0.11249 70 46
0.22497 0 0
0.08299 66 29
0.11979 69 36
0.11979 60 36
0.11979 0 0
0.11623 67 42
0.11623 58 42
0.23247 0 0
0.08525 58 35
0.24143 62 41
0.12071 55 39
0.24143 0 0
0.07842 58 27
0.11693 62 40
0.11693 55 40
0.11693 0 0
0.11168 62 45
0.11168 54 45
0.22336 0 0
0.07881 58 27
0.11454 64 42
0.11454 55 42
0.11454 0 0
0.11089 66 45
0.11089 57 45
0.22712 0 0
0.07901 62 26
0.11623 67 45
0.11623 58 45
0.11623 0 0
0.10566 69 45
0.10566 60 45
0.23377 0 0
0.07374 65 26
0.11623 71 46
0.11623 62 46
0.11623 0 0
0.11496 72 50
0.11496 63 50
0.22992 0 0
0.08023 68 28
0.11580 74 45
0.11580 65 45
0.11580 0 0
0.11128 72 47
0.11128 63 45
0.22257 0 0
0.08127 67 36
0.11623 71 45
0.11623 62 45
0.11623 0 0
0.11244 72 46
0.11244 63 45
0.22489 0 0
0.08299 68 29
0.11979 74 36
0.11979 65 36
0.11979 0 0
0.11416 72 42
0.11416 63 42
0.22831 0 0
0.08525 67 22
0.12071 71 36
0.12071 62 36
0.12071 0 0
0.12071 72 36
0.12071 63 36
0.24143 0 0
0.07842 62 27
0.11693 65 40
0.11693 58 40
0.11693 0 0
0.11168 65 45
0.11168 57 45
0.22336 0 0
0.07881 63 27
0.11454 67 42
0.11454 58 42
0.11454 0 0
0.11089 69 45
0.11089 60 45
0.22712 0 0
0.07901 65 26
0.11623 70 45
0.11623 62 45
0.11623 0 0
0.10566 72 45
0.10566 63 45
0.23377 0 0
0.07374 68 26
0.11623 74 50
0.11623 65 50
0.11623 0 0
0.11496 75 50
0.11496 67 50
0.22992 0 0
0.08023 71 28
0.11580 77 50
0.11580 68 50
0.11580 0 0
0.11372 75 54
0.11372 67 54
0.11372 72 54
0.22744 0 0
0.08385 68 42
0.12205 74 51
0.12205 65 51
0.12205 0 0
0.11728 72 46
0.11728 63 45
0.11728 69 45
0.23456 0 0
0.08601 67 29
0.12723 70 36
0.12723 64 36
0.12723 0 0
0.12510 69 42
0.12510 66 42
0.25021 0 0
0.09014 64 22
0.13286 67 36
0.13286 61 36
0.13286 0 0
0.13286 66 36
0.13286 62 36
0.26572 0 0
0.07842 62 27
0.11693 66 40
0.11693 60 40
0.11693 0 0
0.11168 67 45
0.11168 58 45
0.22336 0 0
0.07881 66 27
0.11454 69 42
0.11454 62 42
0.11454 0 0
0.11089 70 45
0.11089 67 45
0.22712 0 0
0.07901 69 26
0.11623 72 45
0.11623 67 45
0.11623 0 0
0.10566 74 45
0.10566 70 45
0.25417 0 0
0.07374 75 26
0.23247 79 42
0.23247 72 35
0.22992 74 42
0.22992 70 35
0.11496 0 0
0.08023 67 28
0.11580 70 45
0.11580 62 45
0.11580 0 0
0.11128 69 47
0.22257 0 0
0.08127 69 36
0.11623 72 45
0.11623 63 45
0.11623 0 0
0.11249 70 46
0.22497 0 0
0.08299 66 29
0.11979 69 36
0.11979 60 36
0.11979 0 0
0.11623 67 42
0.11623 58 42
0.23247 0 0
0.08525 60 22
0.12071 63 36
0.12071 57 36
0.12071 0 0
0.12071 62 36
0.12071 58 36
0.24143 0 0
0.07842 62 27
0.11693 66 40
0.11693 60 40
0.11693 0 0
0.11168 67 45
0.11168 58 45
0.22336 0 0
0.07881 66 27
0.11454 69 42
0.11454 62 42
0.11454 0 0
0.11089 70 45
0.11089 67 45
0.22712 0 0
0.07901 69 26
0.11623 72 45
0.11623 67 45
0.11623 0 0
0.10566 74 45
0.10566 70 45
0.23377 0 0
0.07374 75 26
0.23247 79 50
0.23247 72 50
0.22992 74 50
0.22992 70 50
0.11496 0 0
0.08023 67 28
0.11580 70 45
0.11580 62 45
0.11580 0 0
0.11128 69 47
0.22257 0 0
0.08127 69 36
0.11623 72 45
0.11623 63 45
0.11623 0 0
0.11249 70 46
0.22497 0 0
0.08299 66 29
0.11979 69 36
0.11979 60 36
0.11979 0 0
0.11623 67 42
0.11623 58 42
0.23247 0 0
0.08525 58 35
0.25773 62 41
0.12058 55 39
0.24116 0 0
0.07842 58 27
0.11693 62 40
0.11693 55 40
0.11693 0 0
0.11168 62 45
0.11168 54 45
0.22336 0 0
0.07881 58 27
0.11454 64 42
0.11454 55 42
0.11454 0 0
0.11089 66 45
0.11089 57 45
0.22712 0 0
0.07901 62 26
0.11623 67 45
0.11623 58 45
0.11623 0 0
0.10566 69 45
0.10566 60 45
0.23377 0 0
0.07374 65 26
0.11623 71 46
0.11623 62 46
0.11623 0 0
0.11496 72 50
0.11496 63 50
0.22992 0 0
0.08023 68 28
0.11580 74 45
0.11580 65 45
0.11580 0 0
0.11128 72 47
0.11128 63 45
0.22257 0 0
0.08127 67 36
0.11623 71 45
0.11623 62 45
0.11623 0 0
0.11249 72 46
0.11249 63 45
0.22497 0 0
0.08299 68 29
0.11979 74 36
0.11979 65 36
0.11979 0 0
0.11623 72 42
0.11623 63 42
0.23247 0 0
0.08525 67 22
0.12071 71 36
0.12071 62 36
0.12071 0 0
0.12071 72 36
0.12071 63 36
0.24143 0 0
0.07842 62 27
0.11693 65 40
0.11693 58 40
0.11693 0 0
0.11168 65 45
0.11168 57 45
0.22336 0 0
0.07881 63 27
0.11454 67 42
0.11454 58 42
0.11454 0 0
0.11089 69 45
0.11089 60 45
0.22712 0 0
0.07901 65 26
0.11623 70 45
0.11623 62 45
0.11623 0 0
0.10566 72 45
0.10566 63 45
0.23377 0 0
0.07374 68 26
0.11623 74 50
0.11623 65 50
0.11623 0 0
0.11496 75 50
0.11496 67 50
0.22992 0 0
0.08023 71 28
0.11580 77 50
0.11580 68 50
0.11580 0 0
0.11202 75 54
0.11202 67 54
0.11202 72 54
0.22405 0 0
0.08127 68 42
0.12510 74 51
0.12510 65 51
0.12510 0 0
0.11867 72 46
0.11867 63 45
0.11867 69 45
0.23734 0 0
0.08829 67 29
0.12942 70 36
0.12942 64 36
0.12942 0 0
0.12205 69 42
0.12205 66 42
0.24410 0 0
0.09069 64 22
0.13228 67 36
0.13228 61 36
0.13228 0 0
0.13228 66 36
0.13228 62 36
0.26455 0 0
0.07842 62 27
0.11693 66 40
0.11693 60 40
0.11693 0 0
0.11168 67 45
0.11168 58 45
0.22336 0 0
0.05911 66 27
0.01970 0 0
0.08590 69 42
0.08590 62 42
0.14317 0 0
0.08317 70 45
0.08317 67 45
0.25485 0 0
0.07901 69 26
0.11623 72 45
0.11623 67 45
0.11623 0 0
0.10566 74 45
0.10566 70 45
0.26110 0 0
0.07374 75 26
0.23247 79 42
0.23247 72 35
0.22992 74 42
0.22992 70 35
0.11496 0 0
0.08023 67 28
0.11580 70 45
0.11580 62 45
0.11580 0 0
0.11128 69 47
0.22257 0 0
0.08127 69 36
0.11623 72 45
0.11623 63 45
0.11623 0 0
0.11249 70 46
0.22497 0 0
0.08299 66 29
0.11979 69 36
0.11979 60 36
0.11979 0 0
0.11623 67 42
0.11623 58 42
0.23247 0 0
0.08525 60 22
0.12071 63 36
0.12071 57 36
0.12071 0 0
0.12071 62 36
0.12071 58 36
0.24143 0 0
0.07842 62 27
0.11693 66 40
0.11693 60 40
0.11693 0 0
0.11168 67 45
0.11168 58 45
0.22336 0 0
0.07881 66 27
0.11454 69 42
0.11454 62 42
0.11454 0 0
0.11089 70 45
0.11089 67 45
0.22712 0 0
0.07901 69 26
0.11623 72 45
0.11623 67 45
0.11623 0 0
0.10566 74 45
0.10566 70 45
0.25200 0 0
0.07374 75 26
0.23247 79 42
0.23247 72 35
0.22992 74 42
0.22992 70 35
0.11496 0 0
0.08023 67 28
0.11580 70 45
0.11580 62 45
0.11580 0 0
0.11128 69 47
0.22257 0 0
0.08127 69 36
0.11623 72 45
0.11623 63 45
0.11623 0 0
0.11249 70 46
0.22497 0 0
0.08299 66 29
0.11979 69 36
0.11979 60 36
0.11979 0 0
0.11623 67 42
0.11623 58 42
0.23247 0 0
0.08525 58 35
0.24143 62 41
0.12071 55 39
0.24143 0 0
0.07842 53 31
0.23386 58 46
0.23652 50 51
0.11826 0 0
0.11826 65 33
0.26432 70 46
0.23299 62 43
0.11650 0 0
0.11650 55 29
0.26212 58 42
0.24199 48 51
0.11826 0 0
0.11826 67 31
0.26476 70 58
0.23386 60 54
0.11563 0 0
0.11563 55 29
0.26018 58 55
0.23386 48 51
0.11693 0 0
0.11693 67 31
0.26310 70 52
0.23474 60 51
0.11737 0 0
0.11737 53 36
0.26408 57 49
0.25210 48 51
0.12146 0 0
0.12146 65 31
0.27328 69 48
0.24291 60 41
0.12146 0 0
0.12146 53 29
0.31919 58 42
0.23922 50 51
0.11961 0 0
0.11693 65 33
0.26266 70 57
0.23299 62 43
0.11521 0 0
0.11521 55 29
0.25922 58 50
0.24578 48 51
0.11781 0 0
0.11693 67 31
0.26310 70 58
0.23386 60 54
0.11693 0 0
0.11693 55 29
0.26310 58 55
0.23474 48 51
0.11737 0 0
0.11737 67 31
0.26453 70 57
0.23563 60 51
0.11915 0 0
0.11915 53 36
0.30834 57 49
0.25272 48 51
0.11870 0 0
0.11870 65 31
0.26707 69 48
0.23386 60 41
0.11693 0 0
0.11693 58 29
0.27696 62 42
0.23474 53 51
0.11737 0 0
0.11737 70 33
0.26408 74 57
0.23474 65 43
0.11737 0 0
0.11826 59 29
0.26608 62 50
0.23922 53 51
0.11961 0 0
0.11961 71 31
0.26688 74 58
0.23474 65 54
0.11737 0 0
0.11737 59 29
0.26408 62 55
0.23474 55 51
0.11737 0 0
0.11650 71 31
0.26212 74 57
0.23299 67 51
0.11650 0 0
0.12100 60 36
0.27224 63 49
0.26558 55 51
0.11781 0 0
0.11781 72 31
0.26508 75 48
0.23127 67 41
0.11563 0 0
0.11563 60 29
0.26018 63 42
0.23386 55 51
0.11693 0 0
0.11693 72 33
0.26266 75 57
0.23299 67 43
0.11650 0 0
0.12007 61 29
0.27015 64 50
0.24293 55 51
0.11870 0 0
0.11870 73 31
0.26707 76 58
0.23652 67 54
0.11826 0 0
0.11826 61 29
0.26608 64 55
0.23652 57 51
0.11826 0 0
0.12053 73 31
0.27119 76 57
0.24106 69 51
0.12053 0 0
0.12289 57 36
0.27650 62 49
0.24578 50 51
0.12289 0 0
0.12289 69 31
0.27650 74 48
0.24578 62 41
0.12289 0 0
0.12289 53 29
0.32089 58 42
0.24578 50 51
0.12289 0 0
0.12289 65 33
0.27368 70 57
0.24013 62 43
0.12007 0 0
0.12386 54 29
0.27870 58 50
0.24199 48 51
0.12100 0 0
0.12100 66 31
0.27224 70 58
0.24199 60 54
0.12100 0 0
0.12100 54 29
0.27224 58 55
0.24106 48 62
0.11952 0 0
0.11952 66 33
0.26892 70 57
0.36001 0 0
0.12097 53 29
0.29470 58 57
0.24199 46 62
0.12100 0 0
0.12100 65 31
0.27224 70 62
0.24199 58 56
0.12100 0 0
0.12100 58 39
0.27224 62 55
0.24199 53 51
0.12100 0 0
0.12100 70 33
0.27085 74 57
0.23922 65 43
0.11961 0 0
0.12147 58 29
0.27330 62 50
0.24293 52 51
0.12147 0 0
0.11858 70 31
0.26680 74 58
0.23715 64 54
0.11858 0 0
0.11858 58 29
0.26680 62 55
0.23652 52 62
0.11826 0 0
0.11826 70 33
0.26608 74 57
0.35478 0 0
0.11826 57 29
0.27853 62 57
0.23622 50 62
0.11811 0 0
0.11811 69 31
0.26575 74 62
0.23622 62 56
0.11811 0 0
0.11811 67 39
0.11811 71 46
0.11811 65 46
0.11811 0 0
0.11168 72 51
0.11168 63 51
0.22336 0 0
0.07881 71 31
0.11454 74 48
0.11454 67 48
0.11454 0 0
0.11089 75 51
0.11089 72 51
0.22712 0 0
0.07901 74 29
0.11623 77 51
0.11623 72 51
0.11623 0 0
0.10566 79 51
0.10566 75 51
0.26191 0 0
0.07374 80 29
0.23247 84 48
0.23247 77 40
0.22992 79 48
0.22992 75 40
0.11496 0 0
0.08023 72 32
0.11580 75 51
0.11580 67 51
0.11580 0 0
0.11128 74 54
0.22257 0 0
0.08127 74 41
0.11623 77 51
0.11623 68 51
0.11623 0 0
0.11249 75 52
0.22497 0 0
0.08299 71 33
0.11979 74 41
0.11979 65 41
0.11979 0 0
0.11623 72 48
0.11623 63 48
0.23247 0 0
0.08525 65 25
0.12071 68 41
0.12071 62 41
0.12071 0 0
0.12071 67 41
0.12071 63 41
0.24143 0 0
0.07842 67 31
0.11693 66 46
0.11693 60 46
0.11693 0 0
0.11168 67 51
0.11168 58 51
0.22336 0 0
0.07881 66 31
0.11454 69 48
0.11454 62 48
0.11454 0 0
0.11089 70 51
0.11089 67 51
0.22712 0 0
0.07901 69 29
0.11623 72 51
0.11623 67 51
0.11623 0 0
0.10566 74 51
0.10566 70 51
0.23377 0 0
0.07374 75 29
0.23247 79 57
0.23247 72 48
0.22992 74 57
0.22992 70 48
0.11496 0 0
0.08023 67 32
0.11580 70 51
0.11580 62 51
0.11580 0 0
0.11128 69 54
0.22257 0 0
0.08127 69 41
0.11623 72 51
0.11623 63 51
0.11623 0 0
0.11249 70 52
0.22497 0 0
0.08299 66 33
0.11979 69 41
0.11979 60 41
0.11979 0 0
0.11623 67 48
0.11623 58 48
0.23247 0 0
0.08525 58 40
0.24143 62 47
0.12071 55 44
0.24143 0 0
0.07842 58 31
0.11693 62 46
0.11693 55 46
0.11693 0 0
0.11168 62 51
0.11168 54 51
0.22336 0 0
0.07881 58 31
0.11454 64 48
0.11454 55 48
0.11454 0 0
0.11089 66 51
0.11089 57 51
0.22712 0 0
0.07901 62 29
0.11623 67 51
0.11623 58 51
0.11623 0 0
0.10566 69 51
0.10566 60 51
0.23377 0 0
0.07374 65 29
0.11623 71 52
0.11623 62 52
0.11623 0 0
0.11496 72 57
0.11496 63 57
0.22992 0 0
0.08023 68 32
0.11580 74 51
0.11580 65 51
0.11580 0 0
0.11128 72 54
0.11128 63 51
0.22257 0 0
0.08127 67 41
0.11623 71 51
0.11623 62 51
0.11623 0 0
0.11249 72 52
0.11249 63 51
0.22497 0 0
0.08299 68 33
0.11765 74 41
0.11765 65 41
0.11765 0 0
0.11321 72 48
0.11321 63 48
0.22642 0 0
0.08525 67 25
0.11719 71 41
0.11719 62 41
0.11719 0 0
0.11719 72 41
0.11719 63 41
0.23438 0 0
0.07842 62 31
0.11693 65 46
0.11693 58 46
0.11693 0 0
0.11168 65 51
0.11168 57 51
0.22336 0 0
0.07881 63 31
0.11454 67 48
0.11454 58 48
0.11454 0 0
0.11089 69 51
0.11089 60 51
0.22712 0 0
0.07901 65 29
0.11623 70 51
0.11623 62 51
0.11623 0 0
0.10566 72 51
0.10566 63 51
0.23377 0 0
0.07374 68 29
0.11623 74 57
0.11623 65 57
0.11623 0 0
0.11496 75 57
0.11496 67 57
0.22992 0 0
0.08023 71 32
0.11580 77 57
0.11580 68 57
0.11580 0 0
0.11329 75 62
0.11329 67 62
0.11329 72 62
0.22659 0 0
0.08127 68 47
0.12407 74 57
0.12407 65 57
0.12407 0 0
0.11682 72 51
0.11682 63 49
0.11682 69 49
0.23364 0 0
0.08299 67 31
0.12831 70 38
0.12831 64 38
0.12831 0 0
0.12356 69 44
0.12356 66 44
0.24712 0 0
0.08525 64 22
0.13112 67 37
0.13112 61 37
0.13112 0 0
0.13112 66 36
0.13112 62 36
0.26224 0 0
0.07842 62 27
0.11962 66 40
0.11962 60 40
0.11962 0 0
0.11503 67 45
0.11503 58 45
0.23006 0 0
0.07881 66 27
0.11682 69 42
0.11682 62 42
0.11682 0 0
0.11089 70 45
0.11089 67 45
0.22712 0 0
0.07901 69 26
0.11623 72 45
0.11623 67 45
0.11623 0 0
0.10566 74 45
0.10566 70 45
0.23377 0 0
0.07374 75 26
0.23247 79 42
0.23247 72 35
0.22992 74 42
0.22992 70 35
0.11496 0 0
0.08023 67 28
0.11580 70 45
0.11580 62 45
0.11580 0 0
0.11128 69 47
0.22257 0 0
0.08127 69 36
0.11623 72 45
0.11623 63 45
0.11623 0 0
0.11249 70 46
0.22497 0 0
0.08299 66 29
0.11979 69 36
0.11979 60 36
0.11979 0 0
0.11623 67 42
0.11623 58 42
0.23247 0 0
0.08525 60 22
0.12071 63 36
0.12071 57 36
0.12071 0 0
0.12071 62 36
0.12071 58 36
0.24143 0 0
0.07842 62 27
0.11693 66 40
0.11693 60 40
0.11693 0 0
0.11168 67 45
0.11168 58 45
0.22336 0 0
0.07881 66 27
0.11454 69 42
0.11454 62 42
0.11454 0 0
0.11089 70 45
0.11089 67 45
0.22712 0 0
0.07901 69 26
0.11623 72 45
0.11623 67 45
0.11623 0 0
0.10566 74 45
0.10566 70 45
0.26191 0 0
0.07374 75 26
0.23247 79 42
0.23247 72 35
0.22992 74 42
0.22992 70 35
0.11496 0 0
0.08023 67 28
0.11580 70 45
0.11580 62 45
0.11580 0 0
0.11305 69 47
0.22611 0 0
0.08127 69 36
0.12328 72 45
0.12328 63 45
0.12328 0 0
0.11817 70 46
0.23633 0 0
0.09548 66 29
0.12939 69 36
0.12939 60 36
0.12939 0 0
0.14098 67 42
0.14098 58 42
0.28195 0 0
0.09726 58 35
0.28857 62 41
0.15347 55 39
0.27344 0 0
0.11997 45 81
0.25729 45 76
0.36261 0 0
0.11186 50 59
0.11186 53 70
0.22371 53 72
0.22371 50 61
0.33770 53 77
0.33770 50 65
1.03588 45 78
0.11398 57 74
0.24077 57 71
0.37344 0 0
0.11228 65 54
0.11228 69 64
0.22455 69 64
0.22455 65 54
0.22455 69 70
0.22455 65 59
0.93482 57 76
0.11228 0 0
0.11485 45 76
0.24979 45 76
0.35276 0 0
0.11270 52 59
0.11270 55 70
0.22539 55 72
0.22539 52 61
0.33809 55 77
0.33809 52 65
1.02894 45 78
0.11664 57 76
0.24671 57 76
0.38462 0 0
0.11398 67 54
0.11398 69 64
0.22796 69 64
0.22796 67 54
0.22796 69 70
0.22796 67 59
0.95452 57 79
0.11398 0 0
0.11485 45 75
0.24570 45 76
0.36855 0 0
0.11355 50 59
0.11355 53 70
0.22710 53 72
0.22710 50 61
0.22710 53 77
0.22710 50 65
0.93630 45 78
0.11355 0 0
0.11848 57 74
0.24876 57 75
0.37313 0 0
0.11398 65 54
0.11398 69 64
0.22796 69 64
0.22796 65 54
0.22796 69 70
0.22796 65 59
0.94304 57 79
0.11398 0 0
0.11802 53 72
0.25295 53 72
0.37943 0 0
0.11186 59 59
0.11186 62 70
0.22371 62 72
0.22371 59 61
0.22371 62 77
0.22371 59 65
0.93871 53 78
0.11186 0 0
0.05765 67 77
0.05765 60 65
0.05765 0 0
0.12594 67 78
0.12594 60 66
0.12594 0 0
0.24470 60 65
0.24470 67 77
0.12976 0 0
0.12976 60 64
0.12976 72 77
0.25952 72 77
0.25952 60 64
0.25952 72 84
0.25952 60 70
0.12976 0 0
0.12136 48 73
0.27125 48 68
0.36261 0 0
0.33557 53 59
0.33557 57 70
0.69818 48 82
0.36261 0 0
0.33557 53 59
0.33557 57 70
0.69818 50 82
0.36261 0 0
0.33557 57 59
0.33557 60 70
0.69818 48 78
0.36261 0 0
0.11186 60 77
0.22371 72 71
0.36261 0 0
0.33557 52 59
0.33557 55 70
0.69818 48 82
0.35184 0 0
0.33557 52 59
0.33557 55 70
0.68741 50 82
0.36261 0 0
0.33557 55 59
0.33557 60 70
0.69818 48 78
0.36261 0 0
0.11186 60 77
0.22371 72 71
0.36261 0 0
0.33557 53 59
0.33557 57 70
0.69818 48 82
0.36261 0 0
0.33557 57 70
0.33557 53 59
0.69818 50 82
0.36261 0 0
0.33557 54 59
0.33557 60 70
0.69818 51 78
0.36261 0 0
0.11186 60 77
0.22371 72 71
0.36261 0 0
0.11186 59 59
0.11186 62 70
0.69818 53 78
0.36261 0 0
0.11407 65 77
0.22814 74 61
0.22814 79 69
0.37657 0 0
0.11673 55 59
0.11673 60 70
0.72676 52 78
0.24174 72 83
0.12087 0 0
0.12136 48 73
0.27125 48 68
0.36261 0 0
0.32967 53 59
0.32967 57 70
0.69228 48 82
0.36261 0 0
0.34616 53 59
0.34616 57 70
0.70877 50 82
0.36261 0 0
0.33557 57 59
0.33557 60 70
0.69818 48 78
0.36261 0 0
0.11186 60 77
0.23686 72 71
0.36261 0 0
0.33557 52 59
0.33557 55 70
0.69818 48 82
0.36261 0 0
0.35824 52 59
0.35824 55 70
0.72085 50 82
0.36261 0 0
0.33557 55 59
0.33557 60 70
0.69818 48 78
0.36261 0 0
0.11186 60 77
0.22371 72 71
0.36261 0 0
0.33557 53 59
0.33557 57 70
0.69818 48 82
0.36261 0 0
0.33557 57 70
0.33557 53 59
0.69818 50 82
0.36261 0 0
0.33557 54 59
0.33557 60 70
0.69818 51 78
0.36261 0 0
0.11186 60 77
0.26414 72 71
0.36261 0 0
0.11186 59 59
0.11186 62 70
0.69818 53 78
0.35657 0 0
0.11186 65 77
0.22371 74 61
0.22371 79 69
0.36261 0 0
0.11186 55 59
0.11186 60 70
0.69818 52 78
0.24174 72 83
0.12087 0 0
0.11485 48 81
0.25729 48 76
0.36261 0 0
0.11186 54 59
0.11186 57 70
0.22371 57 72
0.22371 54 61
0.33770 57 77
0.33770 54 65
1.03588 48 78
0.11398 60 74
0.24077 60 71
0.37190 0 0
0.11228 66 54
0.11228 69 64
0.22455 69 64
0.22455 66 54
0.22455 69 70
0.22455 66 59
0.93328 60 76
0.11228 0 0
0.11485 50 76
0.24979 50 76
0.35276 0 0
0.11270 55 59
0.11270 58 70
0.22539 58 72
0.22539 55 61
0.33809 58 77
0.33809 55 65
1.02894 50 78
0.11664 62 76
0.24671 62 76
0.36116 0 0
0.11398 67 54
0.11398 70 64
0.22796 70 64
0.22796 67 54
0.22796 70 70
0.22796 67 59
0.93106 62 79
0.11398 0 0
0.11485 52 75
0.24570 52 76
0.36855 0 0
0.11355 59 59
0.11355 62 70
0.22710 62 72
0.22710 59 61
0.22710 62 77
0.22710 59 65
0.93630 52 78
0.11355 0 0
0.11848 62 74
0.24876 62 75
0.37313 0 0
0.11398 68 54
0.11398 71 64
0.22796 71 64
0.22796 68 54
0.22796 71 70
0.22796 68 59
0.94304 62 79
0.11398 0 0
0.11802 52 72
0.25295 52 72
0.37943 0 0
0.11186 57 59
0.11186 60 70
0.22371 60 72
0.22371 57 61
0.22371 60 77
0.22371 57 65
0.93871 52 78
0.11186 0 0
0.11530 60 77
0.25189 60 78
0.36705 0 0
0.11485 69 57
0.11485 72 69
0.22971 72 69
0.22971 69 57
0.22971 72 75
0.22971 69 63
0.94132 60 77
0.11619 0 0
0.11485 57 63
0.24570 57 64
0.36855 0 0
0.05678 62 45
0.05678 65 54
0.05678 0 0
0.11355 65 54
0.11355 62 45
0.70920 57 66
0.11952 65 62
0.11952 62 52
0.23904 0 0
0.05924 57 55
0.05924 0 0
0.12156 57 55
0.48622 0 0
0.05699 62 38
0.05699 65 54
0.05699 0 0
0.11398 65 54
0.11398 62 38
0.70661 57 63
0.11398 65 59
0.11398 62 42
0.22796 0 0
0.05743 65 63
0.05743 0 0
0.12285 65 64
0.49140 0 0
0.05678 71 45
0.05678 74 54
0.05678 0 0
0.11355 74 54
0.11355 71 45
0.70920 65 66
0.11355 74 62
0.11355 71 52
0.22710 0 0
0.05924 65 55
0.05924 0 0
0.12438 65 55
0.49020 0 0
0.05699 71 38
0.05699 74 54
0.05699 0 0
0.11398 74 54
0.11398 71 38
0.70959 65 63
0.11398 74 59
0.11398 71 42
0.22796 0 0
0.05743 56 63
0.05743 0 0
0.12285 56 64
0.49140 0 0
0.05678 62 45
0.05678 64 54
0.05678 0 0
0.11355 64 54
0.11355 62 45
0.70920 56 66
0.11355 64 62
0.11355 62 52
0.22710 0 0
0.05924 56 55
0.05924 0 0
0.12438 56 55
0.49751 0 0
0.05699 62 38
0.05699 64 54
0.05699 0 0
0.11398 64 54
0.11398 62 38
0.71508 56 63
0.11398 64 59
0.11398 62 42
0.22796 0 0
0.05743 62 63
0.05743 0 0
0.12285 62 64
0.49140 0 0
0.05678 68 45
0.05678 71 54
0.05678 0 0
0.11355 71 54
0.11355 68 45
0.70920 62 66
0.11355 71 62
0.11355 68 52
0.22710 0 0
0.05924 62 52
0.05924 0 0
0.12438 62 51
0.49751 0 0
0.05699 68 30
0.05699 71 43
0.05699 0 0
0.11398 71 42
0.11398 68 29
0.71508 62 55
0.11398 71 43
0.11398 68 30
0.22796 0 0
0.11485 52 64
0.25729 52 60
0.36261 0 0
0.11186 57 47
0.11186 60 56
0.22371 60 57
0.22371 57 48
0.33770 60 61
0.33770 57 52
1.03588 52 62
0.11398 60 49
0.25424 60 48
0.35405 0 0
0.11228 69 43
0.11228 72 51
0.22455 72 51
0.22455 69 43
0.23256 72 56
0.23256 69 47
0.92344 60 51
0.11628 0 0
0.11485 52 72
0.24979 52 72
0.35276 0 0
0.11270 59 56
0.11270 62 66
0.22539 62 68
0.22539 59 57
0.33809 62 73
0.33809 59 61
1.02894 52 74
0.11664 62 60
0.24671 62 60
0.36116 0 0
0.11398 71 51
0.11398 74 60
0.22796 74 60
0.22796 71 51
0.22796 74 66
0.22796 71 56
0.93106 62 63
0.11398 0 0
0.11485 52 75
0.29412 52 76
0.36585 0 0
0.11355 57 59
0.11355 60 70
0.22710 60 72
0.22710 57 61
0.22710 60 77
0.22710 57 65
0.93361 52 78
0.11355 0 0
0.11848 64 74
0.24876 64 75
0.37313 0 0
0.11398 72 54
0.11398 76 64
0.22796 76 64
0.22796 72 54
0.22796 76 70
0.22796 72 59
0.94304 64 79
0.11398 0 0
0.11802 60 72
0.28571 60 72
0.37815 0 0
0.11186 66 59
0.11186 69 70
0.22371 69 72
0.22371 66 61
0.22371 69 77
0.22371 66 65
0.93744 60 78
0.11186 0 0
0.05765 74 77
0.05765 67 65
0.05765 0 0
0.12876 74 78
0.12876 67 66
0.12876 0 0
0.24470 67 65
0.24470 74 77
0.12976 0 0
0.12976 67 64
0.12976 79 77
0.25952 79 77
0.25952 67 64
0.14778 79 84
0.14778 67 70
0.29557 0 0
0.11628 67 45
0.11673 71 45
0.11673 65 45
0.11673 0 0
0.11168 72 50
0.11168 63 50
0.22336 0 0
0.07881 71 31
0.11454 74 47
0.11454 67 47
0.11454 0 0
0.11089 75 50
0.11089 72 50
0.22712 0 0
0.07901 74 29
0.11623 77 50
0.11623 72 50
0.11623 0 0
0.10566 79 50
0.10566 75 50
0.26191 0 0
0.07374 80 29
0.23247 84 47
0.23247 77 39
0.22992 79 47
0.22992 75 39
0.11496 0 0
0.08023 72 32
0.11580 75 50
0.11580 67 50
0.11580 0 0
0.11202 74 53
0.22405 0 0
0.08127 74 40
0.11623 77 50
0.11623 68 50
0.11623 0 0
0.11249 75 52
0.22497 0 0
0.08299 71 33
0.11979 74 41
0.11979 65 41
0.11979 0 0
0.11623 72 47
0.11623 63 47
0.23247 0 0
0.08525 65 25
0.12071 68 41
0.12071 62 41
0.12071 0 0
0.12071 67 40
0.12071 63 40
0.24143 0 0
0.07842 62 30
0.11693 66 45
0.11693 60 45
0.11693 0 0
0.11168 67 50
0.11168 58 50
0.22336 0 0
0.07881 66 31
0.11454 69 47
0.11454 62 47
0.11454 0 0
0.11089 70 50
0.11089 67 50
0.22712 0 0
0.07901 69 29
0.11623 72 50
0.11623 67 50
0.11623 0 0
0.10566 74 50
0.10566 70 50
0.23377 0 0
0.07374 75 29
0.23247 79 47
0.23247 72 39
0.22992 74 47
0.22992 70 39
0.11496 0 0
0.08023 67 32
0.11580 70 50
0.11580 62 50
0.11580 0 0
0.11128 69 53
0.22257 0 0
0.08127 69 40
0.11623 72 50
0.11623 63 50
0.11623 0 0
0.11249 70 52
0.22497 0 0
0.08299 66 33
0.11979 69 41
0.11979 60 41
0.11979 0 0
0.11623 67 47
0.11623 58 47
0.23247 0 0
0.08525 60 25
0.12071 63 41
0.12071 57 41
0.12071 0 0
0.12071 62 40
0.12071 58 40
0.24143 0 0
0.07842 62 30
0.11693 66 45
0.11693 60 45
0.11693 0 0
0.11168 67 50
0.11168 58 50
0.22336 0 0
0.07881 66 31
0.11454 69 47
0.11454 62 47
0.11454 0 0
0.11089 70 50
0.11089 67 50
0.22712 0 0
0.07901 69 29
0.11623 72 50
0.11623 67 50
0.11623 0 0
0.10566 74 50
0.10566 70 50
0.24851 0 0
0.07374 75 29
0.23247 79 56
0.23247 72 47
0.22992 74 56
0.22992 70 47
0.11496 0 0
0.08023 67 32
0.11580 70 50
0.11580 62 50
0.11580 0 0
0.11128 69 53
0.22257 0 0
0.08127 69 40
0.11623 72 50
0.11623 63 50
0.11623 0 0
0.11249 70 52
0.22497 0 0
0.08299 66 33
0.11979 69 41
0.11979 60 41
0.11979 0 0
0.11623 67 47
0.11623 58 47
0.23247 0 0
0.08525 58 39
0.24143 62 46
0.12071 55 44
0.24143 0 0
0.07842 58 30
0.11693 62 45
0.11693 55 45
0.11693 0 0
0.11168 62 50
0.11168 54 50
0.22336 0 0
0.07881 58 31
0.11454 64 47
0.11454 55 47
0.11454 0 0
0.11089 66 50
0.11089 57 50
0.22712 0 0
0.07901 62 29
0.11623 67 50
0.11623 58 50
0.11623 0 0
0.10566 69 50
0.10566 60 50
0.23377 0 0
0.07374 65 29
0.11623 71 52
0.11623 62 52
0.11623 0 0
0.11496 72 56
0.11496 63 56
0.22992 0 0
0.08023 68 32
0.11580 74 50
0.11580 65 50
0.11580 0 0
0.11128 72 53
0.11128 63 50
0.22257 0 0
0.08127 67 40
0.11623 71 50
0.11623 62 50
0.11623 0 0
0.11249 72 52
0.11249 63 50
0.22497 0 0
0.08299 68 33
0.11979 74 41
0.11979 65 41
0.11979 0 0
0.11623 72 47
0.11623 63 47
0.23247 0 0
0.08525 67 25
0.12071 71 41
0.12071 62 41
0.12071 0 0
0.12071 72 40
0.12071 63 40
0.24143 0 0
0.07842 62 30
0.11693 65 45
0.11693 58 45
0.11693 0 0
0.11168 65 50
0.11168 57 50
0.22336 0 0
0.07881 63 31
0.11454 67 47
0.11454 58 47
0.11454 0 0
0.11089 69 50
0.11089 60 50
0.22712 0 0
0.07901 65 29
0.11623 70 50
0.11623 62 50
0.11623 0 0
0.10566 72 50
0.10566 63 50
0.23377 0 0
0.07374 68 29
0.11623 74 56
0.11623 65 56
0.11623 0 0
0.11496 75 56
0.11496 67 56
0.22992 0 0
0.08023 71 32
0.11580 77 56
0.11580 68 56
0.11580 0 0
0.11287 75 61
0.11287 67 61
0.11287 72 61
0.22573 0 0
0.08127 68 47
0.12205 74 57
0.12205 65 57
0.12205 0 0
0.11682 72 52
0.11682 63 50
0.11682 69 50
0.23364 0 0
0.08299 67 33
0.12998 70 41
0.12998 64 41
0.12998 0 0
0.12458 69 46
0.12458 66 46
0.24917 0 0
0.08525 64 24
0.13838 67 39
0.13838 61 39
0.13838 0 0
0.13838 66 37
0.13838 62 37
0.27675 0 0
0.07842 62 27
0.12255 66 40
0.12255 60 40
0.12255 0 0
0.11503 67 45
0.11503 58 45
0.23006 0 0
0.07881 66 27
0.12156 69 42
0.12156 62 42
0.12156 0 0
0.11820 70 45
0.11820 67 45
0.23444 0 0
0.07901 69 26
0.12058 72 45
0.12058 67 45
0.12058 0 0
0.13286 74 45
0.13286 70 45
0.28138 0 0
0.07374 75 26
0.24213 79 40
0.24213 72 33
0.23364 74 40
0.23364 70 33
0.11682 0 0
0.08023 67 28
0.11914 70 45
0.11914 62 45
0.11914 0 0
0.11128 69 47
0.22257 0 0
0.08127 69 36
0.11774 72 45
0.11774 63 45
0.11774 0 0
0.11372 70 46
0.22745 0 0
0.08299 66 29
0.11979 69 36
0.11979 60 36
0.11979 0 0
0.11728 67 42
0.11728 58 42
0.23456 0 0
0.08525 60 22
0.12356 63 36
0.12356 57 36
0.12356 0 0
0.12356 62 36
0.12356 58 36
0.24712 0 0
0.07842 62 27
0.11693 66 40
0.11693 60 40
0.11693 0 0
0.11329 67 45
0.11329 58 45
0.22659 0 0
0.07881 66 27
0.12058 69 42
0.12058 62 42
0.12058 0 0
0.11372 70 45
0.11372 67 45
0.22996 0 0
0.07901 69 26
0.11962 72 45
0.11962 67 45
0.11962 0 0
0.10566 74 45
0.10566 70 45
0.23377 0 0
0.07374 75 25
0.23923 79 39
0.23923 72 31
0.23456 74 38
0.23456 70 30
0.11728 0 0
0.08023 67 27
0.12156 70 43
0.12156 62 43
0.12156 0 0
0.11637 69 45
0.23274 0 0
0.08127 69 33
0.12205 72 42
0.12205 63 42
0.12205 0 0
0.11547 70 43
0.11547 62 40
0.23095 0 0
0.08299 66 27
0.12777 69 33
0.12777 60 33
0.12777 0 0
0.12010 67 40
0.12010 58 34
0.24019 0 0
0.08127 60 27
0.13228 63 39
0.13228 57 33
0.13228 0 0
0.12205 62 38
0.12205 58 32
0.24410 0 0
0.08299 57 27
0.13465 60 33
0.13465 54 27
#  Piano left
1.38477 0 0
2.36317 31 41
0.23161 31 33
0.41512 36 42
0.23247 33 36
3.24237 43 41
0.42045 0 0
0.23958 26 35
2.40977 31 43
1.31795 31 33
0.23161 31 33
4.61936 38 43
0.41512 36 42
0.23247 33 36
0.42045 0 0
0.23958 26 35
0.91681 31 43
1.57684 38 43
0.43300 0 0
2.36317 50 41
2.36317 38 41
3.29653 43 33
3.29653 31 33
1.29174 50 47
1.29174 38 41
1.55830 46 38
1.55830 34 33
0.43785 48 27
0.43785 36 27
0.25445 49 25
0.25445 37 25
1.20819 50 33
1.20819 38 27
0.11693 50 27
0.11693 38 27
0.11693 0 0
0.11168 43 41
0.11168 31 32
0.30218 0 0
0.11454 43 35
0.11454 31 27
0.11454 0 0
0.11089 43 41
0.11089 31 32
0.30614 0 0
1.32361 31 32
0.23161 31 33
0.41512 36 42
0.23247 33 36
2.20280 43 41
0.42045 0 0
0.23958 26 35
1.76367 31 43
0.64610 31 33
1.30321 31 33
0.23161 31 33
4.60462 38 43
0.41512 36 42
0.23247 33 36
0.42045 0 0
0.23958 26 35
0.93284 31 43
1.59287 38 43
0.43287 0 0
2.36317 50 41
2.36317 38 41
3.30290 43 33
3.30290 31 33
1.29174 50 49
1.29174 38 41
1.55673 46 42
1.55673 34 33
0.44430 48 27
0.44430 36 27
0.25884 49 25
0.25884 37 25
1.19664 50 33
1.19664 38 27
0.11693 50 27
0.11693 38 27
0.11693 0 0
0.11168 43 41
0.11168 31 32
0.30218 0 0
0.08590 43 35
0.08590 31 27
0.14317 0 0
0.08317 43 41
0.08317 31 32
0.33386 0 0
1.33053 31 32
0.23161 31 33
0.41512 36 42
0.23247 33 36
2.20973 43 41
0.42045 0 0
0.23958 26 35
1.76367 31 43
0.64610 31 42
1.32143 31 42
0.23161 31 33
4.62284 38 43
0.41512 36 42
0.23247 33 36
0.42045 0 0
0.23958 26 35
0.91681 31 43
1.57684 38 43
0.43300 0 0
0.64954 46 51
0.70801 34 43
0.05825 0 0
0.29124 48 58
0.34949 36 49
0.05825 0 0
0.29124 50 62
0.34949 38 51
0.05825 0 0
0.65524 51 64
0.71349 39 54
0.05847 0 0
0.69640 58 57
1.04719 46 48
0.05847 0 0
0.29233 55 58
0.35080 43 49
0.05847 0 0
0.29343 51 62
0.35189 39 51
0.05869 0 0
0.29343 48 56
0.35211 36 47
0.05869 0 0
0.67720 53 51
0.73589 41 42
0.06073 0 0
0.70245 41 52
0.76318 29 33
0.07221 0 0
0.65093 46 51
0.72314 34 43
0.05825 0 0
0.29060 48 58
0.34884 36 49
0.05760 0 0
0.28802 50 62
0.34562 38 51
0.05760 0 0
0.65592 51 64
0.71353 39 54
0.05847 0 0
0.70159 58 57
1.05348 46 48
0.05869 0 0
0.29365 55 58
0.35233 43 49
0.05891 0 0
0.29520 51 62
0.35411 39 51
0.05958 0 0
0.32807 48 56
0.38764 36 47
0.06964 0 0
0.66816 53 51
0.73780 41 42
0.05935 0 0
0.65352 41 52
0.71287 29 33
0.06193 0 0
0.64554 50 51
0.70747 38 43
0.05869 0 0
0.29343 51 58
0.35211 39 49
0.05869 0 0
0.29565 53 62
0.35433 41 51
0.05913 0 0
0.65672 55 64
0.71585 43 54
0.05869 0 0
0.70423 62 57
1.05634 50 48
0.05869 0 0
0.29124 59 58
0.34992 47 49
0.05825 0 0
0.29124 55 62
0.34949 43 51
0.05825 0 0
0.30249 53 56
0.36074 41 47
0.06050 0 0
0.67793 51 51
0.73843 39 42
0.05891 0 0
0.63599 48 52
0.69489 36 33
0.05782 0 0
0.64291 51 51
0.70072 39 43
0.05825 0 0
0.29124 53 58
0.34949 41 49
0.05825 0 0
0.30017 55 62
0.35842 43 51
0.06003 0 0
0.65838 57 64
0.71841 45 54
0.05935 0 0
0.70956 64 57
1.06455 52 48
0.05913 0 0
0.30133 61 58
0.36046 49 49
0.06027 0 0
0.30133 57 62
0.36159 45 51
0.06027 0 0
0.30723 55 56
0.36749 43 47
0.06145 0 0
0.67590 54 51
0.73734 42 42
0.06145 0 0
0.70918 50 52
0.77063 38 33
0.07254 0 0
0.67449 46 51
0.74703 34 43
0.06003 0 0
0.30017 48 58
0.36020 36 49
0.06003 0 0
0.30966 50 62
0.36969 38 51
0.06193 0 0
0.66548 51 64
0.72742 39 54
0.06050 0 0
0.72598 58 62
1.08730 46 48
0.41833 0 0
0.29953 60 63
0.35929 48 49
0.44591 0 0
1.39147 62 64
1.39147 50 54
0.06050 0 0
0.66479 50 51
0.72529 38 43
0.05980 0 0
0.29902 51 58
0.35882 39 49
0.05980 0 0
0.30367 53 62
0.36347 41 51
0.06073 0 0
0.66084 55 64
0.72158 43 54
0.05929 0 0
0.71146 62 62
1.42118 50 48
0.78113 52 49
0.73086 64 63
1.06299 66 64
1.06299 54 54
1.64676 55 54
2.39131 48 47
0.23161 48 37
0.41512 53 48
0.23247 50 41
3.27050 60 47
0.66003 0 0
1.11595 48 49
2.00984 55 49
3.95256 43 40
0.23161 43 37
2.82864 50 50
0.41512 48 48
0.23247 45 41
3.24237 55 49
0.42045 0 0
2.64935 38 40
3.06980 50 49
3.92738 43 37
3.92738 31 37
1.29383 53 54
1.29383 41 47
2.20410 46 50
2.20410 34 37
0.43346 48 29
0.43346 36 29
0.25663 49 27
0.25663 37 27
2.50375 50 34
2.50375 38 28
1.30321 31 32
0.23161 31 33
0.41512 36 42
0.23247 33 36
2.18241 43 41
0.42045 0 0
2.23233 26 35
1.74837 31 48
0.23161 31 33
4.63275 38 43
0.42043 36 42
0.24657 33 36
0.44998 0 0
0.25878 26 35
1.11571 31 43
1.82446 38 43
0.85984 0 0
0.11186 58 55
0.47447 26 70
0.22371 58 61
0.33770 58 66
0.72820 0 0
0.11228 50 61
0.11228 45 51
0.22455 50 58
0.22455 45 49
0.22455 50 63
0.22455 45 53
0.82968 0 0
0.11270 58 55
0.46546 25 70
0.46546 37 70
0.22539 58 61
0.33809 58 66
0.74797 0 0
0.11398 52 61
0.11398 45 51
0.22796 52 58
0.22796 45 49
0.22796 52 63
0.22796 45 53
0.84309 0 0
0.11355 64 55
0.48210 26 70
0.48210 38 70
0.22710 64 61
0.22710 64 66
0.11355 0 0
0.11848 62 61
0.24876 62 58
0.37313 0 0
0.11398 53 61
0.11398 50 51
0.22796 53 58
0.22796 50 49
0.22796 53 63
0.22796 50 53
0.94304 62 62
0.86438 0 0
0.11186 67 55
0.49128 31 70
0.49128 43 70
0.22371 67 61
0.22371 67 66
0.11186 0 0
0.05765 52 67
0.05765 48 56
0.05765 0 0
0.12594 52 63
0.12594 48 53
0.12594 0 0
0.24470 52 68
0.24470 48 57
0.12976 0 0
0.12976 48 73
0.12976 36 61
0.25952 48 69
0.25952 36 58
0.25952 48 75
0.25952 36 63
0.52236 0 0
0.47447 41 73
0.47447 29 62
0.69818 60 83
0.22371 62 82
0.47447 0 0
0.22371 51 77
0.69818 63 79
1.39636 42 73
1.39636 30 62
0.47447 31 62
0.47394 43 73
0.68741 60 83
0.22371 62 82
0.47447 0 0
0.22371 52 77
0.69818 64 79
1.39636 46 73
1.39636 34 62
0.47447 33 62
0.47447 45 73
0.69818 60 83
0.22371 62 82
0.47447 0 0
0.22371 51 77
0.69818 63 79
1.39636 44 73
1.39636 32 62
0.47447 0 0
0.22371 55 77
0.70482 67 79
1.40300 43 73
1.40300 31 62
0.49330 48 73
0.49330 36 62
0.23346 64 77
0.75522 0 0
0.47250 41 73
0.47250 29 62
0.69425 60 83
0.23431 62 82
0.47447 0 0
0.22371 51 77
0.71132 63 79
1.40951 42 73
1.40951 30 62
0.47447 31 62
0.47394 43 73
0.69818 60 83
0.24639 62 82
0.47447 0 0
0.22371 52 77
0.69818 64 79
1.39636 46 73
1.39636 34 62
0.47447 33 62
0.47447 45 73
0.69818 60 83
0.22371 62 82
0.47447 0 0
0.22371 51 77
0.73861 63 79
1.43679 44 73
1.43679 32 62
0.47447 0 0
0.22371 55 77
0.69818 67 79
1.39636 43 73
1.39636 31 62
0.47447 48 73
0.47447 36 62
0.22371 64 77
0.73476 0 0
0.24174 24 63
0.24174 36 70
0.12087 0 0
0.11186 63 55
0.22371 63 61
0.33770 63 66
0.11398 62 59
0.24077 62 56
0.37190 0 0
0.11228 54 61
0.11228 50 51
0.22455 54 58
0.22455 50 49
0.22455 54 63
0.22455 50 53
0.93328 62 67
0.47692 0 0
0.23791 31 70
0.23791 43 70
0.11485 0 0
0.11270 63 55
0.22539 63 61
0.33809 63 66
0.72451 0 0
0.11398 55 61
0.11398 50 51
0.22796 55 58
0.22796 50 49
0.22796 55 63
0.22796 50 53
0.47454 0 0
0.24570 38 70
0.24570 50 70
0.12285 0 0
0.11355 65 55
0.22710 65 61
0.34065 65 66
0.11848 64 61
0.24876 64 58
0.37313 0 0
0.11398 56 61
0.11398 52 51
0.22796 56 58
0.22796 52 49
0.22796 56 63
0.22796 52 53
0.94304 64 62
0.48495 0 0
0.25295 36 70
0.25295 48 70
0.12648 0 0
0.11186 65 55
0.22371 65 61
0.33557 65 66
0.11530 64 67
0.25189 64 63
0.36705 0 0
0.11485 52 54
0.11485 57 65
0.00670 57 62
0.22971 52 52
0.22971 57 67
0.94132 64 62
0.22979 52 56
0.46997 0 0
0.24570 38 70
0.24570 50 70
0.12285 0 0
0.05678 71 66
0.05678 0 0
0.11355 71 67
0.11355 0 0
0.17928 71 76
0.17928 0 0
0.05924 77 70
0.05924 0 0
0.12156 77 70
0.48622 0 0
0.05699 71 70
0.05699 0 0
0.11398 71 74
0.70661 77 78
0.11398 71 75
0.58852 0 0
0.24570 35 70
0.24570 47 70
0.12285 0 0
0.05678 59 66
0.05678 0 0
0.11355 59 67
0.11355 0 0
0.17033 59 76
0.17033 0 0
0.05924 69 70
0.05924 0 0
0.12438 69 70
0.49020 0 0
0.05699 59 70
0.05699 0 0
0.11398 59 74
0.70959 69 78
0.11398 59 75
0.58852 0 0
0.24570 40 70
0.24570 52 70
0.12285 0 0
0.05678 71 66
0.05678 0 0
0.11355 71 67
0.11355 0 0
0.17033 71 76
0.17033 0 0
0.05924 76 70
0.05924 0 0
0.12438 76 70
0.49751 0 0
0.05699 71 70
0.05699 0 0
0.11398 71 74
0.71508 76 78
0.11398 71 75
0.58852 0 0
0.24570 28 70
0.24570 40 70
0.12285 0 0
0.05678 52 66
0.05678 0 0
0.11355 52 67
0.11355 0 0
0.17033 52 76
0.17033 0 0
0.05924 64 66
0.05924 0 0
0.12438 64 65
0.49751 0 0
0.05699 52 56
0.05699 0 0
0.11398 52 57
0.71508 64 68
0.11398 52 54
0.60011 0 0
0.24174 33 56
0.24174 45 56
0.12087 0 0
0.11186 65 44
0.22371 65 48
0.33770 65 52
0.11398 64 59
0.25424 64 56
0.35405 0 0
0.11228 57 48
0.11228 52 40
0.22455 57 46
0.22455 52 39
0.23256 57 50
0.23256 52 42
0.92344 64 60
0.83369 0 0
0.11270 65 52
0.46546 32 66
0.46546 44 66
0.22539 65 57
0.33809 65 62
0.11664 64 72
0.24671 64 72
0.36116 0 0
0.11398 56 57
0.11398 52 48
0.22796 56 55
0.22796 52 46
0.70310 64 75
0.22796 56 59
0.22796 52 50
0.88881 0 0
0.11355 71 55
0.47940 33 70
0.47940 45 70
0.22710 71 61
0.34065 71 66
0.11848 69 61
0.24876 69 58
0.37313 0 0
0.11398 60 61
0.11398 57 51
0.22796 60 58
0.22796 57 49
0.22796 60 63
0.22796 57 53
0.94304 69 62
0.89587 0 0
0.11186 74 55
0.49001 38 70
0.49001 50 70
0.22371 74 61
0.22371 74 66
0.11186 0 0
0.05765 59 67
0.05765 55 56
0.05765 0 0
0.12876 59 63
0.12876 55 53
0.12876 0 0
0.24470 59 68
0.24470 55 57
0.12976 0 0
0.12976 55 73
0.12976 43 61
0.25952 55 69
0.25952 43 58
3.83335 55 75
3.83335 43 63
0.65292 53 45
0.65292 41 41
1.35552 55 51
1.52630 50 48
3.95256 43 39
0.23161 43 37
0.41512 48 47
0.23247 45 41
3.24237 55 46
0.42045 0 0
2.00325 38 39
2.42370 50 48
1.96405 31 37
1.96405 43 37
0.23161 31 37
0.41512 36 47
0.23247 33 41
0.42045 0 0
0.67353 26 39
1.09398 38 48
0.91586 0 0
1.70560 50 46
1.70560 38 46
3.31275 43 48
3.31275 31 43
1.29383 53 54
1.29383 41 46
2.19879 46 45
2.19879 34 37
0.43346 48 31
0.43346 36 31
0.25997 49 28
0.25997 37 28
1.89831 50 36
1.89831 38 30
2.07672 31 39
0.23828 31 33
0.41512 36 42
0.23548 33 36
2.96561 43 51
0.42416 0 0
2.26659 26 35
1.74639 31 45
0.24311 31 31
4.68026 38 43
0.43038 0 0
0.24410 33 34
0.67448 36 39
0.42941 0 0
0.25554 26 31
0.68495 38 39
0.44156 31 39
0.98299 0 0
0.12205 58 40
0.12205 55 34
0.24410 0 0
0.08696 54 27
0.13774 57 39
0.13774 50 33
0.13774 0 0
0.12407 55 38
0.12407 51 32
0.24814 0 0
0.09063 48 27
0.14032 51 33
0.14032 45 27
0.14032 0 0
0.12669 50 40
0.12669 46 34
0.25338 0 0
0.09288 45 27
0.13966 48 38
0.13966 42 32
0.13055 0 0
0.12510 46 37
0.12510 43 31
0.25021 0 0
0.09317 42 26
0.14507 45 31
0.14507 38 26
0.14507 0 0
0.12998 43 37
0.12998 39 32
0.25997 0 0
0.09346 36 26
0.14940 39 36
0.14940 33 30
0.14940 0 0
0.13966 38 35
0.13966 34 29
0.27933 0 0
0.09615 33 24
0.14032 36 29
0.14032 30 25
0.14032 0 0
0.14866 34 29
0.14866 31 29
0.74331 0 0
0.14866 26 25
0.74331 0 0
0.14866 31 26
