"scn15_13"

#  Piano right
0.00126 0 0
1.20659 62 44
1.20790 66 44
1.25839 67 46
1.25839 62 46
1.81178 72 54
1.81178 62 54
0.61773 71 39
0.61773 62 39
0.77646 69 40
0.11905 71 32
0.11905 69 32
0.12148 67 32
0.12447 69 32
1.26051 64 40
0.92784 71 39
0.31609 67 32
1.24392 64 39
1.26436 71 38
1.26375 69 33
2.52811 62 38
1.23546 65 44
1.23546 68 44
1.30705 69 50
1.30705 64 50
1.39463 74 57
1.39463 65 57
1.30705 72 56
1.42068 64 43
0.60661 0 0
1.40911 71 28
1.40911 62 35
1.40911 65 35
0.14091 0 0
0.17614 68 25
0.17614 64 32
0.17614 59 32
1.29450 68 25
1.29450 59 32
0.64725 69 24
0.64725 60 30
1.94175 64 32
0.94921 0 0
0.30196 62 29
1.23815 66 36
0.30469 0 0
0.30469 62 29
1.28884 67 36
0.34686 0 0
2.81062 63 26
3.15748 72 32
0.30196 0 0
0.30196 60 28
1.26638 63 33
0.30584 0 0
0.30957 59 28
1.31541 64 33
2.65763 69 31
0.20816 0 0
0.21883 69 32
2.90814 60 26
0.21657 71 35
0.21484 72 33
0.21484 71 36
0.22993 69 37
0.95714 78 39
0.34511 76 32
0.72727 76 32
0.84555 75 28
0.13284 75 37
0.13284 75 39
0.13284 76 40
0.13284 75 40
0.13284 74 42
0.13284 75 44
0.21094 0 0
0.22234 64 35
0.22049 66 37
0.21891 67 40
0.21891 66 39
0.23586 64 41
1.92383 58 45
0.97203 73 44
0.33175 71 42
2.57959 76 45
0.65576 59 39
0.28711 76 44
0.22850 76 42
0.71271 71 44
0.22331 78 45
0.22023 79 48
0.22341 78 46
1.46843 64 37
0.25823 76 45
1.55137 61 37
0.24044 91 38
0.24655 88 37
0.25313 85 36
0.28023 82 32
0.29760 79 29
0.31728 76 26
2.30801 70 39
0.00155 0 0
1.48656 62 36
0.00149 62 42
1.48656 66 36
1.43147 67 42
1.81178 72 52
1.81178 62 52
0.61773 71 49
0.61773 62 49
0.77480 69 52
0.11780 71 42
0.11778 69 42
0.12016 67 42
0.12323 69 42
1.25376 64 52
0.92784 71 49
0.31609 67 42
1.24392 64 49
1.26436 71 32
1.26375 69 29
2.52811 62 32
1.23546 68 39
1.23546 65 39
1.30705 64 44
1.30705 69 44
1.40790 74 55
1.40790 65 55
1.30705 72 57
1.43310 64 43
0.61125 0 0
1.41978 71 29
1.41978 65 24
1.41978 62 24
0.14198 0 0
0.17747 68 26
0.17747 59 22
0.17747 64 22
1.30435 68 26
1.30435 59 22
0.65217 69 24
0.65217 60 20
1.95652 64 22
1.26342 0 0
1.43541 60 20
1.43541 63 20
1.43541 69 24
0.14354 0 0
0.20284 57 18
0.20284 62 18
0.20284 66 22
1.35624 57 18
1.35624 66 22
0.67812 67 19
0.67812 55 16
2.03436 62 18
1.35624 0 0
2.11889 64 20
2.11889 55 16
2.11889 60 16
0.70630 0 0
2.88000 54 14
2.88000 57 15
2.88000 62 19
3.84000 62 19
3.84000 55 14
#  Piano left
0.00126 0 0
1.20790 57 35
1.20790 48 35
1.25839 47 36
1.25839 55 36
1.81178 45 42
1.81178 54 42
0.61773 47 30
0.61773 55 30
1.26051 48 31
1.26051 55 31
1.24392 55 24
1.24392 49 24
1.26436 55 27
1.26375 54 24
2.52811 50 27
1.23546 50 35
1.23546 59 35
1.30705 48 38
1.30705 57 38
0.82398 56 42
0.12784 57 40
0.13376 56 40
0.14487 55 40
0.16418 56 40
1.39463 47 42
1.30705 48 44
0.60661 0 0
1.40911 50 31
0.14091 0 0
0.17614 52 29
1.29450 52 29
0.64725 45 28
1.25117 0 0
0.30266 57 29
0.33157 50 29
1.23815 48 32
0.60938 0 0
0.30576 55 29
0.37369 50 29
1.28884 47 33
1.11999 0 0
2.03749 48 20
2.44499 54 24
3.15748 45 36
0.60393 0 0
0.30266 54 28
0.35980 48 28
1.26638 45 31
0.61540 0 0
0.31351 52 28
0.38650 47 28
1.31541 43 32
1.23852 0 0
1.41911 45 19
1.89215 51 22
2.65763 42 32
10.52641 0 0
1.48656 57 36
1.48656 48 36
1.43147 55 36
1.43147 47 36
1.81178 54 48
1.81178 45 48
0.61773 47 39
0.61773 55 39
1.25376 48 40
1.25376 55 40
1.24392 49 31
1.24392 55 31
1.26436 55 23
1.26375 54 21
2.52811 50 23
1.23546 50 31
1.23546 59 31
1.30705 57 35
1.30705 48 35
0.82594 56 40
0.12931 57 39
0.13133 56 40
0.14387 55 42
0.17745 56 42
1.40790 47 40
1.30705 48 45
0.61125 0 0
1.41978 50 22
0.14198 0 0
0.17747 52 20
1.30435 52 20
0.65217 45 18
1.26342 0 0
1.43541 48 19
0.14354 0 0
0.20284 50 17
1.35624 50 17
0.67812 47 16
1.35624 0 0
2.11889 48 16
0.70630 0 0
2.88000 48 14
2.88000 38 14
3.84000 31 12
3.84000 47 12
