"scn15_6"

#  Piano right
0.83414 0 0
0.48571 76 90
0.48571 81 100
0.48571 73 90
0.36428 76 90
0.36428 80 100
0.36428 71 90
0.12143 78 90
0.12143 75 81
0.12143 69 81
0.46547 68 84
0.46547 73 84
0.46547 76 94
0.02024 0 0
0.46547 78 88
0.46547 73 79
0.46547 69 79
0.02024 0 0
0.45963 71 80
0.45963 66 80
0.45963 75 89
0.01998 0 0
0.35584 76 91
0.35584 71 81
0.35584 68 81
0.11604 0 0
0.11794 66 91
0.11794 0 0
0.12351 64 91
0.48290 71 81
0.48290 74 91
0.35822 69 82
0.35822 73 92
0.35822 64 82
0.11941 71 87
0.11941 68 78
0.11941 62 78
0.45773 61 78
0.45773 66 78
0.45773 69 87
0.01990 0 0
0.46547 71 90
0.46547 66 81
0.46547 62 81
0.02024 0 0
0.46159 64 78
0.46159 59 78
0.46159 68 87
0.02007 0 0
0.36124 69 87
0.36124 64 78
0.36124 61 78
0.12041 0 0
0.47763 69 85
0.47763 61 76
0.47763 64 76
0.35822 68 85
0.35822 64 85
0.35822 59 76
0.11941 66 76
0.11941 57 68
0.11941 63 76
0.46547 61 71
0.46547 64 79
0.46547 56 71
0.02024 0 0
0.46547 66 74
0.46547 57 66
0.46547 61 66
0.02024 0 0
0.45963 59 67
0.45963 63 75
0.45963 54 67
0.01998 0 0
0.35584 64 77
0.35584 59 69
0.35584 56 69
0.11604 0 0
0.11794 54 74
0.11794 0 0
0.12351 52 74
0.48290 59 66
0.48290 62 74
0.35822 61 76
0.35822 57 76
0.35822 52 68
0.11941 59 67
0.11941 50 60
0.11941 56 60
0.45773 54 60
0.45773 57 67
0.45773 49 60
0.01990 0 0
0.45773 59 71
0.45773 50 63
0.45773 54 63
0.01990 0 0
0.46547 52 60
0.46547 56 67
0.46547 47 60
0.02024 0 0
0.36428 57 63
0.36428 52 56
0.36428 49 56
0.12143 0 0
0.45579 69 74
0.45579 57 66
0.45579 61 66
0.45579 64 66
0.94747 69 80
0.94747 57 72
0.94747 62 72
0.94747 66 72
0.46645 69 72
0.46645 57 64
0.46645 62 64
0.46645 66 64
0.93977 67 71
0.93977 71 79
0.93977 62 71
0.93977 64 71
0.46827 71 72
0.46827 62 64
0.46827 64 64
0.46827 67 64
0.22876 64 62
0.22876 55 55
0.22876 57 55
0.22876 61 55
0.22876 0 0
0.23693 64 62
0.23693 55 55
0.23693 57 55
0.23693 61 55
0.23693 0 0
0.23232 64 62
0.23232 55 55
0.23232 57 55
0.23232 61 55
0.23232 0 0
1.40710 69 72
1.40710 62 64
1.40710 60 64
0.22815 62 59
0.22815 60 53
0.22815 55 53
0.22861 0 0
0.22861 62 62
0.22861 60 55
0.22861 55 55
0.22861 0 0
0.22861 62 65
0.22861 60 58
0.22861 55 58
0.22861 0 0
0.45721 62 71
0.45721 59 63
0.45721 55 63
0.23406 67 80
0.23406 62 72
0.23406 55 72
0.23406 0 0
0.23406 66 74
0.23406 62 66
0.23406 57 66
0.23406 0 0
0.23687 64 73
0.23687 62 65
0.23687 59 65
0.11844 0 0
0.11386 66 76
0.11386 62 68
0.11386 59 68
0.23132 67 89
0.23132 62 80
0.23132 59 80
0.23132 0 0
0.51282 64 68
0.51282 55 61
0.51282 57 61
0.51282 61 61
0.47059 62 78
0.47059 57 70
0.47059 54 70
0.47059 0 0
0.45579 69 74
0.45579 57 66
0.45579 61 66
0.45579 64 66
0.94747 69 80
0.94747 57 72
0.94747 62 72
0.94747 66 72
0.46645 69 72
0.46645 57 64
0.46645 62 64
0.46645 66 64
0.93977 67 71
0.93977 71 79
0.93977 62 71
0.93977 64 71
0.46827 71 72
0.46827 62 64
0.46827 64 64
0.46827 67 64
0.22876 64 61
0.22876 55 54
0.22876 57 54
0.22876 61 54
0.22876 0 0
0.23693 64 61
0.23693 55 54
0.23693 57 54
0.23693 61 54
0.23693 0 0
0.23232 64 61
0.23232 55 54
0.23232 57 54
0.23232 61 54
0.23232 0 0
1.40710 69 72
1.40710 62 64
1.40710 60 64
0.22815 62 59
0.22815 60 53
0.22815 55 53
0.22861 0 0
0.22861 62 62
0.22861 60 55
0.22861 55 55
0.22861 0 0
0.22861 62 65
0.22861 60 58
0.22861 55 58
0.22861 0 0
0.45721 62 71
0.45721 59 63
0.45721 55 63
0.23406 67 80
0.23406 62 72
0.23406 55 72
0.23406 0 0
0.23406 66 74
0.23406 62 66
0.23406 57 66
0.23406 0 0
0.23687 64 73
0.23687 62 65
0.23687 59 65
0.11844 0 0
0.11386 66 76
0.11386 62 68
0.11386 59 68
0.23132 67 89
0.23132 62 80
0.23132 59 80
0.23132 0 0
0.51282 64 68
0.51282 55 61
0.51282 57 61
0.51282 61 61
0.51282 62 78
0.51282 57 70
0.51282 54 70
0.51282 0 0
0.48670 76 81
0.48670 73 81
0.48670 81 90
0.36502 80 90
0.36502 76 81
0.36502 71 81
0.12167 78 81
0.12167 75 72
0.12167 69 72
0.46642 76 84
0.46642 73 75
0.46642 68 75
0.02028 0 0
0.46642 78 79
0.46642 73 71
0.46642 69 71
0.02028 0 0
0.46059 75 80
0.46059 71 72
0.46059 66 72
0.02003 0 0
0.35659 76 81
0.35659 71 72
0.35659 68 72
0.11628 0 0
0.11818 66 81
0.11818 0 0
0.12376 64 81
0.48389 74 81
0.48389 71 72
0.35894 73 82
0.35894 69 73
0.35894 64 73
0.11965 71 78
0.11965 68 70
0.11965 62 70
0.45864 69 78
0.45864 66 70
0.45864 61 70
0.01994 0 0
0.46642 71 81
0.46642 66 72
0.46642 62 72
0.02028 0 0
0.46252 68 78
0.46252 64 70
0.46252 59 70
0.02011 0 0
0.36197 69 78
0.36197 64 70
0.36197 61 70
0.12066 0 0
0.47858 64 68
0.47858 61 68
0.47858 69 76
0.35894 68 76
0.35894 64 68
0.35894 59 68
0.11965 66 68
0.11965 63 61
0.11965 57 61
0.46642 64 71
0.46642 61 63
0.46642 56 63
0.02028 0 0
0.46642 66 66
0.46642 61 59
0.46642 57 59
0.02028 0 0
0.46839 63 67
0.46839 59 60
0.46839 54 60
0.02036 0 0
0.35727 64 69
0.35727 59 62
0.35727 56 62
0.11687 0 0
0.11924 54 59
0.11924 0 0
0.12766 52 59
0.49379 62 59
0.49379 59 53
0.37190 61 61
0.37190 57 54
0.37190 52 54
0.12397 59 50
0.12397 56 45
0.12397 50 45
0.54245 57 54
0.54245 54 48
0.54245 49 48
0.02358 0 0
0.60209 59 55
0.60209 54 49
0.60209 50 49
0.02618 0 0
0.78231 56 47
0.78231 52 42
0.78231 47 42
0.03401 0 0
0.78691 57 43
0.78691 52 38
0.78691 49 38
#  Piano left
0.83414 0 0
0.12143 45 69
0.12143 57 77
0.12143 0 0
0.12143 49 69
0.12143 61 77
0.12143 0 0
0.36428 52 72
0.36428 64 81
0.12143 48 61
0.12143 60 68
0.46547 61 73
0.46547 49 65
0.02024 0 0
0.46547 57 71
0.46547 45 63
0.02024 0 0
0.45963 47 63
0.45963 59 70
0.01998 0 0
0.35584 40 61
0.35584 52 68
0.11604 0 0
0.11794 42 62
0.11794 54 69
0.11794 0 0
0.12351 44 62
0.12351 56 69
0.12351 0 0
0.35822 45 65
0.35822 57 73
0.11941 41 58
0.11941 53 65
0.45773 54 65
0.45773 42 58
0.01990 0 0
0.46547 50 68
0.46547 38 61
0.02024 0 0
0.46159 40 57
0.46159 52 64
0.02007 0 0
0.36124 33 57
0.36124 45 64
0.12041 0 0
0.11941 33 58
0.11941 45 65
0.11941 0 0
0.11941 49 65
0.11941 37 58
0.11941 0 0
0.35822 52 68
0.35822 40 61
0.11941 48 57
0.11941 36 51
0.46547 49 62
0.46547 37 55
0.02024 0 0
0.46547 45 60
0.46547 33 54
0.02024 0 0
0.45963 47 59
0.45963 35 53
0.01998 0 0
0.35584 40 57
0.35584 28 51
0.11604 0 0
0.11794 30 48
0.11794 42 54
0.11794 0 0
0.12351 44 54
0.12351 32 48
0.12351 0 0
0.35822 45 57
0.35822 33 57
0.11941 41 48
0.11941 29 43
0.45773 42 48
0.45773 30 43
0.01990 0 0
0.45773 38 49
0.45773 26 44
0.01990 0 0
0.46547 40 46
0.46547 28 41
0.02024 0 0
0.36428 40 41
0.36428 33 36
0.12143 0 0
0.11395 45 75
0.11395 33 67
0.11395 0 0
0.11395 49 75
0.11395 0 0
0.11395 50 91
0.11395 38 81
0.11395 0 0
0.11754 45 81
0.11754 33 72
0.11754 0 0
0.11989 43 81
0.11989 31 72
0.11989 0 0
0.12236 42 81
0.12236 30 72
0.12236 0 0
0.46645 42 87
0.46645 30 78
0.11395 50 90
0.11395 38 81
0.11395 0 0
0.11661 47 78
0.11661 35 70
0.11661 0 0
0.11846 45 77
0.11846 33 69
0.11846 0 0
0.12086 43 77
0.12086 31 69
0.12086 0 0
0.46827 43 86
0.46827 31 77
0.11438 45 87
0.11438 33 78
0.11438 0 0
0.11438 40 77
0.11438 28 69
0.11438 0 0
0.11846 38 77
0.11846 26 69
0.11846 0 0
0.11846 37 77
0.11846 25 69
0.11846 0 0
0.46465 37 84
0.46465 25 75
0.11395 50 90
0.11395 38 81
0.11395 0 0
0.11571 45 79
0.11571 33 71
0.11571 0 0
0.11754 43 79
0.11754 31 71
0.11754 0 0
0.11754 42 79
0.11754 30 71
0.11754 0 0
0.47763 42 85
0.47763 30 76
0.11384 43 72
0.11384 31 64
0.11430 0 0
0.11430 45 74
0.11430 33 66
0.11430 0 0
0.11430 47 77
0.11430 35 69
0.11430 0 0
0.11430 48 79
0.11430 36 71
0.11430 0 0
0.11430 50 81
0.11430 38 72
0.11430 0 0
0.11430 52 83
0.11430 40 74
0.11430 0 0
0.45721 50 86
0.45721 38 77
0.23406 47 83
0.23406 35 74
0.23406 0 0
0.23406 45 73
0.23406 33 65
0.23406 0 0
0.23687 43 74
0.23687 31 66
0.11844 0 0
0.11386 42 76
0.11386 30 68
0.23132 40 88
0.23132 28 79
0.23132 0 0
0.51282 45 70
0.51282 33 63
0.47059 50 78
0.47059 38 70
0.47059 0 0
0.11395 45 75
0.11395 33 67
0.11395 0 0
0.11395 49 75
0.11395 0 0
0.11395 50 91
0.11395 38 81
0.11395 0 0
0.11754 45 81
0.11754 33 72
0.11754 0 0
0.11989 43 81
0.11989 31 72
0.11989 0 0
0.12236 42 81
0.12236 30 72
0.12236 0 0
0.46645 42 87
0.46645 30 78
0.11395 50 90
0.11395 38 81
0.11395 0 0
0.11661 47 78
0.11661 35 70
0.11661 0 0
0.11846 45 77
0.11846 33 69
0.11846 0 0
0.12086 43 77
0.12086 31 69
0.12086 0 0
0.46827 43 86
0.46827 31 77
0.11438 45 87
0.11438 33 78
0.11438 0 0
0.11438 40 77
0.11438 28 69
0.11438 0 0
0.11846 38 77
0.11846 26 69
0.11846 0 0
0.11846 37 77
0.11846 25 69
0.11846 0 0
0.46465 37 84
0.46465 25 75
0.11395 50 90
0.11395 38 81
0.11395 0 0
0.11571 45 79
0.11571 33 71
0.11571 0 0
0.11754 43 79
0.11754 31 71
0.11754 0 0
0.11754 42 79
0.11754 30 71
0.11754 0 0
0.47763 42 85
0.47763 30 76
0.11384 43 72
0.11384 31 64
0.11430 0 0
0.11430 45 74
0.11430 33 66
0.11430 0 0
0.11430 47 77
0.11430 35 69
0.11430 0 0
0.11430 48 79
0.11430 36 71
0.11430 0 0
0.11430 50 81
0.11430 38 72
0.11430 0 0
0.11430 52 83
0.11430 40 74
0.11430 0 0
0.45721 50 86
0.45721 38 77
0.23406 47 83
0.23406 35 74
0.23406 0 0
0.23406 45 73
0.23406 33 65
0.23406 0 0
0.23687 43 74
0.23687 31 66
0.11844 0 0
0.11386 42 76
0.11386 30 68
0.23132 40 88
0.23132 28 79
0.23132 0 0
0.51282 45 70
0.51282 33 63
0.51282 50 78
0.51282 38 70
0.51282 0 0
0.12167 57 69
0.12167 45 62
0.12167 0 0
0.12167 61 69
0.12167 49 62
0.12167 0 0
0.36502 64 72
0.36502 52 64
0.12167 60 61
0.12167 48 54
0.46642 61 65
0.46642 49 58
0.02028 0 0
0.46642 57 63
0.46642 45 56
0.02028 0 0
0.46059 59 63
0.46059 47 56
0.02003 0 0
0.35659 52 61
0.35659 40 54
0.11628 0 0
0.11818 54 62
0.11818 42 55
0.11818 0 0
0.12376 56 62
0.12376 44 55
0.12376 0 0
0.35894 57 65
0.35894 45 58
0.11965 53 58
0.11965 41 52
0.45864 54 58
0.45864 42 52
0.01994 0 0
0.46642 50 61
0.46642 38 54
0.02028 0 0
0.46252 52 57
0.46252 40 51
0.02011 0 0
0.36197 45 57
0.36197 33 51
0.12066 0 0
0.11965 45 58
0.11965 33 52
0.11965 0 0
0.11965 49 58
0.11965 37 52
0.11965 0 0
0.35894 52 61
0.35894 40 54
0.11965 48 51
0.11965 36 45
0.46642 49 55
0.46642 37 49
0.02028 0 0
0.46642 45 54
0.46642 33 48
0.02028 0 0
0.46839 47 53
0.46839 35 47
0.02036 0 0
0.35727 40 51
0.35727 28 45
0.11687 0 0
0.11924 42 43
0.11924 30 38
0.11924 0 0
0.12766 44 43
0.12766 32 38
0.12766 0 0
0.37190 45 45
0.37190 33 40
0.12397 41 34
0.12397 29 30
0.54245 42 39
0.54245 30 35
0.02358 0 0
0.60209 38 37
0.60209 26 33
0.02618 0 0
0.78231 40 33
0.78231 28 29
0.03401 0 0
0.78691 40 30
0.78691 33 27
