"scn15_11"

#  Piano right
0.30769 0 0
0.30769 67 35
0.30769 64 35
0.61538 71 49
0.30000 66 29
0.30000 63 29
0.45000 71 49
0.15000 71 40
0.30000 65 34
0.30000 62 35
0.30000 71 49
0.30612 70 46
0.29126 76 48
0.89738 64 33
0.89738 61 33
0.29557 75 47
0.29557 63 33
0.29557 60 33
0.30000 74 49
0.59557 69 33
0.31579 67 42
0.30179 66 34
0.45470 72 47
0.15430 71 45
0.30720 67 39
0.62176 71 46
0.62176 67 46
0.62176 66 45
0.62176 69 45
0.30612 0 0
0.30612 74 46
0.30612 71 46
0.30612 79 46
0.30151 74 48
0.30151 69 48
0.30151 78 48
0.30151 73 50
0.30151 67 50
0.30151 76 50
1.49084 69 56
1.49084 66 56
1.49084 74 56
0.30928 74 45
0.30928 67 45
0.31414 66 42
0.47120 72 42
0.16484 71 41
0.32190 67 41
0.67173 71 44
0.67173 67 44
0.70430 66 40
0.70430 69 40
0.30769 0 0
0.30769 67 35
0.30769 64 35
0.61538 71 49
0.30000 66 29
0.30000 63 29
0.45000 71 49
0.15000 71 40
0.30000 65 34
0.30000 62 35
0.30000 71 49
0.30612 70 46
0.29126 76 48
0.89738 64 33
0.89738 61 33
0.29557 75 47
0.29557 60 33
0.29557 63 33
0.30000 74 49
0.59557 69 33
0.31579 67 42
0.30179 66 34
0.45470 72 47
0.15430 71 45
0.30720 67 39
0.62176 71 46
0.62176 67 46
0.62176 69 45
0.62176 66 45
0.30457 0 0
0.30457 79 46
0.30457 74 46
0.30457 71 46
0.30151 78 48
0.30151 74 48
0.30151 69 48
0.30151 76 50
0.30151 73 50
0.30151 67 50
1.49217 74 56
1.49217 69 56
1.49217 66 56
0.31414 74 45
0.31414 67 45
0.32258 66 42
0.48387 72 42
0.17341 71 41
0.33470 67 41
0.70547 71 44
0.70547 67 44
0.74554 69 40
0.74554 66 40
0.12870 0 0
0.12870 67 26
0.12870 64 26
0.12870 59 26
0.12527 0 0
0.12527 67 28
0.12527 64 28
0.12527 59 28
0.12527 0 0
0.12527 60 31
0.12527 64 31
0.12527 66 31
0.13050 0 0
0.13050 60 26
0.13050 64 26
0.13050 66 26
0.12812 0 0
0.12812 66 26
0.12812 63 26
0.12812 59 26
0.13110 0 0
0.13110 66 27
0.13110 63 27
0.13110 59 27
0.13110 0 0
0.13110 67 31
0.13110 64 31
0.13110 59 31
0.13617 0 0
0.13617 62 39
0.13617 59 39
0.13617 55 39
0.12812 0 0
0.12812 64 30
0.12812 60 30
0.12812 55 30
0.12308 0 0
0.12308 64 31
0.12308 60 31
0.12308 55 31
0.12308 0 0
0.12308 62 32
0.12308 60 32
0.12308 57 32
0.13050 0 0
0.13050 62 28
0.13050 60 28
0.13050 57 28
0.12812 0 0
0.12812 62 31
0.12812 59 31
0.12812 55 31
0.12988 0 0
0.12988 62 32
0.12988 59 32
0.12988 55 32
0.13617 0 0
0.40850 64 41
0.40850 60 41
0.40850 55 41
0.12870 0 0
0.12870 67 29
0.12870 64 29
0.12870 59 29
0.12527 0 0
0.12527 67 33
0.12527 64 33
0.12527 59 33
0.12527 0 0
0.12527 60 36
0.12527 64 36
0.12527 66 36
0.13050 0 0
0.13050 60 28
0.13050 64 28
0.13050 66 28
0.12812 0 0
0.12812 66 28
0.12812 63 28
0.12812 59 28
0.13110 0 0
0.13110 66 29
0.13110 63 29
0.13110 59 29
0.13110 0 0
0.13110 67 34
0.13110 64 34
0.13110 59 34
0.13617 0 0
0.13617 62 42
0.13617 59 42
0.13617 55 42
0.12812 0 0
0.12812 64 32
0.12812 60 32
0.12812 55 32
0.12308 0 0
0.12308 64 34
0.12308 60 34
0.12308 55 34
0.12308 0 0
0.12308 62 36
0.12308 60 36
0.12308 57 36
0.13297 0 0
0.13297 62 31
0.13297 60 31
0.13297 57 31
0.12929 0 0
0.12929 62 35
0.12929 59 35
0.12929 55 35
0.13233 0 0
0.13233 62 39
0.13233 59 39
0.13233 55 39
0.14236 0 0
0.48981 64 49
0.48981 60 49
0.48981 55 49
0.35733 0 0
0.30769 67 35
0.30769 64 35
0.61538 71 49
0.30000 66 29
0.30000 63 29
0.45000 71 49
0.15000 71 40
0.30000 65 34
0.30000 62 35
0.30000 71 49
0.30612 0 0
0.29126 76 48
0.89738 61 33
0.89738 64 33
0.59738 70 46
0.29703 75 47
0.29703 60 33
0.29703 63 33
0.30000 74 49
0.59703 69 33
0.31579 67 42
0.30179 66 34
0.45470 72 47
0.15430 71 45
0.30720 67 39
0.62176 71 46
0.62176 67 46
0.62176 69 45
0.62176 66 45
0.31088 0 0
0.31088 79 46
0.31088 74 46
0.31088 71 46
0.30151 78 48
0.30151 74 48
0.30151 69 48
0.30151 76 50
0.30151 73 50
0.30151 67 50
1.48939 74 56
1.48939 69 56
1.48939 66 56
0.30928 74 45
0.30928 67 45
0.31414 66 42
0.47120 72 42
0.16484 71 41
0.32190 67 41
0.67173 71 44
0.67173 67 44
0.70430 69 40
0.70430 66 40
0.13812 71 59
0.13620 72 53
0.13620 69 53
0.13620 71 53
0.54673 67 59
0.07309 67 59
0.21926 0 0
0.07159 76 64
0.07159 68 64
0.07159 71 64
0.49539 0 0
0.07015 72 62
0.07015 69 62
0.07015 76 62
0.48554 0 0
0.10315 72 62
0.10315 74 62
0.10315 69 62
0.17192 0 0
0.13620 71 59
0.13620 72 53
0.13620 69 53
0.13620 71 53
0.54481 67 59
0.14617 67 59
0.14617 0 0
0.21587 70 63
0.21587 78 63
0.21587 73 63
0.35978 0 0
0.23220 74 62
0.23220 71 62
0.23220 78 62
0.07740 0 0
0.32884 78 63
0.32884 69 63
0.32884 74 63
0.27115 79 59
0.27115 71 59
0.27115 74 59
0.09038 0 0
0.58252 79 70
0.58252 78 66
0.58823 75 59
0.61856 76 48
0.58537 74 50
0.58537 72 45
0.63158 70 42
0.69700 71 38
0.31915 0 0
0.31915 64 35
0.31915 67 35
0.63830 71 49
0.30457 63 29
0.30457 66 29
0.45685 71 49
0.15228 71 40
0.30457 62 35
0.30457 65 34
0.30457 71 49
0.30612 70 46
0.29126 76 48
0.90195 64 33
0.90195 61 33
0.29557 60 33
0.29557 75 47
0.29557 63 33
0.30000 74 49
0.59557 69 33
0.31579 67 42
0.30179 66 34
0.45470 72 47
0.15430 71 45
0.30720 67 39
0.62176 71 46
0.62176 67 46
0.62176 69 45
0.62176 66 45
0.30612 0 0
0.30612 74 46
0.30612 71 46
0.30612 79 46
0.30151 69 48
0.30151 78 48
0.30151 74 48
0.30151 76 50
0.30151 73 50
0.30151 67 50
1.49644 66 56
1.49644 74 56
1.49644 69 56
0.30928 67 45
0.30928 74 45
0.31414 66 42
0.47120 72 42
0.16484 71 41
0.32190 67 41
0.67173 67 44
0.67173 71 44
0.70430 66 40
0.70430 69 40
0.12899 0 0
0.12899 59 26
0.12899 64 26
0.12899 67 26
0.12555 0 0
0.12555 64 28
0.12555 67 28
0.12555 59 28
0.12555 0 0
0.12555 64 31
0.12555 66 31
0.12555 60 31
0.13079 0 0
0.13079 60 26
0.13079 64 26
0.13079 66 26
0.12839 0 0
0.12839 59 26
0.12839 63 26
0.12839 66 26
0.13141 0 0
0.13141 59 27
0.13141 63 27
0.13141 66 27
0.13141 0 0
0.13141 67 31
0.13141 64 31
0.13141 59 31
0.13645 0 0
0.13645 59 39
0.13645 55 39
0.13645 62 39
0.12839 0 0
0.12839 60 30
0.12839 64 30
0.12839 55 30
0.12336 0 0
0.12336 64 31
0.12336 60 31
0.12336 55 31
0.12336 0 0
0.12336 62 32
0.12336 60 32
0.12336 57 32
0.13079 0 0
0.13079 60 28
0.13079 62 28
0.13079 57 28
0.12839 0 0
0.12839 59 31
0.12839 55 31
0.12839 62 31
0.13017 0 0
0.13017 62 32
0.13017 55 32
0.13017 59 32
0.13645 0 0
0.40935 60 41
0.40935 55 41
0.40935 64 41
0.12899 0 0
0.12899 64 31
0.12899 67 31
0.12899 59 31
0.12555 0 0
0.12555 67 33
0.12555 59 33
0.12555 64 33
0.12555 0 0
0.12555 64 37
0.12555 66 37
0.12555 60 37
0.13079 0 0
0.13079 60 28
0.13079 66 28
0.13079 64 28
0.12839 0 0
0.12839 66 28
0.12839 63 28
0.12839 59 28
0.13141 0 0
0.13141 63 29
0.13141 66 29
0.13141 59 29
0.13141 0 0
0.13141 67 34
0.13141 59 34
0.13141 64 34
0.13645 0 0
0.13645 59 42
0.13645 62 42
0.13645 55 42
0.12839 0 0
0.12839 60 35
0.12839 55 35
0.12839 64 35
0.12336 0 0
0.12336 64 35
0.12336 55 35
0.12336 60 35
0.12336 0 0
0.12336 62 37
0.12336 60 37
0.12336 57 37
0.13325 0 0
0.13325 62 31
0.13325 60 31
0.13325 57 31
0.12959 0 0
0.12959 59 35
0.12959 55 35
0.12959 62 35
0.13263 0 0
0.13263 62 39
0.13263 55 39
0.13263 59 39
0.14268 0 0
0.49087 55 49
0.49087 64 49
0.49087 60 49
0.35743 0 0
0.30769 64 35
0.30769 67 35
0.61539 71 49
0.30000 63 29
0.30000 66 29
0.45000 71 49
0.15000 71 40
0.30000 62 35
0.30000 65 34
0.30000 71 49
0.30612 0 0
0.29126 76 48
0.89738 61 33
0.89738 64 33
0.59738 70 46
0.29557 60 33
0.29557 63 33
0.29557 75 47
0.30000 74 49
0.59557 69 33
0.31579 67 42
0.30179 66 34
0.45470 72 47
0.15430 71 45
0.30720 67 39
0.62176 71 46
0.62176 67 46
0.62176 69 45
0.62176 66 45
0.30457 0 0
0.30457 74 46
0.30457 71 46
0.30457 79 46
0.30151 78 48
0.30151 74 48
0.30151 69 48
0.30151 76 50
0.30151 73 50
0.30151 67 50
1.52445 66 56
1.52445 74 56
1.52445 69 56
0.32432 74 45
0.34091 72 42
0.66523 67 45
0.17045 0 0
0.18072 66 37
0.18072 60 37
0.80000 66 41
0.80000 60 41
0.80000 59 36
0.80000 67 36
#  Piano left
2.40834 0 0
0.61579 62 41
0.61579 59 41
0.45470 57 39
0.45470 62 39
0.15430 55 34
0.15430 62 34
0.31088 55 38
0.31088 59 39
0.62176 62 38
0.62176 62 40
0.61224 62 61
0.45226 62 60
0.15075 62 56
1.52614 50 38
0.30000 62 60
0.30769 60 56
0.28708 64 58
0.29557 62 55
0.30050 60 57
0.30928 62 51
0.30928 59 51
0.47120 62 55
0.47120 57 55
0.16484 62 45
0.16484 55 45
0.35088 55 50
0.32086 59 35
0.67173 62 50
0.34286 0 0
0.36145 50 33
0.70430 62 38
2.40834 0 0
0.61579 59 41
0.61579 62 41
0.45470 62 39
0.45470 57 39
0.15430 62 34
0.15430 55 34
0.31088 55 38
0.31088 59 39
0.62176 62 38
0.62176 62 40
0.60914 62 61
0.45226 62 60
0.15075 62 56
1.52303 50 38
0.30000 62 60
0.30769 60 56
0.28985 64 58
0.29412 62 55
0.30050 60 57
0.31414 62 51
0.31414 59 51
0.48387 62 55
0.48387 57 55
0.17341 62 45
0.17341 55 45
0.38462 55 50
0.32086 59 35
0.70547 62 50
0.34286 0 0
0.40268 50 33
0.74554 62 38
0.25740 52 35
0.12527 54 32
0.12527 55 32
0.12527 57 35
0.12527 0 0
0.13050 45 32
0.13050 0 0
0.12812 47 35
0.12812 0 0
0.13110 35 32
0.13110 0 0
0.13110 40 41
0.13110 0 0
0.13617 43 49
0.13617 0 0
0.25624 48 46
0.12308 50 41
0.12308 52 41
0.12308 53 45
0.12308 0 0
0.13050 41 40
0.13050 0 0
0.12812 43 44
0.12812 0 0
0.12988 31 40
0.12988 0 0
0.27233 36 48
0.27233 35 52
0.25740 52 44
0.12527 54 41
0.12527 55 46
0.12527 57 51
0.12527 0 0
0.13050 45 41
0.13050 0 0
0.12812 47 49
0.12812 0 0
0.13110 35 40
0.13110 0 0
0.13110 40 48
0.13110 0 0
0.13617 43 53
0.13617 0 0
0.25624 48 53
0.12308 50 47
0.12308 52 50
0.12308 53 52
0.12308 0 0
0.13297 41 52
0.13297 0 0
0.12929 43 55
0.12929 0 0
0.13233 31 50
0.13233 0 0
0.28471 36 53
0.34745 35 62
2.45943 0 0
0.61579 59 41
0.61579 62 41
0.45470 62 39
0.45470 57 39
0.15430 62 34
0.15430 55 34
0.31088 55 38
0.31088 59 39
0.62176 62 38
0.62176 62 40
0.62176 62 61
0.45226 62 60
0.15075 62 56
1.53566 50 38
0.30000 62 60
0.30769 60 56
0.28708 64 58
0.29412 62 55
0.30050 60 57
0.30928 62 51
0.30928 59 51
0.47120 62 55
0.47120 57 55
0.16484 62 45
0.16484 55 45
0.35088 55 50
0.32086 59 35
0.67173 62 50
0.34286 0 0
0.36145 50 33
0.70430 62 38
0.13812 62 59
0.13620 64 53
0.13620 60 53
0.13620 62 53
0.07309 59 59
0.83907 55 59
0.07159 64 64
0.07159 52 64
0.21478 0 0
0.28061 45 59
0.07015 52 62
0.07015 64 62
0.21046 0 0
0.27508 50 59
0.10315 50 62
0.10315 54 62
0.10315 62 62
0.17192 0 0
0.13620 62 59
0.13620 64 52
0.13620 60 52
0.13620 62 52
0.14617 59 59
0.69098 55 59
0.14617 0 0
0.21587 54 66
0.21587 66 66
0.07196 0 0
0.28783 47 59
0.23220 54 62
0.23220 66 62
0.07740 0 0
0.32884 62 62
0.32884 50 62
0.27115 55 59
0.27115 62 59
0.09038 0 0
0.29126 52 46
0.29126 59 37
0.29126 64 37
0.29126 67 37
0.29126 45 46
0.29126 57 37
0.29126 60 37
0.29126 66 37
0.29412 47 40
0.29412 57 31
0.29412 54 31
0.29412 63 31
0.30928 48 36
0.30928 52 28
0.30928 55 28
0.30928 64 28
0.29268 50 38
0.29268 62 27
0.29268 54 27
0.29268 52 37
0.29268 55 27
0.29268 60 27
0.31579 54 34
0.31579 61 26
0.31579 64 26
0.32432 0 0
0.37267 63 27
0.37267 66 27
1.94443 59 29
1.19752 0 0
0.61579 59 41
0.61579 62 41
0.45470 62 39
0.45470 57 39
0.15430 62 34
0.15430 55 34
0.31088 55 38
0.31088 59 39
0.62176 62 38
0.62176 62 40
0.61225 62 61
0.45226 62 60
0.15075 62 56
1.52614 50 38
0.30000 62 60
0.30769 60 56
0.29268 64 58
0.29557 62 55
0.30050 60 57
0.30928 62 51
0.30928 59 51
0.47120 62 55
0.47120 57 55
0.16484 62 45
0.16484 55 45
0.35088 55 50
0.32086 59 35
0.67173 62 50
0.34286 0 0
0.36145 50 33
0.70430 62 38
0.25798 52 35
0.12555 54 32
0.12555 55 32
0.12555 57 35
0.12555 0 0
0.13079 45 32
0.13079 0 0
0.12839 47 35
0.12839 0 0
0.13141 35 32
0.13141 0 0
0.13141 40 41
0.13141 0 0
0.13645 43 49
0.13645 0 0
0.25678 48 46
0.12336 50 41
0.12336 52 41
0.12336 53 45
0.12336 0 0
0.13079 41 40
0.13079 0 0
0.12839 43 44
0.12839 0 0
0.13017 31 40
0.13017 0 0
0.27290 36 48
0.27290 35 52
0.25798 52 41
0.12555 54 47
0.12555 55 49
0.12555 57 53
0.12555 0 0
0.13079 45 41
0.13079 0 0
0.12839 47 47
0.12839 0 0
0.13141 35 40
0.13141 0 0
0.13141 40 46
0.13141 0 0
0.13645 43 53
0.13645 0 0
0.25678 48 59
0.12336 50 51
0.12336 52 55
0.12336 53 59
0.12336 0 0
0.13325 41 49
0.13325 0 0
0.12959 43 56
0.12959 0 0
0.13263 31 50
0.13263 0 0
0.28536 36 56
0.34819 35 62
2.45808 0 0
0.61579 59 41
0.61579 62 41
0.45470 62 39
0.45470 57 39
0.15430 62 34
0.15430 55 34
0.31088 55 38
0.31088 59 39
0.62176 62 38
0.62176 62 40
0.60914 62 61
0.45226 62 60
0.15075 62 56
1.52303 50 38
0.30612 62 60
0.31579 60 56
0.30151 64 58
0.29876 62 55
0.30227 60 57
0.32432 62 51
0.32432 59 51
0.34091 64 55
0.34091 57 55
0.17045 0 0
0.18072 57 40
0.18072 50 40
0.80000 57 45
0.80000 43 36
1.60000 50 45
