"scn16_4"

#  Piano right
1.00000 0 0
2.00000 69 53
2.00000 57 38
2.00000 63 38
0.96000 70 54
0.96000 58 38
0.96000 63 38
0.72581 74 63
0.24194 72 57
1.98347 60 43
1.98347 63 43
1.98347 72 60
1.00840 70 56
1.00840 63 47
1.00840 58 39
1.00840 57 40
1.00840 69 57
1.00840 63 40
1.00840 67 54
1.00840 58 38
0.49587 65 60
0.13158 67 50
0.13158 65 45
0.13158 64 50
0.13158 65 52
2.03059 63 45
0.75674 67 59
0.26087 63 52
1.03448 63 58
3.07427 60 51
2.00000 62 50
2.00000 50 35
2.00000 56 35
0.84677 51 23
0.12097 0 0
0.73171 55 46
0.24390 53 37
1.94335 60 41
1.94335 56 23
2.00041 58 43
2.00041 56 36
2.00041 53 30
1.00840 51 29
1.02564 50 35
2.03404 58 42
2.03404 56 29
1.03448 48 43
0.51724 46 47
0.18932 48 41
0.18932 46 34
0.18932 45 42
0.18692 46 46
0.84172 48 50
0.29126 44 44
0.96330 44 44
0.13761 0 0
2.00000 62 38
2.00000 67 38
2.00000 71 53
0.84000 72 59
0.84000 60 41
0.84000 66 49
0.12000 66 37
0.72581 75 74
0.24194 74 59
1.08774 63 37
1.98347 74 63
1.98347 65 45
1.00840 72 56
1.00840 63 47
1.00840 71 57
1.00840 62 48
1.00840 68 54
1.00840 60 45
0.49587 67 60
0.13158 68 50
0.13158 67 45
0.13158 65 50
0.13158 67 52
1.02218 59 51
0.75674 68 57
0.26087 65 52
1.03448 65 58
2.05209 62 51
3.65422 64 66
3.65422 55 39
3.65422 58 43
1.46341 67 54
1.46341 58 41
0.48781 70 45
0.48781 61 38
0.48781 68 45
0.48781 60 38
0.24390 0 0
0.24390 67 45
0.24390 58 38
0.97561 70 45
0.97561 61 38
3.62920 69 45
3.62920 60 38
1.40308 72 57
1.40308 63 38
0.48000 75 45
0.48000 66 38
0.48000 73 54
0.48000 65 38
0.48000 72 54
0.48000 63 38
0.48000 75 54
0.48000 66 38
0.48000 65 38
0.48000 73 54
0.48000 61 38
0.48000 70 54
0.48000 58 38
0.48000 66 54
0.48000 65 38
0.48000 73 54
0.48000 64 38
0.48000 72 54
0.48000 60 38
0.48000 68 54
0.48000 55 38
0.48000 64 54
0.84000 65 54
0.84000 57 38
2.12000 57 32
2.12000 69 47
2.12000 63 34
0.84000 58 38
2.84000 77 58
0.84000 63 38
0.84000 70 54
0.12000 63 36
0.72581 74 69
0.24194 72 61
1.08774 62 34
1.98347 63 43
1.98347 60 43
1.98347 72 60
1.00840 70 56
1.00840 58 39
1.00840 57 40
1.00840 69 57
2.01681 63 39
1.00840 67 54
1.00840 58 38
0.49587 65 60
0.13158 67 50
0.13158 65 45
0.13158 64 50
0.13158 65 52
2.03059 63 45
0.75674 67 59
0.26087 63 52
1.03448 63 58
3.07427 60 51
2.00000 57 35
0.96774 55 54
1.96762 54 58
4.93536 60 42
4.93536 62 50
12.63063 0 0
0.36452 62 34
0.36452 60 41
0.38810 58 34
1.49450 74 57
0.37594 57 39
0.36014 63 35
0.36014 60 43
0.38560 57 36
1.48183 75 57
0.37594 54 46
0.36452 60 37
0.36452 58 41
0.38560 57 34
1.49058 66 57
0.37360 55 46
0.36232 58 34
0.36232 55 39
0.38810 51 34
1.48633 67 57
0.37360 0 0
0.36452 63 36
0.36452 62 42
0.38810 60 39
1.49074 69 57
0.37360 58 39
0.36232 62 33
0.36232 58 43
0.38560 55 36
1.48384 70 57
0.37360 0 0
0.35587 58 37
0.35587 57 44
0.38810 55 36
1.47344 61 57
0.37360 54 42
0.36232 57 28
0.36496 54 32
0.40377 50 30
1.50465 62 52
0.37360 0 0
0.36452 50 32
0.36452 48 34
0.39062 46 30
1.49326 62 50
0.37129 0 0
0.36452 51 31
0.36452 57 36
0.37594 60 40
1.47627 63 50
0.37129 0 0
0.36452 53 36
0.36452 51 45
0.38560 50 37
1.48593 65 54
0.37129 0 0
0.35842 55 40
0.35842 60 47
0.37831 63 40
1.46644 67 57
0.37129 0 0
0.35629 60 45
0.35629 58 50
1.47197 69 60
0.37360 0 0
0.35629 58 39
1.11799 57 43
0.35629 63 47
1.08619 70 67
0.38560 67 43
0.37360 0 0
0.35629 53 35
0.35629 60 40
1.08619 65 50
0.39578 63 34
0.37360 0 0
0.36232 53 34
0.36232 58 39
1.48886 62 50
0.39062 62 34
0.37360 0 0
0.35629 62 32
0.35629 60 34
0.39062 58 30
1.47681 74 55
0.37129 0 0
0.34803 63 31
0.35211 69 36
0.37594 72 40
1.44737 75 55
0.37129 0 0
0.34803 65 36
0.34803 63 45
0.38560 62 37
1.45295 77 59
0.37129 0 0
0.35419 67 48
0.35419 72 53
0.37831 75 47
1.45798 79 62
0.37129 0 0
0.35211 72 47
0.35211 70 55
1.46361 81 68
0.37360 0 0
0.35419 70 45
1.11589 69 47
0.35419 75 55
1.08198 82 70
0.38560 79 45
0.37360 0 0
0.35629 65 35
0.35629 72 40
1.08619 77 55
0.39578 75 37
0.37360 0 0
0.36232 66 34
0.36232 72 39
1.48886 74 55
0.39062 74 42
0.37736 0 0
0.36452 62 30
0.36452 60 36
0.38810 58 30
0.37594 0 0
0.36014 63 31
0.36014 60 38
0.38560 57 32
1.48183 75 55
0.37594 0 0
0.36452 60 33
0.36452 58 36
0.38560 57 30
1.49058 66 53
0.37360 55 41
0.35629 58 30
0.35629 55 35
0.38810 51 30
1.47429 67 53
0.37360 0 0
0.35419 63 32
0.35419 62 37
0.38810 60 35
1.47008 69 53
0.37360 58 35
0.35211 62 29
0.35211 58 38
0.38560 55 32
1.46343 70 53
0.37360 0 0
0.34803 58 33
0.34803 57 39
0.38810 55 32
1.45775 61 51
0.37360 54 37
0.35629 57 30
0.35629 54 35
0.40377 50 30
1.48996 62 46
0.37360 0 0
0.37360 56 34
0.74720 65 51
0.36232 63 48
0.36232 55 40
0.38071 62 42
0.38071 0 0
0.37129 55 30
0.75200 60 46
1.13271 53 35
0.36452 62 38
0.36452 51 32
0.38314 63 43
0.38314 48 36
0.37360 0 0
0.38810 56 30
0.76170 65 46
0.37360 50 44
0.39318 46 31
0.37360 0 0
0.37360 55 30
1.51398 66 52
0.37360 51 43
0.37360 46 25
0.74720 67 51
0.37360 0 0
0.36452 59 23
0.73812 68 52
0.36452 67 40
0.36452 58 34
0.38560 65 35
0.37360 0 0
0.37360 58 28
0.74720 63 46
1.13280 56 29
0.36675 65 41
0.36675 55 34
0.38810 67 41
0.38810 51 34
0.37360 0 0
0.39062 60 37
0.76422 69 50
0.37360 54 45
0.37360 50 34
0.37360 0 0
0.37360 59 35
1.49440 70 52
0.37360 55 38
0.74720 71 50
0.37736 0 0
0.36452 65 27
0.36452 59 32
0.38810 55 27
1.49450 74 56
1.86810 50 27
0.37594 0 0
0.36014 63 27
0.36014 60 34
0.38560 55 28
1.48183 75 59
0.37594 0 0
0.35211 60 29
0.35211 58 32
0.38560 57 27
1.46577 66 47
0.37360 0 0
0.35629 58 27
0.35629 55 31
0.38810 51 27
1.47429 67 47
0.37360 50 31
0.36452 60 28
0.36452 57 33
0.38810 50 31
1.49074 69 47
0.40377 0 0
0.37831 58 26
0.37831 57 34
0.40377 55 28
1.56416 70 47
0.40107 53 34
0.37831 52 29
0.37831 57 35
1.58142 61 45
1.20774 55 28
0.42373 54 31
0.38927 50 27
1.59701 62 41
0.12976 0 0
3.05616 69 56
3.18592 63 38
4.38452 57 32
0.96000 70 54
0.96000 58 38
0.96000 63 38
0.72581 74 63
0.24194 72 57
0.96774 70 45
1.98347 60 43
1.98347 63 43
1.98347 72 60
1.00840 70 56
1.00840 63 39
1.00840 58 39
1.00840 57 40
1.00840 69 57
1.00840 63 40
1.00840 67 54
1.00840 58 38
0.49587 65 60
0.13158 67 50
0.13158 65 45
0.13158 64 50
0.13158 65 52
2.03059 63 45
0.75674 67 59
0.26087 63 52
1.03448 63 58
3.07427 60 51
2.00000 62 50
2.00000 50 42
2.00000 56 42
0.84677 51 28
0.12097 0 0
0.73171 55 46
0.24390 53 37
1.94335 60 41
1.94335 56 28
2.00041 56 43
2.00041 53 30
1.00840 51 29
1.00840 56 35
1.02564 50 33
1.02564 55 29
4.03445 58 43
1.03448 48 26
1.03448 53 26
0.51724 46 39
0.51724 51 39
0.21523 48 30
0.21523 53 36
0.21523 51 30
0.21523 46 25
0.21523 50 37
0.21523 44 31
2.21398 58 43
0.21029 46 35
0.21029 51 41
1.01542 50 40
1.01542 55 50
0.41899 44 34
0.41899 50 34
1.43441 58 42
2.83688 58 41
2.83688 51 36
2.83688 46 32
3.83387 57 34
3.83387 52 28
3.83387 49 28
11.82266 57 29
11.82266 54 24
11.82266 50 24
#  Piano left
1.00000 0 0
2.00000 48 31
2.00000 53 37
1.92774 53 32
1.92774 46 27
1.98347 53 38
1.98347 45 32
1.00840 46 28
1.00840 48 38
2.01681 53 33
1.00840 46 32
1.02218 45 34
2.03059 53 27
2.05209 57 45
2.05209 41 38
2.00000 34 27
2.00000 46 32
0.84677 48 22
0.84677 36 18
0.12097 0 0
0.73171 51 40
0.85268 39 34
0.24390 38 28
2.00041 38 27
2.00041 50 32
1.00840 48 28
1.00840 36 23
1.02564 34 23
1.02564 46 28
1.03448 32 24
1.03448 44 29
0.51724 31 28
0.51724 43 34
0.18932 32 26
0.18932 44 26
0.18932 43 23
0.18932 31 23
0.18932 30 28
0.18932 42 28
0.18692 31 29
0.18692 43 29
0.84172 32 28
0.84172 44 34
0.29126 29 25
0.29126 41 30
0.96330 41 36
0.96330 29 30
0.13761 43 37
0.13761 31 37
2.00000 55 37
2.00000 53 31
0.96000 51 29
0.96000 55 34
0.96774 48 27
0.96774 57 37
1.98347 55 39
1.98347 47 33
1.00840 48 33
1.00840 53 45
2.01681 55 39
1.00840 51 38
1.02218 50 41
2.03059 55 26
2.05209 47 38
2.05209 53 45
1.45776 49 32
0.23741 49 38
0.23773 48 38
0.24088 46 38
0.24088 48 38
0.24088 46 38
0.24120 44 38
0.24444 43 38
0.24444 44 38
0.24444 43 38
0.24661 41 38
2.92683 40 38
0.97561 0 0
1.41679 42 38
0.24265 42 38
0.24265 41 38
0.24265 39 38
0.24265 41 38
0.24265 39 38
0.24281 37 38
0.24444 36 38
0.24444 37 38
0.24444 36 38
0.24530 34 38
2.84308 33 38
0.96000 33 38
1.92000 34 38
0.96000 36 38
0.84000 41 38
2.12000 48 23
2.12000 53 28
1.92774 46 27
1.92774 53 32
1.98347 45 32
1.98347 53 38
1.00840 46 28
1.00840 48 38
2.01681 53 33
1.00840 46 32
1.02218 45 41
2.03059 53 27
2.05209 41 38
2.05209 57 45
2.00000 42 27
0.96774 43 37
0.73171 46 54
0.24390 45 42
4.93536 50 32
2.00041 45 49
1.00840 43 45
1.02564 42 51
1.06762 39 44
0.22346 38 44
0.22346 39 38
0.23246 38 42
0.24145 36 38
0.24145 38 38
0.87153 39 42
0.33708 36 34
2.13144 34 33
3.64087 0 0
1.49450 46 46
1.48183 48 46
1.49058 50 42
1.48633 51 46
1.49074 54 40
1.48384 55 46
1.47344 52 42
1.50465 50 39
1.49326 34 35
1.47627 36 40
1.47627 45 40
1.48593 38 44
1.46644 48 49
1.46644 39 49
1.47197 42 41
0.72989 0 0
0.74190 55 35
1.47179 43 40
1.48197 45 39
1.48886 46 40
1.47681 34 35
1.44737 48 40
1.44737 57 40
1.45295 38 44
1.45798 60 49
1.45798 51 49
1.46361 54 41
0.72779 0 0
0.73980 67 38
1.46759 55 40
0.37360 0 0
0.71259 65 35
0.39578 63 35
1.48886 62 40
2.97083 57 39
1.49450 46 41
1.09023 57 41
1.48183 48 41
1.49058 50 37
1.08025 51 41
0.39404 0 0
1.47008 54 36
1.07196 55 41
0.39147 0 0
1.45775 52 37
1.08025 50 35
0.40971 0 0
1.49023 47 35
1.49966 48 35
1.52848 46 45
1.49440 39 49
1.48824 39 35
1.50204 51 35
1.51142 50 40
1.49440 43 48
2.97633 36 36
1.46577 50 33
1.47429 51 36
1.49074 42 32
1.56416 43 36
1.58142 45 33
1.72677 50 31
1.10402 54 37
1.85051 53 44
3.05616 48 31
1.92774 46 27
1.92774 53 32
1.98347 53 38
1.98347 45 32
1.00840 46 28
1.00840 48 38
2.01681 53 33
1.00840 46 32
1.02218 45 41
2.03059 53 27
2.05209 57 45
2.05209 41 38
2.00000 34 32
2.00000 46 38
0.96774 48 26
0.96774 36 22
0.73171 51 40
0.73171 39 34
0.24390 38 20
0.24390 50 28
2.00041 38 27
2.00041 50 32
1.00840 48 28
1.00840 36 23
1.02564 34 23
1.02564 46 28
1.03448 32 20
1.03448 44 24
0.51724 31 23
0.51724 43 28
0.21523 32 19
0.21523 44 23
0.21523 43 22
0.21523 31 22
0.21523 29 21
0.21523 41 25
0.21029 31 22
0.21029 43 26
1.01542 34 25
1.01542 46 30
0.41899 29 21
0.41899 41 24
2.83688 43 31
2.83688 31 23
3.83387 45 25
3.83387 33 21
11.82266 38 20
11.82266 33 17
11.82266 26 17
