"scn15_7"

#  Piano right
1.80000 0 0
0.75000 60 51
3.35567 65 58
0.40816 64 45
0.40816 65 48
0.40816 69 49
3.08016 60 26
3.08016 53 26
0.46875 72 52
0.60526 77 52
0.04470 0 0
1.76601 77 50
0.47386 76 39
0.54015 74 38
0.52174 72 42
0.48780 77 38
3.78723 65 38
0.42857 67 42
0.42857 69 42
0.42857 70 48
0.45802 74 40
1.74373 64 42
0.48387 65 46
0.48387 67 46
0.48387 64 46
0.52632 69 49
0.52632 65 49
0.52632 72 38
2.02037 60 46
1.66800 67 45
1.66800 64 45
1.66800 60 45
0.03704 0 0
0.89921 60 51
2.52804 65 58
0.40816 64 45
0.40816 65 48
0.40816 69 49
2.69990 60 26
2.69990 53 26
0.52174 72 52
0.60526 81 51
0.02632 0 0
1.32353 81 49
0.40541 79 46
0.40541 77 46
0.40541 76 46
2.53975 67 33
0.43796 77 55
0.43796 81 45
0.41958 74 49
3.83524 69 33
0.41958 77 44
0.41958 68 44
0.41958 67 48
0.43165 72 38
0.43165 64 38
1.28289 76 48
0.45455 75 38
0.45455 66 38
0.90909 74 44
0.69767 76 42
0.23256 72 35
1.83932 65 44
0.95292 64 38
0.51412 0 0
0.60526 60 51
2.07231 72 38
2.50425 65 58
0.40816 64 45
0.40816 65 48
0.40816 69 49
2.67610 60 26
2.67610 53 26
0.46875 72 52
0.60526 77 52
0.04470 0 0
1.76601 77 50
0.47386 76 37
0.52928 74 36
0.52174 72 42
0.48781 77 38
3.78723 65 38
0.42857 67 40
0.42857 69 40
0.42857 70 46
0.45802 74 38
1.74373 64 42
0.48387 65 46
0.48387 67 46
0.48387 64 46
0.52632 69 49
0.52632 65 49
0.52632 72 38
2.02037 60 46
1.66799 67 45
1.66799 64 45
1.66799 60 45
0.03704 0 0
0.89921 60 51
2.52804 65 58
0.40816 64 45
0.41667 65 48
0.41667 69 49
2.71691 60 26
2.71691 53 26
0.54054 72 52
0.60526 81 51
0.02632 0 0
1.32353 81 49
0.40541 79 46
0.40541 77 46
0.40541 76 46
2.53975 67 33
0.43796 77 55
0.43796 81 45
0.41958 74 49
3.83524 69 33
0.41958 77 44
0.41958 68 44
0.41958 67 48
0.43165 72 38
0.43165 64 38
1.28289 76 48
0.45455 75 38
0.45455 66 38
0.90909 74 44
0.69767 76 42
0.23256 72 35
1.83932 65 44
0.95292 64 38
0.51412 0 0
0.60526 60 56
2.07231 72 38
2.62926 65 63
0.40816 64 49
0.40816 65 52
0.40816 69 53
2.69990 60 28
2.69990 53 28
0.46154 72 52
0.50000 75 51
0.50000 70 41
1.25108 0 0
0.40268 66 48
1.63203 75 56
1.63203 69 41
0.41096 74 50
0.41096 72 51
0.82192 69 38
0.39735 70 55
0.39735 74 49
0.41958 67 53
0.41958 69 48
0.41958 63 48
0.41958 62 52
0.40541 67 41
0.40541 58 41
1.23039 70 52
0.42553 69 41
0.42553 60 41
1.30428 67 48
0.48967 62 41
0.49587 60 41
0.93225 62 41
0.93225 58 41
0.51412 0 0
0.60526 65 42
2.57633 70 51
0.40816 69 40
0.40816 70 44
0.40816 74 45
2.69990 65 28
2.69990 58 28
0.48387 0 0
0.52273 82 46
1.02933 77 44
1.23288 0 0
0.41096 73 36
1.64384 82 46
1.64384 76 36
0.00893 0 0
0.42857 81 40
0.41964 79 37
0.85714 76 36
0.40816 77 45
0.40816 81 42
0.44118 74 45
0.44118 76 40
0.44118 70 40
0.43165 69 36
0.41096 74 37
0.41096 65 37
1.25357 77 44
0.42553 76 37
0.42553 67 37
0.41958 65 40
0.41958 69 38
1.31916 74 42
0.52632 67 36
0.99143 69 36
0.97359 65 35
1.10175 67 30
1.10175 64 29
0.38961 60 34
2.50424 65 46
0.41958 64 40
0.41096 65 43
0.41096 69 44
2.69311 60 23
2.69311 53 23
0.46875 72 46
0.60526 77 46
0.04470 0 0
1.76418 77 45
0.43274 76 31
0.55952 74 29
0.52174 72 37
0.48780 77 34
3.77425 65 34
0.42857 67 36
0.42857 69 36
0.42857 70 41
0.45802 74 34
1.74373 64 37
0.48387 65 41
0.48387 67 41
0.48387 64 41
0.52632 69 44
0.52632 65 44
0.52632 72 34
2.02037 60 41
1.66800 67 40
1.66800 64 40
1.66800 60 40
0.03704 0 0
0.89921 60 45
2.60749 65 52
0.42553 64 40
0.45113 65 43
0.45113 69 44
2.80320 60 23
2.80320 53 23
0.57143 72 46
0.72785 81 45
0.03165 0 0
1.89474 81 32
0.42857 79 36
0.42857 77 36
3.21342 74 29
0.46154 74 36
3.21342 67 29
3.21342 65 29
0.45113 72 39
0.45113 77 35
0.46512 67 36
0.46512 69 36
0.48387 70 43
0.48387 74 34
1.89798 64 29
0.49180 67 32
0.54054 66 32
0.54054 69 32
0.54054 70 36
0.65934 74 33
2.23222 62 32
0.93750 62 29
1.27660 64 29
2.21410 58 29
5.10638 65 29
5.10638 57 29
6.38298 60 29
#  Piano left
7.91470 0 0
0.18421 46 31
4.18049 57 22
5.68049 41 46
4.18049 48 22
0.01838 0 0
1.76601 62 39
0.47244 60 36
0.54054 58 34
2.93558 53 35
1.00954 57 33
1.00954 48 33
0.42857 58 38
0.42857 57 38
0.88659 55 42
1.74373 48 38
0.48387 53 36
0.48387 45 36
0.48387 55 39
0.48387 48 39
1.05263 57 42
1.05263 53 42
0.48781 48 39
0.41096 50 50
0.38462 48 47
0.38462 46 47
1.66800 55 39
0.44444 43 48
0.49180 45 48
4.59006 0 0
0.18421 49 28
3.85322 57 22
0.15789 57 30
4.90585 41 46
3.85322 48 22
2.53975 64 35
1.29549 62 33
1.29549 50 33
0.41958 53 29
1.28289 55 33
1.70247 60 29
0.45455 60 33
0.45455 57 33
0.45455 59 36
0.45455 67 33
0.46512 57 33
0.46512 59 33
1.83932 55 36
0.46512 60 37
0.46512 48 37
0.48781 50 46
0.48781 46 41
0.63158 43 40
4.51328 0 0
0.18421 46 31
3.77643 57 22
4.82906 41 46
3.77643 48 22
0.01838 0 0
1.76601 62 39
0.47244 60 34
0.54054 58 31
2.93558 53 35
1.00954 57 33
1.00954 48 33
0.42857 58 37
0.42857 57 37
0.88659 55 40
1.74373 48 38
0.48387 53 36
0.48387 45 36
0.48387 55 39
0.48387 48 39
1.05263 57 42
1.05263 53 42
0.48781 48 39
0.41096 50 50
0.38462 48 47
0.38462 46 47
1.66799 55 39
0.44444 43 48
0.49180 45 48
4.62587 0 0
0.18421 49 28
3.88903 57 22
0.15789 57 30
4.94166 41 46
3.88903 48 22
2.53975 64 35
1.29549 62 33
1.29549 50 33
0.41958 53 29
1.28289 55 33
1.70247 60 29
0.45455 60 33
0.45455 57 33
0.45455 59 36
0.45455 67 33
0.46512 57 33
0.46512 59 33
1.83932 55 36
0.46512 60 37
0.46512 48 37
0.48781 50 46
0.48781 46 42
0.63158 43 40
1.15385 0 0
2.69990 57 24
2.69990 48 24
3.85375 41 50
0.46154 0 0
0.52174 55 39
0.52174 48 36
0.41379 54 41
0.41287 57 41
2.04299 50 41
0.41096 54 41
1.21428 55 46
2.84157 62 44
0.41958 48 39
0.41958 54 39
1.23039 55 44
1.23039 50 44
0.42553 51 40
0.41958 58 45
0.41958 62 40
0.46512 55 40
1.30428 50 45
0.94031 57 37
0.94031 50 37
0.48780 55 42
0.48781 43 44
0.63158 45 38
1.10092 34 42
2.69990 62 24
2.69990 53 24
0.48387 0 0
0.54545 62 28
0.54545 55 28
0.41096 61 27
0.41096 64 29
2.07241 57 25
0.42857 61 33
1.25750 62 41
2.93656 69 30
0.44118 55 31
0.44118 61 31
1.25357 62 37
1.25357 57 37
0.42553 58 29
0.83916 0 0
0.48000 62 37
0.52632 64 31
0.52632 61 31
1.84548 57 34
0.46512 57 30
0.97359 62 36
0.56604 60 30
1.07451 58 30
0.92532 48 32
4.53028 0 0
0.18421 46 27
3.79344 57 19
4.84607 41 37
3.79344 48 19
0.01838 0 0
1.76418 62 35
0.42857 60 29
0.57143 58 27
2.92260 53 31
1.00954 57 29
1.00954 48 29
0.42857 58 33
0.42857 57 33
0.88659 55 36
1.74373 48 34
0.48387 53 32
0.48387 45 32
0.48387 55 35
0.48387 48 35
1.05263 57 37
1.05263 53 37
0.48780 48 35
0.41096 50 45
0.38462 48 42
0.38462 46 42
1.66800 55 35
0.44444 43 43
0.49180 45 43
1.13208 0 0
4.13412 57 19
4.13412 48 19
5.26620 41 41
3.21342 59 26
3.21342 47 26
3.21342 43 26
0.90226 60 29
0.90226 48 29
0.90226 57 29
0.46512 58 29
0.46512 57 29
0.96774 55 29
1.89798 48 29
1.89798 60 29
0.49180 55 27
0.49180 46 27
0.54054 57 27
0.54054 50 27
1.19988 55 32
1.19988 58 32
0.93750 0 0
1.27660 36 26
2.21410 55 26
5.10638 41 26
7.32048 48 26
