"scn15_3"

#  Piano right
0.00109 0 0
0.13043 66 70
0.13043 62 61
0.51903 71 90
0.11472 73 57
0.05703 74 57
0.05682 0 0
0.05668 76 57
0.05646 0 0
0.05625 78 57
0.05604 0 0
0.05703 81 80
0.05703 0 0
0.05703 79 57
0.05703 0 0
0.05703 78 57
0.05703 0 0
0.05703 76 57
0.05703 0 0
0.05859 79 79
0.05859 0 0
0.05859 78 57
0.05859 0 0
0.05859 76 57
0.05859 0 0
0.06024 74 57
0.06024 0 0
0.13043 71 70
0.13043 67 61
0.52016 76 90
0.10956 78 57
0.05495 79 57
0.05508 0 0
0.05521 81 57
0.05535 0 0
0.05549 83 57
0.05562 0 0
0.05906 86 86
0.05906 0 0
0.05906 85 57
0.05906 0 0
0.05906 83 57
0.05906 0 0
0.06410 82 57
0.06410 0 0
0.11969 83 66
0.11969 78 66
0.12458 74 57
0.06429 71 57
0.06560 0 0
0.07353 66 57
0.07094 0 0
0.13043 66 70
0.13043 62 61
0.52160 71 90
0.11321 73 60
0.05660 74 58
0.05660 0 0
0.05660 76 60
0.05660 0 0
0.05660 78 61
0.05550 0 0
0.05703 81 84
0.05703 0 0
0.05703 79 55
0.05703 0 0
0.05703 78 56
0.05703 0 0
0.05703 76 57
0.05703 0 0
0.05859 79 78
0.05859 0 0
0.05859 78 56
0.05859 0 0
0.05859 76 58
0.05859 0 0
0.06173 74 61
0.06173 0 0
0.13043 71 70
0.13043 67 61
0.51859 76 89
0.11173 78 55
0.05611 79 56
0.05625 0 0
0.05639 81 57
0.05660 0 0
0.05675 83 58
0.05689 0 0
0.06073 86 86
0.06073 0 0
0.06073 85 62
0.06073 0 0
0.06073 83 61
0.06073 0 0
0.06494 82 60
0.06494 0 0
0.12309 83 66
0.12309 78 66
0.12915 74 60
0.06687 71 58
0.06850 0 0
0.08197 66 58
0.07548 0 0
0.12931 74 70
0.12931 71 70
0.51724 79 91
0.11568 69 52
0.05791 71 56
0.05792 0 0
0.05791 73 60
0.05791 0 0
0.05792 74 64
0.05791 0 0
0.05791 78 77
0.05791 0 0
0.05792 76 66
0.05791 0 0
0.05791 74 65
0.05792 0 0
0.05791 72 63
0.05697 0 0
0.05711 71 62
0.05807 0 0
0.05898 69 61
0.06000 0 0
0.06106 67 59
0.06207 0 0
0.06977 66 58
0.06643 0 0
0.12500 64 68
0.12500 59 69
0.50000 67 88
0.11666 66 60
0.05837 67 58
0.05837 0 0
0.05859 69 62
0.05859 0 0
0.05859 71 65
0.05867 0 0
0.05875 74 76
0.05852 0 0
0.05821 72 66
0.05799 0 0
0.05769 71 65
0.05740 0 0
0.05725 69 63
0.05792 0 0
0.05859 67 61
0.05929 0 0
0.06000 66 60
0.06073 0 0
0.06148 64 58
0.06224 0 0
0.06303 63 56
0.06383 0 0
0.12614 60 56
0.12658 55 54
0.50589 64 56
0.12658 0 0
0.12658 64 52
0.25316 62 51
0.12658 65 53
0.12658 67 55
0.25316 59 53
0.12658 60 56
0.12658 55 53
0.50633 64 56
0.12440 0 0
0.12380 67 57
0.24819 65 54
0.12320 69 60
0.12262 71 63
0.24582 62 60
0.12195 67 66
0.12195 64 56
0.49919 72 66
0.11719 0 0
0.11719 64 56
1.41949 76 77
1.41949 70 77
0.00109 0 0
0.13043 66 70
0.13043 62 61
0.52161 71 93
0.11480 73 57
0.05711 74 57
0.05689 0 0
0.05675 76 57
0.05653 0 0
0.05632 78 57
0.05611 0 0
0.05703 81 78
0.05703 0 0
0.05703 79 57
0.05703 0 0
0.05703 78 57
0.05703 0 0
0.05703 76 57
0.05703 0 0
0.05859 79 76
0.05859 0 0
0.05859 78 57
0.05859 0 0
0.05859 76 57
0.05859 0 0
0.06024 74 57
0.06024 0 0
0.13043 71 70
0.13043 67 61
0.52016 76 93
0.11321 78 57
0.05660 79 57
0.05660 0 0
0.05660 81 57
0.05660 0 0
0.06148 83 57
0.05957 0 0
0.05906 86 78
0.05906 0 0
0.05906 85 57
0.05906 0 0
0.05906 83 57
0.05906 0 0
0.06250 82 57
0.06250 0 0
0.11969 83 66
0.11969 78 66
0.12458 74 57
0.06429 71 57
0.06560 0 0
0.07812 66 57
0.07292 0 0
0.12931 74 70
0.12931 71 70
0.51724 79 91
0.11568 69 52
0.05792 71 56
0.05791 0 0
0.05792 73 60
0.05792 0 0
0.05791 74 64
0.05792 0 0
0.05792 78 77
0.05791 0 0
0.05792 76 66
0.05792 0 0
0.05791 74 65
0.05792 0 0
0.05791 72 63
0.05697 0 0
0.05711 71 62
0.05807 0 0
0.05898 69 61
0.06000 0 0
0.06106 67 59
0.06207 0 0
0.06977 66 58
0.06643 0 0
0.12500 64 68
0.12500 59 69
0.49724 67 88
0.11643 66 60
0.05844 67 58
0.05859 0 0
0.05882 69 62
0.05898 0 0
0.05913 71 65
0.05929 0 0
0.05921 74 80
0.05852 0 0
0.05821 72 66
0.05799 0 0
0.05769 71 65
0.05740 0 0
0.05725 69 63
0.05792 0 0
0.05859 67 61
0.05929 0 0
0.06000 66 60
0.06073 0 0
0.06148 64 58
0.06224 0 0
0.06303 63 56
0.06383 0 0
0.12614 60 56
0.12658 55 54
0.50589 64 56
0.12658 0 0
0.12658 64 52
0.25316 62 51
0.12658 65 53
0.12658 67 55
0.25316 59 53
0.12658 60 56
0.12658 55 53
0.50633 64 56
0.12440 0 0
0.12380 67 57
0.24819 65 54
0.12320 69 60
0.12262 71 63
0.24582 62 60
0.12195 67 66
0.12195 64 56
0.49713 72 66
0.12065 0 0
0.11936 64 56
1.41937 76 77
1.41937 70 77
0.00109 0 0
0.13043 66 70
0.13043 62 61
0.52161 71 96
0.11516 73 57
0.05725 74 57
0.05703 0 0
0.05682 76 57
0.05660 0 0
0.05639 78 57
0.05611 0 0
0.05703 81 76
0.05703 0 0
0.05703 79 57
0.05703 0 0
0.05703 78 57
0.05703 0 0
0.05703 76 57
0.05703 0 0
0.05859 79 73
0.05859 0 0
0.05859 78 57
0.05859 0 0
0.05859 76 57
0.05859 0 0
0.06024 74 57
0.06024 0 0
0.13043 71 70
0.13043 67 61
0.52174 76 93
0.12803 78 57
0.06512 79 57
0.06579 0 0
0.06667 81 57
0.06737 0 0
0.06818 83 57
0.06913 0 0
0.07282 86 67
0.07282 0 0
0.07282 85 53
0.07282 0 0
0.07500 83 47
0.07500 0 0
0.12000 82 47
0.12000 0 0
0.48000 83 53
#  Piano left
0.00109 0 0
0.06522 47 80
0.19457 0 0
0.06522 59 54
0.06522 0 0
0.06522 54 54
0.06264 0 0
0.05747 47 57
0.17110 0 0
0.05668 54 50
0.05668 62 50
0.16875 0 0
0.05703 52 62
0.17110 0 0
0.05703 59 52
0.05703 64 52
0.17110 0 0
0.05859 47 59
0.17578 0 0
0.05859 59 52
0.05859 62 52
0.17908 0 0
0.13043 52 78
0.13043 0 0
0.06522 64 51
0.06522 0 0
0.06522 59 52
0.06364 0 0
0.05474 52 57
0.16484 0 0
0.05521 67 52
0.05521 64 52
0.16646 0 0
0.05906 54 59
0.17717 0 0
0.05906 70 50
0.05906 64 50
0.18726 0 0
0.05929 59 59
0.45934 0 0
0.06522 47 80
0.19457 0 0
0.06522 59 54
0.06522 0 0
0.06522 54 54
0.06522 0 0
0.05660 47 57
0.16981 0 0
0.05660 54 51
0.05660 62 51
0.16871 0 0
0.05703 52 61
0.17110 0 0
0.05703 59 54
0.05703 64 54
0.17110 0 0
0.05859 47 64
0.17578 0 0
0.05859 59 54
0.05859 62 54
0.18205 0 0
0.13043 52 78
0.13043 0 0
0.06522 64 51
0.06522 0 0
0.06522 59 52
0.06207 0 0
0.05576 52 57
0.16833 0 0
0.05639 67 52
0.05639 64 52
0.17024 0 0
0.06073 54 60
0.18219 0 0
0.06073 70 50
0.06073 64 50
0.19060 0 0
0.06058 59 57
0.48446 0 0
0.12931 59 74
0.12931 0 0
0.06466 67 48
0.06466 0 0
0.06466 62 48
0.06466 0 0
0.05777 59 54
0.17375 0 0
0.05791 62 49
0.05791 67 49
0.17375 0 0
0.05791 57 60
0.17375 0 0
0.05791 60 51
0.05791 67 51
0.17280 0 0
0.05711 50 59
0.17705 0 0
0.06106 60 49
0.44827 0 0
0.06250 55 47
0.06250 0 0
0.06250 52 47
0.06250 0 0
0.11666 47 54
0.11673 0 0
0.05859 55 47
0.05859 59 47
0.17586 0 0
0.05875 45 59
0.17472 0 0
0.05769 54 48
0.05769 60 48
0.17257 0 0
0.05859 47 58
0.18002 0 0
0.06148 57 47
0.06148 54 47
0.44182 0 0
0.12658 52 51
0.12658 48 51
0.75949 43 56
0.75949 36 56
0.12658 52 50
0.12658 48 50
0.73791 43 56
0.73791 36 56
0.12195 60 53
0.13333 55 54
0.23438 0 0
0.11628 56 50
0.11613 57 52
0.11538 58 56
0.11524 59 58
0.11450 60 60
0.11436 61 64
0.11495 62 67
0.11796 63 67
0.12114 64 69
0.13917 65 71
1.41949 54 66
1.41949 42 66
0.26087 0 0
0.06522 59 54
0.06522 0 0
0.06522 54 54
0.06522 0 0
0.05747 47 57
0.17132 0 0
0.05675 54 50
0.05675 62 50
0.16896 0 0
0.05703 52 63
0.17110 0 0
0.05703 59 52
0.05703 64 52
0.17110 0 0
0.05859 47 59
0.17578 0 0
0.05859 59 52
0.05859 62 52
0.17908 0 0
0.13043 52 78
0.13043 0 0
0.06522 64 51
0.06522 0 0
0.06522 59 52
0.06364 0 0
0.05660 52 57
0.16981 0 0
0.05660 64 52
0.05660 67 52
0.17765 0 0
0.05906 54 58
0.17717 0 0
0.05906 64 50
0.05906 70 50
0.18406 0 0
0.05929 59 57
0.46592 0 0
0.12931 59 74
0.12931 0 0
0.06466 67 48
0.06466 0 0
0.06466 62 48
0.06466 0 0
0.05777 59 54
0.17375 0 0
0.05792 62 49
0.05792 67 49
0.17375 0 0
0.05792 57 60
0.17375 0 0
0.05791 60 51
0.05791 67 51
0.17280 0 0
0.05711 50 58
0.17705 0 0
0.06106 60 49
0.44827 0 0
0.06250 55 47
0.06250 0 0
0.06250 52 47
0.05974 0 0
0.05814 47 54
0.17533 0 0
0.05882 55 47
0.05882 59 47
0.17740 0 0
0.05921 45 59
0.17472 0 0
0.05769 54 48
0.05769 60 48
0.17257 0 0
0.05859 47 58
0.18002 0 0
0.06148 57 47
0.06148 54 47
0.44182 0 0
0.12658 52 51
0.12658 48 51
0.75949 43 56
0.75949 36 56
0.12658 52 50
0.12658 48 50
0.73791 43 56
0.73791 36 56
0.12195 60 53
0.13127 55 54
0.24001 0 0
0.11780 56 50
0.11658 57 52
0.11538 58 56
0.11465 59 58
0.11364 60 60
0.11264 61 64
0.11237 62 67
0.11629 63 68
0.12083 64 69
0.13917 65 71
1.41937 54 66
1.41937 42 66
0.26087 0 0
0.06522 59 54
0.06522 0 0
0.06522 54 54
0.06522 0 0
0.05769 47 57
0.17176 0 0
0.05682 54 50
0.05682 62 50
0.16910 0 0
0.05703 52 61
0.17110 0 0
0.05703 59 52
0.05703 64 52
0.17110 0 0
0.05859 47 58
0.17578 0 0
0.05859 59 52
0.05859 62 52
0.17908 0 0
0.13043 52 78
0.13043 0 0
0.06522 64 51
0.06522 0 0
0.06522 59 52
0.06522 0 0
0.06365 52 57
0.19529 0 0
0.06667 64 52
0.06667 67 52
0.20467 0 0
0.07282 54 49
0.21845 0 0
0.07500 64 36
0.07500 70 36
0.31500 0 0
0.48000 59 40
0.48000 62 40
0.48000 71 40
