"scn15_1"

#  Piano right
0.00183 0 0
0.88547 71 55
0.89391 79 60
0.67060 78 57
0.22817 76 37
0.86993 74 37
0.00184 0 0
0.89016 71 55
0.86966 79 60
0.66597 78 57
0.22542 76 37
0.89562 74 37
0.00183 0 0
0.90394 71 58
0.88466 79 60
0.66483 76 57
0.23763 74 52
0.88478 72 49
0.92882 69 51
0.93483 74 48
1.87229 71 45
0.00184 0 0
0.89016 71 55
0.87439 79 60
0.68308 78 57
0.23115 76 38
0.86993 74 38
0.00184 0 0
0.88816 71 55
0.87380 79 60
0.67179 78 57
0.22992 76 37
0.90004 74 37
0.00183 0 0
0.90410 71 58
0.88928 79 60
0.66750 76 57
0.23924 74 49
0.88478 72 49
0.92947 69 51
0.95569 74 48
1.85938 71 45
0.87500 71 53
0.87500 67 53
0.86555 69 51
0.86555 72 51
0.87500 69 53
0.87500 66 53
0.85714 67 52
0.85714 71 52
0.87591 64 48
0.89416 67 48
0.87591 69 45
0.87591 64 45
0.91603 66 44
0.91603 63 44
0.88235 67 40
0.88235 62 40
0.90074 64 49
0.88235 66 48
0.68085 67 52
0.26234 69 50
0.98320 71 53
0.25210 72 38
0.89709 74 44
0.86993 79 48
0.66660 78 48
0.22858 76 38
0.88283 74 38
0.00184 0 0
0.89001 71 50
0.86340 79 56
0.66435 78 53
0.23605 76 38
0.90004 74 38
0.00183 0 0
0.90410 71 58
0.88928 79 60
0.66736 76 57
0.23763 74 52
0.88478 72 49
0.92882 69 51
0.93483 74 48
1.91139 71 45
0.87500 71 53
0.87500 67 53
0.86555 69 51
0.86555 72 51
0.87500 69 53
0.87500 66 53
0.85714 67 52
0.85714 71 52
0.87591 64 48
0.89416 67 48
0.87591 69 45
0.87591 64 45
0.91603 66 44
0.91603 63 44
0.88235 67 40
0.88235 62 40
0.90074 64 49
0.88235 66 48
0.68085 67 52
0.22901 69 50
0.98320 71 53
0.25210 72 38
0.89695 74 44
0.86563 79 48
0.67048 78 48
0.22712 76 37
0.88283 74 37
0.00184 0 0
0.89001 71 50
0.86340 79 56
0.66195 78 53
0.22845 76 38
0.90005 74 38
0.00183 0 0
0.90410 71 58
0.88928 79 60
0.67789 76 57
0.22992 74 52
0.88478 72 49
0.92916 69 51
0.94577 74 48
2.20485 71 45
#  Piano left
0.00183 0 0
0.31067 59 35
0.43860 55 35
0.31000 62 37
0.28169 67 32
0.32151 58 35
0.45309 49 35
0.31890 64 38
0.29044 67 32
0.31624 57 35
0.44035 50 35
0.30142 62 37
0.28071 66 28
0.31250 60 27
0.44118 54 27
0.31172 62 27
0.28169 69 27
0.00184 0 0
0.31250 59 35
0.44118 55 35
0.31185 62 37
0.28369 67 32
0.31022 58 35
0.43796 49 35
0.30983 64 38
0.28571 67 32
0.31185 57 35
0.43596 50 35
0.30142 62 37
0.27782 66 29
0.31481 60 27
0.44444 54 27
0.31524 62 28
0.30303 69 28
0.00183 0 0
0.31067 59 35
0.43860 55 35
0.31119 62 37
0.30075 67 37
0.44118 47 38
0.31264 62 41
0.29643 67 41
1.17663 55 38
0.43381 48 38
0.30142 64 40
0.28990 67 40
0.31716 55 38
0.44776 52 38
0.31649 60 40
0.28777 67 40
0.31334 55 28
0.44578 50 28
0.30271 60 32
0.31250 67 29
0.32622 54 26
0.46055 50 26
0.30703 60 31
0.32077 69 26
0.32388 50 24
0.45725 43 24
0.32388 59 28
0.30483 67 25
0.47244 55 26
0.33545 59 26
0.32787 67 21
0.00184 0 0
0.31250 59 35
0.44118 55 35
0.31185 62 37
0.28369 67 32
0.29197 58 35
0.43796 49 35
0.31012 64 38
0.29044 67 32
0.32115 57 35
0.44796 50 35
0.30797 62 37
0.28523 66 27
0.31250 60 27
0.44118 54 27
0.31172 62 27
0.28169 69 27
0.00184 0 0
0.31250 59 35
0.44118 55 35
0.31172 62 37
0.28169 67 32
0.31022 58 35
0.43796 49 35
0.31009 64 38
0.28985 67 32
0.31246 57 35
0.43836 50 35
0.30576 62 37
0.28321 66 28
0.31716 60 27
0.44776 54 27
0.31745 62 28
0.30303 69 27
0.00183 0 0
0.31067 59 35
0.43860 55 35
0.31119 62 37
0.30075 67 37
0.44464 47 38
0.31495 62 41
0.29643 67 41
1.18125 55 38
0.43483 48 38
0.30357 64 40
0.29202 67 40
0.31716 55 38
0.44776 52 38
0.31649 60 40
0.28777 67 40
0.31334 55 28
0.44578 50 28
0.32224 60 32
0.31250 67 29
0.33730 54 26
0.47619 50 26
0.33751 60 31
0.32077 69 26
0.32388 50 24
0.45725 43 24
0.32388 59 28
0.30483 67 25
0.47244 55 26
0.33465 59 26
0.31102 67 21
0.28965 0 0
0.30357 59 36
0.28571 64 36
0.85714 52 36
0.28571 0 0
0.30410 57 36
0.29412 64 36
0.86555 45 36
0.28571 0 0
0.30357 57 39
0.64286 50 36
0.21429 48 46
0.28571 62 40
0.28571 0 0
0.30357 55 35
0.28571 62 35
0.85714 47 35
0.29197 0 0
0.31022 55 27
0.29197 60 27
0.87591 48 27
0.29197 0 0
0.31022 54 27
0.29197 60 27
0.87591 42 27
0.30534 0 0
0.32443 54 34
0.68702 47 27
0.22901 45 39
0.30534 59 34
0.29412 0 0
0.31250 55 27
0.29412 59 27
0.88235 43 27
0.29412 0 0
0.31250 55 31
0.29412 60 31
0.88235 48 31
0.31250 50 31
0.31250 57 31
0.29412 62 31
0.88235 48 31
0.29412 0 0
0.29412 55 33
0.66176 47 31
0.22901 45 40
0.30254 62 34
0.87816 0 0
0.33613 62 25
2.10507 50 31
1.21430 43 31
0.68096 57 25
0.00187 0 0
0.31716 59 35
0.44776 55 35
0.31611 62 37
0.28169 67 32
0.31250 58 35
0.44118 49 35
0.31172 64 38
0.28169 67 32
0.30983 57 35
0.43483 50 35
0.30357 62 37
0.28122 66 29
0.31936 60 27
0.45086 54 27
0.31818 62 28
0.28169 69 25
0.00184 0 0
0.31250 59 35
0.44118 55 35
0.31185 62 37
0.28369 67 32
0.30797 58 35
0.43478 49 35
0.30759 64 38
0.28369 67 32
0.31172 57 35
0.43496 50 35
0.29930 62 37
0.28781 66 27
0.31716 60 26
0.44776 54 26
0.31745 62 28
0.30303 69 27
0.00183 0 0
0.31067 59 35
0.43860 55 35
0.31119 62 37
0.30075 67 37
0.44464 47 38
0.31495 62 41
0.29643 67 41
1.18125 55 38
0.43483 48 38
0.30357 64 40
0.29041 67 40
0.31716 55 38
0.44776 52 38
0.31649 60 40
0.28777 67 40
0.31334 55 28
0.44578 50 28
0.32224 60 32
0.31250 67 29
0.32622 54 26
0.46055 50 26
0.32708 60 31
0.32077 69 26
0.60966 0 0
0.30483 67 25
0.92462 59 28
0.31496 59 26
0.36239 67 21
1.91139 50 24
1.91139 43 24
0.28571 0 0
0.30357 59 36
0.28571 64 36
0.85714 52 36
0.28571 0 0
0.30410 57 36
0.29412 64 36
0.86555 45 36
0.28571 0 0
0.30357 57 41
0.64286 50 36
0.21429 48 48
0.28571 62 40
0.28571 0 0
0.30357 55 35
0.28571 62 35
0.85714 47 35
0.29197 0 0
0.31022 55 27
0.29197 60 27
0.87591 48 27
0.29197 0 0
0.31022 54 27
0.29197 60 27
0.87591 42 27
0.30534 0 0
0.32443 54 33
0.68702 47 27
0.22901 45 39
0.30534 59 34
0.29412 0 0
0.31250 55 27
0.29412 59 27
0.88235 43 27
0.29412 0 0
0.31250 55 31
0.29412 60 31
0.88235 48 31
0.31250 50 31
0.31250 57 31
0.29412 62 31
0.88235 48 31
0.29412 0 0
0.29412 55 34
0.66176 47 31
0.22901 45 39
0.30254 62 34
0.87816 0 0
0.33613 62 25
2.10507 50 31
1.21430 43 31
0.68096 57 25
0.00187 0 0
0.31716 59 35
0.44776 55 35
0.31611 62 37
0.28169 67 32
0.31022 58 35
0.43796 49 35
0.30958 64 38
0.28169 67 32
0.31624 57 35
0.44035 50 35
0.30142 62 37
0.27926 66 27
0.31936 60 26
0.45086 54 26
0.31818 62 28
0.28169 69 27
0.00184 0 0
0.31250 59 35
0.44118 55 35
0.31185 62 37
0.28369 67 32
0.30797 58 35
0.43478 49 35
0.30759 64 38
0.28369 67 32
0.30759 57 35
0.43170 50 35
0.30142 62 37
0.28071 66 28
0.31716 60 27
0.44776 54 27
0.31745 62 28
0.30303 69 26
0.00183 0 0
0.31067 59 35
0.43860 55 35
0.31119 62 37
0.30075 67 37
0.44464 47 38
0.31495 62 41
0.29643 67 41
1.18986 55 38
0.44446 48 38
0.30576 64 40
0.28321 67 40
0.31716 55 38
0.44776 52 38
0.31649 60 40
0.28777 67 40
0.31334 55 28
0.44578 50 28
0.32224 60 32
0.31250 67 29
0.33203 54 26
0.46875 50 26
0.33255 60 31
0.32077 69 26
0.64516 0 0
0.32258 67 25
1.05753 59 28
0.43814 59 24
2.20485 43 24
2.20485 50 24
0.41237 67 19
