"scn68_12"

#  Piano right
0.11905 45 77
0.11905 47 69
0.11905 45 74
0.11905 47 69
0.11905 48 78
0.11905 47 69
0.11905 48 77
0.11905 47 69
0.23438 45 80
0.12245 47 69
0.12245 0 0
0.23256 48 79
0.12245 52 69
0.12245 0 0
0.23346 57 79
0.12195 59 69
0.12195 0 0
0.23904 60 79
0.13216 64 69
0.13216 0 0
0.23171 71 74
0.23171 68 62
0.23171 64 62
0.01220 0 0
0.26389 71 70
0.26389 68 59
0.26389 64 59
0.01389 0 0
0.49587 72 80
0.49587 69 68
0.49587 64 68
0.11905 45 77
0.11905 47 69
0.11905 45 74
0.11905 47 69
0.11905 48 78
0.11905 47 69
0.11905 48 77
0.11905 47 69
0.23438 45 80
0.12245 47 69
0.12245 0 0
0.23256 48 79
0.12209 52 69
0.12959 0 0
0.23077 57 79
0.12195 59 69
0.12195 0 0
0.23622 60 79
0.13216 64 69
0.13216 0 0
0.23171 71 74
0.23171 68 62
0.23171 64 62
0.01220 0 0
0.26389 71 70
0.26389 68 59
0.26389 64 59
0.01389 0 0
0.50420 69 82
0.12021 58 77
0.11905 57 69
0.11905 58 74
0.11905 57 69
0.11905 55 78
0.11905 57 69
0.11905 55 77
0.11905 57 69
0.23468 58 80
0.12157 55 69
0.12245 0 0
0.23359 55 79
0.12142 52 69
0.12245 0 0
0.23442 70 79
0.23442 67 67
0.12108 67 69
0.12108 64 58
0.12195 0 0
0.23945 67 79
0.23945 64 67
0.13005 61 58
0.13005 64 69
0.13216 0 0
0.24153 57 62
0.24153 61 62
0.24153 64 74
0.01271 0 0
0.26193 57 59
0.26193 61 59
0.26193 64 70
0.01389 0 0
0.51337 57 68
0.51337 62 68
0.51337 65 80
0.11929 60 77
0.11905 59 69
0.11905 60 74
0.11905 59 69
0.11905 57 78
0.11905 59 69
0.11905 57 77
0.11905 59 69
0.23468 60 80
0.12157 57 69
0.12245 0 0
0.23359 57 79
0.12142 54 69
0.12245 0 0
0.23442 72 79
0.23442 69 67
0.12108 69 69
0.12108 66 58
0.12195 0 0
0.23622 69 79
0.23622 66 67
0.13216 63 58
0.13216 66 69
0.13216 0 0
0.24560 63 74
0.24560 66 74
0.28169 63 70
0.28169 66 70
0.50523 59 68
0.50523 64 68
0.50523 68 80
0.12000 57 84
0.12000 59 75
0.12000 57 81
0.12000 59 75
0.11858 60 85
0.11858 59 75
0.11858 60 84
0.11858 59 75
0.23438 57 88
0.12245 59 75
0.12245 0 0
0.23256 60 86
0.12245 64 75
0.12245 0 0
0.23346 69 86
0.12195 71 75
0.12195 0 0
0.23904 72 86
0.13216 76 75
0.13216 0 0
0.25110 71 86
0.25110 68 73
0.25110 64 73
0.01322 0 0
0.23950 71 81
0.23950 68 68
0.23950 64 68
0.01261 0 0
0.23750 72 81
0.23750 69 68
0.23750 64 68
0.01250 0 0
0.24569 73 85
0.24569 64 72
0.24569 67 72
0.24569 69 72
0.01293 0 0
0.49686 74 91
0.49686 69 77
0.49686 65 77
0.11905 65 81
0.11905 64 72
0.11905 65 80
0.12552 64 72
0.23438 62 84
0.12658 64 72
0.12658 0 0
0.23256 65 82
0.12245 69 72
0.12245 0 0
0.23346 74 82
0.12195 76 72
0.12195 0 0
0.23904 77 82
0.14151 81 72
0.14151 0 0
0.23750 80 85
0.23750 76 71
0.23750 71 71
0.01250 0 0
0.28358 80 80
0.28358 76 67
0.28358 71 67
0.01493 0 0
0.50848 81 92
0.50848 76 77
0.50848 72 77
0.11929 58 77
0.11905 57 69
0.11905 58 74
0.11905 57 69
0.11905 55 78
0.11905 57 69
0.11905 55 77
0.11905 57 69
0.23469 58 80
0.12157 55 69
0.12245 0 0
0.23359 55 79
0.12142 52 69
0.12245 0 0
0.23442 70 79
0.23442 67 67
0.12108 67 69
0.12108 64 58
0.12195 0 0
0.23945 67 79
0.23945 64 67
0.13005 61 58
0.13005 64 69
0.13216 0 0
0.23341 57 62
0.23341 61 62
0.23341 64 74
0.01220 0 0
0.26107 57 59
0.26107 61 59
0.26107 64 70
0.01389 0 0
0.50170 57 68
0.50170 62 68
0.50170 65 80
0.11929 60 77
0.11905 59 69
0.11905 60 74
0.11905 59 69
0.11905 57 78
0.11905 59 69
0.12346 57 77
0.12346 59 69
0.23542 60 80
0.12157 57 69
0.12245 0 0
0.23359 57 79
0.12142 54 69
0.12245 0 0
0.23385 72 79
0.23385 69 67
0.12108 69 69
0.12108 66 58
0.12195 0 0
0.23945 69 79
0.23945 66 67
0.13005 63 58
0.13005 66 69
0.13216 0 0
0.23341 63 74
0.23341 66 74
0.01220 0 0
0.26761 63 70
0.26761 66 70
0.01408 0 0
0.51281 59 68
0.51281 64 68
0.51281 68 80
0.12038 57 84
0.11980 59 75
0.11923 57 81
0.11866 59 75
0.11905 60 85
0.11905 59 75
0.11905 60 84
0.11905 59 75
0.23438 57 88
0.12245 59 75
0.12245 0 0
0.23256 60 86
0.12245 64 75
0.12245 0 0
0.23346 69 86
0.12195 71 75
0.12195 0 0
0.23904 72 86
0.13216 76 75
0.13216 0 0
0.25110 71 86
0.25110 68 73
0.25110 64 73
0.01322 0 0
0.23950 71 81
0.23950 68 68
0.23950 64 68
0.01261 0 0
0.23265 72 81
0.23265 69 68
0.23265 64 68
0.01224 0 0
0.24783 73 85
0.24783 64 72
0.24783 67 72
0.24783 69 72
0.01304 0 0
0.49686 74 91
0.49686 69 77
0.49686 65 77
0.11905 65 81
0.11905 64 72
0.11905 65 80
0.12552 64 72
0.23438 62 84
0.12821 64 72
0.12821 0 0
0.23256 65 82
0.12245 69 72
0.12245 0 0
0.23346 74 82
0.12195 76 72
0.12195 0 0
0.23904 77 82
0.14634 81 72
0.14634 0 0
0.23750 80 85
0.23750 76 71
0.23750 71 71
0.01250 0 0
0.28358 80 80
0.28358 76 67
0.28358 71 67
0.01493 0 0
0.57521 81 92
0.57521 76 77
0.57521 72 77
0.12505 69 37
0.12347 65 29
0.12208 69 40
0.12062 65 33
0.11955 69 41
0.12658 65 35
0.12048 67 44
0.12552 64 39
0.12000 69 47
0.12000 65 42
0.12000 70 45
0.12987 67 48
0.12048 72 51
0.12048 69 48
0.12048 67 46
0.12824 64 44
0.12181 69 37
0.12122 65 30
0.12063 69 40
0.12001 65 35
0.11952 69 41
0.12658 65 37
0.12048 67 44
0.12552 64 39
0.12000 69 47
0.12000 65 42
0.12000 70 45
0.12987 67 48
0.11979 72 51
0.12170 69 52
0.12446 74 57
0.12655 71 51
0.12252 76 58
0.12117 72 47
0.11966 76 55
0.11861 72 47
0.11858 76 52
0.12658 72 40
0.12048 74 46
0.12552 71 40
0.12000 76 47
0.12000 72 42
0.12000 77 45
0.12987 74 48
0.12048 79 51
0.12048 76 48
0.12048 74 46
0.13043 71 44
0.12000 76 51
0.12000 72 43
0.12000 76 49
0.12000 72 40
0.12000 76 49
0.12658 72 40
0.12048 74 46
0.12552 71 40
0.12000 76 47
0.12000 72 42
0.12000 74 45
0.12875 71 41
0.12194 72 48
0.12317 67 40
0.12456 70 40
0.13043 67 36
0.12308 69 37
0.12238 65 32
0.12150 69 40
0.12049 65 34
0.12000 69 41
0.12658 65 37
0.12048 67 44
0.12552 64 39
0.12000 69 47
0.12000 65 42
0.12000 70 45
0.12987 67 48
0.12048 72 51
0.12048 69 48
0.12048 67 45
0.12980 64 42
0.12322 69 37
0.12230 65 34
0.12142 69 40
0.12057 65 36
0.11964 69 41
0.12658 65 37
0.12048 67 44
0.12552 64 39
0.12000 69 47
0.12000 65 42
0.12000 70 45
0.12987 67 48
0.11979 72 51
0.12170 69 52
0.12441 74 57
0.12918 71 51
0.12305 76 58
0.12117 72 47
0.11966 76 55
0.11861 72 47
0.11858 76 52
0.12658 72 40
0.12048 74 46
0.12552 71 40
0.12000 76 47
0.12000 72 42
0.12000 77 45
0.12987 74 48
0.12048 79 55
0.12048 76 48
0.12048 74 46
0.13043 71 44
0.12000 76 51
0.12000 72 43
0.12000 76 49
0.12000 72 40
0.12000 76 45
0.12658 72 42
0.12048 74 46
0.12552 71 40
0.12000 76 47
0.12000 72 42
0.12000 74 45
0.12875 71 41
0.12194 72 48
0.12317 67 40
0.12456 70 40
0.13043 67 40
0.12146 70 47
0.12146 67 40
0.12048 70 47
0.12048 67 40
0.12048 70 47
0.12048 67 41
0.12048 70 47
0.12658 67 42
0.12146 70 47
0.12146 67 41
0.12146 70 47
0.12146 67 42
0.12146 70 47
0.12146 67 41
0.12146 70 47
0.13216 67 42
0.12048 68 47
0.12048 65 40
0.11905 68 47
0.11905 65 40
0.11905 68 49
0.11905 65 43
0.11905 68 52
0.12552 65 48
0.12000 68 57
0.12000 65 49
0.12000 68 54
0.12000 65 42
0.12000 68 47
0.12000 65 41
0.12000 68 47
0.14019 65 37
0.12000 61 41
0.12000 56 33
0.12000 61 41
0.12000 56 34
0.12108 61 41
0.12115 56 33
0.72223 65 45
0.12072 60 41
0.12022 56 34
0.24095 63 42
0.11980 61 41
0.11930 56 34
0.23910 65 42
0.11889 0 0
0.11840 56 34
0.23728 66 42
0.11811 0 0
0.11869 56 34
0.23680 68 42
0.11938 60 41
0.12012 56 34
0.23950 63 42
0.11952 0 0
0.11952 61 34
0.23904 65 42
0.11921 0 0
0.11905 64 38
0.23825 67 46
0.11885 0 0
0.11858 65 40
0.23742 68 48
0.11858 0 0
0.12460 65 46
0.24317 70 53
0.11927 72 55
0.11858 64 44
0.11858 70 50
0.11837 67 42
0.11777 64 47
0.37033 0 0
0.12432 69 37
0.12300 65 27
0.12176 69 40
0.12053 65 32
0.11953 69 41
0.12658 65 37
0.12048 67 44
0.12552 64 39
0.12000 69 47
0.12000 65 42
0.12000 70 45
0.12987 67 48
0.12048 72 51
0.12048 69 48
0.12048 67 44
0.13043 64 42
0.12000 69 37
0.12000 65 32
0.12000 69 40
0.12000 65 34
0.12000 69 41
0.12658 65 37
0.12048 67 44
0.12552 64 39
0.12000 69 47
0.12000 65 42
0.12000 70 45
0.12987 67 48
0.12048 72 51
0.12048 69 48
0.12048 64 46
0.13043 65 44
0.12000 70 41
0.12000 65 33
0.12000 70 41
0.12000 65 34
0.12108 70 41
0.12115 65 33
0.72223 74 57
0.12072 69 41
0.12022 65 34
0.24095 72 42
0.11980 70 47
0.11930 65 40
0.23910 74 47
0.11889 0 0
0.11840 65 44
0.23728 76 53
0.11811 0 0
0.11869 65 46
0.23680 77 56
0.11938 0 0
0.12061 65 38
0.23998 74 51
0.12071 0 0
0.11960 65 34
0.24032 72 49
0.11864 0 0
0.11858 64 34
0.23722 69 42
0.23715 65 49
0.14851 70 42
0.14851 62 42
0.14851 0 0
0.51948 64 53
0.51948 58 49
0.25974 65 45
0.25974 57 41
0.25974 0 0
0.12146 70 47
0.12146 67 40
0.12048 70 47
0.12048 67 40
0.12048 70 47
0.12048 67 41
0.12048 70 47
0.12658 67 42
0.12146 70 47
0.12146 67 41
0.12146 70 47
0.12146 67 42
0.12146 70 47
0.12146 67 41
0.12146 70 47
0.13216 67 42
0.12048 68 47
0.12048 65 40
0.11905 68 47
0.11905 65 40
0.11905 68 49
0.11905 65 43
0.11905 68 52
0.12552 65 48
0.12000 68 57
0.12000 65 49
0.12000 68 54
0.12000 65 42
0.12000 68 47
0.12000 65 41
0.12000 68 47
0.12876 65 37
0.12000 61 41
0.12000 56 33
0.12000 61 41
0.12000 56 34
0.12108 61 41
0.12115 56 33
0.72223 65 45
0.12072 60 41
0.12022 56 34
0.24095 63 42
0.11980 61 41
0.11930 56 34
0.23910 65 42
0.11889 0 0
0.11840 56 34
0.23728 66 42
0.11811 0 0
0.11869 56 34
0.23680 68 42
0.11938 60 41
0.12012 56 34
0.23950 63 42
0.11952 0 0
0.11952 61 34
0.23904 65 42
0.11921 0 0
0.11905 64 38
0.23825 67 46
0.11885 0 0
0.11858 65 40
0.23742 68 48
0.11858 0 0
0.12460 65 46
0.24317 70 53
0.11927 72 55
0.11858 64 44
0.11858 70 50
0.11837 67 42
0.11777 64 47
0.36089 0 0
0.12432 69 37
0.12300 65 27
0.12176 69 40
0.12053 65 32
0.11953 69 41
0.12658 65 37
0.12048 67 44
0.12552 64 39
0.12000 69 47
0.12000 65 42
0.12000 70 45
0.12987 67 48
0.12048 72 51
0.12048 69 48
0.12048 67 44
0.13043 64 42
0.12000 69 37
0.12000 65 32
0.12000 69 40
0.12000 65 34
0.12000 69 41
0.12658 65 37
0.12048 67 44
0.12552 64 39
0.12000 69 47
0.12000 65 42
0.12000 70 45
0.12987 67 48
0.12048 72 51
0.12048 69 48
0.12048 64 46
0.14354 65 44
0.12000 70 41
0.12000 65 33
0.12000 70 41
0.12000 65 34
0.12108 70 41
0.12115 65 33
0.72223 74 57
0.12072 69 41
0.12022 65 34
0.24095 72 42
0.11980 70 47
0.11930 65 40
0.23910 74 47
0.11889 0 0
0.11840 65 44
0.23728 76 53
0.11811 0 0
0.11869 65 46
0.23680 77 56
0.11938 0 0
0.12061 65 38
0.23998 74 51
0.12071 0 0
0.11960 65 34
0.24032 72 49
0.11864 0 0
0.11858 64 34
0.23722 69 42
0.23715 65 49
0.14851 70 42
0.14851 62 42
0.14851 0 0
0.51948 64 53
0.51948 58 49
0.31088 65 45
0.31088 57 41
0.31088 0 0
0.11905 45 77
0.11905 47 69
0.11905 45 74
0.11905 47 69
0.11905 48 78
0.11905 47 69
0.11905 48 77
0.11905 47 69
0.23438 45 80
0.12245 47 69
0.12245 0 0
0.23256 48 79
0.12245 52 69
0.12245 0 0
0.23346 57 79
0.12195 59 69
0.12195 0 0
0.23904 60 79
0.13216 64 69
0.13216 0 0
0.24390 71 74
0.24390 68 62
0.24390 64 62
0.27778 71 70
0.27778 68 59
0.27778 64 59
0.50848 72 80
0.50848 69 68
0.50848 64 68
0.11905 45 77
0.11905 47 69
0.11905 45 74
0.11905 47 69
0.11905 48 78
0.11905 47 69
0.11905 48 77
0.11905 47 69
0.23438 45 80
0.12245 47 69
0.12245 0 0
0.23256 48 79
0.12245 52 69
0.12245 0 0
0.23346 57 79
0.12195 59 69
0.12195 0 0
0.23904 60 79
0.13216 64 69
0.13216 0 0
0.24390 71 74
0.24390 68 62
0.24390 64 62
0.27778 71 70
0.27778 68 59
0.27778 64 59
0.50848 69 82
0.12039 58 77
0.11905 57 69
0.11905 58 74
0.11905 57 69
0.11905 55 78
0.11905 57 69
0.11905 55 77
0.11905 57 69
0.23468 58 80
0.12157 55 69
0.12245 0 0
0.23359 55 79
0.12766 52 69
0.12766 0 0
0.23528 70 79
0.23528 67 67
0.12108 67 69
0.12108 64 58
0.12195 0 0
0.23945 67 79
0.23945 64 67
0.13005 61 58
0.13005 64 69
0.13216 0 0
0.24560 57 62
0.24560 61 62
0.24560 64 74
0.27496 57 59
0.27496 61 59
0.27496 64 70
0.51948 57 68
0.51948 62 68
0.51948 65 80
0.11929 60 77
0.11905 59 69
0.11905 60 74
0.11905 59 69
0.11905 57 78
0.11905 59 69
0.11905 57 77
0.11905 59 69
0.23468 60 80
0.12157 57 69
0.12245 0 0
0.23359 57 79
0.12712 54 69
0.12712 0 0
0.23519 72 79
0.23519 69 67
0.12108 69 69
0.12108 66 58
0.12195 0 0
0.23945 69 79
0.23945 66 67
0.13005 63 58
0.13005 66 69
0.13216 0 0
0.24560 63 74
0.24560 66 74
0.28169 63 70
0.28169 66 70
0.52632 59 68
0.52632 64 68
0.52632 68 80
0.11905 57 84
0.11905 59 75
0.11905 57 81
0.11905 59 75
0.11905 60 85
0.11905 59 75
0.11905 60 84
0.11905 59 75
0.23438 57 88
0.12245 59 75
0.12245 0 0
0.23256 60 86
0.12245 64 75
0.12245 0 0
0.23346 69 86
0.12195 71 75
0.12195 0 0
0.23904 72 86
0.13216 76 75
0.13216 0 0
0.26432 71 86
0.26432 68 73
0.26432 64 73
0.25210 71 81
0.25210 68 68
0.25210 64 68
0.24590 72 81
0.24590 69 68
0.24590 64 68
0.26316 73 85
0.26316 64 72
0.26316 67 72
0.26316 69 72
0.49686 74 91
0.49686 69 77
0.49686 65 77
0.11905 65 81
0.11905 64 72
0.11905 65 80
0.13393 64 72
0.23904 62 84
0.12245 64 72
0.12245 0 0
0.23438 65 82
0.12245 69 72
0.12245 0 0
0.23529 74 82
0.12658 76 72
0.12658 0 0
0.24291 77 82
0.15385 81 72
0.15385 0 0
0.25424 80 85
0.25424 76 71
0.25424 71 71
0.29851 80 80
0.29851 76 67
0.29851 71 67
0.48193 81 92
0.48193 76 77
0.48193 72 77
#  Piano left
0.11905 33 67
0.11905 35 60
0.11905 33 65
0.11905 35 60
0.11905 36 68
0.11905 35 60
0.11905 36 67
0.11905 35 60
0.23438 33 70
0.12245 35 60
0.12245 0 0
0.23256 36 69
0.12245 40 60
0.12245 0 0
0.23346 45 69
0.12195 47 60
0.12195 0 0
0.23904 48 69
0.13216 52 60
0.13216 0 0
0.23171 52 67
0.01220 0 0
0.26389 52 60
0.01389 0 0
0.49587 57 70
0.11905 33 67
0.11905 35 60
0.11905 33 65
0.11905 35 60
0.11905 36 68
0.11905 35 60
0.11905 36 67
0.11905 35 60
0.23438 33 70
0.12245 35 60
0.12245 0 0
0.23256 36 69
0.12245 40 60
0.12245 0 0
0.23077 45 69
0.12195 47 60
0.12195 0 0
0.23622 48 69
0.13216 52 60
0.13216 0 0
0.23171 52 67
0.01220 0 0
0.26389 52 60
0.01389 0 0
0.50420 57 70
0.12021 46 67
0.11905 45 60
0.11905 46 65
0.11905 45 60
0.11905 43 68
0.11905 45 60
0.11905 43 67
0.11905 45 60
0.23468 46 70
0.12157 43 60
0.12245 0 0
0.23359 43 69
0.12142 40 60
0.12245 0 0
0.23442 37 69
0.12108 40 60
0.12195 0 0
0.23945 40 69
0.13005 43 60
0.13216 0 0
0.24153 45 67
0.01271 0 0
0.26193 45 60
0.01389 0 0
0.51337 50 70
0.11929 48 67
0.11905 47 60
0.11905 48 65
0.11905 47 60
0.11905 45 68
0.11905 47 60
0.11905 45 67
0.11905 47 60
0.23468 48 70
0.12157 45 60
0.12245 0 0
0.23359 45 69
0.12142 42 60
0.12245 0 0
0.23442 39 69
0.12108 42 60
0.12195 0 0
0.23622 42 69
0.13216 45 60
0.13216 0 0
0.24560 47 67
0.28169 47 60
0.50523 52 70
0.12000 45 73
0.12000 47 66
0.12000 45 71
0.12000 47 66
0.11858 48 74
0.11858 47 66
0.11858 48 73
0.11858 47 66
0.23438 45 77
0.12245 47 66
0.12245 0 0
0.23256 48 75
0.12245 52 66
0.12245 0 0
0.23346 57 75
0.12195 59 66
0.12195 0 0
0.23904 60 75
0.13216 64 66
0.13216 0 0
0.25110 52 79
0.01322 0 0
0.23950 52 69
0.01261 0 0
0.23750 57 80
0.01250 0 0
0.24569 45 72
0.01293 0 0
0.12195 50 86
0.12195 52 73
0.12195 50 78
0.13100 52 69
0.11905 53 71
0.11905 52 63
0.11905 53 70
0.12552 52 63
0.23438 50 73
0.12658 52 63
0.12658 0 0
0.23256 53 72
0.12245 57 63
0.12245 0 0
0.23346 62 72
0.12195 64 63
0.12195 0 0
0.23904 65 72
0.14151 69 63
0.14151 0 0
0.23750 64 70
0.01250 0 0
0.28358 64 63
0.01493 0 0
0.50848 69 73
0.11929 46 67
0.11905 45 60
0.11905 46 65
0.11905 45 60
0.11905 43 68
0.11905 45 60
0.11905 43 67
0.11905 45 60
0.23469 46 70
0.12157 43 60
0.12245 0 0
0.23359 43 69
0.12142 40 60
0.12245 0 0
0.23442 37 69
0.12108 40 60
0.12195 0 0
0.23945 40 69
0.13005 43 60
0.13216 0 0
0.23341 45 67
0.01220 0 0
0.26107 45 60
0.01389 0 0
0.50170 50 70
0.11929 48 67
0.11905 47 60
0.11905 48 65
0.11905 47 60
0.11905 45 68
0.11905 47 60
0.12346 45 67
0.12346 47 60
0.23542 48 70
0.12157 45 60
0.12245 0 0
0.23359 45 69
0.12142 42 60
0.12245 0 0
0.23385 39 69
0.12108 42 60
0.12195 0 0
0.23945 42 69
0.13005 45 60
0.13216 0 0
0.23341 47 67
0.01220 0 0
0.26761 47 60
0.01408 0 0
0.51281 52 70
0.12038 45 73
0.11980 47 66
0.11923 45 71
0.11866 47 66
0.11905 48 74
0.11905 47 66
0.11905 48 73
0.11905 47 66
0.23438 45 77
0.12245 47 66
0.12245 0 0
0.23256 48 75
0.12245 52 66
0.12245 0 0
0.23346 57 75
0.12195 59 66
0.12195 0 0
0.23904 60 75
0.13216 64 66
0.13216 0 0
0.25110 52 79
0.01322 0 0
0.23950 52 69
0.01261 0 0
0.23265 57 80
0.01224 0 0
0.24783 45 72
0.01304 0 0
0.12195 50 86
0.12195 52 73
0.12195 50 78
0.13100 52 69
0.11905 53 71
0.11905 52 63
0.11905 53 70
0.12552 52 63
0.23438 50 73
0.12821 52 63
0.12821 0 0
0.23256 53 72
0.12245 57 63
0.12245 0 0
0.23346 62 72
0.12195 64 63
0.12195 0 0
0.23904 65 72
0.14634 69 63
0.14634 0 0
0.23750 64 70
0.01250 0 0
0.28358 64 63
0.01493 0 0
0.57521 69 73
0.12505 53 34
0.12347 57 27
0.12208 53 35
0.12062 57 27
0.11955 53 36
0.12658 57 32
0.12048 48 38
0.12552 55 31
0.12000 53 40
0.12000 57 36
0.12000 55 40
0.12987 58 35
0.12048 57 44
0.12048 60 40
0.12048 48 36
0.12824 55 36
0.12181 53 34
0.12122 57 28
0.12063 53 35
0.12001 57 29
0.11952 53 36
0.12658 57 31
0.12048 48 38
0.12552 55 31
0.12000 53 40
0.12000 57 36
0.12000 55 40
0.12987 58 35
0.11979 57 44
0.12170 60 40
0.12446 55 48
0.12655 59 43
0.12252 60 50
0.12117 64 41
0.11966 60 40
0.11861 64 33
0.11858 60 40
0.12658 64 35
0.12048 55 40
0.12552 62 32
0.12000 60 40
0.12000 64 36
0.12000 62 40
0.12987 65 35
0.12048 64 44
0.12048 67 37
0.12048 55 38
0.13043 62 40
0.12000 60 44
0.12000 64 33
0.12000 60 39
0.12000 64 33
0.12000 60 40
0.12658 64 35
0.12048 55 40
0.12552 62 32
0.12000 60 40
0.12000 64 36
0.12000 62 40
0.12875 65 35
0.24512 64 44
0.25499 0 0
0.12308 53 34
0.12238 57 29
0.12150 53 35
0.12049 57 29
0.12000 53 36
0.12658 57 32
0.12048 48 38
0.12552 55 31
0.12000 53 40
0.12000 57 36
0.12000 55 40
0.12987 58 35
0.12048 57 44
0.12048 60 40
0.12048 48 38
0.12980 55 36
0.12322 53 34
0.12230 57 29
0.12142 53 35
0.12057 57 29
0.11964 53 36
0.12658 57 32
0.12048 48 38
0.12552 55 31
0.12000 53 40
0.12000 57 36
0.12000 55 40
0.12987 58 35
0.11979 57 44
0.12170 60 40
0.12441 55 48
0.12918 59 43
0.12305 60 50
0.12117 64 41
0.11966 60 40
0.11861 64 33
0.11858 60 40
0.12658 64 35
0.12048 55 40
0.12552 62 32
0.12000 60 40
0.12000 64 36
0.12000 62 40
0.12987 65 35
0.12048 64 44
0.12048 67 37
0.12048 55 38
0.13043 62 40
0.12000 60 44
0.12000 64 33
0.12000 60 39
0.12000 64 33
0.12000 60 40
0.12658 64 35
0.12048 55 40
0.12552 62 32
0.12000 60 40
0.12000 64 36
0.12000 62 40
0.12875 65 35
0.24512 64 44
0.25499 0 0
0.72484 36 78
0.24706 37 58
0.24291 36 70
0.24292 44 61
0.49653 43 66
0.71715 36 80
0.24457 37 66
0.24000 36 78
0.24000 46 66
0.50019 44 76
0.72223 49 46
0.24095 44 43
0.23910 49 46
0.23728 51 42
0.23680 53 46
0.23950 44 43
0.23904 49 46
0.23825 52 47
0.23825 49 47
0.22557 53 53
0.22557 49 53
0.01186 0 0
0.23062 53 59
0.23062 49 59
0.01255 0 0
0.23785 55 65
0.23785 48 65
0.35472 0 0
0.11833 60 47
0.12070 58 46
0.13130 55 45
0.12432 53 34
0.12300 57 29
0.12176 53 35
0.12053 57 29
0.11953 53 36
0.12658 57 32
0.12048 48 38
0.12552 55 31
0.12000 53 40
0.12000 57 36
0.12000 55 40
0.12987 58 35
0.12048 57 44
0.12048 60 40
0.12048 48 39
0.13043 55 39
0.12000 53 34
0.12000 57 29
0.12000 53 35
0.12000 57 29
0.12000 53 36
0.12658 57 32
0.12048 48 38
0.12552 55 31
0.12000 53 40
0.12000 57 36
0.12000 55 40
0.12987 58 35
0.12048 57 44
0.12048 60 40
0.12048 53 39
0.13043 57 39
0.72223 58 50
0.24095 53 43
0.23910 58 46
0.23728 60 47
0.23680 62 51
0.23998 58 47
0.24032 57 46
0.23722 60 41
0.23715 62 44
0.14851 55 38
0.14851 0 0
0.51948 48 40
0.25974 53 37
0.25974 0 0
0.72484 36 78
0.24706 37 58
0.24291 36 70
0.24291 44 61
0.49653 43 66
0.71715 36 80
0.24457 37 66
0.24000 36 78
0.24000 46 66
0.48876 44 76
0.72223 49 46
0.24095 44 43
0.23910 49 46
0.23728 51 42
0.23680 53 46
0.23950 44 43
0.23904 49 46
0.23825 52 47
0.23825 49 47
0.22557 53 53
0.22557 49 53
0.01186 0 0
0.23062 53 59
0.23062 49 59
0.01255 0 0
0.23785 55 65
0.23785 48 65
0.35472 0 0
0.11833 60 47
0.11963 58 46
0.12293 55 45
0.12432 53 34
0.12300 57 29
0.12176 53 35
0.12053 57 29
0.11953 53 36
0.12658 57 32
0.12048 48 38
0.12552 55 31
0.12000 53 40
0.12000 57 36
0.12000 55 40
0.12987 58 35
0.12048 57 44
0.12048 60 40
0.12048 48 39
0.13043 55 39
0.12000 53 34
0.12000 57 29
0.12000 53 35
0.12000 57 29
0.12000 53 36
0.12658 57 32
0.12048 48 38
0.12552 55 31
0.12000 53 40
0.12000 57 36
0.12000 55 40
0.12987 58 35
0.12048 57 44
0.12048 60 40
0.12048 53 39
0.14354 57 39
0.72223 58 50
0.24095 53 43
0.23910 58 46
0.23728 60 47
0.23680 62 51
0.23998 58 47
0.24032 57 46
0.23722 60 41
0.23715 62 44
0.14851 55 38
0.14851 0 0
0.51948 48 40
0.31088 53 37
0.31088 0 0
0.11905 33 67
0.11905 35 60
0.11905 33 65
0.11905 35 60
0.11905 36 68
0.11905 35 60
0.11905 36 67
0.11905 35 60
0.23438 33 70
0.12245 35 60
0.12245 0 0
0.23256 36 69
0.12245 40 60
0.12245 0 0
0.23346 45 69
0.12195 47 60
0.12195 0 0
0.23904 48 69
0.13216 52 60
0.13216 0 0
0.24390 52 67
0.27778 52 60
0.50848 57 70
0.11905 33 67
0.11905 35 60
0.11905 33 65
0.11905 35 60
0.11905 36 68
0.11905 35 60
0.11905 36 67
0.11905 35 60
0.23438 33 70
0.12245 35 60
0.12245 0 0
0.23256 36 69
0.12245 40 60
0.12245 0 0
0.23346 45 69
0.12195 47 60
0.12195 0 0
0.23904 48 69
0.13216 52 60
0.13216 0 0
0.24390 52 67
0.27778 52 60
0.50848 57 70
0.12039 46 67
0.11905 45 60
0.11905 46 65
0.11905 45 60
0.11905 43 68
0.11905 45 60
0.11905 43 67
0.11905 45 60
0.23468 46 70
0.12157 43 60
0.12245 0 0
0.23359 43 69
0.12766 40 60
0.12766 0 0
0.23528 37 69
0.12108 40 60
0.12195 0 0
0.23945 40 69
0.13005 43 60
0.13216 0 0
0.24560 45 67
0.27496 45 60
0.51948 50 70
0.11929 48 67
0.11905 47 60
0.11905 48 65
0.11905 47 60
0.11905 45 68
0.11905 47 60
0.11905 45 67
0.11905 47 60
0.23468 48 70
0.12157 45 60
0.12245 0 0
0.23359 45 69
0.12712 42 60
0.12712 0 0
0.23519 39 69
0.12108 42 60
0.12195 0 0
0.23945 42 69
0.13005 45 60
0.13216 0 0
0.24560 47 67
0.28169 47 60
0.52632 52 70
0.11905 45 73
0.11905 47 66
0.11905 45 71
0.11905 47 66
0.11905 48 74
0.11905 47 66
0.11905 48 73
0.11905 47 66
0.23438 45 77
0.12245 47 66
0.12245 0 0
0.23256 48 75
0.12245 52 66
0.12245 0 0
0.23346 57 75
0.12195 59 66
0.12195 0 0
0.23904 60 75
0.13216 64 66
0.13216 0 0
0.26432 52 79
0.25210 52 69
0.24590 57 80
0.26316 45 72
0.12195 50 86
0.12195 52 73
0.12195 50 78
0.13100 52 69
0.11905 53 71
0.11905 52 63
0.11905 53 70
0.13393 52 63
0.23904 50 73
0.12245 52 63
0.12245 0 0
0.23438 53 72
0.12245 57 63
0.12245 0 0
0.23529 62 72
0.12658 64 63
0.12658 0 0
0.24291 65 72
0.15385 69 63
0.15385 0 0
0.25424 64 70
0.29851 64 63
0.48193 69 73
