"scn68_10"

#  Piano right
2.26434 0 0
0.27941 69 41
0.27941 65 34
0.27941 60 34
0.01471 0 0
0.29412 69 45
0.29412 65 38
0.29412 60 38
0.60779 0 0
0.27941 72 42
0.27941 69 35
0.27941 65 35
0.01471 0 0
0.29412 72 45
0.29412 69 38
0.29412 65 38
0.60853 0 0
0.28358 74 41
0.28358 70 34
0.28358 65 34
0.01493 0 0
0.29851 74 47
0.29851 70 39
0.60315 0 0
0.28218 72 40
0.28218 69 34
0.28218 65 34
0.01485 0 0
0.29703 72 49
0.29703 69 41
0.29703 65 41
0.60038 0 0
0.27805 64 36
0.27805 70 36
0.27805 72 43
0.01463 0 0
0.61264 72 45
0.61264 70 38
0.61264 64 38
0.29703 0 0
0.28218 69 41
0.28218 65 34
0.28218 60 34
0.01485 0 0
0.60315 69 45
0.60315 65 38
0.60315 60 38
0.29126 0 0
0.30612 67 45
0.30612 60 38
0.29557 0 0
0.31088 71 48
0.31088 67 40
0.31088 65 40
0.30612 0 0
0.30481 72 50
0.30481 67 42
0.30481 64 42
0.01604 0 0
0.59702 72 55
0.59702 67 46
0.59702 64 46
0.29851 0 0
0.27941 69 41
0.27941 65 34
0.27941 60 34
0.01471 0 0
0.29412 69 45
0.29412 65 38
0.29412 60 38
0.60779 0 0
0.27941 72 42
0.27941 69 35
0.27941 65 35
0.01471 0 0
0.29412 72 45
0.29412 69 38
0.29412 65 38
0.60853 0 0
0.28358 74 41
0.28358 70 34
0.28358 65 34
0.01493 0 0
0.29851 74 47
0.29851 70 39
0.60315 0 0
0.28218 72 40
0.28218 69 34
0.28218 65 34
0.01485 0 0
0.29703 72 49
0.29703 69 41
0.29703 65 41
0.60620 0 0
0.28358 64 36
0.28358 70 36
0.28358 72 43
0.01493 0 0
0.61264 72 45
0.61264 70 38
0.61264 64 38
0.29703 0 0
0.28218 69 41
0.28218 65 34
0.28218 60 34
0.01485 0 0
0.60791 69 45
0.60791 65 38
0.60791 60 38
0.29412 0 0
0.30303 67 45
0.30303 60 45
0.29851 0 0
0.31746 71 48
0.31746 67 40
0.31746 65 40
0.30612 0 0
0.30481 72 50
0.30481 67 42
0.30481 64 42
0.01604 0 0
0.29851 72 55
0.29851 67 46
0.29851 64 46
0.29851 60 57
0.29851 0 0
0.27941 64 41
0.27941 60 34
0.01471 0 0
0.29412 64 45
0.29412 60 38
0.88674 70 62
0.30928 69 57
0.29851 0 0
0.27941 60 42
0.27941 58 35
0.01471 0 0
0.27941 60 45
0.27941 58 38
0.88674 67 63
0.30928 60 57
0.29199 70 63
0.28985 69 57
0.28985 60 48
0.29126 67 63
0.29126 60 53
0.30612 65 57
0.30612 59 48
0.29703 0 0
0.28218 60 40
0.01485 0 0
0.28358 60 49
0.89257 67 70
0.29851 60 57
0.29851 0 0
0.27941 60 41
0.27941 57 34
0.01471 0 0
0.27941 60 45
0.27941 57 38
0.88674 65 62
0.30928 69 57
0.29851 0 0
0.27941 69 42
0.27941 65 35
0.01471 0 0
0.27941 69 45
0.27941 65 38
0.88674 72 63
0.30928 65 57
0.29925 70 63
0.29631 70 34
0.29631 65 34
0.29631 74 57
0.29412 77 55
0.30612 65 39
0.30612 70 39
0.30612 74 57
0.29703 0 0
0.28218 69 40
0.28218 65 34
0.01485 0 0
0.29703 69 49
0.29703 65 41
0.89109 72 70
0.60401 0 0
0.27941 64 36
0.27941 70 36
0.27941 72 43
0.01471 0 0
0.61043 72 45
0.61043 70 38
0.61043 64 38
0.29703 0 0
0.28218 69 41
0.28218 65 34
0.28218 60 34
0.01485 0 0
0.28218 69 45
0.28218 65 38
0.28218 60 38
0.01485 0 0
0.31088 69 45
0.31088 65 38
0.31088 60 38
0.29412 0 0
0.30928 67 45
0.30928 62 38
0.29851 0 0
0.31746 60 48
0.31746 58 40
0.30612 0 0
0.30481 65 50
0.30481 60 42
0.30481 57 42
0.01604 0 0
0.28358 65 55
0.28358 60 46
0.28358 57 46
0.01493 0 0
0.29851 60 57
0.29851 0 0
0.27941 64 41
0.27941 60 34
0.01471 0 0
0.29412 64 45
0.29412 60 38
0.88674 70 62
0.30928 69 57
0.29851 0 0
0.27941 60 42
0.27941 58 35
0.01471 0 0
0.27941 60 45
0.27941 58 38
0.88674 67 63
0.30928 60 57
0.28986 70 63
0.28985 69 57
0.28985 60 48
0.29268 67 63
0.29268 60 53
0.30612 65 57
0.30612 59 48
0.29703 0 0
0.28218 60 40
0.01485 0 0
0.28358 60 49
0.89257 67 70
0.29851 60 57
0.29851 0 0
0.27941 60 41
0.27941 57 34
0.01471 0 0
0.27941 60 45
0.27941 57 38
0.88674 65 62
0.30928 69 57
0.29851 0 0
0.27941 69 42
0.27941 65 35
0.01471 0 0
0.27941 69 45
0.27941 65 38
0.88674 72 63
0.30612 65 57
0.29925 70 63
0.29851 70 34
0.29851 65 34
0.29851 74 57
0.29412 77 55
0.30612 65 39
0.30612 70 39
0.30612 74 57
0.29703 0 0
0.28218 69 40
0.28218 65 34
0.01485 0 0
0.29703 69 49
0.29703 65 41
0.89109 72 70
0.60181 0 0
0.28218 64 36
0.28218 70 36
0.28218 72 43
0.01485 0 0
0.61117 72 45
0.61117 70 38
0.61117 64 38
0.29703 0 0
0.28218 69 41
0.28218 65 34
0.28218 60 34
0.01485 0 0
0.28218 69 45
0.28218 65 38
0.28218 60 38
0.01485 0 0
0.32609 69 45
0.32609 65 38
0.32609 60 38
0.30928 0 0
0.32967 67 45
0.32967 62 38
0.31746 0 0
0.34483 60 48
0.34483 58 40
0.32967 0 0
0.33529 65 50
0.33529 60 42
0.33529 57 42
0.01765 0 0
0.33149 65 55
0.33149 60 46
0.33149 57 46
#  Piano left
1.66733 0 0
0.29851 48 50
0.88674 53 54
0.30928 57 50
0.88674 60 55
0.30928 53 50
0.29925 58 55
0.29851 62 50
0.29851 65 55
0.30612 62 50
0.89109 60 61
0.30769 57 52
0.29268 58 59
0.29268 55 46
0.29851 48 44
0.31414 58 50
0.29703 57 57
0.29703 53 45
0.29703 48 45
0.30612 57 45
0.59738 52 54
0.60645 50 55
0.62698 48 57
0.29851 0 0
0.29851 48 50
0.88674 53 54
0.30928 57 50
0.88674 60 55
0.30928 53 50
0.29925 58 55
0.29851 62 50
0.29851 65 55
0.30612 62 50
0.89109 60 61
0.30769 57 52
0.29851 58 59
0.29851 55 46
0.29851 48 44
0.31414 58 50
0.29703 57 57
0.29703 53 45
0.29703 48 45
0.31088 57 45
0.59715 52 54
0.61597 50 55
0.62698 48 57
0.29851 0 0
0.29851 48 50
0.88674 55 54
0.30928 53 50
0.88674 52 55
0.30928 48 50
0.29199 55 55
0.28985 53 42
0.29126 52 46
0.30612 50 42
0.89257 48 61
0.29851 48 50
0.88674 53 54
0.30928 57 50
0.88674 60 55
0.30928 53 50
0.29925 58 55
0.29631 62 50
0.29412 65 55
0.30612 62 50
0.89109 60 61
0.30769 57 52
0.29631 58 59
0.29412 55 46
0.29630 48 44
0.31414 58 50
0.29703 57 57
0.29703 53 45
0.29703 48 45
0.31088 57 45
0.60340 55 54
0.60340 46 54
0.61597 52 55
0.61597 48 55
0.62698 53 57
0.29851 0 0
0.29851 48 50
0.88674 55 54
0.30928 53 50
0.88674 52 55
0.30928 48 50
0.28986 55 55
0.28985 53 42
0.29268 52 46
0.30612 50 42
0.89257 48 61
0.29851 48 50
0.88674 53 54
0.30928 57 50
0.88674 60 55
0.30612 53 50
0.29925 58 55
0.29851 62 50
0.29412 65 55
0.30612 62 50
0.89109 60 61
0.30769 57 52
0.29412 58 59
0.29703 55 46
0.29703 48 44
0.31414 58 50
0.29703 57 57
0.29703 53 45
0.29703 48 45
0.32609 57 45
0.63895 55 54
0.63895 46 54
0.66229 52 55
0.66229 48 55
0.68261 53 57
