"ty_april"

#  Piano right
1.07976 0 0
0.25105 65 51
0.70986 67 55
0.45977 69 56
0.24000 70 55
0.67932 74 61
0.45627 72 55
0.23576 65 52
0.67938 71 55
0.44790 72 60
0.23714 74 58
0.67164 77 66
0.44776 75 64
0.23847 75 71
0.69974 76 77
0.45801 82 72
0.24490 81 67
0.71668 69 66
0.47244 82 69
0.25210 81 61
0.73617 69 56
0.48387 82 58
0.25000 81 53
0.25000 0 0
0.25862 65 35
0.25862 62 35
0.25862 65 31
0.25862 62 31
0.25862 62 31
0.25862 65 31
0.25626 65 31
0.25626 62 31
1.28212 69 50
0.24691 53 52
0.71815 55 55
0.47156 57 55
0.24291 60 52
0.68765 55 59
0.45843 53 55
0.23809 55 57
0.68387 57 63
0.45844 59 66
0.23714 62 61
0.67925 56 72
0.45283 55 70
0.25105 60 72
0.69827 0 0
0.46693 72 70
0.24691 70 67
1.41211 61 75
0.71286 0 0
0.47431 69 70
0.24896 67 63
1.43613 62 74
0.48000 56 58
0.25424 57 53
0.47244 62 58
0.24560 57 54
0.75407 57 50
0.50848 58 46
0.24390 57 52
0.70927 55 55
0.46497 57 56
0.24390 60 53
0.68182 55 59
0.45454 53 55
0.23576 55 57
0.68896 57 60
0.45283 59 66
0.23714 62 62
0.69140 56 72
0.46094 55 70
0.25641 60 72
0.72021 0 0
0.47619 72 72
0.24793 70 67
1.44433 61 77
0.71734 0 0
0.47431 69 70
0.25210 67 58
1.44375 62 74
0.48000 56 54
0.25424 57 50
0.48583 62 56
0.24793 57 53
0.76822 60 50
0.53097 58 46
0.27657 0 0
0.71937 62 55
0.23182 0 0
0.23182 61 36
0.23182 57 36
0.46382 65 64
0.23494 57 34
0.23494 61 34
0.23494 64 58
0.11526 61 51
0.11464 62 53
0.11401 64 55
0.11340 65 58
0.11279 68 60
0.11218 69 63
0.11159 73 66
0.11099 74 68
0.11041 77 74
0.36551 0 0
0.69955 62 56
0.23182 0 0
0.23182 61 36
0.23182 57 36
0.46364 65 64
0.23494 64 58
0.23494 61 34
0.23494 57 34
0.11526 61 51
0.11464 62 53
0.11401 64 55
0.11340 65 58
0.11279 68 60
0.11218 69 63
0.11151 73 66
0.11310 74 68
0.11041 81 73
0.35983 0 0
0.69266 62 57
0.22990 0 0
0.22990 57 36
0.22990 61 36
0.45981 65 64
0.23494 61 34
0.23494 57 34
0.23494 64 58
0.11526 61 51
0.11464 62 53
0.11327 64 55
0.11243 65 58
0.11173 68 60
0.11091 69 63
0.11029 73 66
0.11029 74 68
0.11002 77 74
0.36041 0 0
0.70627 62 58
0.23182 0 0
0.23182 57 36
0.23182 61 36
0.46364 65 63
0.23494 61 34
0.23494 57 34
0.23494 64 58
0.11526 61 51
0.11464 62 53
0.11401 64 55
0.11340 65 58
0.11279 68 60
0.11218 69 63
0.11151 73 66
0.11310 74 68
0.11041 81 74
0.35543 0 0
0.71378 86 85
0.70728 74 72
0.34916 60 57
0.11480 62 54
0.11364 63 57
0.11236 64 59
0.22229 0 0
0.11111 60 46
0.11111 57 46
0.44451 67 62
0.12526 57 42
0.12526 60 42
0.25052 65 59
0.71578 82 74
0.70728 70 67
0.34916 57 57
0.11480 58 49
0.11417 59 52
0.11340 61 55
0.22528 0 0
0.11264 53 46
0.45055 64 58
0.12526 53 42
0.25052 62 56
0.23529 0 0
0.24096 62 41
0.24096 58 36
0.24096 67 41
0.24691 62 35
0.24691 58 30
0.24691 67 35
0.47431 81 70
0.24291 69 59
0.23622 0 0
0.24000 67 41
0.24000 58 36
0.24000 62 41
0.24490 67 35
0.24490 58 30
0.24490 62 35
0.47431 81 69
0.24590 69 59
0.37037 64 50
0.11952 63 45
0.11952 64 48
0.11952 65 51
0.49587 69 54
0.28544 67 52
0.25641 0 0
0.51670 55 36
0.51670 58 39
0.51670 62 39
0.28037 0 0
0.63540 61 36
0.63540 55 32
0.63540 52 32
0.74247 62 55
0.23622 0 0
0.23622 57 36
0.23622 61 36
0.47244 65 64
0.23847 61 34
0.23847 57 34
0.23847 64 58
0.11526 61 51
0.11464 62 53
0.11401 64 55
0.11340 65 58
0.11279 68 60
0.11218 69 63
0.11159 73 66
0.11099 74 68
0.11041 77 75
0.36551 0 0
0.70051 62 58
0.23182 0 0
0.23182 61 36
0.23182 57 36
0.46364 65 64
0.23494 57 34
0.23494 64 58
0.23494 61 34
0.11526 61 51
0.11464 62 53
0.11292 64 55
0.11187 65 58
0.11070 68 60
0.11029 69 63
0.11055 73 66
0.11310 74 68
0.11041 81 74
0.35543 0 0
0.69640 62 59
0.22990 0 0
0.22990 57 36
0.22990 61 36
0.45981 65 64
0.23464 61 34
0.23464 57 34
0.23464 64 58
0.11356 61 51
0.11314 62 53
0.11271 64 55
0.11222 65 58
0.11180 68 60
0.11139 69 63
0.11110 73 66
0.11099 74 68
0.11041 77 73
0.36093 0 0
0.70433 62 58
0.23182 0 0
0.23182 57 36
0.23182 61 36
0.46364 65 63
0.23494 61 34
0.23494 57 34
0.23494 64 58
0.11526 61 51
0.11464 62 53
0.11401 64 55
0.11340 65 58
0.11279 68 60
0.11218 69 63
0.11151 73 66
0.11310 74 68
0.11041 81 74
0.35543 0 0
0.71546 86 86
0.70728 74 72
0.34916 60 57
0.11480 62 54
0.11417 63 57
0.11340 64 59
0.22528 0 0
0.11264 57 46
0.11264 60 46
0.45055 67 62
0.12526 57 42
0.12526 60 42
0.25052 65 59
0.72039 82 72
0.71191 70 62
0.34916 58 51
0.11480 59 43
0.11417 60 46
0.11340 62 48
0.45055 65 51
0.24290 63 48
0.23876 0 0
0.17410 63 33
0.17410 65 33
0.17410 53 30
0.05771 0 0
0.17165 65 30
0.17165 53 27
0.17165 63 30
0.28303 0 0
0.16963 65 29
0.16963 53 26
0.16963 63 29
0.05654 0 0
0.19193 65 26
0.19193 53 23
0.19193 63 26
0.06667 0 0
0.36196 68 51
0.11575 69 43
0.11464 68 46
0.11355 69 48
0.22528 74 51
0.16896 63 35
0.22528 71 51
0.18297 63 31
0.24396 72 48
0.23772 0 0
0.17696 63 33
0.17696 53 30
0.17696 65 33
0.05844 0 0
0.17378 63 30
0.17378 53 27
0.17378 65 30
0.28653 0 0
0.17173 63 29
0.17173 53 26
0.17173 65 29
0.05724 0 0
0.18789 65 26
0.18789 63 26
0.18789 53 23
0.06263 0 0
0.35814 68 51
0.11720 69 43
0.11655 68 46
0.11575 69 48
0.22990 74 51
0.17243 63 35
0.22990 71 51
0.18621 63 31
0.24828 72 48
0.48583 67 51
0.25532 72 46
0.24390 66 51
0.18293 63 35
0.18293 60 35
0.06098 0 0
0.19911 60 31
0.19911 63 31
0.26549 65 48
0.51458 67 48
0.28958 72 42
0.27881 66 45
0.23053 60 31
0.23053 63 31
0.07684 0 0
0.24834 63 26
0.24834 60 26
0.33113 65 41
0.73825 67 51
0.48154 69 53
0.24194 70 54
0.69580 74 61
0.46656 72 55
0.23603 65 52
0.68710 71 55
0.44944 72 60
0.23714 74 59
0.67597 77 66
0.45113 75 64
0.24390 75 71
0.69649 76 77
0.46094 82 72
0.24012 81 67
0.70585 69 66
0.46368 82 70
0.24953 81 62
0.73919 69 57
0.48583 82 59
0.25641 81 54
0.25105 0 0
0.26087 65 35
0.26087 62 35
0.26087 62 31
0.26087 65 31
0.26087 65 31
0.26087 62 31
0.25626 62 31
0.25626 65 31
1.28991 69 50
0.24490 53 52
0.70597 55 55
0.47160 57 56
0.24000 60 52
0.68015 55 59
0.45627 53 55
0.23576 55 57
0.68363 57 60
0.44861 59 66
0.23714 62 63
0.68441 56 75
0.45627 55 75
0.25424 60 79
0.71298 0 0
0.47431 72 79
0.24590 70 73
1.43319 61 84
0.71649 0 0
0.47431 69 76
0.24125 67 69
1.43205 62 81
0.47427 56 64
0.25641 57 58
0.47619 62 63
0.25210 57 57
0.76394 60 53
0.53333 58 46
0.28846 0 0
0.47954 68 45
0.24828 69 39
0.48158 74 45
0.25510 69 39
0.72782 72 45
0.73668 70 45
0.74514 61 50
0.75793 62 47
0.76810 57 44
0.77937 58 36
0.48792 80 51
0.25166 81 44
0.49004 86 51
0.25510 81 44
0.74572 84 51
0.74514 82 51
0.75867 73 57
0.76684 74 54
0.77730 69 44
0.77722 70 36
0.77730 69 44
0.78224 70 36
0.79335 69 44
0.83674 70 36
1.16532 69 44
0.01313 0 0
0.15957 68 39
0.15957 69 33
0.15957 70 37
0.15957 69 31
0.76923 74 42
0.54446 72 38
1.54905 65 28
1.54905 62 23
1.54905 70 34
#  Piano left
1.33080 0 0
0.23077 65 36
0.23077 62 30
0.23077 58 30
0.23715 62 31
0.23715 65 35
0.23715 58 31
0.24194 62 28
0.24194 65 32
0.24194 58 28
0.22988 58 31
0.22988 65 35
0.22988 62 31
0.22988 58 24
0.22988 65 32
0.22988 62 24
0.46305 0 0
0.22814 57 30
0.22814 63 36
0.22814 65 36
0.22814 65 36
0.22814 57 30
0.22814 63 36
0.22814 63 36
0.22814 65 36
0.22814 57 30
0.21863 65 36
0.21863 57 30
0.21863 63 36
0.46831 0 0
0.22556 65 36
0.22556 56 30
0.22556 62 30
0.23077 62 30
0.23077 65 36
0.23077 56 30
0.22402 62 33
0.22402 65 40
0.22402 56 33
0.22388 62 33
0.22388 65 40
0.22388 56 33
0.46102 0 0
0.22388 60 38
0.22388 63 47
0.22388 55 38
0.22388 55 38
0.22388 63 47
0.22388 60 38
0.22388 60 38
0.22388 63 48
0.22388 55 38
0.22388 63 48
0.22388 55 38
0.22388 60 38
0.46489 0 0
0.22641 61 49
0.22641 57 45
0.22641 55 44
0.22641 64 49
0.24691 64 45
0.24691 55 38
0.24691 61 45
0.24691 57 38
0.22901 64 50
0.22901 55 41
0.22901 61 50
0.22901 57 41
0.22901 61 50
0.22901 57 41
0.22901 55 41
0.22901 64 50
0.47927 0 0
0.23438 62 44
0.23438 57 37
0.23438 53 37
0.24793 53 37
0.24793 57 37
0.24793 62 43
0.23622 62 43
0.23622 57 36
0.23622 53 36
0.23622 57 36
0.23622 53 36
0.23622 62 42
0.49306 0 0
0.24096 61 37
0.24096 55 31
0.24096 52 31
0.24096 57 37
0.25424 57 37
0.25424 52 31
0.25424 61 37
0.25424 55 26
0.24194 57 37
0.24194 52 30
0.24194 61 37
0.24194 55 25
0.24194 57 36
0.24194 52 30
0.24194 61 36
0.24194 55 25
0.50000 0 0
0.25862 50 23
0.25862 57 33
0.25862 50 21
0.25862 57 29
0.25862 57 29
0.25862 50 21
0.25626 57 29
0.25626 50 21
0.48788 0 0
0.24096 65 35
0.24096 48 31
0.24096 63 35
0.24096 53 31
0.23622 63 33
0.23622 53 29
0.23622 48 29
0.23622 65 33
0.23346 48 35
0.23346 53 35
0.23346 63 35
0.23346 65 35
0.23809 63 27
0.23809 53 27
0.23809 48 27
0.23809 65 32
0.47213 0 0
0.22922 65 36
0.22922 62 36
0.22922 46 30
0.22922 46 30
0.22922 65 36
0.22922 62 36
0.22922 62 36
0.22922 65 36
0.22922 46 30
0.22922 65 36
0.22922 46 30
0.22922 62 36
0.46114 0 0
0.22641 65 33
0.22641 55 33
0.22641 50 33
0.22641 67 39
0.23441 50 33
0.23441 55 33
0.23441 65 33
0.23441 67 39
0.22922 50 36
0.22922 55 36
0.22922 65 36
0.22922 67 42
0.22922 50 36
0.22922 55 36
0.22922 65 36
0.22922 67 44
0.46355 0 0
0.22641 63 51
0.22641 48 41
0.22641 60 41
0.22642 60 41
0.22642 63 52
0.22642 48 41
0.22641 63 52
0.22641 48 41
0.22641 60 41
0.21698 60 42
0.21698 63 53
0.21698 48 42
0.48862 0 0
0.23166 58 57
0.23166 64 57
0.23166 55 46
0.23847 55 39
0.23847 64 47
0.23847 58 47
0.23346 58 52
0.23346 64 52
0.23346 55 43
0.23346 64 52
0.23346 55 43
0.23346 58 52
0.47857 0 0
0.23529 58 38
0.23529 53 38
0.23529 65 46
0.24590 58 38
0.24590 53 38
0.24590 65 46
0.23715 53 38
0.23715 58 38
0.23715 65 46
0.23715 65 46
0.23715 58 38
0.23715 53 38
0.48896 0 0
0.24000 51 38
0.24000 41 38
0.25424 41 31
0.25424 51 38
0.23622 0 0
0.23622 50 37
0.23622 42 30
0.24560 50 36
0.24560 42 30
0.24560 0 0
0.25424 55 36
0.25424 50 33
0.25424 43 28
0.25424 50 29
0.25424 55 32
0.25424 43 25
0.25424 43 25
0.25424 50 29
0.25424 55 32
0.25424 50 29
0.25424 55 32
0.25424 43 25
0.48200 0 0
0.23809 48 28
0.23809 53 28
0.23809 63 32
0.23809 65 32
0.23308 53 27
0.23308 48 27
0.23308 63 30
0.23308 65 30
0.22922 63 32
0.22922 53 28
0.22922 48 28
0.22922 65 32
0.23576 53 27
0.23576 48 27
0.23576 63 30
0.23576 65 30
0.47118 0 0
0.22727 46 30
0.22727 58 36
0.22727 62 36
0.22727 62 36
0.22727 46 30
0.22727 58 36
0.22727 58 36
0.22727 62 36
0.22727 46 30
0.22727 62 36
0.22727 46 30
0.22727 58 36
0.46303 0 0
0.22727 65 33
0.22727 55 33
0.22727 50 33
0.22727 67 39
0.23441 50 33
0.23441 55 33
0.23441 65 33
0.23441 67 39
0.22641 50 36
0.22641 55 36
0.22641 65 36
0.22641 67 44
0.22641 50 37
0.22641 55 37
0.22641 65 37
0.22641 67 44
0.46760 0 0
0.23047 60 41
0.23047 63 51
0.23047 48 41
0.23047 60 41
0.23047 63 52
0.23047 48 41
0.23047 63 52
0.23047 48 41
0.23047 60 41
0.22087 48 42
0.22087 63 53
0.22087 60 42
0.50317 0 0
0.23715 55 44
0.23715 64 55
0.23715 58 55
0.24590 64 49
0.24590 55 41
0.24590 58 49
0.23810 58 55
0.23810 64 55
0.23810 55 45
0.23809 64 55
0.23809 55 45
0.23809 58 55
0.48415 0 0
0.23622 58 40
0.23622 53 40
0.23622 65 48
0.24490 65 48
0.24490 58 40
0.24490 53 40
0.23715 58 40
0.23715 53 40
0.23715 65 48
0.23715 65 48
0.23715 58 40
0.23715 53 40
0.49210 0 0
0.24000 51 36
0.24000 48 36
0.25424 51 36
0.25424 48 30
0.24291 0 0
0.24089 57 36
0.24292 51 36
0.24292 41 30
0.24292 53 36
0.24793 53 36
0.24793 41 30
0.24793 51 36
0.25424 0 0
0.25424 51 36
0.25424 57 36
0.25424 54 36
0.25424 46 28
0.25974 46 24
0.25974 54 32
0.25974 51 32
0.25974 57 32
0.26549 51 32
0.26549 49 32
0.53097 46 24
0.53097 53 29
0.27657 50 32
0.24186 0 0
0.23672 58 31
0.23672 65 36
0.23672 55 31
0.23076 58 31
0.23076 55 31
0.23076 65 36
0.24185 0 0
0.23182 55 34
0.23182 45 34
0.23494 45 34
0.23494 55 34
0.22991 0 0
0.11401 57 36
0.11401 53 30
0.11401 62 36
0.11340 0 0
0.11279 50 30
0.11218 0 0
0.11159 65 44
0.11159 57 44
0.11159 62 44
0.11099 0 0
0.11041 50 40
0.11041 0 0
0.12755 69 50
0.12755 62 42
0.12755 65 42
0.35652 0 0
0.23182 65 36
0.23182 55 31
0.23182 58 31
0.22881 55 31
0.22881 65 36
0.22881 58 31
0.24177 0 0
0.23182 45 34
0.23182 55 34
0.23494 55 34
0.23494 45 34
0.22991 0 0
0.11401 62 36
0.11401 57 36
0.11401 53 30
0.11340 0 0
0.11279 50 30
0.11218 0 0
0.11151 62 44
0.11151 65 44
0.11151 57 44
0.11310 0 0
0.11041 50 38
0.11041 0 0
0.12471 65 43
0.12471 69 51
0.12471 62 43
0.35181 0 0
0.23084 58 31
0.23084 65 36
0.23084 55 31
0.22494 65 36
0.22494 55 31
0.22494 58 31
0.23968 0 0
0.22990 45 34
0.22990 55 34
0.23494 45 34
0.23494 55 34
0.22991 0 0
0.11327 57 36
0.11327 53 30
0.11327 62 36
0.11243 0 0
0.11173 50 30
0.11091 0 0
0.11029 57 44
0.11029 65 44
0.11029 62 44
0.11029 0 0
0.11002 50 40
0.10989 0 0
0.12526 65 42
0.12526 69 50
0.12526 62 42
0.35901 0 0
0.23375 58 31
0.23375 65 36
0.23375 55 31
0.22881 58 31
0.22881 55 31
0.22881 65 36
0.24177 0 0
0.23182 55 34
0.23182 45 34
0.23494 45 34
0.23494 55 34
0.22991 0 0
0.11401 57 36
0.11401 53 30
0.11401 62 36
0.11340 0 0
0.11279 50 30
0.11218 0 0
0.11151 65 44
0.11151 57 44
0.11151 62 44
0.11310 0 0
0.11041 50 38
0.11041 0 0
0.12251 69 51
0.12251 62 43
0.12251 65 43
0.35433 0 0
0.11952 66 46
0.11952 62 34
0.11952 60 34
0.11952 70 46
0.11952 0 0
0.12146 62 28
0.12146 60 28
0.12146 66 39
0.12146 69 39
0.35521 0 0
0.11688 69 44
0.11688 58 40
0.11688 62 40
0.11688 0 0
0.11988 62 34
0.11988 67 39
0.11988 58 34
0.35266 0 0
0.11639 58 44
0.11639 55 40
0.11480 0 0
0.11364 55 36
0.11364 58 41
0.33465 0 0
0.11111 48 41
0.11111 41 36
0.11111 0 0
0.12526 48 37
0.12526 41 33
0.35998 0 0
0.11858 67 46
0.11858 56 41
0.11858 62 46
0.11858 0 0
0.12195 56 34
0.12195 65 39
0.12195 62 39
0.35571 0 0
0.11688 65 44
0.11688 55 40
0.11688 62 40
0.11688 0 0
0.11988 55 34
0.11988 64 39
0.11988 62 34
0.35266 0 0
0.11639 55 44
0.11639 52 40
0.11480 0 0
0.11417 52 36
0.11417 55 41
0.33867 0 0
0.11264 50 41
0.11264 46 36
0.11264 0 0
0.12526 46 33
0.12526 50 37
0.12526 0 0
0.47626 64 66
0.24691 52 40
0.23715 0 0
0.23715 61 40
0.23715 67 44
0.23715 57 40
0.24291 67 39
0.24291 57 34
0.24291 61 34
0.47622 64 66
0.24490 52 40
0.23715 0 0
0.23715 67 44
0.23715 57 40
0.23715 61 40
0.24590 57 34
0.24590 67 39
0.24590 61 34
0.24691 0 0
0.48202 58 39
0.48202 55 36
0.48202 62 39
0.24793 0 0
0.53338 58 32
0.53338 62 36
0.53338 52 32
0.38462 40 46
0.12448 39 40
0.12448 40 42
0.13954 43 44
0.56075 46 46
0.35503 45 43
0.25974 0 0
0.24194 58 31
0.24194 65 36
0.24194 55 31
0.23076 58 31
0.23076 55 31
0.23076 65 36
0.24625 0 0
0.23622 55 34
0.23622 45 34
0.23847 45 34
0.23847 55 34
0.22991 0 0
0.11401 57 36
0.11401 53 30
0.11401 62 36
0.11340 0 0
0.11279 50 30
0.11218 0 0
0.11159 65 44
0.11159 57 44
0.11159 62 44
0.11099 0 0
0.11041 50 40
0.11041 0 0
0.12755 69 50
0.12755 62 50
0.12755 65 50
0.35652 0 0
0.23277 65 36
0.23277 55 31
0.23277 58 31
0.22881 58 31
0.22881 55 31
0.22881 65 36
0.24177 0 0
0.23182 55 34
0.23182 45 34
0.23494 55 34
0.23494 45 34
0.22991 0 0
0.11292 53 30
0.11292 57 36
0.11292 62 36
0.11187 0 0
0.11070 50 30
0.11029 0 0
0.11055 57 44
0.11055 65 44
0.11055 62 44
0.11310 0 0
0.11041 50 38
0.11041 0 0
0.12251 62 43
0.12251 69 51
0.12251 65 43
0.35335 0 0
0.23084 55 31
0.23084 65 36
0.23084 58 31
0.22494 55 31
0.22494 65 36
0.22494 58 31
0.23968 0 0
0.22990 45 34
0.22990 55 34
0.23464 45 34
0.23464 55 34
0.22670 0 0
0.11271 62 36
0.11271 57 36
0.11271 53 30
0.11222 0 0
0.11180 50 30
0.11139 0 0
0.11110 62 44
0.11110 65 44
0.11110 57 44
0.11099 0 0
0.11041 50 40
0.11041 0 0
0.12526 65 42
0.12526 69 50
0.12526 62 42
0.35708 0 0
0.23375 58 31
0.23375 65 36
0.23375 55 31
0.22881 58 31
0.22881 55 31
0.22881 65 36
0.24177 0 0
0.23182 55 34
0.23182 45 34
0.23494 45 34
0.23494 55 34
0.22991 0 0
0.11401 57 36
0.11401 53 30
0.11401 62 36
0.11340 0 0
0.11279 50 30
0.11218 0 0
0.11151 62 44
0.11151 65 44
0.11151 57 44
0.11310 0 0
0.11041 50 38
0.11041 0 0
0.12251 65 43
0.12251 69 51
0.12251 62 43
0.35433 0 0
0.11836 70 46
0.11836 60 34
0.11836 66 46
0.11836 62 34
0.11836 0 0
0.12346 66 39
0.12346 69 39
0.12346 60 28
0.12346 62 28
0.35721 0 0
0.11688 62 40
0.11688 69 44
0.11688 58 40
0.11688 0 0
0.11988 67 39
0.11988 62 34
0.11988 58 34
0.35266 0 0
0.11639 58 44
0.11639 55 40
0.11480 0 0
0.11417 58 41
0.11417 55 36
0.33867 0 0
0.11264 41 36
0.11264 48 41
0.11264 0 0
0.12526 41 33
0.12526 48 37
0.35998 0 0
0.12295 67 43
0.12295 58 32
0.12295 62 43
0.12295 56 32
0.12295 0 0
0.11988 62 36
0.11988 65 36
0.11988 58 26
0.11988 56 26
0.35364 0 0
0.11811 58 36
0.11811 65 40
0.11811 55 30
0.11811 0 0
0.12097 63 35
0.12097 58 30
0.12097 55 25
0.35374 0 0
0.11639 56 39
0.11639 53 36
0.11480 0 0
0.11417 56 36
0.11417 53 32
0.33867 0 0
0.11264 60 35
0.11264 48 31
0.11264 55 31
0.11264 0 0
0.12145 55 28
0.12145 60 31
0.12145 48 28
0.12145 0 0
0.35499 44 51
0.11558 45 43
0.11464 44 46
0.11386 45 48
0.22618 50 51
0.22618 47 42
0.25859 48 48
0.24291 0 0
0.17700 60 36
0.17700 54 36
0.17700 63 39
0.05779 0 0
0.17157 63 36
0.17157 54 32
0.17157 60 32
0.28190 0 0
0.16896 53 31
0.16896 57 35
0.05632 0 0
0.18297 53 28
0.18297 57 31
0.06099 0 0
0.35608 44 51
0.11704 45 43
0.11607 44 46
0.11526 45 48
0.22897 50 51
0.22897 47 42
0.25052 48 48
0.23876 0 0
0.17806 60 36
0.17806 54 36
0.17806 63 39
0.05852 0 0
0.17451 63 36
0.17451 54 32
0.17451 60 32
0.28769 0 0
0.17243 53 31
0.17243 57 35
0.05748 0 0
0.18621 53 28
0.18621 57 31
0.30499 0 0
0.18219 63 39
0.18219 60 36
0.18219 58 36
0.06073 0 0
0.19149 58 27
0.19149 63 30
0.19149 60 27
0.30773 0 0
0.18293 53 31
0.18293 57 35
0.06098 0 0
0.19911 57 31
0.19911 53 28
0.32366 0 0
0.19297 60 33
0.19297 58 33
0.19297 63 36
0.06432 0 0
0.21718 60 24
0.21718 63 28
0.21718 58 24
0.35120 0 0
0.23053 57 26
0.23053 53 22
0.07684 0 0
0.24834 57 22
0.24834 53 20
0.32550 0 0
0.25084 65 35
0.25084 58 31
0.25084 62 31
0.24470 65 32
0.24470 58 28
0.24470 62 28
0.24077 62 30
0.24077 65 34
0.24077 58 30
0.24077 65 32
0.24077 58 28
0.24077 62 28
0.47797 0 0
0.22988 63 36
0.22988 57 30
0.22988 65 36
0.22989 65 36
0.22989 57 30
0.22989 63 36
0.23328 57 30
0.23328 65 36
0.23328 63 36
0.22356 63 36
0.22356 65 36
0.22356 57 30
0.47303 0 0
0.22727 62 30
0.22727 65 36
0.22727 56 30
0.23256 62 30
0.23256 65 36
0.23256 56 30
0.22472 62 33
0.22472 65 40
0.22472 56 33
0.22472 56 33
0.22472 65 40
0.22472 62 33
0.45854 0 0
0.22901 55 38
0.22901 63 47
0.22901 60 38
0.22556 63 47
0.22556 55 38
0.22556 60 38
0.22556 60 38
0.22556 63 48
0.22556 55 38
0.22556 63 48
0.22556 55 38
0.22556 60 38
0.47291 0 0
0.22901 61 55
0.22901 57 44
0.22901 55 44
0.22901 64 55
0.23847 55 41
0.23847 57 41
0.23847 61 49
0.23847 64 49
0.23047 55 45
0.23047 57 45
0.23047 61 55
0.23047 64 55
0.23047 55 45
0.23047 57 45
0.23047 61 55
0.23047 64 55
0.47309 0 0
0.23297 57 38
0.23297 53 38
0.23297 62 46
0.23990 62 46
0.23990 57 38
0.23990 53 38
0.23184 57 38
0.23184 53 38
0.23184 62 46
0.23184 53 38
0.23184 57 38
0.23184 62 45
0.49146 0 0
0.24194 52 31
0.24194 55 38
0.24194 61 38
0.24194 57 38
0.25532 55 31
0.25532 52 31
0.25532 61 37
0.25532 57 37
0.24291 55 31
0.24291 52 31
0.24291 61 37
0.24291 57 37
0.24291 55 30
0.24291 52 30
0.24291 61 37
0.24291 57 37
0.50746 0 0
0.26087 50 23
0.26087 57 33
0.26087 57 29
0.26087 50 21
0.26087 57 29
0.26087 50 21
0.25626 50 21
0.25626 57 29
0.48205 0 0
0.23166 53 31
0.23166 48 31
0.23166 63 35
0.23166 65 35
0.23715 63 32
0.23715 53 28
0.23715 48 28
0.23715 65 32
0.23256 65 35
0.23256 48 31
0.23256 63 35
0.23256 53 31
0.23904 63 33
0.23904 53 29
0.23904 48 29
0.23904 65 33
0.46814 0 0
0.22388 62 36
0.22388 58 36
0.22388 46 30
0.22814 58 36
0.22814 62 36
0.22814 46 30
0.22814 62 36
0.22814 46 30
0.22814 58 36
0.22814 46 30
0.22814 62 36
0.22814 58 36
0.46193 0 0
0.22305 50 33
0.22305 55 33
0.22305 65 33
0.22305 67 40
0.23441 65 34
0.23441 55 34
0.23441 50 34
0.23441 67 40
0.22556 55 37
0.22556 50 37
0.22556 65 37
0.22556 67 45
0.22305 65 38
0.22305 55 38
0.22305 50 38
0.22305 67 46
0.46527 0 0
0.22814 60 44
0.22814 63 55
0.22814 48 44
0.22814 60 45
0.22814 63 56
0.22814 48 45
0.22814 63 57
0.22814 48 45
0.22814 60 45
0.21863 48 42
0.21863 63 53
0.21863 60 42
0.49451 0 0
0.23529 55 50
0.23529 64 63
0.23529 58 63
0.24691 64 51
0.24691 55 44
0.24691 58 51
0.23715 58 57
0.23715 64 57
0.23715 55 47
0.23715 64 57
0.23715 55 47
0.23715 58 57
0.48120 0 0
0.23529 58 42
0.23529 53 42
0.23529 65 50
0.24590 65 50
0.24590 58 42
0.24590 53 42
0.23715 58 42
0.23715 53 42
0.23715 65 50
0.23715 65 50
0.23715 58 42
0.23715 53 42
0.47839 0 0
0.23714 51 42
0.23714 48 42
0.25641 51 41
0.25641 48 34
0.23810 0 0
0.23611 57 40
0.23810 51 40
0.23810 41 33
0.23810 53 40
0.25210 53 39
0.25210 41 32
0.25210 51 39
0.25210 0 0
0.25210 51 37
0.25210 57 37
0.25210 54 37
0.25210 46 34
0.25974 54 32
0.25974 57 32
0.25974 51 32
0.25974 46 29
0.26667 51 32
0.26667 49 32
0.53333 53 29
0.53333 46 29
0.28846 50 32
0.23977 0 0
0.17983 60 27
0.17983 54 27
0.17983 63 30
0.05994 0 0
0.18621 63 27
0.18621 54 24
0.18621 60 24
0.06207 0 0
0.18059 62 31
0.18059 60 27
0.18059 54 27
0.06020 0 0
0.18059 54 25
0.18059 60 25
0.18059 62 28
0.55507 0 0
0.17983 62 30
0.17983 58 27
0.17983 55 27
0.05994 0 0
0.18621 58 24
0.18621 62 27
0.18621 55 24
0.30286 0 0
0.18059 58 27
0.18059 63 31
0.18059 55 27
0.06020 0 0
0.19133 55 25
0.19133 63 28
0.19133 58 25
0.30879 0 0
0.18376 54 27
0.18376 58 27
0.18376 64 30
0.06125 0 0
0.19133 64 27
0.19133 54 24
0.19133 58 24
0.31097 0 0
0.18540 65 31
0.18540 53 27
0.18540 58 27
0.06180 0 0
0.19765 65 28
0.19765 53 25
0.19765 58 25
0.56919 0 0
0.26478 51 27
0.26478 54 27
0.50787 0 0
0.27149 46 20
0.27149 53 26
0.27149 50 20
0.24396 0 0
0.18297 66 24
0.18297 72 24
0.18297 75 27
0.06099 0 0
0.18874 75 24
0.18874 66 21
0.18874 72 21
0.30793 0 0
0.18376 72 24
0.18376 74 27
0.18376 66 24
0.06125 0 0
0.19133 66 22
0.19133 74 25
0.19133 72 22
0.31378 0 0
0.18219 67 24
0.18219 70 24
0.18219 74 27
0.06073 0 0
0.18960 74 24
0.18960 67 21
0.18960 70 21
0.30822 0 0
0.18376 75 27
0.18376 67 24
0.18376 70 24
0.06125 0 0
0.19133 75 25
0.19133 67 22
0.19133 70 22
0.31319 0 0
0.18706 70 24
0.18706 66 24
0.18706 76 27
0.06235 0 0
0.19487 70 21
0.19487 76 24
0.19487 66 21
0.31661 0 0
0.18874 70 24
0.18874 77 27
0.18874 65 24
0.06291 0 0
0.19765 70 22
0.19765 77 25
0.19765 65 22
0.57840 0 0
0.26478 66 24
0.26478 63 24
0.51493 0 0
0.26228 65 23
0.26228 58 18
0.26228 62 18
0.51251 0 0
0.26478 63 24
0.26478 66 24
0.51493 0 0
0.26731 58 18
0.26731 65 23
0.26731 62 18
0.52215 0 0
0.27120 63 24
0.27120 66 24
0.52457 0 0
0.31217 62 18
0.31217 65 23
0.31217 58 18
0.87767 0 0
0.92478 63 24
0.92478 66 24
1.31370 0 0
1.54905 46 18
1.54905 53 22
