"ty_august"

#  Piano right
0.64540 0 0
0.14925 71 49
0.14925 66 45
0.14925 65 46
0.29925 71 49
0.29925 66 45
0.15266 70 49
0.15266 64 45
0.15209 0 0
0.14963 67 49
0.14963 62 45
0.14963 61 45
0.30075 62 45
0.30075 67 49
0.15345 66 47
0.15345 61 44
0.15345 0 0
0.14963 66 49
0.14963 60 45
0.14963 59 46
0.30151 66 49
0.30151 60 45
0.14992 59 43
0.14992 64 46
0.14992 0 0
0.15108 58 45
0.15108 64 49
0.15108 0 0
0.15108 62 52
0.15108 58 47
0.15108 0 0
0.15108 61 50
0.15108 58 45
0.15186 59 47
0.45526 0 0
0.07554 71 47
0.07554 74 47
0.07554 62 47
0.07554 0 0
0.07554 64 49
0.07554 71 49
0.07554 74 49
0.07554 0 0
0.07593 65 46
0.07593 71 46
0.07593 74 46
0.52917 0 0
0.07593 59 45
0.07593 66 45
0.07593 56 45
0.07593 0 0
0.07593 64 46
0.07593 58 46
0.07593 61 46
0.07593 0 0
0.07613 62 46
0.07613 59 46
0.52782 0 0
0.07554 62 47
0.07554 71 47
0.07554 74 47
0.07554 0 0
0.07554 71 49
0.07554 64 49
0.07554 74 49
0.07554 0 0
0.07633 74 45
0.07633 71 45
0.07633 65 45
0.52957 0 0
0.07593 56 47
0.07593 59 47
0.07593 66 47
0.07593 0 0
0.07593 58 46
0.07593 61 46
0.07593 64 46
0.07593 0 0
0.12448 62 46
0.12448 59 46
0.12448 0 0
0.14925 71 49
0.14925 66 45
0.14925 65 46
0.29925 71 49
0.29925 66 45
0.15266 64 45
0.15266 70 49
0.15266 0 0
0.14925 67 49
0.14925 62 45
0.14925 61 45
0.30000 67 49
0.30000 62 45
0.15345 66 47
0.15345 61 44
0.15345 0 0
0.14963 60 45
0.14963 66 49
0.14963 59 46
0.30151 60 45
0.30151 66 49
0.14992 64 46
0.14992 59 43
0.14992 0 0
0.15108 64 49
0.15108 58 45
0.15108 0 0
0.15108 62 52
0.15108 58 47
0.15108 0 0
0.15108 58 45
0.15108 61 50
0.15186 59 47
0.45526 0 0
0.07554 74 47
0.07554 71 47
0.07554 62 47
0.07554 0 0
0.07554 64 49
0.07554 71 49
0.07554 74 49
0.07554 0 0
0.07593 65 46
0.07593 71 46
0.07593 74 46
0.52917 0 0
0.07593 56 45
0.07593 59 45
0.07593 66 45
0.07593 0 0
0.07593 58 44
0.07593 61 44
0.07593 64 44
0.07593 0 0
0.07613 62 46
0.07613 59 46
0.52782 0 0
0.07554 74 50
0.07554 62 50
0.07554 71 50
0.07554 0 0
0.07554 74 53
0.07554 71 53
0.07554 64 53
0.07554 0 0
0.30491 74 58
0.30491 71 58
0.30491 65 58
0.30531 73 62
0.30531 71 62
0.30531 65 62
0.30534 77 68
0.30534 73 68
0.30534 71 68
0.18750 70 69
0.18750 73 69
0.18750 78 69
0.06250 0 0
0.14888 78 45
0.14888 83 49
0.14888 77 46
0.29925 83 49
0.29925 78 45
0.15266 82 49
0.15266 76 45
0.15266 0 0
0.14925 79 49
0.14925 74 45
0.14925 73 45
0.30075 79 49
0.30075 74 45
0.15345 78 47
0.15345 73 44
0.16000 0 0
0.14742 78 69
0.14742 72 62
0.14888 71 64
0.15186 78 69
0.15186 72 62
0.14742 66 67
0.14742 72 67
0.14888 65 60
0.15225 72 64
0.15225 66 64
0.14992 64 67
0.14992 60 67
0.14992 59 67
0.15030 64 64
0.15030 60 64
0.15467 0 0
0.07613 57 66
0.07613 54 66
0.07613 63 66
0.07613 0 0
0.10033 55 70
0.10033 59 70
0.10033 64 70
0.10033 0 0
0.14925 88 55
0.14925 83 50
0.14925 82 52
0.29925 88 55
0.29925 83 50
0.15266 81 50
0.15266 87 55
0.15266 0 0
0.14925 84 55
0.14925 79 50
0.14925 78 51
0.29925 84 55
0.29925 79 50
0.15345 83 53
0.15345 78 49
0.15748 0 0
0.14815 83 69
0.14815 77 62
0.14925 76 64
0.15186 83 69
0.15186 77 62
0.14815 77 67
0.14815 71 67
0.15108 70 60
0.15225 77 64
0.15225 71 64
0.14875 65 67
0.14875 69 67
0.14851 64 67
0.15030 69 64
0.15030 65 64
0.15467 0 0
0.15225 59 52
0.15225 62 58
0.15225 68 58
0.15225 60 52
0.15225 69 58
0.30216 60 50
0.30216 69 56
0.30216 71 55
0.30216 68 55
0.30216 62 49
0.15108 64 51
0.15108 69 57
0.15108 72 57
0.15266 0 0
0.30372 60 51
0.30372 69 57
0.30372 59 49
0.30372 62 55
0.30372 68 55
0.15186 57 49
0.15186 60 55
0.15186 69 55
0.15305 0 0
0.30216 72 58
0.30216 64 52
0.30216 65 54
0.30216 71 61
0.30216 74 61
0.15108 76 63
0.15108 72 63
0.15108 64 56
0.15305 0 0
0.30372 72 59
0.30372 64 53
0.30372 65 51
0.30372 71 57
0.30372 62 51
0.15186 60 52
0.15186 64 58
0.15186 72 58
0.15305 0 0
0.30216 76 62
0.30216 67 55
0.30216 78 61
0.30216 75 55
0.30216 69 54
0.15108 76 61
0.15108 67 54
0.15108 79 61
0.15225 0 0
0.30216 79 67
0.30216 71 60
0.30216 78 57
0.30216 81 64
0.30216 72 57
0.15108 83 64
0.15108 79 64
0.15108 71 57
0.15305 0 0
0.30216 74 62
0.30216 83 69
0.30216 76 60
0.30216 82 60
0.30216 85 67
0.15108 86 72
0.15108 83 72
0.15108 74 65
0.15266 0 0
0.30216 86 83
0.30216 78 74
0.30216 79 71
0.30216 88 79
0.30216 85 71
0.15108 78 72
0.15108 86 81
0.15108 90 81
0.15345 0 0
0.30216 90 83
0.30216 86 83
0.30216 78 74
0.30216 90 80
0.30216 78 71
0.30216 86 80
0.30413 78 72
0.30413 86 81
0.30413 90 81
0.30216 78 73
0.30216 90 82
0.30216 88 82
0.30216 78 69
0.30216 88 78
0.30216 90 78
0.30413 90 79
0.30413 88 79
0.30413 78 70
0.30227 78 79
0.30227 70 70
0.30227 76 79
0.30227 78 79
0.30227 70 70
0.30227 76 79
0.32062 78 77
0.32062 76 77
0.32062 70 69
0.30364 58 63
0.30364 66 70
0.30364 64 70
0.31598 58 63
0.31598 64 70
0.31598 66 70
0.35321 58 62
0.35321 66 69
0.35321 64 69
0.06224 0 0
0.14925 71 49
0.14925 66 45
0.14925 65 46
0.29925 71 49
0.29925 66 45
0.15266 64 45
0.15266 70 49
0.15266 0 0
0.14956 67 49
0.14956 62 45
0.14925 61 45
0.29925 67 49
0.29925 62 45
0.15345 66 47
0.15345 61 44
0.15345 0 0
0.14925 66 49
0.14925 60 45
0.14925 59 46
0.30075 60 45
0.30075 66 49
0.14992 64 46
0.14992 59 43
0.14992 0 0
0.15108 64 49
0.15108 58 45
0.15108 0 0
0.15108 62 52
0.15108 58 47
0.15108 0 0
0.15108 58 45
0.15108 61 50
0.15186 59 47
0.45526 0 0
0.07554 74 47
0.07554 71 47
0.07554 62 47
0.07554 0 0
0.07554 64 49
0.07554 71 49
0.07554 74 49
0.07554 0 0
0.07593 65 46
0.07593 71 46
0.07593 74 46
0.52917 0 0
0.07593 56 45
0.07593 59 45
0.07593 66 45
0.07593 0 0
0.07593 58 46
0.07593 61 46
0.07593 64 46
0.07593 0 0
0.07613 62 46
0.07613 59 46
0.52782 0 0
0.07554 74 47
0.07554 62 47
0.07554 71 47
0.07554 0 0
0.07554 74 49
0.07554 71 49
0.07554 64 49
0.07554 0 0
0.07633 74 45
0.07633 71 45
0.07633 65 45
0.53154 0 0
0.07593 56 47
0.07593 59 47
0.07593 66 47
0.07593 0 0
0.07593 64 46
0.07593 61 46
0.07593 58 46
0.07593 0 0
0.07816 62 46
0.07816 59 46
0.53297 0 0
0.07593 64 47
0.07593 69 47
0.07593 57 47
0.07593 0 0
0.07593 57 46
0.07593 64 46
0.07593 67 46
0.07593 0 0
0.07816 57 47
0.07816 62 47
0.07816 66 47
0.53297 0 0
0.07593 68 55
0.07593 73 55
0.07593 61 55
0.07593 0 0
0.07593 71 55
0.07593 61 55
0.07593 68 55
0.07593 0 0
0.07816 70 55
0.07816 66 55
0.07816 61 55
0.07816 0 0
0.15030 78 66
0.15030 76 66
0.30060 73 66
0.15186 71 64
0.15186 74 64
0.15030 78 72
0.15030 76 69
0.30060 73 72
0.15225 74 70
0.15225 71 70
0.15030 78 77
0.15030 76 78
0.30060 73 77
0.15467 74 80
0.15467 71 80
0.07837 73 82
0.07837 78 82
0.07837 0 0
0.07937 74 78
0.07937 71 78
0.07936 0 0
0.48106 79 88
0.48106 76 88
0.48106 71 74
0.48106 67 74
0.31062 0 0
0.07666 64 64
0.07627 67 63
0.07574 76 61
0.07554 73 60
0.07554 71 59
0.07564 67 58
0.07573 64 56
0.30413 0 0
0.07686 49 58
0.07727 47 58
0.07744 43 58
0.31180 0 0
0.07795 64 56
0.07795 55 56
0.07795 59 56
0.38591 0 0
0.07621 67 63
0.07589 71 63
0.07557 79 61
0.07557 76 60
0.07557 73 59
0.07557 71 58
0.07557 67 57
0.30257 0 0
0.07626 52 58
0.07659 49 58
0.07673 47 58
0.31098 0 0
0.07774 59 62
0.07774 64 62
0.07774 67 62
0.07774 71 62
0.38769 0 0
0.07706 59 71
0.07686 62 73
0.07666 66 75
0.07646 71 78
0.07633 74 79
0.07633 62 79
0.07633 78 81
0.07633 66 81
0.07633 83 84
0.07633 71 84
0.07633 74 86
0.07633 86 86
0.21898 78 81
0.21898 90 90
0.07481 76 80
0.07481 64 72
0.07481 91 95
0.07481 79 85
0.07481 0 0
0.07481 73 76
0.07481 61 68
0.07481 88 90
0.07481 76 81
0.07488 0 0
0.07500 78 85
0.07500 90 95
0.07500 74 80
0.07500 62 72
0.07500 0 0
0.07500 86 90
0.07500 74 81
0.07500 71 76
0.07500 59 68
0.07513 0 0
0.07519 61 80
0.07519 73 80
0.07519 76 85
0.07519 88 95
0.07519 0 0
0.07519 70 76
0.07519 73 81
0.07519 85 90
0.07519 58 68
0.07538 0 0
0.07538 59 71
0.07538 86 94
0.07538 74 84
0.07538 71 79
0.07538 0 0
0.07544 82 86
0.07544 70 77
0.07544 66 73
0.07544 54 65
0.07557 0 0
0.07557 83 92
0.07557 71 82
0.07557 0 0
0.07569 66 76
0.07569 78 85
0.07576 0 0
0.07576 67 81
0.07576 79 90
0.07582 0 0
0.07614 76 84
0.07614 64 75
0.07614 0 0
0.07614 78 91
0.07614 66 81
0.07614 0 0
0.07614 74 83
0.07614 62 74
0.07614 0 0
0.07614 64 81
0.07614 76 90
0.07614 0 0
0.07614 61 73
0.07614 73 82
0.07614 0 0
0.07614 74 90
0.07614 62 81
0.07614 0 0
0.07619 70 84
0.07619 58 75
0.07646 0 0
0.07679 71 91
0.07679 59 81
0.07706 0 0
0.08142 54 73
0.08142 66 82
0.08142 0 0
0.31098 67 89
0.31098 55 80
0.15549 70 80
0.15549 64 72
0.15549 61 72
0.15929 71 86
0.15929 66 77
0.15929 62 77
0.45526 0 0
0.07554 61 56
0.07554 73 56
0.07554 74 56
0.07554 0 0
0.07554 74 53
0.07554 73 53
0.07554 62 53
0.07554 0 0
0.07593 64 52
0.07593 73 52
0.07593 74 52
0.52917 0 0
0.07593 59 53
0.07593 56 53
0.07593 66 53
0.07593 0 0
0.07593 66 52
0.07593 61 52
0.07593 58 52
0.07593 0 0
0.07613 66 52
0.07613 59 52
0.07613 62 52
0.52782 0 0
0.07554 61 54
0.07554 73 54
0.07554 74 54
0.07554 0 0
0.07554 62 55
0.07554 73 55
0.07554 74 55
0.07554 0 0
0.07633 64 51
0.07633 73 51
0.07633 74 51
0.53154 0 0
0.07593 59 55
0.07593 66 55
0.07593 56 55
0.07593 0 0
0.07593 58 55
0.07593 61 55
0.07593 66 55
0.07593 0 0
0.07673 59 52
0.07673 62 52
0.07673 66 52
0.07673 0 0
0.07593 66 60
0.07593 71 66
0.07593 62 60
0.07593 0 0
0.07593 62 57
0.07593 66 57
0.07593 70 62
0.07593 0 0
0.07653 71 66
0.07653 66 60
0.07653 62 60
0.07653 0 0
0.07593 66 61
0.07593 71 61
0.07593 74 67
0.07593 0 0
0.07593 71 58
0.07593 66 58
0.07593 73 63
0.07593 0 0
0.07653 74 69
0.07653 71 63
0.07653 66 63
0.07653 0 0
0.07593 71 63
0.07593 74 63
0.07593 78 69
0.07593 0 0
0.07593 71 61
0.07593 74 61
0.07593 77 67
0.07593 0 0
0.07633 71 66
0.07633 74 66
0.07633 78 72
0.07633 0 0
0.07593 74 67
0.07593 78 67
0.07593 83 73
0.07593 0 0
0.07593 78 63
0.07593 82 69
0.07593 74 63
0.07593 0 0
0.07653 74 68
0.07653 78 68
0.07653 83 74
0.07653 0 0
0.07593 78 69
0.07593 83 69
0.07593 86 75
0.07593 0 0
0.07593 83 63
0.07593 85 69
0.07593 78 63
0.07593 0 0
0.07653 86 77
0.07653 78 70
0.07653 83 70
0.07653 0 0
0.07593 90 78
0.07593 86 71
0.07593 83 71
0.07593 0 0
0.07593 89 72
0.07593 86 66
0.07593 83 66
0.07593 0 0
0.07593 90 80
0.07593 83 73
0.07593 86 73
0.07593 0 0
0.07593 95 80
0.07593 90 73
0.07593 86 73
0.07580 0 0
0.07573 94 76
0.07573 90 70
0.07573 86 70
0.07554 0 0
0.07548 86 78
0.07548 90 78
0.07548 95 86
0.07535 0 0
0.07515 95 90
0.07515 90 82
0.07515 86 82
0.07515 0 0
0.07713 86 77
0.07713 90 77
0.07713 94 85
0.07713 0 0
0.07593 90 85
0.07593 86 85
0.07593 95 93
0.37965 0 0
0.08264 83 89
0.08264 78 81
0.08264 74 81
0.41322 0 0
0.08850 62 81
0.08850 66 81
0.08850 71 89
1.47253 0 0
0.48657 74 55
0.48281 73 51
0.32438 71 52
0.16219 69 47
0.48281 69 47
1.93874 66 42
0.47745 71 55
0.48157 69 51
0.95902 64 42
0.32438 67 55
0.16219 66 51
0.48716 66 51
0.97373 63 42
0.47745 62 42
0.47745 69 55
0.48281 62 51
0.32438 66 55
0.16219 64 51
0.50104 64 51
0.98760 62 42
0.49315 59 42
0.49315 66 55
0.49862 59 51
0.33058 62 53
0.16529 61 49
0.50705 61 49
1.00292 58 40
0.96694 62 47
0.96694 69 47
0.96694 57 47
0.96687 57 46
0.96687 54 46
0.95783 74 49
0.95783 71 49
0.95783 64 49
0.96316 64 52
0.96316 59 52
0.96526 76 52
0.96526 64 52
0.99461 69 50
0.99461 63 50
0.50000 81 56
0.50000 76 56
0.50000 69 56
0.48870 73 56
0.48870 69 56
0.32967 73 69
0.16484 71 60
0.49451 68 53
0.51776 69 60
0.48657 76 55
0.48281 69 51
0.96937 67 47
0.32438 71 55
0.16219 69 51
0.48716 69 51
0.97373 66 47
0.96281 69 47
0.96281 71 47
0.48657 67 47
0.48657 69 47
0.48808 71 36
0.48808 68 36
0.48128 80 57
0.48281 73 53
0.96409 71 49
0.32438 74 57
0.00879 0 0
0.16212 73 53
0.00872 73 53
0.96937 69 49
0.97431 72 49
0.97431 74 49
0.50139 70 49
0.50139 73 49
0.49180 74 45
0.49180 71 45
0.48657 83 62
0.48281 76 58
0.96937 74 53
0.32438 75 65
0.16219 76 63
0.48854 76 63
0.97510 73 56
0.48257 85 68
0.48474 78 63
0.96732 76 54
0.33149 77 71
0.16575 78 69
0.48913 78 69
0.98637 74 61
1.98751 71 58
1.98751 68 58
0.51576 74 64
0.51576 67 57
0.53322 67 57
0.34985 74 58
0.17493 73 51
0.59578 73 53
1.12056 67 58
0.48657 74 55
0.48281 73 51
0.32438 71 52
0.16219 69 47
0.48281 69 47
1.93874 66 42
0.48000 71 55
0.48780 69 51
0.96780 64 42
0.32438 67 55
0.16219 66 51
0.49478 66 51
0.98135 63 42
0.48000 62 42
0.48000 69 55
0.48281 62 51
0.32438 66 55
0.16219 64 51
0.49293 64 51
0.97950 62 42
0.48780 59 42
0.48780 66 55
0.49862 59 51
0.33708 62 53
0.16854 61 49
0.51252 61 49
1.01814 58 40
0.97223 62 47
0.97223 69 47
0.97223 57 47
0.98231 57 46
0.98231 54 46
0.98231 62 46
0.96777 67 49
0.96777 74 49
0.96777 62 49
0.97961 65 48
0.97961 59 48
0.97961 71 48
0.98099 66 51
0.98099 69 51
0.98099 57 51
0.96687 64 50
0.96687 59 50
0.99895 61 45
0.99895 55 45
1.07470 62 40
1.07470 54 40
0.49587 71 55
0.48780 70 51
0.98367 66 39
0.33333 67 55
0.16667 66 51
0.49784 66 51
0.99784 61 36
0.48913 74 49
0.49046 73 45
0.97959 66 37
0.97959 64 35
0.50000 71 47
0.50000 66 43
0.50000 62 44
0.49046 70 44
0.49046 66 44
0.50000 83 55
0.48913 82 51
0.98913 78 39
0.33426 79 55
0.16713 78 51
0.50028 78 51
1.00168 73 36
0.48257 86 49
0.49180 85 45
0.97438 78 39
0.97438 76 39
0.50420 83 47
0.50420 78 43
0.50420 74 44
0.49180 82 44
0.49180 78 44
0.33333 83 44
0.16667 82 40
0.49180 82 40
0.99180 76 31
1.00709 0 0
0.34188 71 44
0.17094 70 40
0.51167 70 40
1.02449 64 31
4.15088 0 0
0.15228 71 49
0.15228 66 45
0.15228 65 46
0.30769 71 49
0.30769 66 45
0.15266 70 49
0.15266 64 45
0.15209 0 0
0.15113 67 49
0.15113 62 45
0.15113 61 45
0.30457 67 49
0.30457 62 45
0.15345 66 47
0.15345 61 44
0.15345 0 0
0.15000 66 49
0.15000 60 45
0.15000 59 46
0.30227 66 49
0.30227 60 45
0.14992 64 46
0.14992 59 43
0.14992 0 0
0.15108 64 49
0.15108 58 45
0.15108 0 0
0.15108 62 52
0.15108 58 47
0.15108 0 0
0.15108 61 50
0.15108 58 45
0.15186 59 47
0.45525 0 0
0.07554 74 47
0.07554 71 47
0.07554 62 47
0.07554 0 0
0.07554 74 49
0.07554 71 49
0.07554 64 49
0.07554 0 0
0.07593 74 46
0.07593 71 46
0.07593 65 46
0.52917 0 0
0.07593 66 45
0.07593 59 45
0.07593 56 45
0.07593 0 0
0.07593 64 46
0.07593 61 46
0.07593 58 46
0.07593 0 0
0.07613 62 46
0.07613 59 46
0.52782 0 0
0.07554 74 47
0.07554 71 47
0.07554 62 47
0.07554 0 0
0.07554 74 49
0.07554 71 49
0.07554 64 49
0.07554 0 0
0.07633 74 45
0.07633 71 45
0.07633 65 45
0.52957 0 0
0.07593 66 47
0.07593 59 47
0.07593 56 47
0.07593 0 0
0.07593 64 46
0.07593 61 46
0.07593 58 46
0.07593 0 0
0.12448 62 46
0.12448 59 46
0.12448 0 0
0.14925 71 49
0.14925 66 45
0.14925 65 46
0.29925 71 49
0.29925 66 45
0.15266 70 49
0.15266 64 45
0.15266 0 0
0.14925 67 49
0.14925 62 45
0.14925 61 45
0.30000 67 49
0.30000 62 45
0.15345 66 47
0.15345 61 44
0.15345 0 0
0.14963 66 49
0.14963 60 45
0.14963 59 46
0.30151 66 49
0.30151 60 45
0.14992 64 46
0.14992 59 43
0.14992 0 0
0.15108 64 49
0.15108 58 45
0.15108 0 0
0.15108 62 52
0.15108 58 47
0.15108 0 0
0.15108 61 50
0.15108 58 45
0.15186 59 47
0.45525 0 0
0.07554 74 47
0.07554 71 47
0.07554 62 47
0.07554 0 0
0.07554 74 49
0.07554 71 49
0.07554 64 49
0.07554 0 0
0.07593 74 46
0.07593 71 46
0.07593 65 46
0.52917 0 0
0.07593 66 45
0.07593 59 45
0.07593 56 45
0.07593 0 0
0.07593 64 44
0.07593 61 44
0.07593 58 44
0.07593 0 0
0.07613 62 46
0.07613 59 46
0.52782 0 0
0.07554 74 50
0.07554 71 50
0.07554 62 50
0.07554 0 0
0.07554 74 54
0.07554 71 54
0.07554 64 54
0.07554 0 0
0.30491 74 58
0.30491 71 58
0.30491 65 58
0.30531 65 63
0.30531 71 63
0.30531 73 63
0.30534 77 68
0.30534 73 68
0.30534 71 68
0.18750 78 69
0.18750 73 69
0.18750 70 69
0.06250 0 0
0.14888 83 49
0.14888 78 45
0.14888 77 46
0.29925 83 49
0.29925 78 45
0.15266 82 49
0.15266 76 45
0.15266 0 0
0.14925 79 49
0.14925 74 45
0.14925 73 45
0.30075 79 49
0.30075 74 45
0.15345 78 47
0.15345 73 44
0.16760 0 0
0.14742 78 69
0.14742 72 62
0.14888 71 64
0.15186 78 69
0.15186 72 62
0.14778 72 67
0.14778 66 67
0.15108 65 60
0.15225 72 64
0.15225 66 64
0.14992 64 67
0.14992 60 67
0.14992 59 67
0.15030 64 64
0.15030 60 64
0.15467 0 0
0.07613 63 66
0.07613 57 66
0.07613 54 66
0.07613 0 0
0.10067 64 70
0.10067 59 70
0.10067 55 70
0.10067 0 0
0.14925 88 49
0.14925 83 45
0.14925 82 46
0.29925 88 49
0.29925 83 45
0.15266 87 49
0.15266 81 45
0.15266 0 0
0.14925 84 49
0.14925 79 45
0.14925 78 45
0.29925 84 49
0.29925 79 45
0.15345 83 47
0.15345 78 44
0.16304 0 0
0.14815 83 69
0.14815 77 62
0.14963 76 64
0.15186 83 69
0.15186 77 62
0.14852 77 67
0.14852 71 67
0.15108 70 60
0.15225 77 64
0.15225 71 64
0.14992 69 67
0.14992 65 67
0.14992 64 67
0.15030 69 64
0.15030 65 64
0.15467 0 0
0.15225 68 58
0.15225 62 58
0.15225 59 52
0.15225 69 58
0.15225 60 52
0.30216 69 56
0.30216 60 50
0.30216 71 55
0.30216 68 55
0.30216 62 49
0.15108 72 57
0.15108 69 57
0.15108 64 51
0.15266 0 0
0.30372 69 57
0.30372 60 51
0.30372 68 52
0.30372 62 52
0.30372 59 46
0.15186 69 52
0.15186 60 52
0.15186 57 46
0.15305 0 0
0.30216 72 58
0.30216 64 52
0.30216 74 61
0.30216 71 61
0.30216 65 54
0.15108 76 63
0.15108 72 63
0.15108 64 56
0.15305 0 0
0.30372 72 59
0.30372 64 53
0.30372 71 57
0.30372 65 51
0.30372 62 51
0.15186 72 58
0.15186 64 58
0.15186 60 52
0.15305 0 0
0.30216 76 62
0.30216 67 55
0.30216 78 61
0.30216 75 55
0.30216 69 54
0.15108 79 61
0.15108 76 61
0.15108 67 54
0.15225 0 0
0.30216 79 67
0.30216 71 60
0.30216 78 57
0.30216 81 64
0.30216 72 57
0.15108 83 64
0.15108 79 64
0.15108 71 57
0.15305 0 0
0.30216 83 69
0.30216 74 62
0.30216 76 59
0.30216 82 59
0.30216 85 66
0.15108 74 61
0.15108 83 68
0.15108 86 68
0.15266 0 0
0.30216 78 68
0.30216 86 76
0.30216 79 66
0.30216 85 66
0.30216 88 74
0.15108 78 70
0.15108 86 79
0.15108 90 79
0.15345 0 0
0.30216 90 83
0.30216 86 83
0.30216 78 74
0.30216 90 80
0.30216 86 80
0.30216 78 71
0.30413 78 72
0.30413 86 81
0.30413 90 81
0.30216 78 73
0.30216 90 82
0.30216 88 82
0.30216 90 78
0.30216 88 78
0.30216 78 69
0.30413 90 79
0.30413 88 79
0.30413 78 70
0.30227 76 79
0.30227 70 70
0.30227 78 79
0.30612 76 79
0.30612 78 79
0.30612 70 70
0.31349 78 77
0.31349 76 77
0.31349 70 69
0.30734 64 70
0.30734 66 70
0.30734 58 63
0.32031 66 70
0.32031 64 70
0.32031 58 63
0.35535 64 69
0.35535 66 69
0.35535 58 62
0.06250 0 0
0.14925 71 49
0.14925 66 45
0.14925 65 46
0.29925 71 49
0.29925 66 45
0.15266 70 49
0.15266 64 45
0.15266 0 0
0.14956 67 49
0.14956 62 45
0.14925 61 45
0.29925 67 49
0.29925 62 45
0.15345 66 47
0.15345 61 44
0.15345 0 0
0.14925 66 49
0.14925 60 45
0.14925 59 46
0.30075 66 49
0.30075 60 45
0.14992 64 46
0.14992 59 43
0.14992 0 0
0.15108 64 49
0.15108 58 45
0.15108 0 0
0.15108 62 52
0.15108 58 47
0.15108 0 0
0.15108 61 50
0.15108 58 45
0.15186 59 47
0.45525 0 0
0.07554 74 47
0.07554 71 47
0.07554 62 47
0.07554 0 0
0.07554 74 49
0.07554 71 49
0.07554 64 49
0.07554 0 0
0.07593 74 46
0.07593 71 46
0.07593 65 46
0.52917 0 0
0.07593 66 45
0.07593 59 45
0.07593 56 45
0.07593 0 0
0.07593 64 46
0.07593 61 46
0.07593 58 46
0.07593 0 0
0.07613 62 46
0.07613 59 46
0.52782 0 0
0.07554 74 47
0.07554 71 47
0.07554 62 47
0.07554 0 0
0.07554 74 49
0.07554 71 49
0.07554 64 49
0.07554 0 0
0.07633 74 45
0.07633 71 45
0.07633 65 45
0.53154 0 0
0.07593 66 47
0.07593 59 47
0.07593 56 47
0.07593 0 0
0.07593 64 46
0.07593 61 46
0.07593 58 46
0.07593 0 0
0.07816 62 46
0.07816 59 46
0.53297 0 0
0.07593 69 47
0.07593 64 47
0.07593 57 47
0.07593 0 0
0.07593 67 46
0.07593 64 46
0.07593 57 46
0.07593 0 0
0.07816 66 47
0.07816 62 47
0.07816 57 47
0.53297 0 0
0.07593 73 55
0.07593 68 55
0.07593 61 55
0.07593 0 0
0.07593 71 55
0.07593 68 55
0.07593 61 55
0.07593 0 0
0.07816 70 55
0.07816 66 55
0.07816 61 55
0.07816 0 0
0.15030 78 66
0.15030 76 66
0.30060 73 66
0.15186 74 64
0.15186 71 64
0.15030 78 72
0.15030 76 69
0.30060 73 72
0.15225 74 70
0.15225 71 70
0.15030 78 77
0.15030 76 78
0.30060 73 77
0.15467 74 80
0.15467 71 80
0.07837 73 82
0.07837 78 82
0.07837 0 0
0.07936 74 78
0.07936 71 78
0.07936 0 0
0.48106 79 88
0.48106 67 74
0.48106 71 74
0.48106 76 88
0.31062 0 0
0.07666 64 64
0.07627 67 63
0.07574 76 61
0.07554 73 60
0.07554 71 59
0.07564 67 58
0.07573 64 56
0.30413 0 0
0.07686 49 58
0.07727 47 58
0.07744 43 58
0.31180 0 0
0.07795 64 56
0.07795 59 56
0.07795 55 56
0.38591 0 0
0.07621 67 63
0.07589 71 63
0.07557 79 61
0.07557 76 60
0.07557 73 59
0.07557 71 58
0.07557 67 57
0.30257 0 0
0.07626 52 58
0.07659 49 58
0.07673 47 58
0.31098 0 0
0.07774 67 62
0.07774 71 62
0.07774 59 62
0.07774 64 62
0.38769 0 0
0.07706 59 71
0.07686 62 73
0.07666 66 75
0.07646 71 78
0.07633 74 79
0.07633 62 79
0.07633 78 81
0.07633 66 81
0.07633 83 84
0.07633 71 84
0.07633 86 86
0.07633 74 86
0.22988 78 81
0.22988 90 90
0.07444 91 95
0.07444 64 72
0.07444 76 80
0.07444 79 85
0.07444 0 0
0.07444 88 90
0.07444 61 68
0.07444 73 76
0.07444 76 81
0.07463 0 0
0.07463 78 85
0.07463 62 72
0.07463 74 80
0.07463 90 95
0.07469 0 0
0.07481 86 90
0.07481 59 68
0.07481 71 76
0.07481 74 81
0.07481 0 0
0.07494 76 85
0.07494 61 80
0.07494 73 80
0.07494 88 95
0.07500 0 0
0.07500 85 90
0.07500 58 68
0.07500 70 76
0.07500 73 81
0.07519 0 0
0.07519 74 84
0.07519 59 71
0.07519 71 79
0.07519 86 94
0.07525 0 0
0.07538 82 86
0.07538 54 65
0.07538 66 73
0.07538 70 77
0.07538 0 0
0.07550 83 92
0.07550 71 82
0.07557 0 0
0.07557 66 76
0.07557 78 85
0.07576 0 0
0.07576 79 90
0.07576 67 81
0.07582 0 0
0.07595 76 84
0.07595 64 75
0.07595 0 0
0.07595 78 91
0.07595 66 81
0.07595 0 0
0.07595 74 83
0.07595 62 74
0.07595 0 0
0.07595 76 90
0.07595 64 81
0.07595 0 0
0.07595 73 82
0.07595 61 73
0.07595 0 0
0.07595 74 90
0.07595 62 81
0.07595 0 0
0.07619 70 84
0.07619 58 75
0.07646 0 0
0.07679 71 91
0.07679 59 81
0.07706 0 0
0.08142 66 82
0.08142 54 73
0.08142 0 0
0.31098 67 89
0.31098 55 80
0.15549 70 80
0.15549 64 72
0.15549 61 72
0.15929 71 86
0.15929 66 77
0.15929 62 77
0.45525 0 0
0.07554 74 56
0.07554 73 56
0.07554 61 56
0.07554 0 0
0.07554 74 53
0.07554 73 53
0.07554 62 53
0.07554 0 0
0.07593 74 52
0.07593 73 52
0.07593 64 52
0.52917 0 0
0.07593 66 53
0.07593 59 53
0.07593 56 53
0.07593 0 0
0.07593 66 52
0.07593 61 52
0.07593 58 52
0.07593 0 0
0.07613 62 52
0.07613 59 52
0.07613 66 52
0.52782 0 0
0.07554 74 54
0.07554 73 54
0.07554 61 54
0.07554 0 0
0.07554 74 55
0.07554 73 55
0.07554 62 55
0.07554 0 0
0.07633 74 51
0.07633 73 51
0.07633 64 51
0.53154 0 0
0.07593 66 55
0.07593 59 55
0.07593 56 55
0.07593 0 0
0.07593 66 55
0.07593 61 55
0.07593 58 55
0.07593 0 0
0.07673 66 52
0.07673 62 52
0.07673 59 52
0.07673 0 0
0.07593 71 66
0.07593 66 60
0.07593 62 60
0.07593 0 0
0.07593 70 62
0.07593 66 57
0.07593 62 57
0.07593 0 0
0.07653 71 66
0.07653 66 60
0.07653 62 60
0.07653 0 0
0.07593 74 67
0.07593 71 61
0.07593 66 61
0.07593 0 0
0.07593 73 63
0.07593 71 58
0.07593 66 58
0.07593 0 0
0.07653 74 69
0.07653 71 63
0.07653 66 63
0.07653 0 0
0.07593 78 69
0.07593 74 63
0.07593 71 63
0.07593 0 0
0.07593 77 67
0.07593 74 61
0.07593 71 61
0.07593 0 0
0.07633 78 72
0.07633 74 66
0.07633 71 66
0.07633 0 0
0.07593 83 73
0.07593 78 67
0.07593 74 67
0.07593 0 0
0.07593 82 69
0.07593 78 63
0.07593 74 63
0.07593 0 0
0.07653 83 74
0.07653 78 68
0.07653 74 68
0.07653 0 0
0.07593 86 75
0.07593 83 69
0.07593 78 69
0.07593 0 0
0.07593 85 69
0.07593 83 63
0.07593 78 63
0.07593 0 0
0.07653 86 77
0.07653 83 70
0.07653 78 70
0.07653 0 0
0.07593 90 78
0.07593 86 71
0.07593 83 71
0.07593 0 0
0.07593 89 72
0.07593 86 66
0.07593 83 66
0.07593 0 0
0.07593 90 80
0.07593 86 73
0.07593 83 73
0.07593 0 0
0.07593 95 80
0.07593 90 73
0.07593 86 73
0.07580 0 0
0.07573 94 76
0.07573 90 70
0.07573 86 70
0.07554 0 0
0.07548 95 86
0.07548 90 78
0.07548 86 78
0.07535 0 0
0.07515 95 90
0.07515 90 82
0.07515 86 82
0.07515 0 0
0.07713 94 85
0.07713 90 77
0.07713 86 77
0.07713 0 0
0.07593 95 93
0.07593 90 85
0.07593 86 85
0.37965 0 0
0.07593 83 89
0.07593 78 81
0.07593 74 81
0.37965 0 0
0.07593 71 89
0.07593 66 81
0.07593 62 81
0.84238 0 0
0.07772 71 89
0.07772 66 81
0.07772 62 81
0.39445 0 0
0.08021 83 89
0.08021 71 80
0.08021 74 80
0.08021 78 89
0.45570 0 0
1.29032 59 94
#  Piano left
0.64540 0 0
0.14925 62 45
0.14925 61 43
0.14963 0 0
0.14963 47 38
0.29925 62 45
0.15266 61 43
0.15209 47 37
0.14963 59 44
0.14963 58 42
0.15038 0 0
0.15038 47 39
0.30075 59 45
0.15345 58 44
0.15345 47 38
0.14963 57 44
0.14963 56 41
0.15075 0 0
0.15075 47 38
0.30151 57 45
0.14992 56 44
0.14992 47 35
0.15108 55 45
0.15108 47 43
0.15108 54 49
0.15108 47 50
0.15108 52 47
0.15186 50 44
0.15186 47 44
0.07496 53 52
0.07496 0 0
0.07713 54 54
0.07713 0 0
0.45324 55 59
0.15186 43 49
0.07554 45 51
0.07554 0 0
0.07554 43 49
0.07554 0 0
0.45480 42 51
0.15225 47 48
0.07496 53 51
0.07496 0 0
0.07496 54 54
0.07496 0 0
0.45402 55 58
0.15266 43 49
0.07554 45 51
0.07554 0 0
0.07554 43 49
0.07554 0 0
0.45480 42 49
0.12448 47 49
0.12448 0 0
0.14925 62 45
0.14925 61 43
0.14963 0 0
0.14963 47 41
0.29925 62 45
0.15266 61 43
0.15266 47 37
0.14925 59 44
0.14925 58 42
0.15000 0 0
0.15000 47 40
0.30000 59 45
0.15345 58 44
0.15345 47 36
0.14963 57 44
0.14963 56 41
0.15075 0 0
0.15075 47 42
0.30151 57 45
0.14992 56 44
0.14992 47 38
0.15108 55 45
0.15108 47 43
0.15108 54 49
0.15108 47 50
0.15108 52 47
0.15186 47 44
0.15186 50 44
0.07496 53 52
0.07496 0 0
0.07713 54 54
0.07713 0 0
0.45324 55 59
0.15186 43 49
0.07554 45 51
0.07554 0 0
0.07554 43 49
0.07554 0 0
0.45480 42 51
0.15225 47 48
0.07496 53 51
0.07496 0 0
0.07496 54 54
0.07496 0 0
0.60668 55 60
0.30451 56 66
0.30731 61 66
0.15108 68 68
0.18750 66 61
0.06250 0 0
0.14888 74 45
0.14888 73 43
0.14963 0 0
0.14963 66 36
0.29925 74 45
0.15266 73 43
0.15266 0 0
0.14925 71 44
0.14925 70 42
0.60154 66 33
0.15038 66 39
0.30075 71 45
0.15345 70 44
0.16000 66 37
0.44816 64 60
0.44816 69 60
0.44856 57 53
0.44856 64 53
0.45014 54 53
0.45014 57 53
0.07734 48 53
0.07734 0 0
0.07613 47 46
0.07613 0 0
0.10033 52 53
0.10033 0 0
0.14925 79 50
0.14925 78 48
0.14963 0 0
0.14963 71 46
0.29925 79 50
0.15266 78 48
0.15266 0 0
0.14925 76 49
0.14925 75 47
0.60079 71 43
0.14963 71 44
0.29925 76 50
0.15345 75 49
0.15748 71 38
0.44926 74 60
0.44926 69 60
0.45148 69 53
0.45148 62 53
0.44756 62 53
0.44756 59 53
0.07734 53 53
0.07734 0 0
0.07613 52 40
0.07613 0 0
0.07613 45 47
0.07613 0 0
0.07554 53 37
0.07554 0 0
0.07554 52 37
0.07554 0 0
0.07554 45 43
0.07554 0 0
0.07554 53 37
0.07554 0 0
0.07554 52 37
0.07554 0 0
0.07633 45 43
0.07633 0 0
0.07593 53 37
0.07593 0 0
0.07593 52 37
0.07593 0 0
0.07593 45 43
0.07593 0 0
0.07593 53 38
0.07593 0 0
0.07593 52 38
0.07593 0 0
0.07653 45 45
0.07653 0 0
0.07554 57 39
0.07554 0 0
0.07554 56 39
0.07554 0 0
0.07554 48 48
0.07554 0 0
0.07554 57 44
0.07554 0 0
0.07554 56 44
0.07554 0 0
0.07653 48 47
0.07653 0 0
0.07593 57 44
0.07593 0 0
0.07593 56 44
0.07593 0 0
0.07593 48 47
0.07593 0 0
0.07593 57 43
0.07593 0 0
0.07593 56 43
0.07593 0 0
0.07653 48 49
0.07653 0 0
0.07554 60 44
0.07554 0 0
0.07554 59 44
0.07554 0 0
0.07554 52 48
0.07554 0 0
0.07554 60 43
0.07554 0 0
0.07554 59 43
0.07554 0 0
0.07613 52 49
0.07613 0 0
0.07554 64 44
0.07554 0 0
0.07554 63 44
0.07554 0 0
0.07554 55 51
0.07554 0 0
0.07554 64 46
0.07554 0 0
0.07554 63 47
0.07554 0 0
0.07653 55 51
0.07653 0 0
0.07554 67 46
0.07554 0 0
0.07554 66 46
0.07554 0 0
0.07554 59 54
0.07554 0 0
0.07554 67 49
0.07554 0 0
0.07554 66 51
0.07554 0 0
0.07633 59 57
0.07633 0 0
0.07554 71 53
0.07554 0 0
0.07554 70 51
0.07554 0 0
0.07554 62 62
0.07554 0 0
0.07554 71 52
0.07554 0 0
0.07554 70 61
0.07554 0 0
0.07673 62 49
0.07673 0 0
0.15108 70 62
0.15108 62 48
0.15108 70 61
0.15108 62 48
0.15108 70 61
0.15305 62 48
0.15108 70 61
0.15108 61 48
0.15108 70 58
0.15108 61 46
0.15108 70 57
0.15305 61 46
0.15113 61 57
0.15113 54 46
0.15113 61 56
0.15113 54 42
0.15113 61 57
0.16949 54 44
0.15158 49 50
0.15206 42 40
0.15529 49 50
0.16069 42 41
0.16649 49 49
0.18672 42 41
0.06224 0 0
0.14925 62 45
0.14925 61 43
0.14963 0 0
0.14963 47 40
0.29925 62 45
0.15266 61 43
0.15266 47 36
0.14956 59 44
0.14925 58 42
0.14963 0 0
0.14963 47 39
0.29925 59 45
0.15345 58 44
0.15345 47 36
0.14925 57 44
0.14925 56 41
0.15038 0 0
0.15038 47 40
0.30075 57 45
0.14992 56 44
0.14992 47 37
0.15108 55 45
0.15108 47 43
0.15108 54 49
0.15108 47 50
0.15108 52 47
0.15186 50 44
0.15186 47 44
0.07496 53 52
0.07496 0 0
0.07713 54 54
0.07713 0 0
0.45324 55 59
0.15186 43 49
0.07554 45 51
0.07554 0 0
0.07554 43 49
0.07554 0 0
0.45480 42 51
0.15225 47 48
0.07496 53 51
0.07496 0 0
0.07496 54 54
0.07496 0 0
0.45402 55 58
0.15266 43 49
0.07554 45 54
0.07554 0 0
0.07554 43 51
0.07554 0 0
0.45677 42 52
0.15631 47 49
0.07554 52 55
0.07554 0 0
0.07554 50 52
0.07554 0 0
0.45638 49 51
0.15631 50 50
0.07554 56 58
0.07554 0 0
0.07554 54 56
0.07554 0 0
0.45638 53 55
0.15631 54 52
0.30060 58 56
0.15186 56 60
0.45246 66 56
0.30060 58 60
0.15225 56 65
0.45285 66 60
0.30060 58 65
0.15467 56 71
0.45527 66 65
0.07837 66 72
0.07837 58 72
0.07837 0 0
0.07937 59 69
0.07937 66 69
0.07936 0 0
0.48106 64 75
0.48106 52 63
0.48106 59 63
0.07826 0 0
0.07785 55 56
0.07745 59 57
0.07705 61 59
0.31062 52 54
0.53112 0 0
0.07560 61 57
0.07580 59 57
0.07619 55 56
0.07653 52 56
0.23157 0 0
0.15590 40 57
0.15590 49 57
0.15590 0 0
0.07745 52 53
0.07719 59 55
0.07686 61 56
0.07647 64 58
0.52993 0 0
0.07549 64 58
0.07541 61 57
0.07567 59 56
0.07600 55 56
0.22958 0 0
0.15549 43 60
0.15549 49 57
0.15549 0 0
0.07774 42 63
0.07761 47 65
0.07740 50 68
0.07720 54 70
0.15392 0 0
0.07666 54 75
0.07646 59 77
1.72643 0 0
0.07557 67 78
0.07557 55 70
0.07557 0 0
0.07569 50 64
0.07569 62 72
0.07576 0 0
0.07576 52 68
0.07576 64 76
0.07582 0 0
0.07614 61 71
0.07614 49 63
0.07614 0 0
0.07614 62 77
0.07614 50 69
0.07614 0 0
0.07614 47 63
0.07614 59 70
0.07614 0 0
0.07614 61 76
0.07614 49 68
0.07614 0 0
0.07614 46 62
0.07614 58 69
0.07614 0 0
0.07614 47 68
0.07614 59 68
0.07614 0 0
0.07619 42 63
0.07619 54 71
0.07646 0 0
0.07679 55 77
0.07679 43 69
0.07706 0 0
0.08142 50 62
0.08142 38 62
0.08142 0 0
0.31098 52 75
0.31098 40 67
0.15549 54 68
0.15549 42 61
0.15929 47 68
0.07496 52 58
0.07496 0 0
0.07713 54 60
0.07713 0 0
0.60510 55 66
0.07554 45 57
0.07554 0 0
0.07554 43 55
0.07554 0 0
0.45480 42 57
0.15225 47 54
0.07496 52 57
0.07496 0 0
0.07496 54 60
0.07496 0 0
0.60668 55 65
0.07554 45 61
0.07554 0 0
0.07554 43 57
0.07554 0 0
0.45677 42 58
0.07673 47 58
0.07673 0 0
0.07593 59 55
0.07593 50 49
0.07593 54 49
0.07593 0 0
0.07593 54 45
0.07593 58 50
0.07593 50 45
0.07593 0 0
0.07653 50 48
0.07653 59 54
0.07653 54 48
0.07653 0 0
0.07593 59 50
0.07593 62 56
0.07593 54 50
0.07593 0 0
0.07593 61 54
0.07593 54 48
0.07593 59 48
0.07593 0 0
0.07653 62 58
0.07653 54 52
0.07653 59 52
0.07653 0 0
0.07593 66 54
0.07593 59 48
0.07593 62 48
0.07593 0 0
0.07593 62 53
0.07593 59 53
0.07593 65 59
0.07593 0 0
0.07633 59 54
0.07633 66 60
0.07633 62 54
0.07633 0 0
0.07593 62 51
0.07593 71 57
0.07593 66 51
0.07593 0 0
0.07593 66 55
0.07593 70 62
0.07593 62 55
0.07593 0 0
0.07653 66 55
0.07653 71 62
0.07653 62 55
0.07653 0 0
0.07593 74 62
0.07593 66 55
0.07593 71 55
0.07593 0 0
0.07593 66 52
0.07593 73 58
0.07593 71 52
0.07593 0 0
0.07653 74 64
0.07653 66 57
0.07653 71 57
0.07653 0 0
0.07593 74 58
0.07593 78 65
0.07593 71 58
0.07593 0 0
0.07593 77 63
0.07593 71 56
0.07593 74 56
0.07593 0 0
0.07593 74 60
0.07593 78 67
0.07593 71 60
0.07593 0 0
0.07593 78 67
0.07593 74 60
0.07593 71 60
0.07593 83 67
0.07580 0 0
0.07573 78 64
0.07573 74 57
0.07573 71 57
0.07573 82 64
0.07554 0 0
0.07548 83 72
0.07548 71 65
0.07548 78 72
0.07548 74 65
0.07535 0 0
0.07515 83 73
0.07515 71 65
0.07515 78 73
0.07515 74 65
0.07515 0 0
0.07713 82 71
0.07713 71 63
0.07713 78 71
0.07713 74 63
0.07713 0 0
0.07593 78 78
0.07593 74 69
0.07593 71 69
0.07593 83 78
0.37965 0 0
0.08264 59 66
0.08264 71 74
0.08264 66 66
0.41322 0 0
0.08850 47 66
0.08850 59 74
0.08850 54 66
0.44248 0 0
0.10638 47 74
0.10638 35 66
0.10638 50 74
0.10638 42 66
0.10638 59 81
0.10638 54 74
0.92367 0 0
1.93874 50 36
1.93874 57 36
0.95902 49 36
0.97373 48 36
1.93274 57 36
0.96026 54 36
0.98760 56 36
1.94786 47 36
0.99177 50 36
0.99177 44 36
1.00292 52 36
1.00292 43 36
0.48531 45 58
0.48163 47 55
0.96694 42 47
0.32354 49 57
0.16177 50 54
0.48157 50 54
0.96687 45 46
0.47872 52 58
0.47911 54 57
0.95783 44 49
0.32270 55 67
0.16135 56 59
0.47911 56 59
0.96316 50 52
0.47745 56 70
0.48780 57 66
0.96526 49 54
0.33058 59 69
0.16529 60 63
0.49874 60 63
0.99461 54 69
0.50000 61 68
0.32698 66 68
0.16173 64 55
0.98870 52 60
0.49451 62 49
0.49451 52 45
0.51776 61 46
0.51776 57 43
0.96937 49 41
0.97373 50 41
1.94310 57 41
0.48000 66 55
0.48281 59 51
0.96281 51 41
0.32438 61 53
0.16219 59 50
0.48808 59 50
0.97464 52 48
0.96409 53 43
0.96937 54 43
1.93346 61 43
0.48517 69 57
0.48913 62 53
0.97431 54 43
0.33426 64 55
0.16713 62 52
0.49180 62 52
0.99320 55 50
0.96937 56 47
0.97510 57 47
1.94447 64 47
0.96732 58 46
0.98637 59 47
1.95369 66 51
0.49587 66 63
0.49046 59 56
0.33426 66 60
0.16713 64 54
0.49979 64 54
1.98751 52 51
1.04898 46 45
1.12056 45 39
2.16954 52 45
1.93874 50 36
1.93874 57 36
0.96780 49 36
0.98135 48 36
1.94915 57 36
0.96281 54 36
0.97950 56 36
1.94231 47 36
0.98642 50 36
0.98642 44 36
1.01814 52 36
1.01814 43 36
0.49046 45 58
0.48177 47 55
0.97223 42 47
0.32967 47 57
0.16484 48 54
0.48780 48 54
0.98231 45 46
0.48128 46 61
0.48649 47 57
0.96777 43 49
0.32787 49 60
0.16393 50 56
0.48780 50 56
0.97961 44 48
0.49451 50 64
0.48649 51 59
0.98099 45 51
0.32354 57 63
0.16177 55 57
0.48157 55 57
0.96687 43 50
0.33058 54 54
0.16529 52 50
0.50308 52 50
0.99895 45 45
0.34091 46 48
0.17045 45 44
0.56333 45 44
1.07470 38 40
0.49587 62 46
0.48780 61 43
0.50000 59 44
0.49784 58 41
1.98151 54 34
0.48913 56 34
0.49046 58 51
0.33333 59 53
0.16667 61 49
0.49046 61 49
1.97006 54 55
0.50000 74 46
0.48913 73 43
0.33426 71 44
0.16713 70 41
0.50028 70 41
1.99081 66 34
0.48257 68 34
0.49180 70 51
0.33613 71 55
0.16807 73 51
0.49180 73 51
1.97038 66 55
0.50000 67 36
0.49180 66 34
0.99180 73 27
0.33898 67 39
0.16949 66 35
0.49862 66 35
0.51282 55 36
0.51167 54 34
1.02449 61 27
0.34483 55 35
0.17241 54 29
0.50991 54 30
0.35821 55 33
0.17910 54 29
0.52632 54 29
0.38835 55 31
0.20833 54 26
1.46341 54 26
0.15228 62 45
0.15228 61 43
0.15385 0 0
0.15385 47 38
0.30769 62 45
0.15266 61 43
0.15209 47 37
0.15113 59 44
0.15113 58 42
0.15228 0 0
0.15228 47 39
0.30457 59 45
0.15345 58 44
0.15345 47 38
0.15000 57 44
0.15000 56 41
0.15113 0 0
0.15113 47 38
0.30227 57 45
0.14992 56 44
0.14992 47 35
0.15108 55 45
0.15108 47 43
0.15108 54 49
0.15108 47 50
0.15108 52 47
0.15186 50 44
0.15186 47 44
0.07496 53 52
0.07496 0 0
0.07713 54 54
0.07713 0 0
0.45324 55 59
0.15186 43 49
0.07554 45 51
0.07554 0 0
0.07554 43 49
0.07554 0 0
0.45480 42 51
0.15225 47 48
0.07496 53 51
0.07496 0 0
0.07496 54 54
0.07496 0 0
0.45402 55 58
0.15266 43 49
0.07554 45 51
0.07554 0 0
0.07554 43 49
0.07554 0 0
0.45480 42 49
0.12448 47 49
0.12448 0 0
0.14925 62 45
0.14925 61 43
0.14963 0 0
0.14963 47 41
0.29925 62 45
0.15266 61 43
0.15266 47 37
0.14925 59 44
0.14925 58 42
0.15000 0 0
0.15000 47 40
0.30000 59 45
0.15345 58 44
0.15345 47 36
0.14963 57 44
0.14963 56 41
0.15075 0 0
0.15075 47 42
0.30151 57 45
0.14992 56 44
0.14992 47 38
0.15108 55 45
0.15108 47 43
0.15108 54 49
0.15108 47 50
0.15108 52 47
0.15186 50 44
0.15186 47 44
0.07496 53 52
0.07496 0 0
0.07713 54 54
0.07713 0 0
0.45324 55 59
0.15186 43 49
0.07554 45 51
0.07554 0 0
0.07554 43 49
0.07554 0 0
0.45480 42 51
0.15225 47 48
0.07496 53 51
0.07496 0 0
0.07496 54 54
0.07496 0 0
0.60668 55 60
0.30451 56 67
0.30731 61 66
0.15108 68 68
0.18750 66 61
0.06250 0 0
0.14888 74 45
0.14888 73 43
0.14963 0 0
0.14963 66 36
0.29925 74 45
0.15266 73 43
0.15266 0 0
0.14925 71 44
0.14925 70 42
0.60154 66 33
0.15038 66 39
0.30075 71 45
0.15345 70 44
0.16760 66 37
0.44816 69 60
0.44816 64 60
0.45112 57 53
0.45112 64 53
0.45014 57 53
0.45014 54 53
0.07734 48 53
0.07734 0 0
0.07613 47 46
0.07613 0 0
0.10067 52 53
0.10067 0 0
0.14925 79 45
0.14925 78 43
0.14963 0 0
0.14963 71 41
0.29925 79 45
0.15266 78 43
0.15266 0 0
0.14925 76 44
0.14925 75 42
0.60079 71 38
0.14963 71 39
0.29925 76 45
0.15345 75 44
0.16304 71 34
0.44963 74 60
0.44963 69 60
0.45185 62 53
0.45185 69 53
0.45014 62 53
0.45014 59 53
0.07734 53 53
0.07734 0 0
0.07613 52 40
0.07613 0 0
0.07613 45 47
0.07613 0 0
0.07554 53 37
0.07554 0 0
0.07554 52 37
0.07554 0 0
0.07554 45 43
0.07554 0 0
0.07554 53 37
0.07554 0 0
0.07554 52 37
0.07554 0 0
0.07633 45 43
0.07633 0 0
0.07593 53 37
0.07593 0 0
0.07593 52 37
0.07593 0 0
0.07593 45 43
0.07593 0 0
0.07593 53 38
0.07593 0 0
0.07593 52 38
0.07593 0 0
0.07653 45 45
0.07653 0 0
0.07554 57 39
0.07554 0 0
0.07554 56 39
0.07554 0 0
0.07554 48 48
0.07554 0 0
0.07554 57 44
0.07554 0 0
0.07554 56 44
0.07554 0 0
0.07653 48 47
0.07653 0 0
0.07593 57 44
0.07593 0 0
0.07593 56 44
0.07593 0 0
0.07593 48 47
0.07593 0 0
0.07593 57 43
0.07593 0 0
0.07593 56 43
0.07593 0 0
0.07653 48 49
0.07653 0 0
0.07554 60 44
0.07554 0 0
0.07554 59 44
0.07554 0 0
0.07554 52 48
0.07554 0 0
0.07554 60 43
0.07554 0 0
0.07554 59 43
0.07554 0 0
0.07613 52 49
0.07613 0 0
0.07554 64 44
0.07554 0 0
0.07554 63 44
0.07554 0 0
0.07554 55 51
0.07554 0 0
0.07554 64 46
0.07554 0 0
0.07554 63 47
0.07554 0 0
0.07653 55 51
0.07653 0 0
0.07554 67 46
0.07554 0 0
0.07554 66 46
0.07554 0 0
0.07554 59 53
0.07554 0 0
0.07554 67 47
0.07554 0 0
0.07554 66 48
0.07554 0 0
0.07633 59 53
0.07633 0 0
0.07554 71 49
0.07554 0 0
0.07554 70 47
0.07554 0 0
0.07554 62 58
0.07554 0 0
0.07554 71 50
0.07554 0 0
0.07554 70 59
0.07554 0 0
0.07673 62 48
0.07673 0 0
0.15108 70 62
0.15108 62 48
0.15108 70 61
0.15108 62 48
0.15108 70 61
0.15305 62 48
0.15108 70 61
0.15108 61 48
0.15108 70 58
0.15108 61 46
0.15108 70 57
0.15305 61 46
0.15113 61 57
0.15113 54 46
0.15306 61 56
0.15306 54 42
0.15306 61 57
0.16043 54 44
0.15287 49 50
0.15447 42 40
0.15770 49 50
0.16261 42 41
0.16785 49 49
0.18750 42 41
0.06250 0 0
0.14925 62 45
0.14925 61 43
0.14963 0 0
0.14963 47 40
0.29925 62 45
0.15266 61 43
0.15266 47 36
0.14956 59 44
0.14925 58 42
0.14963 0 0
0.14963 47 39
0.29925 59 45
0.15345 58 44
0.15345 47 36
0.14925 57 44
0.14925 56 41
0.15038 0 0
0.15038 47 40
0.30075 57 45
0.14992 56 44
0.14992 47 37
0.15108 55 45
0.15108 47 43
0.15108 54 49
0.15108 47 50
0.15108 52 47
0.15186 50 44
0.15186 47 44
0.07496 53 52
0.07496 0 0
0.07713 54 54
0.07713 0 0
0.45324 55 59
0.15186 43 49
0.07554 45 51
0.07554 0 0
0.07554 43 49
0.07554 0 0
0.45480 42 51
0.15225 47 48
0.07496 53 51
0.07496 0 0
0.07496 54 54
0.07496 0 0
0.45402 55 58
0.15266 43 49
0.07554 45 54
0.07554 0 0
0.07554 43 51
0.07554 0 0
0.45677 42 52
0.15632 47 49
0.07554 52 55
0.07554 0 0
0.07554 50 52
0.07554 0 0
0.45638 49 51
0.15632 50 50
0.07554 56 58
0.07554 0 0
0.07554 54 56
0.07554 0 0
0.45638 53 55
0.15632 54 52
0.30060 58 56
0.15186 56 60
0.45246 66 56
0.30060 58 60
0.15225 56 65
0.45285 66 60
0.30060 58 65
0.15467 56 71
0.45527 66 65
0.07837 66 72
0.07837 58 72
0.07837 0 0
0.07936 66 69
0.07936 59 69
0.07936 0 0
0.48106 64 75
0.48106 59 63
0.48106 52 63
0.07826 0 0
0.07785 55 56
0.07745 59 57
0.07705 61 59
0.31062 52 54
0.53112 0 0
0.07560 61 57
0.07580 59 57
0.07619 55 56
0.07653 52 56
0.23157 0 0
0.15590 40 57
0.15590 49 57
0.15590 0 0
0.07745 52 53
0.07719 59 55
0.07686 61 56
0.07647 64 58
0.52993 0 0
0.07549 64 58
0.07541 61 57
0.07567 59 56
0.07600 55 56
0.22958 0 0
0.15549 43 60
0.15549 49 57
0.15549 0 0
0.07774 42 63
0.07761 47 65
0.07740 50 68
0.07720 54 70
0.15392 0 0
0.07666 54 75
0.07646 59 77
1.73341 0 0
0.07550 55 70
0.07550 67 78
0.07557 0 0
0.07557 62 72
0.07557 50 64
0.07576 0 0
0.07576 64 76
0.07576 52 68
0.07582 0 0
0.07595 61 71
0.07595 49 63
0.07595 0 0
0.07595 62 77
0.07595 50 69
0.07595 0 0
0.07595 59 70
0.07595 47 63
0.07595 0 0
0.07595 61 76
0.07595 49 68
0.07595 0 0
0.07595 58 69
0.07595 46 62
0.07595 0 0
0.07595 59 68
0.07595 47 68
0.07595 0 0
0.07619 54 71
0.07619 42 63
0.07646 0 0
0.07679 55 77
0.07679 43 69
0.07706 0 0
0.08142 50 62
0.08142 38 62
0.08142 0 0
0.31098 52 75
0.31098 40 67
0.15549 54 68
0.15549 42 61
0.15929 47 68
0.07496 52 58
0.07496 0 0
0.07713 54 60
0.07713 0 0
0.60510 55 66
0.07554 45 57
0.07554 0 0
0.07554 43 55
0.07554 0 0
0.45480 42 57
0.15225 47 54
0.07496 52 57
0.07496 0 0
0.07496 54 60
0.07496 0 0
0.60668 55 65
0.07554 45 61
0.07554 0 0
0.07554 43 57
0.07554 0 0
0.45677 42 58
0.07673 47 58
0.07673 0 0
0.07593 59 55
0.07593 54 49
0.07593 50 49
0.07593 0 0
0.07593 58 50
0.07593 54 45
0.07593 50 45
0.07593 0 0
0.07653 59 54
0.07653 54 48
0.07653 50 48
0.07653 0 0
0.07593 62 56
0.07593 59 50
0.07593 54 50
0.07593 0 0
0.07593 61 54
0.07593 59 48
0.07593 54 48
0.07593 0 0
0.07653 62 58
0.07653 59 52
0.07653 54 52
0.07653 0 0
0.07593 59 48
0.07593 62 48
0.07593 66 54
0.07593 0 0
0.07593 59 53
0.07593 62 53
0.07593 65 59
0.07593 0 0
0.07633 59 54
0.07633 62 54
0.07633 66 60
0.07633 0 0
0.07593 71 57
0.07593 66 51
0.07593 62 51
0.07593 0 0
0.07593 70 62
0.07593 66 55
0.07593 62 55
0.07593 0 0
0.07653 71 62
0.07653 66 55
0.07653 62 55
0.07653 0 0
0.07593 74 62
0.07593 71 55
0.07593 66 55
0.07593 0 0
0.07593 73 58
0.07593 71 52
0.07593 66 52
0.07593 0 0
0.07653 74 64
0.07653 71 57
0.07653 66 57
0.07653 0 0
0.07593 78 65
0.07593 74 58
0.07593 71 58
0.07593 0 0
0.07593 77 63
0.07593 74 56
0.07593 71 56
0.07593 0 0
0.07593 78 67
0.07593 74 60
0.07593 71 60
0.07593 0 0
0.07593 83 67
0.07593 71 60
0.07593 74 60
0.07593 78 67
0.07580 0 0
0.07573 82 64
0.07573 71 57
0.07573 74 57
0.07573 78 64
0.07554 0 0
0.07548 83 72
0.07548 71 65
0.07548 74 65
0.07548 78 72
0.07535 0 0
0.07515 83 73
0.07515 71 65
0.07515 74 65
0.07515 78 73
0.07515 0 0
0.07713 82 71
0.07713 71 63
0.07713 74 63
0.07713 78 71
0.07713 0 0
0.07593 83 78
0.07593 71 69
0.07593 74 69
0.07593 78 78
0.37965 0 0
0.07593 71 74
0.07593 66 66
0.07593 59 66
0.37965 0 0
0.07593 59 74
0.07593 54 66
0.07593 47 66
0.37965 0 0
0.07712 59 81
0.07712 42 66
0.07712 47 74
0.07712 35 66
0.07712 54 74
0.07712 50 74
0.38560 0 0
0.07772 59 74
0.07772 54 66
0.07772 47 66
0.39445 0 0
0.08021 62 70
0.20118 47 63
0.16086 54 63
0.12054 59 70
0.45570 0 0
1.29032 47 75
1.29032 35 75
