"ty_juli"

#  Piano right
0.75677 75 88
0.75677 67 72
0.24708 67 73
1.00385 63 72
0.50437 63 70
0.50437 67 70
0.50437 70 84
0.24708 67 64
0.24708 72 78
0.25753 67 73
0.50461 63 64
1.01394 67 67
1.01394 63 67
1.01394 70 80
0.24194 70 81
0.24576 72 70
0.48770 67 66
0.48770 63 62
0.24194 67 81
0.24958 72 68
0.49152 63 68
1.00874 63 67
1.00874 67 67
1.00874 70 80
1.00874 70 81
1.00874 67 68
1.00874 63 68
0.75656 65 70
0.75656 77 84
0.24832 67 64
0.24832 79 77
0.50437 77 84
0.50437 65 70
1.50925 70 70
0.24580 72 81
0.24580 60 68
0.25482 74 78
0.25482 62 66
0.50062 68 68
1.00874 67 70
1.00874 63 70
1.00874 75 84
0.24390 75 80
0.24390 63 67
0.24996 74 69
0.24996 62 58
0.49386 67 67
0.24679 60 63
0.24679 72 75
0.25753 62 53
0.25753 74 64
0.50432 68 63
1.00874 58 65
1.50760 67 65
1.50760 70 77
1.50760 63 65
0.50098 65 59
0.99984 58 72
0.50098 70 71
0.50098 68 59
1.00874 58 60
1.50972 67 62
1.50972 63 60
1.50972 70 73
0.50993 70 71
1.01091 58 72
0.50993 65 59
0.50993 68 59
0.75677 75 88
0.75677 67 73
0.24708 67 73
1.00385 63 72
0.50437 63 70
0.50437 67 70
0.50437 70 84
0.24708 67 64
0.24708 72 78
0.25753 67 73
0.50461 63 64
1.01394 63 67
1.01394 67 67
1.01394 70 80
0.24194 70 81
0.24576 72 70
0.48770 63 62
0.48770 67 66
0.24194 67 81
0.24958 72 68
0.49152 63 68
1.00874 67 67
1.00874 70 80
1.00874 63 67
1.00874 63 68
1.00874 67 68
1.00874 70 81
0.75656 65 70
0.75656 77 84
0.24832 79 77
0.24832 67 64
0.50437 77 84
0.50437 65 70
1.50925 70 70
0.24580 60 68
0.24580 72 81
0.25482 74 78
0.25482 62 66
0.50062 68 68
1.00874 75 84
1.00874 63 70
1.00874 67 70
0.24679 75 80
0.24679 63 67
0.24996 74 69
0.24996 62 58
0.49675 67 67
0.24679 60 63
0.24679 72 75
0.25753 62 53
0.25753 74 64
0.50432 68 63
1.00874 63 62
0.24783 63 70
0.25102 62 66
1.50760 67 62
1.50760 70 73
0.24888 60 61
0.25210 62 58
0.50098 72 71
0.50098 66 59
1.02154 60 62
0.24351 59 63
1.26504 62 62
1.26504 67 74
0.24038 0 0
0.47059 55 80
0.11765 60 75
0.34492 0 0
0.46001 60 61
0.46001 67 80
0.46001 63 66
0.22727 62 67
0.22472 0 0
0.45434 62 62
0.45434 67 81
0.45434 65 67
0.23004 63 73
0.22641 0 0
0.22388 62 58
0.22906 60 71
0.45294 67 69
0.45294 65 58
0.22906 59 66
0.22906 0 0
0.45225 65 63
0.45225 55 60
0.45225 67 80
0.22976 60 75
0.22348 0 0
0.45723 63 66
0.45723 67 80
0.45723 60 66
0.22623 57 67
0.22623 0 0
0.22529 57 66
0.22793 59 67
0.45322 67 81
0.45322 65 66
0.23100 60 75
0.22435 0 0
0.45506 60 66
0.45506 67 80
0.45506 63 66
0.22623 72 71
0.22623 75 71
0.22623 79 85
0.22623 67 71
0.22623 0 0
0.45430 55 67
0.45430 67 81
0.22814 60 75
0.22814 72 75
0.22814 67 75
0.22814 63 75
0.22388 0 0
0.45524 72 80
0.45524 60 66
0.22388 67 66
0.22388 62 66
0.22388 74 80
0.22388 71 66
0.22388 0 0
0.45343 74 81
0.45343 62 67
0.22642 72 75
0.22642 67 75
0.22642 63 75
0.22642 75 75
0.22472 0 0
0.22222 74 80
0.22222 62 66
0.22140 60 66
0.22140 72 80
0.22472 74 80
0.22472 62 66
0.22472 67 66
0.22472 71 66
0.22388 0 0
0.45430 67 81
0.45430 55 67
0.22814 72 79
0.22814 60 79
0.22305 0 0
0.44642 72 74
0.44642 75 74
0.44642 79 88
0.44642 67 74
0.22623 75 85
0.22623 63 71
0.22623 0 0
0.22529 74 86
0.22529 62 72
0.22529 67 72
0.22529 71 72
0.24222 63 72
0.24222 75 86
0.23628 72 86
0.23628 60 73
0.24227 72 83
0.24227 75 99
0.24227 79 99
0.24227 67 83
0.97433 72 83
0.97433 77 100
0.97433 80 100
0.97433 68 83
0.48387 82 96
0.48387 70 81
0.48387 74 81
0.48387 77 96
0.23727 75 92
0.23727 67 78
0.23727 70 78
0.23727 79 92
0.24227 79 92
0.24227 75 92
0.24227 72 78
0.24227 67 78
0.97433 80 99
0.97433 77 99
0.97433 72 83
0.97433 68 83
0.49084 70 83
0.49084 77 99
0.49084 82 99
0.49084 74 83
0.24542 79 96
0.24542 67 81
0.24542 70 81
0.24542 75 96
0.25103 0 0
0.11261 79 79
0.11261 87 79
0.11261 75 70
0.11261 0 0
0.11261 75 70
0.11261 79 79
0.11261 86 79
0.11261 74 62
0.11261 0 0
0.11261 74 63
0.11352 78 77
0.11352 84 77
0.11352 72 63
0.11352 0 0
0.11352 72 63
0.11352 83 75
0.11352 79 75
0.11352 74 75
0.11352 71 62
0.11681 0 0
0.11681 71 62
0.11352 71 77
0.11352 74 77
0.11352 80 77
0.11352 68 60
0.11367 0 0
0.11397 68 61
0.11397 79 75
0.11397 72 75
0.11444 67 58
0.11444 0 0
0.11460 67 58
0.11491 77 73
0.11491 71 73
0.11491 67 73
0.11491 65 57
0.11538 0 0
0.11538 65 57
0.23628 72 73
0.23628 63 73
0.23628 75 86
0.23628 67 73
0.24227 79 99
0.24227 67 83
0.24227 72 83
0.24227 75 99
0.97433 77 100
0.97433 68 83
0.97433 72 83
0.97433 80 100
0.48387 82 96
0.48387 77 96
0.48387 74 81
0.48387 70 81
0.23727 79 92
0.23727 75 92
0.23727 70 78
0.23727 67 78
0.24227 72 78
0.24227 75 92
0.24227 79 92
0.24227 67 78
0.97433 72 83
0.97433 68 83
0.97433 80 99
0.97433 77 99
0.49084 77 99
0.49084 70 83
0.49084 82 99
0.49084 74 83
0.24542 79 96
0.24542 67 81
0.24542 70 81
0.24542 75 96
0.24944 0 0
0.11310 75 79
0.11310 79 79
0.11310 67 70
0.11310 0 0
0.11265 67 70
0.11265 75 79
0.11265 80 79
0.11265 68 62
0.11220 0 0
0.11220 68 63
0.11220 75 77
0.11220 82 77
0.11177 70 63
0.11177 0 0
0.11162 70 63
0.11177 75 75
0.11177 84 75
0.11177 72 62
0.11355 0 0
0.11355 72 62
0.11265 83 77
0.11265 79 77
0.11265 71 60
0.11265 0 0
0.11265 71 61
0.11265 79 75
0.11265 84 75
0.11265 72 58
0.11265 0 0
0.11265 72 58
0.11265 79 73
0.11265 86 73
0.11265 74 57
0.11588 0 0
0.11588 74 57
0.23628 87 86
0.23628 75 73
0.23628 79 73
0.24227 84 99
0.24227 75 83
0.24227 79 83
0.24227 87 99
0.97070 77 83
0.97070 84 100
0.97070 89 100
0.48387 73 81
0.48387 77 96
0.48387 85 96
0.23727 77 92
0.23727 86 92
0.23727 74 78
0.24227 79 78
0.24227 84 92
0.24227 87 92
0.24227 75 78
0.97037 89 99
0.97037 84 99
0.97037 77 83
0.49084 85 99
0.49084 77 99
0.49084 73 83
0.11219 77 75
0.11219 82 75
0.11219 86 75
0.11219 74 62
0.11353 0 0
0.11353 74 62
0.11308 81 77
0.11308 78 77
0.11308 69 60
0.11308 0 0
0.11308 69 61
0.11308 77 75
0.11308 82 75
0.11308 70 58
0.11308 0 0
0.11308 70 58
0.11308 69 73
0.11308 78 73
0.11308 66 57
0.11633 0 0
0.11633 66 57
0.11219 70 72
0.11219 77 72
0.11219 65 56
0.11353 0 0
0.11353 65 56
0.11308 69 69
0.11308 66 69
0.11308 63 57
0.11308 0 0
0.11308 63 53
0.11308 65 68
0.11308 70 68
0.11308 62 56
0.11308 0 0
0.11308 62 57
0.11308 57 64
0.11308 63 64
0.11308 54 56
0.11633 0 0
0.11633 54 56
0.11219 58 67
0.11219 65 67
0.11219 53 51
0.11353 0 0
0.11353 53 51
0.11308 57 63
0.11308 54 63
0.11308 51 52
0.11308 0 0
0.11308 51 49
0.11308 53 62
0.11308 58 62
0.11308 50 51
0.11308 0 0
0.11308 50 52
0.11308 51 59
0.11308 57 59
0.11308 48 51
0.11633 0 0
0.11633 48 51
0.11219 58 59
0.11219 50 59
0.11219 46 46
0.11353 0 0
0.11353 46 46
0.11308 57 57
0.11308 51 57
0.11308 48 47
0.11308 0 0
0.11308 48 44
0.11308 58 56
0.11308 50 56
0.11308 46 46
0.11308 0 0
0.11308 46 47
0.11308 51 52
0.11308 57 52
0.11308 48 46
0.11633 0 0
0.11633 48 46
0.24000 58 59
0.24000 50 59
0.24000 0 0
0.16000 50 49
0.16000 53 51
0.16000 58 49
0.15952 62 52
0.16032 58 54
0.16129 62 56
0.16227 65 58
0.16310 70 60
0.16427 74 61
0.75677 67 64
0.75677 75 79
0.24708 67 68
1.00385 63 64
0.50437 70 71
0.50437 67 56
0.50437 63 56
0.24708 67 57
0.24708 72 70
0.25753 67 65
0.50461 63 57
1.01394 63 60
1.01394 67 60
1.01394 70 71
0.26242 70 70
0.48770 63 53
0.48770 67 57
0.24576 72 61
0.26273 67 70
0.24958 72 59
0.49152 63 59
1.17403 70 71
1.17403 63 60
1.17403 67 60
0.16461 62 57
0.16393 63 57
0.16310 67 58
0.16533 70 62
0.16807 75 66
0.77700 65 63
0.77700 77 75
0.26934 79 69
0.26934 67 57
0.50437 65 63
1.50900 70 63
0.50437 77 75
0.24580 72 72
0.26704 60 61
0.25482 74 70
0.25482 62 59
0.52164 68 61
1.25264 63 63
1.25264 75 75
1.50260 67 63
0.27052 74 62
0.27052 62 52
0.26825 60 56
0.26825 72 67
0.50432 68 56
0.25753 62 47
0.25753 74 57
0.50437 70 69
0.50437 67 55
0.50437 63 55
0.75220 63 53
0.25102 62 56
1.00323 70 66
1.00323 67 53
0.24888 60 53
0.25210 62 50
0.50098 70 63
0.50098 68 50
0.51064 70 65
0.51064 67 55
0.51064 63 53
0.66738 70 63
0.16478 72 59
0.16410 69 58
0.99626 67 53
0.99626 63 51
0.16343 70 63
0.16730 72 63
0.17167 74 66
0.50241 62 53
0.50241 68 53
0.75677 67 64
0.75677 75 79
0.24708 67 68
0.50437 70 71
0.50437 67 56
0.50437 63 56
0.24708 67 57
0.26854 72 70
0.25753 67 65
0.50461 63 57
1.01394 63 60
1.01394 67 60
1.01394 70 71
0.26242 70 70
0.48770 63 53
0.48770 67 57
0.24576 72 61
0.26273 67 70
0.24958 72 59
0.49152 63 59
1.17403 70 71
1.17403 63 56
1.17403 67 57
0.16461 62 57
0.16393 63 57
0.16310 67 58
0.16533 70 62
0.16807 75 66
0.77072 65 63
0.77072 77 75
0.26934 79 69
0.26934 67 57
0.50437 65 63
1.50272 70 63
0.50437 77 75
0.26704 60 59
0.26704 72 72
0.25482 62 59
0.50062 68 57
0.25482 74 70
1.24497 75 75
1.24497 63 63
1.49493 67 63
0.27052 74 62
0.27052 62 52
0.26825 60 56
0.26825 72 67
0.50432 68 56
0.25753 62 47
0.25753 74 57
0.50001 70 69
0.50001 67 55
0.50001 63 55
0.74992 63 53
0.25102 62 56
1.00095 70 66
1.00095 67 53
0.24888 60 53
0.25210 62 50
0.50098 70 63
0.50098 68 53
0.49898 63 55
0.49898 67 58
0.49898 70 66
0.74992 63 52
0.25102 62 53
1.00095 67 52
1.00095 70 64
0.24888 60 49
0.25210 62 46
0.50098 70 59
0.50098 68 49
0.24691 63 53
0.24691 67 53
0.24691 70 63
0.24691 0 0
1.75844 67 50
1.75844 63 50
1.75844 70 59
0.24793 0 0
1.75948 70 54
1.75948 67 43
1.75948 63 43
0.91525 0 0
0.16629 62 37
0.16735 63 36
0.16592 65 40
0.16699 62 36
0.16807 65 36
0.24793 63 40
0.91736 0 0
0.16629 69 37
0.16735 70 36
0.02092 0 0
0.16592 72 40
0.16699 69 36
0.16807 72 36
0.25219 70 40
0.93190 0 0
0.17206 78 37
0.17391 79 36
0.02174 0 0
0.17021 81 40
0.17169 82 36
0.17316 86 36
1.07143 0 0
1.20000 79 30
1.20000 75 30
2.40000 79 30
2.40000 75 30
4.67143 87 40
#  Piano left
1.50822 58 70
1.50822 51 58
0.50461 46 44
0.50461 58 52
0.50461 51 44
1.50164 51 53
1.50164 58 64
0.49152 46 49
0.49152 58 58
0.49152 51 49
1.51311 58 65
1.51311 51 54
0.50437 51 50
0.50437 58 61
0.50437 46 50
1.50925 51 56
1.50925 58 56
1.50925 62 67
0.50062 46 46
0.50062 53 56
1.50260 58 67
1.50260 51 56
0.50432 53 56
0.50432 46 46
1.25657 51 65
0.25103 50 63
0.24888 48 59
0.25210 50 56
0.50098 46 50
1.25762 51 60
0.25210 50 63
0.24888 48 59
0.26105 50 56
0.50993 46 50
1.50822 51 58
1.50822 58 70
0.50461 51 44
0.50461 58 52
0.50461 46 44
1.50164 58 64
1.50164 51 53
0.49152 58 58
0.49152 46 49
0.49152 51 49
1.51311 51 54
1.51311 58 65
0.50437 58 61
0.50437 46 50
0.50437 51 50
1.50925 62 67
1.50925 58 56
1.50925 51 56
0.50062 46 46
0.50062 53 56
1.50549 51 56
1.50549 58 67
0.50432 46 46
0.50432 53 56
1.50760 58 62
1.50760 51 62
0.50098 50 50
0.50098 44 50
1.26504 50 62
1.26504 43 52
0.24038 41 63
0.23529 39 63
0.23529 38 63
0.11765 36 67
0.11765 0 0
0.11364 43 61
0.11364 0 0
0.11450 48 63
0.11450 0 0
0.11550 43 59
0.11550 0 0
0.11364 36 67
0.11364 0 0
0.11236 43 59
0.11236 0 0
0.11321 48 62
0.11321 0 0
0.11396 43 59
0.11396 0 0
0.11502 36 68
0.11502 0 0
0.11321 43 60
0.11321 0 0
0.11194 48 63
0.11194 0 0
0.11453 43 60
0.11453 0 0
0.11453 36 67
0.11453 0 0
0.11453 43 60
0.11453 0 0
0.11306 48 63
0.11306 0 0
0.11306 43 59
0.11306 0 0
0.11488 36 67
0.11488 0 0
0.11174 43 61
0.11174 0 0
0.11311 48 63
0.11311 0 0
0.11550 43 59
0.11550 0 0
0.11311 36 67
0.11311 0 0
0.11311 43 59
0.11311 0 0
0.11265 48 62
0.11265 0 0
0.11396 43 59
0.11396 0 0
0.11550 36 67
0.11550 0 0
0.11217 43 61
0.11217 0 0
0.11311 48 63
0.11311 0 0
0.11442 43 59
0.11442 0 0
0.11311 36 67
0.11311 0 0
0.11311 43 59
0.11311 0 0
0.11265 48 62
0.11265 0 0
0.11450 43 59
0.11450 0 0
0.11407 36 67
0.11407 0 0
0.11194 43 61
0.11194 0 0
0.11311 48 63
0.11311 0 0
0.11450 55 59
0.11450 0 0
0.11194 55 67
0.11194 0 0
0.11194 48 59
0.11194 0 0
0.11265 43 62
0.11265 0 0
0.11407 36 59
0.11407 0 0
0.11321 36 67
0.11321 0 0
0.11236 43 61
0.11236 0 0
0.11111 48 63
0.11111 0 0
0.11070 55 59
0.11070 0 0
0.11236 55 67
0.11236 0 0
0.11194 48 59
0.11194 0 0
0.11265 43 62
0.11265 0 0
0.11450 36 59
0.11450 0 0
0.11407 36 70
0.11407 0 0
0.11152 43 63
0.11152 0 0
0.11194 48 67
0.11194 0 0
0.11127 55 62
0.11127 0 0
0.11311 55 72
0.11311 0 0
0.11311 48 62
0.11311 0 0
0.11265 43 65
0.11265 0 0
0.12109 36 62
0.12113 0 0
0.23628 36 64
0.24227 48 59
0.24227 51 59
0.24227 55 70
0.24227 60 70
0.88249 53 59
0.88249 56 59
0.88249 65 70
0.88249 60 70
0.09184 0 0
0.48387 62 63
0.57571 46 53
0.54510 53 53
0.51448 58 63
0.23727 51 56
0.23727 63 66
0.23727 55 56
0.23727 58 66
0.24227 60 66
0.24227 63 66
0.88249 60 70
0.88249 56 59
0.88249 53 59
0.88249 65 70
0.09184 0 0
0.49084 62 73
0.58267 46 61
0.55206 53 61
0.52145 58 73
0.24542 63 66
0.24542 58 66
0.24542 55 56
0.24542 51 56
0.25103 0 0
0.11261 60 73
0.11261 67 73
0.11261 0 0
0.11261 72 67
0.11261 0 0
0.11261 59 74
0.11261 62 74
0.11261 0 0
0.11261 71 67
0.11261 0 0
0.11352 56 72
0.11352 62 72
0.11352 0 0
0.11352 68 62
0.11352 0 0
0.11352 62 71
0.11352 55 71
0.11352 0 0
0.11681 67 59
0.11681 0 0
0.11352 53 70
0.11352 0 0
0.11367 65 57
0.11397 0 0
0.11397 51 67
0.11444 0 0
0.11444 63 56
0.11460 0 0
0.11491 50 63
0.11491 0 0
0.11538 62 58
0.11538 0 0
0.23628 48 64
0.24227 60 70
0.24227 63 70
0.88249 53 59
0.88249 56 59
0.88249 65 70
0.88249 60 70
0.09184 0 0
0.48387 62 63
0.57571 46 53
0.54510 53 53
0.51448 58 63
0.23727 51 56
0.23727 63 66
0.23727 55 56
0.23727 58 66
0.24227 63 66
0.24227 60 66
0.88249 53 59
0.88249 56 59
0.88249 60 70
0.88249 65 70
0.09184 0 0
0.49084 62 73
0.58267 46 61
0.55206 53 61
0.52145 58 73
0.24542 51 56
0.24542 63 66
0.24542 58 66
0.24542 55 56
0.24944 0 0
0.11310 58 73
0.11310 51 73
0.11310 0 0
0.11310 63 67
0.11265 0 0
0.11265 53 74
0.11265 58 74
0.11265 0 0
0.11220 65 67
0.11220 0 0
0.11220 55 72
0.11220 58 72
0.11177 0 0
0.11177 67 62
0.11162 0 0
0.11177 63 71
0.11177 56 71
0.11177 0 0
0.11355 68 59
0.11355 0 0
0.11265 62 70
0.11265 55 70
0.11265 0 0
0.11265 67 57
0.11265 0 0
0.11265 57 67
0.11265 62 67
0.11265 0 0
0.11265 69 56
0.11265 0 0
0.11265 59 63
0.11265 62 63
0.11265 0 0
0.11588 71 58
0.11588 0 0
0.23628 67 70
0.23628 72 70
0.23628 60 70
0.24227 58 63
0.24227 70 63
0.24227 60 63
0.72778 60 70
0.72778 69 70
0.72778 57 70
0.24291 65 59
0.24291 53 59
0.24194 55 62
0.24194 67 62
0.24194 57 66
0.24194 69 66
0.23727 58 69
0.23727 70 69
0.24227 58 63
0.24227 70 63
0.24227 60 63
0.72745 57 69
0.72745 69 69
0.72745 60 69
0.24292 53 61
0.24292 65 61
0.24542 55 63
0.24542 67 63
0.24542 69 64
0.24542 57 64
0.11219 65 71
0.11219 58 71
0.11219 0 0
0.11353 70 59
0.11353 0 0
0.11308 58 70
0.11308 63 70
0.11308 0 0
0.11308 66 57
0.11308 0 0
0.11308 58 67
0.11308 62 67
0.11308 0 0
0.11308 65 56
0.11308 0 0
0.11308 46 63
0.11308 0 0
0.11633 63 58
0.11633 0 0
0.11219 46 64
0.11219 0 0
0.11353 62 55
0.11353 0 0
0.11308 46 63
0.11308 0 0
0.11308 60 55
0.11308 0 0
0.11308 46 63
0.11308 0 0
0.11308 58 55
0.11308 0 0
0.11308 34 62
0.11308 0 0
0.11633 51 56
0.11633 0 0
0.11219 34 59
0.11219 0 0
0.11353 50 50
0.11353 0 0
0.11308 34 58
0.11308 0 0
0.11308 48 50
0.11308 0 0
0.11308 34 58
0.11308 0 0
0.11308 46 50
0.11308 0 0
0.11308 34 58
0.11308 0 0
0.11633 42 51
0.11633 0 0
0.11219 34 52
0.11219 0 0
0.11353 41 45
0.11353 0 0
0.11308 34 51
0.11308 0 0
0.11308 42 45
0.11308 0 0
0.11308 34 51
0.11308 0 0
0.11308 41 45
0.11308 0 0
0.11308 34 51
0.11308 0 0
0.11633 42 46
0.11633 0 0
0.16000 34 45
0.16000 41 43
0.16000 46 43
1.45078 0 0
0.16834 58 56
0.16812 57 45
0.16812 58 45
0.16812 60 51
0.16642 57 46
0.16472 60 46
1.50822 51 45
0.50461 46 39
1.00898 58 55
0.16899 58 51
0.16899 57 45
0.16899 58 45
0.16899 60 49
0.16899 57 46
0.16899 60 46
1.50164 51 46
0.49152 46 44
0.97922 58 56
0.16812 58 51
0.16812 57 45
0.16812 58 45
0.16812 60 51
0.16812 57 47
0.16812 60 47
1.50257 51 41
0.49650 46 45
0.99033 58 57
0.16807 62 50
0.25210 51 46
0.25210 58 46
0.16807 61 45
0.16807 62 45
0.16807 63 49
0.16681 61 46
0.16555 63 46
0.25219 62 57
0.25219 0 0
0.50062 58 50
0.50062 46 41
0.16812 58 51
0.16812 57 45
0.16812 58 45
0.16812 60 49
0.16812 57 45
0.16812 60 45
0.24390 58 57
1.50260 51 45
0.50432 46 41
0.50432 58 50
0.16812 58 49
0.16812 57 45
0.16812 58 45
0.16812 60 49
0.16812 57 47
0.16812 60 47
1.50760 51 46
0.50098 46 45
0.99984 58 57
0.17021 58 48
0.17021 57 44
0.17021 58 44
0.16736 60 47
0.16736 57 43
0.16736 60 42
1.26049 51 49
0.49417 58 55
0.50241 46 45
0.50241 58 52
0.16834 58 56
0.16812 57 45
0.16812 58 45
0.16812 60 51
0.16642 57 46
0.16472 60 46
1.50822 51 45
0.50461 46 39
1.00898 58 55
0.16899 58 51
0.16899 57 45
0.16899 58 45
0.16899 60 49
0.16899 57 46
0.16899 60 46
1.50164 51 46
0.49152 46 44
0.97922 58 56
0.16812 58 51
0.16812 57 45
0.16812 58 45
0.16812 60 51
0.16812 57 47
0.16812 60 47
1.50257 51 41
0.49650 46 45
0.99033 58 57
0.16529 62 50
0.24793 58 46
0.24793 51 46
0.16633 61 45
0.16736 62 45
0.16736 63 49
0.16646 61 46
0.16555 63 46
0.25219 62 57
0.25219 0 0
0.50062 58 50
0.50062 46 41
0.16529 58 51
0.16633 57 45
0.16736 58 45
0.16736 60 49
0.16736 57 45
0.16736 60 45
0.24390 58 57
1.49493 51 45
0.50432 46 41
0.50432 58 50
0.16598 58 49
0.16667 57 45
0.16736 58 45
0.16736 60 49
0.16736 57 47
0.16736 60 47
1.50096 51 46
0.50098 46 45
0.99984 58 57
0.16529 58 49
0.16633 57 45
0.16736 58 44
0.16736 60 48
0.16736 57 46
0.16736 60 45
1.49993 51 46
0.50098 46 42
1.16445 58 54
0.16461 57 40
0.16461 58 40
0.16667 60 44
0.16737 57 41
0.16807 60 41
1.50013 51 42
0.50420 46 47
1.17369 58 50
0.16529 57 37
0.16529 58 36
0.16736 60 40
0.16772 57 38
0.16807 60 37
1.50322 51 38
0.50420 46 40
1.17369 58 45
0.24793 51 34
0.16633 57 33
0.16736 58 33
0.16529 60 35
0.16633 57 34
0.16736 60 33
0.24783 58 40
0.91730 0 0
0.16668 66 33
0.16807 67 33
0.16529 68 35
0.16668 66 34
0.16807 68 33
0.24783 67 40
0.92013 0 0
0.16917 74 33
0.17021 75 33
0.16736 77 35
0.16879 74 34
0.17021 77 33
0.25532 75 40
1.84736 0 0
1.20000 63 26
1.20000 70 26
2.40000 70 26
2.40000 63 26
