"ty_mai"

#  Piano right
2.36537 0 0
0.69767 74 50
0.46852 71 51
1.28068 62 40
0.09314 62 37
1.22210 66 45
0.92024 71 55
0.96662 67 39
0.20706 0 0
0.70175 74 53
0.46374 71 53
1.26424 62 40
0.09415 62 36
1.21376 69 42
1.04046 71 52
1.08720 67 39
0.72289 76 63
0.36145 74 60
1.08434 66 52
1.08434 74 59
1.08434 67 52
0.35088 79 66
0.35088 78 58
0.36364 76 56
1.06539 70 52
1.09091 69 48
0.36364 74 60
0.36364 69 56
0.37500 72 58
1.10227 66 48
0.72727 66 50
0.72727 72 57
0.36364 71 55
0.36364 67 49
0.35928 64 52
0.35928 57 51
0.36810 64 53
1.08666 69 52
0.77078 64 55
0.20303 62 53
1.21197 69 55
0.69767 74 55
0.45269 71 51
1.26579 62 40
0.09684 62 37
1.20716 66 45
0.92025 71 52
0.96760 67 39
0.20706 0 0
0.70175 74 53
0.44659 71 53
1.24709 62 40
0.09684 62 36
1.19661 69 42
1.04046 71 50
1.08782 67 39
0.72289 76 63
0.36145 74 60
1.08434 66 52
1.08434 67 53
1.08434 74 62
0.35088 79 66
0.35088 76 55
0.36364 79 57
1.06539 70 52
0.72727 78 62
0.36364 78 56
1.09091 71 58
0.35294 83 62
0.35294 79 60
0.37500 83 57
1.08088 73 53
0.72727 81 61
0.36364 81 55
1.09091 74 51
0.36364 86 55
0.36364 81 53
0.36364 86 53
1.09091 74 49
1.09091 81 50
1.09091 86 57
0.36364 0 0
0.36364 81 39
0.36364 86 39
0.36624 93 44
0.75842 0 0
0.76923 98 45
1.15263 93 42
1.52765 86 42
0.38462 0 0
0.34483 86 57
0.34884 82 55
0.35503 79 52
0.33898 77 53
0.34884 81 49
0.36585 79 49
1.06509 77 52
3.16746 74 57
3.07059 0 0
0.34483 74 57
0.34884 70 55
0.35503 67 52
0.33898 65 53
0.34884 69 49
0.36585 67 46
1.06509 65 51
3.16746 62 57
3.08045 0 0
0.72289 62 55
0.36585 59 51
1.08875 57 55
1.08434 55 48
1.08434 59 48
0.72289 62 51
0.36810 59 51
1.09099 57 51
1.04046 59 46
1.08564 55 41
0.72289 64 57
0.36145 62 53
1.08434 54 50
1.08434 55 53
1.08434 62 59
0.35088 67 66
0.35088 66 63
0.36364 64 62
1.06539 58 59
1.45455 57 60
0.37037 59 52
0.38710 60 56
0.72727 60 58
0.37500 59 55
2.20934 59 55
0.72727 59 57
0.37500 57 53
2.21591 57 52
0.37267 57 49
0.37267 59 46
0.39216 60 46
0.80000 60 48
0.42553 59 42
1.22553 54 42
1.32553 59 42
1.32553 55 38
0.96559 0 0
0.15789 67 52
0.62348 71 70
0.45247 0 0
0.15544 66 57
0.60791 70 62
0.27798 74 73
0.28986 73 67
0.28986 66 57
0.28986 64 57
0.29160 71 61
0.29160 66 51
0.29160 62 51
0.73919 0 0
0.14865 67 55
0.58438 71 70
0.42955 0 0
0.14514 66 57
0.57469 70 62
0.27928 78 74
0.29039 76 71
0.14236 71 56
0.14236 72 57
0.28471 76 70
0.15021 71 52
0.15021 66 51
0.30042 75 62
0.43716 0 0
0.14865 67 55
0.58581 71 70
0.42811 0 0
0.14369 66 57
0.57180 70 62
0.27798 74 73
0.29028 73 67
0.29028 66 57
0.29028 64 57
0.29028 71 61
0.29028 66 51
0.29028 62 51
0.71983 0 0
0.14514 67 55
0.57469 71 70
0.42874 0 0
0.14946 66 57
0.57820 70 62
0.28852 78 72
0.29729 76 71
0.14426 71 56
0.14426 72 56
0.28852 76 70
0.14865 71 52
0.14865 66 51
0.29729 75 62
0.28246 0 0
0.14415 67 52
0.14415 71 48
0.57075 79 79
0.28634 0 0
0.14616 66 50
0.14616 71 47
0.57865 78 77
0.29231 77 77
0.29231 80 67
0.29231 73 50
0.29231 71 49
0.29231 71 60
0.29231 69 57
0.58462 73 71
0.28246 0 0
0.14415 66 52
0.14415 69 48
0.57075 78 77
0.28634 0 0
0.14616 64 50
0.14616 69 46
0.57865 76 75
0.29580 75 79
0.29580 78 69
0.29580 71 50
0.29580 69 49
0.29580 69 60
0.29580 67 57
0.59160 71 71
0.28431 0 0
0.14497 64 52
0.14497 67 48
0.57425 76 75
0.28994 0 0
0.14616 62 50
0.14616 67 47
0.58225 74 73
0.29231 74 72
0.29231 73 67
0.29231 67 42
0.29231 61 41
0.29231 71 59
0.29231 67 51
0.29231 64 51
0.29231 69 57
0.42955 0 0
0.14514 61 46
0.57469 67 59
0.42955 0 0
0.14514 62 46
0.57469 66 57
0.28852 73 60
0.29028 71 49
0.29028 66 39
0.29028 62 36
0.29028 69 55
0.71688 0 0
0.14415 63 49
0.57075 69 62
0.43250 0 0
0.14616 64 49
0.57865 67 60
0.29231 76 66
0.29231 74 53
0.29231 67 45
0.29231 64 45
0.29231 74 61
0.29231 73 57
0.42955 0 0
0.14514 61 46
0.57469 67 59
0.42955 0 0
0.14514 62 46
0.57469 66 57
0.28058 73 58
0.29028 71 49
0.29028 66 39
0.29028 62 36
0.29028 69 55
0.71688 0 0
0.14415 63 49
0.57075 69 60
0.43250 0 0
0.14616 64 51
0.57865 67 60
0.28289 76 64
0.29237 74 53
0.29237 67 45
0.29237 64 45
0.28471 73 61
0.58484 0 0
0.29839 69 59
0.29839 62 49
0.58691 72 71
0.28852 0 0
0.29839 67 62
0.29839 62 52
0.58691 71 72
0.28463 0 0
0.29839 71 63
0.29839 64 53
0.58302 74 74
0.28852 0 0
0.30675 69 63
0.30675 64 53
0.59527 73 74
0.29435 0 0
0.30896 71 67
0.30896 65 56
0.60331 73 78
0.30251 0 0
0.32268 71 69
0.32268 65 58
0.62520 73 80
0.59198 78 86
0.60018 73 85
1.19217 66 73
1.19217 70 73
0.30597 73 80
0.30597 75 80
0.60582 73 81
1.21775 65 60
1.21775 70 60
0.59198 78 86
0.60018 73 84
1.19217 66 73
1.19217 70 73
0.30915 73 80
0.30915 75 80
0.60536 73 81
1.22366 65 60
1.22366 70 60
0.29325 0 0
0.29892 73 64
0.29892 70 55
0.59217 66 82
0.29728 0 0
0.30318 66 46
0.30318 70 56
0.60047 61 72
0.30318 61 75
0.30318 63 70
0.61110 61 72
0.91428 71 52
0.91428 68 52
0.29511 0 0
0.29892 73 58
0.29892 70 49
0.59404 66 73
0.29728 0 0
0.30318 66 40
0.30318 70 49
0.60047 61 64
0.30318 61 68
0.30318 63 62
0.61801 61 64
0.92120 71 47
0.92120 68 47
0.29813 0 0
0.30741 73 51
0.30741 70 44
0.60555 66 66
0.30292 0 0
0.31659 66 36
0.31659 70 44
0.61951 61 58
0.30434 0 0
0.31569 70 39
0.31569 73 46
0.62004 66 59
0.30770 0 0
0.32024 70 39
0.32024 66 31
0.62794 61 51
0.45315 0 0
0.15464 67 52
0.60779 71 70
0.44278 0 0
0.15152 66 57
0.59429 70 62
0.28289 74 73
0.29237 73 67
0.29237 66 57
0.29237 64 57
0.29237 71 61
0.29237 66 51
0.29237 62 51
0.73145 0 0
0.14514 67 55
0.57469 71 70
0.42955 0 0
0.14514 66 57
0.57469 70 62
0.28852 78 74
0.29881 76 71
0.14236 71 56
0.14236 72 57
0.28471 76 70
0.15021 71 52
0.15021 66 51
0.30042 75 62
0.42661 0 0
0.14415 71 42
0.57075 79 79
0.43250 0 0
0.14616 71 44
0.57865 78 77
0.29231 78 75
0.14616 66 52
0.14616 69 48
0.29231 76 67
0.43847 0 0
0.14616 67 40
0.58462 74 71
0.42661 0 0
0.14415 69 42
0.57075 76 77
0.43250 0 0
0.14616 67 44
0.57865 74 73
0.29231 74 77
0.14616 62 52
0.14616 69 48
0.29231 72 67
0.43847 0 0
0.14616 67 40
0.14616 62 40
0.58462 71 67
0.44157 0 0
0.14925 61 42
0.59082 67 62
0.29525 66 61
0.15437 0 0
0.15437 61 36
0.30874 67 58
0.44528 0 0
0.14843 62 42
0.59371 71 62
0.45034 0 0
0.15348 62 36
0.60382 69 59
0.44528 63 56
0.14843 60 36
0.29685 62 52
0.31053 0 0
0.44776 51 56
0.14925 48 35
0.29851 50 53
0.90429 0 0
0.15668 61 47
0.16341 62 40
0.17081 66 45
0.17893 69 40
0.78075 0 0
0.69767 74 53
0.46852 71 51
1.27857 62 40
0.09314 62 37
1.21872 66 45
0.92024 71 55
0.96662 67 39
0.20706 0 0
0.70175 74 53
0.46374 71 53
1.26424 62 40
0.09415 62 36
1.21376 69 42
1.04046 71 52
1.08720 67 39
0.72289 76 63
0.36145 74 60
1.08434 66 52
1.08434 67 52
1.08434 74 59
0.35088 79 66
0.35088 78 60
0.36364 76 57
1.06539 70 52
1.09091 69 48
0.36364 74 60
0.36364 69 56
0.37500 72 58
1.10227 66 48
0.72727 66 50
0.72727 72 57
0.36364 71 55
0.36364 67 49
0.35928 64 52
0.35928 57 51
0.36810 64 53
1.08666 69 52
0.77078 64 55
0.20134 62 53
1.20495 69 55
0.69767 74 55
0.45269 71 51
1.26053 62 40
0.09684 62 37
1.20239 66 45
0.92024 71 52
0.96760 67 39
0.20706 0 0
0.70175 74 53
0.44659 71 53
1.24709 62 40
0.09684 62 36
1.19661 69 42
1.04046 71 50
1.08782 67 39
0.72289 76 63
0.36145 74 60
1.08434 66 52
1.08434 67 53
1.08434 74 62
0.35088 79 66
0.35088 76 61
0.36364 79 62
1.06539 70 52
0.72727 78 62
0.36364 78 56
1.09091 71 58
0.35294 83 62
0.35294 79 60
0.37500 83 57
1.08088 73 53
0.72727 81 61
0.36364 81 55
1.09091 74 51
0.36364 86 55
0.36364 81 53
0.36364 86 53
1.09091 74 49
1.09091 81 50
1.09091 86 57
0.36364 0 0
0.36364 81 39
0.36364 86 39
0.36624 93 44
0.75842 0 0
0.76923 98 44
1.15263 93 42
1.52765 86 42
0.38462 0 0
0.34483 86 57
0.34884 82 55
0.35503 79 52
0.33898 77 53
0.34884 81 49
0.36585 79 49
1.06509 77 52
3.16746 74 57
3.07059 0 0
0.34483 74 57
0.34884 70 55
0.35503 67 52
0.33898 65 53
0.34884 69 49
0.36585 67 49
1.06509 65 51
3.16746 62 57
3.08045 0 0
0.72289 62 55
0.36585 59 51
1.08875 57 55
1.08434 59 48
1.08434 55 48
0.72289 62 51
0.36810 59 51
1.09099 57 51
1.04046 59 46
1.08564 55 41
0.72289 64 57
0.36145 62 53
1.08434 54 50
1.08434 55 53
1.08434 62 59
0.35088 67 59
0.35088 66 57
0.36364 64 56
1.06539 58 52
1.45455 57 53
0.37037 59 47
0.38710 60 49
0.72727 60 51
0.37500 59 49
2.20934 59 49
0.72727 59 45
0.37500 57 42
2.21591 57 41
0.37267 57 39
0.37267 59 36
0.39216 60 36
2.15954 60 38
0.56075 59 34
2.72029 54 34
5.04673 59 34
5.04673 55 29
3.36449 59 25
3.36449 55 24
#  Piano left
2.18935 0 0
1.34221 57 37
1.40656 50 33
1.11099 52 31
1.06151 55 36
0.05541 0 0
1.31715 57 44
1.37256 54 36
1.23148 55 33
1.18271 59 36
1.08434 57 41
1.08434 60 47
1.08434 62 46
1.08434 59 41
1.06539 61 42
1.06539 64 48
0.36364 67 51
0.36364 66 50
0.36364 64 49
1.09091 62 51
1.10227 50 42
1.10227 57 48
0.72727 57 45
0.72727 51 39
0.36364 55 38
0.36364 52 34
0.71856 0 0
0.36810 55 40
1.08666 49 33
0.77078 55 45
0.20303 54 40
1.21197 50 39
0.23816 50 33
1.32608 57 37
1.12293 52 31
1.06889 55 36
0.05541 0 0
1.30000 57 44
1.35541 50 36
1.24315 55 33
1.18911 59 36
1.08434 60 47
1.08434 57 41
1.08434 59 44
1.08434 62 49
1.06539 64 51
1.06539 61 40
1.09091 66 49
1.09091 62 44
1.08088 67 47
1.08088 64 41
1.09091 66 41
1.09091 69 47
1.09091 69 39
1.09091 66 34
0.36364 74 44
0.36364 0 0
0.36364 74 41
2.98480 74 48
3.71208 69 41
4.07571 66 26
0.38462 0 0
3.16746 70 44
3.16746 65 44
0.33708 0 0
0.16854 74 55
0.16854 0 0
0.16854 72 51
0.16854 0 0
0.16854 70 55
0.16854 0 0
0.16854 67 51
0.16854 0 0
0.16760 65 50
0.16760 0 0
0.16997 62 51
0.17192 0 0
0.17391 58 46
0.17595 0 0
0.17751 55 45
0.18072 0 0
3.16746 53 44
3.16746 58 44
0.33520 0 0
0.16760 62 55
0.16760 0 0
0.16760 60 51
0.16760 0 0
0.16760 58 55
0.16760 0 0
0.16760 55 51
0.16760 0 0
0.16760 53 50
0.16760 0 0
0.16997 50 51
0.17192 0 0
0.17391 46 46
0.17595 0 0
0.17751 43 45
0.20000 0 0
1.08875 42 44
1.08434 40 44
2.17308 50 44
1.09099 42 44
1.04046 43 44
2.13145 50 44
1.08434 48 47
1.08434 45 41
1.08434 50 49
1.08434 47 44
1.06539 49 46
1.06539 52 51
0.36364 55 51
0.36364 54 50
0.36364 52 49
0.36364 54 48
1.45455 50 51
1.85974 0 0
1.12500 54 41
1.12500 57 47
1.12500 51 41
0.36145 55 41
0.36145 52 37
1.82516 0 0
1.12500 52 38
1.12500 55 42
1.12500 49 38
0.36364 54 37
0.36364 50 33
1.86477 0 0
1.22553 51 40
1.32553 50 37
3.05106 43 36
0.30769 0 0
0.31579 61 55
0.46964 52 49
0.29703 0 0
0.31088 61 56
0.45940 54 49
0.13899 0 0
0.13899 54 47
0.27798 47 59
0.14493 56 49
0.14493 58 52
0.14580 59 53
0.14580 61 51
0.15173 62 55
0.15173 59 50
0.28708 0 0
0.29729 61 55
0.44084 52 49
0.28441 0 0
0.29028 61 56
0.43248 54 49
0.13964 0 0
0.13964 66 47
0.27928 60 59
0.14519 67 49
0.14519 69 51
0.28471 59 53
0.58894 0 0
0.29729 61 55
0.44155 52 49
0.28441 0 0
0.28738 61 56
0.42959 54 49
0.13899 0 0
0.13899 54 47
0.27798 47 59
0.14514 56 49
0.14514 58 52
0.14514 59 53
0.14514 61 50
0.14514 62 53
0.14514 59 51
0.28441 0 0
0.29028 61 55
0.43248 52 49
0.27928 0 0
0.29892 61 56
0.43856 54 49
0.14426 0 0
0.14426 66 47
0.28852 60 59
0.14865 67 49
0.14865 69 52
0.28852 59 53
0.43852 0 0
0.14123 52 52
0.14415 59 49
0.14415 64 42
0.14317 0 0
0.14317 50 53
0.14616 59 50
0.14616 62 44
0.14616 0 0
0.14616 49 49
0.14616 61 52
0.14616 65 48
0.14616 0 0
0.14616 54 41
0.14616 61 48
0.14616 66 40
0.14123 0 0
0.14123 49 52
0.14415 57 49
0.14415 61 44
0.14317 0 0
0.14317 48 53
0.14616 54 50
0.14616 60 45
0.14790 0 0
0.14790 47 49
0.14790 54 52
0.14790 59 49
0.14790 0 0
0.14790 52 46
0.14790 59 51
0.14790 64 47
0.14215 0 0
0.14215 50 49
0.14497 55 48
0.14497 59 42
0.14497 0 0
0.14497 46 49
0.14616 52 47
0.14616 58 41
0.14616 0 0
0.14616 45 44
0.14616 52 48
0.14616 57 42
0.14616 0 0
0.29231 62 49
0.14616 61 46
0.28441 0 0
0.29028 58 46
0.43248 45 41
0.28441 0 0
0.29028 57 47
0.43248 45 41
0.14426 0 0
0.14426 45 35
0.14514 50 41
0.14514 54 39
0.14514 57 40
0.14514 62 40
0.14514 66 42
0.13909 69 39
0.28851 0 0
0.28830 60 47
0.42952 45 41
0.28634 0 0
0.29231 59 45
0.43548 45 40
0.14616 0 0
0.14616 45 39
0.14616 52 42
0.14616 55 38
0.14616 58 39
0.14616 64 41
0.14616 67 44
0.14616 57 39
0.28441 0 0
0.29028 58 46
0.43248 45 41
0.28441 0 0
0.29028 57 47
0.43248 45 41
0.14029 0 0
0.14029 45 35
0.14514 50 41
0.14514 54 39
0.14514 57 40
0.14514 62 39
0.14514 66 42
0.13909 69 39
0.28851 0 0
0.28830 60 47
0.42952 45 41
0.28634 0 0
0.29231 59 45
0.43548 45 40
0.14144 0 0
0.14144 45 39
0.14618 52 42
0.14618 55 38
0.14236 58 39
0.14236 64 41
0.14816 67 44
0.14816 70 39
0.14426 0 0
0.14426 45 45
0.14919 54 48
0.14919 57 45
0.14426 0 0
0.14426 45 45
0.14919 55 48
0.14919 59 45
0.14231 0 0
0.14232 45 47
0.14919 56 50
0.14919 59 50
0.14426 0 0
0.14426 45 47
0.15337 57 50
0.15337 61 47
0.14717 0 0
0.14717 44 49
0.15448 56 53
0.15448 61 49
0.15126 0 0
0.15126 44 53
0.16134 56 57
0.16134 61 53
0.14648 0 0
0.14648 42 60
0.14951 49 62
0.14951 54 60
0.14850 0 0
0.14850 49 60
0.15159 54 62
0.15159 61 57
0.15298 0 0
0.15298 42 59
0.15298 49 63
0.15298 56 58
0.15145 0 0
0.15145 49 57
0.15145 56 62
0.15145 61 58
0.14648 0 0
0.14648 42 60
0.14951 49 62
0.14951 54 60
0.14850 0 0
0.14850 49 60
0.15159 54 62
0.15159 61 57
0.15458 0 0
0.15458 42 59
0.15458 49 63
0.15458 56 58
0.15145 0 0
0.15145 49 57
0.15145 56 62
0.15100 61 58
0.14648 0 0
0.14676 42 57
0.14951 49 59
0.14941 54 57
0.14850 0 0
0.14878 49 57
0.15159 54 59
0.14528 61 53
0.15791 0 0
0.15159 42 56
0.15159 49 60
0.15159 53 55
0.15159 0 0
0.15159 49 53
0.15396 53 59
0.15396 59 55
0.14746 0 0
0.14765 42 45
0.14951 49 47
0.14941 54 45
0.14850 0 0
0.14878 49 45
0.15159 54 47
0.14528 61 42
0.15791 0 0
0.15159 42 44
0.15159 49 48
0.15159 53 44
0.15159 0 0
0.15159 49 42
0.15741 53 47
0.15741 59 44
0.14905 0 0
0.14909 42 39
0.15396 49 41
0.15396 54 39
0.16507 0 0
0.15147 49 39
0.15829 54 41
0.15829 61 38
0.15230 0 0
0.15204 42 35
0.15829 49 37
0.15740 54 35
0.15396 0 0
0.15374 49 35
0.16012 54 37
0.16012 61 34
0.29851 0 0
0.30928 61 55
0.45853 52 49
0.29126 0 0
0.30303 61 56
0.44866 54 49
0.14144 0 0
0.14144 54 47
0.28289 47 59
0.14618 56 49
0.14618 58 52
0.14618 59 53
0.14618 61 51
0.15095 62 55
0.15095 59 50
0.28441 0 0
0.29028 61 55
0.43248 52 49
0.28441 0 0
0.29028 61 56
0.43248 54 49
0.14426 0 0
0.14426 66 47
0.28852 60 59
0.14940 67 49
0.14940 69 51
0.28471 59 53
0.58288 0 0
0.28830 67 49
0.42952 64 52
0.28634 0 0
0.29231 66 50
0.43548 62 53
0.29231 0 0
0.29231 62 49
0.43847 60 49
0.29231 0 0
0.29231 62 48
0.43847 59 41
0.28246 0 0
0.28830 66 49
0.42952 60 52
0.28634 0 0
0.29231 62 50
0.43548 59 53
0.29231 0 0
0.29231 57 49
0.43847 54 49
0.29231 0 0
0.29231 55 48
0.43847 53 41
0.29231 0 0
0.29851 55 44
0.44466 52 44
0.29525 0 0
0.30874 55 42
0.45636 51 37
0.29685 0 0
0.29685 55 44
0.44528 50 44
0.29685 0 0
0.30697 54 42
0.45539 50 37
0.29685 0 0
0.29685 57 42
0.44528 55 37
0.14843 0 0
0.14843 54 35
0.15526 57 38
0.15526 62 35
0.29851 0 0
0.29851 45 42
0.44776 43 37
0.14925 0 0
0.14925 42 35
0.14925 45 38
0.14898 50 35
0.14898 53 42
0.15065 54 40
0.15235 56 42
0.15407 57 38
1.27498 0 0
1.34179 57 37
1.40799 50 33
1.11099 52 31
1.06151 55 36
0.05541 0 0
1.31715 57 44
1.37256 54 36
1.23148 55 33
1.18271 59 36
1.08434 57 41
1.08434 60 47
1.08434 59 41
1.08434 62 46
1.06539 61 42
1.06539 64 48
0.36364 67 51
0.36364 66 50
0.36364 64 49
1.09091 62 51
1.10227 57 48
1.10227 50 42
0.72727 57 45
0.72727 51 39
0.36364 55 38
0.36364 52 34
0.71856 0 0
0.36810 55 40
1.08666 49 33
0.77078 55 45
0.20134 54 40
1.20495 50 39
0.23282 50 33
1.32102 57 37
1.12293 52 31
1.06889 55 36
0.05541 0 0
1.30000 57 44
1.35541 54 36
1.24315 55 33
1.18911 59 36
1.08434 57 41
1.08434 60 47
1.08434 59 44
1.08434 62 49
1.06539 61 40
1.06539 64 51
1.09091 66 49
1.09091 62 44
1.08088 67 47
1.08088 64 41
1.09091 69 47
1.09091 66 41
1.09091 69 39
1.09091 66 34
0.36364 74 44
0.36364 0 0
0.36364 74 41
2.98480 74 48
3.71208 69 41
4.07571 66 26
0.38462 0 0
3.16746 65 44
3.16746 70 44
0.33708 0 0
0.16854 74 55
0.16854 0 0
0.16854 72 51
0.16854 0 0
0.16854 70 55
0.16854 0 0
0.16854 67 51
0.16854 0 0
0.16760 65 50
0.16760 0 0
0.16997 62 51
0.17192 0 0
0.17391 58 46
0.17595 0 0
0.17751 55 45
0.18072 0 0
3.16746 53 44
3.16746 58 44
0.33520 0 0
0.16760 62 55
0.16760 0 0
0.16760 60 51
0.16760 0 0
0.16760 58 55
0.16760 0 0
0.16760 55 51
0.16760 0 0
0.16760 53 50
0.16760 0 0
0.16997 50 51
0.17192 0 0
0.17391 46 46
0.17595 0 0
0.17751 43 45
0.20000 0 0
1.08875 42 44
1.08434 40 44
2.17308 50 44
1.09099 42 44
1.04046 43 44
2.13145 50 44
1.08434 45 41
1.08434 48 47
1.08434 47 44
1.08434 50 49
1.06539 49 46
1.06539 52 51
0.36364 55 46
0.36364 54 45
0.36364 52 44
0.36364 54 42
1.45455 50 46
1.85974 0 0
1.12500 57 41
1.12500 54 37
1.12500 51 37
0.36145 55 37
0.36145 52 33
1.82516 0 0
1.12500 55 34
1.12500 52 29
1.12500 49 29
0.36364 54 29
0.36364 50 26
1.86477 0 0
2.72029 51 31
3.17700 43 27
1.68224 43 26
5.04673 50 29
3.36449 50 21
5.04673 43 26
