"ty_maerz"

#  Piano right
7.00148 0 0
0.17560 67 56
0.17560 0 0
0.11707 67 52
0.11707 69 49
0.11707 67 48
1.11063 66 57
0.35545 69 44
0.35988 67 52
0.35988 70 57
0.36452 74 64
0.38393 78 69
1.14273 79 68
0.38393 78 60
0.80000 74 61
0.70241 62 41
0.70241 58 37
0.70241 55 37
0.75777 0 0
0.71134 57 38
0.71134 60 42
0.71134 62 42
0.71090 0 0
0.74845 58 42
0.74845 62 49
0.77821 0 0
0.74340 60 38
0.74340 57 38
0.74340 62 42
0.74794 0 0
0.17560 67 56
0.17560 0 0
0.11707 67 52
0.11707 69 48
0.11707 67 48
1.11063 66 61
0.35545 69 53
0.35988 67 58
0.35988 70 62
0.36452 74 66
0.38393 78 69
1.14273 79 73
0.40000 77 67
0.72942 77 67
0.76281 72 52
0.76281 75 58
0.76281 67 44
0.77821 74 62
0.77888 67 46
0.77888 72 46
0.27682 72 68
0.09227 0 0
0.27682 66 57
0.09227 0 0
0.28416 67 62
0.09472 0 0
0.28794 69 58
0.09598 0 0
1.14273 70 58
0.40000 69 46
1.54273 60 46
1.54173 66 46
0.74620 67 42
0.74620 62 37
0.74620 58 37
0.56266 74 64
0.07403 74 63
0.07403 75 63
1.03751 74 69
0.34483 69 55
0.17176 70 56
0.17241 0 0
0.17045 73 58
0.16982 0 0
0.16854 74 62
0.16667 0 0
0.16606 75 66
0.16484 0 0
0.16304 77 67
0.16304 0 0
0.17442 78 68
0.17442 0 0
0.16304 82 70
0.16304 0 0
0.17442 81 68
0.11628 0 0
0.05814 81 64
0.94968 84 77
0.24725 82 67
0.02747 0 0
0.05495 82 68
0.15625 86 75
0.15625 0 0
0.16484 81 70
0.10989 0 0
0.05495 82 67
0.15789 86 75
0.15789 0 0
0.16484 81 69
0.10989 0 0
0.05495 81 68
0.31579 86 75
0.65025 79 68
0.65884 82 70
0.66650 78 64
0.66892 81 68
0.69313 74 64
0.21003 79 67
0.07501 74 55
0.07501 75 58
0.98582 74 67
0.32408 69 55
0.15957 70 56
0.16194 0 0
0.16667 73 58
0.16667 0 0
0.15789 74 62
0.15789 0 0
0.16484 75 64
0.16308 0 0
0.15957 77 67
0.15957 0 0
0.15957 78 68
0.15957 0 0
0.15957 82 70
0.15957 0 0
0.15957 81 68
0.10638 0 0
0.05319 81 64
0.95745 84 75
0.23936 82 67
0.02660 0 0
0.05319 78 63
0.15727 82 73
0.15727 0 0
0.16667 78 67
0.11111 0 0
0.05556 78 63
0.15727 82 73
0.15727 0 0
0.17100 78 64
0.11400 0 0
0.05700 78 62
0.32258 81 70
0.64516 74 60
0.24194 79 61
0.02688 0 0
0.05376 74 57
0.15625 70 66
0.15625 0 0
0.16667 69 58
0.11111 0 0
0.05556 74 57
0.15625 70 64
0.15625 0 0
0.17100 69 55
0.11400 0 0
0.05700 74 56
0.68907 69 68
0.69313 67 64
0.21003 62 58
0.07501 62 50
0.07501 63 50
1.02599 62 62
0.34200 57 60
0.15957 58 62
0.15957 0 0
0.15957 61 63
0.15957 0 0
0.15957 62 64
0.15957 0 0
0.15957 63 66
0.15901 0 0
0.15789 65 67
0.15789 0 0
0.15789 66 68
0.15789 0 0
0.15789 70 70
0.15845 0 0
0.16015 69 68
0.10753 0 0
0.05435 69 64
0.97826 72 72
0.24457 70 67
0.02717 0 0
0.05435 70 61
0.15306 74 72
0.15306 0 0
0.17536 69 64
0.11690 0 0
0.05845 70 60
0.15306 74 73
0.15306 0 0
0.17100 69 62
0.11400 0 0
0.05700 69 59
0.32609 74 70
0.65217 62 64
0.24457 67 61
0.02717 0 0
0.05435 62 61
0.15625 67 70
0.15625 0 0
0.17768 61 63
0.11846 0 0
0.05923 62 57
0.16129 67 68
0.16129 0 0
0.18741 61 62
0.12019 0 0
0.05772 62 58
1.05882 67 68
0.40225 66 54
1.10814 57 52
0.34200 0 0
0.10526 62 49
0.10526 63 49
0.10526 62 49
0.54009 61 57
0.18003 62 55
0.07732 66 66
0.07732 0 0
0.07732 68 62
0.07732 0 0
0.08152 69 64
0.08152 0 0
0.08152 73 67
0.08152 0 0
0.65217 74 69
0.32329 0 0
0.15625 79 66
0.05208 79 58
0.05208 81 58
0.05208 79 58
0.50000 78 67
0.16667 79 63
0.31579 86 74
0.70678 74 64
0.34200 62 40
0.32967 0 0
0.10417 62 52
0.10417 63 52
0.10417 62 52
0.54009 61 61
0.18003 62 57
0.07732 66 64
0.07732 0 0
0.07732 68 61
0.07732 0 0
0.08065 69 64
0.08065 0 0
0.08065 73 68
0.08065 0 0
0.67416 74 73
0.33708 0 0
0.16094 79 64
0.05365 79 59
0.05365 81 59
0.05365 79 59
0.52607 78 65
0.17536 79 64
0.31250 86 76
0.70678 74 54
0.34200 62 35
0.34200 0 0
0.16476 79 64
0.05492 79 59
0.05492 81 59
0.05492 79 60
0.54009 78 65
0.18003 79 65
0.31250 86 77
0.70678 74 64
0.34200 62 41
0.34200 0 0
0.68399 73 63
0.34200 61 41
0.34200 0 0
0.67152 74 64
0.36006 62 41
0.35714 0 0
0.69048 73 59
0.35537 61 41
0.35071 0 0
0.68442 74 57
0.36006 62 39
0.37500 0 0
0.79167 74 55
0.40972 62 38
0.75489 0 0
0.17560 67 56
0.17560 0 0
0.11707 67 49
0.11707 69 49
0.11707 67 48
1.11063 66 61
0.35545 69 53
0.35988 67 58
0.35988 70 62
0.36452 74 66
0.38393 78 68
1.14273 79 68
0.38393 78 64
0.80000 74 62
0.70241 62 41
0.70241 55 37
0.70241 58 37
0.75777 0 0
0.71134 62 42
0.71134 60 42
0.71134 57 38
0.71090 0 0
0.74845 62 49
0.74845 58 42
0.77821 0 0
0.74340 62 42
0.74340 60 38
0.74340 57 38
0.74794 0 0
0.17560 67 56
0.17560 0 0
0.11707 67 52
0.11707 69 52
0.11707 67 52
1.11063 66 61
0.35545 69 53
0.35988 67 54
0.35988 70 57
0.36452 74 60
0.38393 78 63
1.14273 79 66
0.40000 77 57
0.72942 77 56
0.76281 67 40
0.76281 72 46
0.76281 75 52
0.77821 74 60
0.77888 72 41
0.77888 67 41
0.27682 72 56
0.09227 0 0
0.27682 66 49
0.09227 0 0
0.28416 67 54
0.09472 0 0
0.28794 69 50
0.09598 0 0
1.14273 70 46
0.40000 69 48
1.54273 60 37
1.54197 66 37
0.74794 62 36
0.74794 67 42
0.74794 58 35
0.17560 67 46
0.17560 0 0
0.11707 67 41
0.11707 69 41
0.11707 67 41
1.12330 66 48
0.35545 69 40
0.36909 67 42
0.36909 70 46
0.36452 74 49
0.38393 78 50
1.14730 79 55
0.40551 78 50
0.80000 74 45
0.35121 58 29
0.35121 55 29
0.35121 62 36
1.12771 0 0
0.35545 62 33
0.35545 57 28
0.35545 60 33
1.09356 0 0
0.37397 62 36
0.37397 58 33
0.37397 55 30
1.16214 0 0
0.37888 60 28
0.37888 57 28
0.37888 62 33
1.16732 0 0
0.36452 58 28
0.36452 62 33
1.16214 0 0
0.37888 60 25
0.37888 62 28
0.37888 57 25
1.16228 0 0
0.36909 62 33
0.36909 58 28
1.17821 0 0
0.37888 60 25
0.37888 57 25
0.37888 62 28
1.21654 0 0
1.62206 55 24
1.62206 58 24
1.62206 62 29
1.62206 58 22
1.62206 55 22
1.62206 62 26
1.62206 62 25
1.62206 55 20
1.62206 58 20
2.88184 55 18
2.88184 62 23
2.88184 58 18
#  Piano left
0.00338 0 0
1.57550 58 40
1.57550 62 45
1.57888 55 38
1.57888 60 40
1.57888 63 45
1.57888 55 33
1.55897 58 40
1.55897 62 45
1.53679 55 36
1.53679 62 45
1.53679 60 45
1.53679 57 40
1.49589 55 33
1.45035 58 40
1.45035 62 45
1.47026 55 38
1.46608 63 42
1.46608 60 38
1.41800 55 33
1.46822 58 42
1.46822 62 49
1.52666 55 40
1.52666 60 39
1.52666 62 45
1.52666 57 33
0.79333 62 38
0.79333 58 34
1.54845 55 34
0.17560 43 46
0.17560 0 0
0.11707 43 39
0.11707 45 39
0.11707 43 39
1.10459 42 49
0.36452 45 47
0.41469 43 46
0.41620 46 49
0.42851 50 51
0.44878 54 54
1.15709 55 57
0.36452 54 44
0.74794 0 0
0.70241 58 33
1.45035 50 40
0.70241 62 38
0.70241 55 33
0.76785 0 0
0.69823 57 33
1.46608 48 45
0.69823 54 33
0.69823 62 38
0.71977 46 49
0.74845 55 36
0.74845 58 36
0.74845 62 40
0.77821 47 53
0.76452 62 39
0.76452 55 34
0.76452 59 34
0.72942 48 52
0.41860 54 52
0.44287 55 51
0.44878 60 54
1.15709 65 57
0.40000 63 51
0.77888 60 40
0.77888 55 36
1.50100 62 40
1.50100 58 36
1.50100 55 36
0.77821 0 0
0.76452 62 35
2.30554 50 45
0.74620 50 36
0.74620 43 28
0.71073 0 0
1.38234 63 37
1.38234 66 43
1.37410 58 35
1.35054 62 37
1.35054 65 43
1.34102 58 36
1.34985 60 37
1.34985 63 43
1.30650 58 34
1.27935 62 43
1.27935 65 47
1.28994 58 39
1.28763 62 47
1.28763 66 47
1.28763 72 54
1.29458 58 49
1.31238 62 39
1.31238 67 43
1.31238 70 47
1.32647 58 37
1.32534 63 47
1.32534 60 42
1.34008 58 34
1.37577 62 49
1.36449 58 32
1.30989 63 45
1.30989 66 50
1.29807 58 36
1.29855 65 43
1.29855 62 37
1.28200 58 36
1.27660 63 43
1.27660 60 37
1.27660 58 34
1.27660 65 47
1.27660 62 43
1.28616 58 39
1.30439 66 45
1.30439 62 45
1.30439 72 51
1.30169 58 49
1.28495 70 47
1.29032 62 43
1.29032 67 43
1.29099 58 39
1.30033 50 41
1.30033 60 46
1.30033 54 41
1.34357 46 37
1.38689 58 46
1.38689 55 41
1.38689 50 41
1.38181 46 37
1.36799 54 45
1.36799 51 39
1.32229 46 39
1.27604 50 37
1.27604 53 43
1.26932 46 36
1.26995 48 37
1.26995 51 43
1.29054 46 36
1.30435 50 43
1.30435 53 47
1.30901 46 39
1.30496 54 45
1.30496 50 45
1.30496 60 51
1.30029 46 49
1.30435 50 43
1.30435 58 47
1.30435 55 43
1.32004 46 39
0.68790 45 37
1.35577 57 46
1.35577 52 41
0.70588 0 0
0.75519 38 34
1.46108 50 45
0.65779 0 0
0.72012 50 41
1.37790 55 37
1.37790 58 41
0.63537 0 0
0.65217 50 41
1.28754 57 41
1.28754 60 41
0.63579 0 0
0.66667 50 37
1.30245 62 43
1.30245 58 43
0.68058 0 0
0.68399 50 40
1.36457 60 52
1.36457 57 52
0.64217 0 0
0.72012 50 41
1.36229 58 41
1.36229 55 37
0.63186 0 0
0.67416 50 41
1.30602 60 41
1.30602 57 41
0.65897 0 0
0.70143 50 38
1.36039 58 43
1.36039 62 43
0.67729 0 0
0.68399 50 35
1.36128 57 43
1.36128 60 43
0.67152 0 0
0.72012 50 38
1.39164 58 38
1.39164 55 35
0.67729 0 0
0.68399 50 41
1.36128 60 53
1.36128 57 53
0.68399 0 0
0.68399 50 38
1.36799 58 46
1.36799 55 46
0.68399 0 0
0.68958 50 38
1.37358 57 45
1.37358 54 45
0.71429 0 0
0.68870 50 38
1.40298 58 47
1.40298 55 47
0.70143 0 0
0.69376 50 38
1.39519 54 41
1.39519 57 41
0.75000 0 0
0.83333 50 38
1.58333 54 42
1.58333 57 42
1.45035 58 40
1.45035 62 45
1.47026 55 38
1.46608 60 38
1.46608 63 42
1.41800 55 34
1.46822 62 49
1.46822 58 42
1.52666 55 40
1.52666 62 45
1.52666 57 39
1.52666 60 39
0.79333 58 38
0.79333 62 42
1.54845 55 34
0.17560 43 46
0.17560 0 0
0.11707 43 39
0.11707 45 40
0.11707 43 40
1.10459 42 46
0.36452 45 43
0.41469 43 46
0.41620 46 49
0.42851 50 51
0.44878 54 54
1.15709 55 57
0.36452 54 39
0.74794 0 0
0.70241 62 38
1.45035 50 36
0.70241 55 33
0.70241 58 33
0.76785 0 0
0.69823 54 33
1.46608 48 45
0.69823 57 33
0.69823 62 38
0.71977 46 49
0.74845 58 36
0.74845 55 36
0.74845 62 40
0.77821 47 49
0.76452 62 44
0.76452 55 31
0.76452 59 39
0.72942 48 41
0.41860 54 46
0.44287 55 49
0.44878 60 45
1.15709 65 49
0.40000 63 45
0.77888 55 32
0.77888 60 36
1.50100 58 32
1.50100 62 36
1.50100 55 32
0.77821 0 0
0.75785 62 26
2.30554 50 37
0.74794 0 0
0.35121 58 34
0.35121 62 39
1.45035 50 31
1.45035 43 31
0.76785 0 0
0.35545 60 31
0.35545 63 37
1.09364 0 0
0.36452 58 31
0.36452 62 37
1.16214 0 0
0.36909 63 37
0.36909 60 31
0.40551 0 0
0.79333 62 39
0.79333 58 35
6.02062 55 34
0.17560 43 38
0.17560 0 0
0.11707 43 33
0.11707 45 36
0.11707 43 36
1.13196 42 42
0.36452 45 37
0.42527 43 36
0.42685 46 38
0.43796 50 40
0.44878 54 42
1.15709 55 44
0.38911 54 36
0.77821 43 26
0.77821 50 26
0.74845 0 0
1.15709 55 38
0.39443 54 33
0.76785 43 26
0.76785 50 26
0.76909 0 0
1.15709 55 38
0.40551 54 33
8.55905 50 26
8.55905 43 26
