"ty_november"

#  Piano right
0.30944 73 68
0.31993 71 62
0.62228 0 0
0.62919 71 44
0.62919 68 44
1.25147 76 63
0.30944 80 67
0.30944 83 63
0.30944 85 69
0.32733 83 62
0.61888 0 0
0.62920 68 44
0.62920 71 44
1.24807 80 64
0.31286 76 63
0.31286 73 60
0.31286 80 63
0.32175 78 59
0.62228 0 0
0.62920 69 44
0.62920 66 44
1.25147 73 62
0.30944 73 61
0.30944 71 57
0.31460 78 62
0.32175 76 57
0.62919 0 0
0.62920 64 44
0.62920 68 44
1.25839 71 58
0.31460 70 61
0.31460 71 59
0.30944 73 68
0.31993 71 62
0.62228 0 0
0.62919 71 44
0.62919 68 44
1.25147 76 63
0.30944 80 67
0.30944 83 63
0.30944 85 69
0.32733 83 62
0.61888 0 0
0.62919 71 44
0.62919 68 44
1.24807 80 64
0.31286 76 63
0.31286 73 60
0.31286 71 63
0.32733 75 59
0.62228 0 0
0.62919 71 44
0.62919 75 44
1.25147 83 62
0.31636 82 61
0.31993 80 57
0.62919 76 57
0.31460 75 57
0.32359 73 53
0.63819 67 44
0.63819 70 44
0.31636 73 57
0.34898 71 52
0.66534 68 40
0.66534 63 40
0.31813 70 52
0.32175 68 52
0.63988 63 38
0.63988 59 37
0.31813 69 64
0.32359 65 60
0.79533 0 0
0.15997 61 39
0.95530 66 64
0.16088 66 39
0.16210 69 42
0.31636 78 67
0.32733 76 63
0.31813 76 67
0.32175 74 63
0.80438 0 0
0.16088 63 39
0.16462 66 39
0.16462 69 42
1.29449 75 66
0.32359 73 67
0.32924 71 67
0.31993 69 64
0.32359 65 60
0.80625 0 0
0.15997 61 46
0.96621 66 64
0.16088 66 50
0.16210 69 55
0.21949 81 68
0.21886 80 64
0.21822 78 63
0.32359 76 68
0.32359 75 60
0.32359 69 35
0.32359 63 35
0.32359 73 68
0.32359 75 59
0.32359 69 35
0.32359 64 35
0.32359 73 63
0.32359 65 35
0.32359 71 56
0.32359 70 59
0.32733 71 57
0.32733 66 35
0.32175 69 64
0.32359 65 60
0.79533 0 0
0.15997 61 39
0.95530 66 64
0.16088 66 39
0.16210 69 42
0.31636 78 67
0.32733 76 63
0.31813 76 67
0.32175 74 63
0.80438 0 0
0.16088 63 39
0.16462 66 39
0.16462 69 42
1.29449 75 66
0.32359 73 67
0.32924 71 67
0.31993 69 64
0.32359 65 60
0.80625 0 0
0.15997 61 46
0.96621 66 64
0.16088 66 50
0.16210 69 55
0.21949 81 68
0.21886 80 64
0.21822 78 63
0.32175 76 68
0.33116 75 60
0.33116 69 35
0.33116 63 35
0.21697 80 64
0.21697 78 61
0.21697 76 60
0.31993 75 63
0.32924 69 29
0.32924 73 59
0.32924 64 29
0.21697 78 63
0.21697 76 60
0.21697 75 60
0.32359 73 71
0.32359 71 66
0.32359 66 37
0.32359 69 37
0.32359 73 80
0.32359 68 42
0.32359 64 42
0.32359 71 73
0.32733 73 84
0.32733 68 48
0.32733 71 79
0.32733 62 48
0.33508 73 86
0.33508 71 89
0.33508 69 55
0.33508 63 55
0.32175 61 70
0.32175 73 88
0.31993 71 81
0.31993 59 64
1.22427 68 69
1.22427 71 69
1.22427 76 85
1.22427 64 69
0.30928 76 69
0.30928 68 69
0.30928 71 69
0.30928 80 86
0.30928 83 82
0.30928 71 66
0.30928 76 66
0.30928 80 66
0.30944 73 70
0.30944 76 70
0.30944 85 89
0.30944 80 70
0.32733 71 64
0.32733 83 81
1.22844 80 83
1.22844 68 66
1.22844 71 66
1.22844 76 66
0.30944 64 66
0.30944 68 66
0.30944 76 82
0.30944 71 66
0.30944 61 61
0.30944 71 61
0.30944 73 78
0.30944 68 61
0.30944 71 66
0.30944 80 82
0.30944 68 66
0.30944 78 77
0.30944 66 61
1.23423 69 64
1.23423 61 64
1.23423 73 81
1.23423 66 64
0.30944 69 62
0.30944 61 62
0.30944 66 62
0.30944 73 79
0.30944 71 73
0.30944 66 58
0.30944 63 58
0.30944 66 61
0.30944 71 61
0.30944 78 77
0.30944 68 61
0.30941 76 73
0.30941 64 58
1.23553 59 59
1.23553 64 59
1.23553 71 74
1.23553 68 59
0.31088 58 62
0.31088 68 62
0.31088 70 79
0.31088 64 62
0.31088 71 77
0.31088 59 61
0.32175 68 70
0.32175 64 70
0.32175 73 88
0.32175 61 70
0.31993 68 64
0.31993 59 64
0.31993 71 81
0.31993 64 64
1.23086 71 69
1.23086 64 69
1.23086 76 85
1.23086 68 69
0.31250 76 69
0.31250 68 69
0.31250 71 69
0.31250 80 86
0.31250 83 82
0.31250 71 66
0.31250 76 66
0.31250 80 66
0.30944 85 89
0.30944 80 70
0.30944 76 70
0.30944 73 70
0.32733 83 81
0.32733 71 64
1.22923 68 66
1.22923 71 66
1.22923 80 83
1.22923 76 66
0.30944 64 66
0.30944 71 66
0.30944 76 82
0.30944 68 66
0.30944 71 61
0.30944 61 61
0.30944 73 78
0.30944 68 61
0.30944 80 82
0.30944 71 66
0.30944 68 66
0.30944 66 61
0.30944 78 77
1.23370 69 64
1.23370 61 64
1.23370 66 64
1.23370 73 81
0.30944 73 79
0.30944 61 62
0.30944 66 62
0.30944 69 62
0.30944 71 73
0.30944 63 58
0.30944 66 58
0.30944 71 61
0.30944 66 61
0.30944 78 77
0.30944 68 61
0.30941 76 73
0.30941 64 58
1.23184 59 59
1.23184 68 59
1.23184 71 74
1.23184 64 59
0.31061 68 59
0.31061 58 59
0.31061 70 74
0.31061 64 59
0.31088 59 58
0.31088 64 58
0.31088 68 58
0.31088 71 72
0.30944 73 72
0.30944 61 58
0.30944 64 58
0.30944 68 58
0.30944 58 52
0.30944 70 67
1.23820 68 52
1.23820 59 52
1.23820 64 52
1.23820 71 66
0.31223 70 56
0.31223 58 44
0.31223 64 44
0.31223 68 44
0.31250 64 42
0.31250 68 42
0.31250 71 53
0.31250 59 42
0.30944 61 40
0.30944 68 40
0.30944 73 51
0.30944 64 40
0.30944 70 48
0.30944 58 37
1.23583 59 37
1.23583 64 37
1.23583 71 47
1.23583 68 37
0.82462 0 0
0.36055 69 69
0.43787 60 62
0.39921 64 67
0.57940 72 73
0.23077 72 62
0.35573 72 68
0.05929 71 62
0.05929 69 62
0.47431 66 60
0.47431 60 60
0.11450 67 71
0.11450 62 63
0.11450 0 0
0.11628 74 70
0.11628 67 62
0.11628 62 62
0.11628 0 0
0.12097 76 75
0.12097 64 68
0.12097 67 68
0.12097 72 68
0.12097 0 0
0.12448 79 73
0.12448 72 66
0.12448 67 66
0.12448 0 0
0.85825 74 78
0.85825 71 69
0.85825 67 69
0.10012 76 81
0.10089 74 71
0.20101 71 64
0.20101 68 64
0.10179 72 66
0.10271 71 59
0.10271 72 55
0.07703 0 0
0.02568 83 55
0.10271 84 59
0.10271 78 59
0.10271 0 0
0.10271 72 57
0.07703 0 0
0.02568 83 55
0.10271 78 58
0.10271 84 58
0.10271 0 0
0.10271 72 55
0.07703 0 0
0.02568 83 55
0.10271 78 59
0.10271 84 59
0.10271 0 0
0.10012 76 81
0.10089 74 71
0.20101 71 64
0.20101 68 64
0.10179 72 66
0.10271 71 59
0.10271 72 55
0.07703 0 0
0.02568 83 55
0.10271 84 59
0.10271 78 59
0.10271 0 0
0.10271 72 57
0.07703 0 0
0.02568 83 55
0.10271 78 58
0.10271 84 58
0.10271 0 0
0.10271 72 55
0.07703 0 0
0.02568 83 55
0.10271 78 59
0.10271 84 59
0.10271 0 0
0.10012 76 81
0.10089 74 71
0.20101 71 64
0.20101 68 64
0.10179 72 66
0.09498 71 59
0.19634 0 0
0.36116 69 69
0.43969 60 62
0.40042 64 67
0.57940 72 73
0.23166 72 62
0.35714 72 68
0.05952 71 62
0.05952 69 62
0.47619 66 60
0.47619 60 60
0.11450 67 71
0.11450 62 63
0.11450 0 0
0.11765 74 70
0.11765 67 62
0.11765 62 62
0.11765 0 0
0.12097 76 75
0.12097 64 68
0.12097 67 68
0.12097 72 68
0.12097 0 0
0.12448 79 73
0.12448 72 66
0.12448 67 66
0.12448 0 0
0.85825 74 78
0.85825 71 69
0.85825 67 69
0.10012 76 81
0.10089 74 71
0.20101 71 64
0.10179 73 66
0.10271 71 59
0.17975 0 0
0.02568 79 55
0.10271 78 59
0.10271 71 59
0.10271 74 59
0.28246 0 0
0.02568 79 55
0.10271 71 58
0.10271 78 58
0.10271 74 58
0.28246 0 0
0.02568 79 55
0.10271 71 59
0.10271 78 59
0.10271 74 59
0.10271 0 0
0.10012 76 81
0.10089 74 71
0.20101 71 64
0.10179 73 66
0.10271 71 59
0.17975 0 0
0.02568 79 55
0.10271 78 59
0.10271 71 59
0.10271 74 59
0.28246 0 0
0.02568 79 55
0.10271 71 58
0.10271 78 58
0.10271 74 58
0.28246 0 0
0.02568 79 55
0.10271 71 59
0.10271 78 59
0.10271 74 59
0.10271 0 0
0.10012 76 81
0.10089 74 71
0.20101 71 64
0.10179 73 66
0.10271 71 59
0.17975 0 0
0.02568 71 55
0.10271 69 59
0.10271 62 59
0.10271 66 59
0.28246 0 0
0.02568 71 55
0.10271 62 58
0.10271 69 58
0.10271 66 58
0.28246 0 0
0.02568 71 55
0.10271 60 59
0.10271 69 59
0.10271 66 59
0.10271 0 0
0.11020 69 81
0.20101 61 64
0.11104 67 71
0.11202 66 66
0.11267 64 59
0.10978 62 80
0.11062 61 68
0.11159 59 66
0.11125 57 70
0.39372 0 0
0.11176 50 73
0.11337 49 64
0.11516 47 63
0.11587 45 61
0.60241 0 0
0.35433 69 69
0.43009 60 62
0.39221 64 67
0.56962 72 73
0.23256 72 62
0.35573 72 68
0.05929 71 62
0.05929 69 62
0.47431 66 60
0.47431 60 60
0.11538 67 71
0.11538 62 63
0.11538 0 0
0.11811 74 70
0.11811 67 62
0.11811 62 62
0.11811 0 0
0.12097 76 75
0.12097 64 68
0.12097 67 68
0.12097 72 68
0.12097 0 0
0.12500 79 73
0.12500 72 66
0.12500 67 66
0.12500 0 0
0.85825 74 78
0.85825 71 69
0.85825 67 69
0.10012 76 81
0.10089 74 71
0.20101 71 64
0.20101 68 64
0.10179 72 66
0.10271 71 59
0.10271 72 55
0.07703 0 0
0.02568 83 55
0.10271 84 59
0.10271 78 59
0.10271 0 0
0.10271 72 57
0.07703 0 0
0.02568 83 55
0.10271 78 58
0.10271 84 58
0.10271 0 0
0.10271 72 55
0.07703 0 0
0.02568 83 55
0.10271 78 59
0.10271 84 59
0.10271 0 0
0.10012 76 81
0.10089 74 71
0.20101 71 64
0.20101 68 64
0.10179 72 66
0.10271 71 59
0.10271 72 55
0.07703 0 0
0.02568 83 55
0.10271 84 59
0.10271 78 59
0.10271 0 0
0.10271 72 57
0.07703 0 0
0.02568 83 55
0.10271 78 58
0.10271 84 58
0.10271 0 0
0.10271 72 55
0.07703 0 0
0.02568 83 55
0.10271 78 59
0.10271 84 59
0.10271 0 0
0.10012 76 81
0.10089 74 71
0.20101 71 64
0.20101 68 64
0.10179 72 66
0.09498 71 59
0.19133 0 0
0.35741 69 69
0.43394 60 62
0.39568 64 67
0.57447 72 73
0.23256 72 62
0.35294 72 68
0.05882 71 62
0.05882 69 62
0.47059 66 60
0.47059 60 60
0.11450 67 71
0.11450 62 63
0.11450 0 0
0.11765 74 70
0.11765 67 62
0.11765 62 62
0.11765 0 0
0.12195 76 75
0.12195 64 68
0.12195 67 68
0.12195 72 68
0.12195 0 0
0.12397 79 73
0.12397 72 66
0.12397 67 66
0.12397 0 0
0.85825 74 78
0.85825 71 69
0.85825 67 69
0.10012 76 81
0.10089 74 71
0.20101 71 64
0.10179 73 66
0.10271 71 59
0.17975 0 0
0.02568 79 55
0.10271 78 59
0.10271 71 59
0.10271 74 59
0.28246 0 0
0.02568 79 55
0.10271 71 58
0.10271 78 58
0.10271 74 58
0.28246 0 0
0.02568 79 55
0.10271 71 59
0.10271 78 59
0.10271 74 59
0.10271 0 0
0.10012 76 81
0.10089 74 71
0.20101 71 64
0.10179 73 66
0.10271 71 59
0.17975 0 0
0.02568 79 55
0.10271 78 59
0.10271 71 59
0.10271 74 59
0.28246 0 0
0.02568 79 55
0.10271 71 58
0.10271 78 58
0.10271 74 58
0.28246 0 0
0.02568 79 55
0.10271 71 59
0.10271 78 59
0.10271 74 59
0.10271 0 0
0.10012 76 81
0.10089 74 71
0.20101 71 64
0.10179 73 66
0.10271 71 59
0.17975 0 0
0.02568 80 55
0.10271 78 59
0.10271 71 59
0.10271 75 59
0.28246 0 0
0.02568 80 55
0.10271 71 58
0.10271 78 58
0.10271 75 58
0.28246 0 0
0.02568 80 55
0.10271 71 59
0.10271 78 59
0.10271 75 59
0.28246 0 0
0.02568 80 55
0.10453 78 59
0.10453 75 59
0.10453 71 59
0.28380 0 0
0.02568 85 55
0.10271 83 59
0.10271 78 59
0.10271 75 59
0.28246 0 0
0.02568 85 55
0.10271 78 58
0.10271 83 58
0.10271 75 58
0.28246 0 0
0.02568 85 55
0.10271 78 59
0.10271 83 59
0.10271 75 59
0.28246 0 0
0.02568 85 55
0.10453 78 59
0.10453 75 59
0.10453 83 59
0.20727 0 0
0.05137 76 59
0.05137 0 0
0.05137 74 62
0.05137 0 0
0.05190 75 59
0.05190 0 0
0.05137 71 63
0.05137 0 0
0.05137 76 62
0.05137 0 0
0.05137 74 66
0.05137 0 0
0.05172 75 62
0.15446 0 0
0.05137 80 66
0.05137 0 0
0.05137 77 70
0.05137 0 0
0.05190 78 66
0.05190 0 0
0.05173 71 71
0.05137 0 0
0.05137 80 67
0.05137 0 0
0.05137 77 73
0.05137 0 0
0.05190 78 71
0.15464 0 0
0.05137 83 75
0.05137 0 0
0.05137 80 80
0.05137 0 0
0.05190 81 77
0.05190 0 0
0.05137 78 79
0.05137 0 0
0.05137 83 71
0.05137 0 0
0.05137 80 77
0.05137 0 0
0.05208 81 71
0.05208 0 0
0.05137 78 76
0.05137 0 0
0.05137 83 70
0.05137 0 0
0.05137 80 75
0.05137 0 0
0.05208 81 69
0.05208 0 0
0.05137 78 75
0.05137 0 0
0.05137 83 68
0.05137 0 0
0.05137 80 73
0.05137 0 0
0.05190 81 67
0.05190 0 0
0.05143 78 72
0.05155 0 0
0.05155 83 65
0.05155 0 0
0.05161 80 69
0.05172 0 0
0.05172 81 64
0.05172 0 0
0.05190 78 65
0.05190 0 0
0.05190 83 57
0.05190 0 0
0.05208 80 60
0.05208 0 0
0.05208 81 55
0.05220 0 0
0.05226 78 57
0.05226 0 0
0.05233 83 52
0.05245 0 0
0.05245 80 54
0.05245 0 0
0.05251 81 49
0.05263 0 0
0.05263 78 51
0.05263 0 0
0.05282 83 45
0.05282 0 0
0.05282 80 48
0.05294 0 0
0.05300 81 43
0.05828 0 0
0.05368 76 44
0.05368 0 0
0.05368 83 39
0.05368 0 0
0.05550 79 44
0.05550 0 0
0.05550 80 39
0.05550 0 0
0.05398 76 44
0.05398 0 0
0.05398 83 40
0.05398 0 0
0.05398 79 44
0.05398 0 0
0.05398 80 40
0.05398 0 0
0.05458 76 44
0.05458 0 0
0.05458 83 39
0.05458 0 0
0.05458 79 44
0.05458 0 0
0.05458 80 39
0.05458 0 0
0.05368 76 46
0.05368 0 0
0.05368 83 43
0.05368 0 0
0.05368 79 47
0.05368 0 0
0.05368 80 43
0.05368 0 0
0.05368 76 50
0.05368 0 0
0.05368 83 45
0.05368 0 0
0.05679 80 47
0.05679 0 0
0.05679 85 45
0.05679 0 0
0.05368 76 44
0.05368 0 0
0.05368 83 40
0.05368 0 0
0.05368 80 44
0.05368 0 0
0.05368 85 40
0.05368 0 0
0.05458 76 44
0.05458 0 0
0.05458 83 40
0.05458 0 0
0.05458 80 44
0.05458 0 0
0.05458 85 40
0.05458 0 0
0.05427 76 45
0.05427 0 0
0.05427 83 43
0.05427 0 0
0.05427 80 46
0.05427 0 0
0.05427 85 43
0.05427 0 0
0.05427 78 49
0.05427 0 0
0.05427 83 40
0.05427 0 0
0.05582 81 45
0.05582 0 0
0.05582 87 40
0.05582 0 0
0.05398 78 46
0.05398 0 0
0.05398 83 44
0.05398 0 0
0.05398 81 45
0.05398 0 0
0.05398 87 42
0.05398 0 0
0.05458 78 47
0.05458 0 0
0.05458 83 44
0.05458 0 0
0.05458 81 44
0.05458 0 0
0.05458 87 43
0.05458 0 0
0.05368 78 46
0.05368 0 0
0.05368 83 43
0.05368 0 0
0.05368 81 45
0.05368 0 0
0.05368 87 42
0.05368 0 0
0.05458 81 44
0.05458 0 0
0.05458 83 40
0.05458 0 0
0.05582 80 44
0.05582 0 0
0.05582 88 40
0.05582 0 0
0.05458 79 44
0.05458 0 0
0.05458 83 40
0.05458 0 0
0.05458 80 44
0.05458 0 0
0.05458 88 40
0.05458 0 0
0.05458 79 44
0.05458 0 0
0.05458 83 40
0.05458 0 0
0.05458 80 44
0.05458 0 0
0.05458 88 40
0.05458 0 0
0.05458 79 46
0.05458 0 0
0.05458 85 40
0.05458 0 0
0.05458 80 46
0.05458 0 0
0.05458 83 43
0.05458 0 0
0.05368 76 49
0.05368 0 0
0.05368 83 43
0.05368 0 0
0.05550 79 46
0.05550 0 0
0.05550 80 44
0.05550 0 0
0.05398 76 44
0.05398 0 0
0.05398 83 40
0.05398 0 0
0.05398 79 44
0.05398 0 0
0.05398 80 40
0.05398 0 0
0.05458 76 44
0.05458 0 0
0.05458 83 39
0.05458 0 0
0.05458 79 47
0.05458 0 0
0.05458 80 43
0.05458 0 0
0.05368 76 49
0.05368 0 0
0.05368 83 44
0.05368 0 0
0.05368 79 47
0.05368 0 0
0.05368 80 44
0.05368 0 0
0.05368 76 50
0.05368 0 0
0.05368 83 44
0.05368 0 0
0.05679 80 49
0.05679 0 0
0.05679 85 44
0.05679 0 0
0.05368 76 47
0.05368 0 0
0.05368 83 43
0.05368 0 0
0.05368 80 46
0.05368 0 0
0.05368 85 44
0.05368 0 0
0.05458 76 44
0.05458 0 0
0.05458 83 40
0.05458 0 0
0.05458 80 44
0.05458 0 0
0.05458 85 40
0.05458 0 0
0.05495 76 45
0.05494 0 0
0.05495 83 42
0.05495 0 0
0.05495 80 45
0.05494 0 0
0.05495 85 42
0.05495 0 0
0.05495 79 45
0.05494 0 0
0.05495 87 42
0.05495 0 0
0.05725 80 47
0.05725 0 0
0.05725 83 43
0.05725 0 0
0.05474 79 50
0.05474 0 0
0.05474 87 44
0.05474 0 0
0.05474 80 49
0.05474 0 0
0.05474 83 46
0.05474 0 0
0.05535 79 44
0.05535 0 0
0.05535 87 40
0.05535 0 0
0.05535 80 44
0.05535 0 0
0.05535 83 40
0.05535 0 0
0.05597 79 47
0.05597 0 0
0.05597 87 44
0.05597 0 0
0.05580 80 47
0.05639 0 0
0.05639 83 45
0.05639 0 0
0.05576 82 49
0.05576 0 0
0.05576 91 44
0.05576 0 0
0.05576 84 47
0.05576 0 0
0.05576 85 44
0.05576 0 0
0.05689 82 50
0.05747 0 0
0.05747 91 44
0.05747 0 0
0.05906 86 47
0.05906 0 0
0.05906 87 43
0.05906 0 0
0.05769 80 50
0.05769 0 0
0.05769 92 45
0.05769 0 0
0.06024 87 46
0.06024 0 0
0.06024 80 43
0.06024 0 0
0.05882 80 45
0.05882 0 0
0.05882 75 42
0.05882 0 0
0.06494 75 44
0.06494 0 0
0.06494 68 36
0.06494 0 0
0.31813 69 61
0.32359 65 57
0.31813 66 61
0.31813 0 0
0.15907 73 46
0.15997 66 42
0.16088 69 49
0.16210 73 45
0.31636 78 62
0.32733 76 60
0.31813 76 62
0.32175 74 60
0.64350 0 0
0.16088 69 44
0.16088 63 40
0.16462 66 47
0.16462 69 45
1.29449 75 62
0.32359 73 62
0.32924 71 62
0.31993 69 61
0.32359 65 57
0.32359 66 61
0.32359 0 0
0.15907 73 55
0.15997 69 52
0.16088 73 54
0.16210 78 56
0.16462 81 63
0.05487 0 0
0.16430 80 61
0.05456 0 0
0.16367 78 60
0.05456 0 0
0.32359 76 63
0.32359 75 57
0.32359 69 33
0.32359 63 33
0.32359 73 63
0.32359 75 56
0.32359 69 33
0.32359 64 33
0.32359 73 60
0.32359 71 52
0.32359 65 33
0.32359 70 56
0.32733 71 53
0.32733 66 33
0.32175 69 61
0.32359 65 57
0.31813 66 61
0.31813 0 0
0.15907 73 45
0.15997 66 41
0.16088 69 45
0.16210 73 43
0.31636 78 62
0.32733 76 60
0.31813 76 62
0.32175 74 60
0.64350 0 0
0.16088 69 46
0.16088 63 41
0.16462 66 48
0.16462 69 46
1.29449 75 62
0.32359 73 62
0.32924 71 62
0.31993 69 61
0.32359 65 57
0.32359 66 61
0.32359 0 0
0.15907 73 48
0.15997 69 50
0.16088 73 52
0.16210 78 54
0.21949 81 63
0.21886 80 61
0.21822 78 60
0.32175 76 63
0.33116 75 57
0.33116 69 33
0.33116 63 33
0.21697 80 61
0.21697 78 58
0.21697 76 57
0.31993 75 60
0.32924 73 56
0.32924 69 27
0.32924 64 27
0.21697 78 60
0.21697 76 57
0.21697 75 57
0.32359 73 67
0.32359 71 62
0.32359 69 35
0.32359 66 35
0.32359 73 71
0.32359 71 63
0.32359 68 37
0.32359 64 37
0.32733 73 74
0.32733 71 68
0.32733 68 40
0.32733 62 40
0.33508 73 75
0.33508 71 75
0.33508 69 46
0.33508 63 46
0.05143 69 59
0.05155 0 0
0.05155 73 53
0.05155 0 0
0.05155 70 59
0.05155 0 0
0.05155 71 55
0.05155 0 0
0.05155 69 59
0.05155 0 0
0.05155 73 55
0.05155 0 0
0.05155 70 59
0.05155 0 0
0.05155 71 53
0.05155 0 0
0.05155 69 59
0.05155 0 0
0.05155 76 55
0.05155 0 0
0.05155 74 59
0.05155 0 0
0.05155 75 53
0.05155 0 0
0.05155 69 60
0.05155 0 0
0.05155 76 56
0.05155 0 0
0.05155 74 59
0.05155 0 0
0.05155 75 53
0.05825 0 0
0.05609 75 53
0.05155 0 0
0.05155 80 47
0.05155 0 0
0.05161 77 51
0.05172 0 0
0.05172 78 47
0.05172 0 0
0.05190 75 50
0.05190 0 0
0.05190 80 46
0.05190 0 0
0.05208 77 49
0.05208 0 0
0.05208 78 43
0.05220 0 0
0.05226 78 48
0.05226 0 0
0.05233 83 44
0.05245 0 0
0.05245 80 47
0.05245 0 0
0.05251 81 41
0.05263 0 0
0.05263 78 46
0.05263 0 0
0.05282 83 43
0.05282 0 0
0.05282 80 44
0.05294 0 0
0.05300 81 42
0.05828 0 0
0.05368 76 44
0.05368 0 0
0.05368 83 39
0.05368 0 0
0.05550 79 44
0.05550 0 0
0.05550 80 39
0.05550 0 0
0.05398 76 44
0.05398 0 0
0.05398 83 40
0.05398 0 0
0.05398 79 44
0.05398 0 0
0.05398 80 40
0.05398 0 0
0.05458 76 44
0.05458 0 0
0.05458 83 39
0.05458 0 0
0.05458 79 44
0.05458 0 0
0.05458 80 39
0.05458 0 0
0.05368 76 46
0.05368 0 0
0.05368 83 43
0.05368 0 0
0.05368 79 47
0.05368 0 0
0.05368 80 43
0.05368 0 0
0.05368 76 50
0.05368 0 0
0.05368 83 45
0.05368 0 0
0.05679 80 47
0.05679 0 0
0.05679 85 45
0.05679 0 0
0.05368 76 44
0.05368 0 0
0.05368 83 40
0.05368 0 0
0.05368 80 44
0.05368 0 0
0.05368 85 40
0.05368 0 0
0.05458 76 44
0.05458 0 0
0.05458 83 40
0.05458 0 0
0.05458 80 44
0.05458 0 0
0.05458 85 40
0.05458 0 0
0.05427 76 45
0.05427 0 0
0.05427 83 43
0.05427 0 0
0.05427 80 46
0.05427 0 0
0.05427 85 43
0.05427 0 0
0.05427 78 49
0.05427 0 0
0.05427 83 40
0.05427 0 0
0.05582 81 45
0.05582 0 0
0.05582 87 40
0.05582 0 0
0.05398 78 46
0.05398 0 0
0.05398 83 44
0.05398 0 0
0.05398 81 45
0.05398 0 0
0.05398 87 42
0.05398 0 0
0.05458 78 47
0.05458 0 0
0.05458 83 44
0.05458 0 0
0.05458 81 44
0.05458 0 0
0.05458 87 43
0.05458 0 0
0.05368 78 46
0.05368 0 0
0.05368 83 43
0.05368 0 0
0.05368 81 45
0.05368 0 0
0.05368 87 42
0.05368 0 0
0.05458 81 44
0.05458 0 0
0.05458 83 40
0.05458 0 0
0.05582 80 44
0.05582 0 0
0.05582 88 40
0.05582 0 0
0.05458 79 44
0.05458 0 0
0.05458 83 40
0.05458 0 0
0.05458 80 44
0.05458 0 0
0.05458 88 40
0.05458 0 0
0.05458 79 44
0.05458 0 0
0.05458 83 40
0.05458 0 0
0.05458 80 44
0.05458 0 0
0.05458 88 40
0.05458 0 0
0.05458 79 46
0.05458 0 0
0.05458 85 40
0.05458 0 0
0.05458 80 46
0.05458 0 0
0.05458 83 43
0.05458 0 0
0.05368 76 49
0.05368 0 0
0.05368 83 43
0.05368 0 0
0.05550 79 46
0.05550 0 0
0.05550 80 44
0.05550 0 0
0.05398 76 44
0.05398 0 0
0.05398 83 40
0.05398 0 0
0.05398 79 44
0.05398 0 0
0.05398 80 40
0.05398 0 0
0.05458 76 44
0.05458 0 0
0.05458 83 39
0.05458 0 0
0.05458 79 47
0.05458 0 0
0.05458 80 43
0.05458 0 0
0.05368 76 49
0.05368 0 0
0.05368 83 44
0.05368 0 0
0.05368 79 47
0.05368 0 0
0.05368 80 44
0.05368 0 0
0.05368 76 50
0.05368 0 0
0.05368 83 44
0.05368 0 0
0.05495 80 49
0.05495 0 0
0.05495 85 44
0.05494 0 0
0.05368 76 47
0.05368 0 0
0.05368 83 43
0.05368 0 0
0.05368 80 46
0.05368 0 0
0.05368 85 44
0.05368 0 0
0.05458 76 44
0.05458 0 0
0.05458 83 40
0.05458 0 0
0.05458 80 44
0.05458 0 0
0.05458 85 40
0.05458 0 0
0.05415 76 45
0.05415 0 0
0.05415 83 42
0.05415 0 0
0.05415 80 45
0.05415 0 0
0.05415 85 42
0.05415 0 0
0.05415 78 45
0.05415 0 0
0.05415 83 42
0.05415 0 0
0.05495 81 47
0.05495 0 0
0.05495 87 43
0.05494 0 0
0.05415 78 47
0.05415 0 0
0.05415 83 44
0.05415 0 0
0.05415 81 46
0.05415 0 0
0.05415 87 42
0.05415 0 0
0.05474 78 44
0.05474 0 0
0.05474 83 40
0.05474 0 0
0.05474 81 44
0.05474 0 0
0.05474 87 40
0.05474 0 0
0.05415 78 47
0.05415 0 0
0.05415 83 44
0.05415 0 0
0.05515 81 47
0.05515 0 0
0.05515 87 45
0.05515 0 0
0.05435 81 49
0.05435 0 0
0.05435 83 44
0.05435 0 0
0.05435 80 47
0.05435 0 0
0.05435 88 44
0.05435 0 0
0.05435 79 50
0.05435 0 0
0.05435 83 44
0.05435 0 0
0.05495 80 47
0.05495 0 0
0.05495 88 43
0.05494 0 0
0.05535 79 50
0.05535 0 0
0.05535 83 45
0.05535 0 0
0.05660 80 46
0.05660 0 0
0.05660 88 43
0.05660 0 0
0.05535 79 45
0.05535 0 0
0.05535 85 42
0.05535 0 0
0.05535 80 44
0.05535 0 0
0.05535 83 36
0.05535 0 0
0.05435 76 49
0.05435 0 0
0.05435 83 44
0.05435 0 0
0.05435 79 47
0.05435 0 0
0.05435 80 44
0.05435 0 0
0.05435 71 47
0.05435 0 0
0.05435 76 44
0.05435 0 0
0.05495 75 47
0.05495 0 0
0.05495 76 43
0.05494 0 0
0.05535 71 46
0.05535 0 0
0.05535 76 43
0.05535 0 0
0.05660 75 45
0.05660 0 0
0.05660 76 43
0.05660 0 0
0.05535 71 45
0.05535 0 0
0.05535 76 42
0.05535 0 0
0.05535 75 44
0.05535 0 0
0.05535 76 36
0.05535 0 0
0.05435 64 43
0.05435 0 0
0.05435 71 39
0.05435 0 0
0.05435 70 43
0.05435 0 0
0.05435 71 37
0.05435 0 0
0.05435 59 43
0.05435 0 0
0.05435 68 36
0.05435 0 0
0.05495 67 43
0.05495 0 0
0.05495 68 36
0.05494 0 0
0.05535 59 43
0.05535 0 0
0.05535 68 36
0.05535 0 0
0.05660 67 42
0.05660 0 0
0.05660 68 36
0.05660 0 0
0.05597 56 42
0.05597 0 0
0.05597 64 36
0.05597 0 0
0.05597 63 41
0.05597 0 0
0.05597 64 36
0.05604 0 0
0.05618 56 37
0.05646 0 0
0.05660 64 35
0.05689 0 0
0.05718 63 37
0.05732 0 0
0.05762 64 34
0.05792 0 0
0.05806 52 37
0.05844 0 0
0.05859 59 32
0.05890 0 0
0.05921 58 37
0.05937 0 0
0.05968 59 32
0.06000 0 0
0.06016 52 37
0.06057 0 0
0.06073 59 33
0.06106 0 0
0.06122 58 36
0.06156 0 0
0.06190 59 33
0.06207 0 0
0.06241 52 36
0.06250 0 0
0.06250 59 33
0.06250 0 0
0.06250 58 36
0.06250 0 0
0.06250 59 33
0.06250 0 0
0.06250 52 37
0.06250 0 0
0.06250 59 35
0.06250 0 0
0.06250 58 37
0.06250 0 0
0.06250 59 34
0.06322 0 0
0.06466 52 37
0.06475 0 0
0.06494 59 32
0.06522 0 0
0.06541 58 37
0.06560 0 0
0.06579 59 32
0.06608 0 0
0.06627 52 37
0.06647 0 0
0.06667 59 33
0.06696 0 0
0.06716 58 36
0.06737 0 0
0.06757 59 33
0.06787 0 0
0.06808 52 36
0.06829 0 0
0.06849 59 33
0.06881 0 0
0.06902 58 36
0.06923 0 0
0.06944 59 33
0.07202 0 0
0.07653 52 37
0.07706 0 0
0.07759 59 35
0.07786 0 0
0.07840 58 37
0.07895 0 0
0.07923 59 33
0.07993 0 0
0.08021 52 36
0.08079 0 0
0.08137 59 30
0.08167 0 0
0.08227 58 36
0.08257 0 0
0.08318 59 30
0.08380 0 0
0.08841 52 35
0.08911 0 0
0.09054 59 30
0.09128 0 0
0.09278 58 31
0.09356 0 0
0.09514 59 25
0.09595 0 0
0.09761 52 27
0.09847 0 0
0.10022 59 23
0.10112 0 0
0.10298 58 27
0.10393 0 0
0.15000 59 24
0.15000 0 0
0.30000 52 22
#  Piano left
0.30944 61 53
0.31993 59 49
0.62228 0 0
0.62919 52 37
0.62919 59 37
1.25147 64 50
0.30944 68 52
0.30944 71 50
0.30944 73 55
0.32733 71 49
0.61888 0 0
0.62920 59 37
0.62920 52 37
1.24807 68 51
0.31286 64 50
0.31286 61 48
0.31286 68 50
0.32175 66 47
0.62228 0 0
0.62920 52 37
0.62920 59 37
1.25147 61 49
0.30944 61 48
0.30944 59 41
0.31460 66 47
0.32175 64 39
0.62919 0 0
0.62920 56 37
0.62920 52 37
1.25839 59 41
0.31460 58 48
0.31460 59 47
0.30944 61 53
0.31993 59 49
0.62228 0 0
0.62919 52 37
0.62919 59 37
1.25147 64 50
0.30944 68 52
0.30944 71 50
0.30944 73 55
0.32733 71 49
0.61888 0 0
0.62919 59 37
0.62919 52 37
1.24807 68 51
0.31286 64 50
0.31286 61 48
0.31286 59 50
0.32733 63 47
0.62228 0 0
0.62919 59 37
1.25147 71 49
0.62919 56 37
0.62919 51 37
0.31636 70 48
0.31993 68 41
0.62919 64 48
0.31460 63 48
0.32359 61 41
0.63819 51 37
0.63819 58 37
0.31636 61 46
0.24409 59 39
0.56044 56 34
0.10490 0 0
0.31813 58 40
0.32175 56 37
0.69233 51 31
0.74478 44 31
0.80079 0 0
0.15907 42 39
0.15907 49 37
0.15907 54 37
0.15907 57 39
1.92739 0 0
0.16088 47 39
0.16088 54 37
0.16088 57 37
0.16088 59 39
1.94825 0 0
0.16179 42 37
0.16179 49 40
0.16179 54 44
0.15907 57 48
1.46310 0 0
0.32359 54 29
0.32359 59 35
0.32359 47 29
0.32359 0 0
0.32359 57 35
0.32359 49 25
0.32359 52 25
0.32359 0 0
0.32359 56 35
0.32359 50 29
0.32359 0 0
0.32733 57 35
0.32733 51 29
0.80441 0 0
0.15907 42 39
0.15907 49 37
0.15907 54 37
0.15907 57 39
1.92739 0 0
0.16088 47 39
0.16088 54 37
0.16088 57 37
0.16088 59 39
1.94825 0 0
0.16179 42 37
0.16179 49 40
0.16179 54 44
0.15907 57 48
1.46126 0 0
0.33116 54 29
0.33116 59 35
0.33116 47 29
0.97083 0 0
0.32924 61 29
0.32924 49 24
0.32924 57 24
0.32924 52 24
0.65090 0 0
0.32359 61 59
0.32359 59 37
0.32359 51 37
0.32359 54 37
0.32359 61 67
0.32359 59 42
0.32359 52 42
0.32359 56 42
0.32733 61 71
0.32733 59 48
0.32733 53 48
0.32733 56 48
0.33508 61 72
0.33508 54 55
0.33508 59 55
0.84681 0 0
0.20487 40 61
0.20357 47 61
0.20228 52 66
0.20356 47 62
0.20487 52 62
0.20619 59 69
0.20619 52 62
0.20619 59 61
0.30944 64 71
0.53246 0 0
0.20461 40 61
0.20382 47 61
0.20356 52 66
0.20487 47 62
0.20645 52 62
0.20629 59 69
0.20629 52 62
0.20629 59 61
0.30944 63 71
0.51669 0 0
0.20619 40 55
0.20513 47 55
0.20408 54 59
0.20513 47 56
0.20645 54 56
0.20629 59 61
0.20629 54 56
0.20629 59 55
0.30944 64 63
0.51560 0 0
0.20619 40 55
0.20619 47 55
0.20539 52 59
0.20539 47 56
0.20619 52 56
0.20725 56 61
0.20725 52 56
0.20725 56 55
0.32175 59 63
0.52643 0 0
0.20539 40 61
0.20434 47 61
0.20330 52 66
0.20461 47 62
0.20672 52 62
0.20833 59 69
0.20833 52 62
0.20833 59 61
0.30944 64 71
0.53352 0 0
0.20539 40 61
0.20434 47 61
0.20330 52 66
0.20434 47 62
0.20566 52 62
0.20629 59 69
0.20629 52 62
0.20629 59 61
0.30944 63 71
0.51562 0 0
0.20566 40 55
0.20487 47 55
0.20434 54 59
0.20566 47 56
0.20699 54 56
0.20629 59 61
0.20629 54 56
0.20629 59 55
0.30944 64 63
0.51560 0 0
0.20566 40 55
0.20513 47 55
0.20408 52 59
0.20487 47 56
0.20592 52 56
0.20699 56 61
0.20725 52 56
0.20725 56 55
0.30944 59 63
0.51669 0 0
0.20672 40 51
0.20619 47 50
0.20513 52 52
0.20592 47 49
0.20699 52 48
0.20806 56 51
0.20833 52 46
0.20833 56 45
0.30944 59 50
0.51669 0 0
0.20592 40 40
0.20461 47 39
0.20461 52 41
0.20592 47 39
0.20752 52 38
0.20888 56 40
0.21080 52 36
0.21164 56 35
0.07732 0 0
0.47653 57 52
0.51519 52 47
0.55385 45 42
0.48828 0 0
0.47431 57 53
0.47431 50 48
0.11450 59 57
0.11450 50 50
0.11450 43 50
0.11450 0 0
0.11628 59 56
0.11628 55 49
0.11628 47 49
0.11628 0 0
0.12097 60 60
0.12097 55 53
0.12097 48 53
0.12097 0 0
0.12448 64 58
0.12448 60 51
0.12448 52 51
0.12448 0 0
0.85825 55 55
0.85825 59 55
0.85825 62 61
0.20101 59 58
0.20101 64 58
0.20101 52 58
0.20450 0 0
0.10271 63 46
0.10271 69 46
0.10271 0 0
0.10271 57 49
0.10271 0 0
0.10271 63 48
0.10271 69 48
0.10271 0 0
0.10271 57 49
0.10271 0 0
0.10271 63 46
0.10271 69 46
0.10271 0 0
0.10271 57 49
0.10271 0 0
0.20101 59 58
0.20101 64 58
0.20101 52 58
0.20450 0 0
0.10271 63 46
0.10271 69 46
0.10271 0 0
0.10271 57 49
0.10271 0 0
0.10271 63 48
0.10271 69 48
0.10271 0 0
0.10271 57 49
0.10271 0 0
0.10271 63 46
0.10271 69 46
0.10271 0 0
0.10271 57 49
0.10271 0 0
0.20101 59 58
0.20101 64 58
0.20101 52 58
0.27530 0 0
0.47896 57 52
0.51822 52 47
0.55749 45 42
0.48917 0 0
0.47619 57 53
0.47619 50 48
0.11450 59 57
0.11450 50 50
0.11450 43 50
0.11450 0 0
0.11765 59 56
0.11765 55 49
0.11765 47 49
0.11765 0 0
0.12097 60 60
0.12097 55 53
0.12097 48 53
0.12097 0 0
0.12448 64 58
0.12448 60 51
0.12448 52 51
0.12448 0 0
0.85825 55 55
0.85825 59 55
0.85825 62 61
0.20101 61 58
0.20101 59 58
0.20101 55 58
0.20101 64 58
0.20450 0 0
0.10271 59 46
0.10271 66 46
0.10271 62 46
0.10271 0 0
0.10271 54 49
0.10271 0 0
0.10271 59 48
0.10271 66 48
0.10271 62 48
0.10271 0 0
0.10271 54 49
0.10271 0 0
0.10271 59 46
0.10271 66 46
0.10271 62 46
0.10271 0 0
0.10271 54 49
0.10271 0 0
0.20101 61 58
0.20101 59 58
0.20101 55 58
0.20101 64 58
0.20450 0 0
0.10271 59 46
0.10271 66 46
0.10271 62 46
0.10271 0 0
0.10271 54 49
0.10271 0 0
0.10271 59 48
0.10271 66 48
0.10271 62 48
0.10271 0 0
0.10271 54 49
0.10271 0 0
0.10271 59 46
0.10271 66 46
0.10271 62 46
0.10271 0 0
0.10271 54 49
0.10271 0 0
0.20101 61 58
0.20101 59 58
0.20101 55 58
0.20101 64 58
0.20450 0 0
0.10271 50 46
0.10271 57 46
0.10271 54 46
0.10271 0 0
0.10271 45 49
0.10271 0 0
0.10271 50 48
0.10271 57 48
0.10271 54 48
0.10271 0 0
0.10271 45 49
0.10271 0 0
0.10271 51 46
0.10271 57 46
0.10271 54 46
0.10271 0 0
0.10271 45 49
0.10271 0 0
0.20101 55 58
0.20101 57 58
0.20101 52 58
0.60743 0 0
0.10991 55 78
0.11074 54 66
0.11146 52 66
0.10022 50 64
0.41625 0 0
0.11512 43 69
0.11603 42 62
0.11696 40 60
0.10714 38 58
0.07576 0 0
0.46797 57 52
0.50585 52 47
0.54373 45 42
0.48572 0 0
0.47431 57 53
0.47431 50 48
0.11538 59 57
0.11538 50 50
0.11538 43 50
0.11538 0 0
0.11811 59 56
0.11811 55 49
0.11811 47 49
0.11811 0 0
0.12097 60 60
0.12097 55 53
0.12097 48 53
0.12097 0 0
0.12500 64 58
0.12500 60 51
0.12500 52 51
0.12500 0 0
0.85825 55 55
0.85825 59 55
0.85825 62 61
0.20101 59 58
0.20101 64 58
0.20101 52 58
0.20450 0 0
0.10271 63 46
0.10271 69 46
0.10271 0 0
0.10271 57 49
0.10271 0 0
0.10271 63 48
0.10271 69 48
0.10271 0 0
0.10271 57 49
0.10271 0 0
0.10271 63 46
0.10271 69 46
0.10271 0 0
0.10271 57 49
0.10271 0 0
0.20101 59 58
0.20101 64 58
0.20101 52 58
0.20450 0 0
0.10271 63 46
0.10271 69 46
0.10271 0 0
0.10271 57 49
0.10271 0 0
0.10271 63 48
0.10271 69 48
0.10271 0 0
0.10271 57 49
0.10271 0 0
0.10271 63 46
0.10271 69 46
0.10271 0 0
0.10271 57 49
0.10271 0 0
0.20101 59 58
0.20101 64 58
0.20101 52 58
0.27330 0 0
0.47221 57 52
0.51048 52 47
0.54874 45 42
0.48788 0 0
0.47059 57 53
0.47059 50 48
0.11450 59 57
0.11450 50 50
0.11450 43 50
0.11450 0 0
0.11765 59 56
0.11765 55 49
0.11765 47 49
0.11765 0 0
0.12195 60 60
0.12195 55 53
0.12195 48 53
0.12195 0 0
0.12397 64 58
0.12397 60 51
0.12397 52 51
0.12397 0 0
0.85825 55 55
0.85825 59 55
0.85825 62 61
0.20101 61 58
0.20101 59 58
0.20101 55 58
0.20101 64 58
0.20450 0 0
0.10271 59 46
0.10271 66 46
0.10271 62 46
0.10271 0 0
0.10271 54 49
0.10271 0 0
0.10271 59 48
0.10271 66 48
0.10271 62 48
0.10271 0 0
0.10271 54 49
0.10271 0 0
0.10271 59 46
0.10271 66 46
0.10271 62 46
0.10271 0 0
0.10271 54 49
0.10271 0 0
0.20101 61 58
0.20101 59 58
0.20101 55 58
0.20101 64 58
0.20450 0 0
0.10271 59 46
0.10271 66 46
0.10271 62 46
0.10271 0 0
0.10271 54 49
0.10271 0 0
0.10271 59 48
0.10271 66 48
0.10271 62 48
0.10271 0 0
0.10271 54 49
0.10271 0 0
0.10271 59 46
0.10271 66 46
0.10271 62 46
0.10271 0 0
0.10271 54 49
0.10271 0 0
0.20101 61 58
0.20101 59 58
0.20101 55 58
0.20101 64 58
0.20450 0 0
0.10271 59 46
0.10271 66 46
0.10271 63 46
0.10271 0 0
0.10271 54 49
0.10271 0 0
0.10271 59 48
0.10271 66 48
0.10271 63 48
0.10271 0 0
0.10271 54 49
0.10271 0 0
0.10271 59 46
0.10271 66 46
0.10271 63 46
0.10271 0 0
0.10271 54 49
0.10271 0 0
0.10271 66 46
0.10271 63 46
0.10271 59 46
0.10271 0 0
0.10453 54 49
0.10406 0 0
0.10271 66 46
0.10271 71 46
0.10271 69 46
0.10271 0 0
0.10271 59 49
0.10271 0 0
0.10271 66 48
0.10271 71 48
0.10271 69 48
0.10271 0 0
0.10271 59 49
0.10271 0 0
0.10271 66 46
0.10271 71 46
0.10271 69 46
0.10271 0 0
0.10271 59 49
0.10271 0 0
0.10271 71 46
0.10271 69 46
0.10271 66 46
0.10271 0 0
0.10453 59 49
0.10453 0 0
0.10274 71 52
0.10274 59 52
0.10274 66 52
0.10274 69 52
0.72095 0 0
0.10274 71 57
0.10274 69 57
0.10274 63 57
0.72167 0 0
0.10274 75 59
0.10274 71 59
0.10274 66 59
3.22227 0 0
0.10737 61 53
0.10737 0 0
0.11100 59 49
0.54281 0 0
0.21831 59 37
0.21831 52 37
0.86843 64 50
0.21473 68 52
0.21473 71 50
0.21473 73 55
0.11358 71 49
0.54304 0 0
0.21831 59 37
0.21831 52 37
0.86608 68 51
0.21709 64 50
0.21709 61 48
0.21709 68 50
0.11163 66 47
0.54344 0 0
0.21831 57 37
0.21831 52 37
0.21831 54 37
0.86843 61 49
0.21473 61 48
0.21473 59 41
0.21831 66 47
0.11163 64 39
0.54825 0 0
0.21831 52 37
0.87324 59 41
0.21831 58 48
0.21831 59 47
0.21473 61 53
0.11100 59 49
0.54281 0 0
0.21831 59 37
0.21831 52 37
0.86843 64 50
0.21473 68 52
0.21473 71 50
0.21473 73 55
0.11358 71 49
0.54304 0 0
0.21831 59 37
0.21831 52 37
0.86608 68 51
0.21978 64 50
0.21978 61 48
0.21978 59 50
0.21978 51 45
0.11450 63 47
0.55246 0 0
0.22140 63 37
0.88076 71 49
0.22388 70 48
0.22497 68 41
0.44610 64 48
0.22931 63 48
0.22931 51 37
0.23622 61 41
0.23077 61 46
0.24096 59 39
0.23529 58 40
0.25974 59 37
0.96677 56 34
0.15907 0 0
0.15907 42 37
0.16179 49 35
0.16179 54 35
0.15907 57 37
0.15907 61 37
0.15907 66 37
0.15907 69 40
1.44477 0 0
0.15907 47 37
0.16088 54 35
0.16088 57 35
0.16088 59 37
0.16088 63 37
0.16088 66 37
0.15819 69 40
1.46646 0 0
0.15997 42 35
0.16179 49 38
0.16179 54 41
0.16179 57 45
0.16179 61 42
0.16179 66 47
0.16179 69 51
1.62217 0 0
0.32359 59 33
0.32359 54 28
0.32359 47 28
0.32359 0 0
0.32359 57 33
0.32359 52 23
0.32359 49 23
0.32359 0 0
0.32359 56 28
0.32359 50 28
0.32359 0 0
0.32733 57 33
0.32733 51 28
0.16088 0 0
0.16088 42 37
0.16179 49 35
0.16179 54 35
0.15907 57 37
0.15907 61 37
0.15907 66 37
0.15907 69 40
1.44477 0 0
0.15907 47 37
0.16088 54 35
0.16088 57 35
0.16088 59 37
0.16088 63 37
0.16088 66 37
0.16088 69 37
1.46378 0 0
0.15997 42 35
0.16179 49 38
0.16179 54 41
0.16179 57 45
0.16179 61 42
0.16179 66 47
0.16179 69 51
1.62033 0 0
0.33116 59 33
0.33116 54 33
0.33116 47 28
0.97083 0 0
0.32924 61 27
0.32924 49 22
0.32924 52 22
0.32924 57 22
0.65090 0 0
0.32359 61 56
0.32359 59 35
0.32359 54 35
0.32359 51 35
0.32359 61 58
0.32359 59 37
0.32359 56 37
0.32359 52 37
0.32733 61 61
0.32733 59 40
0.32733 56 40
0.32733 53 40
0.33508 61 61
0.33508 59 46
0.33508 54 46
0.20607 0 0
0.10309 51 45
0.10309 0 0
0.10309 59 45
0.10309 57 45
0.10309 66 45
0.51546 0 0
0.10309 47 45
0.10309 0 0
0.10309 59 45
0.10309 57 45
0.10309 66 45
1.99683 0 0
0.10737 61 53
0.10737 0 0
0.11100 59 49
0.54281 0 0
0.21831 59 37
0.21831 52 37
0.86843 64 50
0.21473 68 52
0.21473 71 50
0.21473 73 55
0.11358 71 49
0.54304 0 0
0.21831 59 37
0.21831 52 37
0.86608 68 51
0.21709 64 50
0.21709 61 48
0.21709 68 50
0.11163 66 47
0.54344 0 0
0.21831 57 37
0.21831 52 37
0.21831 54 37
0.86843 61 49
0.21473 61 48
0.21473 59 41
0.21831 66 47
0.11163 64 39
0.54825 0 0
0.21831 52 37
0.87324 59 41
0.21831 58 48
0.21831 59 47
0.21473 61 53
0.11100 59 49
0.54281 0 0
0.21831 59 37
0.21831 52 37
0.86843 64 50
0.21473 68 52
0.21473 71 50
0.21473 73 55
0.10989 71 49
0.53935 0 0
0.21831 59 37
0.21831 52 37
0.86608 68 51
0.21661 64 50
0.21661 61 48
0.21661 68 50
0.10989 66 47
0.54310 0 0
0.21898 57 37
0.21898 54 37
0.21898 52 37
0.87117 61 49
0.21661 61 48
0.22059 59 41
0.21739 66 48
0.10870 64 41
0.54587 0 0
0.22140 52 41
0.88499 59 48
0.22140 58 40
0.22140 59 37
0.21739 61 42
0.10870 59 39
0.10870 0 0
0.88499 56 42
0.22140 55 40
0.22140 56 37
0.21739 57 42
1.10801 52 39
0.21739 56 39
0.43717 52 40
0.44782 0 0
0.22388 46 40
0.22395 47 37
0.22614 49 42
0.11450 47 39
1.82408 40 39
0.96153 44 40
0.49991 43 40
0.50072 44 42
0.52243 45 40
2.01233 40 39
0.53635 44 42
0.55338 43 40
5.32250 44 39
6.41223 40 39
