"ty_oktober"

#  Piano right
1.63295 69 49
1.63295 65 44
1.63870 77 52
1.63870 67 44
1.63870 69 49
1.21353 76 53
0.40816 74 52
0.81633 69 42
0.81633 65 36
0.40816 68 54
0.40816 69 50
1.22449 74 52
0.40816 72 47
1.63265 69 42
0.81757 70 52
0.81757 67 47
2.45022 62 42
1.63870 70 59
1.63870 60 44
1.63870 62 49
1.21353 66 57
0.40000 67 57
0.80816 62 36
0.80816 58 36
0.40541 76 62
0.40541 74 58
0.81081 64 34
0.81081 67 36
0.82192 74 59
0.82192 73 56
1.64384 67 36
1.64384 64 36
0.27397 0 0
0.26846 69 58
0.26846 71 55
0.26756 73 57
0.27166 74 61
0.27587 76 64
1.93505 81 68
0.26846 69 61
0.26846 71 57
0.26756 73 61
0.27212 74 65
0.27778 76 68
1.25874 81 72
0.41958 74 67
0.27397 79 69
0.27397 77 65
0.18043 76 64
0.05597 74 62
0.05597 76 62
0.27397 74 69
0.27397 73 64
0.28369 74 64
1.09589 77 69
0.27397 76 63
0.55988 74 57
0.27211 73 68
0.54608 72 58
0.27397 71 66
0.54795 70 57
0.27397 69 63
0.71798 65 55
0.06198 64 50
0.06198 65 50
0.27778 64 56
0.39216 62 54
0.77190 0 0
0.77423 69 49
0.78951 71 53
0.78197 73 57
0.77922 74 49
0.75962 73 54
0.37783 72 53
0.38462 70 52
0.40775 69 51
0.38710 67 57
0.75236 62 53
0.75949 74 67
0.76926 70 63
0.79216 69 57
0.79230 67 57
0.81150 68 56
0.81096 69 55
0.41096 64 53
0.27397 0 0
0.26667 72 69
0.28369 74 70
0.26846 76 73
0.26846 77 70
0.26846 79 67
1.65557 72 74
0.27397 0 0
0.26667 69 71
0.27778 71 71
0.26846 73 73
0.26846 74 70
0.26846 76 67
1.64399 69 74
0.27211 0 0
0.17007 64 71
0.10204 0 0
0.17007 65 70
0.10204 0 0
0.17007 67 71
0.10204 0 0
0.17007 69 70
0.10204 0 0
0.53878 70 71
0.27211 70 71
0.54422 69 67
0.27211 68 69
0.55380 67 66
0.27211 66 68
0.54422 65 62
0.27211 63 66
0.83722 64 61
0.30075 61 55
0.61538 61 55
0.30769 62 50
1.78327 57 38
1.78327 53 38
0.27218 0 0
0.26511 67 58
0.26511 69 58
0.26380 70 57
0.26638 71 60
0.26681 72 63
0.54437 77 67
0.27218 76 63
0.55563 76 65
0.27782 74 63
0.27782 0 0
0.26856 64 54
0.26856 65 54
0.81495 74 64
0.26681 66 56
0.26681 67 56
0.27782 68 56
1.07655 72 67
0.26511 72 56
0.27211 71 56
0.80233 70 67
0.54422 74 61
0.27211 72 58
0.81633 69 45
0.27218 0 0
0.26511 67 58
0.26511 69 58
0.26380 70 57
0.26638 71 60
0.26681 72 63
0.54437 77 67
0.27218 76 63
0.55563 76 65
0.27782 74 63
0.27782 0 0
0.26856 64 54
0.26856 63 54
0.81495 74 64
0.26681 64 56
0.26681 65 56
0.27782 64 56
1.07655 73 67
0.26511 74 64
0.27211 73 62
0.80233 70 67
0.54422 76 68
0.27211 74 58
0.81633 69 54
0.27782 0 0
0.26856 67 60
0.26856 66 60
0.81495 77 68
0.26681 67 70
0.26681 69 60
0.27782 67 60
1.07655 76 70
0.27782 77 67
0.14228 76 67
0.92869 74 72
1.35227 82 71
0.28165 81 57
1.67756 73 63
1.71982 67 54
0.28165 0 0
0.27218 81 65
0.27218 80 66
0.54810 82 70
0.28165 81 64
0.26681 81 67
0.26681 79 59
0.27405 78 61
0.54810 81 62
0.18916 79 63
0.37682 0 0
0.27218 79 65
0.27218 78 63
0.54810 81 67
0.28165 79 64
0.26681 79 69
0.26681 77 66
0.27405 76 64
0.54810 79 70
0.18502 77 62
0.37682 0 0
0.27218 77 65
0.27218 76 63
0.54810 79 70
0.28165 77 65
0.26681 77 69
0.26681 76 66
0.27405 74 64
0.27405 77 69
0.27405 76 67
0.27405 74 65
0.27405 0 0
0.27218 67 61
0.27218 69 62
0.27405 70 66
0.27405 77 62
0.28165 76 58
0.26681 74 64
0.26681 73 61
0.26856 72 59
0.55292 73 62
0.28369 69 55
0.28169 0 0
0.27218 81 55
0.27218 80 53
0.54810 82 58
0.28165 81 54
0.26681 81 56
0.26681 79 52
0.27405 78 50
0.54810 81 59
0.18916 79 53
0.37682 0 0
0.27218 79 55
0.27218 78 53
0.54810 81 58
0.28165 79 53
0.26681 79 57
0.26681 77 56
0.27405 76 54
0.54810 79 58
0.18502 77 52
0.37682 0 0
0.27218 77 55
0.27218 76 56
0.54810 79 59
0.28165 77 56
0.26681 77 58
0.26681 76 56
0.27405 74 54
0.27405 77 58
0.27405 76 56
0.27405 74 55
0.27405 0 0
0.27218 67 55
0.27218 69 56
0.27405 70 59
0.27405 77 56
0.28165 76 52
0.26681 74 57
0.26681 73 55
0.26856 72 53
0.55192 73 56
0.28169 69 49
0.27972 0 0
0.26846 67 51
0.26846 66 51
0.54795 69 54
0.27397 67 52
1.63855 62 49
0.40820 67 49
0.40820 61 41
1.53283 0 0
0.26846 67 51
0.26846 66 51
0.54795 69 54
0.27397 67 52
1.63855 62 49
0.40820 67 49
0.40820 61 41
8.59776 0 0
1.63295 69 49
1.63295 65 44
1.63870 77 53
1.63870 67 44
1.63870 69 49
1.21353 76 54
0.40000 74 52
0.80816 69 42
0.80816 65 36
0.40541 68 55
0.40541 69 52
1.21905 74 52
0.40541 72 50
1.62445 69 42
0.81266 70 52
0.81266 67 47
2.43712 62 42
1.63870 70 59
1.63870 60 44
1.63870 62 49
1.21353 66 57
0.40000 67 57
0.80816 62 36
0.80816 58 36
0.40541 76 62
0.40541 74 58
0.81081 67 36
0.81081 64 36
0.82192 74 59
0.82192 73 56
1.64384 67 36
1.64384 64 36
0.27397 0 0
0.26846 69 58
0.26846 71 55
0.26756 73 61
0.27166 74 63
0.27587 76 67
1.93505 81 68
0.26667 69 61
0.26667 71 58
0.26756 73 61
0.27212 74 62
0.27778 76 65
1.25874 81 68
0.41958 74 68
0.27397 79 70
0.27397 77 67
0.18043 76 66
0.05597 74 62
0.05597 76 62
0.27397 74 69
0.27397 73 64
0.28369 74 64
1.08478 77 69
0.27397 76 63
0.55623 74 57
0.27028 73 68
0.54238 72 58
0.27212 71 66
0.54608 70 57
0.27304 69 63
0.71798 65 55
0.06198 64 50
0.06198 65 50
0.27778 64 56
0.39216 62 54
0.77190 0 0
0.77423 69 49
0.78951 71 53
0.78197 73 57
0.77671 74 49
0.75717 73 54
0.38217 72 53
0.38462 70 52
0.40775 69 51
0.37975 67 57
0.75242 62 53
0.75475 74 67
0.76926 70 63
0.78431 69 57
0.79229 67 57
0.81150 68 56
0.81096 69 55
0.41096 64 53
0.27397 0 0
0.26667 72 69
0.27778 74 70
0.26846 76 73
0.26846 77 70
0.26846 79 67
1.65557 72 74
0.27397 0 0
0.26667 69 71
0.27778 71 71
0.26667 73 73
0.26667 74 70
0.26667 76 67
1.64399 69 74
0.27211 0 0
0.17007 64 71
0.10204 0 0
0.17007 65 70
0.10204 0 0
0.17007 67 71
0.10204 0 0
0.17007 69 70
0.10204 0 0
0.53878 70 71
0.27211 70 71
0.54422 69 67
0.27211 68 69
0.55380 67 66
0.27211 66 68
0.54422 65 62
0.27211 63 66
0.83722 64 61
0.30075 61 51
0.61538 61 50
0.30385 62 45
1.78327 57 38
1.78327 53 38
0.27218 0 0
0.26511 64 45
0.26511 63 46
0.26380 64 45
0.26638 65 43
0.82409 64 43
0.27972 61 40
0.55563 61 45
0.27434 62 42
1.65754 57 28
1.65754 53 28
0.27218 0 0
0.26511 67 45
0.26511 69 46
1.08202 70 47
0.26667 65 46
0.26849 67 45
0.82192 69 49
1.63680 62 28
1.63680 57 28
0.27218 0 0
0.26511 64 45
0.26511 63 46
0.26380 64 45
0.26638 65 43
0.82409 64 43
0.27972 61 40
0.55563 61 45
0.27434 62 42
1.65754 57 28
1.65754 53 28
0.27218 0 0
0.29825 55 40
0.29803 57 41
1.08202 58 42
0.30000 53 41
0.30274 55 40
0.82192 57 44
0.27218 0 0
0.29825 55 40
0.29803 57 41
1.08202 58 42
0.30405 53 41
0.30544 55 40
1.37747 57 44
0.27778 58 36
0.59028 58 39
0.27714 57 36
0.58825 58 39
0.28237 57 34
0.63778 58 36
0.33058 57 30
2.30252 60 35
1.43288 58 23
6.15385 57 22
#  Piano left
1.63295 57 35
1.63295 62 39
1.63295 50 35
1.63870 61 31
1.63870 57 31
1.63870 50 27
0.81633 57 33
0.81633 62 36
0.81633 50 33
0.81633 0 0
0.81633 53 40
0.81633 54 38
1.63265 57 36
0.81757 55 41
0.80537 0 0
1.63870 50 31
1.63870 45 27
0.80816 0 0
0.81081 58 34
1.61897 46 36
1.61897 50 42
1.64384 52 32
1.64384 57 36
1.64384 45 32
0.81089 0 0
0.81509 64 41
1.62597 55 48
0.81509 61 37
0.81509 57 37
0.83916 0 0
0.82192 62 36
1.66108 53 40
0.82192 65 36
0.82192 57 33
0.81089 0 0
0.81746 61 41
1.62835 52 49
0.81746 67 47
0.81746 57 41
0.83916 0 0
0.83916 66 41
1.67832 50 50
0.83916 60 37
0.83916 57 37
0.84032 43 50
0.83163 62 37
0.83163 67 41
0.83163 58 37
0.83163 55 37
0.82192 44 48
0.83572 65 40
0.83572 62 36
0.83572 59 36
0.83572 56 36
0.81633 45 49
0.82192 57 39
0.82192 62 39
0.82192 65 45
0.82192 45 48
0.84575 55 37
0.84575 57 37
0.84575 61 41
1.55367 50 40
1.55367 53 42
1.55367 57 50
1.54613 65 60
1.57147 57 55
1.57147 55 49
1.17932 64 62
0.38961 62 58
0.77423 57 47
0.77423 53 41
0.40564 56 61
0.36859 0 0
1.13745 62 62
0.29412 60 55
1.43157 54 47
1.81618 57 57
0.11364 0 0
0.38710 58 57
0.82127 50 47
0.87809 43 47
1.51666 58 64
1.54117 50 55
1.54117 48 49
1.17925 54 53
0.38961 55 62
0.78961 50 51
0.78961 46 51
0.40268 64 63
0.30201 62 60
0.10949 0 0
0.80000 62 62
0.85474 52 36
0.90949 45 36
0.82192 61 57
1.62970 60 57
1.62970 58 50
1.07934 67 59
0.27397 65 57
0.27972 64 57
0.54422 67 61
0.28369 65 59
1.65557 57 44
1.65557 60 44
0.81842 65 61
1.62379 57 59
1.62379 55 52
1.07934 64 57
0.27397 62 57
0.27972 61 57
0.54422 64 61
0.17007 0 0
0.10204 43 48
1.64399 57 47
1.64399 53 47
0.27211 62 59
0.81633 60 59
0.81088 58 56
1.62721 55 52
1.62721 50 52
0.81633 46 57
0.81633 53 41
0.81633 57 41
0.81633 62 46
0.82591 45 53
0.82200 61 40
0.82200 55 37
0.82200 57 37
1.78327 45 35
1.78327 38 35
0.80241 46 48
0.79700 64 41
0.79700 55 37
0.79700 60 37
0.81655 45 46
0.83345 57 37
0.83345 60 37
0.83345 65 41
0.81495 43 46
0.81143 64 41
0.81143 60 36
0.81143 58 36
0.80233 41 46
0.81633 60 36
0.81633 57 36
0.81633 65 41
0.80241 46 48
0.79700 60 37
0.79700 55 37
0.79700 64 41
0.81655 45 46
0.83345 65 41
0.83345 60 37
0.83345 57 37
0.81495 43 46
0.81143 57 36
0.81143 55 36
0.80233 41 46
0.81633 62 38
0.81633 53 34
0.81633 57 34
0.81495 37 46
0.81143 57 36
0.81143 64 36
0.81143 55 36
0.68521 46 46
0.11647 0 0
1.76092 64 41
1.87740 45 26
1.83966 52 29
1.80079 57 33
0.82602 42 51
0.82975 54 46
0.82975 60 46
0.82975 62 46
0.53362 0 0
0.27405 62 50
0.80767 43 49
0.27405 65 54
0.27405 64 50
0.18916 62 46
0.73726 55 33
0.73726 58 33
0.10277 48 42
0.81841 65 51
0.82975 64 44
1.64816 60 45
1.64816 55 45
0.53362 0 0
0.27405 60 50
0.80767 41 49
0.27405 64 54
0.27405 62 50
0.18502 61 46
0.10277 46 42
0.83588 57 33
0.83588 53 33
0.81841 64 51
0.82975 62 46
1.64816 53 45
1.64816 58 45
0.80767 43 49
0.82214 58 39
0.82214 55 39
0.82214 62 44
0.81841 40 48
0.82975 52 43
0.82975 62 43
0.82975 55 43
0.80218 45 46
0.83660 57 37
0.83660 52 37
0.83660 64 41
0.82606 42 43
0.82975 54 31
0.82975 60 31
0.82975 62 31
0.53362 0 0
0.27405 62 42
0.80767 43 41
0.27405 65 45
0.27405 64 42
0.18916 62 39
0.73726 58 28
0.73726 55 28
0.10277 48 35
0.81841 65 43
0.82975 64 39
1.64816 60 34
1.64816 55 34
0.53362 0 0
0.27405 60 42
0.80767 41 41
0.27405 64 45
0.27405 62 42
0.18502 61 39
0.10277 46 35
0.83588 53 28
0.83588 57 28
0.81841 64 43
0.82975 62 39
1.64816 53 38
1.64816 58 38
0.80767 43 41
0.82214 55 33
0.82214 58 33
0.82214 62 37
0.81841 40 43
0.82975 55 39
0.82975 62 39
0.82975 52 39
0.80218 45 41
0.83361 64 37
0.83361 57 33
0.83361 52 33
1.63855 43 36
1.63855 58 41
1.91252 52 36
0.40820 45 42
0.40820 57 47
0.26846 52 48
0.27972 51 45
0.55944 53 49
0.27972 52 44
1.63855 58 41
1.63855 43 36
1.91252 52 36
0.40820 57 47
0.40820 45 42
0.26846 52 49
0.27972 51 47
0.55944 53 53
0.27972 52 51
0.54422 57 56
0.28369 55 53
0.54422 62 57
0.26490 61 56
0.27211 65 64
0.27211 64 58
0.54422 62 55
0.27778 61 55
0.83724 58 51
0.86443 57 53
0.89674 55 52
0.92667 53 48
0.81633 52 43
1.63295 57 35
1.63295 62 39
1.63295 50 35
1.63870 57 31
1.63870 61 31
1.63870 50 27
0.80816 62 36
0.80816 57 33
0.80816 50 33
0.81081 0 0
0.81364 53 40
0.81081 54 38
1.62445 57 36
0.81266 55 41
0.80537 0 0
1.63870 50 31
1.63870 45 27
0.80816 0 0
0.81081 58 36
1.61897 50 42
1.61897 46 36
1.64384 57 36
1.64384 52 32
1.64384 45 32
0.81089 0 0
0.81509 57 37
1.62597 55 48
0.81509 64 41
0.81509 61 37
0.83916 0 0
0.82192 57 37
1.66108 53 46
0.82192 65 41
0.82192 62 41
0.80731 0 0
0.81746 57 41
1.62477 52 49
0.81746 67 47
0.81746 61 41
0.83916 0 0
0.83916 57 37
1.67832 50 50
0.83916 66 41
0.83916 60 37
0.84032 43 50
0.83163 55 37
0.83163 67 41
0.83163 62 37
0.83163 58 37
0.81081 44 48
0.83571 56 36
0.83571 65 40
0.83571 62 36
0.83571 59 36
0.81085 45 49
0.81636 57 39
0.81636 62 39
0.81636 65 45
0.81912 45 48
0.84575 55 37
0.84575 57 37
0.84575 61 41
1.55367 57 50
1.55367 50 40
1.55367 53 42
1.54613 65 60
1.57147 55 49
1.57147 57 55
1.17932 64 62
0.38961 62 58
0.77423 57 47
0.77423 53 41
0.40302 56 61
0.36624 0 0
1.14178 62 62
0.29412 60 55
1.43590 54 47
1.81806 57 57
0.11364 0 0
0.37975 58 57
0.81631 50 47
0.87313 43 47
1.50958 58 64
1.53642 48 49
1.53642 50 55
1.17141 54 53
0.38961 55 62
0.78177 50 51
0.78177 46 51
0.40268 64 63
0.30201 62 60
0.10949 0 0
0.80000 62 62
0.85474 52 36
0.90949 45 36
0.82192 61 57
1.62379 58 50
1.62379 60 57
1.07934 67 59
0.27397 65 57
0.27972 64 57
0.54422 67 61
0.28369 65 59
1.65557 57 44
1.65557 60 44
0.81842 65 61
1.61842 55 52
1.61842 57 59
1.07397 64 57
0.27397 62 57
0.27972 61 57
0.54422 64 61
0.17007 0 0
0.10204 43 48
1.64399 57 47
1.64399 53 47
0.27211 62 59
0.81633 60 59
0.81088 58 56
1.62721 55 52
1.62721 50 52
0.81633 46 57
0.81633 53 41
0.81633 57 41
0.81633 62 46
0.82591 45 53
0.82200 55 37
0.82200 57 37
0.82200 61 40
1.78327 45 35
1.78327 38 35
1.61231 62 36
1.61231 50 32
1.61231 55 32
1.61231 58 36
1.65754 45 28
1.65754 38 25
1.60130 62 36
1.60470 50 32
1.60470 55 32
1.60470 58 36
1.63680 45 28
1.63680 38 25
1.61231 62 36
1.61231 50 32
1.61231 55 32
1.61231 58 36
1.65754 45 28
1.65754 38 25
1.60470 62 36
1.60470 52 32
1.60470 50 32
1.63680 45 28
1.63680 38 25
1.60470 62 36
1.60470 52 32
1.60470 50 32
1.64310 45 28
1.64310 38 25
2.07952 62 28
2.07952 50 25
2.07952 53 25
