"ty_september"

#  Piano right
0.83526 74 75
0.83526 62 67
0.11932 62 65
0.11932 74 73
0.83526 74 75
0.83526 62 67
0.11932 62 63
0.11932 74 71
0.83526 74 78
0.83526 62 70
0.11932 74 74
0.11932 62 66
0.83526 62 70
0.83526 74 78
0.11932 74 75
0.11932 62 67
0.46758 74 78
0.46758 62 70
0.87096 62 70
0.87096 74 78
0.86561 74 78
0.86561 62 70
0.69767 74 78
0.69767 62 70
0.46948 62 67
0.46948 74 75
0.11737 62 68
0.11737 74 76
0.57560 0 0
0.87231 67 83
0.87231 79 83
0.65742 79 78
0.65742 67 70
0.45194 79 78
0.45194 67 70
0.11737 67 68
0.11737 79 76
0.11737 0 0
0.11737 78 87
0.11737 74 87
0.11737 86 97
0.11737 0 0
0.11737 79 79
0.11737 74 79
0.11737 86 88
0.11737 0 0
0.23474 78 84
0.23474 74 84
0.23474 86 94
0.23474 0 0
0.60744 67 80
0.60744 59 72
0.10489 67 75
0.10489 59 67
0.03496 0 0
0.11187 59 67
0.11187 67 75
0.03729 0 0
0.58214 59 72
0.58214 67 81
0.10489 59 67
0.10489 67 75
0.03496 0 0
0.10490 67 74
0.10490 59 66
0.03496 0 0
0.67389 67 80
0.67389 59 72
0.11501 71 74
0.11501 67 66
0.11501 0 0
0.11320 72 80
0.11320 69 72
0.11320 0 0
0.11501 71 74
0.11501 67 66
0.11501 0 0
0.11320 72 80
0.11320 69 72
0.11320 0 0
0.11320 69 79
0.11320 62 71
0.11320 0 0
0.59809 71 72
0.59809 74 80
0.10489 71 67
0.10489 74 75
0.03496 0 0
0.11143 74 75
0.11143 71 67
0.03714 0 0
0.57757 74 81
0.57757 71 72
0.10761 71 67
0.10761 74 75
0.03744 0 0
0.11231 74 74
0.11231 71 66
0.03744 0 0
0.11187 76 80
0.11187 72 72
0.11187 0 0
0.11187 74 77
0.11187 71 69
0.11187 0 0
0.11409 72 77
0.11409 69 69
0.11409 0 0
0.11737 71 75
0.11737 64 67
0.11737 68 75
0.11737 0 0
0.11595 64 73
0.11595 69 82
0.11595 0 0
0.11786 71 77
0.11786 68 69
0.11786 64 69
0.11786 0 0
0.11641 72 82
0.11641 69 73
0.11641 64 67
0.35116 0 0
0.11224 78 72
0.11224 74 64
0.11224 0 0
0.11500 73 59
0.11500 76 66
0.11500 0 0
0.11315 71 63
0.11315 74 71
0.11315 0 0
0.11500 66 60
0.11500 73 67
0.11500 70 67
0.11500 0 0
0.11407 71 69
0.11407 66 62
0.11407 0 0
0.11549 73 64
0.11549 70 64
0.11549 66 57
0.11549 0 0
0.11407 74 67
0.11407 71 67
0.11407 66 60
0.34408 0 0
0.11100 80 72
0.11100 76 64
0.11100 0 0
0.11320 75 59
0.11320 78 66
0.11320 0 0
0.11187 76 71
0.11187 73 63
0.11187 0 0
0.11365 75 67
0.11365 72 67
0.11365 68 60
0.11364 0 0
0.11143 73 69
0.11143 68 62
0.11143 0 0
0.11320 75 64
0.11320 68 57
0.11320 72 64
0.11320 0 0
0.11275 68 60
0.11275 76 67
0.11275 73 67
0.34276 0 0
0.22287 81 61
0.22287 78 54
0.22287 79 55
0.22287 76 49
0.21946 74 54
0.21946 78 60
0.21779 76 56
0.21779 69 50
0.22114 81 61
0.22114 78 54
0.22114 76 49
0.22114 79 55
0.21861 78 60
0.21861 74 54
0.22287 76 58
0.22287 69 52
0.21779 78 55
0.21779 81 62
0.22030 79 57
0.22030 76 51
0.22030 78 63
0.22030 74 56
0.22375 69 53
0.22375 76 59
0.21697 81 63
0.21697 78 56
0.22030 76 53
0.22030 79 59
0.22030 78 63
0.22030 74 56
0.22375 76 61
0.22375 69 54
0.21614 83 62
0.21614 86 69
0.21614 84 63
0.21614 81 56
0.22030 83 68
0.22030 79 61
0.22462 74 56
0.22462 81 63
0.21533 86 71
0.21533 83 63
0.21533 84 64
0.21533 81 57
0.21779 79 62
0.21779 83 69
0.22287 74 59
0.22287 81 66
0.21452 83 64
0.21452 86 72
0.21452 84 65
0.21452 81 58
0.21861 83 71
0.21861 79 63
0.21533 74 61
0.21533 81 68
0.21614 86 73
0.21614 83 65
0.21861 84 68
0.21861 81 61
0.21861 79 64
0.21861 83 72
0.22640 81 70
0.22640 74 70
0.60843 79 92
0.60843 71 82
0.60843 67 82
0.10563 79 86
0.10563 71 77
0.10563 67 77
0.03521 0 0
0.11187 71 77
0.11187 79 86
0.11187 67 77
0.03729 0 0
0.57907 67 83
0.57907 71 83
0.57907 79 93
0.10638 79 86
0.10638 71 77
0.10638 67 77
0.03546 0 0
0.10638 79 85
0.10638 71 76
0.10638 67 76
0.03546 0 0
0.66102 79 92
0.66102 71 82
0.66102 67 82
0.11275 79 82
0.11275 83 82
0.11275 71 73
0.11275 0 0
0.11057 84 87
0.11057 81 87
0.11057 72 78
0.11057 0 0
0.11275 83 85
0.11275 79 85
0.11275 71 76
0.11231 0 0
0.11057 81 87
0.11057 84 87
0.11057 72 78
0.11057 0 0
0.11364 74 81
0.11364 81 81
0.11364 69 72
0.11365 0 0
0.59907 83 101
0.59907 74 90
0.59907 86 101
0.10563 86 94
0.10563 74 84
0.10563 83 94
0.03521 0 0
0.11143 86 94
0.11143 74 84
0.11143 83 94
0.03714 0 0
0.57807 86 102
0.57807 74 91
0.57807 83 102
0.10786 86 94
0.10786 74 84
0.10786 83 94
0.03744 0 0
0.11231 86 93
0.11231 74 83
0.11231 83 93
0.03744 0 0
0.11187 84 93
0.11187 76 83
0.11187 88 93
0.11187 0 0
0.11187 86 86
0.11187 74 77
0.11187 83 86
0.11187 0 0
0.11409 72 81
0.11409 84 91
0.11409 81 91
0.11409 0 0
0.11737 83 85
0.11737 79 85
0.11737 71 76
0.11737 74 85
0.11737 0 0
0.11737 69 84
0.11737 74 84
0.11737 81 94
0.11737 78 94
0.11737 0 0
0.11737 79 89
0.11737 71 80
0.11737 83 89
0.11737 74 80
0.11737 0 0
0.11737 81 94
0.11737 78 94
0.11737 69 77
0.11737 74 77
0.35211 0 0
0.60943 79 92
0.60943 67 82
0.60943 71 82
0.14184 79 86
0.14184 67 77
0.14184 71 77
0.14916 67 77
0.14916 79 86
0.14916 71 77
0.57856 71 83
0.57856 67 83
0.57856 79 93
0.14134 71 77
0.14134 67 77
0.14134 79 86
0.14134 71 76
0.14134 67 76
0.14134 79 85
0.66446 71 82
0.66446 67 82
0.66446 79 92
0.22462 83 82
0.22462 71 73
0.22462 79 82
0.21861 81 87
0.21861 72 78
0.21861 84 87
0.22462 80 85
0.22462 71 76
0.22462 83 85
0.10973 72 78
0.10973 84 87
0.10973 81 87
0.10973 0 0
0.11231 81 81
0.11231 69 72
0.11231 74 81
0.11231 0 0
0.66446 86 96
0.66446 74 82
0.22201 72 73
0.22201 84 82
0.88647 79 87
0.21946 79 87
0.21946 71 78
0.21946 83 87
0.22375 81 85
0.22375 72 76
0.22375 84 85
0.10931 86 87
0.10931 74 78
0.10931 83 87
0.10931 0 0
0.11187 79 81
0.11187 71 72
0.11187 83 81
0.11187 0 0
0.66611 84 87
0.66611 79 82
0.66611 91 96
0.10994 78 69
0.10994 84 69
0.10994 90 77
0.10994 0 0
0.10780 88 82
0.10780 84 82
0.10780 76 74
0.10780 0 0
0.11081 90 80
0.11081 86 80
0.11081 78 72
0.11081 0 0
0.10780 84 82
0.10780 88 82
0.10780 76 74
0.10780 0 0
0.11081 86 76
0.11081 83 76
0.11081 74 68
0.11081 0 0
0.10907 84 81
0.10907 81 81
0.10907 72 73
0.10908 0 0
0.10907 74 66
0.10907 86 74
0.10907 83 74
0.10908 0 0
0.10658 84 79
0.10658 81 79
0.10658 72 71
0.10658 0 0
0.10994 71 64
0.10994 83 72
0.10994 79 72
0.10994 0 0
0.10780 81 77
0.10780 69 69
0.10780 78 77
0.10780 0 0
0.11081 83 74
0.11081 71 66
0.11081 79 74
0.11081 0 0
0.10780 78 77
0.10780 69 69
0.10780 81 77
0.10780 0 0
0.11081 79 73
0.11081 67 65
0.11081 76 73
0.11081 0 0
0.10907 78 81
0.10907 66 73
0.10907 74 81
0.10908 0 0
0.10907 67 66
0.10907 76 74
0.10907 79 74
0.10908 0 0
0.10658 78 79
0.10658 66 71
0.10658 74 79
0.10658 0 0
0.10994 76 72
0.10994 72 72
0.10994 64 64
0.10994 0 0
0.10780 62 65
0.10780 74 73
0.10780 71 73
0.10780 0 0
0.11081 76 70
0.11081 64 62
0.11081 72 70
0.11081 0 0
0.10780 74 73
0.10780 62 65
0.10780 71 73
0.10780 0 0
0.11081 69 69
0.11081 64 61
0.11081 72 69
0.11081 0 0
0.60993 71 73
0.60993 67 65
0.14235 71 68
0.14235 67 61
0.14235 59 61
0.14916 71 68
0.14916 67 61
0.14916 59 61
0.57807 71 70
0.57807 67 62
0.57807 59 62
0.14084 67 61
0.14084 71 68
0.14084 59 61
0.14085 59 60
0.14085 67 60
0.14085 71 68
0.44749 71 69
0.44749 67 61
0.44749 59 61
0.21697 0 0
0.11231 67 65
0.11231 74 65
0.11231 62 58
0.11231 0 0
0.10848 73 69
0.10848 67 62
0.10848 76 69
0.10848 64 62
0.10848 0 0
0.11057 74 68
0.11057 62 60
0.11057 0 0
0.10848 72 69
0.10848 76 69
0.10848 64 62
0.10848 0 0
0.11231 78 64
0.11231 66 57
0.11231 0 0
0.22462 79 69
0.22462 67 62
0.22462 71 62
0.36799 0 0
0.14337 83 74
0.14337 71 67
0.14337 79 67
0.14916 71 67
0.14916 83 74
0.14916 79 67
0.57907 79 68
0.57907 71 68
0.57907 83 77
0.14184 79 67
0.14184 71 67
0.14184 83 74
0.14184 79 66
0.14184 71 66
0.14184 83 74
0.44749 79 67
0.44749 71 67
0.44749 83 75
0.21697 0 0
0.11231 86 74
0.11231 74 66
0.11231 79 74
0.11231 0 0
0.10848 79 71
0.10848 85 78
0.10848 88 78
0.10848 76 71
0.10848 0 0
0.11100 74 69
0.11100 86 77
0.11100 0 0
0.21779 88 78
0.21779 76 71
0.21779 84 78
0.22462 78 65
0.22462 84 65
0.22462 90 73
0.22462 86 73
0.22462 86 71
0.22462 83 71
0.22462 91 78
0.22462 79 71
0.22462 0 0
0.10848 74 68
0.10848 86 76
0.03616 0 0
0.10807 88 76
0.10807 76 68
0.03602 0 0
0.10767 90 77
0.10767 78 69
0.03575 0 0
0.11143 79 70
0.11143 91 78
0.33430 0 0
0.10848 86 76
0.10848 74 68
0.03616 0 0
0.10807 88 76
0.10807 76 68
0.03602 0 0
0.10767 78 69
0.10767 90 77
0.03575 0 0
0.10931 79 70
0.10931 91 78
0.32792 0 0
0.10821 74 68
0.10821 86 76
0.03630 0 0
0.10931 88 76
0.10931 76 68
0.03658 0 0
0.11043 90 77
0.11043 78 69
0.03700 0 0
0.22287 79 70
0.22287 91 78
0.22287 0 0
0.07343 67 55
0.07357 0 0
0.07386 69 55
0.07415 0 0
0.07444 70 51
0.07473 0 0
0.87278 71 55
0.44573 72 55
0.07315 67 55
0.07343 0 0
0.07386 69 55
0.07415 0 0
0.07458 71 51
0.07502 0 0
0.76599 72 55
0.11456 76 55
0.44573 71 55
0.07343 54 55
0.07357 0 0
0.07386 55 55
0.07415 0 0
0.07444 57 51
0.50330 0 0
0.22287 63 35
0.22287 66 39
0.87430 59 55
0.44573 60 55
0.07315 55 55
0.07343 0 0
0.07386 57 55
0.22044 64 39
0.22044 67 39
0.07415 0 0
0.07458 59 51
0.50513 0 0
0.22287 69 39
0.22287 72 39
0.76753 60 55
0.11456 64 55
0.44573 59 55
0.07343 66 55
0.07357 0 0
0.07386 68 55
0.22086 63 39
0.07415 0 0
0.07444 70 51
0.07473 0 0
0.88465 71 55
0.44573 72 55
0.07315 67 55
0.07343 0 0
0.07386 69 55
0.07415 0 0
0.07458 71 51
0.07502 0 0
0.76599 72 55
0.11456 76 55
0.44573 71 55
0.07343 54 55
0.07357 0 0
0.07386 55 55
0.07415 0 0
0.07444 57 51
0.51532 0 0
0.22287 66 39
0.22287 63 39
0.88633 59 55
0.44573 60 55
0.07315 55 55
0.07343 0 0
0.07386 57 55
0.22044 67 39
0.22044 64 39
0.07415 0 0
0.07458 59 51
0.51561 0 0
0.22287 72 39
0.22287 69 39
0.77802 60 55
0.11456 64 55
0.44573 59 55
0.07343 63 59
0.07357 0 0
0.07386 64 59
0.22086 71 42
0.07415 0 0
0.07444 65 57
0.50484 0 0
0.44573 61 46
0.87584 66 62
0.22287 68 67
0.22287 60 64
0.22287 0 0
0.44402 68 61
0.44402 80 68
0.44402 79 67
0.44402 67 60
0.44573 78 67
0.44573 68 60
0.44573 66 60
0.22375 76 67
0.22375 68 54
0.22375 64 54
0.22375 0 0
0.14701 64 61
0.14800 66 61
0.14916 67 59
0.43011 0 0
0.44573 63 48
0.87584 68 65
0.22287 62 67
0.22287 70 69
0.22287 0 0
0.43892 70 63
0.43892 82 70
0.44228 69 63
0.44228 81 70
0.44402 80 66
0.44402 68 59
0.44402 70 59
0.22462 78 70
0.22462 66 56
0.22462 70 56
0.22462 0 0
0.07400 70 59
0.07400 0 0
0.07400 72 57
0.07400 0 0
0.07400 74 57
0.07400 0 0
0.07400 75 60
0.07400 0 0
0.07400 74 57
0.07400 0 0
0.07400 75 57
0.07400 0 0
0.07400 82 60
0.07400 0 0
0.07400 81 56
0.07400 0 0
0.07400 82 56
0.07400 0 0
0.07400 78 60
0.07400 0 0
0.07400 77 57
0.07400 0 0
0.07400 78 57
0.07400 0 0
0.07343 74 61
0.07343 0 0
0.07343 73 59
0.07343 0 0
0.07343 74 59
0.07343 0 0
0.07400 75 60
0.07400 0 0
0.07400 74 58
0.07400 0 0
0.07400 75 58
0.07400 0 0
0.07458 70 59
0.07458 0 0
0.07458 69 57
0.07458 0 0
0.07458 70 57
0.07458 0 0
0.07487 75 60
0.07487 0 0
0.07487 74 57
0.07487 0 0
0.07487 75 58
0.68958 0 0
0.15274 82 71
0.15274 81 66
0.15213 82 71
0.15213 70 65
0.15213 82 67
0.15522 82 71
0.15522 70 67
0.15522 82 67
0.61840 0 0
0.15274 82 71
0.15274 81 66
0.15213 82 71
0.15213 70 65
0.15213 82 67
0.15522 82 71
0.15522 70 67
0.15522 82 67
0.07400 71 59
0.07400 0 0
0.07400 73 57
0.07400 0 0
0.07400 75 57
0.07400 0 0
0.07400 76 60
0.07400 0 0
0.07400 75 57
0.07400 0 0
0.07400 76 57
0.07400 0 0
0.07400 83 60
0.07400 0 0
0.07400 82 56
0.07400 0 0
0.07400 83 56
0.07400 0 0
0.07400 79 60
0.07400 0 0
0.07400 78 57
0.07400 0 0
0.07400 79 57
0.07400 0 0
0.07343 75 61
0.07343 0 0
0.07343 74 59
0.07343 0 0
0.07343 75 59
0.07343 0 0
0.07400 76 60
0.07400 0 0
0.07400 75 58
0.07400 0 0
0.07400 76 58
0.07400 0 0
0.07458 71 59
0.07458 0 0
0.07458 70 57
0.07458 0 0
0.07458 71 57
0.07458 0 0
0.07487 76 60
0.07487 0 0
0.07487 75 57
0.07487 0 0
0.07487 76 58
0.68958 0 0
0.15274 83 71
0.15274 82 66
0.15213 83 71
0.15213 71 65
0.15213 83 67
0.15522 83 71
0.15522 71 67
0.15522 83 67
0.61840 0 0
0.15274 83 71
0.15274 82 66
0.15213 83 71
0.15213 71 65
0.15213 83 67
0.15522 83 71
0.15522 71 67
0.15522 83 67
0.15335 84 60
0.15335 72 56
0.15335 84 56
0.15213 84 62
0.15213 72 59
0.15213 84 58
0.15213 86 64
0.15213 74 59
0.15153 86 62
0.15213 86 67
0.15198 74 62
0.15153 86 63
0.15108 88 69
0.15093 76 65
0.15033 88 67
0.15004 88 71
0.14975 76 67
0.14975 88 66
0.14975 90 72
0.14975 78 68
0.14975 90 68
0.14858 90 76
0.14858 78 69
0.14801 90 72
0.14801 90 78
0.14743 78 71
0.14743 90 73
0.14686 90 80
0.14686 78 73
0.14686 90 76
0.14686 90 80
0.14686 78 73
0.14686 90 76
0.14916 90 80
0.14916 78 73
0.14916 90 76
0.14574 78 78
0.14574 66 71
0.14574 78 73
0.14801 78 80
0.14801 66 73
0.14801 78 78
0.14801 78 84
0.14801 66 77
0.14801 78 82
0.14916 78 88
0.14916 66 81
0.14916 78 85
0.15019 78 92
0.15213 66 84
0.15429 78 89
0.11231 83 94
0.11231 78 79
0.11231 71 79
0.11231 75 79
0.03744 0 0
0.11115 71 71
0.11115 75 71
0.11115 83 84
0.11115 78 71
0.03686 0 0
0.11409 78 71
0.11409 71 71
0.11409 83 84
0.11409 75 71
0.03803 0 0
0.22462 83 94
0.22462 78 79
0.22462 71 79
0.22462 75 79
0.22462 0 0
0.11231 71 79
0.11231 75 79
0.11231 83 94
0.11231 78 79
0.03744 0 0
0.11057 78 71
0.11057 71 71
0.11057 83 84
0.11057 75 71
0.03686 0 0
0.11365 78 71
0.11365 71 71
0.11365 83 84
0.11365 75 71
0.03788 0 0
0.22462 71 79
0.22462 78 79
0.22462 83 94
0.22462 75 79
0.22462 0 0
0.11057 83 94
0.11057 75 79
0.11057 71 79
0.11057 78 79
0.03686 0 0
0.11057 78 71
0.11057 71 71
0.11057 83 84
0.11057 75 71
0.03686 0 0
0.11365 71 71
0.11365 78 71
0.11365 83 84
0.11365 75 71
0.03788 0 0
0.22506 78 79
0.22506 75 79
0.22506 71 79
0.22506 83 94
0.22462 0 0
0.11100 71 79
0.11100 75 79
0.11100 83 94
0.11100 78 79
0.03700 0 0
0.11100 78 71
0.11100 71 71
0.11100 83 84
0.11100 75 71
0.03700 0 0
0.11320 83 84
0.11320 78 71
0.11320 71 71
0.11320 75 71
0.03773 0 0
0.22462 71 79
0.22462 75 79
0.22462 83 94
0.22462 78 79
0.22462 0 0
0.14887 86 94
0.14887 74 79
0.14858 74 71
0.14858 86 84
0.15153 86 84
0.15153 74 71
0.22462 86 94
0.22462 74 79
0.22462 0 0
0.14858 74 79
0.14858 86 94
0.14858 86 84
0.14858 74 71
0.15213 74 71
0.15213 86 84
0.22462 86 94
0.22462 74 79
0.22462 0 0
0.14916 74 84
0.14916 62 71
0.14916 62 63
0.14916 74 75
0.15153 74 75
0.15153 62 63
0.22462 74 84
0.22462 62 71
0.22462 0 0
0.14975 62 71
0.14975 74 84
0.14975 74 75
0.14975 62 63
0.15153 74 75
0.15153 62 63
0.22462 62 71
0.22462 74 84
0.22462 0 0
0.15153 74 78
0.15153 62 70
0.15153 74 73
0.15153 62 65
0.15153 74 73
0.15153 62 65
0.59749 74 78
0.59749 62 70
0.11364 74 72
0.11364 62 64
0.03788 0 0
0.11364 74 72
0.11364 62 64
0.03788 0 0
0.59782 74 78
0.59782 62 70
0.11143 74 72
0.11143 62 64
0.03714 0 0
0.11143 74 72
0.11143 62 64
0.03714 0 0
0.69767 74 78
0.69767 62 70
0.46948 74 75
0.46948 62 67
0.11737 74 76
0.11737 62 68
0.26830 0 0
0.11320 79 75
0.11320 67 67
0.03773 0 0
0.11320 79 75
0.11320 67 67
0.03773 0 0
0.58696 79 83
0.58696 67 74
0.11100 79 75
0.11100 67 67
0.03700 0 0
0.11100 79 75
0.11100 67 67
0.03700 0 0
0.66533 79 78
0.66533 67 70
0.45194 79 78
0.45194 67 70
0.11737 79 76
0.11737 67 68
0.11737 0 0
0.11737 86 97
0.11737 78 87
0.11737 74 87
0.11737 0 0
0.11737 86 88
0.11737 79 79
0.11737 74 79
0.11737 0 0
0.23474 86 94
0.23474 78 84
0.23474 74 84
0.23474 0 0
0.60647 67 80
0.60647 59 72
0.10417 67 75
0.10417 59 67
0.03472 0 0
0.11187 67 75
0.11187 59 67
0.03729 0 0
0.58214 67 81
0.58214 59 72
0.10489 67 75
0.10489 59 67
0.03496 0 0
0.10489 67 74
0.10489 59 66
0.03496 0 0
0.67389 67 80
0.67389 59 72
0.11501 67 66
0.11501 71 74
0.11501 0 0
0.11320 72 80
0.11320 69 72
0.11320 0 0
0.11501 71 74
0.11501 67 66
0.11501 0 0
0.11320 69 72
0.11320 72 80
0.11320 0 0
0.11320 69 79
0.11320 62 71
0.11320 0 0
0.59760 71 72
0.59760 74 80
0.10453 74 75
0.10453 71 67
0.03484 0 0
0.11143 74 75
0.11143 71 67
0.03714 0 0
0.57757 74 81
0.57757 71 72
0.10761 74 75
0.10761 71 67
0.03744 0 0
0.11231 74 74
0.11231 71 66
0.03744 0 0
0.11187 72 72
0.11187 76 80
0.11187 0 0
0.11187 74 77
0.11187 71 69
0.11187 0 0
0.11409 72 77
0.11409 69 69
0.11409 0 0
0.11737 71 75
0.11737 68 75
0.11737 64 67
0.11737 0 0
0.11595 69 82
0.11595 64 73
0.11595 0 0
0.11786 71 77
0.11786 68 69
0.11786 64 69
0.11786 0 0
0.11641 72 82
0.11641 69 73
0.11641 64 67
0.35116 0 0
0.11224 78 72
0.11224 74 64
0.11224 0 0
0.11500 76 66
0.11500 73 59
0.11500 0 0
0.11315 74 71
0.11315 71 63
0.11315 0 0
0.11500 73 67
0.11500 70 67
0.11500 66 60
0.11500 0 0
0.11407 71 69
0.11407 66 62
0.11407 0 0
0.11549 73 64
0.11549 70 64
0.11549 66 57
0.11549 0 0
0.11407 74 67
0.11407 71 67
0.11407 66 60
0.34408 0 0
0.11100 80 72
0.11100 76 64
0.11100 0 0
0.11320 78 66
0.11320 75 59
0.11320 0 0
0.11187 76 71
0.11187 73 63
0.11187 0 0
0.11365 75 67
0.11365 72 67
0.11365 68 60
0.11364 0 0
0.11143 73 69
0.11143 68 62
0.11143 0 0
0.11320 75 64
0.11320 72 64
0.11320 68 57
0.11320 0 0
0.11275 76 67
0.11275 73 67
0.11275 68 60
0.34276 0 0
0.22287 81 61
0.22287 78 54
0.22287 79 55
0.22287 76 49
0.21946 78 60
0.21946 74 54
0.21779 76 56
0.21779 69 50
0.22114 81 61
0.22114 78 54
0.22114 79 55
0.22114 76 49
0.21861 78 60
0.21861 74 54
0.22287 76 58
0.22287 69 52
0.21779 81 62
0.21779 78 55
0.22030 79 57
0.22030 76 51
0.22030 78 63
0.22030 74 56
0.22375 76 59
0.22375 69 53
0.21697 81 63
0.21697 78 56
0.22030 79 59
0.22030 76 53
0.22030 78 63
0.22030 74 56
0.22375 76 61
0.22375 69 54
0.21614 86 69
0.21614 83 62
0.21614 84 63
0.21614 81 56
0.22030 83 68
0.22030 79 61
0.22462 81 63
0.22462 74 56
0.21533 86 71
0.21533 83 63
0.21533 84 64
0.21533 81 57
0.21779 83 69
0.21779 79 62
0.22287 81 66
0.22287 74 59
0.21452 86 72
0.21452 83 64
0.21452 84 65
0.21452 81 58
0.21861 83 71
0.21861 79 63
0.21533 81 68
0.21533 74 61
0.21614 86 73
0.21614 83 65
0.21861 84 68
0.21861 81 61
0.21861 83 72
0.21861 79 64
0.22640 81 70
0.22640 74 70
0.60793 79 92
0.60793 71 82
0.60793 67 82
0.10526 79 86
0.10526 71 77
0.10526 67 77
0.03509 0 0
0.11187 79 86
0.11187 71 77
0.11187 67 77
0.03729 0 0
0.57708 79 93
0.57708 71 83
0.57708 67 83
0.10489 79 86
0.10489 71 77
0.10489 67 77
0.03496 0 0
0.10489 79 85
0.10489 71 76
0.10489 67 76
0.03496 0 0
0.66102 79 92
0.66102 71 82
0.66102 67 82
0.22550 79 82
0.22550 83 82
0.22550 71 73
0.21505 84 87
0.21505 81 87
0.21505 72 78
0.22506 83 85
0.22506 79 85
0.22506 71 76
0.22114 81 87
0.22114 84 87
0.22114 72 78
0.22729 81 81
0.22729 74 81
0.22729 69 72
0.59808 83 101
0.59808 86 101
0.59808 74 90
0.10489 86 94
0.10489 83 94
0.10489 74 84
0.03496 0 0
0.11143 86 94
0.11143 83 94
0.11143 74 84
0.03714 0 0
0.57757 86 102
0.57757 83 102
0.57757 74 91
0.10761 86 94
0.10761 83 94
0.10761 74 84
0.03744 0 0
0.11231 86 93
0.11231 83 93
0.11231 74 83
0.03744 0 0
0.11187 84 93
0.11187 88 93
0.11187 76 83
0.11187 0 0
0.11187 86 86
0.11187 83 86
0.11187 74 77
0.11187 0 0
0.11409 84 91
0.11409 81 91
0.11409 72 81
0.11409 0 0
0.11737 83 85
0.11737 71 76
0.11737 74 85
0.11737 79 85
0.11737 0 0
0.11737 81 94
0.11737 69 84
0.11737 74 84
0.11737 78 94
0.11737 0 0
0.11737 83 89
0.11737 71 80
0.11737 74 80
0.11737 79 89
0.11737 0 0
0.11737 81 94
0.11737 69 77
0.11737 74 77
0.11737 78 94
0.35211 0 0
0.60942 79 92
0.60942 71 82
0.60942 67 82
0.10638 79 86
0.10638 71 77
0.10638 67 77
0.03546 0 0
0.11187 79 86
0.11187 71 77
0.11187 67 77
0.03729 0 0
0.57907 79 93
0.57907 71 83
0.57907 67 83
0.10638 79 86
0.10638 71 77
0.10638 67 77
0.03546 0 0
0.10638 79 85
0.10638 71 76
0.10638 67 76
0.03546 0 0
0.66102 79 92
0.66102 71 82
0.66102 67 82
0.22462 79 82
0.22462 83 82
0.22462 71 73
0.21505 84 87
0.21505 81 87
0.21505 72 78
0.22462 83 85
0.22462 80 85
0.22462 71 76
0.10973 81 87
0.10973 84 87
0.10973 72 78
0.10973 0 0
0.11231 81 81
0.11231 74 81
0.11231 69 72
0.11231 0 0
0.66446 86 96
0.66446 74 82
0.22201 84 82
0.22201 72 73
0.88647 79 87
0.21946 83 87
0.21946 79 87
0.21946 71 78
0.22375 84 85
0.22375 81 85
0.22375 72 76
0.10931 83 87
0.10931 86 87
0.10931 74 78
0.10931 0 0
0.11187 83 81
0.11187 79 81
0.11187 71 72
0.11187 0 0
0.66611 91 96
0.66611 84 87
0.66611 79 82
0.10994 90 77
0.10994 78 69
0.10994 84 69
0.10994 0 0
0.10781 88 82
0.10781 84 82
0.10781 76 74
0.10780 0 0
0.11081 90 80
0.11081 86 80
0.11081 78 72
0.11081 0 0
0.10781 84 82
0.10781 88 82
0.10781 76 74
0.10780 0 0
0.11081 86 76
0.11081 83 76
0.11081 74 68
0.11081 0 0
0.10907 84 81
0.10907 81 81
0.10907 72 73
0.10908 0 0
0.10907 74 66
0.10907 86 74
0.10907 83 74
0.10907 0 0
0.10658 84 79
0.10658 81 79
0.10658 72 71
0.10658 0 0
0.10994 83 72
0.10994 71 64
0.10994 79 72
0.10994 0 0
0.10781 81 77
0.10781 78 77
0.10781 69 69
0.10780 0 0
0.11081 83 74
0.11081 79 74
0.11081 71 66
0.11081 0 0
0.10781 78 77
0.10781 81 77
0.10781 69 69
0.10780 0 0
0.11081 79 73
0.11081 76 73
0.11081 67 65
0.11081 0 0
0.10907 78 81
0.10907 74 81
0.10907 66 73
0.10908 0 0
0.10907 67 66
0.10907 79 74
0.10907 76 74
0.10907 0 0
0.10658 78 79
0.10658 74 79
0.10658 66 71
0.10658 0 0
0.10994 76 72
0.10994 64 64
0.10994 72 72
0.10994 0 0
0.10781 74 73
0.10781 71 73
0.10781 62 65
0.10780 0 0
0.11081 72 70
0.11081 76 70
0.11081 64 62
0.11081 0 0
0.10781 71 73
0.10781 74 73
0.10781 62 65
0.10780 0 0
0.11081 72 69
0.11081 69 69
0.11081 64 61
0.11081 0 0
0.60993 71 73
0.60993 67 65
0.10676 71 68
0.10676 67 61
0.10676 59 61
0.03559 0 0
0.11187 71 68
0.11187 67 61
0.11187 59 61
0.03729 0 0
0.57907 71 70
0.57907 67 62
0.57907 59 62
0.10638 71 68
0.10638 67 61
0.10638 59 61
0.03546 0 0
0.10638 71 68
0.10638 67 60
0.10638 59 60
0.03546 0 0
0.44749 71 69
0.44749 67 61
0.44749 59 61
0.21697 0 0
0.22462 67 65
0.22462 74 65
0.22462 62 58
0.21697 76 69
0.21697 67 62
0.21697 64 62
0.21697 73 69
0.22114 74 68
0.22114 62 60
0.21697 72 69
0.21697 76 69
0.21697 64 62
0.22462 78 64
0.22462 66 57
0.22462 79 69
0.22462 71 62
0.22462 67 62
0.36799 0 0
0.10753 83 74
0.10753 79 67
0.10753 71 67
0.03584 0 0
0.11187 83 74
0.11187 79 67
0.11187 71 67
0.03729 0 0
0.57856 83 77
0.57856 79 68
0.57856 71 68
0.10601 83 74
0.10601 79 67
0.10601 71 67
0.03534 0 0
0.10601 83 74
0.10601 79 66
0.10601 71 66
0.03534 0 0
0.44749 83 75
0.44749 79 67
0.44749 71 67
0.21697 0 0
0.22462 79 81
0.22462 86 81
0.22462 74 72
0.21697 88 85
0.21697 79 78
0.21697 76 78
0.21697 85 85
0.22201 86 84
0.22201 74 75
0.21779 84 85
0.21779 88 85
0.21779 76 78
0.22462 90 80
0.22462 84 71
0.22462 86 80
0.22462 78 71
0.22462 91 85
0.22462 86 78
0.22462 79 78
0.22462 83 78
0.22462 0 0
0.10848 86 83
0.10848 74 74
0.03616 0 0
0.10807 88 83
0.10807 76 74
0.03602 0 0
0.10767 90 84
0.10767 78 75
0.03575 0 0
0.22287 91 85
0.22287 79 77
0.22287 0 0
0.10848 86 83
0.10848 74 74
0.03616 0 0
0.10807 88 83
0.10807 76 74
0.03602 0 0
0.10767 90 84
0.10767 78 75
0.03575 0 0
0.24000 91 85
0.24000 79 77
0.24000 0 0
0.28169 79 79
0.28169 67 71
0.28169 71 71
0.28169 74 71
0.28169 0 0
1.49068 67 88
1.49068 62 79
1.49068 59 79
#  Piano left
3.81831 0 0
0.60647 47 61
0.60647 55 68
0.10417 55 63
0.10417 47 56
0.03472 0 0
0.11187 47 56
0.11187 55 63
0.03729 0 0
0.58339 55 69
0.58339 47 62
0.10453 55 63
0.10453 47 56
0.03484 0 0
0.10453 47 55
0.10453 55 62
0.03484 0 0
0.67568 55 68
0.67568 47 61
0.11737 55 55
0.11737 59 62
0.11737 0 0
0.11737 60 68
0.11737 57 61
0.11737 0 0
0.11737 55 55
0.11737 59 62
0.11737 0 0
0.11737 57 61
0.11737 60 68
0.11737 0 0
0.11737 57 67
0.11737 50 60
0.11737 0 0
0.59809 62 68
0.59809 59 61
0.10489 59 56
0.10489 62 63
0.03496 0 0
0.11143 62 63
0.11143 59 56
0.03714 0 0
0.58339 62 69
0.58339 59 62
0.10712 59 56
0.10712 62 63
0.03744 0 0
0.11231 62 62
0.11231 59 55
0.03744 0 0
0.11187 60 61
0.11187 64 68
0.11187 0 0
0.11187 62 61
0.11187 59 54
0.11187 0 0
0.11409 60 65
0.11409 57 58
0.11409 0 0
0.11737 59 59
0.11737 55 53
0.11737 0 0
0.11737 50 71
0.11737 57 79
0.11737 0 0
0.11737 55 66
0.11737 59 74
0.11737 0 0
0.23474 57 79
0.23474 50 71
0.70232 0 0
0.87117 63 72
0.87117 51 64
0.41958 62 70
0.41958 50 63
0.44749 0 0
0.91285 51 64
0.91285 63 72
0.45280 62 69
0.45280 50 62
0.45823 0 0
0.42830 55 61
0.42830 67 68
0.43722 54 64
0.43722 66 72
0.43514 53 62
0.43514 65 69
0.67568 64 72
0.67568 52 64
0.11737 62 60
0.11737 52 54
0.11737 50 54
0.11737 0 0
0.11595 48 59
0.11595 60 66
0.11595 52 59
0.11595 0 0
0.11786 47 51
0.11786 59 57
0.11786 52 51
0.11786 0 0
0.11641 45 54
0.11641 57 60
0.11641 52 54
0.11641 0 0
0.11737 43 49
0.11737 55 55
0.11737 0 0
0.11224 42 54
0.11224 54 60
0.56855 0 0
0.11500 64 57
0.11500 52 51
0.11500 0 0
0.11407 62 60
0.11407 50 54
0.11407 0 0
0.11549 61 56
0.11549 49 50
0.11549 0 0
0.11407 59 59
0.11407 47 53
0.11407 0 0
0.11500 57 56
0.11500 45 50
0.11500 0 0
0.11100 44 54
0.11100 56 60
0.56115 0 0
0.11365 66 57
0.11365 54 51
0.11364 0 0
0.11143 52 54
0.11143 64 60
0.11143 56 54
0.11143 0 0
0.11320 56 51
0.11320 63 56
0.11320 51 50
0.11320 0 0
0.11275 56 53
0.11275 61 59
0.11275 49 53
0.11275 0 0
0.11500 59 56
0.11500 47 50
0.11500 0 0
0.44573 57 60
0.44573 45 54
0.43724 47 50
0.43724 57 56
0.43724 59 56
0.66089 48 54
0.66089 60 60
0.66089 57 60
0.22287 57 57
0.22287 61 57
0.22287 49 51
0.43808 57 62
0.43808 45 55
0.44404 47 52
0.44404 57 58
0.44404 59 58
0.65756 48 55
0.65756 60 62
0.65756 57 62
0.22375 61 60
0.22375 57 60
0.22375 49 54
0.43228 62 69
0.43228 50 62
0.44491 52 56
0.44491 62 63
0.44491 64 63
0.64845 65 69
0.64845 53 62
0.64845 62 69
0.22287 66 65
0.22287 62 65
0.22287 54 58
0.42903 50 63
0.42903 62 71
0.43394 52 59
0.43394 62 66
0.43394 64 66
0.65336 53 65
0.65336 65 73
0.65336 62 73
0.22640 66 68
0.22640 62 68
0.22640 54 61
0.46758 55 79
0.86808 53 71
0.86808 65 79
0.86808 55 71
0.87303 64 77
0.87303 52 69
0.87303 55 69
0.88522 55 71
0.88522 63 79
0.88522 51 71
0.44843 50 67
0.44843 62 75
0.44843 54 67
0.45822 38 66
0.45822 50 74
0.43027 50 74
0.43027 40 66
0.43027 52 74
0.43722 50 79
0.43722 42 71
0.43722 54 79
0.43589 55 75
0.43589 43 67
0.43589 50 75
0.22375 0 0
0.11187 43 64
0.11187 55 72
0.11187 50 64
0.11187 0 0
0.11409 45 66
0.11409 57 74
0.11409 50 66
0.11409 0 0
0.11737 50 59
0.11737 59 66
0.11737 47 59
0.11737 0 0
0.11737 54 70
0.11737 57 78
0.11737 50 70
0.11737 62 78
0.11737 0 0
0.11737 59 73
0.11737 62 73
0.11737 55 65
0.11737 0 0
0.11737 62 76
0.11737 50 68
0.11737 57 76
0.11737 54 68
0.35211 0 0
0.46758 55 79
0.87007 55 71
0.87007 53 71
0.87007 65 79
0.87152 55 69
0.87152 64 77
0.87152 52 69
0.44158 55 71
0.44158 63 79
0.44158 51 71
0.66269 50 67
0.66269 62 75
0.66269 54 67
0.11231 60 68
0.11231 54 61
0.11231 48 61
0.11231 0 0
0.22375 50 64
0.22375 47 64
0.22375 55 72
0.22375 59 72
0.22375 60 67
0.22375 48 60
0.21697 47 64
0.21697 59 72
0.22201 57 67
0.22201 45 60
0.66182 55 71
0.66182 43 63
0.11187 41 60
0.11187 53 67
0.88556 50 71
0.11187 52 72
0.11187 40 64
0.11187 0 0
0.11187 42 60
0.11187 54 67
0.11187 0 0
0.10931 52 72
0.10931 40 64
0.10931 0 0
0.10994 50 70
0.10994 38 63
0.10994 0 0
0.65283 36 66
0.65283 48 74
0.11081 50 65
0.11081 38 65
0.11081 0 0
0.64946 51 70
0.64946 39 70
0.10994 52 64
0.10994 40 64
0.10994 0 0
0.65283 54 71
0.65283 42 71
0.11081 43 65
0.11081 55 65
0.11081 0 0
0.64946 57 70
0.64946 45 70
0.10994 58 64
0.10994 46 64
0.10994 0 0
0.65283 59 67
0.65283 47 67
0.11081 60 60
0.11081 48 60
0.11081 0 0
0.46758 50 63
0.46758 62 63
0.43386 51 56
0.43386 63 63
0.43722 62 63
0.43722 50 63
0.42254 63 61
0.42254 51 55
0.44749 50 63
0.44749 62 63
0.44158 59 63
0.44158 47 56
0.43811 58 60
0.43811 46 53
0.44158 57 54
0.44158 45 48
0.22462 55 60
0.22462 43 54
0.22462 0 0
0.43590 63 66
0.43590 51 58
0.43722 50 66
0.43722 62 66
0.42553 63 64
0.42553 51 57
0.44749 50 66
0.44749 62 66
0.44158 59 66
0.44158 47 58
0.43898 58 63
0.43898 46 55
0.44240 57 56
0.44240 45 50
0.22462 55 63
0.22462 43 56
0.22462 0 0
0.43216 50 53
0.43216 47 53
0.43216 54 53
0.43216 62 59
0.11143 59 56
0.11143 62 63
0.11143 55 56
0.33430 0 0
0.43216 47 53
0.43216 50 53
0.43216 54 53
0.43216 62 59
0.10931 55 56
0.10931 62 63
0.10931 59 56
0.32792 0 0
0.43782 50 53
0.43782 47 53
0.43782 54 53
0.43782 62 59
0.22287 62 63
0.22287 59 56
0.22287 55 56
0.22287 0 0
0.22086 62 39
0.22086 59 35
0.65035 0 0
0.22287 57 31
0.22287 63 35
0.22287 59 31
0.66860 0 0
0.22044 55 31
0.22044 64 35
0.22044 60 31
0.65232 0 0
0.22287 57 30
0.22287 64 34
0.22287 60 30
0.22287 54 30
0.67484 0 0
0.22086 63 39
0.22086 59 35
0.65188 0 0
0.22287 47 28
0.22287 57 32
0.22287 45 28
0.66860 0 0
0.22044 43 27
0.22044 55 31
0.22044 48 27
0.65386 0 0
0.22287 42 29
0.22287 48 29
0.22287 54 33
0.67484 0 0
0.22086 47 31
0.22086 59 35
0.22086 54 31
0.66223 0 0
0.22287 63 35
0.22287 59 31
0.22287 57 31
0.66860 0 0
0.22044 60 31
0.22044 64 35
0.22044 55 31
0.65232 0 0
0.22287 64 34
0.22287 60 30
0.22287 57 30
0.22287 54 30
0.67484 0 0
0.22086 59 35
0.22086 63 39
0.66390 0 0
0.22287 57 32
0.22287 47 28
0.22287 45 28
0.66860 0 0
0.22044 48 27
0.22044 55 31
0.22044 43 27
0.66434 0 0
0.22287 48 29
0.22287 42 29
0.22287 54 33
0.67484 0 0
0.22086 47 33
0.22086 59 37
0.22086 54 33
0.65342 0 0
0.44573 57 41
0.44573 54 41
0.44573 45 36
0.22287 56 49
0.22287 44 44
0.22287 0 0
0.07400 44 57
0.07400 0 0
0.07400 43 52
0.07400 0 0
0.07400 44 52
0.07400 0 0
0.07400 46 59
0.07400 0 0
0.07400 44 53
0.07400 0 0
0.07400 46 53
0.07400 0 0
0.07429 48 59
0.07429 0 0
0.07429 46 55
0.07429 0 0
0.07429 48 55
0.07429 0 0
0.22375 49 60
0.22375 0 0
0.22086 49 39
0.22086 61 44
0.22086 56 39
0.65342 0 0
0.44573 47 43
0.44573 59 48
0.44573 56 48
0.22287 58 51
0.22287 46 45
0.22287 0 0
0.07315 46 61
0.07315 0 0
0.07315 45 56
0.07315 0 0
0.07315 46 56
0.07315 0 0
0.07371 48 64
0.07371 0 0
0.07371 46 57
0.07371 0 0
0.07371 48 57
0.07371 0 0
0.07400 50 64
0.07400 0 0
0.07400 49 59
0.07400 0 0
0.07400 50 59
0.07400 0 0
0.22462 51 66
0.22462 0 0
0.22201 68 41
0.22201 56 37
0.22201 58 37
0.22201 0 0
0.22201 66 44
0.22201 54 39
0.22201 58 39
0.22201 0 0
0.22201 50 36
0.22201 58 40
0.22201 62 40
0.22201 0 0
0.22201 58 39
0.22201 63 44
0.22201 51 39
0.22201 0 0
0.22030 58 36
0.22030 65 40
0.22030 53 36
0.22030 0 0
0.22201 58 39
0.22201 54 39
0.22201 66 44
0.22201 0 0
0.22375 58 35
0.22375 56 35
0.22375 68 39
0.22375 0 0
0.22462 54 39
0.22462 58 39
0.22462 66 44
0.22462 0 0
0.15399 58 70
0.15399 58 67
0.15399 58 66
0.45822 54 72
0.45822 63 72
0.45638 58 68
0.45638 65 68
0.46566 63 71
0.46566 66 71
0.15522 58 73
0.15522 58 70
0.15522 58 70
0.45822 63 72
0.45822 54 72
0.45638 65 68
0.45638 58 68
0.46566 66 71
0.46566 63 71
0.22201 57 37
0.22201 59 37
0.22201 69 41
0.22201 0 0
0.22201 55 39
0.22201 59 39
0.22201 67 44
0.22201 0 0
0.22201 51 36
0.22201 59 40
0.22201 63 40
0.22201 0 0
0.22201 52 39
0.22201 64 44
0.22201 59 39
0.22201 0 0
0.22030 54 36
0.22030 66 40
0.22030 59 36
0.22030 0 0
0.22201 67 44
0.22201 55 39
0.22201 59 39
0.22201 0 0
0.22375 69 39
0.22375 57 35
0.22375 59 35
0.22375 0 0
0.22462 59 39
0.22462 55 39
0.22462 67 44
0.22462 0 0
0.15399 59 70
0.15399 59 67
0.15399 59 66
0.45822 64 72
0.45822 55 72
0.45638 66 68
0.45638 59 68
0.46566 64 71
0.46566 67 71
0.15522 59 73
0.15522 59 70
0.15522 59 70
0.45822 64 72
0.45822 55 72
0.45638 66 68
0.45638 59 68
0.46566 67 71
0.46566 64 71
0.23003 64 49
0.23003 60 44
0.23003 58 44
0.23003 0 0
0.22819 57 45
0.22819 65 51
0.22819 60 45
0.22819 0 0
0.22819 66 52
0.22819 62 46
0.22819 60 46
0.22759 0 0
0.22819 59 48
0.22819 67 54
0.22819 62 48
0.22744 0 0
0.22655 68 56
0.22655 64 50
0.22655 62 50
0.22580 0 0
0.22491 61 52
0.22491 69 58
0.22491 64 52
0.22462 0 0
0.22462 66 53
0.22462 70 59
0.22462 64 53
0.22462 0 0
0.22287 66 61
0.22287 71 61
0.22287 63 54
0.22229 0 0
0.22172 66 63
0.22172 61 56
0.22172 64 56
0.22172 70 63
0.22114 0 0
0.22030 71 65
0.22030 59 58
0.22030 63 58
0.22030 66 65
0.22030 0 0
0.22030 70 65
0.22030 61 58
0.22030 64 58
0.22030 66 65
0.22030 0 0
0.22375 59 58
0.22375 63 58
0.22375 66 65
0.22375 71 65
0.22375 0 0
0.21861 52 50
0.21861 49 50
0.21861 54 50
0.21861 58 56
0.21861 0 0
0.22201 47 52
0.22201 51 52
0.22201 54 52
0.22201 59 58
0.22201 0 0
0.22201 52 54
0.22201 58 60
0.22201 49 54
0.22201 54 54
0.22201 0 0
0.22375 54 57
0.22375 47 57
0.22375 51 57
0.22375 59 63
0.22375 0 0
0.22610 49 59
0.22610 58 66
0.22610 52 59
0.22610 54 59
0.23051 0 0
0.11231 51 55
0.11231 47 55
0.11231 54 55
0.11231 59 65
0.03744 0 0
0.11115 47 49
0.11115 51 49
0.11115 54 49
0.11115 59 58
0.03686 0 0
0.11409 54 49
0.11409 47 49
0.11409 51 49
0.11409 59 58
0.03803 0 0
0.22462 51 55
0.22462 47 55
0.22462 54 55
0.22462 59 65
0.22462 0 0
0.11231 47 55
0.11231 51 55
0.11231 54 55
0.11231 59 65
0.03744 0 0
0.11057 51 49
0.11057 47 49
0.11057 54 49
0.11057 59 58
0.03686 0 0
0.11365 59 58
0.11365 51 49
0.11365 54 49
0.11365 47 49
0.03788 0 0
0.22462 47 55
0.22462 51 55
0.22462 54 55
0.22462 59 65
0.22462 0 0
0.11057 51 55
0.11057 47 55
0.11057 54 55
0.11057 59 65
0.03686 0 0
0.11057 54 49
0.11057 47 49
0.11057 51 49
0.11057 59 58
0.03686 0 0
0.11365 47 49
0.11365 51 49
0.11365 54 49
0.11365 59 58
0.03788 0 0
0.22506 54 55
0.22506 47 55
0.22506 51 55
0.22506 59 65
0.22462 0 0
0.11100 59 65
0.11100 51 55
0.11100 54 55
0.11100 47 55
0.03700 0 0
0.11100 54 49
0.11100 47 49
0.11100 51 49
0.11100 59 58
0.03700 0 0
0.11320 51 49
0.11320 47 49
0.11320 54 49
0.11320 59 58
0.03773 0 0
0.22462 59 65
0.22462 51 55
0.22462 54 55
0.22462 47 55
0.22462 0 0
0.14887 62 65
0.14887 50 55
0.14858 62 58
0.14858 50 49
0.15153 50 49
0.15153 62 58
0.22462 62 65
0.22462 50 55
0.22462 0 0
0.14858 62 65
0.14858 50 55
0.14858 62 58
0.14858 50 49
0.15213 50 49
0.15213 62 58
0.22462 62 65
0.22462 50 55
2.02396 0 0
0.60057 55 68
0.60057 47 61
0.10949 55 63
0.10949 47 56
0.03650 0 0
0.11549 55 63
0.11549 47 56
0.03850 0 0
0.60374 55 69
0.60374 47 62
0.11187 55 63
0.11187 47 56
0.03729 0 0
0.11187 55 62
0.11187 47 55
0.03729 0 0
0.67567 55 68
0.67567 47 61
0.11737 55 55
0.11737 59 62
0.11737 0 0
0.11737 60 68
0.11737 57 61
0.11737 0 0
0.11737 59 62
0.11737 55 55
0.11737 0 0
0.11737 57 61
0.11737 60 68
0.11737 0 0
0.11737 57 67
0.11737 50 60
0.11737 0 0
0.59799 59 61
0.59799 62 68
0.10889 62 63
0.10889 59 56
0.03630 0 0
0.11143 62 63
0.11143 59 56
0.03714 0 0
0.58866 62 69
0.58866 59 62
0.10976 62 63
0.10976 59 56
0.03744 0 0
0.11231 62 62
0.11231 59 55
0.03744 0 0
0.11187 60 61
0.11187 64 68
0.11187 0 0
0.11187 62 61
0.11187 59 54
0.11187 0 0
0.11409 60 65
0.11409 57 58
0.11409 0 0
0.11737 59 59
0.11737 55 53
0.11737 0 0
0.11737 57 79
0.11737 50 71
0.11737 0 0
0.11737 59 74
0.11737 55 66
0.11737 0 0
0.23474 57 79
0.23474 50 71
0.70232 0 0
0.86922 51 64
0.86922 63 72
0.41958 62 70
0.41958 50 63
0.44749 0 0
0.91285 63 72
0.91285 51 64
0.45280 62 69
0.45280 50 62
0.45822 0 0
0.42732 55 61
0.42732 67 68
0.43722 54 64
0.43722 66 72
0.43514 53 62
0.43514 65 69
0.67568 64 72
0.67568 52 64
0.11737 62 60
0.11737 52 54
0.11737 50 54
0.11737 0 0
0.11595 60 66
0.11595 48 59
0.11595 52 59
0.11595 0 0
0.11786 59 57
0.11786 52 51
0.11786 47 51
0.11786 0 0
0.11641 57 60
0.11641 52 54
0.11641 45 54
0.11641 0 0
0.11737 55 55
0.11737 43 49
0.11737 0 0
0.11224 54 60
0.11224 42 54
0.56855 0 0
0.11500 64 57
0.11500 52 51
0.11500 0 0
0.11407 62 60
0.11407 50 54
0.11407 0 0
0.11549 61 56
0.11549 49 50
0.11549 0 0
0.11407 59 59
0.11407 47 53
0.11407 0 0
0.11500 57 56
0.11500 45 50
0.11500 0 0
0.11100 56 60
0.11100 44 54
0.56115 0 0
0.11365 66 57
0.11365 54 51
0.11364 0 0
0.11143 64 60
0.11143 52 54
0.11143 56 54
0.11143 0 0
0.11320 63 56
0.11320 51 50
0.11320 56 51
0.11320 0 0
0.11275 61 59
0.11275 49 53
0.11275 56 53
0.11275 0 0
0.11500 59 56
0.11500 47 50
0.11500 0 0
0.44573 57 60
0.44573 45 54
0.43724 57 56
0.43724 59 56
0.43724 47 50
0.66089 60 60
0.66089 48 54
0.66089 57 60
0.22287 61 57
0.22287 57 57
0.22287 49 51
0.43808 57 62
0.43808 45 55
0.44404 57 58
0.44404 59 58
0.44404 47 52
0.65756 60 62
0.65756 48 55
0.65756 57 62
0.22375 61 60
0.22375 57 60
0.22375 49 54
0.43228 62 69
0.43228 50 62
0.44491 62 63
0.44491 64 63
0.44491 52 56
0.64845 65 69
0.64845 53 62
0.64845 62 69
0.22287 66 65
0.22287 62 65
0.22287 54 58
0.42903 62 71
0.42903 50 63
0.43394 62 66
0.43394 64 66
0.43394 52 59
0.65336 65 73
0.65336 53 65
0.65336 62 73
0.22640 66 68
0.22640 62 68
0.22640 54 61
0.46758 55 79
0.86709 53 71
0.86709 65 79
0.86709 55 71
0.86707 64 77
0.86707 52 69
0.86707 55 69
0.87914 63 79
0.87914 51 71
0.87914 55 71
0.44843 62 75
0.44843 50 67
0.44843 54 67
0.45822 50 74
0.45822 38 66
0.42830 40 66
0.42830 52 74
0.42830 50 74
0.43722 42 71
0.43722 54 79
0.43722 50 79
0.43514 43 67
0.43514 55 75
0.43514 50 75
0.22375 0 0
0.11187 55 72
0.11187 50 64
0.11187 43 64
0.11187 0 0
0.11409 57 74
0.11409 50 66
0.11409 45 66
0.11409 0 0
0.11737 59 66
0.11737 50 59
0.11737 47 59
0.11737 0 0
0.11737 62 78
0.11737 54 70
0.11737 57 78
0.11737 50 70
0.11737 0 0
0.11737 62 73
0.11737 59 73
0.11737 55 65
0.11737 0 0
0.11737 62 76
0.11737 54 68
0.11737 50 68
0.11737 57 76
0.35211 0 0
0.46758 55 79
0.87007 53 71
0.87007 65 79
0.87007 55 71
0.87303 64 77
0.87303 52 69
0.87303 55 69
0.43814 63 79
0.43814 51 71
0.43814 55 71
0.65913 62 75
0.65913 54 67
0.65913 50 67
0.11231 60 68
0.11231 54 61
0.11231 48 61
0.11231 0 0
0.22375 59 72
0.22375 47 64
0.22375 50 64
0.22375 55 72
0.22375 60 67
0.22375 48 60
0.21697 59 72
0.21697 47 64
0.22201 57 67
0.22201 45 60
0.66182 55 71
0.66182 43 63
0.11187 53 67
0.11187 41 60
0.88556 50 71
0.11187 52 72
0.11187 40 64
0.11187 0 0
0.11187 54 67
0.11187 42 60
0.11187 0 0
0.10931 52 72
0.10931 40 64
0.10931 0 0
0.10994 50 70
0.10994 38 63
0.10994 0 0
0.65284 48 74
0.65284 36 66
0.11081 50 65
0.11081 38 65
0.11081 0 0
0.64946 51 70
0.64946 39 70
0.10994 52 64
0.10994 40 64
0.10994 0 0
0.65284 54 71
0.65284 42 71
0.11081 55 65
0.11081 43 65
0.11081 0 0
0.64946 57 70
0.64946 45 70
0.10994 58 64
0.10994 46 64
0.10994 0 0
0.65284 59 67
0.65284 47 67
0.11081 60 60
0.11081 48 60
0.11081 0 0
0.46758 62 63
0.46758 50 63
0.43386 63 63
0.43386 51 56
0.43722 62 63
0.43722 50 63
0.42553 63 61
0.42553 51 55
0.44749 62 63
0.44749 50 63
0.44159 59 63
0.44159 47 56
0.43811 58 60
0.43811 46 53
0.44159 57 54
0.44159 45 48
0.22462 55 60
0.22462 43 54
0.22462 0 0
0.43590 63 66
0.43590 51 58
0.43722 62 66
0.43722 50 66
0.42403 63 64
0.42403 51 57
0.44749 62 66
0.44749 50 66
0.44159 59 66
0.44159 47 58
0.43898 58 69
0.43898 46 60
0.44240 57 61
0.44240 45 55
0.22462 55 69
0.22462 43 61
0.22462 0 0
0.43216 62 64
0.43216 47 58
0.43216 50 58
0.43216 54 58
0.22287 62 69
0.22287 59 61
0.22287 55 61
0.22287 0 0
0.43216 62 64
0.43216 47 58
0.43216 50 58
0.43216 54 58
0.24000 62 69
0.24000 59 61
0.24000 55 61
0.24000 0 0
0.28169 62 68
0.28169 59 61
0.28169 55 61
0.28169 0 0
1.49068 55 73
1.49068 50 65
1.49068 43 65
